0.0083333 3.9072 5.0338 96.611 -8.3065 96.929 87.02 19.843 173.38 87.469
0.016667 4.6063 11.776 96.603 -7.3243 105.36 87.018 21.686 182.1 87.426
0.025 5.3689 18.725 96.599 -6.2911 113.92 87.016 23.562 190.86 87.375
0.033333 6.2005 25.912 96.597 -5.2025 122.64 87.009 25.473 199.67 87.311
0.041667 7.1027 33.37 96.6 -4.0544 131.53 86.992 27.419 208.54 87.232
0.05 8.0714 41.127 96.607 -2.8447 140.58 86.957 29.396 217.5 87.14
0.058333 9.0997 49.211 96.615 -1.5679 149.79 86.903 31.399 226.57 87.038
0.066667 10.176 57.642 96.624 -0.22087 159.16 86.827 33.421 235.76 86.933
0.075 11.286 66.431 96.629 1.2009 168.68 86.73 35.452 245.08 86.832
0.083333 12.411 75.578 96.629 2.6997 178.34 86.61 37.483 254.56 86.746
0.091667 13.536 85.073 96.621 4.277 188.13 86.47 39.503 264.19 86.684
0.1 14.649 94.898 96.604 5.9342 198.02 86.317 41.504 273.99 86.653
0.10833 15.741 105.03 96.575 7.6671 208.01 86.156 43.48 283.94 86.658
0.11667 16.811 115.42 96.532 9.4685 218.08 85.992 45.425 294.04 86.7
0.125 17.86 126.03 96.477 11.324 228.23 85.829 47.337 304.26 86.775
0.13333 18.901 136.83 96.409 13.218 238.45 85.676 49.217 314.59 86.879
0.14167 19.95 147.75 96.329 15.128 248.71 85.538 51.064 324.99 87.003
0.15 21.026 158.76 96.241 17.029 259.03 85.421 52.88 335.43 87.135
0.15833 22.148 169.81 96.148 18.892 269.37 85.329 54.664 345.88 87.263
0.16667 23.336 180.85 96.055 20.69 279.73 85.267 56.414 356.3 87.379
0.175 24.605 191.87 95.965 22.395 290.08 85.238 58.126 366.65 87.473
0.18333 25.964 202.83 95.881 23.983 300.4 85.247 59.788 376.92 87.541
0.19167 27.415 213.71 95.804 25.436 310.67 85.296 61.389 387.09 87.582
0.2 28.951 224.51 95.735 26.742 320.84 85.387 62.912 397.14 87.597
0.20833 30.554 235.22 95.67 27.896 330.9 85.522 64.337 407.09 87.593
0.21667 32.202 245.85 95.606 28.9 340.82 85.702 65.645 416.95 87.578
0.225 33.867 256.41 95.536 29.764 350.58 85.925 66.814 426.74 87.562
0.23333 35.525 266.91 95.454 30.502 360.16 86.191 67.824 436.48 87.555
0.24167 37.16 277.37 95.354 31.133 369.56 86.496 68.659 446.2 87.568
0.25 38.756 287.8 95.228 31.676 378.78 86.837 69.307 455.95 87.609
0.25833 40.304 298.21 95.073 32.151 387.83 87.211 69.757 465.74 87.685
0.26667 41.793 308.6 94.885 32.576 396.73 87.612 70.009 475.6 87.798
0.275 43.212 318.97 94.666 32.962 405.51 88.033 70.065 485.54 87.949
0.28333 44.554 329.32 94.419 33.319 414.18 88.472 69.932 495.58 88.135
0.29167 45.811 339.63 94.149 33.648 422.77 88.92 69.62 505.72 88.354
0.3 46.978 349.89 93.862 33.948 431.32 89.374 69.142 515.93 88.6
0.30833 48.051 360.08 93.567 34.213 439.84 89.828 68.515 526.22 88.868
0.31667 49.021 370.21 93.273 34.434 448.36 90.277 67.753 536.56 89.153
0.325 49.885 380.26 92.99 34.604 456.89 90.717 66.872 546.93 89.451
0.33333 50.635 390.21 92.726 34.713 465.44 91.144 65.885 557.32 89.757
0.34167 51.268 400.07 92.49 34.756 474.03 91.555 64.805 567.7 90.07
0.35 51.784 409.83 92.28 34.731 482.66 91.945 63.644 578.06 90.388
0.35833 52.179 419.5 92.105 34.636 491.34 92.312 62.411 588.38 90.709
0.36667 52.462 429.08 91.957 34.476 500.07 92.653 61.117 598.67 91.032
0.375 52.64 438.6 91.835 34.255 508.84 92.967 59.77 608.91 91.356
0.38333 52.712 448.09 91.726 33.979 517.67 93.251 58.379 619.11 91.678
0.39167 52.702 457.53 91.632 33.656 526.56 93.501 56.952 629.27 91.996
0.4 52.618 466.97 91.536 33.29 535.51 93.723 55.499 639.39 92.307
0.40833 52.486 476.4 91.442 32.888 544.52 93.911 54.028 649.47 92.608
0.41667 52.325 485.83 91.343 32.452 553.6 94.067 52.547 659.51 92.896
0.425 52.158 495.27 91.239 31.981 562.75 94.194 51.062 669.52 93.17
0.43333 52.004 504.73 91.128 31.477 571.98 94.293 49.58 679.5 93.427
0.44167 51.882 514.19 91.012 30.935 581.28 94.368 48.104 689.44 93.669
0.45 51.796 523.67 90.892 30.354 590.66 94.421 46.638 699.35 93.894
0.45833 51.754 533.16 90.772 29.729 600.12 94.459 45.181 709.24 94.106
0.46667 51.746 542.66 90.654 29.058 609.65 94.483 43.733 719.11 94.307
0.475 51.76 552.18 90.543 28.338 619.26 94.5 42.292 728.95 94.499
0.48333 51.773 561.73 90.442 27.569 628.95 94.512 40.856 738.79 94.683
0.49167 51.768 571.3 90.354 26.751 638.71 94.524 39.422 748.63 94.863
0.5 51.716 580.91 90.281 25.885 648.55 94.536 37.988 758.46 95.038
0.50833 51.598 590.57 90.224 24.975 658.48 94.552 36.552 768.31 95.209
0.51667 51.399 600.3 90.182 24.023 668.49 94.57 35.111 778.17 95.373
0.525 51.108 610.11 90.152 23.031 678.61 94.592 33.663 788.04 95.53
0.53333 50.734 620.03 90.129 22.002 688.84 94.615 32.205 797.92 95.676
0.54167 50.286 630.08 90.108 20.937 699.18 94.638 30.735 807.81 95.81
0.55 49.785 640.27 90.08 19.837 709.65 94.659 29.246 817.71 95.93
0.55833 49.261 650.62 90.042 18.701 720.26 94.675 27.733 827.61 96.036
0.56667 48.729 661.13 89.989 17.528 731 94.684 26.186 837.51 96.128
0.575 48.206 671.8 89.919 16.309 741.89 94.695 24.597 847.42 96.208
0.58333 47.695 682.63 89.834 15.051 752.91 94.699 22.951 857.33 96.28
0.59167 47.184 693.63 89.734 13.717 764.08 94.704 21.24 867.28 96.346
0.6 46.666 704.78 89.617 12.314 775.41 94.727 19.452 877.27 96.41
0.60833 46.117 716.12 89.486 10.812 786.88 94.763 17.574 887.34 96.475
0.61667 45.518 727.65 89.341 9.2105 798.46 94.814 15.599 897.51 96.544
0.625 44.851 739.4 89.183 7.5021 810.15 94.881 13.521 907.82 96.617
0.63333 44.109 751.39 89.009 5.668 821.9 94.959 11.339 918.28 96.692
0.64167 43.276 763.67 88.825 3.7498 833.74 95.061 9.0513 928.94 96.771
0.65 42.357 776.23 88.633 1.7521 845.64 95.179 6.6609 939.8 96.851
0.65833 41.359 789.09 88.44 -0.35031 857.6 95.313 4.1784 950.87 96.928
0.66667 40.297 802.23 88.256 -2.5319 869.62 95.466 1.6102 962.15 96.999
0.675 39.179 815.63 88.092 -4.768 881.71 95.63 -1.0328 973.62 97.065
0.68333 38.017 829.23 87.962 -7.0405 893.86 95.805 -3.7397 985.26 97.125
0.69167 36.816 842.99 87.88 -9.3253 906.09 95.984 -6.4995 997.03 97.181
0.7 35.578 856.83 87.86 -11.597 918.39 96.165 -9.3008 1008.9 97.237
0.70833 34.294 870.68 87.909 -13.829 930.77 96.342 -12.132 1020.8 97.3
0.71667 32.953 884.48 88.032 -15.996 943.21 96.51 -14.982 1032.7 97.375
0.725 31.543 898.16 88.226 -18.075 955.7 96.663 -17.837 1044.6 97.471
0.73333 30.054 911.68 88.485 -20.045 968.22 96.797 -20.683 1056.4 97.592
0.74167 28.479 924.99 88.797 -21.892 980.74 96.91 -23.503 1068.1 97.745
0.75 26.82 938.08 89.15 -23.607 993.21 96.996 -26.28 1079.8 97.932
0.75833 25.081 950.92 89.525 -25.183 1005.6 97.056 -28.989 1091.3 98.151
0.76667 23.27 963.52 89.907 -26.622 1017.9 97.087 -31.609 1102.8 98.4
0.775 21.4 975.88 90.285 -27.929 1030 97.089 -34.114 1114.2 98.672
0.78333 19.483 988.06 90.652 -29.113 1041.9 97.064 -36.48 1125.6 98.957
0.79167 17.536 1000.1 91.006 -30.185 1053.6 97.012 -38.682 1137 99.246
0.8 15.573 1012 91.345 -31.158 1065.1 96.935 -40.699 1148.4 99.527
0.80833 13.626 1023.8 91.671 -32.045 1076.4 96.836 -42.515 1159.8 99.789
0.81667 11.715 1035.5 91.985 -32.86 1087.5 96.718 -44.119 1171.3 100.02
0.825 9.8669 1047.2 92.292 -33.614 1098.4 96.581 -45.505 1182.8 100.22
0.83333 8.1032 1058.8 92.594 -34.319 1109.1 96.43 -46.676 1194.3 100.38
0.84167 6.4373 1070.4 92.897 -34.984 1119.7 96.264 -47.64 1205.9 100.5
0.85 4.8896 1082 93.206 -35.618 1130.3 96.087 -48.412 1217.5 100.57
0.85833 3.4582 1093.5 93.523 -36.227 1140.8 95.898 -49.012 1229.1 100.61
0.86667 2.1419 1104.9 93.852 -36.818 1151.4 95.7 -49.462 1240.7 100.63
0.875 0.93649 1116.3 94.192 -37.4 1161.9 95.493 -49.786 1252.3 100.61
0.88333 -0.17147 1127.6 94.544 -37.977 1172.5 95.278 -50.01 1263.9 100.58
0.89167 -1.1971 1138.8 94.906 -38.557 1183.1 95.056 -50.157 1275.4 100.54
0.9 -2.1579 1149.9 95.277 -39.144 1193.7 94.829 -50.249 1286.9 100.5
0.90833 -3.0717 1160.9 95.653 -39.742 1204.4 94.598 -50.304 1298.4 100.45
0.91667 -3.9541 1171.9 96.034 -40.351 1215.1 94.365 -50.34 1309.8 100.4
0.925 -4.8199 1182.9 96.419 -40.969 1225.8 94.133 -50.365 1321.3 100.36
0.93333 -5.6789 1193.9 96.807 -41.59 1236.5 93.904 -50.391 1332.6 100.32
0.94167 -6.5398 1204.8 97.197 -42.206 1247.2 93.681 -50.42 1344 100.29
0.95 -7.4081 1215.8 97.59 -42.806 1257.9 93.467 -50.456 1355.4 100.26
0.95833 -8.2861 1226.8 97.985 -43.378 1268.7 93.265 -50.5 1366.8 100.24
0.96667 -9.1725 1237.8 98.383 -43.912 1279.5 93.077 -50.547 1378.1 100.23
0.975 -10.064 1248.8 98.786 -44.4 1290.3 92.907 -50.594 1389.4 100.23
0.98333 -10.954 1259.8 99.193 -44.837 1301.2 92.756 -50.638 1400.8 100.23
0.99167 -11.831 1270.8 99.602 -45.221 1312.1 92.625 -50.671 1412 100.24
1 -12.687 1281.8 100.01 -45.462 1323.4 92.521 -51.718 1422.4 101.21
1.0083 -13.506 1292.8 100.42 -45.757 1334.6 92.434 -51.714 1433.6 101.23
1.0167 -14.273 1303.8 100.83 -46.026 1345.9 92.37 -51.677 1444.8 101.25
1.025 -14.974 1314.8 101.23 -46.282 1357.3 92.327 -51.604 1455.9 101.27
1.0333 -15.592 1325.9 101.62 -46.544 1368.8 92.306 -51.491 1467 101.28
1.0417 -16.11 1337 101.99 -46.828 1380.5 92.307 -51.342 1478.1 101.29
1.05 -16.519 1348.2 102.33 -47.148 1392.2 92.328 -51.156 1489.2 101.29
1.0583 -16.809 1359.5 102.66 -47.511 1404 92.371 -50.939 1500.3 101.29
1.0667 -16.979 1371 102.95 -47.92 1415.8 92.435 -50.698 1511.4 101.29
1.075 -17.032 1382.5 103.21 -48.371 1427.7 92.518 -50.438 1522.6 101.28
1.0833 -16.982 1394.2 103.46 -48.851 1439.6 92.625 -50.167 1533.7 101.28
1.0917 -16.848 1406.1 103.69 -49.347 1451.5 92.75 -49.891 1544.9 101.28
1.1 -16.66 1418.1 103.92 -49.842 1463.5 92.894 -49.613 1556.1 101.28
1.1083 -16.457 1430.3 104.14 -50.316 1475.5 93.055 -49.337 1567.4 101.3
1.1167 -16.285 1442.7 104.38 -50.756 1487.6 93.229 -49.066 1578.7 101.32
1.125 -16.183 1455.1 104.63 -51.151 1499.8 93.409 -48.797 1590.1 101.36
1.1333 -16.177 1467.6 104.9 -51.487 1512 93.603 -48.532 1601.5 101.41
1.1417 -16.276 1480.2 105.17 -51.769 1524.3 93.791 -48.269 1613 101.48
1.15 -16.467 1492.7 105.43 -51.995 1536.8 93.974 -48.008 1624.6 101.56
1.1583 -16.727 1505.3 105.69 -52.171 1549.3 94.14 -47.752 1636.2 101.65
1.1667 -17.03 1517.9 105.92 -52.298 1562 94.294 -47.506 1647.9 101.75
1.175 -17.34 1530.6 106.13 -52.387 1574.9 94.421 -47.278 1659.7 101.87
1.1833 -17.633 1543.4 106.31 -52.443 1587.8 94.521 -47.079 1671.6 102
1.1917 -17.891 1556.4 106.46 -52.47 1600.9 94.588 -46.924 1683.6 102.14
1.2 -18.105 1569.6 106.57 -52.469 1614.2 94.623 -46.826 1695.8 102.31
1.2083 -18.276 1583.1 106.66 -52.44 1627.5 94.626 -46.801 1708.1 102.5
1.2167 -18.416 1596.8 106.72 -52.384 1640.9 94.597 -46.861 1720.5 102.71
1.225 -18.549 1610.8 106.76 -52.302 1654.5 94.541 -47.018 1733.1 102.95
1.2333 -18.697 1625 106.76 -52.194 1668.1 94.462 -47.275 1745.8 103.22
1.2417 -18.887 1639.5 106.73 -52.065 1681.7 94.367 -47.631 1758.7 103.51
1.25 -19.147 1654.1 106.66 -51.929 1695.5 94.26 -48.083 1771.7 103.83
1.2583 -19.485 1668.7 106.56 -51.798 1709.2 94.151 -48.618 1784.7 104.16
1.2667 -19.903 1683.4 106.43 -51.693 1723 94.046 -49.224 1797.7 104.49
1.275 -20.389 1697.9 106.27 -51.64 1736.7 93.952 -49.883 1810.7 104.83
1.2833 -20.918 1712.4 106.09 -51.665 1750.5 93.878 -50.583 1823.7 105.16
1.2917 -21.459 1726.6 105.9 -51.797 1764.2 93.831 -51.312 1836.7 105.47
1.3 -21.979 1740.7 105.72 -52.063 1777.8 93.818 -52.062 1849.5 105.75
1.3083 -22.452 1754.6 105.54 -52.485 1791.3 93.847 -52.836 1862.2 106.01
1.3167 -22.857 1768.3 105.39 -53.081 1804.7 93.925 -53.641 1874.9 106.23
1.325 -23.18 1781.8 105.25 -53.859 1818 94.056 -54.494 1887.4 106.42
1.3333 -23.416 1795.1 105.14 -54.82 1831 94.247 -55.417 1899.8 106.58
1.3417 -23.564 1808.3 105.05 -55.957 1843.9 94.501 -56.44 1912.1 106.73
1.35 -23.638 1821.4 104.98 -57.254 1856.5 94.819 -57.592 1924.4 106.86
1.3583 -23.665 1834.4 104.92 -58.688 1868.9 95.201 -58.904 1936.7 107
1.3667 -23.693 1847.3 104.87 -60.236 1881.1 95.644 -60.405 1948.9 107.15
1.375 -23.779 1860.1 104.82 -61.871 1893 96.145 -62.117 1961.2 107.31
1.3833 -23.991 1872.9 104.78 -63.569 1904.7 96.697 -64.058 1973.5 107.51
1.3917 -24.392 1885.5 104.74 -65.31 1916.2 97.292 -66.237 1985.9 107.73
1.4 -25.036 1897.9 104.7 -67.082 1927.5 97.924 -68.657 1998.2 107.99
1.4083 -25.962 1910.2 104.66 -68.878 1938.7 98.582 -71.315 2010.6 108.29
1.4167 -27.186 1922.3 104.64 -70.699 1949.7 99.258 -74.201 2023 108.62
1.425 -28.705 1934.1 104.62 -72.555 1960.6 99.944 -77.303 2035.4 108.97
1.4333 -30.507 1945.6 104.62 -74.457 1971.5 100.63 -80.605 2047.8 109.35
1.4417 -32.557 1956.9 104.64 -76.421 1982.3 101.32 -84.091 2060 109.75
1.45 -34.82 1968 104.67 -78.464 1993.1 101.99 -87.747 2072.2 110.17
1.4583 -37.253 1978.9 104.73 -80.601 2003.9 102.65 -91.557 2084.2 110.59
1.4667 -39.816 1989.6 104.8 -82.844 2014.6 103.3 -95.509 2096.1 111.03
1.475 -42.477 2000.2 104.88 -85.202 2025.4 103.94 -99.59 2107.9 111.47
1.4833 -45.204 2010.6 104.98 -87.679 2036.2 104.55 -103.79 2119.5 111.92
1.4917 -47.969 2021.1 105.08 -90.273 2046.9 105.15 -108.09 2130.9 112.37
1.5 -50.76 2031.5 105.2 -92.984 2057.7 105.73 -112.49 2142.2 112.82
1.5083 -53.565 2041.9 105.31 -95.805 2068.5 106.3 -116.96 2153.4 113.27
1.5167 -56.378 2052.3 105.41 -98.731 2079.3 106.85 -121.51 2164.4 113.72
1.525 -59.201 2062.8 105.51 -101.76 2090.1 107.38 -126.1 2175.3 114.18
1.5333 -62.035 2073.2 105.59 -104.88 2101 107.88 -130.73 2186.2 114.63
1.5417 -64.88 2083.7 105.64 -108.09 2111.9 108.37 -135.38 2196.9 115.07
1.55 -67.738 2094.2 105.68 -111.4 2122.8 108.83 -140.06 2207.6 115.51
1.5583 -70.61 2104.7 105.68 -114.8 2133.7 109.26 -144.73 2218.3 115.94
1.5667 -73.502 2115.2 105.67 -118.3 2144.7 109.66 -149.41 2228.9 116.36
1.575 -76.405 2125.7 105.64 -121.9 2155.8 110.03 -154.09 2239.5 116.77
1.5833 -79.334 2136.3 105.61 -125.59 2166.8 110.37 -158.77 2250.1 117.16
1.5917 -82.276 2146.9 105.58 -129.39 2177.9 110.67 -163.45 2260.7 117.53
1.6 -85.251 2157.6 105.57 -133.28 2188.9 110.95 -168.15 2271.4 117.88
1.6083 -88.253 2168.2 105.58 -137.27 2200 111.2 -172.85 2282 118.21
1.6167 -91.312 2179 105.62 -141.35 2211.1 111.43 -177.57 2292.6 118.51
1.625 -94.44 2189.7 105.7 -145.52 2222.1 111.64 -182.31 2303.2 118.79
1.6333 -97.641 2200.5 105.81 -149.76 2233.2 111.83 -187.07 2313.8 119.05
1.6417 -100.93 2211.4 105.96 -154.08 2244.2 112.01 -191.84 2324.4 119.28
1.65 -104.35 2222.3 106.11 -158.48 2255.3 112.18 -196.63 2335 119.5
1.6583 -107.86 2233.2 106.26 -162.97 2266.3 112.35 -201.43 2345.6 119.7
1.6667 -111.5 2244.2 106.41 -167.53 2277.4 112.5 -206.25 2356.1 119.89
1.675 -115.26 2255.3 106.52 -172.2 2288.6 112.66 -211.08 2366.5 120.07
1.6833 -119.13 2266.4 106.61 -176.96 2299.8 112.81 -215.95 2376.9 120.25
1.6917 -123.13 2277.6 106.65 -181.85 2311.1 112.96 -220.85 2387.2 120.43
1.7 -127.25 2288.9 106.66 -186.87 2322.5 113.11 -225.8 2397.5 120.6
1.7083 -131.51 2300.3 106.63 -192.04 2333.9 113.27 -230.83 2407.8 120.77
1.7167 -135.9 2311.8 106.58 -197.36 2345.4 113.43 -235.95 2418.1 120.94
1.725 -140.43 2323.5 106.51 -202.83 2356.9 113.6 -241.18 2428.3 121.11
1.7333 -145.1 2335.3 106.45 -208.48 2368.4 113.77 -246.54 2438.6 121.26
1.7417 -149.93 2347.4 106.4 -214.28 2379.9 113.96 -252.06 2449 121.4
1.75 -154.9 2359.8 106.38 -220.25 2391.5 114.16 -257.72 2459.4 121.52
1.7583 -160.03 2372.3 106.41 -226.37 2403 114.37 -263.55 2469.9 121.61
1.7667 -165.32 2385.1 106.5 -232.66 2414.3 114.6 -269.08 2481.1 120.96
1.775 -170.77 2398.1 106.65 -239.04 2425.8 114.84 -275.22 2491.7 121.01
1.7833 -176.39 2411.2 106.89 -245.54 2437.2 115.1 -281.49 2502.3 121.04
1.7917 -182.18 2424.5 107.22 -252.14 2448.6 115.36 -287.88 2513 121.06
1.8 -188.13 2437.8 107.63 -258.8 2460 115.64 -294.37 2523.7 121.07
1.8083 -194.22 2451.1 108.12 -265.52 2471.4 115.92 -300.93 2534.4 121.09
1.8167 -200.45 2464.3 108.68 -272.27 2482.9 116.2 -307.56 2545 121.13
1.825 -206.78 2477.4 109.31 -279.03 2494.3 116.48 -314.22 2555.5 121.19
1.8333 -213.17 2490.2 109.98 -285.76 2505.8 116.76 -320.92 2566 121.3
1.8417 -219.6 2502.8 110.67 -292.44 2517.3 117.03 -327.64 2576.3 121.45
1.85 -226.02 2515.1 111.37 -299.05 2528.8 117.29 -334.38 2586.6 121.64
1.8583 -232.41 2527.1 112.04 -305.56 2540.2 117.54 -341.13 2596.9 121.87
1.8667 -238.75 2538.9 112.69 -311.93 2551.5 117.77 -347.89 2607.1 122.13
1.875 -245.06 2550.4 113.31 -318.16 2562.7 118 -354.65 2617.3 122.43
1.8833 -251.34 2561.7 113.92 -324.23 2573.7 118.21 -361.41 2627.5 122.73
1.8917 -257.62 2572.8 114.5 -330.13 2584.5 118.41 -368.16 2637.8 123.04
1.9 -263.92 2583.9 115.08 -335.85 2595.1 118.61 -374.89 2648.2 123.34
1.9083 -270.23 2594.7 115.67 -341.41 2605.5 118.81 -381.59 2658.6 123.62
1.9167 -276.56 2605.5 116.26 -346.82 2615.7 119 -388.25 2669.1 123.87
1.925 -282.89 2616.2 116.87 -352.11 2625.6 119.19 -394.85 2679.7 124.1
1.9333 -289.21 2626.8 117.51 -357.31 2635.4 119.37 -401.38 2690.3 124.29
1.9417 -295.51 2637.2 118.17 -362.45 2645 119.56 -407.83 2700.9 124.46
1.95 -301.76 2647.6 118.85 -367.56 2654.5 119.75 -414.2 2711.6 124.6
1.9583 -307.94 2657.9 119.56 -372.68 2664 119.95 -420.48 2722.1 124.74
1.9667 -314.04 2668 120.28 -377.83 2673.4 120.14 -426.68 2732.7 124.86
1.975 -320.05 2678.1 121.02 -383.02 2682.8 120.34 -432.82 2743.1 124.99
1.9833 -325.95 2688.1 121.76 -388.29 2692.3 120.55 -438.89 2753.4 125.13
1.9917 -331.75 2698 122.5 -393.63 2701.8 120.76 -444.92 2763.6 125.27
2 -337.46 2707.8 123.24 -399.04 2711.3 120.99 -450.92 2773.8 125.42
2.0083 -343.08 2717.6 123.97 -404.52 2720.9 121.22 -456.9 2783.8 125.59
2.0167 -348.63 2727.4 124.7 -410.07 2730.5 121.48 -462.88 2793.8 125.76
2.025 -354.13 2737.1 125.42 -415.66 2740.3 121.75 -468.88 2803.8 125.94
2.0333 -359.59 2746.8 126.15 -421.29 2750 122.03 -474.88 2813.7 126.13
2.0417 -365.03 2756.4 126.88 -426.94 2759.8 122.34 -480.9 2823.6 126.31
2.05 -370.46 2765.9 127.64 -432.62 2769.7 122.67 -486.93 2833.5 126.5
2.0583 -375.89 2775.4 128.4 -438.33 2779.6 123.02 -492.97 2843.4 126.68
2.0667 -381.31 2784.9 129.19 -444.07 2789.6 123.38 -499.01 2853.3 126.86
2.075 -386.73 2794.3 130 -449.85 2799.6 123.76 -505.05 2863.3 127.04
2.0833 -392.13 2803.6 130.83 -455.68 2809.7 124.15 -511.08 2873.2 127.21
2.0917 -397.51 2812.9 131.66 -461.57 2819.8 124.56 -517.09 2883.2 127.38
2.1 -402.87 2822.2 132.5 -467.55 2830.1 124.97 -523.1 2893.2 127.55
2.1083 -408.21 2831.5 133.32 -473.62 2840.3 125.39 -529.09 2903.2 127.71
2.1167 -413.53 2840.9 134.12 -479.78 2850.7 125.81 -535.08 2913.2 127.87
2.125 -418.85 2850.3 134.89 -486.04 2861 126.23 -541.06 2923.2 128.02
2.1333 -424.17 2859.9 135.61 -492.39 2871.4 126.64 -547.06 2933.3 128.17
2.1417 -429.52 2869.6 136.28 -498.82 2881.8 127.05 -553.08 2943.4 128.32
2.15 -434.91 2879.5 136.88 -505.32 2892.3 127.46 -559.12 2953.6 128.46
2.1583 -440.36 2889.6 137.43 -511.87 2902.7 127.86 -565.19 2963.8 128.6
2.1667 -445.89 2899.8 137.92 -518.44 2913.2 128.25 -571.31 2974 128.74
2.175 -451.51 2910.1 138.36 -525.03 2923.6 128.63 -577.46 2984.3 128.89
2.1833 -457.24 2920.5 138.75 -531.62 2934.1 129.01 -583.64 2994.7 129.05
2.1917 -463.1 2931 139.13 -538.19 2944.5 129.38 -589.86 3005.1 129.22
2.2 -469.08 2941.6 139.49 -544.75 2955 129.73 -596.09 3015.6 129.4
2.2083 -475.2 2952.2 139.85 -551.29 2965.5 130.08 -602.35 3026.2 129.59
2.2167 -481.46 2962.8 140.21 -557.83 2976 130.41 -608.61 3036.7 129.79
2.225 -487.85 2973.5 140.58 -564.35 2986.6 130.74 -614.87 3047.4 129.99
2.2333 -494.37 2984.1 140.95 -570.9 2997.3 131.04 -621.14 3058 130.19
2.2417 -501.01 2994.8 141.33 -577.47 3008 131.33 -627.41 3068.8 130.37
2.25 -507.79 3005.5 141.7 -584.08 3018.9 131.61 -633.69 3079.5 130.55
2.2583 -514.7 3016.3 142.07 -590.73 3029.8 131.86 -640 3090.4 130.7
2.2667 -521.77 3027.2 142.43 -597.43 3040.9 132.09 -646.34 3101.3 130.84
2.275 -529.01 3038.3 142.76 -604.18 3052.1 132.3 -652.74 3112.3 130.96
2.2833 -536.44 3049.6 143.07 -610.97 3063.5 132.5 -659.21 3123.3 131.07
2.2917 -544.08 3061.1 143.35 -617.81 3074.9 132.67 -665.75 3134.4 131.18
2.3 -551.93 3072.8 143.59 -624.68 3086.5 132.83 -672.39 3145.6 131.3
2.3083 -560 3084.8 143.79 -631.58 3098.3 132.97 -679.12 3156.8 131.43
2.3167 -568.27 3096.8 143.94 -638.51 3110.1 133.1 -685.94 3168 131.6
2.325 -576.71 3109 144.02 -645.47 3122 133.22 -692.84 3179.3 131.8
2.3333 -585.28 3121.1 144.05 -652.46 3134 133.34 -699.81 3190.5 132.05
2.3417 -593.94 3133.3 144.01 -659.49 3146 133.45 -706.83 3201.7 132.35
2.35 -602.61 3145.3 143.91 -666.58 3158 133.57 -713.86 3212.8 132.7
2.3583 -611.23 3157.2 143.75 -673.73 3169.9 133.69 -720.89 3223.9 133.07
2.3667 -619.73 3168.9 143.54 -680.96 3181.8 133.82 -727.9 3234.8 133.47
2.375 -628.05 3180.4 143.3 -688.28 3193.5 133.97 -734.85 3245.6 133.88
2.3833 -636.13 3191.6 143.03 -695.69 3205.1 134.15 -741.75 3256.3 134.27
2.3917 -643.95 3202.6 142.76 -703.2 3216.4 134.34 -748.6 3266.9 134.64
2.4 -651.48 3213.4 142.49 -710.78 3227.6 134.57 -755.39 3277.4 134.97
2.4083 -658.76 3224 142.25 -718.43 3238.5 134.83 -762.16 3287.7 135.25
2.4167 -665.81 3234.4 142.03 -726.12 3249.1 135.13 -768.92 3298 135.47
2.425 -672.68 3244.7 141.83 -733.83 3259.4 135.46 -775.72 3308.2 135.64
2.4333 -679.42 3254.8 141.66 -741.52 3269.4 135.83 -782.59 3318.3 135.76
2.4417 -686.09 3265 141.52 -749.17 3279.2 136.23 -789.56 3328.3 135.85
2.45 -692.75 3275 141.4 -756.76 3288.6 136.66 -796.68 3338.2 135.91
2.4583 -699.46 3285.1 141.31 -764.26 3297.9 137.11 -803.98 3348 135.97
2.4667 -706.24 3295.1 141.24 -771.66 3306.8 137.58 -811.46 3357.7 136.05
2.475 -713.14 3305 141.19 -778.97 3315.6 138.06 -819.15 3367.2 136.15
2.4833 -720.15 3314.7 141.16 -786.19 3324.2 138.55 -827.04 3376.6 136.29
2.4917 -727.3 3324.4 141.16 -793.32 3332.6 139.04 -835.11 3385.8 136.48
2.5 -734.56 3333.8 141.17 -800.39 3340.8 139.54 -843.36 3394.8 136.71
2.5083 -741.91 3343 141.21 -807.43 3349 140.03 -851.73 3403.6 136.99
2.5167 -749.34 3351.9 141.27 -814.44 3357 140.53 -860.21 3412.1 137.32
2.525 -756.83 3360.7 141.34 -821.46 3365 141.04 -868.74 3420.5 137.67
2.5333 -764.34 3369.1 141.44 -828.5 3372.9 141.54 -877.3 3428.7 138.05
2.5417 -771.89 3377.4 141.55 -835.58 3380.7 142.06 -885.86 3436.6 138.44
2.55 -779.45 3385.5 141.67 -842.71 3388.4 142.58 -894.38 3444.4 138.83
2.5583 -787.04 3393.5 141.8 -849.89 3396.2 143.11 -902.84 3452.1 139.21
2.5667 -794.66 3401.4 141.92 -857.13 3403.9 143.65 -911.24 3459.6 139.58
2.575 -802.31 3409.2 142.03 -864.43 3411.5 144.19 -919.56 3467.1 139.93
2.5833 -810.01 3417.1 142.14 -871.78 3419.1 144.73 -927.81 3474.4 140.25
2.5917 -817.76 3424.9 142.22 -879.19 3426.7 145.26 -936 3481.7 140.56
2.6 -825.55 3432.7 142.28 -886.65 3434.3 145.77 -944.14 3489 140.86
2.6083 -833.39 3440.5 142.32 -894.16 3441.8 146.25 -952.23 3496.2 141.14
2.6167 -841.27 3448.4 142.33 -901.73 3449.3 146.7 -960.29 3503.4 141.42
2.625 -849.19 3456.3 142.31 -909.35 3456.8 147.11 -968.34 3510.6 141.69
2.6333 -857.15 3464.1 142.27 -917.04 3464.3 147.47 -976.38 3517.8 141.97
2.6417 -865.15 3472 142.2 -924.79 3471.8 147.78 -984.42 3524.9 142.25
2.65 -873.21 3479.8 142.11 -932.62 3479.2 148.04 -992.47 3532 142.54
2.6583 -881.32 3487.6 142 -940.53 3486.7 148.27 -1000.5 3539 142.83
2.6667 -889.5 3495.4 141.88 -948.51 3494.1 148.44 -1008.6 3546.1 143.13
2.675 -897.76 3503.2 141.76 -956.57 3501.6 148.59 -1016.7 3553 143.43
2.6833 -906.14 3511 141.64 -964.71 3509 148.7 -1024.8 3560 143.72
2.6917 -914.61 3518.8 141.52 -972.92 3516.5 148.78 -1032.9 3566.9 144
2.7 -923.22 3526.6 141.41 -981.21 3524 148.84 -1041 3573.8 144.26
2.7083 -931.96 3534.4 141.32 -989.56 3531.4 148.88 -1049.1 3580.7 144.5
2.7167 -940.82 3542.1 141.24 -997.98 3538.8 148.89 -1057.2 3587.6 144.7
2.725 -949.81 3549.8 141.17 -1006.5 3546.2 148.89 -1065.4 3594.5 144.87
2.7333 -958.93 3557.5 141.1 -1015 3553.6 148.86 -1073.6 3601.3 145
