0.0083333 -11.067 5.5457 99.159 -40.749 102.55 91.756 -15.367 270.76 85.09
0.016667 -10.57 12.463 99.114 -40.344 111.56 91.787 -14.5 279.48 85.042
0.025 -10.093 19.625 99.071 -39.871 120.69 91.806 -13.627 288.27 85.001
0.033333 -9.6312 27.044 99.027 -39.323 129.96 91.804 -12.745 297.12 84.97
0.041667 -9.1721 34.737 98.981 -38.69 139.35 91.772 -11.853 306.04 84.948
0.05 -8.7076 42.718 98.928 -37.964 148.86 91.705 -10.945 315.05 84.936
0.058333 -8.2317 50.998 98.866 -37.141 158.47 91.597 -10.017 324.17 84.937
0.066667 -7.7436 59.583 98.795 -36.217 168.17 91.445 -9.0648 333.4 84.952
0.075 -7.2474 68.475 98.713 -35.189 177.95 91.25 -8.0851 342.77 84.981
0.083333 -6.755 77.662 98.621 -34.064 187.8 91.011 -7.0773 352.29 85.027
0.091667 -6.2785 87.131 98.519 -32.844 197.7 90.738 -6.0414 361.94 85.091
0.1 -5.8333 96.858 98.406 -31.538 207.64 90.436 -4.9809 371.72 85.172
0.10833 -5.4318 106.81 98.283 -30.163 217.63 90.112 -3.9008 381.61 85.271
0.11667 -5.0812 116.96 98.148 -28.733 227.65 89.778 -2.8081 391.58 85.386
0.125 -4.781 127.25 97.999 -27.273 237.72 89.441 -1.7109 401.58 85.514
0.13333 -4.5215 137.65 97.836 -25.805 247.81 89.111 -0.61797 411.57 85.651
0.14167 -4.2818 148.11 97.655 -24.356 257.94 88.797 0.46072 421.51 85.791
0.15 -4.0431 158.58 97.459 -22.955 268.1 88.501 1.5139 431.35 85.93
0.15833 -3.7678 169.03 97.246 -21.627 278.27 88.234 2.5308 441.04 86.062
0.16667 -3.4294 179.42 97.018 -20.397 288.42 87.999 3.499 450.57 86.18
0.175 -3.0047 189.74 96.777 -19.287 298.54 87.801 4.4036 459.92 86.282
0.18333 -2.4816 199.94 96.525 -18.315 308.6 87.643 5.2292 469.08 86.364
0.19167 -1.8607 210.03 96.265 -17.493 318.54 87.529 5.9569 478.07 86.426
0.2 -1.1555 219.98 96.001 -16.829 328.34 87.461 6.5666 486.9 86.47
0.20833 -0.38972 229.81 95.733 -16.325 337.96 87.442 7.0361 495.61 86.499
0.21667 0.40633 239.54 95.462 -15.977 347.37 87.473 7.3416 504.23 86.52
0.225 1.199 249.17 95.189 -15.778 356.55 87.555 7.4593 512.8 86.54
0.23333 1.9534 258.73 94.914 -15.716 365.49 87.687 7.3653 521.36 86.568
0.24167 2.6353 268.25 94.638 -15.777 374.2 87.869 7.039 529.92 86.613
0.25 3.2153 277.74 94.364 -15.945 382.69 88.097 6.4616 538.52 86.682
0.25833 3.6724 287.22 94.098 -16.205 391 88.368 5.62 547.17 86.783
0.26667 3.9927 296.69 93.843 -16.542 399.15 88.676 4.5053 555.86 86.92
0.275 4.178 306.14 93.606 -16.942 407.19 89.018 3.115 564.59 87.098
0.28333 4.2366 315.58 93.393 -17.397 415.17 89.389 1.4522 573.34 87.317
0.29167 4.1814 325 93.209 -17.897 423.12 89.782 -0.4742 582.1 87.576
0.3 4.0323 334.39 93.059 -18.44 431.07 90.195 -2.6509 590.84 87.87
0.30833 3.8014 343.74 92.947 -19.025 439.06 90.623 -5.0605 599.55 88.198
0.31667 3.5037 353.04 92.875 -19.653 447.11 91.063 -7.6828 608.19 88.551
0.325 3.1492 362.28 92.841 -20.328 455.22 91.513 -10.496 616.76 88.927
0.33333 2.7403 371.46 92.844 -21.052 463.4 91.971 -13.48 625.24 89.318
0.34167 2.2812 380.59 92.879 -21.832 471.64 92.436 -16.611 633.61 89.721
0.35 1.7733 389.67 92.939 -22.674 479.93 92.908 -19.871 641.89 90.13
0.35833 1.2148 398.7 93.017 -23.581 488.27 93.384 -23.243 650.06 90.545
0.36667 0.60798 407.71 93.104 -24.558 496.64 93.863 -26.709 658.13 90.962
0.375 -0.045422 416.7 93.193 -25.609 505.04 94.344 -30.256 666.12 91.381
0.38333 -0.74193 425.68 93.278 -26.736 513.48 94.823 -33.871 674.02 91.8
0.39167 -1.4753 434.68 93.356 -27.939 521.95 95.299 -37.543 681.84 92.22
0.4 -2.2378 443.68 93.424 -29.219 530.47 95.768 -41.262 689.6 92.639
0.40833 -3.0229 452.71 93.481 -30.573 539.04 96.229 -45.018 697.32 93.058
0.41667 -3.8244 461.76 93.531 -32 547.69 96.678 -48.803 704.99 93.476
0.425 -4.6403 470.84 93.576 -33.498 556.43 97.113 -52.606 712.64 93.891
0.43333 -5.4728 479.94 93.621 -35.066 565.26 97.533 -56.419 720.28 94.304
0.44167 -6.3292 489.07 93.672 -36.702 574.2 97.936 -60.234 727.92 94.71
0.45 -7.2214 498.22 93.734 -38.404 583.23 98.323 -64.04 735.59 95.11
0.45833 -8.1652 507.4 93.813 -40.172 592.36 98.692 -67.83 743.28 95.501
0.46667 -9.178 516.61 93.916 -42.006 601.58 99.046 -71.593 751.02 95.88
0.475 -10.278 525.85 94.047 -43.907 610.88 99.385 -75.323 758.82 96.246
0.48333 -11.486 535.11 94.211 -45.88 620.26 99.711 -79.012 766.67 96.596
0.49167 -12.813 544.4 94.408 -47.929 629.71 100.03 -82.652 774.59 96.927
0.5 -14.267 553.73 94.642 -50.063 639.22 100.33 -86.24 782.57 97.238
0.50833 -15.856 563.12 94.908 -52.29 648.78 100.62 -89.773 790.61 97.527
0.51667 -17.575 572.57 95.205 -54.62 658.41 100.91 -93.249 798.7 97.791
0.525 -19.421 582.12 95.525 -57.061 668.1 101.18 -96.673 806.83 98.031
0.53333 -21.393 591.79 95.859 -59.621 677.85 101.44 -100.05 814.99 98.243
0.54167 -23.468 601.63 96.201 -62.307 687.67 101.68 -103.39 823.16 98.43
0.55 -25.635 611.65 96.545 -65.123 697.56 101.91 -106.71 831.34 98.591
0.55833 -27.889 621.86 96.884 -68.069 707.51 102.13 -110.02 839.52 98.729
0.56667 -30.22 632.26 97.219 -71.144 717.54 102.34 -113.35 847.69 98.846
0.575 -32.634 642.83 97.549 -74.348 727.63 102.54 -116.72 855.86 98.945
0.58333 -35.133 653.54 97.875 -77.675 737.77 102.74 -120.14 864.03 99.028
0.59167 -37.734 664.39 98.195 -81.123 747.96 102.94 -123.65 872.22 99.101
0.6 -40.45 675.35 98.504 -84.687 758.2 103.14 -127.26 880.42 99.165
0.60833 -43.297 686.43 98.796 -88.366 768.47 103.36 -130.99 888.66 99.223
0.61667 -46.288 697.63 99.065 -92.16 778.78 103.6 -134.85 896.95 99.276
0.625 -49.43 708.96 99.305 -96.07 789.13 103.86 -138.85 905.31 99.324
0.63333 -52.722 720.43 99.511 -100.1 799.52 104.14 -142.98 913.76 99.368
0.64167 -56.162 732.08 99.682 -104.25 809.96 104.44 -147.25 922.29 99.405
0.65 -59.734 743.9 99.822 -108.52 820.47 104.77 -151.64 930.94 99.433
0.65833 -63.42 755.91 99.938 -112.92 831.05 105.11 -156.16 939.69 99.45
0.66667 -67.206 768.1 100.05 -117.43 841.71 105.47 -160.77 948.54 99.453
0.675 -71.063 780.48 100.16 -122.06 852.48 105.84 -165.49 957.51 99.444
0.68333 -74.982 793.01 100.3 -126.77 863.34 106.21 -170.28 966.57 99.42
0.69167 -78.954 805.66 100.49 -131.56 874.3 106.58 -175.14 975.72 99.385
0.7 -82.978 818.38 100.73 -136.39 885.35 106.95 -180.05 984.94 99.342
0.70833 -87.06 831.14 101.06 -141.24 896.46 107.31 -185.03 994.24 99.295
0.71667 -91.207 843.88 101.46 -146.07 907.62 107.67 -190.04 1003.6 99.252
0.725 -95.423 856.56 101.94 -150.84 918.79 108.01 -195.09 1013 99.219
0.73333 -99.709 869.11 102.49 -155.54 929.94 108.35 -200.17 1022.4 99.202
0.74167 -104.06 881.49 103.1 -160.12 941.03 108.68 -205.27 1031.8 99.207
0.75 -108.46 893.66 103.74 -164.57 952.04 109.01 -210.37 1041.3 99.239
0.75833 -112.88 905.59 104.4 -168.86 962.92 109.33 -215.45 1050.7 99.301
0.76667 -117.31 917.25 105.05 -173 973.64 109.65 -220.51 1060.2 99.391
0.775 -121.72 928.66 105.67 -176.97 984.19 109.95 -225.51 1069.7 99.507
0.78333 -126.1 939.82 106.26 -180.8 994.55 110.25 -230.42 1079.1 99.645
0.79167 -130.45 950.78 106.8 -184.48 1004.7 110.53 -235.24 1088.5 99.797
0.8 -134.75 961.58 107.3 -188.04 1014.7 110.79 -239.92 1098 99.956
0.80833 -139.03 972.27 107.77 -191.49 1024.5 111.04 -244.45 1107.4 100.11
0.81667 -143.28 982.88 108.2 -194.87 1034.1 111.25 -248.82 1116.8 100.25
0.825 -147.5 993.44 108.6 -198.2 1043.5 111.43 -253.01 1126.2 100.37
0.83333 -151.68 1004 108.99 -201.49 1052.8 111.58 -257.02 1135.6 100.47
0.84167 -155.82 1014.5 109.38 -204.77 1062.1 111.7 -260.86 1145 100.52
0.85 -159.92 1025 109.77 -208.05 1071.2 111.79 -264.53 1154.4 100.54
0.85833 -163.95 1035.5 110.18 -211.35 1080.3 111.85 -268.06 1163.9 100.52
0.86667 -167.92 1045.9 110.61 -214.67 1089.4 111.88 -271.45 1173.3 100.45
0.875 -171.82 1056.3 111.07 -218.01 1098.5 111.89 -274.73 1182.8 100.35
0.88333 -175.64 1066.7 111.56 -221.38 1107.6 111.89 -277.92 1192.4 100.2
0.89167 -179.39 1077 112.09 -224.79 1116.7 111.88 -281.05 1201.9 100.03
0.9 -183.07 1087.2 112.66 -228.23 1125.8 111.85 -284.12 1211.5 99.829
0.90833 -186.68 1097.4 113.26 -231.71 1135.1 111.82 -287.16 1221.1 99.604
0.91667 -190.24 1107.5 113.89 -235.22 1144.4 111.79 -290.18 1230.7 99.361
0.925 -193.75 1117.6 114.55 -238.76 1153.7 111.76 -293.17 1240.3 99.103
0.93333 -197.23 1127.6 115.23 -242.33 1163.2 111.72 -296.14 1249.9 98.834
0.94167 -200.7 1137.6 115.92 -245.94 1172.7 111.7 -299.1 1259.5 98.557
0.95 -204.18 1147.5 116.61 -249.58 1182.3 111.68 -302.02 1269.1 98.273
0.95833 -207.68 1157.5 117.3 -253.26 1192 111.66 -304.92 1278.7 97.983
0.96667 -211.2 1167.4 117.99 -256.98 1201.7 111.66 -307.78 1288.3 97.688
0.975 -214.75 1177.4 118.66 -260.75 1211.5 111.67 -310.61 1297.9 97.386
0.98333 -218.32 1187.3 119.31 -264.57 1221.4 111.7 -313.4 1307.6 97.077
0.99167 -221.9 1197.3 119.94 -268.44 1231.4 111.75 -316.14 1317.2 96.759
1 -225.5 1207.2 120.55 -272.38 1241.4 111.82 -318.84 1326.8 96.43
1.0083 -229.08 1217.2 121.13 -276.37 1251.5 111.91 -321.51 1336.6 96.088
1.0167 -232.65 1227.3 121.68 -280.42 1261.7 112.03 -324.14 1346.3 95.732
1.025 -236.18 1237.4 122.2 -284.53 1272 112.17 -326.73 1356.1 95.359
1.0333 -239.68 1247.6 122.67 -288.7 1282.4 112.33 -329.3 1366 94.967
1.0417 -243.13 1257.9 123.1 -292.93 1292.8 112.51 -331.84 1376 94.556
1.05 -246.55 1268.4 123.47 -297.2 1303.4 112.71 -334.36 1386 94.125
1.0583 -249.94 1279 123.79 -301.52 1314.1 112.93 -336.85 1396.1 93.674
1.0667 -253.32 1289.7 124.06 -305.87 1324.9 113.16 -339.32 1406.3 93.202
1.075 -256.7 1300.7 124.27 -310.24 1335.8 113.4 -341.76 1416.6 92.711
1.0833 -260.11 1311.8 124.43 -314.63 1346.7 113.65 -344.17 1426.9 92.202
1.0917 -263.56 1323.1 124.54 -319.02 1357.7 113.91 -346.55 1437.3 91.675
1.1 -267.09 1334.6 124.61 -323.42 1368.9 114.16 -348.9 1447.8 91.133
1.1083 -270.71 1346.2 124.66 -327.8 1380 114.42 -351.21 1458.4 90.575
1.1167 -274.43 1357.9 124.67 -332.18 1391.3 114.66 -353.5 1469 90.005
1.125 -278.27 1369.7 124.65 -336.52 1402.6 114.89 -355.75 1479.7 89.422
1.1333 -282.21 1381.4 124.61 -340.85 1414 115.1 -357.98 1490.5 88.827
1.1417 -286.25 1393.2 124.54 -345.14 1425.5 115.27 -360.19 1501.4 88.221
1.15 -290.39 1404.9 124.44 -349.4 1437.1 115.41 -362.38 1512.3 87.605
1.1583 -294.64 1416.5 124.34 -353.61 1448.8 115.51 -364.56 1523.4 86.98
1.1667 -299.01 1428.2 124.24 -357.77 1460.6 115.56 -366.74 1534.5 86.347
1.175 -303.51 1439.9 124.15 -361.87 1472.6 115.55 -368.92 1545.7 85.709
1.1833 -308.18 1451.8 124.09 -365.91 1484.7 115.5 -371.11 1557 85.068
1.1917 -313.03 1463.8 124.06 -369.87 1496.9 115.39 -373.3 1568.4 84.428
1.2 -318.07 1475.9 124.07 -373.75 1509.2 115.24 -375.49 1579.9 83.793
1.2083 -323.3 1488.3 124.11 -377.55 1521.6 115.04 -377.69 1591.5 83.167
1.2167 -328.7 1500.9 124.17 -381.27 1534.1 114.83 -379.87 1603.1 82.554
1.225 -334.26 1513.7 124.25 -384.93 1546.6 114.59 -382.05 1614.8 81.959
1.2333 -339.94 1526.6 124.32 -388.53 1559.1 114.34 -384.21 1626.6 81.384
1.2417 -345.72 1539.5 124.37 -392.1 1571.6 114.09 -386.34 1638.4 80.831
1.25 -351.56 1552.5 124.39 -395.64 1583.9 113.87 -388.44 1650.1 80.301
1.2583 -357.39 1565.3 124.38 -399.19 1596.2 113.67 -390.5 1661.9 79.79
1.2667 -363.15 1578.1 124.33 -402.77 1608.4 113.5 -392.54 1673.6 79.297
1.275 -368.78 1590.6 124.24 -406.4 1620.4 113.37 -394.55 1685.3 78.817
1.2833 -374.22 1603 124.12 -410.1 1632.2 113.27 -396.54 1696.9 78.345
1.2917 -379.43 1615.2 123.95 -413.87 1643.9 113.22 -398.54 1708.4 77.876
1.3 -384.39 1627.2 123.75 -417.73 1655.3 113.21 -400.55 1719.8 77.404
1.3083 -389.1 1639.1 123.53 -421.68 1666.6 113.23 -402.6 1731 76.928
1.3167 -393.57 1650.8 123.29 -425.7 1677.7 113.29 -404.7 1742.2 76.446
1.325 -397.83 1662.3 123.04 -429.8 1688.6 113.37 -406.9 1753.2 75.959
1.3333 -401.9 1673.8 122.79 -433.94 1699.3 113.49 -409.2 1764.2 75.471
1.3417 -405.82 1685.3 122.53 -438.12 1709.9 113.64 -411.63 1775 74.988
1.35 -409.61 1696.8 122.27 -442.32 1720.3 113.8 -414.21 1785.8 74.516
1.3583 -413.33 1708.4 122.01 -446.53 1730.5 113.99 -416.95 1796.6 74.065
1.3667 -416.99 1720 121.74 -450.72 1740.7 114.19 -419.86 1807.3 73.641
1.375 -420.64 1731.7 121.46 -454.9 1750.6 114.41 -422.95 1818 73.254
1.3833 -424.31 1743.3 121.16 -459.06 1760.5 114.65 -426.21 1828.8 72.908
1.3917 -428.01 1755 120.86 -463.19 1770.3 114.89 -429.65 1839.6 72.608
1.4 -431.75 1766.5 120.54 -467.32 1780 115.14 -433.26 1850.4 72.355
1.4083 -435.55 1778 120.2 -471.44 1789.6 115.39 -437.02 1861.2 72.149
1.4167 -439.4 1789.3 119.85 -475.55 1799.2 115.63 -440.94 1872 71.984
1.425 -443.3 1800.4 119.48 -479.68 1808.8 115.86 -445 1882.8 71.855
1.4333 -447.24 1811.4 119.11 -483.84 1818.4 116.08 -449.18 1893.6 71.754
1.4417 -451.22 1822.1 118.72 -488.01 1828 116.28 -453.47 1904.3 71.669
1.45 -455.23 1832.7 118.34 -492.22 1837.7 116.45 -457.88 1915 71.593
1.4583 -459.25 1843.1 117.95 -496.46 1847.5 116.59 -462.37 1925.5 71.517
1.4667 -463.29 1853.4 117.57 -500.74 1857.3 116.71 -466.94 1936 71.432
1.475 -467.33 1863.6 117.19 -505.04 1867.2 116.8 -471.59 1946.3 71.333
1.4833 -471.37 1873.8 116.82 -509.38 1877.2 116.87 -476.3 1956.5 71.216
1.4917 -475.42 1883.9 116.45 -513.74 1887.3 116.91 -481.07 1966.5 71.081
1.5 -479.47 1894.1 116.07 -518.13 1897.5 116.94 -485.88 1976.5 70.925
1.5083 -483.55 1904.2 115.7 -522.55 1907.8 116.94 -490.74 1986.3 70.753
1.5167 -487.65 1914.4 115.31 -526.99 1918.2 116.94 -495.62 1996.1 70.565
1.525 -491.81 1924.5 114.91 -531.47 1928.6 116.92 -500.53 2005.8 70.365
1.5333 -496.02 1934.7 114.49 -535.98 1939.2 116.88 -505.46 2015.5 70.154
1.5417 -500.3 1944.9 114.07 -540.53 1949.8 116.84 -510.4 2025.2 69.936
1.55 -504.67 1955 113.64 -545.11 1960.5 116.79 -515.36 2034.9 69.71
1.5583 -509.12 1965.1 113.22 -549.74 1971.2 116.71 -520.32 2044.6 69.477
1.5667 -513.64 1975.1 112.82 -554.41 1981.9 116.63 -525.29 2054.4 69.235
1.575 -518.25 1985.2 112.44 -559.12 1992.7 116.52 -530.27 2064.1 68.984
1.5833 -522.92 1995.2 112.09 -563.87 2003.6 116.39 -535.25 2074 68.721
1.5917 -527.66 2005.3 111.79 -568.65 2014.4 116.23 -540.25 2083.8 68.446
1.6 -532.47 2015.5 111.52 -573.47 2025.3 116.06 -545.26 2093.8 68.158
1.6083 -537.35 2025.7 111.29 -578.32 2036.1 115.87 -550.28 2103.7 67.858
1.6167 -542.32 2036.2 111.08 -583.2 2047 115.66 -555.34 2113.8 67.549
1.625 -547.38 2046.8 110.9 -588.12 2057.9 115.44 -560.41 2123.8 67.231
1.6333 -552.55 2057.5 110.73 -593.07 2068.8 115.21 -565.53 2134 66.911
1.6417 -557.84 2068.4 110.58 -598.06 2079.7 114.99 -570.67 2144.1 66.59
1.65 -563.24 2079.4 110.45 -603.1 2090.7 114.79 -575.85 2154.4 66.272
1.6583 -568.76 2090.5 110.34 -608.19 2101.7 114.6 -581.07 2164.7 65.961
1.6667 -574.37 2101.6 110.25 -613.34 2112.7 114.44 -586.32 2175.1 65.657
1.675 -580.08 2112.6 110.17 -618.55 2123.7 114.31 -591.59 2185.5 65.36
1.6833 -585.87 2123.8 110.11 -623.83 2134.8 114.21 -596.89 2196.1 65.07
1.6917 -591.73 2134.9 110.06 -629.18 2145.9 114.15 -602.2 2206.7 64.785
1.7 -597.67 2146.2 110.01 -634.59 2157 114.13 -607.52 2217.5 64.503
1.7083 -603.7 2157.5 109.97 -640.07 2168.1 114.14 -612.83 2228.4 64.22
1.7167 -609.82 2169.1 109.93 -645.61 2179.1 114.17 -618.14 2239.3 63.934
1.725 -616.05 2180.8 109.91 -651.2 2190.2 114.23 -623.43 2250.4 63.646
1.7333 -622.38 2192.8 109.89 -656.83 2201.2 114.3 -628.71 2261.6 63.355
1.7417 -628.81 2205 109.91 -662.5 2212.2 114.38 -633.99 2272.8 63.065
1.75 -635.34 2217.3 109.95 -668.19 2223.2 114.46 -639.25 2284.1 62.779
1.7583 -641.94 2229.9 110.04 -673.9 2234.1 114.53 -644.51 2295.5 62.503
1.7667 -648.61 2242.5 110.18 -679.6 2245.1 114.59 -649.78 2306.8 62.241
1.775 -655.31 2255.2 110.37 -685.29 2256.1 114.64 -655.05 2318.2 61.999
1.7833 -662 2267.7 110.6 -690.96 2267.1 114.66 -660.34 2329.5 61.781
1.7917 -668.66 2280.2 110.87 -696.6 2278.2 114.67 -665.65 2340.7 61.59
1.8 -675.25 2292.5 111.15 -702.18 2289.3 114.65 -670.98 2351.8 61.427
1.8083 -681.73 2304.5 111.44 -707.69 2300.6 114.6 -676.32 2362.9 61.29
1.8167 -688.06 2316.2 111.7 -713.12 2311.9 114.53 -681.65 2373.8 61.177
1.825 -694.22 2327.6 111.91 -718.45 2323.3 114.43 -686.96 2384.6 61.081
1.8333 -700.2 2338.7 112.07 -723.68 2334.8 114.3 -692.24 2395.3 60.996
1.8417 -705.97 2349.5 112.16 -728.77 2346.3 114.13 -697.46 2406 60.918
1.85 -711.57 2360 112.18 -733.73 2357.8 113.94 -702.59 2416.6 60.84
1.8583 -717.01 2370.2 112.13 -738.55 2369.3 113.71 -707.61 2427.1 60.758
1.8667 -722.31 2380.3 112.03 -743.22 2380.7 113.44 -712.5 2437.7 60.669
1.875 -727.5 2390.3 111.89 -747.74 2392 113.14 -717.24 2448.4 60.574
1.8833 -732.58 2400.3 111.72 -752.12 2403.2 112.81 -721.82 2459.2 60.473
1.8917 -737.56 2410.2 111.56 -756.36 2414.3 112.44 -726.22 2470 60.37
1.9 -742.43 2420.2 111.4 -760.46 2425.3 112.05 -730.46 2481.1 60.268
1.9083 -747.19 2430.2 111.27 -764.45 2436.1 111.62 -734.52 2492.2 60.173
1.9167 -751.8 2440.2 111.18 -768.32 2446.8 111.17 -738.41 2503.6 60.087
1.925 -756.25 2450.3 111.12 -772.09 2457.4 110.69 -742.15 2515 60.013
1.9333 -760.51 2460.5 111.1 -775.77 2468 110.19 -745.74 2526.6 59.951
1.9417 -764.58 2470.6 111.12 -779.36 2478.5 109.68 -749.19 2538.3 59.897
1.95 -768.46 2480.8 111.17 -782.88 2488.9 109.15 -752.52 2550.1 59.847
1.9583 -772.13 2491 111.24 -786.32 2499.4 108.62 -755.73 2561.9 59.794
1.9667 -775.63 2501.2 111.32 -789.7 2509.9 108.07 -758.82 2573.7 59.732
1.975 -778.95 2511.3 111.41 -793 2520.4 107.51 -761.8 2585.5 59.652
1.9833 -782.14 2521.5 111.49 -796.25 2530.9 106.96 -764.68 2597.3 59.547
1.9917 -785.22 2531.6 111.57 -799.43 2541.5 106.4 -767.44 2609 59.41
2 -788.23 2541.7 111.63 -802.56 2552.1 105.84 -770.1 2620.7 59.239
2.0083 -791.21 2551.8 111.68 -805.63 2562.7 105.29 -772.63 2632.3 59.031
2.0167 -794.18 2561.9 111.73 -808.66 2573.3 104.76 -775.06 2643.9 58.786
2.025 -797.19 2572 111.77 -811.66 2584 104.24 -777.36 2655.4 58.509
2.0333 -800.24 2582 111.81 -814.63 2594.7 103.75 -779.55 2666.9 58.203
2.0417 -803.33 2592.1 111.85 -817.57 2605.4 103.29 -781.63 2678.4 57.873
2.05 -806.46 2602.1 111.91 -820.5 2616.1 102.85 -783.6 2689.9 57.526
2.0583 -809.61 2612.2 111.97 -823.42 2626.9 102.46 -785.46 2701.3 57.167
2.0667 -812.77 2622.2 112.04 -826.33 2637.8 102.1 -787.22 2712.8 56.8
2.075 -815.9 2632.3 112.13 -829.23 2648.7 101.77 -788.88 2724.2 56.427
2.0833 -818.97 2642.6 112.22 -832.12 2659.7 101.47 -790.45 2735.6 56.051
2.0917 -821.94 2652.9 112.3 -834.98 2670.9 101.21 -791.94 2747 55.673
2.1 -824.81 2663.3 112.38 -837.82 2682.1 100.98 -793.35 2758.4 55.292
2.1083 -827.53 2673.8 112.44 -840.62 2693.5 100.76 -794.68 2769.7 54.909
2.1167 -830.12 2684.6 112.48 -843.37 2704.9 100.57 -795.95 2781.1 54.523
2.125 -832.55 2695.4 112.49 -846.06 2716.5 100.4 -797.16 2792.4 54.135
2.1333 -834.85 2706.5 112.48 -848.67 2728.1 100.25 -798.31 2803.6 53.747
2.1417 -837.01 2717.7 112.45 -851.21 2739.8 100.11 -799.4 2814.9 53.36
2.15 -839.07 2729.2 112.41 -853.65 2751.6 99.989 -800.45 2826.2 52.977
2.1583 -841.05 2740.8 112.36 -856 2763.5 99.887 -801.45 2837.5 52.602
2.1667 -842.99 2752.5 112.31 -858.24 2775.4 99.804 -802.4 2848.8 52.237
2.175 -844.93 2764.4 112.26 -860.38 2787.3 99.739 -803.31 2860.1 51.883
2.1833 -846.89 2776.2 112.21 -862.41 2799.3 99.69 -804.17 2871.5 51.542
2.1917 -848.9 2788.2 112.15 -864.34 2811.4 99.657 -804.97 2882.8 51.211
2.2 -850.95 2800.1 112.08 -866.16 2823.5 99.63 -805.71 2894.2 50.889
2.2083 -853.07 2812 112.01 -867.86 2835.7 99.608 -806.39 2905.6 50.574
2.2167 -855.24 2823.9 111.93 -869.45 2848 99.579 -806.98 2917.1 50.26
2.225 -857.48 2835.9 111.84 -870.93 2860.4 99.535 -807.5 2928.5 49.945
2.2333 -859.79 2848 111.75 -872.29 2872.8 99.47 -807.92 2940 49.627
2.2417 -862.17 2860.3 111.66 -873.52 2885.3 99.375 -808.25 2951.5 49.303
2.25 -864.59 2872.8 111.56 -874.64 2897.8 99.245 -808.48 2963.1 48.976
2.2583 -867.03 2885.5 111.45 -875.64 2910.4 99.077 -808.61 2974.7 48.648
2.2667 -869.46 2898.4 111.31 -876.52 2923.1 98.87 -808.65 2986.3 48.322
2.275 -871.84 2911.5 111.14 -877.3 2935.7 98.628 -808.61 2998.1 48.005
2.2833 -874.15 2924.8 110.93 -877.99 2948.4 98.356 -808.49 3009.9 47.703
2.2917 -876.36 2938.2 110.66 -878.61 2961 98.061 -808.29 3021.8 47.419
2.3 -878.47 2951.7 110.34 -879.19 2973.5 97.75 -808.04 3033.8 47.159
2.3083 -880.46 2965.1 109.97 -879.74 2986 97.436 -807.73 3045.8 46.923
2.3167 -882.3 2978.4 109.55 -880.29 2998.4 97.126 -807.38 3057.9 46.71
2.325 -883.99 2991.5 109.09 -880.88 3010.8 96.829 -806.99 3070 46.516
2.3333 -885.49 3004.5 108.61 -881.52 3023 96.551 -806.57 3082 46.333
2.3417 -886.81 3017.2 108.1 -882.23 3035.1 96.296 -806.12 3094 46.152
2.35 -887.94 3029.6 107.59 -883.02 3047.1 96.067 -805.66 3106 45.962
2.3583 -888.88 3041.9 107.07 -883.91 3058.9 95.864 -805.17 3117.8 45.753
2.3667 -889.65 3053.8 106.56 -884.89 3070.6 95.685 -804.68 3129.4 45.517
2.375 -890.26 3065.6 106.06 -885.95 3082.2 95.525 -804.19 3141 45.248
2.3833 -890.72 3077.3 105.57 -887.08 3093.6 95.381 -803.72 3152.4 44.942
2.3917 -891.05 3088.8 105.09 -888.27 3104.8 95.245 -803.28 3163.6 44.602
2.4 -891.26 3100.3 104.62 -889.49 3115.9 95.113 -802.89 3174.7 44.233
2.4083 -891.35 3111.8 104.14 -890.72 3126.8 94.979 -802.58 3185.8 43.844
2.4167 -891.36 3123.3 103.65 -891.94 3137.5 94.838 -802.36 3196.7 43.447
2.425 -891.27 3134.8 103.16 -893.13 3148.1 94.684 -802.26 3207.6 43.056
2.4333 -891.14 3146.3 102.66 -894.28 3158.5 94.518 -802.3 3218.5 42.684
2.4417 -890.96 3157.8 102.13 -895.37 3168.9 94.339 -802.49 3229.4 42.344
2.45 -890.76 3169.3 101.59 -896.4 3179.1 94.143 -802.84 3240.4 42.045
2.4583 -890.56 3180.7 101.03 -897.36 3189.3 93.938 -803.37 3251.3 41.795
2.4667 -890.36 3192 100.44 -898.25 3199.5 93.722 -804.06 3262.3 41.595
2.475 -890.19 3203.2 99.842 -899.08 3209.6 93.499 -804.9 3273.3 41.443
2.4833 -890.05 3214.3 99.221 -899.85 3219.7 93.274 -805.89 3284.3 41.333
2.4917 -889.96 3225.2 98.586 -900.57 3229.9 93.048 -807.01 3295.3 41.257
2.5 -889.92 3236 97.941 -901.25 3240 92.825 -808.22 3306.2 41.203
2.5083 -889.94 3246.7 97.289 -901.9 3250.2 92.606 -809.51 3317.1 41.158
2.5167 -890 3257.2 96.634 -902.52 3260.4 92.394 -810.85 3327.8 41.111
2.525 -890.11 3267.6 95.981 -903.12 3270.7 92.187 -812.22 3338.5 41.049
2.5333 -890.27 3278 95.329 -903.7 3281 91.985 -813.6 3349 40.965
2.5417 -890.44 3288.3 94.68 -904.27 3291.3 91.785 -814.99 3359.4 40.853
2.55 -890.64 3298.7 94.032 -904.83 3301.6 91.585 -816.36 3369.7 40.711
2.5583 -890.84 3309 93.383 -905.39 3312 91.38 -817.72 3379.9 40.538
2.5667 -891.04 3319.4 92.729 -905.93 3322.5 91.166 -819.07 3390 40.339
2.575 -891.23 3329.9 92.066 -906.46 3333 90.939 -820.4 3399.9 40.12
2.5833 -891.42 3340.4 91.392 -906.97 3343.5 90.698 -821.72 3409.9 39.887
2.5917 -891.59 3350.9 90.706 -907.48 3354.2 90.44 -823.02 3419.7 39.648
2.6 -891.77 3361.5 90.01 -907.96 3364.9 90.166 -824.32 3429.6 39.41
2.6083 -891.95 3372.2 89.307 -908.43 3375.7 89.877 -825.6 3439.4 39.177
2.6167 -892.13 3382.8 88.605 -908.88 3386.5 89.577 -826.87 3449.2 38.954
2.625 -892.33 3393.6 87.915 -909.31 3397.4 89.268 -828.11 3459 38.743
2.6333 -892.55 3404.3 87.246 -909.72 3408.4 88.952 -829.32 3468.8 38.542
2.6417 -892.8 3415 86.609 -910.1 3419.4 88.625 -830.48 3478.6 38.35
2.65 -893.09 3425.7 86.015 -910.47 3430.4 88.302 -831.59 3488.5 38.164
2.6583 -893.44 3436.5 85.458 -910.77 3441.3 87.98 -832.63 3498.4 37.98
2.6667 -893.85 3447.2 84.948 -911.1 3452.4 87.683 -833.6 3508.3 37.795
2.675 -894.34 3458 84.488 -911.36 3463.4 87.417 -834.5 3518.2 37.605
2.6833 -894.89 3468.8 84.062 -911.65 3474.5 87.161 -835.32 3528.1 37.407
2.6917 -895.51 3479.8 83.668 -911.91 3485.6 86.928 -836.06 3538.1 37.204
2.7 -896.19 3490.8 83.299 -912.19 3496.7 86.692 -836.74 3548.1 36.993
2.7083 -896.88 3501.9 82.945 -912.49 3507.8 86.453 -837.35 3558.2 36.776
2.7167 -897.59 3513.1 82.621 -912.74 3518.9 86.226 -837.91 3568.3 36.554
2.725 -898.29 3524.4 82.31 -913.01 3530.1 85.987 -838.42 3578.5 36.33
2.7333 -898.96 3535.8 82.015 -913.28 3541.2 85.74 -838.89 3588.7 36.103
2.7417 -899.58 3547.3 81.739 -913.54 3552.4 85.488 -839.3 3599 35.874
2.75 -900.15 3559 81.481 -913.8 3563.7 85.23 -839.66 3609.3 35.642
2.7583 -900.66 3570.8 81.242 -914.03 3575 84.971 -839.96 3619.8 35.404
2.7667 -901.13 3582.7 81.034 -914.3 3586.3 84.701 -840.19 3630.3 35.161
2.775 -901.49 3594.9 80.837 -914.57 3597.5 84.469 -840.33 3640.9 34.907
2.7833 -901.85 3607.3 80.677 -914.82 3608.9 84.244 -840.38 3651.6 34.642
2.7917 -902.21 3619.8 80.552 -915.02 3620.2 84.044 -840.32 3662.4 34.366
2.8 -902.58 3632.4 80.463 -915.24 3631.5 83.856 -840.15 3673.2 34.08
2.8083 -902.97 3645.2 80.411 -915.44 3642.8 83.695 -839.87 3684.2 33.785
2.8167 -903.4 3658 80.394 -915.61 3654 83.55 -839.48 3695.2 33.487
2.825 -903.86 3670.9 80.405 -915.75 3665.2 83.424 -839 3706.2 33.191
2.8333 -904.34 3683.7 80.442 -915.83 3676.4 83.316 -838.43 3717.3 32.904
2.8417 -904.82 3696.4 80.491 -915.83 3687.6 83.214 -837.79 3728.5 32.633
2.85 -905.3 3708.9 80.537 -915.73 3698.7 83.111 -837.11 3739.7 32.384
2.8583 -905.77 3721.1 80.564 -915.5 3709.8 82.996 -836.4 3750.8 32.161
2.8667 -906.2 3733.1 80.55 -915.12 3720.9 82.859 -835.68 3762 31.967
2.875 -906.58 3744.8 80.477 -914.57 3732 82.69 -834.94 3773.1 31.799
2.8833 -906.9 3756.3 80.323 -913.84 3743 82.481 -834.19 3784.1 31.655
2.8917 -907.16 3767.4 80.074 -912.93 3754 82.225 -833.41 3795.1 31.525
2.9 -907.36 3778.4 79.72 -911.84 3765 81.918 -832.58 3805.9 31.4
2.9083 -907.47 3789 79.257 -910.58 3776 81.558 -831.68 3816.6 31.268
2.9167 -907.5 3799.5 78.691 -909.16 3786.9 81.142 -830.66 3827.1 31.116
2.925 -907.4 3809.8 78.04 -907.61 3797.7 80.671 -829.5 3837.5 30.931
2.9333 -907.14 3819.9 77.323 -905.92 3808.4 80.144 -828.14 3847.7 30.704
2.9417 -906.68 3829.9 76.568 -904.13 3819.1 79.563 -826.56 3857.7 30.426
2.95 -905.96 3839.7 75.801 -902.25 3829.7 78.928 -824.72 3867.6 30.093
2.9583 -904.92 3849.2 75.049 -900.27 3840.1 78.239 -822.59 3877.4 29.706
2.9667 -903.55 3858.6 74.335 -898.21 3850.5 77.497 -820.16 3887.1 29.268
2.975 -901.82 3867.7 73.676 -896.05 3860.7 76.701 -817.43 3896.6 28.788
2.9833 -899.76 3876.7 73.085 -893.79 3870.8 75.853 -814.39 3906.1 28.276
2.9917 -897.42 3885.4 72.565 -891.41 3880.7 74.952 -811.05 3915.5 27.745
3 -894.82 3893.9 72.115 -888.89 3890.6 74.003 -807.44 3924.9 27.206
3.0083 -892.01 3902.3 71.722 -886.23 3900.3 73.007 -803.58 3934.3 26.671
3.0167 -889.02 3910.6 71.373 -883.41 3909.9 71.972 -799.5 3943.6 26.147
3.025 -885.9 3918.8 71.047 -880.42 3919.4 70.902 -795.22 3952.9 25.641
3.0333 -882.65 3926.9 70.725 -877.26 3928.8 69.806 -790.78 3962.1 25.152
3.0417 -879.32 3935 70.39 -873.93 3938 68.694 -786.2 3971.2 24.68
3.05 -875.93 3942.9 70.032 -870.44 3947.2 67.573 -781.51 3980.3 24.22
3.0583 -872.52 3950.9 69.647 -866.8 3956.2 66.454 -776.72 3989.2 23.763
3.0667 -869.13 3958.8 69.24 -863.04 3965.1 65.344 -771.85 3997.9 23.301
3.075 -865.8 3966.7 68.819 -859.15 3973.8 64.251 -766.91 4006.5 22.825
3.0833 -862.53 3974.6 68.395 -855.16 3982.5 63.181 -761.91 4015 22.328
3.0917 -859.31 3982.4 67.982 -851.08 3991.1 62.136 -756.86 4023.2 21.804
3.1 -856.15 3990.4 67.594 -846.92 3999.6 61.125 -751.76 4031.2 21.25
3.1083 -853 3998.3 67.24 -842.69 4008 60.146 -746.6 4039.1 20.665
3.1167 -849.83 4006.2 66.928 -838.37 4016.4 59.205 -741.4 4046.8 20.053
3.125 -846.61 4014.2 66.659 -833.98 4024.7 58.303 -736.14 4054.3 19.419
3.1333 -843.31 4022.1 66.429 -829.49 4033 57.444 -730.82 4061.7 18.77
3.1417 -839.9 4030.1 66.229 -824.9 4041.3 56.632 -725.44 4068.9 18.116
3.15 -836.36 4038.1 66.046 -820.21 4049.6 55.87 -720 4076 17.466
3.1583 -832.66 4046 65.862 -815.4 4057.9 55.163 -714.48 4083 16.826
3.1667 -828.79 4054 65.662 -810.46 4066.1 54.512 -708.9 4089.8 16.203
3.175 -824.75 4061.9 65.43 -805.38 4074.3 53.921 -703.25 4096.6 15.601
3.1833 -820.53 4069.8 65.153 -800.17 4082.4 53.388 -697.52 4103.3 15.02
3.1917 -816.11 4077.6 64.824 -794.82 4090.5 52.913 -691.72 4110 14.46
3.2 -811.49 4085.4 64.441 -789.34 4098.5 52.49 -685.84 4116.5 13.915
3.2083 -806.68 4093.2 64.005 -783.72 4106.4 52.115 -679.89 4123 13.38
3.2167 -801.67 4101 63.525 -777.97 4114.1 51.778 -673.86 4129.3 12.848
3.225 -796.5 4108.9 63.012 -772.09 4121.7 51.47 -667.74 4135.6 12.313
3.2333 -791.18 4116.7 62.48 -766.1 4129.1 51.183 -661.54 4141.8 11.769
3.2417 -785.71 4124.6 61.946 -759.99 4136.3 50.906 -655.24 4147.8 11.211
3.25 -780.09 4132.5 61.424 -753.78 4143.4 50.63 -648.84 4153.8 10.638
3.2583 -774.32 4140.5 60.929 -747.47 4150.3 50.348 -642.34 4159.7 10.05
3.2667 -768.4 4148.5 60.469 -741.07 4157 50.054 -635.72 4165.5 9.4483
3.275 -762.3 4156.7 60.049 -734.59 4163.6 49.747 -628.98 4171.1 8.8383
3.2833 -756.03 4164.9 59.663 -728.03 4170 49.427 -622.12 4176.7 8.2249
3.2917 -749.59 4173.1 59.307 -721.4 4176.3 49.087 -615.14 4182.2 7.6146
3.3 -742.97 4181.3 58.961 -714.7 4182.4 48.737 -608.05 4187.6 7.0127
3.3083 -736.18 4189.5 58.611 -707.94 4188.5 48.377 -600.85 4192.8 6.4234
3.3167 -729.24 4197.5 58.24 -701.12 4194.4 48.008 -593.57 4198 5.8498
3.325 -722.16 4205.4 57.835 -694.24 4200.3 47.631 -586.23 4203.1 5.2912
3.3333 -714.97 4213 57.391 -687.32 4206.2 47.247 -578.85 4208 4.7456
3.3417 -707.71 4220.4 56.904 -680.34 4212 46.855 -571.46 4212.9 4.2076
3.35 -700.39 4227.5 56.377 -673.33 4217.8 46.453 -564.08 4217.6 3.6707
3.3583 -693.06 4234.3 55.816 -666.28 4223.6 46.039 -556.75 4222.3 3.1269
3.3667 -685.73 4240.8 55.226 -659.2 4229.3 45.61 -549.49 4226.8 2.5684
3.375 -678.43 4247 54.616 -652.12 4235.1 45.166 -542.3 4231.2 1.9878
3.3833 -671.16 4252.9 53.992 -645.05 4240.9 44.704 -535.2 4235.4 1.3807
3.3917 -663.94 4258.6 53.356 -638 4246.6 44.226 -528.19 4239.6 0.74347
3.4 -656.79 4264 52.71 -631 4252.3 43.734 -521.26 4243.6 0.076878
3.4083 -649.7 4269.2 52.045 -624.07 4257.8 43.23 -514.41 4247.5 359.38
3.4167 -642.66 4274.4 51.351 -617.24 4263.3 42.716 -507.61 4251.3 358.67
3.425 -635.66 4279.4 50.615 -610.52 4268.7 42.195 -500.85 4255 357.95
3.4333 -628.67 4284.3 49.819 -603.93 4273.8 41.667 -494.12 4258.6 357.22
3.4417 -621.65 4289.1 48.948 -597.49 4278.8 41.134 -487.38 4262.2 356.5
3.45 -614.58 4293.8 47.996 -591.17 4283.6 40.584 -480.64 4265.6 355.8
3.4583 -607.45 4298.5 46.951 -584.99 4288.2 40.02 -473.88 4269 355.12
3.4667 -600.24 4302.9 45.815 -578.91 4292.6 39.433 -467.1 4272.4 354.47
3.475 -592.98 4307.2 44.591 -572.91 4296.9 38.815 -460.29 4275.7 353.86
3.4833 -585.66 4311.3 43.291 -566.96 4301 38.158 -453.47 4278.9 353.27
3.4917 -578.32 4315.2 41.929 -561.01 4304.9 37.458 -446.65 4282.2 352.72
3.5 -570.97 4318.9 40.525 -555.02 4308.8 36.713 -439.84 4285.4 352.18
3.5083 -563.66 4322.4 39.098 -548.95 4312.6 35.911 -433.05 4288.5 351.66
3.5167 -556.41 4325.7 37.668 -542.77 4316.3 35.064 -426.29 4291.6 351.16
3.525 -549.25 4328.8 36.251 -536.46 4319.9 34.174 -419.57 4294.6 350.65
3.5333 -542.18 4331.8 34.86 -529.99 4323.5 33.245 -412.88 4297.5 350.14
3.5417 -535.22 4334.7 33.501 -523.38 4327 32.287 -406.24 4300.3 349.61
3.55 -528.34 4337.6 32.176 -516.61 4330.5 31.309 -399.63 4302.9 349.07
3.5583 -521.54 4340.4 30.878 -509.7 4334 30.307 -393.04 4305.5 348.52
3.5667 -514.8 4343.1 29.599 -502.67 4337.4 29.3 -386.46 4307.8 347.95
3.575 -508.08 4345.8 28.328 -495.54 4340.6 28.286 -379.87 4310.1 347.37
3.5833 -501.37 4348.4 27.052 -488.33 4343.8 27.267 -373.27 4312.1 346.77
3.5917 -494.65 4351 25.758 -481.07 4346.9 26.242 -366.63 4314 346.17
3.6 -487.9 4353.4 24.437 -473.75 4349.9 25.208 -359.95 4315.8 345.55
3.6083 -481.11 4355.9 23.083 -466.4 4352.8 24.161 -353.21 4317.4 344.92
3.6167 -474.29 4358.2 21.696 -459 4355.5 23.098 -346.42 4318.8 344.29
3.625 -467.42 4360.6 20.278 -451.54 4358.2 22.014 -339.56 4320.2 343.65
3.6333 -460.53 4362.8 18.843 -444.04 4360.7 20.907 -332.63 4321.4 343.01
3.6417 -453.6 4365.1 17.398 -436.46 4363.2 19.773 -325.64 4322.6 342.35
3.65 -446.65 4367.4 15.995 -428.81 4365.6 18.607 -318.6 4323.6 341.68
3.6583 -439.67 4369.7 14.565 -420.99 4367.9 17.475 -311.49 4324.6 341
3.6667 -432.67 4372 13.237 -413.12 4370.2 16.3 -304.33 4325.5 340.31
3.675 -425.64 4374.3 11.921 -405.05 4372.3 15.189 -297.12 4326.4 339.6
3.6833 -418.57 4376.6 10.697 -396.88 4374.4 14.082 -289.86 4327.1 338.88
3.6917 -411.45 4379 9.5581 -388.6 4376.5 13.003 -282.55 4327.8 338.15
3.7 -404.25 4381.4 8.5036 -380.25 4378.5 11.947 -275.19 4328.4 337.4
3.7083 -396.96 4383.9 7.5305 -371.8 4380.3 10.941 -267.8 4328.9 336.65
3.7167 -389.57 4386.3 6.6111 -363.27 4382.1 9.9898 -260.36 4329.4 335.9
3.725 -382.07 4388.8 5.7485 -354.69 4383.9 9.0876 -252.88 4329.8 335.14
3.7333 -374.45 4391.2 4.9241 -346.08 4385.5 8.2316 -245.37 4330.1 334.38
3.7417 -366.7 4393.5 4.1428 -337.47 4387 7.4046 -237.82 4330.3 333.63
3.75 -358.79 4395.7 3.3854 -328.81 4388.5 6.6149 -230.23 4330.5 332.88
3.7583 -350.74 4397.9 2.6398 -320.12 4389.9 5.87 -222.6 4330.6 332.14
3.7667 -342.55 4399.9 1.8983 -311.49 4391.3 5.1087 -214.94 4330.7 331.41
3.775 -334.19 4401.8 1.157 -302.78 4392.5 4.4067 -207.21 4330.7 330.7
3.7833 -325.69 4403.5 0.43272 -294.18 4393.8 3.6348 -199.44 4330.6 330
3.7917 -317.03 4405.2 359.68 -285.44 4395 3.0037 -191.57 4330.6 329.32
3.8 -308.22 4406.7 358.94 -276.78 4396.1 2.3279 -183.62 4330.5 328.66
3.8083 -299.26 4408 358.22 -268.12 4397.2 1.6751 -175.57 4330.3 328.02
3.8167 -290.19 4409.3 357.52 -259.54 4398.3 0.99142 -167.41 4330.1 327.4
3.825 -280.9 4410.4 356.81 -250.93 4399.3 0.3964 -159.14 4329.8 326.81
3.8333 -271.54 4411.5 356.17 -242.39 4400.4 359.76 -150.76 4329.5 326.24
3.8417 -261.93 4412.5 355.5 -233.91 4401.3 359.19 -142.25 4329.1 325.7
3.85 -252.21 4413.5 354.88 -225.34 4402.2 358.66 -133.66 4328.6 325.18
3.8583 -242.34 4414.4 354.27 -216.96 4403 358.08 -125 4328.1 324.67
3.8667 -232.34 4415.3 353.66 -208.57 4403.9 357.52 -116.32 4327.5 324.17
3.875 -222.2 4416.2 353.02 -200.15 4404.6 356.97 -107.65 4326.8 323.68
3.8833 -212.06 4416.9 352.39 -191.59 4405.3 356.39 -99.026 4326.1 323.18
3.8917 -201.74 4417.8 351.66 -183.12 4406 355.86 -90.498 4325.4 322.69
3.9 -191.5 4418.4 350.9 -174.3 4406.5 355.31 -82.094 4324.5 322.18
3.9083 -181.33 4419 350.06 -165.4 4406.9 354.75 -73.84 4323.6 321.66
3.9167 -171.29 4419.4 349.16 -156.36 4407.1 354.11 -65.758 4322.7 321.12
3.925 -161.45 4419.7 348.18 -147.34 4407 353.36 -57.848 4321.7 320.56
3.9333 -151.85 4419.9 347.13 -138.24 4406.8 352.5 -50.103 4320.5 319.99
3.9417 -142.53 4419.9 346.02 -129.06 4406.4 351.56 -42.502 4319.2 319.41
3.95 -133.5 4419.9 344.86 -119.82 4405.9 350.51 -35.013 4317.7 318.82
3.9583 -124.76 4419.7 343.68 -110.54 4405.2 349.37 -27.599 4316.1 318.22
3.9667 -116.32 4419.5 342.48 -101.26 4404.3 348.14 -20.221 4314.2 317.61
3.975 -108.13 4419.1 341.3 -92.011 4403.2 346.82 -12.838 4312 317.01
3.9833 -100.18 4418.7 340.14 -82.831 4402 345.42 -5.4194 4309.5 316.4
3.9917 -92.415 4418.1 339.04 -73.738 4400.6 343.96 2.0607 4306.8 315.79
4 -84.81 4417.5 338 -64.757 4399.1 342.46 9.6162 4303.7 315.18
4.0083 -77.317 4416.7 337.04 -55.892 4397.4 340.93 17.249 4300.3 314.56
4.0167 -69.907 4415.9 336.16 -47.149 4395.5 339.39 24.95 4296.6 313.94
4.025 -62.56 4414.9 335.36 -38.522 4393.5 337.85 32.702 4292.7 313.3
4.0333 -55.276 4413.8 334.64 -30.012 4391.2 336.34 40.477 4288.5 312.64
4.0417 -48.073 4412.6 333.98 -21.602 4388.8 334.86 48.249 4284 311.96
4.05 -40.978 4411.1 333.36 -13.293 4386.2 333.41 55.989 4279.4 311.27
4.0583 -34.021 4409.3 332.76 -5.0775 4383.4 332.02 63.671 4274.5 310.55
4.0667 -27.234 4407.4 332.16 3.0492 4380.4 330.67 71.277 4269.6 309.82
4.075 -20.632 4405.2 331.56 11.085 4377.1 329.38 78.796 4264.5 309.08
4.0833 -14.22 4402.8 330.92 19.029 4373.7 328.13 86.226 4259.2 308.34
4.0917 -7.9883 4400.2 330.26 26.879 4370.1 326.92 93.57 4253.9 307.61
4.1 -1.9158 4397.5 329.57 34.632 4366.4 325.76 100.84 4248.5 306.91
4.1083 4.0239 4394.7 328.85 42.289 4362.4 324.65 108.05 4243 306.23
4.1167 9.8606 4391.9 328.12 49.858 4358.3 323.57 115.21 4237.5 305.61
4.125 15.627 4388.9 327.38 57.341 4354.1 322.53 122.34 4231.8 305.03
4.1333 21.352 4385.9 326.65 64.753 4349.8 321.53 129.45 4226.1 304.51
4.1417 27.063 4382.9 325.94 72.1 4345.3 320.57 136.54 4220.4 304.04
4.15 32.778 4379.9 325.25 79.401 4340.7 319.64 143.61 4214.6 303.63
4.1583 38.514 4376.9 324.59 86.653 4335.9 318.76 150.65 4208.7 303.27
4.1667 44.277 4373.8 323.96 93.898 4331 317.92 157.65 4202.8 302.95
4.175 50.072 4370.8 323.36 101.11 4326 317.12 164.61 4196.9 302.65
4.1833 55.896 4367.7 322.8 108.31 4320.8 316.36 171.5 4191 302.38
4.1917 61.742 4364.6 322.26 115.5 4315.5 315.65 178.32 4185 302.12
4.2 67.603 4361.5 321.74 122.67 4310 314.98 185.06 4178.9 301.85
4.2083 73.472 4358.2 321.24 129.82 4304.4 314.35 191.71 4172.8 301.57
4.2167 79.336 4354.9 320.75 136.96 4298.7 313.76 198.29 4166.5 301.28
4.225 85.192 4351.4 320.28 144.07 4292.8 313.22 204.8 4160.2 300.98
4.2333 91.034 4347.7 319.83 151.15 4286.9 312.71 211.24 4153.9 300.65
4.2417 96.859 4343.9 319.39 158.2 4280.8 312.23 217.64 4147.4 300.32
4.25 102.67 4339.9 318.99 165.23 4274.7 311.79 224 4140.8 299.98
4.2583 108.47 4335.6 318.61 172.23 4268.4 311.37 230.34 4134.1 299.65
4.2667 114.25 4331.2 318.28 179.23 4262.1 310.97 236.66 4127.4 299.32
4.275 120.03 4326.5 317.98 186.22 4255.6 310.59 242.97 4120.5 299.01
4.2833 125.81 4321.6 317.73 193.21 4249 310.22 249.28 4113.6 298.73
4.2917 131.59 4316.5 317.53 200.22 4242.3 309.85 255.57 4106.7 298.47
4.3 137.38 4311.1 317.36 207.23 4235.5 309.48 261.83 4099.7 298.25
4.3083 143.19 4305.4 317.23 214.26 4228.4 309.11 268.07 4092.6 298.04
4.3167 149.01 4299.4 317.13 221.3 4221.2 308.73 274.28 4085.5 297.87
4.325 154.88 4293.2 317.04 228.34 4213.7 308.34 280.44 4078.3 297.72
4.3333 160.79 4286.6 316.96 235.36 4206.1 307.94 286.56 4070.9 297.59
4.3417 166.78 4279.8 316.89 242.36 4198.2 307.52 292.64 4063.5 297.47
4.35 172.86 4272.6 316.81 249.32 4190.1 307.1 298.68 4055.9 297.36
4.3583 179.05 4265 316.73 256.22 4181.7 306.66 304.71 4048.2 297.27
4.3667 185.39 4257.2 316.65 263.03 4173.2 306.23 310.71 4040.3 297.19
4.375 191.88 4249 316.57 269.78 4164.4 305.79 316.71 4032.2 297.11
4.3833 198.53 4240.5 316.5 276.43 4155.4 305.36 322.71 4024 297.05
4.3917 205.34 4231.7 316.44 282.97 4146.3 304.94 328.71 4015.6 297
4.4 212.31 4222.7 316.39 289.42 4137 304.54 334.71 4007.1 296.96
4.4083 219.39 4213.4 316.35 295.78 4127.6 304.17 340.7 3998.5 296.93
4.4167 226.57 4204 316.33 302.05 4118.2 303.82 346.67 3989.9 296.91
4.425 233.79 4194.4 316.31 308.23 4108.7 303.5 352.6 3981.2 296.9
4.4333 241.02 4184.8 316.28 314.35 4099.1 303.22 358.46 3972.6 296.88
4.4417 248.2 4175.1 316.25 320.4 4089.6 302.97 364.24 3964 296.87
4.45 255.29 4165.4 316.2 326.39 4080.1 302.77 369.92 3955.4 296.85
4.4583 262.26 4155.7 316.13 332.33 4070.7 302.6 375.49 3947 296.81
4.4667 269.07 4146 316.02 338.21 4061.5 302.48 380.93 3938.6 296.76
4.475 275.72 4136.5 315.88 344.03 4052.4 302.4 386.25 3930.4 296.7
4.4833 282.21 4127.2 315.7 349.79 4043.6 302.37 391.46 3922.2 296.61
4.4917 288.55 4117.9 315.47 355.49 4035 302.38 396.58 3914.2 296.51
4.5 294.76 4108.9 315.18 361.11 4026.6 302.44 401.62 3906.3 296.39
4.5083 300.89 4100 314.83 366.66 4018.5 302.53 406.61 3898.5 296.27
4.5167 306.95 4091.3 314.42 372.15 4010.7 302.67 411.59 3890.8 296.15
4.525 312.96 4082.7 313.94 377.56 4003.1 302.83 416.58 3883.2 296.05
4.5333 318.95 4074.1 313.4 382.91 3995.8 303.01 421.59 3875.7 295.95
4.5417 324.91 4065.7 312.81 388.22 3988.6 303.2 426.66 3868.4 295.88
4.55 330.85 4057.3 312.17 393.49 3981.7 303.39 431.78 3861.2 295.83
4.5583 336.78 4049 311.49 398.73 3974.9 303.58 436.97 3854 295.8
4.5667 342.7 4040.7 310.79 403.96 3968.1 303.75 442.21 3847 295.79
4.575 348.6 4032.4 310.08 409.2 3961.5 303.9 447.52 3840.1 295.8
4.5833 354.47 4024.1 309.37 414.44 3954.8 304.02 452.87 3833.3 295.82
4.5917 360.32 4015.9 308.69 419.7 3948.2 304.12 458.27 3826.6 295.84
4.6 366.12 4007.7 308.03 424.99 3941.5 304.2 463.7 3819.9 295.86
4.6083 371.88 3999.5 307.42 430.3 3934.8 304.25 469.16 3813.3 295.89
4.6167 377.59 3991.3 306.86 435.64 3928 304.29 474.65 3806.7 295.9
4.625 383.24 3983.1 306.36 441.01 3921.1 304.31 480.18 3800.1 295.91
4.6333 388.84 3974.9 305.92 446.42 3914.2 304.33 485.74 3793.5 295.92
4.6417 394.4 3966.7 305.54 451.86 3907.2 304.35 491.35 3786.9 295.92
4.65 399.92 3958.6 305.22 457.34 3900.1 304.37 497.01 3780.3 295.92
