0.0083333 -7.9945 7.3239 103.13 -42.148 113.91 94.367 -28.875 148.31 85.132
0.016667 -7.6064 15.365 103.27 -41.468 123.09 94.422 -27.861 157.19 85.077
0.025 -7.1715 23.73 103.4 -40.716 132.42 94.452 -26.78 166.12 85.017
0.033333 -6.6984 32.426 103.52 -39.891 141.92 94.456 -25.63 175.12 84.953
0.041667 -6.1997 41.457 103.65 -38.982 151.56 94.435 -24.411 184.18 84.884
0.05 -5.6937 50.82 103.76 -37.984 161.35 94.389 -23.124 193.31 84.813
0.058333 -5.2004 60.51 103.85 -36.894 171.3 94.32 -21.768 202.51 84.743
0.066667 -4.7392 70.513 103.93 -35.71 181.4 94.232 -20.345 211.77 84.676
0.075 -4.3256 80.814 103.99 -34.435 191.64 94.126 -18.856 221.11 84.615
0.083333 -3.9691 91.396 104.03 -33.074 202.01 94.006 -17.301 230.52 84.561
0.091667 -3.6717 102.23 104.04 -31.644 212.51 93.872 -15.682 240.02 84.512
0.1 -3.4259 113.3 104.02 -30.156 223.12 93.73 -14.001 249.59 84.467
0.10833 -3.2194 124.58 103.98 -28.634 233.81 93.579 -12.26 259.25 84.42
0.11667 -3.0315 136.03 103.91 -27.1 244.55 93.423 -10.463 269 84.364
0.125 -2.8385 147.61 103.81 -25.579 255.31 93.264 -8.6141 278.83 84.29
0.13333 -2.615 159.29 103.69 -24.096 266.05 93.106 -6.7218 288.75 84.191
0.14167 -2.3342 171.03 103.56 -22.673 276.74 92.953 -4.7962 298.75 84.057
0.15 -1.9704 182.78 103.42 -21.328 287.33 92.81 -2.8515 308.82 83.883
0.15833 -1.5047 194.51 103.26 -20.074 297.79 92.683 -0.90437 318.95 83.668
0.16667 -0.92698 206.19 103.11 -18.92 308.09 92.579 1.0258 329.13 83.411
0.175 -0.23933 217.78 102.95 -17.867 318.2 92.503 2.9177 339.34 83.119
0.18333 0.54243 229.27 102.79 -16.912 328.11 92.462 4.7488 349.56 82.801
0.19167 1.3924 240.66 102.62 -16.047 337.81 92.46 6.4981 359.77 82.468
0.2 2.2804 251.92 102.44 -15.261 347.3 92.499 8.1462 369.98 82.134
0.20833 3.1798 263.06 102.25 -14.539 356.61 92.58 9.6771 380.16 81.812
0.21667 4.0717 274.11 102.03 -13.869 365.75 92.701 11.08 390.3 81.514
0.225 4.9463 285.07 101.78 -13.238 374.75 92.858 12.348 400.41 81.251
0.23333 5.7993 295.96 101.51 -12.634 383.65 93.046 13.481 410.49 81.028
0.24167 6.6314 306.79 101.2 -12.048 392.46 93.257 14.484 420.54 80.849
0.25 7.4437 317.58 100.86 -11.476 401.22 93.486 15.364 430.57 80.713
0.25833 8.238 328.33 100.5 -10.915 409.96 93.723 16.135 440.59 80.614
0.26667 9.0152 339.05 100.11 -10.367 418.68 93.963 16.809 450.61 80.546
0.275 9.776 349.72 99.72 -9.8356 427.41 94.201 17.399 460.64 80.499
0.28333 10.517 360.34 99.324 -9.3245 436.14 94.431 17.918 470.69 80.463
0.29167 11.231 370.89 98.936 -8.8392 444.89 94.651 18.374 480.76 80.432
0.3 11.909 381.35 98.561 -8.3837 453.65 94.859 18.773 490.86 80.397
0.30833 12.536 391.73 98.206 -7.9612 462.43 95.054 19.118 500.98 80.354
0.31667 13.101 401.99 97.874 -7.5727 471.22 95.236 19.409 511.14 80.301
0.325 13.582 412.14 97.564 -7.2184 480.01 95.405 19.644 521.32 80.238
0.33333 13.975 422.16 97.272 -6.8965 488.82 95.561 19.82 531.52 80.168
0.34167 14.268 432.08 96.994 -6.6041 497.65 95.702 19.934 541.73 80.095
0.35 14.463 441.88 96.723 -6.3383 506.5 95.828 19.986 551.96 80.023
0.35833 14.565 451.59 96.453 -6.0954 515.39 95.937 19.978 562.19 79.954
0.36667 14.587 461.23 96.177 -5.8726 524.34 96.026 19.915 572.42 79.893
0.375 14.547 470.81 95.891 -5.667 533.35 96.094 19.805 582.66 79.838
0.38333 14.469 480.37 95.592 -5.4762 542.45 96.139 19.659 592.9 79.788
0.39167 14.374 489.91 95.279 -5.2986 551.64 96.159 19.492 603.13 79.742
0.4 14.285 499.45 94.955 -5.1328 560.94 96.157 19.317 613.36 79.694
0.40833 14.219 509.01 94.62 -4.9778 570.35 96.133 19.148 623.59 79.641
0.41667 14.188 518.58 94.279 -4.8333 579.88 96.09 18.999 633.81 79.578
0.425 14.194 528.17 93.935 -4.699 589.53 96.033 18.878 644.04 79.502
0.43333 14.236 537.77 93.592 -4.575 599.29 95.965 18.791 654.26 79.41
0.44167 14.305 547.39 93.251 -4.462 609.16 95.892 18.741 664.5 79.305
0.45 14.385 557.02 92.917 -4.3609 619.13 95.816 18.727 674.74 79.185
0.45833 14.461 566.66 92.591 -4.2726 629.18 95.74 18.745 684.99 79.054
0.46667 14.515 576.32 92.275 -4.1987 639.32 95.667 18.789 695.26 78.916
0.475 14.534 585.99 91.97 -4.1403 649.53 95.596 18.851 705.54 78.773
0.48333 14.505 595.71 91.678 -4.0983 659.82 95.526 18.925 715.85 78.628
0.49167 14.422 605.48 91.397 -4.0747 670.19 95.454 19.006 726.18 78.483
0.5 14.29 615.34 91.132 -4.0683 680.64 95.379 19.087 736.53 78.337
0.50833 14.116 625.29 90.884 -4.0787 691.19 95.298 19.168 746.89 78.188
0.51667 13.909 635.36 90.656 -4.1046 701.85 95.211 19.247 757.28 78.033
0.525 13.679 645.58 90.45 -4.1434 712.63 95.117 19.324 767.68 77.867
0.53333 13.436 655.94 90.269 -4.1926 723.53 95.018 19.401 778.09 77.687
0.54167 13.185 666.45 90.115 -4.2493 734.57 94.915 19.48 788.52 77.488
0.55 12.923 677.12 89.986 -4.3114 745.75 94.814 19.562 798.96 77.267
0.55833 12.65 687.95 89.879 -4.3783 757.07 94.718 19.646 809.44 77.023
0.56667 12.355 698.94 89.784 -4.4499 768.52 94.633 19.733 819.95 76.757
0.575 12.036 710.11 89.692 -4.5289 780.1 94.561 19.819 830.53 76.47
0.58333 11.688 721.44 89.591 -4.6191 791.78 94.506 19.903 841.18 76.168
0.59167 11.306 732.98 89.47 -4.7306 803.56 94.469 19.981 851.95 75.855
0.6 10.889 744.71 89.316 -4.8664 815.42 94.449 20.051 862.85 75.538
0.60833 10.437 756.65 89.124 -5.0388 827.35 94.443 20.11 873.91 75.222
0.61667 9.9543 768.8 88.888 -5.2545 839.34 94.447 20.159 885.15 74.912
0.625 9.4503 781.18 88.61 -5.5183 851.39 94.454 20.196 896.59 74.611
0.63333 8.9373 793.76 88.295 -5.8323 863.49 94.457 20.224 908.23 74.32
0.64167 8.4325 806.53 87.954 -6.1918 875.66 94.45 20.243 920.08 74.039
0.65 7.9531 819.46 87.603 -6.5868 887.89 94.424 20.257 932.12 73.766
0.65833 7.5158 832.51 87.258 -7.0024 900.21 94.376 20.267 944.32 73.5
0.66667 7.1302 845.62 86.935 -7.4151 912.6 94.299 20.276 956.67 73.24
0.675 6.799 858.74 86.646 -7.7975 925.08 94.19 20.284 969.12 72.983
0.68333 6.5175 871.8 86.401 -8.1212 937.63 94.047 20.294 981.65 72.733
0.69167 6.2746 884.76 86.202 -8.3531 950.26 93.869 20.308 994.21 72.491
0.7 6.054 897.56 86.044 -8.461 962.92 93.65 20.329 1006.8 72.263
0.70833 5.8412 910.17 85.92 -8.4172 975.61 93.389 20.365 1019.3 72.053
0.71667 5.6234 922.57 85.817 -8.1995 988.27 93.085 20.425 1031.9 71.87
0.725 5.3913 934.73 85.72 -7.7925 1000.9 92.733 20.525 1044.3 71.719
0.73333 5.141 946.68 85.615 -7.1887 1013.4 92.331 20.686 1056.8 71.604
0.74167 4.8726 958.41 85.49 -6.3885 1025.8 91.879 20.933 1069.2 71.527
0.75 4.597 969.96 85.339 -5.4001 1038 91.373 21.3 1081.6 71.487
0.75833 4.3298 981.37 85.16 -4.2382 1050 90.813 21.821 1093.9 71.477
0.76667 4.1052 992.67 84.955 -2.9218 1061.9 90.199 22.533 1106.3 71.489
0.775 3.966 1003.9 84.727 -1.4724 1073.5 89.533 23.473 1118.7 71.511
0.78333 3.9619 1015.1 84.481 0.088181 1085 88.818 24.673 1131.1 71.528
0.79167 4.1457 1026.2 84.223 1.7404 1096.3 88.06 26.162 1143.5 71.527
0.8 4.5638 1037.3 83.961 3.4684 1107.5 87.265 27.957 1155.8 71.491
0.80833 5.257 1048.3 83.7 5.2616 1118.6 86.44 30.069 1168.2 71.411
0.81667 6.2408 1059.2 83.445 7.1147 1129.6 85.594 32.494 1180.5 71.277
0.825 7.515 1070.1 83.2 9.0277 1140.5 84.735 35.221 1192.8 71.085
0.83333 9.0697 1080.9 82.964 11.006 1151.4 83.87 38.225 1205 70.835
0.84167 10.867 1091.6 82.735 13.056 1162.2 83.005 41.476 1217.1 70.534
0.85 12.871 1102.3 82.509 15.19 1173.1 82.143 44.937 1229.1 70.188
0.85833 15.04 1112.8 82.282 17.418 1183.9 81.288 48.566 1240.9 69.811
0.86667 17.323 1123.3 82.051 19.751 1194.7 80.44 52.324 1252.7 69.415
0.875 19.67 1133.7 81.812 22.196 1205.4 79.599 56.174 1264.3 69.012
0.88333 22.027 1144.1 81.565 24.759 1216.2 78.763 60.085 1275.9 68.615
0.89167 24.351 1154.4 81.31 27.442 1226.9 77.932 64.034 1287.3 68.233
0.9 26.612 1164.8 81.048 30.243 1237.5 77.106 68.004 1298.7 67.87
0.90833 28.794 1175.1 80.78 33.159 1248.2 76.283 71.988 1310 67.528
0.91667 30.897 1185.4 80.509 36.185 1258.8 75.467 75.987 1321.3 67.207
0.925 32.935 1195.8 80.235 39.313 1269.5 74.66 80.005 1332.5 66.901
0.93333 34.934 1206.1 79.962 42.536 1280.1 73.865 84.054 1343.6 66.605
0.94167 36.928 1216.4 79.688 45.849 1290.9 73.089 88.144 1354.7 66.311
0.95 38.953 1226.7 79.415 49.245 1301.6 72.337 92.287 1365.8 66.013
0.95833 41.043 1237.1 79.144 52.721 1312.5 71.615 96.494 1376.9 65.706
0.96667 43.227 1247.4 78.874 56.273 1323.4 70.929 100.77 1387.9 65.386
0.975 45.526 1257.8 78.607 59.898 1334.4 70.284 105.13 1398.9 65.052
0.98333 47.952 1268.1 78.343 63.596 1345.5 69.682 109.56 1409.9 64.704
0.99167 50.508 1278.5 78.086 67.366 1356.7 69.124 114.07 1420.8 64.347
1 53.195 1289 77.836 71.208 1368 68.612 118.65 1431.7 63.984
1.0083 56.008 1299.4 77.598 75.122 1379.3 68.145 123.3 1442.7 63.621
1.0167 58.943 1310 77.373 79.112 1390.7 67.72 128.02 1453.6 63.262
1.025 61.999 1320.6 77.166 83.177 1402.2 67.334 132.81 1464.4 62.913
1.0333 65.183 1331.2 76.979 87.323 1413.7 66.984 137.66 1475.3 62.575
1.0417 68.504 1341.9 76.817 91.551 1425.2 66.667 142.59 1486.2 62.252
1.05 71.974 1352.7 76.682 95.867 1436.8 66.381 147.58 1497 61.942
1.0583 75.603 1363.6 76.574 100.28 1448.5 66.122 152.65 1507.9 61.645
1.0667 79.393 1374.6 76.493 104.79 1460.2 65.889 157.8 1518.7 61.357
1.075 83.343 1385.8 76.437 109.41 1472 65.679 163.03 1529.5 61.078
1.0833 87.445 1397.1 76.399 114.16 1483.8 65.493 168.36 1540.4 60.804
1.0917 91.692 1408.5 76.378 119.03 1495.6 65.325 173.77 1551.2 60.534
1.1 96.081 1420 76.367 124.05 1507.5 65.173 179.27 1562 60.271
1.1083 100.61 1431.7 76.361 129.23 1519.4 65.035 184.87 1572.8 60.015
1.1167 105.28 1443.6 76.358 134.57 1531.3 64.903 190.55 1583.7 59.77
1.125 110.09 1455.7 76.351 140.09 1543.2 64.779 196.32 1594.6 59.543
1.1333 115.03 1468 76.341 145.8 1555.2 64.65 202.17 1605.6 59.337
1.1417 120.11 1480.4 76.323 151.69 1567.1 64.515 208.09 1616.6 59.16
1.15 125.32 1493.1 76.294 157.76 1579 64.369 214.09 1627.7 59.015
1.1583 130.65 1506 76.247 164.01 1591 64.208 220.15 1638.9 58.906
1.1667 136.09 1519 76.177 170.41 1602.9 64.028 226.28 1650.1 58.834
1.175 141.62 1532.2 76.075 176.94 1614.8 63.829 232.45 1661.4 58.8
1.1833 147.26 1545.4 75.929 183.57 1626.6 63.613 238.68 1672.6 58.798
1.1917 152.99 1558.7 75.729 190.25 1638.5 63.383 244.94 1683.9 58.825
1.2 158.81 1572.1 75.469 196.96 1650.4 63.142 251.22 1695.1 58.874
1.2083 164.7 1585.3 75.146 203.64 1662.3 62.897 257.51 1706.3 58.934
1.2167 170.68 1598.5 74.756 210.24 1674.1 62.654 263.78 1717.4 59
1.225 176.75 1611.4 74.307 216.73 1685.9 62.418 270.03 1728.5 59.06
1.2333 182.9 1624.2 73.804 223.07 1697.6 62.198 276.21 1739.5 59.11
1.2417 189.13 1636.8 73.26 229.22 1709.3 61.999 282.32 1750.4 59.142
1.25 195.42 1649.1 72.688 235.17 1720.9 61.825 288.34 1761.2 59.154
1.2583 201.74 1661.2 72.103 240.89 1732.3 61.681 294.23 1772 59.145
1.2667 208.06 1673.1 71.519 246.39 1743.6 61.568 299.99 1782.7 59.117
1.275 214.37 1684.8 70.943 251.67 1754.8 61.487 305.61 1793.4 59.072
1.2833 220.65 1696.4 70.384 256.74 1765.8 61.437 311.07 1804.1 59.016
1.2917 226.9 1707.9 69.848 261.63 1776.6 61.415 316.38 1814.8 58.955
1.3 233.09 1719.3 69.338 266.36 1787.3 61.419 321.53 1825.5 58.897
1.3083 239.22 1730.7 68.86 270.96 1797.9 61.444 326.53 1836.3 58.847
1.3167 245.28 1742 68.415 275.47 1808.3 61.487 331.39 1847.1 58.815
1.325 251.26 1753.2 68.001 279.91 1818.6 61.545 336.11 1858 58.803
1.3333 257.16 1764.4 67.617 284.31 1828.8 61.614 340.72 1869 58.819
1.3417 262.97 1775.5 67.258 288.68 1839.1 61.694 345.21 1880 58.864
1.35 268.7 1786.6 66.919 293.03 1849.2 61.782 349.61 1891.1 58.94
1.3583 274.35 1797.6 66.597 297.38 1859.4 61.88 353.92 1902.3 59.048
1.3667 279.92 1808.5 66.285 301.73 1869.6 61.989 358.14 1913.5 59.184
1.375 285.43 1819.5 65.982 306.08 1879.8 62.108 362.29 1924.8 59.345
1.3833 290.87 1830.4 65.685 310.43 1890 62.24 366.38 1936.1 59.525
1.3917 296.26 1841.2 65.392 314.77 1900.3 62.385 370.41 1947.5 59.72
1.4 301.62 1852 65.104 319.11 1910.6 62.544 374.39 1958.8 59.921
1.4083 306.95 1862.8 64.822 323.45 1920.9 62.715 378.32 1970.2 60.124
1.4167 312.27 1873.6 64.547 327.79 1931.3 62.897 382.22 1981.6 60.321
1.425 317.56 1884.3 64.279 332.13 1941.7 63.088 386.09 1992.9 60.507
1.4333 322.84 1895 64.019 336.49 1952.1 63.285 389.93 2004.2 60.68
1.4417 328.1 1905.7 63.763 340.87 1962.6 63.484 393.76 2015.4 60.838
1.45 333.35 1916.4 63.509 345.27 1973.1 63.681 397.58 2026.6 60.982
1.4583 338.57 1927 63.252 349.71 1983.7 63.871 401.4 2037.7 61.115
1.4667 343.77 1937.7 62.99 354.2 1994.3 64.052 405.22 2048.8 61.24
1.475 348.93 1948.4 62.718 358.73 2005 64.222 409.05 2059.9 61.365
1.4833 354.06 1959.1 62.435 363.32 2015.8 64.377 412.88 2071 61.495
1.4917 359.14 1969.8 62.143 367.95 2026.7 64.518 416.72 2082 61.636
1.5 364.19 1980.6 61.844 372.62 2037.6 64.645 420.56 2093.1 61.794
1.5083 369.19 1991.5 61.546 377.34 2048.7 64.757 424.42 2104.2 61.972
1.5167 374.16 2002.3 61.256 382.09 2059.8 64.858 428.28 2115.4 62.17
1.525 379.09 2013.3 60.981 386.87 2071.1 64.949 432.16 2126.6 62.387
1.5333 384 2024.2 60.73 391.67 2082.4 65.032 436.05 2137.9 62.618
1.5417 388.88 2035.2 60.506 396.47 2093.7 65.109 439.97 2149.2 62.856
1.55 393.78 2046.3 60.311 401.28 2105.2 65.182 443.91 2160.5 63.094
1.5583 398.69 2057.4 60.142 406.09 2116.7 65.254 447.87 2171.9 63.322
1.5667 403.63 2068.6 59.993 410.89 2128.3 65.326 451.86 2183.3 63.534
1.575 408.63 2080 59.858 415.69 2139.9 65.4 455.89 2194.7 63.723
1.5833 413.68 2091.4 59.733 420.48 2151.6 65.476 459.95 2206 63.884
1.5917 418.78 2102.9 59.614 425.27 2163.4 65.558 464.04 2217.4 64.015
1.6 423.92 2114.6 59.501 430.06 2175.2 65.647 468.16 2228.8 64.117
1.6083 429.07 2126.4 59.395 434.85 2187.1 65.74 472.32 2240.1 64.194
1.6167 434.23 2138.3 59.291 439.64 2199.2 65.865 476.5 2251.5 64.25
1.625 439.38 2150.4 59.19 444.42 2211.2 65.988 480.72 2263 64.293
1.6333 444.52 2162.6 59.086 449.2 2223.4 66.127 484.95 2274.5 64.327
1.6417 449.68 2175.1 58.978 453.98 2235.7 66.303 489.22 2286.2 64.359
1.65 454.87 2187.8 58.865 458.72 2248.1 66.481 493.51 2298 64.391
1.6583 460.1 2200.7 58.748 463.43 2260.5 66.663 497.83 2309.9 64.423
1.6667 465.41 2214 58.631 468.15 2273.1 66.873 502.17 2321.9 64.457
1.675 470.8 2227.4 58.522 472.82 2285.7 67.077 506.56 2334.1 64.486
1.6833 476.29 2241.1 58.431 477.48 2298.4 67.295 510.98 2346.4 64.507
1.6917 481.89 2255.1 58.375 482.12 2311.3 67.515 515.44 2358.9 64.513
1.7 487.56 2269.2 58.365 486.76 2324.1 67.727 519.93 2371.4 64.502
1.7083 493.28 2283.4 58.421 491.41 2337.1 67.93 524.46 2383.9 64.471
1.7167 499.02 2297.7 58.553 496.08 2350.1 68.119 529.02 2396.5 64.42
1.725 504.74 2311.9 58.769 500.81 2363.2 68.288 533.61 2409.1 64.354
1.7333 510.39 2326.1 59.068 505.61 2376.2 68.431 538.21 2421.6 64.281
1.7417 515.93 2340.1 59.443 510.49 2389.3 68.544 542.83 2434.2 64.213
1.75 521.35 2354 59.879 515.47 2402.3 68.626 547.45 2446.7 64.162
1.7583 526.63 2367.7 60.353 520.57 2415.2 68.672 552.07 2459.1 64.142
1.7667 531.75 2381.2 60.841 525.78 2427.9 68.68 556.7 2471.5 64.166
1.775 536.74 2394.4 61.315 531.09 2440.6 68.65 561.34 2483.9 64.243
1.7833 541.59 2407.3 61.754 536.5 2453 68.58 566.01 2496.3 64.38
1.7917 546.35 2420 62.142 542 2465.2 68.47 570.72 2508.7 64.577
1.8 551.04 2432.5 62.475 547.54 2477.2 68.322 575.51 2521 64.827
1.8083 555.69 2444.8 62.754 553.12 2488.9 68.137 580.39 2533.4 65.12
1.8167 560.33 2457 62.985 558.71 2500.4 67.919 585.4 2545.6 65.439
1.825 565 2469 63.176 564.28 2511.6 67.669 590.55 2557.9 65.766
1.8333 569.71 2481 63.334 569.83 2522.7 67.393 595.88 2570.1 66.081
1.8417 574.49 2492.8 63.472 575.34 2533.6 67.094 601.4 2582.2 66.364
1.85 579.36 2504.5 63.598 580.81 2544.3 66.777 607.11 2594.2 66.6
1.8583 584.33 2516 63.722 586.26 2554.9 66.444 613.02 2606.1 66.776
1.8667 589.42 2527.5 63.852 591.69 2565.5 66.102 619.13 2617.8 66.887
1.875 594.62 2538.8 63.993 597.12 2576 65.752 625.4 2629.4 66.933
1.8833 599.94 2549.9 64.15 602.56 2586.4 65.398 631.82 2640.9 66.92
1.8917 605.36 2560.9 64.323 608.04 2596.9 65.044 638.35 2652.2 66.86
1.9 610.88 2571.8 64.511 613.58 2607.3 64.69 644.96 2663.5 66.768
1.9083 616.46 2582.6 64.714 619.17 2617.8 64.338 651.61 2674.6 66.659
1.9167 622.11 2593.3 64.93 624.84 2628.3 63.99 658.27 2685.6 66.549
1.925 627.78 2603.9 65.158 630.58 2638.8 63.646 664.91 2696.5 66.454
1.9333 633.46 2614.5 65.397 636.38 2649.4 63.308 671.52 2707.4 66.383
1.9417 639.12 2625.1 65.645 642.26 2659.9 62.978 678.07 2718.2 66.342
1.95 644.75 2635.6 65.904 648.2 2670.5 62.656 684.58 2729 66.333
1.9583 650.34 2646.1 66.172 654.19 2681.1 62.347 691.04 2739.7 66.353
1.9667 655.88 2656.6 66.452 660.37 2691.9 62.051 696.43 2750.3 67.239
1.975 661.4 2667.1 66.741 666.46 2702.6 61.776 702.84 2760.9 67.3
1.9833 666.9 2677.6 67.04 672.58 2713.4 61.523 709.27 2771.5 67.362
1.9917 672.42 2688 67.348 678.76 2724.3 61.295 715.73 2782 67.417
2 677.98 2698.4 67.663 684.98 2735.2 61.095 722.24 2792.5 67.456
2.0083 683.61 2708.9 67.985 691.26 2746.3 60.926 728.82 2803 67.478
2.0167 689.34 2719.3 68.308 697.59 2757.4 60.788 735.46 2813.4 67.481
2.025 695.19 2729.7 68.627 703.98 2768.6 60.682 742.16 2823.9 67.47
2.0333 701.18 2740.2 68.94 710.43 2779.9 60.608 748.93 2834.3 67.452
2.0417 707.3 2750.6 69.241 716.95 2791.2 60.565 755.74 2844.7 67.438
2.05 713.57 2761.1 69.523 723.52 2802.6 60.551 762.58 2855.2 67.436
2.0583 719.97 2771.7 69.791 730.15 2814.1 60.562 769.43 2865.7 67.457
2.0667 726.5 2782.3 70.043 736.84 2825.6 60.598 776.27 2876.2 67.507
2.075 733.14 2792.9 70.277 743.59 2837.1 60.654 783.1 2886.7 67.591
2.0833 739.9 2803.6 70.5 750.39 2848.6 60.728 789.92 2897.2 67.707
2.0917 746.75 2814.5 70.716 757.26 2860.2 60.815 796.72 2907.7 67.853
2.1 753.7 2825.4 70.93 764.19 2871.8 60.913 803.51 2918.2 68.02
2.1083 760.7 2836.4 71.142 771.19 2883.4 61.017 810.3 2928.7 68.199
2.1167 767.76 2847.6 71.351 778.28 2895 61.124 817.12 2939.1 68.379
2.125 774.84 2858.8 71.552 785.47 2906.7 61.226 823.98 2949.5 68.552
2.1333 781.97 2870.2 71.743 792.76 2918.3 61.327 830.89 2960 68.711
2.1417 789.15 2881.6 71.914 800.16 2930.1 61.412 837.89 2970.4 68.852
2.15 796.4 2893.1 72.063 807.68 2941.8 61.485 844.97 2980.8 68.977
2.1583 803.76 2904.7 72.183 815.33 2953.5 61.536 852.13 2991.3 69.091
2.1667 811.23 2916.4 72.272 823.11 2965.2 61.563 859.39 3001.9 69.202
2.175 818.84 2928.3 72.326 831.01 2976.9 61.562 866.72 3012.5 69.322
2.1833 826.57 2940.4 72.343 839.02 2988.5 61.532 874.12 3023.2 69.463
2.1917 834.42 2952.6 72.319 847.14 3000.1 61.473 881.58 3034.1 69.635
2.2 842.37 2965 72.249 855.34 3011.7 61.386 889.07 3045 69.846
2.2083 850.39 2977.6 72.129 863.6 3023.2 61.27 896.58 3056 70.098
2.2167 858.45 2990.4 71.951 871.9 3034.7 61.132 904.1 3067.1 70.387
2.225 866.51 3003.3 71.711 880.21 3046.1 60.975 911.63 3078.3 70.704
2.2333 874.54 3016.2 71.406 888.5 3057.5 60.81 919.15 3089.4 71.034
2.2417 882.51 3029 71.04 896.74 3068.9 60.636 926.68 3100.5 71.359
2.25 890.4 3041.8 70.618 904.9 3080.3 60.468 934.2 3111.5 71.66
2.2583 898.23 3054.4 70.152 912.94 3091.7 60.312 941.72 3122.5 71.915
2.2667 905.99 3066.8 69.656 920.84 3103.1 60.174 949.25 3133.3 72.109
2.275 913.71 3078.9 69.147 928.57 3114.5 60.064 956.78 3144.1 72.228
2.2833 921.38 3090.7 68.641 936.11 3126 59.986 964.29 3154.7 72.266
2.2917 929.01 3102.3 68.154 943.44 3137.4 59.945 971.78 3165.3 72.225
2.3 936.59 3113.6 67.701 950.55 3148.7 59.944 979.23 3175.9 72.112
2.3083 944.13 3124.6 67.288 957.42 3160 59.984 986.61 3186.4 71.939
2.3167 951.65 3135.5 66.918 964.07 3171.2 60.065 993.89 3197 71.726
2.325 959.16 3146.2 66.589 970.49 3182.3 60.183 1001 3207.6 71.493
2.3333 966.68 3156.8 66.295 976.7 3193.3 60.334 1008.1 3218.3 71.261
2.3417 974.2 3167.4 66.033 982.73 3204 60.517 1014.9 3229.1 71.048
2.35 981.7 3177.9 65.797 988.59 3214.7 60.727 1021.5 3240 70.868
2.3583 989.16 3188.4 65.577 994.32 3225.1 60.956 1028 3251.1 70.731
2.3667 996.55 3198.9 65.366 999.95 3235.4 61.202 1034.3 3262.2 70.639
2.375 1003.8 3209.4 65.157 1005.5 3245.6 61.461 1040.4 3273.5 70.589
2.3833 1011 3219.8 64.943 1011 3255.7 61.732 1046.3 3284.9 70.575
2.3917 1018 3230.3 64.719 1016.5 3265.7 62.012 1052.1 3296.3 70.587
2.4 1024.8 3240.7 64.483 1021.9 3275.7 62.301 1057.7 3307.8 70.613
2.4083 1031.5 3251.1 64.232 1027.4 3285.7 62.6 1063.2 3319.3 70.645
2.4167 1038 3261.5 63.968 1032.8 3295.7 62.906 1068.7 3330.8 70.675
2.425 1044.3 3271.8 63.696 1038.3 3305.8 63.219 1074 3342.3 70.7
2.4333 1050.5 3282.2 63.42 1043.7 3315.9 63.537 1079.3 3353.8 70.72
2.4417 1056.6 3292.5 63.145 1049.2 3326.1 63.856 1084.6 3365.3 70.738
2.45 1062.6 3302.8 62.878 1054.6 3336.4 64.172 1089.7 3376.8 70.76
2.4583 1068.5 3313.1 62.621 1060 3346.7 64.479 1094.8 3388.2 70.793
2.4667 1074.4 3323.4 62.379 1065.4 3357.1 64.773 1099.8 3399.7 70.846
2.475 1080.2 3333.7 62.149 1070.8 3367.6 65.047 1104.7 3411.1 70.922
2.4833 1086.1 3344 61.93 1076.1 3378.1 65.297 1109.6 3422.5 71.026
2.4917 1091.9 3354.3 61.715 1081.5 3388.7 65.517 1114.4 3433.8 71.158
2.5 1097.7 3364.6 61.5 1086.9 3399.3 65.707 1119.2 3445.1 71.313
2.5083 1103.5 3374.9 61.278 1092.3 3410 65.866 1123.9 3456.4 71.487
2.5167 1109.3 3385.2 61.045 1097.8 3420.7 65.996 1128.7 3467.6 71.669
2.525 1115 3395.5 60.797 1103.3 3431.5 66.1 1133.5 3478.8 71.85
2.5333 1120.6 3405.8 60.537 1108.8 3442.4 66.185 1138.3 3490 72.022
2.5417 1126.2 3416.2 60.269 1114.4 3453.4 66.256 1143.3 3501.1 72.176
2.55 1131.8 3426.6 59.999 1119.9 3464.5 66.319 1148.3 3512.1 72.305
2.5583 1137.3 3437.1 59.738 1125.5 3475.6 66.38 1153.4 3523.2 72.408
2.5667 1142.7 3447.6 59.494 1131.1 3486.9 66.445 1158.6 3534.2 72.483
2.575 1148.1 3458.1 59.274 1136.8 3498.2 66.515 1163.9 3545.2 72.535
2.5833 1153.4 3468.7 59.083 1142.4 3509.7 66.592 1169.2 3556.2 72.567
2.5917 1158.8 3479.4 58.918 1148 3521.2 66.675 1174.6 3567.2 72.586
2.6 1164.1 3490.2 58.776 1153.6 3532.8 66.762 1180.1 3578.3 72.599
2.6083 1169.5 3501.2 58.649 1159.1 3544.4 66.849 1185.5 3589.4 72.61
2.6167 1174.9 3512.3 58.53 1164.7 3556.2 66.93 1191 3600.6 72.625
2.625 1180.4 3523.5 58.414 1170.2 3568 67 1196.4 3611.8 72.645
2.6333 1186 3534.9 58.301 1175.8 3579.9 67.075 1201.8 3623 72.671
2.6417 1191.6 3546.4 58.191 1181.4 3591.8 67.125 1207.1 3634.4 72.701
2.65 1197.2 3558.1 58.084 1186.9 3603.9 67.199 1212.4 3645.8 72.731
2.6583 1202.8 3569.8 57.98 1192.5 3616.1 67.272 1217.7 3657.2 72.757
2.6667 1208.4 3581.6 57.874 1198 3628.4 67.329 1222.9 3668.8 72.765
2.675 1213.9 3593.6 57.768 1203.6 3640.8 67.429 1228.1 3680.4 72.77
2.6833 1219.5 3605.8 57.656 1209 3653.2 67.51 1233.4 3692.1 72.747
2.6917 1225.2 3618.1 57.542 1214.5 3665.7 67.629 1239.3 3704 72.016
2.7 1230.9 3630.7 57.428 1219.9 3678.3 67.761 1244.5 3715.9 71.963
2.7083 1236.6 3643.5 57.32 1225.2 3691 67.913 1249.7 3727.9 71.893
2.7167 1242.5 3656.6 57.228 1230.5 3703.8 68.084 1255 3740.1 71.813
2.725 1248.5 3669.9 57.165 1235.8 3716.6 68.273 1260.2 3752.4 71.725
2.7333 1254.5 3683.5 57.148 1241 3729.4 68.476 1265.4 3764.8 71.637
2.7417 1260.6 3697.2 57.191 1246.2 3742.3 68.683 1270.6 3777.3 71.554
2.75 1266.8 3711.1 57.307 1251.4 3755.2 68.895 1275.8 3789.9 71.482
2.7583 1272.9 3725 57.51 1256.5 3768.2 69.103 1281 3802.6 71.425
2.7667 1279 3738.9 57.79 1261.7 3781.1 69.294 1286.2 3815.4 71.387
2.775 1285 3752.8 58.155 1266.9 3794.1 69.468 1291.3 3828.3 71.372
2.7833 1290.9 3766.5 58.592 1272.2 3807 69.618 1296.3 3841.2 71.381
2.7917 1296.7 3780.1 59.083 1277.6 3819.8 69.74 1301.4 3854.1 71.415
2.8 1302.3 3793.5 59.608 1283 3832.5 69.832 1306.5 3867 71.475
2.8083 1307.7 3806.6 60.142 1288.5 3845.1 69.894 1311.6 3879.9 71.562
2.8167 1313 3819.4 60.662 1294 3857.5 69.927 1316.7 3892.7 71.675
2.825 1318.1 3832.1 61.149 1299.6 3869.7 69.933 1321.8 3905.5 71.812
2.8333 1323.1 3844.4 61.593 1305.2 3881.7 69.914 1327 3918.3 71.972
2.8417 1328 3856.6 61.991 1310.8 3893.4 69.873 1332.3 3930.9 72.151
2.85 1332.7 3868.7 62.35 1316.3 3904.9 69.812 1337.6 3943.5 72.346
2.8583 1337.4 3880.6 62.667 1321.9 3916.2 69.732 1343 3956.1 72.552
2.8667 1342 3892.5 62.961 1327.4 3927.2 69.635 1348.5 3968.6 72.763
2.875 1346.5 3904.4 63.237 1332.9 3938 69.52 1354.1 3981 72.972
2.8833 1351 3916.2 63.506 1338.3 3948.6 69.387 1359.7 3993.4 73.175
2.8917 1355.6 3927.9 63.776 1343.7 3959.1 69.237 1365.4 4005.7 73.366
2.9 1360.1 3939.5 64.056 1349 3969.5 69.069 1371.3 4018.1 73.54
2.9083 1364.8 3951.1 64.351 1354.3 3979.9 68.883 1377.1 4030.3 73.696
2.9167 1369.5 3962.6 64.665 1359.7 3990.2 68.682 1383 4042.6 73.833
2.925 1374.3 3974 64.998 1365 4000.5 68.466 1389 4054.8 73.953
2.9333 1379.2 3985.2 65.35 1370.4 4010.9 68.234 1394 4066.8 74.948
2.9417 1384.2 3996.3 65.718 1375.8 4021.2 68 1400 4078.9 75.064
2.95 1389.3 4007.3 66.1 1381.1 4031.5 67.763 1406 4091.1 75.175
2.9583 1394.4 4018.1 66.492 1386.6 4041.9 67.527 1412.1 4103.1 75.284
2.9667 1399.7 4028.9 66.894 1392 4052.4 67.297 1418.2 4115.2 75.396
2.975 1404.9 4039.5 67.305 1397.4 4062.9 67.076 1424.2 4127.1 75.512
2.9833 1410.1 4050.1 67.724 1402.9 4073.4 66.869 1430.3 4139 75.634
2.9917 1415.4 4060.7 68.152 1408.5 4084 66.678 1436.4 4150.9 75.761
3 1420.5 4071.2 68.591 1414 4094.6 66.506 1442.4 4162.6 75.893
3.0083 1425.6 4081.6 69.042 1419.6 4105.3 66.354 1448.5 4174.3 76.025
3.0167 1430.7 4092 69.507 1425.1 4116 66.222 1454.5 4185.9 76.155
3.025 1435.7 4102.4 69.984 1430.8 4126.8 66.109 1460.6 4197.4 76.279
3.0333 1440.6 4112.8 70.477 1436.4 4137.7 66.016 1466.6 4208.8 76.395
3.0417 1445.6 4123.1 70.98 1442.1 4148.7 65.94 1472.7 4220.1 76.499
3.05 1450.6 4133.5 71.492 1447.8 4159.8 65.879 1478.8 4231.4 76.593
3.0583 1455.7 4143.9 72.008 1453.5 4171 65.833 1484.8 4242.7 76.676
3.0667 1460.9 4154.3 72.522 1459.2 4182.2 65.801 1491 4253.9 76.749
3.075 1466.3 4164.8 73.025 1465 4193.5 65.78 1497.1 4265.2 76.816
3.0833 1471.8 4175.3 73.511 1470.8 4204.9 65.77 1503.3 4276.4 76.879
3.0917 1477.5 4186 73.971 1476.6 4216.4 65.772 1509.5 4287.6 76.941
3.1 1483.4 4196.7 74.4 1482.4 4227.9 65.784 1515.7 4298.9 77.004
3.1083 1489.5 4207.5 74.796 1488.2 4239.4 65.807 1522 4310.1 77.069
3.1167 1495.7 4218.4 75.158 1494.1 4251 65.842 1528.3 4321.4 77.134
3.125 1502 4229.4 75.486 1499.9 4262.6 65.886 1534.6 4332.8 77.199
3.1333 1508.4 4240.5 75.799 1505.8 4274.2 65.945 1541 4344.1 77.26
3.1417 1515 4251.7 76.091 1511.8 4285.9 66.012 1547.4 4355.5 77.315
3.15 1521.6 4263 76.374 1517.7 4297.6 66.088 1553.8 4366.9 77.361
3.1583 1528.2 4274.4 76.646 1523.8 4309.3 66.169 1560.2 4378.3 77.398
3.1667 1534.7 4286 76.907 1529.9 4321.1 66.255 1566.6 4389.7 77.424
3.175 1541.2 4297.5 77.15 1536.1 4332.9 66.343 1573.1 4401.2 77.444
3.1833 1547.7 4309.2 77.367 1542.4 4344.8 66.422 1579.5 4412.6 77.46
3.1917 1554.1 4320.9 77.553 1548.7 4356.7 66.493 1586 4424.1 77.479
3.2 1560.5 4332.6 77.703 1555.2 4368.7 66.545 1592.5 4435.7 77.508
3.2083 1566.9 4344.5 77.812 1561.8 4380.7 66.577 1599 4447.3 77.557
3.2167 1573.4 4356.5 77.88 1568.4 4392.7 66.584 1605.4 4459 77.632
3.225 1580 4368.7 77.908 1575.2 4404.7 66.561 1611.9 4470.8 77.739
3.2333 1586.6 4381.2 77.896 1582 4416.8 66.509 1618.4 4482.6 77.883
3.2417 1593.3 4393.9 77.845 1589 4428.8 66.429 1624.8 4494.5 78.065
3.25 1600.1 4406.8 77.755 1596 4440.9 66.323 1631.2 4506.5 78.282
3.2583 1606.9 4420 77.625 1603 4452.9 66.194 1637.7 4518.6 78.529
3.2667 1613.7 4433.3 77.452 1610.1 4464.9 66.053 1644 4530.7 78.795
3.275 1620.5 4446.8 77.235 1617.1 4477 65.907 1650.4 4542.9 79.07
3.2833 1627.2 4460.3 76.973 1624.1 4489 65.766 1656.8 4555.1 79.341
3.2917 1633.9 4473.7 76.672 1631.1 4501.1 65.64 1663.1 4567.2 79.594
3.3 1640.5 4486.9 76.337 1638 4513.2 65.537 1669.4 4579.4 79.817
3.3083 1647 4500 75.98 1644.8 4525.3 65.468 1675.7 4591.5 79.999
3.3167 1653.4 4512.8 75.61 1651.4 4537.5 65.438 1682 4603.5 80.133
3.325 1659.8 4525.3 75.24 1657.9 4549.6 65.454 1688.3 4615.4 80.213
3.3333 1666.2 4537.4 74.883 1664.2 4561.7 65.52 1694.5 4627.3 80.24
3.3417 1672.5 4549.3 74.548 1670.2 4573.8 65.635 1700.7 4639.1 80.215
3.35 1678.8 4561 74.244 1676 4585.8 65.799 1706.8 4650.9 80.145
3.3583 1685 4572.4 73.977 1681.6 4597.6 66.009 1712.8 4662.6 80.037
3.3667 1691.3 4583.6 73.746 1686.9 4609.4 66.26 1718.6 4674.3 79.904
3.375 1697.6 4594.8 73.549 1691.9 4620.9 66.546 1724.3 4686 79.758
3.3833 1703.8 4605.8 73.38 1696.8 4632.3 66.859 1729.9 4697.7 79.611
3.3917 1710.1 4616.8 73.232 1701.5 4643.5 67.189 1735.2 4709.5 79.477
3.4 1716.3 4627.8 73.104 1705.9 4654.5 67.541 1740.3 4721.2 79.364
3.4083 1722.4 4638.8 72.988 1710.3 4665.3 67.898 1745.2 4733.1 79.284
3.4167 1728.4 4649.7 72.877 1714.5 4676 68.261 1749.9 4745 79.242
3.425 1734.1 4660.6 72.767 1718.6 4686.6 68.628 1754.3 4757 79.243
3.4333 1739.7 4671.5 72.653 1722.7 4697.1 68.997 1758.5 4769 79.285
3.4417 1745.1 4682.3 72.529 1726.7 4707.6 69.369 1762.5 4781 79.37
3.45 1750.2 4693.1 72.395 1730.7 4718.1 69.745 1766.2 4793.1 79.491
3.4583 1755 4703.8 72.248 1734.6 4728.7 70.124 1769.8 4805.2 79.643
3.4667 1759.6 4714.5 72.088 1738.6 4739.3 70.508 1773.2 4817.2 79.819
3.475 1764 4725.1 71.918 1742.5 4749.9 70.895 1776.4 4829.2 80.011
3.4833 1768.3 4735.8 71.739 1746.4 4760.6 71.285 1779.5 4841.2 80.213
3.4917 1772.3 4746.4 71.558 1750.2 4771.4 71.674 1782.4 4853.2 80.418
3.5 1776.3 4757.1 71.371 1754 4782.2 72.058 1785.3 4865 80.623
3.5083 1780.2 4767.7 71.186 1757.8 4793.1 72.433 1788 4876.9 80.824
3.5167 1784 4778.4 71.004 1761.5 4803.9 72.795 1790.6 4888.6 81.023
3.525 1787.9 4789.1 70.823 1765.1 4814.8 73.138 1793.1 4900.3 81.222
3.5333 1791.7 4799.8 70.641 1768.7 4825.7 73.456 1795.5 4912 81.427
3.5417 1795.5 4810.5 70.454 1772.3 4836.6 73.747 1797.8 4923.6 81.642
3.55 1799.3 4821.2 70.254 1775.8 4847.6 74.007 1800 4935.2 81.874
3.5583 1803.2 4831.9 70.038 1779.3 4858.5 74.234 1802.2 4946.7 82.128
3.5667 1807 4842.5 69.802 1782.7 4869.5 74.427 1804.3 4958.3 82.409
3.575 1810.8 4853.2 69.546 1786.2 4880.5 74.585 1806.4 4969.8 82.718
3.5833 1814.6 4863.8 69.273 1789.5 4891.6 74.71 1808.5 4981.3 83.053
3.5917 1818.4 4874.5 68.992 1792.9 4902.8 74.803 1810.5 4992.9 83.412
3.6 1822.1 4885.2 68.713 1796.2 4914.1 74.866 1812.6 5004.5 83.786
3.6083 1825.8 4896 68.45 1799.4 4925.4 74.902 1814.6 5016.1 84.168
3.6167 1829.5 4906.9 68.217 1802.6 4936.7 74.912 1816.7 5027.8 84.547
3.625 1833.2 4917.9 68.026 1805.8 4948.1 74.9 1818.8 5039.6 84.916
3.6333 1836.8 4929 67.885 1808.9 4959.6 74.869 1820.9 5051.3 85.267
3.6417 1840.3 4940.3 67.796 1812 4971.1 74.822 1823.1 5063.2 85.598
3.65 1843.9 4951.7 67.755 1815 4982.6 74.763 1825.2 5075.1 85.907
3.6583 1847.3 4963.4 67.754 1817.9 4994.1 74.697 1827.4 5087 86.2
3.6667 1850.8 4975.2 67.78 1820.9 5005.6 74.627 1829.5 5098.9 86.485
3.675 1854.2 4987.2 67.819 1823.7 5017.1 74.558 1831.6 5110.8 86.774
3.6833 1857.5 4999.3 67.859 1826.6 5028.6 74.495 1833.6 5122.7 87.08
3.6917 1860.8 5011.5 67.889 1829.4 5040.2 74.441 1835.5 5134.7 87.417
3.7 1864.1 5023.8 67.904 1832.2 5051.9 74.401 1837.4 5146.6 87.797
3.7083 1867.3 5036.2 67.889 1835 5063.6 74.377 1839.2 5158.5 88.228
3.7167 1870.4 5048.7 67.854 1837.8 5075.4 74.375 1840.9 5170.4 88.714
3.725 1873.4 5061.3 67.789 1840.5 5087.3 74.395 1842.6 5182.4 89.255
3.7333 1876.4 5073.9 67.7 1843.2 5099.3 74.44 1844.2 5194.4 89.845
3.7417 1879.4 5086.8 67.595 1845.9 5111.3 74.512 1845.7 5206.5 90.472
3.75 1882.4 5099.7 67.485 1848.5 5123.4 74.612 1847.1 5218.7 91.123
3.7583 1885.3 5112.9 67.382 1851 5135.6 74.739 1848.5 5231 91.784
3.7667 1888.3 5126.3 67.302 1853.5 5147.9 74.894 1849.9 5243.4 92.44
3.775 1891.3 5139.9 67.26 1855.8 5160.2 75.076 1851.3 5256 93.08
3.7833 1894.3 5153.8 67.268 1858.1 5172.5 75.284 1852.6 5268.7 93.697
3.7917 1897.4 5167.8 67.337 1860.3 5184.9 75.517 1853.8 5281.4 94.289
3.8 1900.4 5181.9 67.478 1862.4 5197.2 75.773 1855.1 5294.2 94.86
3.8083 1903.4 5196.2 67.691 1864.5 5209.6 76.053 1856.3 5307 95.418
3.8167 1906.3 5210.4 67.977 1866.5 5221.9 76.353 1857.4 5319.8 95.975
3.825 1909.1 5224.6 68.326 1868.5 5234.2 76.673 1858.4 5332.6 96.545
3.8333 1911.8 5238.6 68.729 1870.5 5246.6 77.01 1859.4 5345.3 97.142
3.8417 1914.3 5252.4 69.171 1872.6 5258.8 77.361 1860.3 5357.9 97.777
3.85 1916.6 5266.1 69.637 1874.7 5271.1 77.722 1861.2 5370.3 98.458
3.8583 1918.8 5279.4 70.108 1876.8 5283.2 78.089 1862 5382.7 99.187
3.8667 1920.7 5292.5 70.572 1879 5295.3 78.457 1862.7 5394.9 99.962
3.875 1922.5 5305.2 71.015 1881.3 5307.2 78.821 1863.4 5407 100.77
3.8833 1924.1 5317.7 71.432 1883.6 5319 79.175 1864 5419.1 101.61
3.8917 1925.5 5330 71.822 1885.9 5330.6 79.513 1864.6 5431.1 102.46
3.9 1926.8 5342.1 72.195 1888.3 5342 79.829 1865.3 5443 103.3
3.9083 1928 5354.1 72.557 1890.7 5353.2 80.121 1865.9 5454.9 104.13
3.9167 1929.1 5366.1 72.922 1893 5364.1 80.385 1866.6 5466.8 104.93
3.925 1930 5377.9 73.298 1895.3 5374.8 80.621 1867.4 5478.7 105.7
3.9333 1930.9 5389.8 73.696 1897.5 5385.3 80.83 1868.2 5490.6 106.44
3.9417 1931.8 5401.5 74.118 1899.7 5395.6 81.018 1869 5502.3 107.15
3.95 1932.6 5413.3 74.572 1901.8 5405.7 81.188 1869.9 5514.1 107.84
3.9583 1933.5 5424.9 75.053 1903.9 5415.7 81.346 1870.9 5525.7 108.52
3.9667 1934.4 5436.5 75.566 1905.9 5425.6 81.5 1871.9 5537.2 109.2
3.975 1935.3 5448 76.104 1907.8 5435.5 81.655 1872.9 5548.6 109.9
3.9833 1936.2 5459.3 76.664 1909.7 5445.4 81.818 1874 5559.9 110.6
3.9917 1937.2 5470.5 77.24 1911.6 5455.3 81.994 1875.1 5571 111.32
4 1938.3 5481.6 77.829 1913.5 5465.3 82.188 1876.2 5582 112.06
4.0083 1939.3 5492.5 78.427 1915.3 5475.4 82.403 1877.2 5592.8 112.81
4.0167 1940.4 5503.3 79.033 1917.2 5485.5 82.641 1878.3 5603.6 113.56
4.025 1941.4 5513.9 79.644 1919 5495.8 82.904 1879.3 5614.2 114.3
4.0333 1942.5 5524.4 80.261 1920.9 5506.1 83.192 1880.4 5624.8 115.02
4.0417 1943.4 5534.9 80.884 1922.8 5516.4 83.503 1881.4 5635.3 115.72
4.05 1944.4 5545.3 81.517 1924.6 5526.8 83.838 1882.4 5645.7 116.38
4.0583 1945.2 5555.6 82.16 1926.5 5537.3 84.192 1883.3 5656.1 117.01
4.0667 1946.1 5565.9 82.819 1928.3 5547.8 84.564 1884.3 5666.4 117.6
4.075 1946.8 5576.2 83.494 1930 5558.3 84.95 1885.2 5676.7 118.15
4.0833 1947.6 5586.4 84.188 1931.8 5568.8 85.348 1886.2 5686.9 118.67
4.0917 1948.3 5596.6 84.903 1933.4 5579.3 85.752 1887.1 5697.1 119.17
4.1 1949.1 5606.8 85.637 1935 5589.9 86.161 1888.1 5707.2 119.64
4.1083 1949.9 5617.1 86.389 1936.5 5600.4 86.573 1889 5717.3 120.1
4.1167 1950.7 5627.3 87.155 1937.9 5611.1 86.984 1890 5727.4 120.55
4.125 1951.7 5637.5 87.929 1939.3 5621.7 87.393 1891 5737.4 120.99
4.1333 1952.7 5647.8 88.701 1940.6 5632.4 87.801 1892 5747.5 121.42
4.1417 1953.8 5658.1 89.466 1941.9 5643.1 88.207 1893.1 5757.6 121.85
4.15 1955 5668.5 90.21 1943.1 5653.8 88.612 1894.1 5767.7 122.28
4.1583 1956.2 5679 90.927 1944.2 5664.6 89.016 1895.1 5777.8 122.7
4.1667 1957.4 5689.6 91.606 1945.3 5675.3 89.423 1896 5788 123.13
4.175 1958.8 5700.3 92.241 1946.4 5686 89.834 1896.9 5798.3 123.55
4.1833 1960.1 5711.1 92.832 1947.5 5696.6 90.25 1897.8 5808.6 123.98
4.1917 1961.5 5722 93.377 1948.6 5707.3 90.673 1898.6 5818.9 124.41
4.2 1962.9 5733 93.884 1949.6 5717.9 91.104 1899.3 5829.2 124.86
4.2083 1964.4 5744.2 94.364 1950.6 5728.5 91.542 1900 5839.6 125.31
4.2167 1965.9 5755.5 94.828 1951.6 5739 91.986 1900.6 5849.9 125.78
4.225 1967.5 5766.8 95.29 1952.6 5749.6 92.435 1901.1 5860.2 126.26
4.2333 1969 5778.3 95.764 1953.5 5760.1 92.886 1901.6 5870.5 126.75
4.2417 1970.5 5789.9 96.257 1954.4 5770.6 93.335 1902 5880.8 127.26
4.25 1972 5801.6 96.776 1955.2 5781.1 93.787 1902.4 5891 127.77
4.2583 1973.4 5813.3 97.318 1956 5791.6 94.231 1902.7 5901.3 128.28
4.2667 1974.8 5825.1 97.88 1956.7 5802.1 94.667 1903 5911.5 128.79
4.275 1976.1 5836.9 98.454 1957.4 5812.5 95.092 1903.1 5921.8 129.3
4.2833 1977.3 5848.8 99.029 1958.1 5823 95.515 1903.2 5932.1 129.8
4.2917 1978.4 5860.7 99.594 1958.7 5833.3 95.927 1903.1 5942.5 130.29
4.3 1979.3 5872.6 100.14 1959.4 5843.7 96.328 1902.9 5952.9 130.76
4.3083 1980.1 5884.5 100.64 1960 5854 96.73 1902.6 5963.4 131.24
4.3167 1980.8 5896.3 101.11 1960.6 5864.3 97.123 1902.1 5974 131.7
4.325 1981.3 5908.1 101.53 1961.1 5874.5 97.521 1901.4 5984.6 132.17
4.3333 1981.7 5919.7 101.9 1961.6 5884.8 97.925 1900.6 5995.2 132.64
4.3417 1982 5931.2 102.23 1962 5895 98.332 1899.6 6005.9 133.11
4.35 1982.2 5942.6 102.53 1962.3 5905.3 98.759 1898.5 6016.5 133.6
4.3583 1982.4 5953.6 102.8 1962.5 5915.6 99.199 1897.2 6027.1 134.08
4.3667 1982.6 5964.4 103.07 1962.5 5926 99.659 1895.8 6037.6 134.58
4.375 1982.8 5974.9 103.35 1962.3 5936.4 100.15 1894.3 6048.1 135.07
4.3833 1983 5985.1 103.64 1961.9 5946.8 100.67 1892.8 6058.5 135.57
4.3917 1983.2 5995 103.98 1961.3 5957.3 101.22 1891.2 6068.7 136.06
4.4 1983.4 6004.5 104.37 1960.5 5967.7 101.82 1889.5 6078.9 136.54
4.4083 1983.6 6013.8 104.81 1959.6 5978 102.45 1887.7 6088.9 137.01
4.4167 1983.7 6022.8 105.32 1958.4 5988.3 103.13 1885.7 6098.9 137.47
4.425 1983.7 6031.6 105.9 1957.1 5998.4 103.85 1883.6 6108.7 137.93
4.4333 1983.5 6040.2 106.53 1955.7 6008.4 104.63 1881.4 6118.4 138.39
4.4417 1983.3 6048.7 107.21 1954.2 6018.2 105.44 1878.8 6128 138.85
4.45 1982.9 6057.1 107.92 1952.7 6027.7 106.32 1876 6137.4 139.33
4.4583 1982.4 6065.5 108.63 1951.1 6037.1 107.23 1872.8 6146.7 139.84
4.4667 1981.7 6073.8 109.33 1949.5 6046.2 108.19 1869.4 6155.9 140.38
4.475 1980.9 6081.9 110 1947.8 6055.1 109.2 1865.5 6164.9 140.97
4.4833 1979.8 6090 110.62 1946.2 6063.8 110.24 1861.4 6173.8 141.61
4.4917 1978.4 6097.8 111.19 1944.5 6072.3 111.33 1856.9 6182.4 142.31
4.5 1976.8 6105.4 111.72 1942.8 6080.7 112.45 1852.1 6190.8 143.07
4.5083 1974.9 6112.7 112.22 1941 6089 113.61 1847.1 6198.9 143.89
4.5167 1972.8 6119.7 112.69 1939.2 6097.1 114.8 1841.8 6206.7 144.76
4.525 1970.6 6126.4 113.17 1937.3 6105.2 116.03 1836.5 6214.2 145.68
4.5333 1968.2 6132.9 113.66 1935.2 6113.1 117.28 1831.1 6221.4 146.64
4.5417 1965.7 6139.1 114.16 1933.1 6121 118.56 1825.6 6228.3 147.63
4.55 1963 6145.1 114.7 1930.9 6128.8 119.86 1820.1 6234.8 148.65
4.5583 1960.3 6151 115.27 1928.6 6136.5 121.18 1814.6 6241 149.69
4.5667 1957.5 6156.8 115.88 1926.1 6144.1 122.5 1809.2 6246.9 150.74
4.575 1954.5 6162.5 116.52 1923.6 6151.6 123.81 1803.8 6252.5 151.81
4.5833 1951.5 6168.2 117.19 1921 6159 125.11 1798.4 6257.7 152.88
4.5917 1948.4 6173.9 117.88 1918.3 6166.3 126.38 1793.1 6262.7 153.96
4.6 1945.2 6179.7 118.58 1915.6 6173.5 127.61 1787.7 6267.4 155.04
4.6083 1942.1 6185.6 119.29 1912.7 6180.6 128.81 1782.3 6271.9 156.13
4.6167 1938.9 6191.6 120 1909.7 6187.6 129.97 1776.9 6276.1 157.23
4.625 1935.8 6197.6 120.71 1906.7 6194.4 131.09 1771.5 6280.1 158.33
4.6333 1932.6 6203.8 121.42 1903.5 6201.2 132.18 1766 6283.9 159.44
4.6417 1929.4 6210 122.12 1900.3 6207.8 133.24 1760.5 6287.6 160.55
4.65 1926.1 6216.2 122.82 1896.9 6214.3 134.29 1755 6291 161.67
4.6583 1922.8 6222.5 123.53 1893.5 6220.6 135.34 1749.5 6294.3 162.78
4.6667 1919.3 6228.7 124.26 1889.9 6226.9 136.39 1744 6297.4 163.9
4.675 1915.7 6234.9 125.01 1886.3 6233 137.45 1738.5 6300.3 165.01
4.6833 1911.9 6241.1 125.78 1882.6 6238.9 138.54 1733 6303 166.11
4.6917 1908 6247.2 126.59 1878.9 6244.8 139.65 1727.5 6305.6 167.2
4.7 1903.9 6253.3 127.43 1875.1 6250.5 140.78 1722.1 6308 168.29
4.7083 1899.7 6259.3 128.32 1871.2 6256.1 141.92 1716.7 6310.3 169.36
4.7167 1895.3 6265.2 129.24 1867.2 6261.5 143.08 1711.4 6312.4 170.42
4.725 1890.7 6271.2 130.19 1863.2 6266.8 144.23 1706.1 6314.4 171.47
4.7333 1886 6277.1 131.16 1859 6272 145.38 1700.8 6316.2 172.52
4.7417 1881.2 6283 132.15 1854.7 6277.1 146.52 1695.5 6317.8 173.55
4.75 1876.3 6289 133.16 1850.4 6282 147.63 1690.3 6319.3 174.57
4.7583 1871.2 6295 134.17 1845.8 6286.8 148.73 1685.1 6320.7 175.58
4.7667 1866.1 6301 135.19 1841.2 6291.5 149.82 1680 6321.9 176.58
4.775 1860.8 6306.9 136.21 1836.4 6296.1 150.9 1674.9 6323 177.58
4.7833 1855.3 6312.9 137.23 1831.5 6300.5 151.98 1669.8 6324 178.56
4.7917 1849.7 6318.8 138.26 1826.6 6304.8 153.07 1664.8 6324.7 179.52
4.8 1843.9 6324.6 139.29 1821.5 6309 154.19 1659.8 6325.4 180.48
4.8083 1837.9 6330.4 140.32 1816.3 6313 155.33 1654.8 6325.8 181.43
4.8167 1831.6 6336.2 141.34 1811.2 6316.9 156.5 1649.8 6326.1 182.37
4.825 1825.1 6342 142.35 1805.9 6320.6 157.7 1644.8 6326.2 183.3
4.8333 1818.4 6347.7 143.35 1800.7 6324.3 158.92 1639.7 6326.1 184.23
4.8417 1811.5 6353.4 144.35 1795.5 6327.8 160.15 1634.5 6325.9 185.17
4.85 1804.4 6359 145.35 1790.2 6331.1 161.39 1629.4 6325.4 186.12
4.8583 1797.2 6364.5 146.34 1784.9 6334.4 162.62 1624.2 6324.8 187.09
4.8667 1790 6369.9 147.34 1779.6 6337.5 163.82 1618.9 6324.1 188.08
4.875 1782.7 6375 148.35 1774.3 6340.6 164.99 1613.7 6323.2 189.1
4.8833 1775.7 6379.9 149.36 1768.9 6343.6 166.12 1608.4 6322.1 190.15
4.8917 1768.8 6384.6 150.39 1763.4 6346.5 167.21 1603.3 6321 191.24
4.9 1762.1 6388.9 151.42 1757.8 6349.4 168.26 1598.1 6319.7 192.36
4.9083 1755.8 6393 152.46 1752.1 6352.2 169.28 1593.1 6318.4 193.52
4.9167 1749.8 6396.9 153.51 1746.3 6354.9 170.28 1588.2 6317 194.7
4.925 1744.1 6400.5 154.57 1740.4 6357.7 171.27 1583.4 6315.5 195.9
4.9333 1738.7 6404.1 155.65 1734.5 6360.4 172.25 1578.7 6314.1 197.12
4.9417 1733.5 6407.5 156.77 1728.5 6363 173.25 1574.1 6312.6 198.34
4.95 1728.4 6410.9 157.95 1722.6 6365.5 174.27 1569.5 6311.1 199.56
4.9583 1723.3 6414.2 159.19 1716.6 6368 175.32 1564.9 6309.7 200.76
4.9667 1718.1 6417.4 160.51 1710.8 6370.4 176.39 1560.4 6308.2 201.94
4.975 1712.7 6420.4 161.91 1705 6372.6 177.49 1555.7 6306.7 203.09
4.9833 1707.2 6423.3 163.39 1699.4 6374.7 178.61 1551 6305.2 204.21
4.9917 1701.4 6426 164.94 1693.9 6376.7 179.74 1546.2 6303.6 205.29
5 1695.4 6428.5 166.56 1688.5 6378.5 180.88 1541.4 6302 206.34
5.0083 1689.4 6430.7 168.24 1683.2 6380.2 182.03 1536.5 6300.4 207.35
5.0167 1683.2 6432.7 169.96 1678 6381.7 183.18 1531.5 6298.7 208.33
5.025 1677.1 6434.4 171.73 1672.9 6383.1 184.33 1526.6 6296.9 209.28
5.0333 1671 6436 173.53 1667.8 6384.3 185.48 1521.7 6295.1 210.21
5.0417 1664.9 6437.4 175.37 1662.7 6385.4 186.63 1516.8 6293.2 211.12
5.05 1659 6438.6 177.24 1657.5 6386.3 187.8 1512.1 6291.2 212.01
5.0583 1653.1 6439.7 179.15 1652.3 6387.1 189 1507.5 6289.1 212.89
5.0667 1647.2 6440.8 181.09 1646.9 6387.7 190.22 1503 6287 213.76
5.075 1641.5 6441.7 183.08 1641.4 6388.1 191.47 1498.7 6284.8 214.62
5.0833 1635.7 6442.5 185.11 1635.7 6388.3 192.77 1494.4 6282.5 215.46
5.0917 1630 6443.3 187.19 1629.9 6388.4 194.11 1490.3 6280.1 216.3
5.1 1624.3 6443.9 189.32 1624 6388.2 195.48 1486.1 6277.7 217.12
5.1083 1618.6 6444.5 191.49 1617.9 6387.9 196.9 1482 6275.1 217.93
5.1167 1612.9 6445.1 193.71 1611.7 6387.3 198.34 1477.9 6272.5 218.72
5.125 1607.3 6445.5 195.97 1605.5 6386.5 199.81 1473.7 6269.7 219.48
5.1333 1601.7 6446 198.26 1599.2 6385.5 201.3 1469.4 6266.8 220.23
5.1417 1596 6446.5 200.56 1592.8 6384.3 202.79 1465 6263.8 220.94
5.15 1590.5 6447 202.88 1586.4 6382.9 204.29 1460.5 6260.6 221.63
5.1583 1585 6447.4 205.18 1580 6381.3 205.78 1455.8 6257.2 222.29
5.1667 1579.5 6447.8 207.46 1573.6 6379.5 207.26 1451.1 6253.7 222.92
5.175 1574.1 6448.3 209.7 1567.2 6377.6 208.73 1446.2 6250.1 223.53
5.1833 1568.7 6448.6 211.9 1560.8 6375.4 210.18 1441.3 6246.3 224.11
5.1917 1563.3 6449 214.04 1554.3 6373.1 211.62 1436.3 6242.3 224.68
5.2 1558 6449.3 216.12 1547.9 6370.5 213.05 1431.3 6238.2 225.23
5.2083 1552.6 6449.5 218.11 1541.4 6367.8 214.45 1426.2 6234 225.76
5.2167 1547.2 6449.7 220.03 1534.8 6364.8 215.83 1421.2 6229.7 226.29
5.225 1541.7 6449.8 221.87 1528.3 6361.7 217.2 1416.1 6225.3 226.81
5.2333 1536.2 6449.8 223.62 1521.7 6358.3 218.53 1410.9 6220.8 227.33
5.2417 1530.7 6449.6 225.28 1515 6354.8 219.84 1405.8 6216.2 227.85
5.25 1525.1 6449.3 226.86 1508.3 6351 221.12 1400.7 6211.6 228.36
5.2583 1519.5 6448.9 228.34 1501.6 6347.1 222.36 1395.6 6206.9 228.87
5.2667 1513.9 6448.3 229.72 1495 6343 223.57 1390.4 6202.2 229.38
5.275 1508.3 6447.4 231.01 1488.3 6338.8 224.75 1385.3 6197.5 229.88
5.2833 1502.6 6446.4 232.21 1481.6 6334.5 225.88 1380.1 6192.8 230.38
5.2917 1497 6445.2 233.31 1475 6330.1 226.97 1374.9 6188.1 230.85
5.3 1491.4 6443.9 234.33 1468.4 6325.6 228.03 1369.7 6183.3 231.32
5.3083 1485.7 6442.3 235.27 1461.9 6321 229.05 1364.4 6178.6 231.76
5.3167 1480 6440.6 236.14 1455.5 6316.4 230.04 1359.1 6173.9 232.17
5.325 1474.3 6438.7 236.95 1449.1 6311.8 230.98 1353.7 6169.2 232.56
5.3333 1468.6 6436.7 237.71 1442.7 6307.1 231.88 1348.3 6164.5 232.92
5.3417 1462.8 6434.6 238.44 1436.7 6302.5 232.72 1341.5 6159.8 232.44
5.35 1456.9 6432.3 239.14 1430.3 6297.8 233.55 1336 6155 232.78
5.3583 1451 6429.9 239.83 1424 6292.9 234.34 1330.4 6150.3 233.08
5.3667 1445 6427.3 240.51 1417.7 6287.9 235.09 1324.8 6145.6 233.36
5.375 1439 6424.6 241.19 1411.4 6282.8 235.8 1319 6140.8 233.62
5.3833 1432.9 6421.6 241.88 1405 6277.6 236.48 1313.2 6136.1 233.86
5.3917 1426.7 6418.5 242.55 1398.6 6272.3 237.11 1307.2 6131.2 234.08
5.4 1420.5 6415.1 243.22 1392.1 6266.7 237.71 1301.2 6126.4 234.29
5.4083 1414.1 6411.4 243.86 1385.5 6261.1 238.26 1295 6121.5 234.48
5.4167 1407.7 6407.3 244.47 1378.8 6255.2 238.78 1288.8 6116.4 234.67
5.425 1401.1 6403 245.03 1372 6249.3 239.26 1282.4 6111.3 234.85
5.4333 1394.5 6398.2 245.53 1365.1 6243.1 239.69 1275.9 6106.1 235.03
5.4417 1387.8 6393 245.97 1358 6236.8 240.09 1269.3 6100.7 235.2
5.45 1381 6387.4 246.33 1350.8 6230.4 240.43 1262.5 6095.1 235.37
5.4583 1374.2 6381.4 246.62 1343.4 6223.8 240.72 1255.5 6089.3 235.55
5.4667 1367.3 6375 246.84 1335.7 6217 240.96 1248.4 6083.4 235.72
5.475 1360.4 6368.1 246.99 1327.9 6210 241.15 1241.1 6077.2 235.91
5.4833 1353.5 6360.9 247.09 1319.8 6202.8 241.27 1233.6 6070.9 236.1
5.4917 1346.7 6353.3 247.16 1311.4 6195.4 241.34 1226 6064.4 236.29
5.5 1339.9 6345.4 247.2 1302.9 6187.8 241.36 1218.2 6057.7 236.49
5.5083 1333.1 6337.2 247.23 1294.1 6180 241.32 1210.3 6050.8 236.7
5.5167 1326.4 6328.7 247.25 1285.3 6172.1 241.23 1202.3 6043.9 236.9
5.525 1319.7 6319.9 247.27 1276.3 6163.9 241.11 1194.3 6036.9 237.1
5.5333 1313 6311 247.29 1267.3 6155.6 240.97 1186.2 6029.8 237.3
5.5417 1306.3 6301.9 247.3 1258.3 6147.2 240.81 1178.1 6022.7 237.48
5.55 1299.6 6292.7 247.29 1249.4 6138.8 240.65 1170 6015.6 237.64
5.5583 1292.9 6283.4 247.26 1240.7 6130.4 240.51 1162 6008.5 237.79
5.5667 1286.2 6274.2 247.21 1232.1 6122 240.39 1154 6001.5 237.9
5.575 1279.6 6265 247.15 1223.9 6113.7 240.32 1146.2 5994.5 237.99
5.5833 1273.1 6255.9 247.11 1215.9 6105.6 240.29 1138.5 5987.5 238.05
5.5917 1266.6 6247.2 247.11 1208.2 6097.6 240.33 1131 5980.6 238.09
5.6 1260 6238.7 247.13 1200.7 6089.8 240.43 1123.6 5973.7 238.1
5.6083 1253.2 6230.4 247.13 1193.6 6082.2 240.59 1116.5 5966.8 238.1
5.6167 1246.2 6222.3 247.1 1186.7 6074.7 240.8 1109.5 5959.9 238.08
5.625 1239.2 6214.2 247.02 1180 6067.4 241.07 1102.7 5953 238.07
5.6333 1232.3 6206.2 246.89 1173.6 6060.1 241.37 1096.2 5945.9 238.05
5.6417 1225.4 6198.2 246.73 1167.2 6052.9 241.71 1089.8 5938.8 238.05
5.65 1218.6 6190.2 246.56 1161 6045.8 242.06 1083.7 5931.6 238.07
5.6583 1212 6182.2 246.39 1155 6038.6 242.42 1077.8 5924.3 238.11
5.6667 1205.5 6174.1 246.22 1149 6031.4 242.79 1072.1 5916.9 238.18
5.675 1199 6166.1 246.08 1143.1 6024.1 243.16 1066.5 5909.4 238.27
5.6833 1192.5 6158.1 245.96 1137.3 6016.9 243.52 1061.1 5901.8 238.39
5.6917 1186.1 6150.1 245.86 1131.6 6009.5 243.88 1055.9 5894.2 238.54
5.7 1179.6 6142.1 245.79 1126 6002.2 244.25 1050.7 5886.5 238.72
5.7083 1173.1 6134.1 245.75 1120.5 5994.8 244.61 1045.7 5878.8 238.92
5.7167 1166.6 6126.2 245.73 1115.1 5987.4 244.98 1040.8 5871 239.15
5.725 1160.1 6118.3 245.71 1109.8 5980 245.37 1036 5863.3 239.39
5.7333 1153.6 6110.5 245.7 1104.6 5972.6 245.77 1031.2 5855.5 239.64
5.7417 1147.1 6102.7 245.69 1099.4 5965.2 246.19 1026.5 5847.8 239.89
5.75 1140.7 6094.8 245.66 1094.3 5957.8 246.62 1021.8 5840 240.15
5.7583 1134.4 6086.9 245.61 1089.2 5950.4 247.07 1017.2 5832.2 240.41
5.7667 1128.2 6078.8 245.54 1084.2 5942.9 247.52 1012.6 5824.5 240.67
5.775 1122.2 6070.7 245.44 1079.1 5935.4 247.97 1008.1 5816.6 240.91
5.7833 1116.2 6062.4 245.31 1074.1 5927.8 248.41 1003.6 5808.8 241.13
5.7917 1110.3 6053.9 245.16 1069.1 5920.1 248.84 999.2 5801 241.34
5.8 1104.6 6045.3 245 1064.2 5912.4 249.23 994.8 5793.1 241.52
5.8083 1098.9 6036.5 244.83 1059.2 5904.6 249.6 990.42 5785.3 241.69
5.8167 1093.2 6027.6 244.66 1054.3 5896.7 249.92 986.07 5777.4 241.83
5.825 1087.6 6018.6 244.5 1049.5 5888.8 250.21 981.74 5769.6 241.95
5.8333 1082 6009.6 244.34 1044.7 5880.9 250.45 977.42 5761.8 242.04
5.8417 1076.4 6000.6 244.19 1040 5872.9 250.65 973.1 5754 242.13
5.85 1070.8 5991.5 244.04 1035.3 5864.9 250.82 968.78 5746.2 242.19
5.8583 1065.2 5982.4 243.9 1030.6 5856.8 250.96 964.45 5738.5 242.26
5.8667 1059.5 5973.3 243.76 1025.9 5848.7 251.07 960.12 5730.7 242.31
5.875 1053.9 5964.1 243.6 1021.2 5840.5 251.15 955.78 5722.9 242.37
5.8833 1048.3 5954.8 243.44 1016.5 5832.2 251.21 951.42 5715 242.43
5.8917 1042.8 5945.4 243.26 1011.8 5823.8 251.25 947.07 5707.1 242.5
