0.0083333 -15.866 2.416 93.877 -50.703 127.95 83.088 -22.75 287.63 81.869
0.016667 -15.023 9.6212 93.94 -49.924 136.35 83.016 -21.83 295.61 81.886
0.025 -14.157 17.061 94.011 -49.073 144.85 82.952 -20.881 303.64 81.92
0.033333 -13.271 24.763 94.091 -48.144 153.45 82.894 -19.915 311.74 81.977
0.041667 -12.365 32.752 94.179 -47.131 162.14 82.84 -18.941 319.93 82.058
0.05 -11.442 41.049 94.275 -46.033 170.88 82.791 -17.967 328.24 82.166
0.058333 -10.513 49.655 94.381 -44.85 179.68 82.743 -17.003 336.69 82.302
0.066667 -9.5844 58.569 94.494 -43.586 188.51 82.699 -16.055 345.29 82.466
0.075 -8.6748 67.766 94.613 -42.246 197.36 82.656 -15.124 354.06 82.657
0.083333 -7.8005 77.216 94.734 -40.839 206.25 82.613 -14.215 362.99 82.872
0.091667 -6.9756 86.878 94.85 -39.38 215.17 82.575 -13.326 372.07 83.108
0.1 -6.2147 96.702 94.956 -37.882 224.13 82.539 -12.457 381.29 83.36
0.10833 -5.5245 106.63 95.044 -36.366 233.16 82.508 -11.604 390.6 83.621
0.11667 -4.9015 116.62 95.106 -34.852 242.27 82.484 -10.767 399.98 83.886
0.125 -4.3353 126.62 95.138 -33.365 251.49 82.469 -9.9434 409.37 84.148
0.13333 -3.8059 136.58 95.136 -31.929 260.82 82.466 -9.135 418.72 84.398
0.14167 -3.2874 146.47 95.1 -30.573 270.26 82.479 -8.346 428.01 84.632
0.15 -2.7517 156.28 95.034 -29.322 279.81 82.512 -7.5844 437.2 84.843
0.15833 -2.1735 165.99 94.941 -28.199 289.45 82.568 -6.8625 446.26 85.029
0.16667 -1.5336 175.62 94.827 -27.227 299.13 82.654 -6.1968 455.19 85.188
0.175 -0.82191 185.16 94.7 -26.421 308.83 82.775 -5.6081 464 85.319
0.18333 -0.037787 194.65 94.567 -25.793 318.47 82.935 -5.1201 472.7 85.426
0.19167 0.80967 204.1 94.436 -25.348 328.02 83.141 -4.7596 481.32 85.513
0.2 1.7033 213.53 94.317 -25.084 337.4 83.395 -4.5551 489.89 85.586
0.20833 2.6196 222.94 94.217 -24.996 346.59 83.703 -4.535 498.45 85.654
0.21667 3.5293 232.36 94.145 -25.07 355.54 84.064 -4.7275 507.03 85.727
0.225 4.3982 241.79 94.105 -25.291 364.24 84.478 -5.1578 515.66 85.812
0.23333 5.1853 251.23 94.103 -25.642 372.68 84.943 -5.8486 524.34 85.919
0.24167 5.8507 260.67 94.139 -26.102 380.87 85.456 -6.8172 533.09 86.056
0.25 6.3553 270.09 94.215 -26.652 388.85 86.01 -8.0768 541.9 86.23
0.25833 6.6694 279.5 94.331 -27.278 396.66 86.602 -9.6336 550.75 86.445
0.26667 6.7705 288.87 94.482 -27.966 404.35 87.226 -11.489 559.62 86.704
0.275 6.6569 298.2 94.668 -28.708 411.96 87.876 -13.637 568.48 87.008
0.28333 6.3338 307.5 94.885 -29.501 419.55 88.55 -16.067 577.3 87.355
0.29167 5.8156 316.76 95.13 -30.347 427.14 89.244 -18.764 586.05 87.743
0.3 5.1266 325.98 95.399 -31.251 434.79 89.957 -21.708 594.71 88.167
0.30833 4.2897 335.19 95.692 -32.22 442.49 90.689 -24.877 603.26 88.623
0.31667 3.3278 344.37 96.007 -33.262 450.26 91.439 -28.246 611.69 89.108
0.325 2.259 353.55 96.342 -34.385 458.1 92.21 -31.791 620 89.615
0.33333 1.1005 362.72 96.695 -35.595 466 93.002 -35.486 628.2 90.141
0.34167 -0.1384 371.88 97.064 -36.897 473.94 93.814 -39.307 636.3 90.681
0.35 -1.4503 381.03 97.447 -38.294 481.91 94.645 -43.231 644.31 91.232
0.35833 -2.8348 390.17 97.839 -39.786 489.89 95.493 -47.237 652.26 91.788
0.36667 -4.2939 399.3 98.239 -41.374 497.86 96.351 -51.304 660.15 92.348
0.375 -5.8301 408.39 98.641 -43.054 505.83 97.213 -55.417 668.01 92.905
0.38333 -7.4476 417.45 99.043 -44.826 513.79 98.072 -59.561 675.83 93.456
0.39167 -9.1448 426.48 99.442 -46.685 521.74 98.918 -63.723 683.63 93.997
0.4 -10.923 435.47 99.835 -48.63 529.71 99.742 -67.893 691.4 94.524
0.40833 -12.77 444.44 100.22 -50.659 537.7 100.54 -72.065 699.15 95.032
0.41667 -14.676 453.39 100.61 -52.773 545.73 101.3 -76.232 706.88 95.519
0.425 -16.629 462.34 100.98 -54.973 553.82 102.01 -80.393 714.58 95.983
0.43333 -18.609 471.32 101.36 -57.262 561.98 102.68 -84.544 722.25 96.421
0.44167 -20.602 480.32 101.72 -59.644 570.21 103.31 -88.686 729.89 96.835
0.45 -22.601 489.37 102.09 -62.122 578.51 103.88 -92.819 737.5 97.225
0.45833 -24.603 498.48 102.45 -64.699 586.9 104.41 -96.942 745.09 97.591
0.46667 -26.613 507.64 102.82 -67.38 595.36 104.9 -101.06 752.68 97.937
0.475 -28.645 516.85 103.18 -70.165 603.89 105.36 -105.17 760.26 98.263
0.48333 -30.726 526.11 103.54 -73.056 612.48 105.78 -109.27 767.85 98.572
0.49167 -32.882 535.41 103.9 -76.053 621.14 106.17 -113.36 775.46 98.865
0.5 -35.142 544.72 104.25 -79.157 629.86 106.54 -117.44 783.09 99.142
0.50833 -37.545 554.05 104.61 -82.367 638.64 106.89 -121.51 790.77 99.403
0.51667 -40.107 563.4 104.96 -85.684 647.51 107.23 -125.57 798.49 99.648
0.525 -42.854 572.78 105.3 -89.109 656.46 107.55 -129.62 806.26 99.876
0.53333 -45.785 582.2 105.63 -92.644 665.52 107.86 -133.66 814.09 100.08
0.54167 -48.891 591.7 105.95 -96.292 674.68 108.16 -137.71 821.98 100.27
0.55 -52.157 601.29 106.24 -100.06 683.96 108.45 -141.76 829.94 100.43
0.55833 -55.55 611 106.5 -103.94 693.37 108.72 -145.83 837.97 100.57
0.56667 -59.048 620.85 106.74 -107.96 702.89 108.99 -149.92 846.08 100.69
0.575 -62.632 630.83 106.95 -112.11 712.53 109.24 -154.07 854.29 100.78
0.58333 -66.296 640.97 107.12 -116.4 722.28 109.48 -158.27 862.61 100.84
0.59167 -70.042 651.26 107.27 -120.84 732.13 109.72 -162.55 871.05 100.88
0.6 -73.885 661.69 107.38 -125.44 742.07 109.95 -166.93 879.63 100.89
0.60833 -77.849 672.27 107.47 -130.2 752.09 110.17 -171.42 888.36 100.89
0.61667 -81.961 683 107.53 -135.14 762.18 110.39 -176.03 897.25 100.86
0.625 -86.255 693.9 107.56 -140.26 772.35 110.61 -180.79 906.32 100.82
0.63333 -90.762 704.97 107.58 -145.55 782.6 110.83 -185.68 915.56 100.76
0.64167 -95.507 716.22 107.58 -151.02 792.93 111.06 -190.73 924.98 100.69
0.65 -100.5 727.67 107.57 -156.67 803.36 111.28 -195.93 934.57 100.6
0.65833 -105.74 739.33 107.57 -162.49 813.91 111.5 -201.26 944.31 100.5
0.66667 -111.21 751.18 107.58 -168.46 824.58 111.72 -206.73 954.19 100.38
0.675 -116.9 763.2 107.63 -174.57 835.38 111.94 -212.32 964.18 100.26
0.68333 -122.77 775.37 107.72 -180.78 846.33 112.15 -218 974.27 100.12
0.69167 -128.78 787.64 107.88 -187.07 857.4 112.35 -223.76 984.41 99.983
0.7 -134.89 799.95 108.11 -193.4 868.59 112.53 -229.57 994.59 99.837
0.70833 -141.06 812.24 108.41 -199.73 879.88 112.69 -235.41 1004.8 99.69
0.71667 -147.25 824.45 108.78 -206.03 891.24 112.84 -241.25 1015 99.544
0.725 -153.41 836.52 109.22 -212.24 902.63 112.96 -247.06 1025.2 99.403
0.73333 -159.51 848.4 109.71 -218.33 914 113.06 -252.82 1035.4 99.268
0.74167 -165.51 860.05 110.24 -224.28 925.32 113.13 -258.51 1045.5 99.141
0.75 -171.37 871.44 110.78 -230.03 936.54 113.18 -264.09 1055.7 99.025
0.75833 -177.08 882.58 111.32 -235.59 947.64 113.21 -269.56 1065.8 98.919
0.76667 -182.61 893.46 111.85 -240.92 958.57 113.22 -274.9 1076 98.824
0.775 -187.99 904.13 112.36 -246.03 969.33 113.2 -280.09 1086.2 98.736
0.78333 -193.21 914.63 112.86 -250.92 979.91 113.17 -285.12 1096.5 98.655
0.79167 -198.3 925 113.33 -255.6 990.29 113.12 -289.98 1106.9 98.576
0.8 -203.27 935.28 113.78 -260.09 1000.5 113.06 -294.67 1117.3 98.498
0.80833 -208.13 945.52 114.21 -264.39 1010.6 112.98 -299.19 1127.8 98.415
0.81667 -212.9 955.75 114.62 -268.54 1020.5 112.89 -303.53 1138.3 98.326
0.825 -217.58 966 115.01 -272.57 1030.3 112.78 -307.69 1149 98.227
0.83333 -222.15 976.28 115.39 -276.48 1040 112.67 -311.68 1159.7 98.115
0.84167 -226.62 986.6 115.75 -280.31 1049.7 112.53 -315.49 1170.4 97.988
0.85 -230.98 996.96 116.09 -284.08 1059.4 112.38 -319.14 1181.2 97.846
0.85833 -235.22 1007.4 116.42 -287.8 1069.1 112.21 -322.61 1192 97.688
0.86667 -239.35 1017.8 116.73 -291.49 1078.7 112.03 -325.93 1202.8 97.512
0.875 -243.37 1028.2 117.02 -295.16 1088.4 111.83 -329.09 1213.6 97.32
0.88333 -247.29 1038.6 117.31 -298.82 1098.1 111.61 -332.1 1224.3 97.112
0.89167 -251.13 1049 117.58 -302.47 1107.9 111.38 -334.97 1235 96.888
0.9 -254.92 1059.3 117.83 -306.13 1117.7 111.14 -337.7 1245.6 96.65
0.90833 -258.68 1069.6 118.09 -309.79 1127.6 110.89 -340.3 1256.2 96.396
0.91667 -262.42 1079.9 118.33 -313.44 1137.6 110.64 -342.79 1266.7 96.129
0.925 -266.19 1090.1 118.58 -317.1 1147.7 110.4 -345.18 1277.1 95.848
0.93333 -269.98 1100.3 118.83 -320.75 1157.8 110.16 -347.47 1287.4 95.553
0.94167 -273.83 1110.5 119.08 -324.39 1168 109.94 -349.68 1297.7 95.245
0.95 -277.72 1120.7 119.33 -328.03 1178.4 109.74 -351.82 1307.9 94.924
0.95833 -281.68 1130.8 119.57 -331.65 1188.8 109.55 -353.9 1318.1 94.59
0.96667 -285.68 1141 119.82 -335.26 1199.3 109.38 -355.94 1328.3 94.243
0.975 -289.72 1151.3 120.06 -338.86 1209.9 109.23 -357.95 1338.5 93.885
0.98333 -293.78 1161.5 120.28 -342.45 1220.5 109.11 -359.93 1348.7 93.516
0.99167 -297.85 1171.8 120.5 -346.03 1231.3 108.99 -361.9 1358.9 93.138
1 -301.92 1182.2 120.69 -349.61 1242.1 108.89 -363.87 1369.2 92.755
1.0083 -305.95 1192.6 120.87 -353.19 1253 108.8 -365.84 1379.5 92.368
1.0167 -309.94 1203.1 121.03 -356.77 1263.9 108.71 -367.81 1389.9 91.981
1.025 -313.87 1213.7 121.17 -360.36 1274.9 108.63 -369.8 1400.5 91.596
1.0333 -317.75 1224.3 121.28 -363.96 1286 108.55 -371.79 1411.1 91.219
1.0417 -321.56 1235.1 121.38 -367.56 1297.1 108.46 -373.8 1421.9 90.849
1.05 -325.32 1246 121.45 -371.16 1308.3 108.38 -375.81 1432.8 90.491
1.0583 -329.02 1257 121.49 -374.75 1319.6 108.3 -377.83 1443.7 90.144
1.0667 -332.67 1268.1 121.52 -378.33 1330.9 108.23 -379.83 1454.8 89.808
1.075 -336.29 1279.4 121.54 -381.89 1342.3 108.16 -381.83 1466 89.482
1.0833 -339.9 1290.9 121.54 -385.41 1353.7 108.09 -383.8 1477.3 89.163
1.0917 -343.52 1302.5 121.53 -388.9 1365.3 108.04 -385.74 1488.6 88.849
1.1 -347.18 1314.3 121.53 -392.33 1376.9 107.99 -387.64 1500 88.536
1.1083 -350.88 1326.3 121.52 -395.71 1388.6 107.94 -389.5 1511.5 88.221
1.1167 -354.63 1338.3 121.52 -399.01 1400.4 107.9 -391.3 1523 87.901
1.125 -358.44 1350.4 121.5 -402.24 1412.3 107.86 -393.06 1534.6 87.575
1.1333 -362.3 1362.6 121.48 -405.4 1424.3 107.81 -394.76 1546.3 87.243
1.1417 -366.2 1374.8 121.45 -408.47 1436.5 107.75 -396.42 1558 86.906
1.15 -370.12 1387.1 121.4 -411.45 1448.8 107.67 -398.04 1569.9 86.567
1.1583 -374.09 1399.5 121.35 -414.33 1461.2 107.58 -399.63 1581.8 86.229
1.1667 -378.09 1412 121.29 -417.13 1473.8 107.47 -401.2 1593.9 85.897
1.175 -382.15 1424.6 121.22 -419.83 1486.6 107.33 -402.75 1606.2 85.575
1.1833 -386.27 1437.4 121.15 -422.44 1499.5 107.17 -404.3 1618.6 85.269
1.1917 -390.46 1450.3 121.08 -424.95 1512.5 107 -405.84 1631.1 84.982
1.2 -394.69 1463.5 121 -427.37 1525.6 106.81 -407.38 1643.8 84.715
1.2083 -398.97 1476.9 120.9 -429.71 1538.8 106.62 -408.93 1656.7 84.47
1.2167 -403.27 1490.5 120.78 -431.98 1552.1 106.42 -410.48 1669.7 84.245
1.225 -407.57 1504.2 120.62 -434.2 1565.5 106.23 -412.04 1682.7 84.037
1.2333 -411.82 1518 120.42 -436.38 1578.8 106.05 -413.59 1695.8 83.843
1.2417 -416.01 1532 120.18 -438.54 1592.1 105.89 -415.14 1708.9 83.657
1.25 -420.08 1545.9 119.89 -440.7 1605.4 105.75 -416.69 1722 83.473
1.2583 -424.01 1559.8 119.55 -442.89 1618.6 105.62 -418.23 1735 83.287
1.2667 -427.75 1573.6 119.18 -445.13 1631.7 105.51 -419.78 1747.9 83.094
1.275 -431.28 1587.3 118.77 -447.42 1644.7 105.43 -421.34 1760.6 82.891
1.2833 -434.59 1600.9 118.34 -449.79 1657.5 105.35 -422.92 1773.2 82.676
1.2917 -437.69 1614.3 117.89 -452.23 1670.1 105.29 -424.52 1785.6 82.45
1.3 -440.58 1627.6 117.44 -454.77 1682.5 105.24 -426.17 1797.8 82.213
1.3083 -443.3 1640.8 116.99 -457.38 1694.7 105.18 -427.86 1809.8 81.968
1.3167 -445.87 1653.8 116.53 -460.07 1706.6 105.13 -429.63 1821.7 81.718
1.325 -448.31 1666.8 116.07 -462.81 1718.4 105.07 -431.46 1833.4 81.469
1.3333 -450.65 1679.7 115.61 -465.61 1729.8 105 -433.38 1844.9 81.222
1.3417 -452.91 1692.5 115.13 -468.43 1741.1 104.93 -435.38 1856.4 80.982
1.35 -455.1 1705.4 114.65 -471.27 1752.2 104.85 -437.48 1867.7 80.751
1.3583 -457.23 1718.2 114.15 -474.11 1763.1 104.75 -439.66 1879 80.532
1.3667 -459.32 1731 113.64 -476.93 1773.8 104.65 -441.93 1890.2 80.325
1.375 -461.38 1743.7 113.1 -479.73 1784.5 104.54 -444.28 1901.4 80.131
1.3833 -463.41 1756.4 112.54 -482.5 1795.1 104.43 -446.7 1912.6 79.951
1.3917 -465.42 1768.9 111.97 -485.23 1805.6 104.31 -449.2 1923.7 79.782
1.4 -467.44 1781.4 111.39 -487.94 1816.1 104.19 -451.75 1934.9 79.626
1.4083 -469.46 1793.7 110.81 -490.63 1826.7 104.07 -454.35 1945.9 79.479
1.4167 -471.5 1805.8 110.23 -493.3 1837.3 103.95 -457 1957 79.341
1.425 -473.59 1817.9 109.66 -495.95 1847.9 103.83 -459.68 1968.1 79.21
1.4333 -475.72 1829.8 109.12 -498.6 1858.6 103.71 -462.38 1979.1 79.084
1.4417 -477.9 1841.7 108.59 -501.25 1869.4 103.6 -465.09 1990.1 78.961
1.45 -480.13 1853.5 108.1 -503.9 1880.2 103.48 -467.8 2001 78.839
1.4583 -482.4 1865.4 107.63 -506.55 1891.1 103.37 -470.5 2012 78.716
1.4667 -484.7 1877.2 107.18 -509.21 1902.1 103.26 -473.19 2022.9 78.588
1.475 -487.01 1889.2 106.74 -511.86 1913.1 103.15 -475.84 2033.7 78.453
1.4833 -489.32 1901.2 106.29 -514.5 1924.2 103.03 -478.46 2044.5 78.309
1.4917 -491.62 1913.3 105.84 -517.13 1935.3 102.9 -481.03 2055.3 78.155
1.5 -493.9 1925.4 105.36 -519.75 1946.5 102.76 -483.57 2066 77.99
1.5083 -496.17 1937.6 104.84 -522.35 1957.8 102.61 -486.05 2076.7 77.812
1.5167 -498.42 1949.7 104.28 -524.93 1969.2 102.45 -488.49 2087.3 77.624
1.525 -500.66 1961.9 103.67 -527.49 1980.7 102.28 -490.9 2097.9 77.426
1.5333 -502.92 1974 103.01 -530.02 1992.3 102.08 -493.26 2108.5 77.219
1.5417 -505.2 1986.1 102.32 -532.54 2003.9 101.88 -495.58 2119.1 77.007
1.55 -507.52 1998.2 101.6 -535.03 2015.7 101.66 -497.88 2129.6 76.79
1.5583 -509.88 2010.1 100.88 -537.52 2027.6 101.42 -500.14 2140.2 76.57
1.5667 -512.31 2022.1 100.17 -539.99 2039.6 101.17 -502.38 2150.8 76.348
1.575 -514.78 2034 99.482 -542.45 2051.7 100.92 -504.59 2161.5 76.125
1.5833 -517.33 2045.9 98.842 -544.9 2063.9 100.65 -506.76 2172.2 75.898
1.5917 -519.93 2057.8 98.256 -547.35 2076.1 100.38 -508.91 2183 75.668
1.6 -522.6 2069.8 97.727 -549.79 2088.4 100.11 -511.02 2193.9 75.433
1.6083 -525.32 2081.8 97.255 -552.22 2100.8 99.839 -513.1 2204.9 75.19
1.6167 -528.1 2093.9 96.834 -554.64 2113.2 99.567 -515.16 2216 74.938
1.625 -530.92 2106.2 96.461 -557.06 2125.7 99.297 -517.19 2227.2 74.677
1.6333 -533.77 2118.6 96.13 -559.46 2138.3 99.033 -519.2 2238.5 74.406
1.6417 -536.64 2131.1 95.837 -561.86 2150.9 98.775 -521.21 2249.9 74.125
1.65 -539.54 2143.7 95.578 -564.25 2163.6 98.526 -523.22 2261.3 73.838
1.6583 -542.43 2156.4 95.345 -566.63 2176.4 98.29 -525.23 2272.9 73.545
1.6667 -545.34 2169.2 95.136 -569.01 2189.2 98.067 -527.26 2284.6 73.249
1.675 -548.24 2182.1 94.943 -571.4 2202.2 97.861 -529.31 2296.4 72.954
1.6833 -551.14 2195.2 94.759 -573.81 2215.1 97.674 -531.37 2308.3 72.661
1.6917 -554.05 2208.5 94.577 -576.24 2228.1 97.509 -533.44 2320.4 72.371
1.7 -556.97 2221.9 94.391 -578.69 2241.2 97.365 -535.51 2332.6 72.086
1.7083 -559.92 2235.5 94.203 -581.17 2254.3 97.245 -537.56 2345.1 71.803
1.7167 -562.91 2249.4 94.008 -583.69 2267.3 97.144 -539.58 2357.7 71.52
1.725 -565.93 2263.4 93.807 -586.24 2280.4 97.061 -541.56 2370.5 71.234
1.7333 -568.98 2277.6 93.602 -588.8 2293.4 96.992 -543.47 2383.5 70.942
1.7417 -572.06 2292 93.395 -591.38 2306.4 96.93 -545.31 2396.6 70.639
1.75 -575.14 2306.3 93.189 -593.95 2319.4 96.867 -547.07 2409.8 70.324
1.7583 -578.21 2320.7 92.982 -596.49 2332.4 96.793 -548.73 2423.1 69.995
1.7667 -581.24 2334.9 92.773 -598.98 2345.5 96.698 -550.29 2436.5 69.651
1.775 -584.2 2348.9 92.558 -601.4 2358.6 96.57 -551.77 2449.8 69.294
1.7833 -587.09 2362.6 92.329 -603.72 2371.8 96.398 -553.15 2463.1 68.927
1.7917 -589.86 2376 92.076 -605.92 2385 96.172 -554.44 2476.3 68.553
1.8 -592.5 2389 91.789 -607.98 2398.4 95.88 -555.65 2489.5 68.178
1.8083 -595.01 2401.7 91.457 -609.87 2411.8 95.516 -556.75 2502.6 67.804
1.8167 -597.35 2413.9 91.074 -611.59 2425.3 95.071 -557.76 2515.6 67.437
1.825 -599.53 2425.8 90.64 -613.12 2438.9 94.544 -558.63 2528.5 67.079
1.8333 -601.51 2437.5 90.163 -614.46 2452.4 93.933 -559.37 2541.4 66.731
1.8417 -603.29 2448.9 89.653 -615.61 2465.9 93.242 -559.93 2554.4 66.392
1.85 -604.84 2460 89.125 -616.57 2479.3 92.476 -560.3 2567.3 66.061
1.8583 -606.12 2471.1 88.593 -617.33 2492.6 91.643 -560.45 2580.4 65.732
1.8667 -607.11 2482 88.073 -617.92 2505.7 90.754 -560.34 2593.6 65.402
1.875 -607.81 2492.8 87.579 -618.34 2518.5 89.821 -559.98 2606.8 65.065
1.8833 -608.2 2503.5 87.125 -618.59 2531.2 88.856 -559.34 2620.1 64.717
1.8917 -608.29 2514.1 86.721 -618.69 2543.6 87.869 -558.43 2633.5 64.352
1.9 -608.1 2524.6 86.373 -618.63 2555.8 86.872 -557.26 2646.9 63.97
1.9083 -607.67 2535 86.082 -618.43 2567.9 85.874 -555.83 2660.3 63.569
1.9167 -607.03 2545.3 85.843 -618.09 2579.7 84.884 -554.18 2673.6 63.15
1.925 -606.23 2555.5 85.648 -617.59 2591.5 83.906 -552.33 2686.7 62.714
1.9333 -605.33 2565.6 85.486 -616.95 2603.3 82.946 -550.31 2699.7 62.265
1.9417 -604.38 2575.7 85.343 -616.16 2615 82.007 -548.14 2712.4 61.809
1.95 -603.44 2585.7 85.206 -615.22 2626.7 81.089 -545.87 2724.8 61.347
1.9583 -602.56 2595.6 85.061 -614.14 2638.4 80.199 -543.49 2737 60.886
1.9667 -601.77 2605.6 84.897 -612.9 2650.2 79.335 -541.05 2748.9 60.43
1.975 -601.11 2615.5 84.705 -611.53 2662 78.501 -538.53 2760.6 59.981
1.9833 -600.56 2625.5 84.479 -610.03 2673.7 77.705 -535.96 2772 59.542
1.9917 -600.13 2635.5 84.219 -608.41 2685.5 76.934 -533.34 2783.3 59.117
2 -599.78 2645.5 83.926 -606.67 2697.3 76.207 -530.65 2794.4 58.705
2.0083 -599.47 2655.6 83.604 -604.83 2709 75.522 -527.91 2805.5 58.307
2.0167 -599.14 2665.7 83.26 -602.9 2720.6 74.881 -525.1 2816.4 57.925
2.025 -598.75 2675.8 82.901 -600.87 2732.1 74.284 -522.24 2827.4 57.56
2.0333 -598.25 2686 82.534 -598.76 2743.5 73.732 -519.31 2838.4 57.21
2.0417 -597.59 2696.1 82.166 -596.58 2754.9 73.223 -516.32 2849.3 56.877
2.05 -596.76 2706.2 81.802 -594.31 2766.1 72.754 -513.26 2860.3 56.56
2.0583 -595.72 2716.3 81.446 -591.97 2777.3 72.322 -510.15 2871.3 56.26
2.0667 -594.49 2726.5 81.102 -589.56 2788.4 71.923 -506.98 2882.3 55.975
2.075 -593.06 2736.6 80.77 -587.08 2799.5 71.552 -503.76 2893.4 55.706
2.0833 -591.44 2746.8 80.455 -584.53 2810.6 71.208 -500.48 2904.4 55.452
2.0917 -589.63 2757 80.159 -581.92 2821.6 70.888 -497.15 2915.4 55.211
2.1 -587.67 2767.3 79.886 -579.26 2832.6 70.592 -493.75 2926.4 54.982
2.1083 -585.54 2777.7 79.642 -576.53 2843.6 70.319 -490.31 2937.3 54.765
2.1167 -583.26 2788.2 79.438 -573.74 2854.6 70.073 -486.8 2948.2 54.557
2.125 -580.84 2798.7 79.28 -570.9 2865.6 69.855 -483.23 2959.1 54.357
2.1333 -578.29 2809.5 79.181 -567.99 2876.5 69.667 -479.6 2969.9 54.164
2.1417 -575.61 2820.3 79.147 -565.01 2887.4 69.511 -475.91 2980.7 53.974
2.15 -572.84 2831.3 79.182 -561.95 2898.2 69.387 -472.15 2991.4 53.786
2.1583 -569.98 2842.5 79.285 -558.8 2909.1 69.293 -468.32 3002 53.597
2.1667 -567.05 2853.7 79.449 -555.53 2919.9 69.224 -464.42 3012.5 53.406
2.175 -564.04 2865.1 79.663 -552.13 2930.8 69.175 -460.44 3023 53.21
2.1833 -560.97 2876.6 79.911 -548.6 2941.7 69.14 -456.36 3033.5 53.007
2.1917 -557.79 2888.1 80.175 -544.9 2952.7 69.106 -452.18 3043.9 52.793
2.2 -554.5 2899.7 80.437 -541.02 2963.7 69.065 -447.88 3054.2 52.57
2.2083 -551.05 2911.4 80.681 -536.95 2974.9 69.007 -443.45 3064.6 52.335
2.2167 -547.41 2923.2 80.893 -532.69 2986.2 68.924 -438.88 3074.9 52.088
2.225 -543.55 2935.1 81.063 -528.21 2997.6 68.808 -434.15 3085.3 51.831
2.2333 -539.45 2947.1 81.184 -523.51 3009.2 68.658 -429.26 3095.7 51.566
2.2417 -535.08 2959.4 81.254 -518.59 3021 68.468 -424.22 3106.2 51.297
2.25 -530.44 2971.8 81.271 -513.45 3032.8 68.244 -419.03 3116.8 51.026
2.2583 -525.54 2984.3 81.237 -508.1 3044.8 67.991 -413.7 3127.5 50.759
2.2667 -520.4 2997 81.154 -502.54 3056.8 67.717 -408.27 3138.2 50.499
2.275 -515.05 3009.9 81.025 -496.79 3068.9 67.428 -402.75 3149 50.25
2.2833 -509.52 3022.8 80.85 -490.86 3081.1 67.138 -397.18 3159.9 50.014
2.2917 -503.88 3035.8 80.636 -484.79 3093.2 66.847 -391.59 3170.8 49.792
2.3 -498.15 3048.7 80.381 -478.6 3105.4 66.572 -386.01 3181.6 49.584
2.3083 -492.4 3061.6 80.086 -472.34 3117.6 66.318 -380.48 3192.4 49.387
2.3167 -486.64 3074.3 79.754 -466.02 3129.8 66.083 -375.01 3203.1 49.198
2.325 -480.91 3086.9 79.385 -459.72 3141.9 65.877 -369.62 3213.7 49.013
2.3333 -475.2 3099.2 78.977 -453.45 3154 65.697 -364.31 3224.1 48.827
2.3417 -469.52 3111.3 78.531 -447.27 3166 65.543 -359.09 3234.4 48.636
2.35 -463.86 3123.1 78.044 -441.23 3178 65.413 -353.95 3244.7 48.438
2.3583 -458.21 3134.7 77.517 -435.34 3189.9 65.304 -348.87 3254.8 48.23
2.3667 -452.59 3146 76.949 -429.65 3201.7 65.214 -343.86 3264.8 48.012
2.375 -446.98 3157.1 76.341 -424.17 3213.3 65.139 -338.89 3274.8 47.788
2.3833 -441.36 3168 75.696 -418.91 3224.8 65.077 -333.95 3284.9 47.56
2.3917 -435.71 3178.8 75.02 -413.86 3236.1 65.025 -329.04 3294.9 47.335
2.4 -430.03 3189.6 74.321 -409.02 3247.2 64.982 -324.16 3305 47.119
2.4083 -424.28 3200.2 73.61 -404.35 3258.1 64.943 -319.31 3315.2 46.918
2.4167 -418.49 3210.9 72.902 -399.84 3268.7 64.909 -314.5 3325.5 46.738
2.425 -412.65 3221.5 72.207 -395.45 3279.2 64.878 -309.73 3335.8 46.584
2.4333 -406.79 3232 71.538 -391.13 3289.5 64.848 -305.02 3346.2 46.457
2.4417 -400.93 3242.6 70.903 -386.87 3299.7 64.82 -300.38 3356.7 46.358
