0.0083333 -20.821 7.5187 96.506 -42.289 83.454 87.599 -15.962 121.63 81.671
0.016667 -19.313 16.266 96.494 -40.663 91.846 87.547 -14.014 129.89 81.604
0.025 -17.738 25.343 96.497 -38.951 100.35 87.488 -12.033 138.18 81.55
0.033333 -16.114 34.754 96.517 -37.157 108.97 87.418 -10.022 146.52 81.51
0.041667 -14.461 44.492 96.558 -35.29 117.7 87.335 -7.9879 154.9 81.485
0.05 -12.783 54.548 96.618 -33.356 126.53 87.239 -5.9328 163.32 81.474
0.058333 -11.088 64.893 96.694 -31.367 135.46 87.13 -3.8585 171.8 81.474
0.066667 -9.3765 75.491 96.782 -29.336 144.47 87.013 -1.7653 180.33 81.48
0.075 -7.6433 86.296 96.874 -27.278 153.55 86.892 0.34794 188.9 81.487
0.083333 -5.8819 97.253 96.963 -25.208 162.71 86.775 2.4814 197.52 81.489
0.091667 -4.0819 108.3 97.043 -23.142 171.91 86.67 4.6355 206.17 81.478
0.1 -2.2333 119.38 97.108 -21.099 181.14 86.587 6.8073 214.85 81.448
0.10833 -0.32452 130.43 97.157 -19.095 190.4 86.538 8.992 223.54 81.394
0.11667 1.6503 141.41 97.186 -17.148 199.67 86.532 11.181 232.24 81.312
0.125 3.6896 152.27 97.2 -15.273 208.92 86.578 13.363 240.93 81.201
0.13333 5.787 162.99 97.199 -13.484 218.14 86.684 15.521 249.61 81.062
0.14167 7.926 173.56 97.186 -11.794 227.32 86.856 17.637 258.28 80.899
0.15 10.081 183.98 97.164 -10.211 236.44 87.095 19.69 266.94 80.718
0.15833 12.221 194.26 97.134 -8.7398 245.5 87.4 21.656 275.59 80.528
0.16667 14.311 204.42 97.098 -7.3822 254.49 87.768 23.514 284.25 80.339
0.175 16.315 214.48 97.054 -6.1353 263.4 88.193 25.242 292.94 80.161
0.18333 18.203 224.48 96.999 -4.993 272.24 88.665 26.82 301.66 80.006
0.19167 19.95 234.42 96.933 -3.9461 281 89.174 28.235 310.44 79.882
0.2 21.539 244.32 96.854 -2.9828 289.69 89.709 29.477 319.29 79.797
0.20833 22.963 254.18 96.762 -2.0915 298.32 90.259 30.539 328.24 79.756
0.21667 24.221 264 96.658 -1.2596 306.9 90.813 31.421 337.28 79.762
0.225 25.322 273.76 96.543 -0.47646 315.43 91.362 32.127 346.43 79.814
0.23333 26.278 283.45 96.421 0.26643 323.93 91.898 32.665 355.69 79.909
0.24167 27.112 293.05 96.293 0.97529 332.39 92.414 33.044 365.05 80.042
0.25 27.838 302.56 96.161 1.6532 340.83 92.908 33.275 374.51 80.209
0.25833 28.475 311.94 96.029 2.3004 349.25 93.376 33.371 384.06 80.402
0.26667 29.03 321.2 95.897 2.915 357.66 93.817 33.341 393.67 80.617
0.275 29.509 330.32 95.768 3.494 366.06 94.232 33.198 403.34 80.847
0.28333 29.91 339.32 95.643 4.0328 374.46 94.622 32.949 413.05 81.09
0.29167 30.233 348.21 95.522 4.5269 382.86 94.988 32.601 422.77 81.344
0.3 30.477 356.99 95.404 4.9726 391.29 95.332 32.161 432.49 81.606
0.30833 30.643 365.7 95.291 5.3673 399.74 95.657 31.634 442.21 81.877
0.31667 30.74 374.36 95.181 5.7091 408.22 95.962 31.026 451.9 82.158
0.325 30.777 382.98 95.076 5.9981 416.77 96.247 30.343 461.55 82.448
0.33333 30.767 391.6 94.975 6.2355 425.39 96.514 29.592 471.17 82.747
0.34167 30.729 400.22 94.88 6.4236 434.09 96.761 28.781 480.75 83.054
0.35 30.68 408.86 94.79 6.5652 442.89 96.987 27.92 490.28 83.368
0.35833 30.64 417.51 94.705 6.6634 451.81 97.193 27.023 499.77 83.684
0.36667 30.628 426.18 94.623 6.7211 460.85 97.377 26.102 509.22 83.998
0.375 30.658 434.85 94.543 6.7407 470.03 97.54 25.171 518.64 84.306
0.38333 30.738 443.52 94.461 6.7235 479.33 97.681 24.245 528.03 84.602
0.39167 30.873 452.19 94.376 6.6704 488.75 97.801 23.337 537.41 84.88
0.4 31.056 460.83 94.284 6.5806 498.3 97.9 22.459 546.79 85.136
0.40833 31.276 469.45 94.182 6.4537 507.95 97.982 21.621 556.18 85.365
0.41667 31.52 478.04 94.068 6.2885 517.7 98.046 20.832 565.59 85.564
0.425 31.763 486.63 93.942 6.084 527.53 98.094 20.096 575.03 85.731
0.43333 31.985 495.21 93.8 5.8397 537.44 98.128 19.415 584.51 85.865
0.44167 32.166 503.81 93.644 5.5556 547.41 98.15 18.787 594.05 85.965
0.45 32.285 512.46 93.473 5.2328 557.44 98.162 18.209 603.63 86.034
0.45833 32.331 521.19 93.287 4.8723 567.53 98.165 17.675 613.28 86.074
0.46667 32.291 530.04 93.087 4.4769 577.67 98.161 17.177 623 86.088
0.475 32.16 539.04 92.873 4.0491 587.89 98.152 16.707 632.78 86.079
0.48333 31.952 548.22 92.65 3.5917 598.17 98.137 16.255 642.62 86.051
0.49167 31.654 557.6 92.418 3.1077 608.54 98.119 15.813 652.52 86.007
0.5 31.293 567.18 92.186 2.6 618.99 98.098 15.371 662.49 85.949
0.50833 30.87 576.97 91.959 2.0703 629.54 98.076 14.925 672.52 85.879
0.51667 30.389 586.96 91.741 1.5196 640.18 98.054 14.468 682.62 85.798
0.525 29.852 597.16 91.534 0.94704 650.92 98.031 13.996 692.8 85.706
0.53333 29.26 607.55 91.34 0.34999 661.75 98.009 13.508 703.06 85.602
0.54167 28.608 618.16 91.156 -0.27647 672.67 97.988 13.002 713.41 85.485
0.55 27.901 628.97 90.979 -0.9341 683.67 97.967 12.479 723.88 85.352
0.55833 27.129 640.03 90.804 -1.6329 694.73 97.946 11.938 734.47 85.202
0.56667 26.291 651.32 90.628 -2.3751 705.86 97.923 11.381 745.21 85.034
0.575 25.381 662.88 90.448 -3.1655 717.06 97.898 10.809 756.09 84.847
0.58333 24.4 674.72 90.265 -4.0082 728.31 97.871 10.222 767.13 84.64
0.59167 23.351 686.85 90.081 -4.9026 739.63 97.841 9.6207 778.33 84.414
0.6 22.238 699.26 89.897 -5.8459 751.02 97.806 9.0048 789.68 84.171
0.60833 21.08 711.94 89.724 -6.8322 762.5 97.768 8.3745 801.17 83.913
0.61667 19.89 724.85 89.571 -7.8522 774.08 97.724 7.7298 812.78 83.643
0.625 18.684 737.94 89.446 -8.892 785.76 97.673 7.0719 824.48 83.367
0.63333 17.473 751.15 89.359 -9.9357 797.56 97.613 6.4034 836.24 83.087
0.64167 16.262 764.4 89.314 -10.963 809.48 97.541 5.7282 848.03 82.807
0.65 15.053 777.64 89.309 -11.953 821.51 97.453 5.053 859.83 82.53
0.65833 13.845 790.78 89.34 -12.882 833.65 97.344 4.3869 871.6 82.26
0.66667 12.639 803.78 89.397 -13.728 845.88 97.21 3.7414 883.32 81.998
0.675 11.438 816.57 89.464 -14.469 858.17 97.043 3.1313 894.98 81.746
0.68333 10.247 829.11 89.524 -15.087 870.49 96.839 2.5727 906.57 81.504
0.69167 9.0759 841.38 89.56 -15.566 882.8 96.591 2.0845 918.09 81.271
0.7 7.9364 853.36 89.555 -15.894 895.07 96.293 1.686 929.56 81.048
0.70833 6.8381 865.06 89.497 -16.067 907.25 95.941 1.3977 940.99 80.834
0.71667 5.792 876.51 89.383 -16.082 919.32 95.532 1.2395 952.4 80.626
0.725 4.8087 887.75 89.216 -15.945 931.25 95.064 1.2308 963.81 80.424
0.73333 3.9003 898.82 89.004 -15.664 943.02 94.537 1.3898 975.26 80.226
0.74167 3.0843 909.78 88.759 -15.25 954.61 93.953 1.7331 986.76 80.026
0.75 2.379 920.66 88.496 -14.719 966.03 93.316 2.2739 998.32 79.823
0.75833 1.8049 931.48 88.229 -14.089 977.29 92.631 3.0242 1010 79.611
0.76667 1.3809 942.28 87.975 -13.374 988.41 91.905 3.9915 1021.7 79.385
0.775 1.1222 953.05 87.746 -12.592 999.39 91.144 5.1814 1033.5 79.138
0.78333 1.0397 963.79 87.55 -11.753 1010.3 90.357 6.5949 1045.3 78.863
0.79167 1.1383 974.49 87.393 -10.866 1021.1 89.552 8.2306 1057.2 78.554
0.8 1.4172 985.14 87.274 -9.9351 1031.8 88.736 10.082 1069.1 78.203
0.80833 1.8638 995.72 87.186 -8.9609 1042.6 87.917 12.141 1081 77.807
0.81667 2.468 1006.2 87.122 -7.9394 1053.2 87.1 14.393 1092.8 77.36
0.825 3.2062 1016.6 87.068 -6.8637 1063.9 86.29 16.824 1104.6 76.862
0.83333 4.0595 1026.9 87.013 -5.7254 1074.6 85.49 19.413 1116.3 76.314
0.84167 5.0117 1037.1 86.949 -4.5144 1085.2 84.705 22.14 1128 75.72
0.85 6.0365 1047.2 86.866 -3.2228 1095.9 83.933 24.983 1139.5 75.087
0.85833 7.1195 1057.3 86.76 -1.8435 1106.5 83.176 27.918 1150.9 74.423
0.86667 8.2438 1067.3 86.632 -0.37045 1117.1 82.434 30.922 1162.2 73.74
0.875 9.4031 1077.3 86.481 1.1969 1127.7 81.707 33.977 1173.4 73.048
0.88333 10.588 1087.3 86.312 2.8593 1138.3 80.995 37.063 1184.4 72.36
0.89167 11.8 1097.3 86.131 4.6134 1149 80.299 40.167 1195.4 71.686
0.9 13.041 1107.2 85.943 6.4546 1159.6 79.619 43.279 1206.3 71.035
0.90833 14.316 1117.2 85.753 8.3779 1170.3 78.958 46.394 1217.1 70.415
0.91667 15.634 1127.1 85.567 10.378 1181 78.317 49.512 1227.9 69.828
0.925 17.003 1137 85.387 12.451 1191.8 77.701 52.635 1238.6 69.275
0.93333 18.43 1147 85.216 14.595 1202.7 77.112 55.769 1249.3 68.757
0.94167 19.921 1156.9 85.054 16.807 1213.6 76.556 58.924 1259.9 68.269
0.95 21.48 1166.9 84.9 19.089 1224.6 76.035 62.108 1270.5 67.806
0.95833 23.111 1176.8 84.752 21.443 1235.7 75.553 65.332 1281.1 67.364
0.96667 24.815 1186.9 84.609 23.873 1246.8 75.115 68.602 1291.8 66.936
0.975 26.598 1197 84.468 26.38 1258 74.715 71.925 1302.4 66.52
0.98333 28.465 1207.2 84.328 28.971 1269.2 74.355 75.304 1313 66.112
0.99167 30.428 1217.6 84.187 31.646 1280.5 74.033 78.741 1323.7 65.712
1 32.5 1228 84.047 34.414 1291.8 73.75 82.235 1334.4 65.32
1.0083 34.698 1238.6 83.91 37.277 1303.2 73.502 85.784 1345.1 64.94
1.0167 37.038 1249.3 83.782 40.236 1314.6 73.285 89.383 1355.8 64.575
1.025 39.531 1260.1 83.669 43.296 1326 73.095 93.03 1366.6 64.229
1.0333 42.179 1271.1 83.575 46.458 1337.4 72.931 96.721 1377.4 63.908
1.0417 44.968 1282.3 83.506 49.722 1348.9 72.786 100.45 1388.1 63.614
1.05 47.872 1293.5 83.462 53.095 1360.4 72.662 104.23 1398.9 63.349
1.0583 50.859 1304.9 83.441 56.577 1372 72.554 108.04 1409.7 63.115
1.0667 53.902 1316.3 83.439 60.173 1383.6 72.461 111.9 1420.5 62.91
1.075 56.982 1327.9 83.453 63.885 1395.3 72.378 115.81 1431.2 62.732
1.0833 60.096 1339.5 83.472 67.721 1407 72.304 119.78 1442 62.579
1.0917 63.243 1351.3 83.492 71.682 1418.7 72.233 123.8 1452.7 62.446
1.1 66.435 1363.2 83.503 75.776 1430.5 72.16 127.88 1463.5 62.33
1.1083 69.683 1375.2 83.499 80.003 1442.3 72.081 132.03 1474.2 62.228
1.1167 73.005 1387.4 83.475 84.368 1454.1 71.991 136.25 1485 62.139
1.125 76.415 1399.8 83.424 88.866 1465.9 71.883 140.54 1495.7 62.06
1.1333 79.926 1412.4 83.343 93.494 1477.8 71.755 144.9 1506.5 61.993
1.1417 83.551 1425.2 83.226 98.24 1489.7 71.602 149.33 1517.4 61.937
1.15 87.299 1438.2 83.07 103.09 1501.6 71.426 153.81 1528.3 61.893
1.1583 91.159 1451.3 82.87 108.02 1513.5 71.221 158.35 1539.2 61.863
1.1667 95.135 1464.6 82.622 113.01 1525.5 70.997 162.94 1550.1 61.844
1.175 99.207 1478 82.325 118.02 1537.4 70.756 167.56 1561.1 61.834
1.1833 103.37 1491.3 81.978 123.03 1549.4 70.506 172.22 1572.1 61.832
1.1917 107.6 1504.5 81.588 128 1561.3 70.253 176.89 1583.1 61.831
1.2 111.91 1517.5 81.159 132.9 1573.2 70.008 181.56 1594.1 61.826
1.2083 116.29 1530.4 80.703 137.69 1585.1 69.778 186.22 1605.1 61.81
1.2167 120.74 1543 80.227 142.35 1596.9 69.573 190.86 1616 61.778
1.225 125.26 1555.3 79.742 146.86 1608.7 69.397 195.45 1627 61.726
1.2333 129.84 1567.4 79.256 151.2 1620.3 69.258 199.98 1637.9 61.651
1.2417 134.46 1579.3 78.778 155.35 1631.8 69.157 204.43 1648.7 61.552
1.25 139.12 1590.9 78.31 159.32 1643.2 69.094 208.77 1659.6 61.434
1.2583 143.82 1602.5 77.852 163.12 1654.5 69.067 212.99 1670.4 61.301
1.2667 148.56 1613.9 77.405 166.76 1665.6 69.073 217.07 1681.3 61.162
1.275 153.34 1625.3 76.967 170.24 1676.5 69.106 221 1692.2 61.027
1.2833 158.14 1636.7 76.54 173.61 1687.2 69.162 224.76 1703.1 60.905
1.2917 162.96 1648.1 76.126 176.87 1697.8 69.234 228.35 1714.1 60.806
1.3 167.77 1659.5 75.727 180.06 1708.3 69.318 231.78 1725.2 60.737
1.3083 172.54 1670.9 75.345 183.2 1718.6 69.411 235.03 1736.4 60.705
1.3167 177.25 1682.3 74.981 186.31 1728.8 69.511 238.13 1747.6 60.713
1.325 181.87 1693.7 74.636 189.4 1739 69.619 241.08 1759 60.76
1.3333 186.39 1705 74.31 192.49 1749.1 69.736 243.91 1770.4 60.843
1.3417 190.78 1716.2 73.999 195.59 1759.2 69.864 246.64 1781.9 60.957
1.35 195.06 1727.4 73.702 198.69 1769.3 70.006 249.29 1793.4 61.096
1.3583 199.22 1738.4 73.414 201.8 1779.3 70.163 251.87 1805 61.252
1.3667 203.27 1749.4 73.131 204.91 1789.4 70.336 254.41 1816.7 61.417
1.375 207.25 1760.4 72.85 208.02 1799.6 70.526 256.91 1828.4 61.587
1.3833 211.17 1771.2 72.566 211.13 1809.7 70.729 259.4 1840 61.755
1.3917 215.06 1782.1 72.279 214.24 1820 70.943 261.87 1851.7 61.919
1.4 218.94 1792.9 71.987 217.34 1830.2 71.162 264.32 1863.4 62.081
1.4083 222.83 1803.7 71.69 220.43 1840.6 71.381 266.75 1875.1 62.241
1.4167 226.74 1814.5 71.388 223.51 1851 71.594 269.16 1886.8 62.402
1.425 230.65 1825.3 71.083 226.6 1861.4 71.795 271.54 1898.4 62.567
1.4333 234.58 1836.1 70.775 229.7 1872 71.98 273.88 1910.1 62.739
1.4417 238.5 1846.9 70.465 232.8 1882.5 72.147 276.19 1921.7 62.92
1.45 242.4 1857.7 70.152 235.93 1893.2 72.295 278.46 1933.3 63.11
1.4583 246.26 1868.5 69.838 239.09 1903.9 72.424 280.7 1944.9 63.308
1.4667 250.07 1879.4 69.524 242.26 1914.8 72.535 282.92 1956.4 63.511
1.475 253.81 1890.3 69.212 245.47 1925.7 72.634 285.12 1968 63.714
1.4833 257.47 1901.2 68.906 248.7 1936.7 72.721 287.33 1979.5 63.912
1.4917 261.05 1912.1 68.613 251.95 1947.8 72.801 289.56 1991 64.098
1.5 264.57 1923.1 68.339 255.22 1959.1 72.876 291.82 2002.5 64.267
1.5083 268.01 1934.1 68.089 258.5 1970.4 72.947 294.14 2013.9 64.415
1.5167 271.42 1945.1 67.87 261.77 1981.9 73.014 296.51 2025.4 64.538
1.525 274.8 1956.2 67.682 265.05 1993.4 73.077 298.95 2036.9 64.638
1.5333 278.18 1967.3 67.525 268.32 2005.1 73.135 301.46 2048.4 64.715
1.5417 281.58 1978.5 67.392 271.58 2016.8 73.187 304.03 2059.8 64.773
1.55 285.03 1989.8 67.275 274.84 2028.6 73.232 306.65 2071.3 64.816
1.5583 288.53 2001.2 67.164 278.1 2040.5 73.271 309.31 2082.9 64.852
1.5667 292.11 2012.7 67.055 281.35 2052.5 73.304 311.99 2094.4 64.886
1.575 295.75 2024.4 66.946 284.62 2064.6 73.336 314.68 2105.9 64.923
1.5833 299.42 2036.1 66.841 287.89 2076.7 73.369 317.36 2117.5 64.97
1.5917 303.09 2048 66.744 291.17 2088.9 73.409 320.02 2129.1 65.029
1.6 306.74 2059.9 66.66 294.46 2101.2 73.46 322.66 2140.8 65.1
1.6083 310.34 2071.9 66.589 297.75 2113.6 73.527 325.26 2152.5 65.185
1.6167 313.89 2084 66.528 301.03 2126.1 73.614 327.85 2164.4 65.281
1.625 317.41 2096.3 66.474 304.3 2138.6 73.721 330.41 2176.3 65.384
1.6333 320.91 2108.9 66.421 307.54 2151.2 73.849 332.96 2188.3 65.49
1.6417 324.44 2121.6 66.365 310.73 2163.9 73.994 335.52 2200.4 65.595
1.65 328 2134.7 66.302 313.87 2176.7 74.153 338.1 2212.6 65.695
1.6583 331.65 2148 66.23 316.95 2189.5 74.318 340.7 2225 65.787
1.6667 335.38 2161.7 66.155 319.97 2202.4 74.482 343.34 2237.6 65.871
1.675 339.22 2175.6 66.083 322.93 2215.3 74.636 346.02 2250.2 65.946
1.6833 343.14 2189.8 66.029 325.83 2228.3 74.772 348.73 2262.9 66.017
1.6917 347.12 2204.2 66.007 328.7 2241.2 74.884 351.47 2275.8 66.086
1.7 351.13 2218.7 66.034 331.55 2254.2 74.966 354.22 2288.7 66.16
1.7083 355.13 2233.2 66.121 334.41 2267.1 75.014 356.97 2301.6 66.244
1.7167 359.08 2247.5 66.277 337.31 2280.1 75.026 359.7 2314.6 66.346
1.725 362.94 2261.8 66.502 340.26 2293 75.004 362.4 2327.5 66.471
1.7333 366.69 2275.8 66.79 343.3 2305.9 74.948 365.07 2340.4 66.624
1.7417 370.32 2289.5 67.126 346.45 2318.7 74.861 367.68 2353.2 66.81
1.75 373.83 2302.9 67.492 349.71 2331.4 74.746 370.26 2365.9 67.029
1.7583 377.23 2315.9 67.865 353.09 2344.1 74.606 372.81 2378.6 67.281
1.7667 380.53 2328.7 68.222 356.6 2356.7 74.442 375.34 2391.1 67.564
1.775 383.75 2341.1 68.545 360.21 2369.2 74.256 377.87 2403.6 67.874
1.7833 386.92 2353.4 68.825 363.91 2381.6 74.049 380.45 2416.1 68.206
1.7917 390.05 2365.4 69.058 367.68 2393.8 73.822 383.09 2428.5 68.554
1.8 393.16 2377.3 69.246 371.5 2405.8 73.573 385.83 2440.9 68.911
1.8083 396.25 2389.2 69.394 375.33 2417.7 73.302 388.69 2453.2 69.27
1.8167 399.34 2400.9 69.51 379.16 2429.4 73.012 391.7 2465.6 69.626
1.825 402.45 2412.6 69.605 382.97 2440.9 72.704 394.87 2478 69.971
1.8333 405.59 2424.3 69.692 386.75 2452.3 72.378 398.21 2490.4 70.302
1.8417 408.76 2435.8 69.784 390.5 2463.5 72.041 401.73 2502.7 70.614
1.85 412 2447.3 69.894 394.22 2474.5 71.695 405.41 2515.1 70.906
1.8583 415.3 2458.6 70.035 397.92 2485.4 71.346 409.24 2527.4 71.175
1.8667 418.69 2469.8 70.214 401.6 2496.3 70.998 413.22 2539.7 71.422
1.875 422.16 2480.9 70.436 405.29 2507 70.656 417.31 2552 71.647
1.8833 425.72 2491.8 70.703 409 2517.8 70.324 421.51 2564.1 71.851
1.8917 429.37 2502.5 71.013 412.75 2528.5 70.005 425.8 2576.2 72.034
1.9 433.09 2513.2 71.36 416.54 2539.2 69.702 430.16 2588.3 72.198
1.9083 436.87 2523.8 71.739 420.39 2550 69.415 434.57 2600.2 72.344
1.9167 440.68 2534.4 72.139 424.29 2560.9 69.146 439.04 2612 72.473
1.925 444.52 2544.9 72.554 428.25 2571.8 68.894 443.55 2623.7 72.585
1.9333 448.34 2555.4 72.974 432.26 2582.8 68.661 448.1 2635.3 72.682
1.9417 452.14 2565.9 73.394 436.32 2593.8 68.446 452.69 2646.9 72.764
1.95 455.91 2576.5 73.808 440.41 2605 68.25 457.32 2658.3 72.832
1.9583 459.66 2587 74.213 444.66 2616.3 68.074 461.05 2669.6 73.716
1.9667 463.38 2597.5 74.608 448.8 2627.5 67.923 465.74 2680.9 73.764
1.975 467.1 2608.1 74.994 452.97 2638.9 67.797 470.47 2692.2 73.802
1.9833 470.84 2618.6 75.372 457.15 2650.3 67.698 475.22 2703.4 73.832
1.9917 474.65 2629.1 75.742 461.35 2661.8 67.629 479.99 2714.6 73.857
2 478.55 2639.5 76.105 465.57 2673.3 67.591 484.78 2725.8 73.879
2.0083 482.57 2650 76.459 469.83 2685 67.584 489.58 2736.9 73.901
2.0167 486.74 2660.5 76.8 474.12 2696.7 67.608 494.39 2748 73.925
2.025 491.06 2671 77.123 478.46 2708.4 67.661 499.21 2759.1 73.953
2.0333 495.53 2681.5 77.424 482.84 2720.2 67.741 504.03 2770.2 73.985
2.0417 500.15 2692.2 77.697 487.29 2732.1 67.842 508.87 2781.4 74.022
2.05 504.91 2702.9 77.939 491.79 2744 67.962 513.72 2792.5 74.064
2.0583 509.78 2713.8 78.151 496.36 2755.9 68.093 518.59 2803.6 74.109
2.0667 514.74 2724.8 78.336 500.99 2767.9 68.235 523.49 2814.8 74.156
2.075 519.78 2736 78.495 505.69 2779.8 68.376 528.43 2826 74.203
2.0833 524.85 2747.4 78.632 510.45 2791.8 68.518 533.41 2837.2 74.248
2.0917 529.92 2758.9 78.746 515.27 2803.8 68.654 538.43 2848.5 74.29
2.1 534.97 2770.5 78.837 520.15 2815.7 68.778 543.49 2859.8 74.33
2.1083 539.97 2782.2 78.902 525.08 2827.7 68.887 548.6 2871.1 74.366
2.1167 544.91 2793.9 78.94 530.08 2839.6 68.976 553.76 2882.5 74.401
2.125 549.79 2805.6 78.953 535.15 2851.5 69.044 558.95 2893.9 74.439
2.1333 554.64 2817.4 78.945 540.28 2863.5 69.087 564.18 2905.4 74.481
2.1417 559.48 2829.1 78.921 545.48 2875.4 69.103 569.44 2916.9 74.533
2.15 564.33 2840.9 78.888 550.77 2887.4 69.09 574.72 2928.5 74.599
2.1583 569.22 2852.9 78.85 556.15 2899.4 69.048 580.02 2940.1 74.685
2.1667 574.17 2864.9 78.813 561.63 2911.4 68.977 585.34 2951.8 74.795
2.175 579.2 2877.2 78.779 567.2 2923.4 68.878 590.67 2963.6 74.932
2.1833 584.31 2889.7 78.744 572.86 2935.4 68.756 596.02 2975.4 75.096
2.1917 589.49 2902.5 78.705 578.61 2947.4 68.615 601.38 2987.3 75.289
2.2 594.73 2915.5 78.651 584.44 2959.5 68.462 606.75 2999.2 75.507
2.2083 599.98 2928.7 78.572 590.33 2971.5 68.303 612.13 3011.2 75.745
2.2167 605.21 2942 78.46 596.26 2983.5 68.147 617.53 3023.2 75.997
2.225 610.38 2955.4 78.309 602.2 2995.6 68.001 622.93 3035.2 76.254
2.2333 615.46 2968.8 78.119 608.12 3007.6 67.875 628.34 3047.2 76.506
2.2417 620.43 2982 77.894 613.99 3019.6 67.778 633.75 3059.1 76.743
2.25 625.3 2995 77.642 619.77 3031.6 67.716 639.15 3071 76.958
2.2583 630.11 3007.8 77.373 625.43 3043.6 67.696 644.54 3082.8 77.141
2.2667 634.86 3020.4 77.097 630.94 3055.6 67.723 649.91 3094.6 77.287
2.275 639.6 3032.6 76.823 636.28 3067.5 67.8 655.23 3106.3 77.393
2.2833 644.35 3044.5 76.56 641.43 3079.4 67.928 660.51 3117.9 77.459
2.2917 649.11 3056.2 76.314 646.37 3091.3 68.108 665.73 3129.5 77.487
2.3 653.89 3067.6 76.089 651.1 3103 68.336 670.87 3141.1 77.483
2.3083 658.73 3078.9 75.886 655.62 3114.7 68.609 675.92 3152.7 77.452
2.3167 663.62 3090 75.702 659.94 3126.2 68.922 680.86 3164.3 77.405
2.325 668.59 3101.1 75.534 664.08 3137.6 69.27 685.69 3175.9 77.35
2.3333 673.65 3112.1 75.376 668.04 3148.9 69.645 690.39 3187.7 77.296
2.3417 678.77 3123 75.228 671.87 3160 70.041 694.94 3199.5 77.249
2.35 683.94 3134 75.087 675.57 3171 70.45 699.34 3211.4 77.217
2.3583 689.1 3144.9 74.95 679.17 3181.9 70.869 703.58 3223.4 77.203
2.3667 694.22 3155.8 74.817 682.7 3192.7 71.291 707.65 3235.5 77.209
2.375 699.23 3166.7 74.689 686.16 3203.4 71.713 711.54 3247.7 77.236
2.3833 704.1 3177.5 74.567 689.58 3214.1 72.134 715.27 3259.9 77.282
2.3917 708.8 3188.2 74.451 692.97 3224.8 72.547 718.83 3272.2 77.347
2.4 713.29 3198.8 74.346 696.33 3235.4 72.965 722.22 3284.6 77.427
2.4083 717.58 3209.4 74.252 699.67 3246.1 73.374 725.45 3296.8 77.52
2.4167 721.66 3219.9 74.172 702.99 3256.8 73.778 728.54 3309.1 77.624
2.425 725.55 3230.3 74.106 706.27 3267.6 74.177 731.48 3321.3 77.739
2.4333 729.29 3240.7 74.054 709.53 3278.5 74.567 734.3 3333.4 77.863
2.4417 732.91 3251 74.015 712.75 3289.5 74.949 737 3345.4 77.997
2.45 736.44 3261.3 73.984 715.94 3300.5 75.319 739.6 3357.4 78.141
2.4583 739.91 3271.7 73.958 719.1 3311.5 75.673 742.11 3369.2 78.295
2.4667 743.36 3282 73.93 722.21 3322.6 76.01 744.54 3381 78.46
2.475 746.79 3292.3 73.896 725.19 3333.7 76.328 747.73 3392.9 77.881
2.4833 750.21 3302.7 73.85 728.25 3344.8 76.621 750.03 3404.5 78.071
2.4917 753.64 3313.1 73.786 731.29 3356 76.89 752.29 3416.2 78.27
2.5 757.05 3323.5 73.703 734.31 3367.2 77.136 754.51 3427.8 78.478
2.5083 760.44 3334 73.603 737.31 3378.5 77.358 756.71 3439.4 78.692
2.5167 763.81 3344.5 73.49 740.32 3389.7 77.56 758.9 3451 78.907
2.525 767.13 3355 73.372 743.31 3401.1 77.746 761.09 3462.7 79.123
2.5333 770.4 3365.6 73.258 746.31 3412.4 77.918 763.31 3474.4 79.334
2.5417 773.64 3376.2 73.159 749.31 3423.9 78.082 765.55 3486.1 79.538
2.55 776.83 3386.9 73.082 752.3 3435.4 78.244 767.83 3498 79.732
2.5583 780 3397.6 73.031 755.28 3446.9 78.405 770.15 3509.9 79.913
2.5667 783.15 3408.4 73.008 758.25 3458.6 78.569 772.53 3521.8 80.079
2.575 786.3 3419.3 73.005 761.2 3470.3 78.736 774.95 3533.8 80.228
2.5833 789.46 3430.4 73.016 764.12 3482.1 78.907 777.43 3545.8 80.359
2.5917 792.64 3441.6 73.03 767.02 3493.9 79.079 779.94 3557.9 80.471
2.6 795.84 3452.9 73.043 769.87 3505.8 79.25 782.48 3570 80.565
2.6083 799.04 3464.5 73.051 772.69 3517.8 79.416 785.04 3582.1 80.641
2.6167 802.23 3476.1 73.055 775.46 3529.7 79.575 787.61 3594.3 80.7
2.625 805.39 3487.9 73.057 778.17 3541.7 79.723 790.16 3606.5 80.744
2.6333 808.5 3499.7 73.062 780.84 3553.7 79.859 792.68 3618.7 80.775
2.6417 811.54 3511.7 73.067 783.45 3565.8 79.98 795.17 3631 80.793
2.65 814.52 3523.7 73.077 786.01 3577.8 80.087 797.62 3643.3 80.8
2.6583 817.44 3535.8 73.096 788.5 3589.9 80.195 800.01 3655.7 80.8
2.6667 820.3 3548 73.126 790.94 3602 80.282 802.35 3668.1 80.79
2.675 823.12 3560.4 73.172 793.32 3614.2 80.373 804.64 3680.5 80.776
2.6833 825.91 3572.9 73.24 795.63 3626.4 80.475 806.89 3693 80.756
2.6917 828.7 3585.6 73.335 797.88 3638.6 80.576 809.09 3705.6 80.733
2.7 831.47 3598.5 73.459 800.08 3650.9 80.695 811.24 3718.1 80.707
2.7083 834.27 3611.5 73.618 802.23 3663.3 80.82 813.36 3730.7 80.68
2.7167 837.06 3624.6 73.816 804.33 3675.8 80.953 815.44 3743.3 80.655
2.725 839.83 3637.7 74.05 806.43 3688.2 81.096 817.47 3755.8 80.635
2.7333 842.62 3650.9 74.339 808.48 3700.7 81.24 819.46 3768.3 80.621
2.7417 845.33 3664.1 74.662 810.6 3713.2 81.377 821.41 3780.8 80.622
2.75 847.96 3677.1 75.019 812.71 3725.7 81.511 823.3 3793.2 80.64
2.7583 850.51 3690 75.399 814.9 3738.2 81.63 825.13 3805.5 80.682
2.7667 852.95 3702.8 75.79 817.18 3750.6 81.731 826.9 3817.7 80.754
2.775 855.3 3715.3 76.175 819.55 3762.8 81.809 828.63 3829.9 80.859
2.7833 857.54 3727.6 76.537 822.01 3775 81.855 830.31 3841.9 81
2.7917 859.7 3739.7 76.864 824.56 3786.9 81.866 831.97 3853.9 81.176
2.8 861.79 3751.6 77.147 827.2 3798.7 81.841 833.63 3865.9 81.387
2.8083 863.82 3763.3 77.386 829.91 3810.3 81.78 835.32 3877.8 81.626
2.8167 865.8 3774.9 77.588 832.7 3821.7 81.689 837.06 3889.6 81.888
2.825 867.75 3786.4 77.762 835.53 3832.9 81.57 838.89 3901.5 82.161
2.8333 869.68 3797.8 77.921 838.4 3844 81.43 840.83 3913.2 82.435
2.8417 871.6 3809.1 78.078 841.28 3854.9 81.271 842.91 3925 82.699
2.85 873.53 3820.5 78.248 844.17 3865.7 81.096 845.15 3936.7 82.94
2.8583 875.5 3831.7 78.447 847.06 3876.4 80.91 847.55 3948.3 83.151
2.8667 877.51 3842.9 78.681 849.93 3887 80.709 850.12 3959.9 83.323
2.875 879.59 3854.1 78.962 852.78 3897.6 80.498 852.86 3971.4 83.455
2.8833 881.76 3865.1 79.292 855.62 3908.2 80.277 855.74 3982.9 83.545
2.8917 884.01 3876.1 79.671 858.45 3918.8 80.044 858.75 3994.2 83.597
2.9 886.36 3887.1 80.093 861.27 3929.5 79.802 861.87 4005.5 83.615
2.9083 888.79 3897.9 80.549 864.11 3940.1 79.549 865.06 4016.6 83.608
2.9167 891.31 3908.7 81.029 866.96 3950.8 79.288 868.3 4027.7 83.583
2.925 893.88 3919.4 81.523 869.84 3961.5 79.022 871.59 4038.6 83.548
2.9333 896.49 3930.1 82.021 872.75 3972.2 78.754 874.89 4049.5 83.508
2.9417 899.13 3940.7 82.514 875.7 3983 78.489 878.2 4060.2 83.469
2.95 901.77 3951.3 82.998 878.68 3993.8 78.232 881.52 4070.9 83.434
2.9583 904.41 3961.8 83.467 881.7 4004.6 77.988 884.85 4081.6 83.401
2.9667 907.04 3972.4 83.924 884.87 4015.6 77.76 887.27 4091.8 84.183
2.975 909.67 3982.9 84.368 887.95 4026.5 77.558 890.63 4102.3 84.156
2.9833 912.31 3993.5 84.803 891.04 4037.5 77.382 894.02 4112.9 84.122
2.9917 914.99 4004 85.229 894.16 4048.6 77.233 897.44 4123.4 84.08
3 917.73 4014.6 85.649 897.28 4059.7 77.113 900.9 4133.9 84.026
3.0083 920.55 4025.2 86.06 900.41 4071 77.019 904.41 4144.4 83.959
3.0167 923.48 4035.9 86.461 903.54 4082.3 76.95 907.95 4155 83.882
3.025 926.54 4046.6 86.848 906.68 4093.8 76.903 911.54 4165.5 83.795
3.0333 929.75 4057.3 87.211 909.83 4105.3 76.876 915.16 4176 83.704
3.0417 933.11 4068.1 87.544 912.99 4116.9 76.864 918.8 4186.5 83.613
3.05 936.6 4079 87.843 916.18 4128.6 76.865 922.48 4196.9 83.525
3.0583 940.23 4090 88.102 919.39 4140.4 76.879 926.17 4207.4 83.445
3.0667 943.95 4101.2 88.32 922.64 4152.2 76.904 929.89 4217.9 83.374
3.075 947.74 4112.4 88.501 925.93 4164.1 76.939 933.64 4228.4 83.313
3.0833 951.58 4123.9 88.65 929.26 4175.9 76.987 937.42 4239 83.261
3.0917 955.4 4135.5 88.774 932.64 4187.7 77.047 941.23 4249.5 83.215
3.1 959.17 4147.3 88.876 936.08 4199.5 77.12 945.09 4260.1 83.173
3.1083 962.87 4159.2 88.959 939.57 4211.2 77.206 948.99 4270.8 83.131
3.1167 966.48 4171.2 89.02 943.12 4222.9 77.303 952.94 4281.6 83.087
3.125 970 4183.3 89.055 946.72 4234.6 77.41 956.93 4292.4 83.04
3.1333 973.46 4195.4 89.06 950.39 4246.2 77.523 960.97 4303.4 82.995
3.1417 976.89 4207.5 89.03 954.13 4257.7 77.636 965.03 4314.4 82.953
3.15 980.32 4219.5 88.966 957.93 4269.2 77.749 969.11 4325.6 82.923
3.1583 983.77 4231.5 88.865 961.8 4280.8 77.852 973.19 4336.9 82.911
3.1667 987.25 4243.5 88.729 965.74 4292.3 77.944 977.26 4348.3 82.925
3.175 990.76 4255.6 88.561 969.74 4303.9 78.017 981.32 4359.8 82.974
3.1833 994.3 4267.7 88.363 973.81 4315.5 78.072 985.34 4371.4 83.061
3.1917 997.85 4279.8 88.138 977.94 4327.2 78.107 989.33 4383.1 83.189
3.2 1001.4 4292.1 87.889 982.1 4338.9 78.124 993.28 4394.9 83.356
3.2083 1005 4304.5 87.617 986.29 4350.6 78.126 997.2 4406.7 83.555
3.2167 1008.5 4316.9 87.322 990.49 4362.4 78.12 1001.1 4418.5 83.777
3.225 1012 4329.5 87.004 994.67 4374.3 78.11 1004.9 4430.4 84.009
3.2333 1015.5 4342 86.666 998.79 4386.2 78.104 1008.8 4442.2 84.236
3.2417 1018.9 4354.6 86.317 1002.8 4398 78.114 1012.6 4454 84.441
3.25 1022.4 4367 85.967 1006.8 4409.9 78.145 1016.5 4465.8 84.612
3.2583 1025.8 4379.4 85.629 1010.6 4421.7 78.208 1020.3 4477.6 84.735
3.2667 1029.2 4391.5 85.319 1014.2 4433.5 78.307 1024 4489.2 84.805
3.275 1032.6 4403.5 85.05 1017.7 4445.2 78.449 1027.8 4500.9 84.82
3.2833 1036.1 4415.3 84.834 1021 4456.8 78.637 1031.5 4512.4 84.782
3.2917 1039.5 4426.8 84.681 1024.1 4468.3 78.871 1035.1 4523.9 84.7
3.3 1042.9 4438.1 84.591 1027 4479.7 79.152 1038.5 4535.3 84.588
3.3083 1046.3 4449.3 84.559 1029.8 4490.9 79.476 1041.9 4546.6 84.462
3.3167 1049.8 4460.2 84.574 1032.4 4502 79.84 1045 4557.9 84.338
3.325 1053.2 4471.1 84.618 1034.8 4513 80.237 1048 4569.2 84.234
3.3333 1056.7 4481.8 84.675 1037.1 4523.9 80.664 1050.8 4580.4 84.163
3.3417 1060.1 4492.5 84.725 1039.4 4534.7 81.108 1053.3 4591.7 84.138
3.35 1063.5 4503.1 84.751 1041.5 4545.3 81.582 1056.4 4603.2 83.453
3.3583 1066.8 4513.7 84.743 1043.6 4555.9 82.064 1058.5 4614.4 83.541
3.3667 1070 4524.3 84.692 1045.6 4566.6 82.555 1060.4 4625.7 83.682
3.375 1073 4534.9 84.598 1047.6 4577.1 83.055 1062.1 4637 83.869
3.3833 1075.8 4545.5 84.465 1049.6 4587.7 83.56 1063.6 4648.3 84.092
3.3917 1078.5 4556 84.306 1051.5 4598.3 84.069 1065 4659.7 84.341
3.4 1080.9 4566.5 84.135 1053.4 4608.9 84.58 1066.3 4671.1 84.602
3.4083 1083.2 4576.9 83.967 1055.2 4619.5 85.094 1067.5 4682.5 84.865
3.4167 1085.3 4587.2 83.819 1056.9 4630.1 85.609 1068.5 4694 85.118
3.425 1087.1 4597.5 83.704 1058.6 4640.7 86.124 1069.6 4705.4 85.354
3.4333 1088.8 4607.7 83.629 1060.2 4651.4 86.638 1070.6 4716.8 85.569
3.4417 1090.4 4617.8 83.599 1061.8 4662.1 87.148 1071.5 4728.1 85.762
3.45 1091.8 4627.9 83.609 1063.3 4672.8 87.652 1072.4 4739.4 85.933
3.4583 1093.1 4637.9 83.652 1064.7 4683.5 88.147 1073.3 4750.6 86.086
3.4667 1094.4 4647.9 83.716 1066.1 4694.2 88.63 1074.1 4761.8 86.226
3.475 1095.6 4657.9 83.791 1067.4 4705 89.098 1074.9 4773 86.358
3.4833 1096.8 4668 83.862 1068.7 4715.8 89.547 1075.7 4784 86.489
3.4917 1097.9 4678.1 83.921 1070 4726.6 89.975 1076.5 4795 86.623
3.5 1099.2 4688.3 83.959 1071.2 4737.5 90.38 1077.2 4806 86.762
3.5083 1100.4 4698.6 83.975 1072.4 4748.4 90.758 1078 4817 86.909
3.5167 1101.7 4709 83.971 1073.5 4759.4 91.108 1078.7 4828 87.062
3.525 1103 4719.4 83.951 1074.6 4770.4 91.428 1079.5 4839 87.218
3.5333 1104.3 4729.9 83.926 1075.7 4781.5 91.718 1080.2 4850 87.374
3.5417 1105.6 4740.5 83.905 1076.7 4792.6 91.977 1081 4861.1 87.522
3.55 1106.9 4751.1 83.897 1077.6 4803.8 92.206 1081.7 4872.2 87.657
3.5583 1108.2 4761.9 83.909 1078.5 4815.1 92.404 1082.5 4883.5 87.774
3.5667 1109.4 4772.6 83.946 1079.3 4826.5 92.573 1083.4 4894.8 87.865
3.575 1110.6 4783.5 84.007 1080.1 4838 92.714 1084.2 4906.1 87.929
3.5833 1111.6 4794.4 84.088 1080.8 4849.5 92.829 1085.1 4917.6 87.963
3.5917 1112.6 4805.4 84.179 1081.4 4861.2 92.92 1085.9 4929.1 87.969
3.6 1113.4 4816.5 84.27 1081.9 4872.9 92.989 1086.8 4940.7 87.95
3.6083 1114.2 4827.7 84.348 1082.5 4884.8 93.039 1087.7 4952.4 87.91
3.6167 1114.9 4839.1 84.404 1082.9 4896.8 93.072 1088.5 4964.1 87.857
3.625 1115.5 4850.5 84.429 1083.3 4908.9 93.092 1089.2 4975.9 87.798
3.6333 1116.1 4862.1 84.417 1083.6 4921.1 93.101 1089.9 4987.7 87.74
3.6417 1116.6 4873.7 84.369 1083.9 4933.5 93.103 1090.5 4999.6 87.689
3.65 1117.1 4885.5 84.29 1084.2 4945.9 93.104 1091 5011.5 87.651
3.6583 1117.5 4897.4 84.18 1084.3 4958.5 93.106 1091.4 5023.6 87.626
3.6667 1117.9 4909.4 84.049 1084.4 4971.2 93.115 1091.7 5035.7 87.614
3.675 1118.1 4921.5 83.906 1084.4 4984 93.136 1091.9 5048 87.612
3.6833 1118.2 4933.9 83.759 1084.3 4996.9 93.174 1091.9 5060.4 87.614
3.6917 1118.3 4946.4 83.617 1084 5010 93.231 1091.8 5072.9 87.613
3.7 1118.2 4959 83.493 1083.7 5023.2 93.311 1091.6 5085.6 87.601
3.7083 1118.1 4971.9 83.392 1083.3 5036.5 93.415 1091.3 5098.3 87.572
3.7167 1117.9 4984.9 83.326 1082.7 5050 93.543 1090.9 5111.2 87.521
3.725 1117.7 4998 83.302 1082 5063.6 93.694 1090.3 5124.2 87.446
3.7333 1117.5 5011.3 83.328 1081.2 5077.3 93.864 1089.7 5137.3 87.349
3.7417 1117.3 5024.6 83.41 1080.4 5091.1 94.048 1088.9 5150.5 87.237
3.75 1117.1 5038 83.555 1079.4 5105 94.24 1088 5163.7 87.119
3.7583 1116.8 5051.4 83.765 1078.5 5118.9 94.43 1087 5177 87.006
3.7667 1116.5 5064.8 84.043 1077.5 5132.8 94.613 1086 5190.3 86.912
3.775 1116.2 5078.1 84.385 1076.6 5146.6 94.779 1084.8 5203.5 86.852
3.7833 1115.7 5091.4 84.788 1075.7 5160.3 94.92 1083.6 5216.8 86.837
3.7917 1115.2 5104.5 85.242 1074.9 5173.7 95.031 1082.3 5230.1 86.875
3.8 1114.6 5117.5 85.737 1074.2 5187 95.106 1081 5243.3 86.968
3.8083 1113.9 5130.4 86.26 1073.5 5199.9 95.142 1079.8 5256.5 87.115
3.8167 1113.1 5143.1 86.797 1073 5212.5 95.141 1078.6 5269.7 87.308
3.825 1112.3 5155.6 87.336 1072.6 5224.8 95.104 1077.4 5282.7 87.533
3.8333 1111.5 5168 87.869 1072.3 5236.8 95.036 1076.4 5295.7 87.774
3.8417 1110.6 5180.3 88.39 1072.1 5248.4 94.942 1075.5 5308.6 88.014
3.85 1109.7 5192.4 88.894 1072 5259.7 94.83 1074.8 5321.3 88.236
3.8583 1108.9 5204.5 89.38 1071.9 5270.8 94.706 1074.3 5333.9 88.423
3.8667 1108.1 5216.5 89.836 1071.9 5281.6 94.576 1073.9 5346.3 88.564
3.875 1107.3 5228.4 90.268 1071.9 5292.2 94.445 1073.8 5358.5 88.651
3.8833 1106.6 5240.2 90.67 1071.9 5302.6 94.317 1073.8 5370.6 88.681
3.8917 1106 5251.9 91.041 1071.9 5313 94.194 1073.9 5382.5 88.656
3.9 1105.4 5263.5 91.38 1072 5323.3 94.074 1074.2 5394.2 88.58
3.9083 1104.8 5275.1 91.691 1072 5333.6 93.957 1074.6 5405.8 88.464
3.9167 1104.4 5286.6 91.976 1072.1 5343.8 93.838 1075 5417.3 88.319
3.925 1104 5298 92.24 1072.1 5354.1 93.713 1075.6 5428.7 88.156
3.9333 1103.6 5309.3 92.487 1072.2 5364.5 93.577 1076.1 5440 87.986
3.9417 1103.4 5320.6 92.725 1072.3 5374.8 93.427 1076.7 5451.2 87.819
3.95 1103.2 5331.8 92.959 1072.4 5385.3 93.256 1077.4 5462.4 87.662
3.9583 1103 5342.8 93.196 1072.5 5395.8 93.064 1078 5473.6 87.52
3.9667 1103 5353.9 93.442 1072.7 5406.4 92.851 1078.6 5484.8 87.393
3.975 1103 5364.8 93.701 1072.9 5417.1 92.619 1079.2 5495.9 87.281
