0.0083333 -16.488 2.7753 101.52 -51.018 87.529 89.661 -29.4 238.48 85.249
0.016667 -16.119 9.658 101.61 -50.851 95.179 89.746 -28.728 245.72 85.182
0.025 -15.724 16.713 101.71 -50.645 103.04 89.83 -27.998 253.02 85.104
0.033333 -15.3 23.957 101.83 -50.394 111.12 89.907 -27.205 260.41 85.012
0.041667 -14.844 31.411 101.95 -50.094 119.43 89.972 -26.345 267.9 84.904
0.05 -14.352 39.101 102.08 -49.738 127.98 90.022 -25.419 275.5 84.778
0.058333 -13.825 47.055 102.21 -49.32 136.76 90.053 -24.431 283.23 84.636
0.066667 -13.263 55.297 102.33 -48.835 145.75 90.063 -23.389 291.1 84.485
0.075 -12.669 63.851 102.45 -48.275 154.95 90.05 -22.302 299.15 84.33
0.083333 -12.053 72.734 102.55 -47.636 164.34 90.015 -21.183 307.39 84.179
0.091667 -11.426 81.957 102.65 -46.911 173.9 89.958 -20.043 315.84 84.042
0.1 -10.802 91.519 102.73 -46.096 183.63 89.882 -18.893 324.51 83.926
0.10833 -10.199 101.41 102.79 -45.184 193.52 89.791 -17.745 333.39 83.837
0.11667 -9.6351 111.61 102.84 -44.175 203.56 89.689 -16.605 342.48 83.779
0.125 -9.1256 122.09 102.89 -43.069 213.74 89.582 -15.478 351.76 83.754
0.13333 -8.6797 132.81 102.92 -41.869 224.08 89.472 -14.365 361.19 83.76
0.14167 -8.3033 143.74 102.95 -40.584 234.56 89.366 -13.264 370.73 83.792
0.15 -7.9883 154.81 102.97 -39.227 245.19 89.266 -12.173 380.34 83.843
0.15833 -7.7192 166 102.99 -37.814 255.95 89.175 -11.089 389.98 83.904
0.16667 -7.4723 177.24 103 -36.367 266.84 89.096 -10.006 399.58 83.965
0.175 -7.2153 188.51 103 -34.909 277.82 89.03 -8.9237 409.12 84.017
0.18333 -6.906 199.76 102.99 -33.467 288.87 88.98 -7.84 418.57 84.051
0.19167 -6.5117 210.97 102.97 -32.069 299.95 88.946 -6.7581 427.9 84.061
0.2 -5.9999 222.11 102.94 -30.738 311 88.931 -5.6833 437.12 84.041
0.20833 -5.347 233.17 102.88 -29.499 321.99 88.937 -4.6236 446.21 83.991
0.21667 -4.5475 244.14 102.79 -28.366 332.86 88.964 -3.5901 455.21 83.912
0.225 -3.6124 255.01 102.68 -27.353 343.58 89.015 -2.5957 464.13 83.809
0.23333 -2.5649 265.8 102.52 -26.462 354.09 89.09 -1.6543 472.99 83.689
0.24167 -1.4347 276.49 102.33 -25.691 364.38 89.189 -0.77989 481.84 83.56
0.25 -0.25121 287.1 102.1 -25.029 374.43 89.312 0.014233 490.69 83.431
0.25833 0.95699 297.65 101.83 -24.459 384.25 89.457 0.71641 499.57 83.313
0.26667 2.1682 308.15 101.52 -23.961 393.83 89.62 1.3173 508.5 83.213
0.275 3.3604 318.61 101.18 -23.513 403.21 89.799 1.8102 517.47 83.137
0.28333 4.5106 329.03 100.81 -23.093 412.42 89.99 2.1917 526.51 83.09
0.29167 5.6005 339.43 100.41 -22.682 421.49 90.187 2.4615 535.59 83.073
0.3 6.6135 349.8 99.99 -22.267 430.45 90.386 2.6221 544.72 83.086
0.30833 7.5423 360.13 99.555 -21.838 439.33 90.582 2.6794 553.88 83.127
0.31667 8.3881 370.42 99.115 -21.392 448.17 90.772 2.641 563.05 83.19
0.325 9.16 380.66 98.677 -20.93 456.98 90.952 2.5167 572.23 83.27
0.33333 9.8702 390.86 98.248 -20.457 465.78 91.121 2.3178 581.39 83.362
0.34167 10.533 401.01 97.834 -19.981 474.57 91.279 2.0559 590.53 83.46
0.35 11.163 411.1 97.441 -19.512 483.36 91.428 1.7429 599.63 83.558
0.35833 11.771 421.14 97.073 -19.058 492.17 91.571 1.391 608.69 83.655
0.36667 12.366 431.14 96.729 -18.626 500.98 91.71 1.0111 617.68 83.746
0.375 12.954 441.09 96.411 -18.221 509.81 91.849 0.6133 626.61 83.832
0.38333 13.532 451.01 96.113 -17.849 518.66 91.99 0.20639 635.46 83.913
0.39167 14.1 460.91 95.833 -17.506 527.53 92.134 -0.20199 644.23 83.989
0.4 14.651 470.77 95.563 -17.194 536.43 92.281 -0.60531 652.9 84.062
0.40833 15.177 480.62 95.296 -16.908 545.38 92.428 -0.99863 661.47 84.133
0.41667 15.671 490.46 95.026 -16.645 554.38 92.574 -1.3779 669.94 84.202
0.425 16.127 500.28 94.748 -16.4 563.44 92.713 -1.7397 678.32 84.27
0.43333 16.543 510.09 94.458 -16.169 572.57 92.844 -2.0816 686.61 84.336
0.44167 16.92 519.87 94.154 -15.95 581.77 92.961 -2.4013 694.83 84.398
0.45 17.264 529.62 93.837 -15.742 591.06 93.062 -2.6967 702.99 84.453
0.45833 17.581 539.34 93.509 -15.542 600.43 93.145 -2.9659 711.13 84.499
0.46667 17.882 549.02 93.173 -15.351 609.88 93.21 -3.2076 719.26 84.534
0.475 18.172 558.65 92.831 -15.169 619.39 93.256 -3.4193 727.41 84.555
0.48333 18.46 568.24 92.49 -14.998 628.97 93.286 -3.6014 735.61 84.562
0.49167 18.744 577.79 92.153 -14.837 638.6 93.301 -3.7534 743.88 84.554
0.5 19.022 587.31 91.826 -14.688 648.28 93.306 -3.8762 752.23 84.533
0.50833 19.282 596.8 91.513 -14.55 657.99 93.304 -3.9718 760.7 84.501
0.51667 19.511 606.29 91.217 -14.423 667.73 93.298 -4.0432 769.27 84.461
0.525 19.696 615.8 90.944 -14.304 677.51 93.29 -4.0946 777.95 84.419
0.53333 19.824 625.33 90.692 -14.195 687.32 93.28 -4.1305 786.74 84.376
0.54167 19.884 634.92 90.466 -14.094 697.16 93.268 -4.1556 795.63 84.338
0.55 19.867 644.57 90.267 -13.999 707.04 93.255 -4.1746 804.62 84.306
0.55833 19.775 654.32 90.09 -13.91 716.97 93.238 -4.1916 813.7 84.282
0.56667 19.616 664.2 89.932 -13.828 726.96 93.218 -4.21 822.86 84.267
0.575 19.393 674.22 89.785 -13.752 737.01 93.188 -4.23 832.1 84.258
0.58333 19.125 684.4 89.643 -13.684 747.13 93.152 -4.2524 841.42 84.254
0.59167 18.825 694.77 89.498 -13.626 757.32 93.106 -4.2757 850.82 84.251
0.6 18.502 705.33 89.347 -13.582 767.6 93.052 -4.2971 860.31 84.245
0.60833 18.165 716.05 89.188 -13.551 777.95 92.992 -4.3141 869.9 84.232
0.61667 17.816 726.93 89.023 -13.539 788.39 92.926 -4.324 879.6 84.208
0.625 17.458 737.92 88.854 -13.548 798.91 92.858 -4.3247 889.41 84.171
0.63333 17.091 749.01 88.682 -13.581 809.52 92.789 -4.316 899.35 84.118
0.64167 16.713 760.17 88.509 -13.642 820.2 92.723 -4.2995 909.41 84.05
0.65 16.319 771.4 88.334 -13.736 830.97 92.661 -4.2789 919.62 83.966
0.65833 15.905 782.7 88.151 -13.864 841.82 92.603 -4.2593 929.96 83.866
0.66667 15.466 794.08 87.961 -14.032 852.76 92.55 -4.2477 940.45 83.754
0.675 14.995 805.57 87.759 -14.243 863.79 92.499 -4.2513 951.09 83.631
0.68333 14.494 817.21 87.547 -14.502 874.92 92.45 -4.2771 961.88 83.498
0.69167 13.968 829.03 87.323 -14.81 886.15 92.399 -4.3312 972.83 83.357
0.7 13.423 841.05 87.094 -15.166 897.5 92.345 -4.4172 983.92 83.209
0.70833 12.874 853.31 86.864 -15.572 908.95 92.284 -4.5358 995.16 83.052
0.71667 12.339 865.81 86.645 -16.023 920.53 92.216 -4.6849 1006.5 82.888
0.725 11.831 878.55 86.448 -16.514 932.23 92.139 -4.8587 1018.1 82.714
0.73333 11.367 891.51 86.289 -17.036 944.05 92.053 -5.0493 1029.7 82.531
0.74167 10.951 904.64 86.178 -17.574 955.99 91.957 -5.2458 1041.5 82.337
0.75 10.585 917.91 86.126 -18.116 968.04 91.853 -5.4358 1053.3 82.132
0.75833 10.26 931.26 86.137 -18.639 980.2 91.739 -5.6067 1065.2 81.918
0.76667 9.9633 944.62 86.21 -19.124 992.44 91.616 -5.7458 1077.1 81.695
0.775 9.6823 957.94 86.338 -19.551 1004.7 91.483 -5.8411 1089.1 81.465
0.78333 9.4009 971.14 86.508 -19.895 1017.1 91.337 -5.8816 1101 81.232
0.79167 9.1078 984.19 86.703 -20.137 1029.4 91.174 -5.8574 1112.9 80.997
0.8 8.7986 997.02 86.901 -20.263 1041.8 90.99 -5.759 1124.7 80.766
0.80833 8.4688 1009.6 87.082 -20.257 1054.1 90.779 -5.5771 1136.4 80.539
0.81667 8.1208 1021.9 87.224 -20.113 1066.3 90.534 -5.301 1148 80.319
0.825 7.7628 1033.9 87.312 -19.829 1078.4 90.248 -4.9195 1159.6 80.108
0.83333 7.4033 1045.6 87.337 -19.409 1090.4 89.915 -4.4192 1171.1 79.904
0.84167 7.0574 1057.1 87.296 -18.858 1102.2 89.531 -3.7849 1182.5 79.708
0.85 6.7456 1068.4 87.193 -18.188 1113.9 89.093 -2.9994 1193.9 79.515
0.85833 6.4935 1079.5 87.036 -17.413 1125.4 88.601 -2.0447 1205.3 79.322
0.86667 6.3316 1090.5 86.837 -16.547 1136.8 88.057 -0.90336 1216.7 79.125
0.875 6.2878 1101.5 86.608 -15.602 1147.9 87.465 0.44067 1228.1 78.916
0.88333 6.3878 1112.3 86.366 -14.591 1159 86.83 2.0001 1239.5 78.69
0.89167 6.651 1123.2 86.126 -13.52 1169.9 86.161 3.7837 1251 78.442
0.9 7.0949 1133.9 85.901 -12.397 1180.6 85.467 5.7936 1262.4 78.166
0.90833 7.7172 1144.6 85.706 -11.222 1191.3 84.754 8.0264 1273.8 77.858
0.91667 8.5176 1155.2 85.546 -9.9915 1202 84.031 10.471 1285.2 77.517
0.925 9.4837 1165.6 85.425 -8.7005 1212.5 83.304 13.112 1296.5 77.141
0.93333 10.593 1176 85.343 -7.3417 1223.1 82.58 15.927 1307.6 76.731
0.94167 11.826 1186.2 85.294 -5.905 1233.6 81.864 18.892 1318.7 76.292
0.95 13.157 1196.3 85.272 -4.3819 1244.1 81.157 21.982 1329.6 75.828
0.95833 14.563 1206.2 85.266 -2.764 1254.6 80.464 25.17 1340.3 75.344
0.96667 16.025 1216.1 85.267 -1.0448 1265.1 79.787 28.435 1350.9 74.848
0.975 17.525 1225.9 85.267 0.77908 1275.7 79.127 31.758 1361.3 74.347
0.98333 19.051 1235.6 85.258 2.7081 1286.2 78.488 35.126 1371.5 73.849
0.99167 20.596 1245.3 85.236 4.7398 1296.6 77.871 38.531 1381.6 73.361
1 22.154 1255 85.199 6.8691 1307.1 77.278 41.97 1391.6 72.887
1.0083 23.73 1264.7 85.147 9.0891 1317.6 76.712 45.445 1401.5 72.433
1.0167 25.324 1274.4 85.086 11.393 1328.1 76.177 48.96 1411.4 72.001
1.025 26.943 1284.1 85.02 13.772 1338.6 75.673 52.522 1421.3 71.591
1.0333 28.593 1293.9 84.957 16.221 1349.2 75.204 56.138 1431.1 71.202
1.0417 30.281 1303.6 84.903 18.735 1359.7 74.772 59.812 1441 70.832
1.05 32.014 1313.4 84.861 21.314 1370.3 74.377 63.549 1450.9 70.478
1.0583 33.8 1323.2 84.837 23.955 1381 74.019 67.35 1460.8 70.135
1.0667 35.644 1333 84.829 26.663 1391.6 73.7 71.213 1470.7 69.8
1.075 37.553 1342.8 84.836 29.439 1402.3 73.418 75.134 1480.6 69.47
1.0833 39.537 1352.8 84.854 32.289 1413.1 73.17 79.108 1490.6 69.144
1.0917 41.604 1362.7 84.877 35.219 1423.8 72.957 83.13 1500.5 68.822
1.1 43.765 1372.8 84.898 38.233 1434.6 72.775 87.195 1510.5 68.505
1.1083 46.034 1383 84.912 41.336 1445.5 72.622 91.296 1520.5 68.193
1.1167 48.426 1393.3 84.914 44.531 1456.3 72.497 95.434 1530.5 67.891
1.125 50.957 1403.7 84.903 47.821 1467.1 72.398 99.607 1540.5 67.601
1.1333 53.643 1414.2 84.88 51.208 1477.9 72.323 103.82 1550.5 67.325
1.1417 56.497 1424.8 84.848 54.693 1488.8 72.27 108.07 1560.5 67.063
1.15 59.519 1435.6 84.811 58.275 1499.6 72.236 112.37 1570.5 66.817
1.1583 62.694 1446.4 84.775 61.956 1510.4 72.218 116.72 1580.5 66.586
1.1667 65.99 1457.4 84.743 65.737 1521.2 72.212 121.14 1590.6 66.366
1.175 69.367 1468.4 84.716 69.62 1532 72.215 125.62 1600.6 66.154
1.1833 72.789 1479.5 84.692 73.609 1542.9 72.22 130.18 1610.6 65.947
1.1917 76.229 1490.7 84.672 77.71 1553.8 72.222 134.81 1620.5 65.742
1.2 79.68 1502 84.649 81.929 1564.7 72.216 139.53 1630.5 65.534
1.2083 83.147 1513.3 84.616 86.274 1575.7 72.194 144.33 1640.5 65.323
1.2167 86.647 1524.7 84.567 90.753 1586.7 72.152 149.23 1650.4 65.11
1.225 90.199 1536.1 84.501 95.373 1597.8 72.084 154.22 1660.4 64.894
1.2333 93.832 1547.8 84.412 100.14 1609 71.987 159.3 1670.4 64.68
1.2417 97.571 1559.6 84.302 105.06 1620.2 71.859 164.48 1680.4 64.472
1.25 101.44 1571.6 84.17 110.12 1631.4 71.7 169.77 1690.5 64.273
1.2583 105.44 1583.8 84.02 115.33 1642.7 71.511 175.16 1700.7 64.089
1.2667 109.61 1596.2 83.851 120.66 1654.1 71.297 180.65 1711 63.921
1.275 113.92 1608.8 83.664 126.11 1665.4 71.061 186.24 1721.4 63.773
1.2833 118.38 1621.5 83.457 131.66 1676.8 70.811 191.92 1732 63.642
1.2917 122.97 1634.4 83.226 137.26 1688.2 70.552 197.68 1742.6 63.525
1.3 127.68 1647.3 82.967 142.9 1699.6 70.293 203.51 1753.2 63.417
1.3083 132.48 1660.2 82.676 148.53 1711 70.039 209.39 1764 63.312
1.3167 137.37 1673 82.351 154.13 1722.4 69.797 215.29 1774.7 63.2
1.325 142.33 1685.6 81.989 159.67 1733.9 69.573 221.2 1785.4 63.075
1.3333 147.36 1698.1 81.593 165.1 1745.3 69.371 227.08 1796 62.927
1.3417 152.45 1710.3 81.166 170.4 1756.7 69.194 232.92 1806.6 62.754
1.35 157.58 1722.2 80.712 175.55 1768 69.044 238.69 1817.1 62.551
1.3583 162.76 1733.9 80.236 180.54 1779.4 68.923 244.37 1827.5 62.319
1.3667 167.95 1745.3 79.744 185.36 1790.7 68.831 249.94 1837.8 62.061
1.375 173.16 1756.6 79.239 190 1801.9 68.766 255.39 1848 61.784
1.3833 178.37 1767.7 78.727 194.47 1813 68.728 260.71 1858.2 61.495
1.3917 183.59 1778.7 78.211 198.78 1824 68.712 265.9 1868.4 61.205
1.4 188.81 1789.6 77.698 202.95 1834.9 68.718 270.95 1878.6 60.922
1.4083 194.01 1800.5 77.193 206.99 1845.6 68.74 275.87 1888.8 60.657
1.4167 199.21 1811.3 76.701 210.93 1856.2 68.775 280.67 1899.1 60.418
1.425 204.37 1822.1 76.226 214.8 1866.7 68.821 285.34 1909.5 60.21
1.4333 209.49 1832.9 75.767 218.6 1877 68.873 289.89 1920 60.038
1.4417 214.56 1843.6 75.324 222.36 1887.2 68.928 294.32 1930.5 59.904
1.45 219.58 1854.2 74.892 226.09 1897.3 68.984 298.64 1941.2 59.805
1.4583 224.52 1864.8 74.467 229.81 1907.3 69.04 302.85 1951.9 59.739
1.4667 229.38 1875.4 74.043 233.52 1917.2 69.095 306.94 1962.6 59.701
1.475 234.17 1885.8 73.616 237.24 1927.1 69.147 310.93 1973.4 59.688
1.4833 238.87 1896.2 73.182 240.95 1937 69.198 314.82 1984.1 59.693
1.4917 243.48 1906.6 72.741 244.67 1946.9 69.245 318.6 1994.8 59.713
1.5 248.01 1916.9 72.291 248.39 1956.9 69.29 322.28 2005.5 59.745
1.5083 252.48 1927.2 71.837 252.12 1966.9 69.332 325.87 2016.2 59.786
1.5167 256.88 1937.4 71.378 255.85 1977 69.369 329.37 2026.7 59.835
1.525 261.22 1947.7 70.921 259.59 1987.2 69.401 332.79 2037.2 59.892
1.5333 265.53 1957.9 70.468 263.34 1997.4 69.425 336.15 2047.7 59.956
1.5417 269.81 1968.2 70.02 267.1 2007.7 69.44 339.45 2058.1 60.028
1.55 274.06 1978.4 69.577 270.89 2018.1 69.442 342.69 2068.4 60.106
1.5583 278.31 1988.6 69.137 274.7 2028.5 69.431 345.9 2078.6 60.191
1.5667 282.55 1998.9 68.698 278.54 2039 69.404 349.09 2088.9 60.28
1.575 286.79 2009.1 68.256 282.41 2049.5 69.362 352.25 2099 60.371
1.5833 291.04 2019.3 67.809 286.31 2060.1 69.303 355.4 2109.1 60.463
1.5917 295.28 2029.5 67.357 290.26 2070.7 69.228 358.55 2119.2 60.551
1.6 299.52 2039.8 66.903 294.23 2081.4 69.139 361.7 2129.3 60.634
1.6083 303.75 2050 66.453 298.23 2092.1 69.038 364.87 2139.3 60.71
1.6167 307.97 2060.3 66.014 302.26 2102.9 68.925 368.06 2149.4 60.776
1.625 312.18 2070.6 65.6 306.31 2113.7 68.804 371.27 2159.5 60.834
1.6333 316.36 2081 65.221 310.38 2124.6 68.677 374.52 2169.7 60.885
1.6417 320.51 2091.4 64.891 314.46 2135.5 68.544 377.82 2179.9 60.928
1.65 324.64 2101.9 64.617 318.55 2146.5 68.41 381.15 2190.2 60.968
1.6583 328.75 2112.5 64.405 322.66 2157.5 68.274 384.53 2200.6 61.007
1.6667 332.84 2123.1 64.254 326.77 2168.6 68.139 387.96 2211.1 61.049
1.675 336.91 2133.9 64.157 330.91 2179.7 68.006 391.42 2221.7 61.095
1.6833 340.99 2144.7 64.101 335.06 2190.9 67.878 394.92 2232.4 61.147
1.6917 345.08 2155.7 64.071 339.23 2202.1 67.757 398.44 2243.2 61.207
1.7 349.22 2166.7 64.055 343.44 2213.5 67.647 401.98 2254 61.274
1.7083 353.39 2178 64.041 347.67 2224.9 67.553 405.52 2264.9 61.348
1.7167 357.62 2189.3 64.02 351.94 2236.4 67.477 409.06 2275.9 61.426
1.725 361.88 2200.7 63.995 356.22 2247.9 67.428 412.6 2286.9 61.507
1.7333 366.19 2212.2 63.962 360.53 2259.6 67.408 416.13 2298 61.586
1.7417 370.54 2223.8 63.922 364.85 2271.4 67.422 419.66 2309.1 61.663
1.75 374.94 2235.6 63.878 369.15 2283.2 67.474 423.19 2320.3 61.734
1.7583 379.38 2247.5 63.828 373.46 2295.2 67.567 426.73 2331.6 61.796
1.7667 383.87 2259.6 63.777 377.73 2307.2 67.698 430.31 2343 61.847
1.775 388.43 2272 63.725 381.96 2319.3 67.866 433.92 2354.5 61.887
1.7833 393.06 2284.6 63.676 386.15 2331.4 68.066 437.59 2366.1 61.914
1.7917 397.76 2297.4 63.632 390.28 2343.6 68.289 441.33 2377.9 61.927
1.8 402.54 2310.5 63.597 394.38 2355.9 68.528 445.15 2389.9 61.928
1.8083 407.41 2323.8 63.576 398.43 2368.2 68.772 449.05 2402 61.917
1.8167 412.33 2337.3 63.569 402.46 2380.6 69.012 453.03 2414.2 61.896
1.825 417.32 2351 63.586 406.48 2393 69.236 457.08 2426.5 61.867
1.8333 422.33 2364.7 63.629 410.5 2405.4 69.436 461.19 2439 61.833
1.8417 427.35 2378.4 63.704 414.56 2417.9 69.604 465.34 2451.5 61.797
1.85 432.33 2392.1 63.811 418.68 2430.4 69.734 469.53 2464 61.764
1.8583 437.26 2405.7 63.95 422.86 2442.9 69.82 473.73 2476.5 61.736
1.8667 442.12 2419 64.117 427.14 2455.4 69.861 477.93 2488.9 61.719
1.875 446.9 2432.2 64.304 431.51 2468 69.854 482.12 2501.3 61.715
1.8833 451.58 2445.2 64.499 435.98 2480.4 69.8 486.31 2513.6 61.727
1.8917 456.16 2457.9 64.691 440.56 2492.8 69.701 490.49 2525.8 61.757
1.9 460.66 2470.4 64.866 445.24 2505.1 69.557 494.69 2537.9 61.807
1.9083 465.08 2482.7 65.019 450 2517.2 69.373 498.93 2549.9 61.874
1.9167 469.43 2494.8 65.148 454.83 2529.2 69.15 503.22 2561.8 61.956
1.925 473.75 2506.8 65.252 459.73 2541 68.892 507.59 2573.7 62.051
1.9333 478.05 2518.6 65.336 464.67 2552.6 68.601 512.06 2585.6 62.153
1.9417 482.34 2530.3 65.403 469.64 2564 68.281 516.66 2597.4 62.257
1.95 486.64 2542 65.456 474.63 2575.2 67.932 521.41 2609.1 62.358
1.9583 490.97 2553.5 65.501 479.64 2586.2 67.557 526.3 2620.9 62.45
1.9667 495.33 2564.9 65.544 484.67 2597.1 67.155 531.34 2632.6 62.528
1.975 499.76 2576.2 65.596 489.71 2607.8 66.734 536.52 2644.2 62.59
1.9833 504.25 2587.4 65.66 494.77 2618.4 66.294 541.84 2655.9 62.636
1.9917 508.83 2598.5 65.746 499.86 2628.9 65.84 547.27 2667.4 62.667
2 513.5 2609.4 65.856 504.98 2639.3 65.376 552.79 2678.9 62.685
2.0083 518.27 2620.3 65.996 510.13 2649.8 64.907 558.38 2690.3 62.695
2.0167 523.13 2631 66.165 515.33 2660.2 64.44 564.01 2701.5 62.702
2.025 528.07 2641.6 66.361 520.58 2670.6 63.979 569.67 2712.7 62.712
2.0333 533.09 2652.1 66.584 525.88 2681 63.531 575.34 2723.8 62.727
2.0417 538.16 2662.6 66.826 531.22 2691.5 63.101 581.02 2734.8 62.754
2.05 543.26 2673 67.083 536.62 2702 62.695 586.7 2745.8 62.791
2.0583 548.39 2683.4 67.347 542.05 2712.5 62.316 592.39 2756.6 62.84
2.0667 553.51 2693.7 67.611 547.53 2723 61.968 598.08 2767.3 62.897
2.075 558.61 2704 67.87 553.04 2733.5 61.653 603.8 2778 62.959
2.0833 563.69 2714.2 68.119 558.6 2744.1 61.37 609.55 2788.6 63.019
2.0917 568.74 2724.4 68.355 564.19 2754.7 61.121 615.34 2799.2 63.072
2.1 573.77 2734.5 68.577 569.83 2765.3 60.904 621.18 2809.7 63.114
2.1083 578.8 2744.6 68.787 575.51 2775.9 60.716 627.07 2820.1 63.141
2.1167 583.84 2754.6 68.987 581.23 2786.5 60.555 633.03 2830.6 63.149
2.125 588.91 2764.6 69.181 587.02 2797.2 60.42 639.05 2841 63.139
2.1333 594.05 2774.6 69.373 592.86 2808 60.306 645.13 2851.3 63.114
2.1417 599.29 2784.6 69.566 598.75 2818.8 60.212 651.27 2861.7 63.078
2.15 604.64 2794.6 69.761 604.71 2829.6 60.136 657.46 2872.1 63.036
2.1583 610.12 2804.7 69.96 610.74 2840.5 60.076 663.7 2882.5 62.995
2.1667 615.75 2814.8 70.162 616.82 2851.3 60.033 669.98 2893 62.96
2.175 621.53 2825 70.363 622.97 2862.2 60.005 676.3 2903.5 62.938
2.1833 627.46 2835.3 70.562 629.17 2873.2 59.994 682.66 2914.1 62.931
2.1917 633.57 2845.7 70.757 635.44 2884.1 59.999 689.05 2924.7 62.943
2.2 639.84 2856.1 70.946 641.77 2895 60.022 695.47 2935.4 62.973
2.2083 646.27 2866.6 71.129 648.16 2906 60.062 701.92 2946.1 63.018
2.2167 652.85 2877.3 71.302 654.62 2916.9 60.119 708.4 2956.8 63.075
2.225 659.55 2888 71.469 661.14 2927.9 60.192 714.92 2967.5 63.14
2.2333 666.33 2898.8 71.621 667.74 2938.8 60.279 721.47 2978.3 63.207
2.2417 673.15 2909.6 71.757 674.43 2949.8 60.375 728.06 2989 63.273
2.25 679.98 2920.5 71.873 681.2 2960.8 60.475 734.71 2999.7 63.334
2.2583 686.83 2931.5 71.968 688.07 2971.8 60.574 741.41 3010.4 63.391
2.2667 693.69 2942.5 72.04 695.04 2982.9 60.663 748.18 3021.1 63.443
2.275 700.59 2953.5 72.09 702.11 2994 60.736 755.03 3031.8 63.494
2.2833 707.55 2964.6 72.121 709.29 3005 60.786 761.97 3042.6 63.547
2.2917 714.59 2975.9 72.138 716.57 3016.1 60.806 769.01 3053.3 63.608
2.3 721.72 2987.2 72.143 723.97 3027.2 60.792 776.16 3064.2 63.679
2.3083 728.96 2998.7 72.141 731.47 3038.3 60.743 783.42 3075.1 63.765
2.3167 736.3 3010.4 72.132 739.07 3049.4 60.657 790.8 3086.1 63.866
2.325 743.74 3022.3 72.118 746.76 3060.4 60.538 798.29 3097.2 63.981
2.3333 751.26 3034.4 72.091 754.52 3071.4 60.393 805.87 3108.4 64.109
2.3417 758.83 3046.6 72.049 762.33 3082.4 60.229 813.53 3119.6 64.244
2.35 766.42 3059 71.982 770.18 3093.3 60.056 821.25 3130.8 64.381
2.3583 774.01 3071.4 71.887 778.17 3104.3 59.882 828 3142 65.335
2.3667 781.56 3083.7 71.758 786 3115.2 59.725 835.71 3153.1 65.472
2.375 789.07 3096 71.595 793.79 3126.1 59.591 843.4 3164.2 65.594
2.3833 796.54 3108.1 71.4 801.49 3137 59.49 851.02 3175.2 65.696
2.3917 803.96 3119.9 71.177 809.07 3147.9 59.429 858.56 3186.1 65.778
2.4 811.34 3131.5 70.928 816.51 3158.8 59.412 865.99 3196.9 65.838
2.4083 818.66 3142.8 70.664 823.76 3169.7 59.442 873.3 3207.5 65.878
2.4167 825.93 3153.9 70.39 830.82 3180.7 59.518 880.49 3218.1 65.902
2.425 833.13 3164.7 70.116 837.65 3191.5 59.638 887.55 3228.6 65.914
2.4333 840.27 3175.3 69.847 844.26 3202.4 59.797 894.49 3239.1 65.918
2.4417 847.38 3185.7 69.584 850.63 3213.1 59.989 901.32 3249.6 65.919
2.45 854.47 3196 69.329 856.77 3223.8 60.209 908.03 3260.1 65.918
2.4583 861.58 3206.1 69.081 862.69 3234.3 60.449 914.64 3270.8 65.918
2.4667 868.68 3216.3 68.838 868.42 3244.7 60.704 921.14 3281.5 65.92
2.475 875.78 3226.4 68.605 873.98 3254.9 60.972 927.55 3292.4 65.921
2.4833 882.84 3236.4 68.376 879.41 3265 61.244 933.86 3303.4 65.923
2.4917 889.85 3246.5 68.15 884.72 3274.9 61.521 940.05 3314.5 65.924
2.5 896.78 3256.5 67.924 889.95 3284.8 61.799 946.11 3325.7 65.927
2.5083 903.59 3266.6 67.696 895.13 3294.5 62.079 952.02 3337 65.931
2.5167 910.25 3276.6 67.462 900.27 3304.2 62.357 957.77 3348.4 65.943
2.525 916.75 3286.6 67.219 905.24 3313.8 62.639 964.54 3359.9 65.08
2.5333 923.06 3296.5 66.969 910.36 3323.6 62.916 969.92 3371.3 65.119
2.5417 929.18 3306.4 66.709 915.48 3333.3 63.189 975.11 3382.7 65.183
2.55 935.09 3316.3 66.441 920.61 3343.1 63.455 980.09 3394.1 65.28
2.5583 940.83 3326.1 66.165 925.75 3353 63.714 984.86 3405.4 65.413
2.5667 946.4 3335.8 65.885 930.89 3363 63.962 989.45 3416.6 65.586
2.575 951.83 3345.6 65.602 936.03 3373.1 64.194 993.86 3427.8 65.799
2.5833 957.16 3355.2 65.318 941.17 3383.2 64.409 998.13 3438.9 66.05
2.5917 962.42 3364.9 65.035 946.32 3393.4 64.602 1002.3 3450 66.333
2.6 967.62 3374.6 64.753 951.47 3403.6 64.771 1006.3 3460.9 66.642
2.6083 972.8 3384.2 64.472 956.63 3413.9 64.914 1010.3 3471.9 66.968
2.6167 977.97 3393.9 64.191 961.79 3424.3 65.029 1014.3 3482.7 67.302
2.625 983.14 3403.5 63.907 966.97 3434.6 65.118 1018.2 3493.5 67.637
2.6333 988.32 3413.2 63.62 972.17 3445.1 65.181 1022.2 3504.3 67.967
2.6417 993.52 3423 63.328 977.38 3455.5 65.219 1026.1 3515 68.289
2.65 998.72 3432.7 63.034 982.61 3466 65.235 1030.1 3525.7 68.603
2.6583 1003.9 3442.5 62.741 987.86 3476.5 65.231 1034 3536.3 68.91
2.6667 1009.1 3452.4 62.452 993.11 3487.1 65.21 1038 3546.9 69.216
2.675 1014.3 3462.3 62.175 998.37 3497.8 65.175 1042 3557.5 69.524
2.6833 1019.5 3472.2 61.917 1003.6 3508.5 65.13 1046 3568.1 69.84
2.6917 1024.6 3482.2 61.684 1008.9 3519.2 65.075 1050 3578.7 70.167
2.7 1029.7 3492.2 61.48 1014.1 3530 65.016 1054 3589.4 70.507
2.7083 1034.8 3502.3 61.308 1019.3 3540.8 64.953 1058.1 3600.1 70.857
2.7167 1039.9 3512.4 61.164 1024.5 3551.7 64.889 1062.1 3610.8 71.215
2.725 1045 3522.6 61.045 1029.6 3562.6 64.826 1066.2 3621.6 71.573
2.7333 1050 3533 60.942 1034.9 3573.6 64.753 1069.2 3632.2 72.819
2.7417 1055.1 3543.5 60.849 1039.9 3584.5 64.702 1073.3 3643.1 73.151
2.75 1060.2 3554.2 60.761 1045 3595.6 64.66 1077.5 3654.1 73.459
2.7583 1065.3 3565 60.677 1050 3606.7 64.631 1081.8 3665 73.736
2.7667 1070.4 3576 60.597 1055.1 3617.8 64.616 1086.1 3676.1 73.978
2.775 1075.5 3587.1 60.524 1060.1 3629.1 64.619 1090.4 3687.1 74.185
2.7833 1080.6 3598.3 60.455 1065.1 3640.4 64.641 1094.7 3698.2 74.36
2.7917 1085.8 3609.6 60.391 1070 3651.8 64.685 1099 3709.4 74.508
2.8 1090.9 3621 60.327 1075 3663.4 64.751 1103.4 3720.6 74.636
2.8083 1096 3632.5 60.26 1079.9 3675 64.84 1107.7 3731.9 74.752
2.8167 1101.2 3644.2 60.187 1084.8 3686.7 64.953 1112 3743.3 74.864
2.825 1106.4 3656.1 60.108 1089.6 3698.5 65.09 1116.3 3754.8 74.975
2.8333 1111.7 3668.1 60.024 1094.4 3710.4 65.249 1120.5 3766.4 75.09
2.8417 1117.1 3680.4 59.94 1099.1 3722.4 65.428 1124.8 3778.1 75.205
2.85 1122.5 3692.9 59.865 1103.7 3734.4 65.625 1129 3790 75.319
2.8583 1128 3705.6 59.809 1108.3 3746.5 65.836 1133.3 3802 75.424
2.8667 1133.7 3718.5 59.786 1112.8 3758.6 66.059 1137.6 3814 75.513
2.875 1139.4 3731.5 59.81 1117.2 3770.7 66.288 1141.9 3826.1 75.577
2.8833 1145.1 3744.5 59.895 1121.7 3782.9 66.519 1146.3 3838.3 75.609
2.8917 1150.8 3757.6 60.05 1126.1 3795 66.746 1150.7 3850.4 75.606
2.9 1156.6 3770.7 60.28 1130.5 3807.2 66.963 1155.2 3862.6 75.566
2.9083 1162.2 3783.7 60.586 1134.9 3819.3 67.166 1159.8 3874.6 75.492
2.9167 1167.8 3796.6 60.959 1139.3 3831.5 67.348 1164.3 3886.6 75.39
2.925 1173.2 3809.4 61.388 1143.8 3843.6 67.504 1168.9 3898.5 75.273
2.9333 1178.5 3822 61.857 1148.4 3855.7 67.628 1173.5 3910.3 75.151
2.9417 1183.7 3834.3 62.342 1153 3867.7 67.717 1178.2 3921.9 75.039
2.95 1188.7 3846.5 62.823 1157.6 3879.6 67.78 1184 3933.8 74.001
2.9583 1193.5 3858.5 63.277 1162.4 3891.4 67.789 1188.6 3945.3 73.94
2.9667 1198.2 3870.4 63.692 1167.3 3903.1 67.757 1193.3 3956.7 73.918
2.975 1202.7 3882 64.06 1172.2 3914.6 67.687 1197.9 3968 73.937
2.9833 1207.1 3893.6 64.376 1177.1 3926 67.58 1202.6 3979.3 73.993
2.9917 1211.5 3905.1 64.645 1182 3937.2 67.441 1207.4 3990.5 74.077
3 1215.7 3916.5 64.873 1187 3948.2 67.276 1212.2 4001.7 74.179
3.0083 1220 3927.7 65.069 1191.9 3958.9 67.089 1217.1 4012.9 74.284
3.0167 1224.2 3939 65.242 1196.8 3969.5 66.883 1222.1 4024.1 74.379
3.025 1228.4 3950.1 65.408 1201.6 3980 66.665 1227.2 4035.3 74.449
3.0333 1232.7 3961.1 65.58 1206.5 3990.2 66.436 1232.5 4046.4 74.484
3.0417 1237.1 3972 65.769 1211.2 4000.4 66.197 1237.8 4057.5 74.478
3.05 1241.6 3982.7 65.986 1216 4010.4 65.952 1243.3 4068.5 74.428
3.0583 1246.1 3993.3 66.234 1220.7 4020.4 65.699 1248.9 4079.5 74.336
3.0667 1250.7 4003.8 66.518 1225.4 4030.4 65.441 1254.6 4090.3 74.208
3.075 1255.3 4014.2 66.836 1230.1 4040.3 65.178 1260.4 4101.1 74.051
3.0833 1260 4024.5 67.183 1235 4050.3 64.902 1264.8 4111.5 74.953
3.0917 1264.8 4034.6 67.554 1239.8 4060.3 64.635 1270.6 4122.1 74.782
3.1 1269.6 4044.7 67.941 1244.6 4070.2 64.372 1276.4 4132.6 74.61
3.1083 1274.4 4054.8 68.335 1249.5 4080.2 64.116 1282.2 4143.1 74.445
3.1167 1279.2 4064.7 68.73 1254.4 4090.2 63.872 1288 4153.5 74.291
3.125 1284 4074.7 69.121 1259.4 4100.3 63.646 1293.9 4163.8 74.151
3.1333 1288.8 4084.6 69.505 1264.5 4110.3 63.444 1299.7 4174.1 74.024
3.1417 1293.6 4094.5 69.88 1269.6 4120.5 63.27 1305.6 4184.3 73.906
3.15 1298.4 4104.4 70.25 1274.7 4130.6 63.128 1311.4 4194.4 73.794
3.1583 1303.1 4114.2 70.618 1279.9 4140.8 63.022 1317.4 4204.6 73.683
3.1667 1307.9 4124 70.988 1285.2 4151.1 62.951 1323.3 4214.6 73.566
3.175 1312.7 4133.8 71.365 1290.5 4161.5 62.915 1329.3 4224.7 73.441
3.1833 1317.5 4143.6 71.753 1295.8 4171.9 62.911 1335.3 4234.7 73.304
3.1917 1322.3 4153.4 72.152 1301.2 4182.4 62.937 1341.4 4244.7 73.154
3.2 1327.2 4163.2 72.562 1306.6 4192.9 62.987 1347.6 4254.7 72.992
3.2083 1332.2 4173 72.978 1312 4203.5 63.057 1353.8 4264.7 72.819
3.2167 1337.3 4182.9 73.393 1317.5 4214.2 63.142 1360 4274.7 72.64
3.225 1342.6 4192.8 73.8 1323 4225 63.239 1366.3 4284.7 72.458
3.2333 1347.9 4202.8 74.189 1328.6 4235.7 63.346 1372.6 4294.8 72.277
3.2417 1353.3 4212.9 74.553 1334.2 4246.5 63.461 1378.9 4304.8 72.1
3.25 1358.9 4223 74.887 1339.9 4257.3 63.583 1385.3 4315 71.929
3.2583 1364.6 4233.3 75.186 1345.6 4268.1 63.712 1391.7 4325.1 71.767
3.2667 1370.4 4243.8 75.461 1351.3 4278.9 63.852 1398.1 4335.4 71.615
3.275 1376.3 4254.3 75.705 1357.2 4289.7 64 1404.5 4345.6 71.471
3.2833 1382.3 4265 75.927 1363 4300.4 64.157 1410.9 4356 71.337
3.2917 1388.4 4275.8 76.127 1369 4311.2 64.322 1417.4 4366.4 71.212
3.3 1394.5 4286.7 76.308 1374.9 4321.9 64.491 1424 4376.9 71.095
3.3083 1400.5 4297.7 76.468 1381 4332.7 64.66 1430.6 4387.4 70.988
3.3167 1406.6 4308.7 76.604 1386.9 4343.3 64.825 1438.4 4398.2 69.957
3.325 1412.5 4319.7 76.718 1393.1 4354.2 64.974 1445.1 4408.9 69.881
3.3333 1418.5 4330.7 76.811 1399.4 4365.1 65.106 1451.8 4419.6 69.82
3.3417 1424.4 4341.8 76.884 1405.7 4376 65.207 1458.6 4430.4 69.779
3.35 1430.4 4352.9 76.941 1412.1 4387 65.274 1465.4 4441.2 69.761
3.3583 1436.4 4364.1 76.986 1418.6 4398 65.3 1472.2 4452.2 69.772
3.3667 1442.5 4375.4 77.023 1425.2 4409 65.283 1479.1 4463.2 69.813
3.375 1448.7 4386.9 77.057 1431.9 4420.1 65.221 1486 4474.3 69.888
3.3833 1455 4398.7 77.086 1438.7 4431.2 65.119 1492.9 4485.5 69.998
3.3917 1461.4 4410.6 77.111 1445.5 4442.3 64.979 1499.8 4496.8 70.144
3.4 1467.9 4422.8 77.127 1452.5 4453.3 64.812 1506.7 4508.1 70.323
3.4083 1474.4 4435.2 77.128 1459.5 4464.4 64.628 1513.7 4519.6 70.534
3.4167 1481.1 4447.7 77.108 1466.5 4475.5 64.439 1520.6 4531.1 70.772
3.425 1487.7 4460.3 77.06 1473.6 4486.5 64.256 1527.4 4542.7 71.034
3.4333 1494.3 4473 76.981 1480.8 4497.8 64.09 1532.8 4554 72.364
3.4417 1500.8 4485.6 76.871 1487.8 4508.8 63.954 1539.5 4565.5 72.682
3.45 1507.2 4498.1 76.732 1494.7 4519.9 63.857 1546.2 4577.1 73.008
3.4583 1513.6 4510.4 76.569 1501.6 4531 63.804 1552.7 4588.6 73.334
3.4667 1519.9 4522.5 76.386 1508.3 4542.1 63.801 1559.2 4600 73.654
3.475 1526.2 4534.4 76.189 1514.8 4553.2 63.848 1565.5 4611.3 73.963
3.4833 1532.4 4546 75.982 1521.2 4564.2 63.945 1571.7 4622.6 74.256
3.4917 1538.7 4557.3 75.769 1527.3 4575.3 64.09 1577.8 4633.8 74.53
3.5 1544.9 4568.5 75.556 1533.2 4586.3 64.278 1583.7 4644.9 74.783
3.5083 1551 4579.4 75.347 1538.8 4597.2 64.504 1589.4 4656 75.014
3.5167 1557.2 4590.1 75.144 1544.3 4608 64.761 1595 4667.1 75.224
3.525 1563.4 4600.8 74.948 1549.5 4618.6 65.044 1600.5 4678.1 75.414
3.5333 1569.6 4611.4 74.757 1554.5 4629.1 65.345 1605.8 4689.3 75.588
3.5417 1575.7 4621.9 74.569 1559.3 4639.5 65.659 1610.9 4700.5 75.751
3.55 1581.8 4632.4 74.384 1563.9 4649.6 65.979 1615.9 4711.8 75.907
3.5583 1587.9 4642.8 74.199 1568.5 4659.7 66.304 1620.7 4723.1 76.063
3.5667 1593.8 4653.2 74.014 1572.9 4669.6 66.629 1625.4 4734.6 76.225
3.575 1599.6 4663.6 73.829 1577.3 4679.4 66.953 1629.9 4746.2 76.4
3.5833 1605.2 4674 73.64 1581.6 4689.1 67.276 1634.2 4757.9 76.593
3.5917 1610.6 4684.3 73.447 1585.8 4698.8 67.594 1638.3 4769.6 76.809
3.6 1615.8 4694.5 73.248 1590.1 4708.5 67.919 1642.3 4781.4 77.049
3.6083 1620.9 4704.6 73.043 1594.3 4718.2 68.24 1646.1 4793.3 77.318
3.6167 1625.6 4714.7 72.832 1598.5 4728 68.561 1649.8 4805.1 77.613
3.625 1630.2 4724.7 72.616 1602.7 4737.9 68.882 1653.3 4816.9 77.934
3.6333 1634.6 4734.6 72.396 1606.9 4747.8 69.2 1656.6 4828.7 78.276
3.6417 1638.9 4744.5 72.175 1611 4757.7 69.512 1659.8 4840.4 78.637
3.65 1643 4754.4 71.955 1615.1 4767.8 69.817 1662.9 4852.1 79.012
3.6583 1647 4764.2 71.737 1619.2 4777.9 70.109 1665.9 4863.8 79.395
3.6667 1650.9 4774.1 71.521 1623.2 4788 70.385 1668.8 4875.4 79.784
3.675 1654.8 4783.9 71.308 1627.1 4798.2 70.639 1671.7 4886.9 80.174
3.6833 1658.7 4793.7 71.098 1631 4808.4 70.868 1674.5 4898.4 80.563
3.6917 1662.6 4803.6 70.882 1634.9 4818.6 71.072 1677.4 4909.8 80.948
3.7 1666.5 4813.4 70.664 1638.7 4828.9 71.247 1680.2 4921.2 81.328
3.7083 1670.4 4823.2 70.439 1642.6 4839.3 71.393 1683 4932.5 81.703
3.7167 1674.3 4833 70.202 1646.4 4849.7 71.513 1685.8 4943.8 82.073
3.725 1678.2 4842.8 69.958 1650.2 4860.2 71.61 1688.6 4955.1 82.436
3.7333 1682.1 4852.7 69.709 1654 4870.8 71.687 1691.5 4966.3 82.793
3.7417 1686 4862.4 69.46 1657.8 4881.5 71.748 1694.3 4977.5 83.142
3.75 1689.8 4872.2 69.219 1661.6 4892.3 71.797 1697.2 4988.6 83.48
3.7583 1693.6 4882 68.998 1665.3 4903.1 71.838 1700.1 4999.7 83.805
3.7667 1697.4 4891.9 68.806 1669.1 4914.1 71.875 1703 5010.9 84.114
3.775 1701.1 4901.7 68.65 1672.8 4925.1 71.909 1705.9 5022 84.405
3.7833 1704.8 4911.6 68.536 1676.4 4936.1 71.94 1708.9 5033.1 84.674
3.7917 1708.4 4921.6 68.463 1680.1 4947.2 71.968 1711.9 5044.3 84.921
3.8 1711.9 4931.7 68.427 1683.6 4958.3 71.994 1714.9 5055.4 85.144
3.8083 1715.4 4942 68.419 1687.1 4969.4 72.015 1718 5066.7 85.345
3.8167 1718.9 4952.4 68.427 1690.6 4980.5 72.03 1721 5077.9 85.526
3.825 1722.3 4963 68.441 1693.9 4991.6 72.04 1724.1 5089.2 85.692
3.8333 1725.7 4973.8 68.454 1697.3 5002.8 72.046 1727.2 5100.4 85.846
3.8417 1729.1 4984.8 68.463 1700.6 5014 72.05 1730.3 5111.7 85.995
3.85 1732.5 4995.9 68.468 1703.8 5025.3 72.057 1733.3 5123.1 86.143
3.8583 1735.9 5007.2 68.469 1707 5036.6 72.07 1736.4 5134.4 86.296
3.8667 1739.2 5018.5 68.467 1710.2 5048 72.097 1739.4 5145.7 86.459
3.875 1742.5 5029.9 68.46 1713.3 5059.5 72.143 1742.3 5157.1 86.633
3.8833 1745.8 5041.4 68.443 1716.5 5071.1 72.214 1745.2 5168.5 86.822
3.8917 1749.1 5053 68.418 1719.5 5082.8 72.314 1748 5179.9 87.026
3.9 1752.3 5064.8 68.386 1722.6 5094.6 72.448 1750.7 5191.4 87.244
3.9083 1755.6 5076.8 68.345 1725.6 5106.4 72.614 1753.3 5203.1 87.477
3.9167 1758.8 5088.9 68.302 1728.6 5118.3 72.811 1755.9 5214.8 87.722
3.925 1762.1 5101.3 68.261 1731.5 5130.3 73.038 1758.4 5226.7 87.981
3.9333 1765.4 5113.9 68.232 1734.4 5142.3 73.286 1760.9 5238.7 88.253
3.9417 1768.7 5126.7 68.227 1737.2 5154.3 73.549 1763.3 5250.8 88.538
3.95 1772 5139.8 68.258 1739.9 5166.3 73.817 1765.6 5263 88.839
3.9583 1775.4 5152.9 68.338 1742.6 5178.3 74.084 1767.8 5275.3 89.158
3.9667 1778.7 5166.2 68.479 1745.2 5190.4 74.342 1770 5287.7 89.498
3.975 1782 5179.6 68.687 1747.9 5202.4 74.584 1772.2 5300 89.862
3.9833 1785.2 5192.9 68.964 1750.5 5214.5 74.806 1774.2 5312.3 90.253
3.9917 1788.4 5206.3 69.304 1753.2 5226.6 75.004 1776.2 5324.5 90.673
4 1791.5 5219.5 69.699 1755.9 5238.8 75.176 1778.1 5336.6 91.123
4.0083 1794.5 5232.6 70.133 1758.7 5251 75.324 1779.9 5348.5 91.602
4.0167 1797.3 5245.5 70.587 1761.5 5263.2 75.447 1781.7 5360.3 92.109
4.025 1800.1 5258.3 71.039 1764.4 5275.4 75.548 1783.4 5371.9 92.64
4.0333 1802.8 5270.8 71.466 1767.4 5287.5 75.63 1785 5383.4 93.189
4.0417 1805.3 5283.1 71.852 1770.5 5299.7 75.693 1786.7 5394.7 93.751
4.05 1807.8 5295.1 72.182 1773.7 5311.7 75.741 1788.3 5406 94.316
4.0583 1810.2 5306.9 72.454 1776.8 5323.7 75.773 1789.9 5417.2 94.878
4.0667 1812.6 5318.6 72.67 1780.1 5335.4 75.79 1791.6 5428.3 95.427
4.075 1814.9 5330.1 72.839 1783.3 5347.1 75.792 1793.4 5439.5 95.955
4.0833 1817.2 5341.4 72.972 1786.5 5358.5 75.778 1795.3 5450.7 96.453
4.0917 1819.5 5352.7 73.085 1789.7 5369.7 75.746 1797.2 5462 96.914
4.1 1821.8 5363.9 73.197 1792.8 5380.7 75.698 1799.3 5473.3 97.333
4.1083 1824 5375 73.321 1795.9 5391.6 75.631 1801.6 5484.7 97.705
4.1167 1826.3 5386.1 73.477 1799 5402.2 75.548 1803.9 5496.1 98.027
4.125 1828.7 5397.1 73.679 1802 5412.8 75.451 1806.4 5507.6 98.299
4.1333 1831.1 5408 73.935 1805 5423.2 75.342 1809 5519 98.522
4.1417 1833.6 5418.9 74.252 1807.9 5433.5 75.227 1811.7 5530.4 98.698
4.15 1836.1 5429.6 74.63 1810.8 5443.8 75.107 1814.5 5541.8 98.831
4.1583 1838.7 5440.2 75.064 1813.7 5454 74.99 1817.4 5553 98.925
4.1667 1841.4 5450.7 75.548 1816.6 5464.3 74.879 1820.3 5564.2 98.987
4.175 1844.1 5461.1 76.07 1819.5 5474.5 74.78 1823.3 5575.2 99.023
4.1833 1846.9 5471.4 76.618 1822.5 5484.8 74.697 1826.2 5586.2 99.039
4.1917 1849.7 5481.5 77.179 1825.4 5495.2 74.634 1829.2 5597 99.041
4.2 1852.5 5491.6 77.743 1828.4 5505.5 74.593 1832.3 5607.8 99.034
4.2083 1855.3 5501.6 78.302 1831.4 5515.9 74.577 1835.3 5618.4 99.026
4.2167 1858.1 5511.6 78.849 1834.5 5526.3 74.586 1838.3 5629 99.019
4.225 1860.8 5521.6 79.383 1837.5 5536.7 74.619 1841.4 5639.5 99.016
4.2333 1863.6 5531.5 79.904 1840.6 5547.2 74.676 1844.5 5650 99.022
4.2417 1866.3 5541.4 80.415 1843.6 5557.6 74.754 1847.7 5660.5 99.037
4.25 1869 5551.3 80.921 1846.7 5568 74.85 1850.8 5670.9 99.063
4.2583 1871.6 5561.2 81.429 1849.8 5578.5 74.961 1854.1 5681.4 99.101
4.2667 1874.3 5571.2 81.94 1852.9 5588.9 75.085 1857.3 5691.9 99.152
4.275 1877 5581.1 82.46 1856.1 5599.4 75.218 1860.6 5702.4 99.217
4.2833 1879.7 5591.1 82.988 1859.2 5609.9 75.357 1863.8 5712.9 99.297
4.2917 1882.5 5601.1 83.519 1862.3 5620.4 75.501 1867.1 5723.4 99.394
4.3 1885.4 5611.2 84.049 1865.5 5630.9 75.647 1870.4 5734 99.509
4.3083 1888.3 5621.3 84.569 1868.7 5641.5 75.793 1873.7 5744.6 99.643
4.3167 1891.4 5631.6 85.068 1871.8 5652.1 75.941 1877 5755.3 99.796
4.325 1894.6 5641.9 85.536 1875 5662.7 76.09 1880.3 5766 99.967
4.3333 1897.9 5652.4 85.967 1878.2 5673.5 76.24 1883.5 5776.7 100.15
4.3417 1901.4 5662.9 86.353 1881.5 5684.2 76.392 1886.8 5787.4 100.35
4.35 1904.9 5673.6 86.693 1884.7 5695 76.547 1890 5798.2 100.56
4.3583 1908.5 5684.5 86.989 1888 5705.8 76.705 1893.2 5809.1 100.77
4.3667 1912.1 5695.5 87.245 1891.3 5716.6 76.867 1896.5 5819.9 100.97
4.375 1915.8 5706.6 87.469 1894.6 5727.5 77.03 1899.8 5830.8 101.17
4.3833 1919.4 5717.8 87.663 1898 5738.4 77.194 1903.2 5841.8 101.36
4.3917 1923 5729.1 87.839 1901.3 5749.3 77.358 1906.6 5852.7 101.53
4.4 1926.5 5740.4 87.992 1904.8 5760.2 77.516 1910.1 5863.7 101.69
4.4083 1930 5751.8 88.123 1908.2 5771.2 77.665 1913.6 5874.7 101.85
4.4167 1933.4 5763.2 88.233 1911.8 5782.1 77.8 1917.1 5885.7 102.01
4.425 1936.8 5774.6 88.322 1915.3 5793.1 77.916 1920.7 5896.7 102.17
4.4333 1940.1 5786 88.391 1918.9 5804.1 78.01 1924.3 5907.8 102.36
4.4417 1943.5 5797.5 88.444 1922.6 5815.1 78.079 1927.9 5918.9 102.59
4.45 1946.9 5809.1 88.483 1926.2 5826.2 78.118 1931.4 5930 102.86
4.4583 1950.4 5820.9 88.513 1930 5837.3 78.128 1934.9 5941.1 103.19
4.4667 1953.9 5832.8 88.537 1933.7 5848.3 78.108 1938.3 5952.2 103.58
4.475 1957.4 5844.9 88.556 1937.5 5859.5 78.059 1941.5 5963.4 104.04
4.4833 1960.9 5857.2 88.571 1941.3 5870.6 77.985 1944.7 5974.6 104.56
4.4917 1964.3 5869.7 88.58 1945.2 5881.7 77.891 1947.8 5985.8 105.14
4.5 1967.8 5882.3 88.578 1949 5892.9 77.784 1950.8 5997 105.76
4.5083 1971.2 5895.1 88.562 1952.9 5904 77.67 1953.7 6008.2 106.41
4.5167 1974.5 5907.9 88.53 1956.7 5915.2 77.558 1956.5 6019.3 107.07
4.525 1977.7 5920.6 88.481 1960.4 5926.4 77.458 1959.3 6030.5 107.74
4.5333 1980.9 5933.1 88.418 1964.1 5937.6 77.377 1962.1 6041.5 108.38
4.5417 1984 5945.5 88.347 1967.7 5948.8 77.325 1964.8 6052.5 108.99
4.55 1987.1 5957.6 88.276 1971.1 5960 77.31 1967.5 6063.4 109.56
4.5583 1990.2 5969.5 88.209 1974.5 5971.2 77.34 1970.2 6074.2 110.07
4.5667 1993.2 5981 88.155 1977.6 5982.4 77.419 1972.9 6084.8 110.53
4.575 1996.3 5992.3 88.115 1980.6 5993.5 77.551 1975.5 6095.3 110.95
4.5833 1999.4 6003.4 88.1 1983.4 6004.6 77.739 1978.1 6105.7 111.31
4.5917 2002.5 6014.2 88.111 1986 6015.6 77.982 1980.5 6116 111.62
4.6 2005.6 6024.9 88.148 1988.5 6026.4 78.278 1982.9 6126.2 111.91
4.6083 2008.6 6035.5 88.211 1990.7 6037.2 78.623 1985.1 6136.4 112.16
4.6167 2011.7 6045.9 88.291 1992.8 6047.7 79.01 1987.1 6146.5 112.4
4.625 2014.7 6056.4 88.379 1994.7 6058.2 79.433 1989 6156.6 112.62
4.6333 2017.8 6066.8 88.464 1996.5 6068.4 79.882 1990.6 6166.8 112.83
4.6417 2020.8 6077.2 88.532 1998.2 6078.5 80.348 1992 6176.9 113.04
4.65 2023.8 6087.5 88.572 1999.8 6088.5 80.825 1993.2 6187.1 113.24
4.6583 2026.7 6097.9 88.574 2001.3 6098.3 81.305 1994.2 6197.3 113.45
4.6667 2029.4 6108.1 88.533 2002.7 6108 81.777 1995 6207.6 113.65
4.675 2031.9 6118.3 88.445 2004.1 6117.6 82.25 1995.6 6217.9 113.86
4.6833 2034.3 6128.3 88.31 2005.4 6127.3 82.703 1996 6228.2 114.06
4.6917 2036.4 6138.2 88.129 2006.7 6136.8 83.152 1996.3 6238.5 114.27
4.7 2038.3 6148 87.911 2007.9 6146.4 83.585 1996.4 6248.6 114.49
4.7083 2040 6157.5 87.665 2009 6156 84.007 1996.5 6258.8 114.71
4.7167 2041.4 6167 87.401 2010 6165.6 84.418 1996.4 6268.8 114.94
4.725 2042.6 6176.2 87.132 2011 6175.2 84.819 1996.2 6278.7 115.19
4.7333 2043.6 6185.4 86.868 2011.9 6184.8 85.212 1996 6288.4 115.45
4.7417 2044.5 6194.6 86.618 2012.6 6194.5 85.597 1995.6 6298.1 115.71
4.75 2045.2 6203.7 86.389 2013.3 6204.1 85.972 1995.2 6307.6 116
4.7583 2045.8 6212.8 86.183 2014 6213.8 86.336 1994.8 6317.1 116.28
4.7667 2046.4 6222 86.002 2014.5 6223.4 86.685 1994.3 6326.5 116.58
4.775 2047 6231.2 85.836 2015 6233 87.02 1993.7 6335.8 116.87
4.7833 2047.5 6240.5 85.686 2015.4 6242.6 87.332 1993.1 6345.2 117.16
4.7917 2048.1 6249.8 85.541 2015.7 6252.1 87.619 1992.5 6354.5 117.43
4.8 2048.7 6259.1 85.395 2016 6261.7 87.879 1991.8 6363.9 117.69
4.8083 2049.4 6268.5 85.243 2016.3 6271.2 88.109 1991.1 6373.4 117.94
4.8167 2050 6278 85.084 2016.5 6280.7 88.307 1990.5 6382.8 118.17
4.825 2050.7 6287.5 84.914 2016.6 6290.2 88.475 1989.9 6392.4 118.39
4.8333 2051.4 6297 84.743 2016.7 6299.8 88.615 1989.2 6401.9 118.59
4.8417 2052.2 6306.5 84.579 2016.8 6309.4 88.73 1988.6 6411.5 118.79
4.85 2052.8 6316.1 84.43 2016.7 6319.1 88.821 1988.1 6421 118.98
4.8583 2053.4 6325.7 84.314 2016.6 6328.8 88.896 1987.5 6430.6 119.18
4.8667 2054 6335.4 84.245 2016.4 6338.5 88.96 1987 6440.2 119.38
4.875 2054.4 6345.2 84.233 2016.1 6348.3 89.015 1986.5 6449.8 119.58
4.8833 2054.7 6355 84.287 2015.8 6358.1 89.068 1985.9 6459.4 119.79
4.8917 2054.9 6364.9 84.408 2015.4 6367.9 89.121 1985.4 6469 120.01
4.9 2054.9 6375 84.594 2014.9 6377.6 89.178 1984.8 6478.7 120.23
4.9083 2054.8 6385.1 84.836 2014.3 6387.4 89.241 1984.1 6488.3 120.46
4.9167 2054.6 6395.4 85.121 2013.7 6397.1 89.311 1983.4 6497.9 120.69
4.925 2054.4 6405.7 85.432 2013 6406.8 89.39 1982.6 6507.6 120.92
4.9333 2054.1 6416.2 85.757 2012.3 6416.5 89.479 1981.7 6517.3 121.16
4.9417 2053.8 6426.8 86.081 2011.6 6426.2 89.578 1980.7 6527 121.41
4.95 2053.4 6437.4 86.398 2010.9 6435.9 89.688 1979.6 6536.7 121.67
4.9583 2053.1 6448.1 86.691 2010.1 6445.7 89.813 1978.5 6546.3 121.96
4.9667 2052.7 6458.9 86.962 2009.3 6455.4 89.952 1977.2 6556 122.27
4.975 2052.3 6469.7 87.206 2008.4 6465.2 90.107 1975.7 6565.6 122.61
4.9833 2051.9 6480.6 87.421 2007.5 6475 90.28 1974.2 6575.2 122.99
4.9917 2051.4 6491.6 87.611 2006.6 6484.9 90.47 1972.5 6584.8 123.41
5 2050.9 6502.6 87.778 2005.6 6494.8 90.679 1970.8 6594.4 123.86
5.0083 2050.3 6513.8 87.933 2004.4 6504.7 90.906 1968.9 6604 124.35
5.0167 2049.7 6525.2 88.083 2003.2 6514.6 91.15 1966.8 6613.7 124.87
5.025 2049 6536.6 88.239 2001.8 6524.5 91.411 1964.7 6623.4 125.4
5.0333 2048.2 6548.1 88.413 2000.4 6534.3 91.686 1962.5 6633.2 125.95
5.0417 2047.3 6559.7 88.614 1998.8 6544.1 91.975 1960.1 6643 126.5
5.05 2046.3 6571.3 88.85 1997.2 6553.9 92.275 1957.7 6652.8 127.05
5.0583 2045.2 6582.8 89.129 1995.4 6563.6 92.587 1955.2 6662.7 127.59
5.0667 2044 6594.1 89.452 1993.7 6573.3 92.908 1952.6 6672.6 128.12
5.075 2042.7 6605.2 89.819 1991.9 6583 93.241 1950 6682.5 128.64
5.0833 2041.3 6616.1 90.228 1990.1 6592.7 93.587 1947.3 6692.3 129.16
5.0917 2039.8 6626.7 90.671 1988.4 6602.4 93.947 1944.6 6702 129.68
5.1 2038.2 6636.9 91.143 1986.8 6612.2 94.327 1941.8 6711.6 130.22
5.1083 2036.5 6646.7 91.636 1985.3 6622 94.729 1939 6721.1 130.78
5.1167 2034.8 6656.2 92.145 1983.9 6631.9 95.157 1936.1 6730.4 131.36
5.125 2033 6665.5 92.666 1982.5 6641.8 95.617 1933.2 6739.5 131.98
5.1333 2031.1 6674.4 93.202 1981.3 6651.6 96.11 1930.3 6748.6 132.63
5.1417 2029.1 6683.2 93.755 1980.2 6661.5 96.638 1927.3 6757.5 133.31
5.15 2027 6691.9 94.334 1979.2 6671.2 97.204 1924.3 6766.4 134.02
5.1583 2024.8 6700.4 94.948 1978.2 6680.8 97.805 1921.2 6775.3 134.75
5.1667 2022.4 6708.9 95.592 1977.3 6690.1 98.444 1918.1 6784.1 135.49
5.175 2019.8 6717.3 96.284 1976.3 6699.3 99.115 1915 6793 136.23
5.1833 2017.2 6725.7 97.023 1975.3 6708.2 99.818 1911.8 6801.9 136.97
5.1917 2014.4 6734.1 97.811 1974.3 6716.9 100.55 1908.6 6810.8 137.69
5.2 2011.5 6742.5 98.647 1973.2 6725.3 101.3 1905.4 6819.7 138.4
5.2083 2008.7 6750.9 99.527 1972.1 6733.6 102.08 1902.2 6828.5 139.1
5.2167 2005.8 6759.2 100.45 1970.8 6741.7 102.88 1898.9 6837.2 139.78
5.225 2003 6767.5 101.41 1969.5 6749.6 103.69 1895.7 6845.8 140.45
5.2333 2000.2 6775.7 102.41 1968.2 6757.5 104.52 1892.6 6854.2 141.13
5.2417 1997.6 6783.9 103.44 1966.8 6765.4 105.37 1889.4 6862.4 141.81
5.25 1995 6791.9 104.51 1965.2 6773.2 106.22 1886.4 6870.4 142.51
5.2583 1992.5 6799.8 105.61 1963.7 6781.1 107.1 1883.3 6878 143.23
5.2667 1990 6807.6 106.74 1962 6789 108 1880.4 6885.4 143.97
5.275 1987.5 6815.2 107.91 1960.2 6797 108.92 1877.4 6892.5 144.74
5.2833 1985.1 6822.7 109.12 1958.4 6805 109.87 1874.5 6899.3 145.53
5.2917 1982.6 6830.1 110.36 1956.4 6812.9 110.84 1871.6 6905.9 146.34
5.3 1980.1 6837.4 111.63 1954.3 6820.8 111.85 1868.6 6912.3 147.16
5.3083 1977.5 6844.5 112.93 1952.2 6828.7 112.89 1865.7 6918.5 148
5.3167 1974.8 6851.6 114.27 1949.9 6836.5 113.97 1862.6 6924.6 148.83
5.325 1972.1 6858.7 115.62 1947.5 6844.2 115.07 1859.5 6930.6 149.67
5.3333 1969.5 6865.8 116.99 1945 6851.8 116.2 1856.3 6936.5 150.51
5.3417 1966.8 6872.9 118.37 1942.4 6859.3 117.36 1853 6942.3 151.34
5.35 1964.2 6880.2 119.75 1939.7 6866.8 118.53 1849.6 6948.1 152.18
5.3583 1961.6 6887.5 121.13 1936.9 6874.2 119.72 1846 6953.7 153.02
5.3667 1959.1 6895 122.51 1934.1 6881.5 120.91 1842.3 6959.2 153.86
5.375 1956.6 6902.5 123.88 1931.2 6888.9 122.11 1838.5 6964.7 154.72
5.3833 1954.2 6910.2 125.24 1928.3 6896.2 123.31 1834.6 6970.1 155.59
5.3917 1951.9 6918 126.59 1925.3 6903.5 124.51 1830.6 6975.3 156.47
5.4 1949.7 6925.9 127.93 1922.3 6910.8 125.71 1826.6 6980.5 157.37
5.4083 1947.5 6933.8 129.25 1919.2 6918.1 126.9 1822.5 6985.7 158.27
5.4167 1945.3 6941.8 130.56 1916.1 6925.3 128.09 1818.3 6990.8 159.17
5.425 1943.1 6949.9 131.83 1912.9 6932.5 129.28 1814 6995.9 160.06
5.4333 1940.9 6958 133.09 1909.8 6939.6 130.47 1809.7 7000.9 160.93
5.4417 1938.6 6966 134.31 1906.5 6946.5 131.66 1805.3 7006 161.79
5.45 1936.1 6974 135.51 1903.3 6953.4 132.86 1800.9 7011 162.62
5.4583 1933.4 6982 136.68 1900 6960.2 134.06 1796.3 7016.1 163.43
5.4667 1930.6 6989.9 137.79 1896.7 6966.9 135.26 1791.7 7021.2 164.21
5.475 1927.6 6997.7 138.86 1893.4 6973.5 136.45 1786.9 7026.2 164.98
5.4833 1924.5 7005.4 139.87 1890.1 6980 137.63 1782 7031.2 165.74
5.4917 1921.2 7013 140.83 1886.7 6986.5 138.79 1777 7036.1 166.5
5.5 1918 7020.5 141.73 1883.4 6992.9 139.93 1771.9 7040.9 167.28
5.5083 1914.7 7027.9 142.58 1879.9 6999.3 141.05 1766.8 7045.6 168.08
5.5167 1911.3 7035.1 143.41 1876.4 7005.7 142.13 1761.5 7050.2 168.91
5.525 1908.1 7042.1 144.21 1872.9 7012 143.19 1756.2 7054.6 169.77
5.5333 1904.9 7048.9 145.01 1869.2 7018.3 144.21 1750.8 7058.9 170.66
5.5417 1901.7 7055.5 145.84 1865.5 7024.5 145.22 1745.4 7063.1 171.56
5.55 1898.7 7061.8 146.69 1861.7 7030.7 146.2 1740 7067.2 172.48
5.5583 1895.7 7067.8 147.59 1857.7 7036.7 147.17 1734.6 7071.1 173.39
5.5667 1892.7 7073.5 148.54 1853.7 7042.6 148.15 1729.2 7075 174.28
5.575 1889.9 7079 149.54 1849.5 7048.3 149.13 1723.8 7078.8 175.13
5.5833 1887.1 7084.3 150.58 1845.2 7053.8 150.13 1718.4 7082.6 175.94
5.5917 1884.4 7089.4 151.65 1840.8 7059.1 151.15 1713 7086.3 176.7
5.6 1881.6 7094.5 152.75 1836.4 7064.1 152.2 1707.5 7089.8 177.4
5.6083 1878.9 7099.4 153.86 1831.8 7068.9 153.27 1702 7093.3 178.04
5.6167 1876.2 7104.2 154.95 1827.2 7073.5 154.37 1696.4 7096.6 178.64
5.625 1873.5 7109 156.02 1822.5 7077.9 155.49 1690.7 7099.7 179.22
5.6333 1870.7 7113.7 157.05 1817.7 7082 156.62 1685 7102.6 179.77
5.6417 1867.8 7118.3 158.03 1812.9 7085.9 157.75 1679.1 7105.2 180.33
5.65 1864.8 7122.9 158.95 1808.1 7089.6 158.88 1673.2 7107.5 180.92
5.6583 1861.7 7127.4 159.82 1803.2 7093.2 160.01 1667.2 7109.4 181.53
5.6667 1858.5 7131.9 160.64 1798.2 7096.5 161.12 1661.2 7111 182.2
5.675 1855.2 7136.3 161.43 1793.3 7099.7 162.23 1655.1 7112.3 182.91
5.6833 1851.6 7140.6 162.18 1788.3 7102.8 163.32 1649 7113.2 183.67
5.6917 1847.9 7144.7 162.93 1783.2 7105.6 164.4 1642.8 7113.8 184.48
5.7 1844 7148.5 163.67 1778.1 7108.3 165.48 1636.7 7114.1 185.33
5.7083 1840 7152 164.43 1772.9 7110.9 166.57 1630.5 7114.1 186.2
5.7167 1835.8 7155.2 165.22 1767.6 7113.3 167.67 1624.4 7113.9 187.08
5.725 1831.5 7158.2 166.04 1762.3 7115.5 168.79 1618.3 7113.5 187.96
5.7333 1827.1 7161 166.88 1756.9 7117.5 169.92 1612.3 7112.9 188.82
5.7417 1822.5 7163.6 167.76 1751.3 7119.4 171.07 1606.3 7112.2 189.66
5.75 1817.9 7166.1 168.64 1745.7 7121.1 172.25 1600.3 7111.3 190.46
5.7583 1813.1 7168.6 169.54 1740 7122.7 173.43 1594.4 7110.4 191.23
5.7667 1808.3 7170.9 170.44 1734.1 7124.1 174.61 1588.5 7109.3 191.96
5.775 1803.4 7173.2 171.34 1728.2 7125.4 175.79 1582.6 7108.2 192.66
5.7833 1798.4 7175.5 172.22 1722.2 7126.5 176.95 1576.8 7107 193.33
5.7917 1793.3 7177.8 173.09 1716.1 7127.5 178.09 1571 7105.8 193.97
5.8 1788.2 7180.1 173.95 1709.9 7128.4 179.2 1565.2 7104.4 194.59
5.8083 1782.9 7182.3 174.79 1703.7 7129.1 180.28 1559.4 7103 195.2
5.8167 1777.5 7184.5 175.63 1697.4 7129.8 181.31 1553.7 7101.5 195.8
5.825 1772.1 7186.6 176.47 1691 7130.2 182.31 1547.9 7099.9 196.39
5.8333 1766.5 7188.7 177.32 1684.6 7130.6 183.27 1542.1 7098.2 196.97
5.8417 1760.9 7190.7 178.16 1678.2 7130.8 184.2 1536.2 7096.5 197.54
5.85 1755.2 7192.6 179.02 1671.7 7131 185.1 1530.3 7094.7 198.09
5.8583 1749.4 7194.4 179.88 1665.2 7130.9 185.98 1524.3 7092.8 198.63
5.8667 1743.5 7196.1 180.75 1658.7 7130.8 186.84 1518.3 7090.9 199.15
5.875 1737.5 7197.7 181.61 1652.1 7130.5 187.68 1512.1 7089 199.65
5.8833 1731.5 7199.2 182.47 1645.5 7130.1 188.5 1505.9 7087 200.13
5.8917 1725.4 7200.5 183.31 1638.9 7129.5 189.3 1499.6 7085 200.59
5.9 1719.2 7201.7 184.15 1632.2 7128.8 190.09 1493.3 7082.9 201.03
5.9083 1713 7202.7 184.96 1625.4 7128 190.85 1486.8 7080.8 201.44
5.9167 1706.7 7203.4 185.74 1618.5 7127 191.59 1480.3 7078.7 201.84
5.925 1700.4 7204 186.49 1611.6 7125.9 192.31 1473.7 7076.5 202.22
5.9333 1693.9 7204.4 187.21 1604.6 7124.7 193 1467 7074.2 202.59
5.9417 1687.3 7204.5 187.88 1597.5 7123.4 193.66 1460.2 7071.9 202.95
5.95 1680.6 7204.4 188.51 1590.3 7121.9 194.29 1453.4 7069.5 203.29
5.9583 1673.7 7204.1 189.09 1583 7120.4 194.9 1446.4 7067 203.63
5.9667 1666.6 7203.6 189.62 1575.5 7118.7 195.48 1439.5 7064.4 203.96
5.975 1659.4 7202.9 190.09 1568 7116.8 196.04 1432.4 7061.7 204.29
5.9833 1652 7201.9 190.5 1560.3 7114.8 196.59 1425.2 7058.8 204.61
5.9917 1644.4 7200.8 190.85 1552.4 7112.6 197.11 1418 7055.9 204.92
6 1636.7 7199.5 191.16 1544.4 7110.3 197.62 1410.7 7052.8 205.22
6.0083 1628.9 7197.9 191.43 1536.3 7107.7 198.12 1403.2 7049.5 205.52
6.0167 1620.9 7196.2 191.66 1528 7104.9 198.6 1395.7 7046.1 205.81
6.025 1612.8 7194.3 191.87 1519.5 7101.9 199.07 1388 7042.6 206.09
6.0333 1604.5 7192.1 192.08 1510.8 7098.7 199.53 1380.3 7038.9 206.37
6.0417 1596.1 7189.7 192.28 1502 7095.2 199.98 1372.4 7035 206.63
6.05 1587.6 7187.2 192.51 1492.9 7091.5 200.41 1364.3 7030.9 206.88
6.0583 1578.9 7184.3 192.75 1483.7 7087.5 200.85 1356.1 7026.6 207.13
6.0667 1570.1 7181.3 193.02 1474.3 7083.3 201.29 1347.8 7022.2 207.35
6.075 1561.1 7178 193.32 1464.7 7078.9 201.73 1339.2 7017.6 207.57
6.0833 1551.9 7174.4 193.65 1455 7074.3 202.2 1329.8 7013.4 207.08
6.0917 1542.4 7170.6 194.01 1445 7069.5 202.67 1320.9 7008.4 207.27
6.1 1532.8 7166.5 194.39 1434.9 7064.5 203.15 1311.8 7003.3 207.46
6.1083 1523.1 7162.1 194.79 1424.7 7059.3 203.65 1302.6 6998.1 207.62
6.1167 1513.1 7157.5 195.2 1414.3 7054 204.16 1293.2 6992.7 207.78
6.125 1503 7152.7 195.62 1403.9 7048.5 204.68 1283.6 6987.2 207.92
6.1333 1492.7 7147.7 196.05 1393.4 7043 205.18 1274 6981.7 208.06
6.1417 1482.4 7142.5 196.47 1382.9 7037.3 205.69 1264.3 6976 208.2
6.15 1472 7137.1 196.9 1372.4 7031.6 206.16 1254.5 6970.3 208.33
6.1583 1461.6 7131.5 197.33 1362 7025.9 206.6 1244.7 6964.6 208.47
6.1667 1451.2 7125.9 197.78 1351.6 7020.2 206.99 1235 6958.9 208.61
6.175 1440.8 7120.2 198.24 1341.4 7014.5 207.32 1225.4 6953.1 208.76
6.1833 1430.5 7114.4 198.73 1331.3 7008.9 207.6 1215.8 6947.5 208.92
6.1917 1420.4 7108.7 199.23 1321.3 7003.3 207.81 1206.3 6941.8 209.09
6.2 1410.4 7103 199.76 1311.4 6997.9 207.97 1197 6936.2 209.27
6.2083 1400.7 7097.4 200.31 1301.7 6992.6 208.08 1187.9 6930.7 209.45
6.2167 1391.2 7091.9 200.89 1292.1 6987.4 208.14 1178.8 6925.4 209.64
6.225 1381.9 7086.5 201.5 1282.7 6982.4 208.18 1170 6920.1 209.83
6.2333 1372.7 7081.2 202.14 1273.4 6977.5 208.2 1161.2 6915 210.02
6.2417 1363.8 7076.1 202.81 1264.3 6972.8 208.21 1152.6 6910 210.19
6.25 1354.9 7071.1 203.51 1255.3 6968.2 208.23 1144.1 6905.2 210.36
