0.0083333 -0.055698 3.8446 103.42 -24.468 106.21 92.741 14.786 208.18 75.38
0.016667 0.69714 10.723 103.51 -24.55 114.79 92.909 15.079 215.97 75.055
0.025 1.4258 17.799 103.6 -24.564 123.55 93.069 15.396 223.81 74.718
0.033333 2.1118 25.105 103.71 -24.5 132.49 93.218 15.731 231.72 74.373
0.041667 2.7406 32.666 103.83 -24.348 141.64 93.356 16.082 239.7 74.027
0.05 3.2959 40.509 103.96 -24.104 151 93.478 16.445 247.78 73.687
0.058333 3.7688 48.647 104.09 -23.762 160.56 93.586 16.819 255.98 73.361
0.066667 4.1503 57.098 104.22 -23.319 170.33 93.674 17.207 264.33 73.054
0.075 4.4373 65.866 104.34 -22.775 180.31 93.742 17.612 272.85 72.774
0.083333 4.6304 74.95 104.46 -22.129 190.49 93.786 18.042 281.58 72.524
0.091667 4.7352 84.344 104.56 -21.385 200.85 93.805 18.509 290.52 72.308
0.1 4.7616 94.038 104.65 -20.545 211.38 93.797 19.025 299.69 72.125
0.10833 4.7239 104.02 104.72 -19.615 222.07 93.762 19.604 309.09 71.975
0.11667 4.6395 114.27 104.77 -18.604 232.88 93.701 20.258 318.71 71.852
0.125 4.5271 124.78 104.82 -17.519 243.8 93.616 20.998 328.54 71.751
0.13333 4.4076 135.51 104.85 -16.372 254.8 93.513 21.833 338.54 71.666
0.14167 4.3015 146.43 104.87 -15.175 265.83 93.398 22.767 348.68 71.588
0.15 4.2309 157.52 104.89 -13.94 276.86 93.28 23.797 358.94 71.511
0.15833 4.2216 168.74 104.9 -12.684 287.86 93.168 24.918 369.27 71.429
0.16667 4.3014 180.05 104.91 -11.42 298.76 93.074 26.118 379.63 71.337
0.175 4.4968 191.43 104.92 -10.166 309.54 93.006 27.381 390 71.232
0.18333 4.8321 202.85 104.92 -8.9353 320.15 92.975 28.69 400.34 71.116
0.19167 5.3264 214.28 104.9 -7.7435 330.55 92.985 30.021 410.63 70.989
0.2 5.9746 225.71 104.86 -6.6024 340.7 93.042 31.355 420.86 70.856
0.20833 6.7569 237.12 104.79 -5.5216 350.6 93.144 32.672 431 70.722
0.21667 7.6363 248.48 104.67 -4.5064 360.22 93.288 33.954 441.06 70.594
0.225 8.5691 259.76 104.51 -3.5578 369.56 93.467 35.186 451.02 70.476
0.23333 9.5157 270.95 104.29 -2.6721 378.64 93.671 36.359 460.88 70.373
0.24167 10.453 282.04 104.02 -1.8411 387.48 93.889 37.465 470.65 70.288
0.25 11.372 293.03 103.69 -1.0526 396.11 94.109 38.504 480.32 70.224
0.25833 12.28 303.94 103.32 -0.29243 404.55 94.322 39.474 489.89 70.179
0.26667 13.196 314.76 102.91 0.45409 412.85 94.516 40.38 499.36 70.151
0.275 14.145 325.54 102.46 1.2008 421.05 94.688 41.226 508.73 70.137
0.28333 15.165 336.28 102 1.9588 429.17 94.832 42.019 518.01 70.132
0.29167 16.278 347 101.52 2.7361 437.24 94.948 42.764 527.2 70.131
0.3 17.515 357.72 101.04 3.537 445.3 95.037 43.466 536.3 70.13
0.30833 18.875 368.43 100.56 4.3621 453.36 95.102 44.128 545.33 70.124
0.31667 20.337 379.13 100.09 5.2092 461.44 95.15 44.754 554.28 70.112
0.325 21.874 389.79 99.637 6.0741 469.55 95.183 45.346 563.18 70.092
0.33333 23.447 400.4 99.193 6.952 477.72 95.21 45.905 572.03 70.064
0.34167 25.008 410.93 98.761 7.8373 485.93 95.233 46.431 580.85 70.029
0.35 26.516 421.37 98.336 8.7255 494.21 95.255 46.927 589.64 69.989
0.35833 27.935 431.71 97.912 9.6136 502.55 95.278 47.393 598.41 69.945
0.36667 29.235 441.96 97.486 10.5 510.96 95.301 47.831 607.17 69.898
0.375 30.404 452.13 97.05 11.384 519.44 95.321 48.246 615.93 69.851
0.38333 31.443 462.23 96.603 12.269 528 95.335 48.641 624.69 69.802
0.39167 32.372 472.28 96.143 13.156 536.65 95.338 49.021 633.44 69.751
0.4 33.219 482.31 95.667 14.052 545.37 95.324 49.391 642.18 69.697
0.40833 34.023 492.32 95.177 14.959 554.18 95.291 49.756 650.92 69.638
0.41667 34.819 502.35 94.672 15.883 563.09 95.234 50.12 659.64 69.574
0.425 35.64 512.38 94.153 16.829 572.08 95.153 50.488 668.36 69.502
0.43333 36.509 522.43 93.619 17.798 581.16 95.047 50.863 677.06 69.424
0.44167 37.44 532.49 93.07 18.793 590.33 94.918 51.248 685.75 69.341
0.45 38.43 542.54 92.507 19.814 599.58 94.768 51.645 694.44 69.254
0.45833 39.469 552.57 91.928 20.859 608.93 94.601 52.056 703.13 69.166
0.46667 40.531 562.59 91.335 21.927 618.36 94.422 52.483 711.83 69.082
0.475 41.596 572.58 90.731 23.013 627.87 94.233 52.927 720.54 69.004
0.48333 42.636 582.53 90.121 24.115 637.48 94.038 53.392 729.26 68.935
0.49167 43.627 592.46 89.508 25.229 647.17 93.839 53.882 738.02 68.878
0.5 44.558 602.38 88.9 26.354 656.97 93.638 54.398 746.81 68.832
0.50833 45.42 612.3 88.3 27.488 666.86 93.434 54.947 755.63 68.798
0.51667 46.221 622.26 87.716 28.632 676.85 93.227 55.532 764.48 68.773
0.525 46.972 632.28 87.151 29.787 686.95 93.016 56.158 773.37 68.752
0.53333 47.697 642.41 86.609 30.956 697.15 92.8 56.829 782.29 68.733
0.54167 48.415 652.66 86.094 32.142 707.45 92.576 57.547 791.24 68.709
0.55 49.153 663.05 85.61 33.349 717.85 92.344 58.315 800.22 68.677
0.55833 49.928 673.59 85.16 34.578 728.34 92.104 59.133 809.23 68.632
0.56667 50.737 684.29 84.741 35.838 738.88 91.849 60.004 818.28 68.574
0.575 51.592 695.13 84.356 37.128 749.49 91.585 60.923 827.38 68.5
0.58333 52.488 706.12 83.99 38.427 760.1 91.299 61.89 836.54 68.412
0.59167 53.413 717.19 83.66 39.798 770.8 91.027 62.903 845.77 68.311
0.6 54.37 728.39 83.331 41.158 781.58 90.772 63.96 855.1 68.198
0.60833 55.347 739.71 83.001 42.506 792.42 90.528 65.059 864.53 68.076
0.61667 56.336 751.15 82.658 43.856 803.35 90.305 66.198 874.1 67.946
0.625 57.33 762.71 82.296 45.202 814.34 90.095 67.377 883.83 67.81
0.63333 58.325 774.41 81.91 46.515 825.36 89.878 68.598 893.72 67.668
0.64167 59.285 786.18 81.519 47.781 836.43 89.635 69.857 903.81 67.518
0.65 60.309 798.29 81.08 49.024 847.58 89.437 71.167 914.07 67.359
0.65833 61.336 810.5 80.642 50.281 858.86 89.237 72.514 924.53 67.19
0.66667 62.371 822.84 80.213 51.485 870.2 89.008 73.909 935.18 67.009
0.675 63.476 835.39 79.795 52.69 881.65 88.784 75.353 946 66.815
0.68333 64.635 848.03 79.406 53.94 893.23 88.554 76.841 956.97 66.61
0.69167 65.863 860.74 79.056 55.172 904.85 88.293 78.38 968.06 66.397
0.7 67.155 873.46 78.748 56.475 916.59 88.023 79.968 979.25 66.179
0.70833 68.449 885.97 78.49 57.849 928.41 87.702 81.62 990.5 65.96
0.71667 69.89 898.71 78.245 59.254 940.23 87.413 83.316 1001.8 65.748
0.725 71.285 911.11 78.029 60.868 952.16 87.081 85.081 1013 65.548
0.73333 72.68 923.3 77.812 62.564 964.03 86.7 86.926 1024.2 65.362
0.74167 74.054 935.25 77.577 64.473 975.96 86.308 88.858 1035.4 65.196
0.75 75.394 946.92 77.3 66.554 987.81 85.856 90.899 1046.5 65.048
0.75833 76.699 958.31 76.966 68.792 999.49 85.32 93.069 1057.4 64.917
0.76667 77.973 969.43 76.565 71.189 1011 84.709 95.391 1068.4 64.797
0.775 79.229 980.29 76.092 73.737 1022.4 84.026 97.889 1079.2 64.681
0.78333 80.493 990.93 75.555 76.432 1033.7 83.272 100.59 1090 64.561
0.79167 81.807 1001.4 74.964 79.263 1044.9 82.448 103.52 1100.7 64.428
0.8 83.222 1011.7 74.335 82.222 1055.9 81.557 106.7 1111.4 64.271
0.80833 84.8 1021.8 73.683 85.3 1066.8 80.6 110.15 1122 64.082
0.81667 86.603 1031.8 73.026 88.488 1077.6 79.582 113.89 1132.7 63.855
0.825 88.687 1041.7 72.377 91.782 1088.2 78.51 117.92 1143.4 63.588
0.83333 91.084 1051.5 71.749 95.176 1098.8 77.389 122.25 1154 63.279
0.84167 93.804 1061.1 71.147 98.668 1109.2 76.229 126.88 1164.7 62.931
0.85 96.816 1070.6 70.573 102.26 1119.6 75.038 131.79 1175.4 62.55
0.85833 100.08 1079.9 70.028 105.94 1129.8 73.827 136.97 1186 62.142
0.86667 103.53 1089.1 69.506 109.73 1139.9 72.604 142.42 1196.6 61.713
0.875 107.12 1098.2 69.003 113.62 1150 71.377 148.1 1207.2 61.272
0.88333 110.81 1107.1 68.512 117.61 1159.9 70.156 154.01 1217.7 60.824
0.89167 114.57 1116 68.028 121.71 1169.7 68.945 160.11 1228.1 60.374
0.9 118.36 1124.8 67.549 125.92 1179.4 67.752 166.39 1238.4 59.925
0.90833 122.14 1133.5 67.075 130.23 1189 66.581 172.83 1248.5 59.478
0.91667 125.89 1142.2 66.609 134.65 1198.6 65.435 179.41 1258.5 59.034
0.925 129.56 1151 66.155 139.18 1208 64.317 186.11 1268.4 58.59
0.93333 133.16 1159.8 65.718 143.8 1217.4 63.231 192.92 1278.1 58.146
0.94167 136.7 1168.6 65.3 148.52 1226.7 62.177 199.82 1287.7 57.7
0.95 140.18 1177.5 64.904 153.33 1236 61.158 206.8 1297.1 57.249
0.95833 143.64 1186.5 64.531 158.24 1245.3 60.176 213.85 1306.4 56.795
0.96667 147.11 1195.5 64.181 163.25 1254.5 59.234 220.95 1315.6 56.336
0.975 150.64 1204.5 63.852 168.35 1263.8 58.332 228.09 1324.6 55.876
0.98333 154.26 1213.5 63.544 173.55 1273 57.473 235.27 1333.5 55.416
0.99167 158 1222.5 63.252 178.86 1282.3 56.659 242.47 1342.3 54.959
1 161.88 1231.4 62.975 184.28 1291.6 55.89 249.68 1350.9 54.508
1.0083 165.91 1240.4 62.71 189.82 1300.9 55.166 256.9 1359.5 54.067
1.0167 170.11 1249.3 62.456 195.47 1310.3 54.489 264.12 1368 53.638
1.025 174.48 1258.2 62.212 201.24 1319.6 53.855 271.35 1376.3 53.223
1.0333 179.02 1267.1 61.978 207.12 1329 53.265 278.57 1384.6 52.822
1.0417 183.74 1276 61.757 213.12 1338.4 52.717 285.81 1392.9 52.436
1.05 188.63 1284.9 61.553 219.22 1347.8 52.207 293.06 1401 52.064
1.0583 193.73 1293.8 61.368 225.43 1357.1 51.736 300.33 1409.2 51.704
1.0667 199.02 1302.8 61.21 231.74 1366.5 51.298 307.64 1417.2 51.355
1.075 204.54 1311.7 61.082 238.15 1375.8 50.895 314.98 1425.2 51.014
1.0833 210.29 1320.8 60.987 244.66 1385.2 50.52 322.38 1433.2 50.681
1.0917 216.24 1329.8 60.924 251.27 1394.5 50.176 329.84 1441.2 50.355
1.1 222.37 1338.9 60.889 257.99 1403.8 49.856 337.36 1449.1 50.034
1.1083 228.64 1348.1 60.871 264.84 1413.2 49.562 344.95 1457 49.721
1.1167 235.01 1357.2 60.86 271.82 1422.5 49.287 352.61 1464.9 49.416
1.125 241.45 1366.4 60.844 278.95 1431.8 49.03 360.34 1472.8 49.121
1.1333 247.96 1375.7 60.811 286.25 1441.1 48.786 368.13 1480.7 48.841
1.1417 254.55 1384.9 60.752 293.71 1450.3 48.551 376 1488.6 48.578
1.15 261.25 1394.2 60.66 301.36 1459.6 48.318 383.93 1496.5 48.338
1.1583 268.09 1403.5 60.534 309.19 1468.8 48.083 391.92 1504.5 48.123
1.1667 275.12 1412.9 60.374 317.22 1478 47.843 399.97 1512.5 47.938
1.175 282.4 1422.5 60.185 325.43 1487.1 47.586 408.09 1520.5 47.786
1.1833 289.96 1432.1 59.973 333.82 1496.2 47.315 416.27 1528.5 47.667
1.1917 297.84 1442 59.743 342.37 1505.3 47.026 424.52 1536.6 47.582
1.2 306.06 1451.9 59.5 351.06 1514.2 46.717 432.83 1544.8 47.531
1.2083 314.61 1462.1 59.243 359.87 1523.2 46.39 441.21 1552.9 47.509
1.2167 323.46 1472.4 58.97 368.78 1532 46.047 449.65 1561.2 47.513
1.225 332.55 1482.8 58.673 377.74 1540.9 45.692 458.15 1569.4 47.538
1.2333 341.82 1493.2 58.347 386.74 1549.7 45.329 466.7 1577.7 47.576
1.2417 351.21 1503.7 57.983 395.75 1558.4 44.966 475.28 1585.9 47.621
1.25 360.66 1514.1 57.579 404.73 1567.2 44.609 483.88 1594.2 47.668
1.2583 370.11 1524.4 57.13 413.66 1575.9 44.264 492.47 1602.4 47.71
1.2667 379.51 1534.5 56.639 422.5 1584.6 43.937 501.05 1610.6 47.743
1.275 388.82 1544.4 56.11 431.24 1593.3 43.633 509.58 1618.8 47.763
1.2833 398.01 1554 55.551 439.98 1602.1 43.364 517.22 1627.1 48.49
1.2917 407.08 1563.4 54.97 448.45 1610.8 43.119 525.58 1635.3 48.496
1.3 415.99 1572.5 54.378 456.74 1619.4 42.908 533.85 1643.4 48.492
1.3083 424.78 1581.4 53.783 464.85 1628.1 42.729 542.02 1651.5 48.48
1.3167 433.44 1590.1 53.194 472.76 1636.7 42.581 550.09 1659.7 48.465
1.325 442.03 1598.7 52.615 480.47 1645.2 42.462 558.04 1667.9 48.452
1.3333 450.56 1607.1 52.051 487.98 1653.6 42.369 565.9 1676.1 48.448
1.3417 459.08 1615.5 51.507 495.3 1662 42.299 573.65 1684.4 48.458
1.35 467.59 1623.8 50.987 502.44 1670.2 42.246 581.32 1692.8 48.487
1.3583 476.11 1632 50.494 509.42 1678.3 42.208 588.91 1701.2 48.54
1.3667 484.64 1640.3 50.026 516.26 1686.3 42.182 596.44 1709.8 48.619
1.375 493.15 1648.5 49.583 522.99 1694.3 42.166 603.91 1718.5 48.728
1.3833 501.61 1656.7 49.162 529.64 1702.1 42.159 611.34 1727.4 48.867
1.3917 510.01 1665 48.757 536.24 1709.8 42.162 618.72 1736.3 49.037
1.4 518.31 1673.2 48.364 542.8 1717.5 42.176 626.07 1745.4 49.236
1.4083 526.48 1681.4 47.979 549.36 1725.1 42.202 633.39 1754.6 49.464
1.4167 534.51 1689.5 47.599 555.92 1732.8 42.244 640.67 1764 49.717
1.425 542.39 1697.7 47.221 562.52 1740.4 42.302 647.93 1773.4 49.992
1.4333 550.14 1705.9 46.845 569.14 1748 42.378 655.15 1782.9 50.285
1.4417 557.78 1714 46.472 575.8 1755.7 42.474 662.34 1792.6 50.593
1.45 565.34 1722.1 46.103 582.51 1763.4 42.589 669.48 1802.3 50.908
1.4583 572.86 1730.2 45.741 589.25 1771.2 42.721 676.59 1812 51.228
1.4667 580.37 1738.4 45.386 596.04 1779 42.868 683.65 1821.8 51.547
1.475 587.9 1746.5 45.038 602.86 1786.8 43.028 690.66 1831.7 51.861
1.4833 595.49 1754.6 44.695 609.72 1794.7 43.196 697.62 1841.5 52.167
1.4917 603.14 1762.7 44.353 616.63 1802.7 43.37 704.53 1851.3 52.462
1.5 610.85 1770.8 44.004 623.58 1810.7 43.544 711.38 1861.1 52.746
1.5083 618.61 1778.9 43.643 630.58 1818.7 43.717 718.19 1870.8 53.019
1.5167 626.4 1787 43.262 637.63 1826.8 43.887 724.94 1880.6 53.282
1.525 634.21 1795.1 42.856 644.75 1835 44.052 731.64 1890.3 53.538
1.5333 641.99 1803.2 42.423 651.92 1843.3 44.212 738.3 1900 53.791
1.5417 649.74 1811.3 41.965 659.16 1851.6 44.367 744.93 1909.7 54.044
1.55 657.42 1819.4 41.49 666.47 1860 44.519 751.54 1919.4 54.3
1.5583 665.02 1827.6 41.009 673.84 1868.4 44.669 758.14 1929.1 54.562
1.5667 672.55 1835.9 40.536 681.26 1877 44.817 764.74 1938.8 54.831
1.575 680 1844.3 40.088 688.72 1885.6 44.965 771.35 1948.6 55.106
1.5833 687.39 1852.7 39.681 696.23 1894.3 45.113 778 1958.4 55.386
1.5917 694.75 1861.3 39.329 703.76 1903 45.26 784.68 1968.3 55.669
1.6 702.1 1869.9 39.037 711.32 1911.8 45.403 791.41 1978.2 55.949
1.6083 709.48 1878.7 38.807 718.89 1920.7 45.543 798.19 1988.2 56.222
1.6167 716.94 1887.6 38.634 726.49 1929.6 45.678 805.01 1998.1 56.485
1.625 724.51 1896.6 38.505 734.1 1938.5 45.807 811.88 2008.1 56.733
1.6333 732.22 1905.8 38.41 741.74 1947.6 45.93 818.8 2018.1 56.963
1.6417 740.09 1915 38.337 749.41 1956.7 46.047 825.74 2028.2 57.176
1.65 748.09 1924.3 38.283 757.11 1965.9 46.163 832.72 2038.2 57.372
1.6583 756.21 1933.7 38.243 764.86 1975.1 46.28 839.71 2048.2 57.554
1.6667 764.4 1943.2 38.218 772.65 1984.5 46.402 846.71 2058.3 57.726
1.675 772.66 1952.7 38.207 780.48 1994.1 46.534 853.73 2068.3 57.891
1.6833 780.97 1962.4 38.203 788.35 2003.7 46.682 860.76 2078.4 58.054
1.6917 789.35 1972.1 38.204 796.27 2013.5 46.847 867.81 2088.6 58.218
1.7 797.82 1981.9 38.203 804.21 2023.4 47.037 874.89 2098.8 58.384
1.7083 806.41 1991.9 38.198 812.17 2033.4 47.249 881.99 2109.1 58.554
1.7167 815.15 2002.1 38.187 820.14 2043.6 47.485 889.13 2119.6 58.724
1.725 824.09 2012.4 38.171 828.12 2053.9 47.741 896.32 2130.1 58.893
1.7333 833.22 2022.9 38.155 836.11 2064.3 48.013 903.56 2140.7 59.056
1.7417 842.56 2033.7 38.148 844.09 2074.7 48.293 910.84 2151.4 59.209
1.75 852.08 2044.5 38.161 852.09 2085.3 48.574 918.17 2162.2 59.348
1.7583 861.75 2055.6 38.21 860.1 2095.9 48.847 925.52 2173.1 59.471
1.7667 871.52 2066.7 38.307 868.13 2106.6 49.105 932.89 2184.1 59.58
1.775 881.31 2077.9 38.468 876.21 2117.3 49.339 940.25 2195.2 59.677
1.7833 891.06 2089.1 38.697 884.33 2128 49.545 947.59 2206.3 59.768
1.7917 900.71 2100.3 38.996 892.51 2138.7 49.72 954.88 2217.5 59.86
1.8 910.2 2111.4 39.361 900.75 2149.4 49.863 962.1 2228.7 59.964
1.8083 919.49 2122.4 39.781 909.07 2160.1 49.976 969.26 2239.9 60.088
1.8167 928.56 2133.3 40.238 917.45 2170.6 50.062 976.34 2251.1 60.243
1.825 937.39 2144 40.715 925.87 2181 50.124 983.34 2262.2 60.433
1.8333 945.97 2154.6 41.19 934.33 2191.3 50.169 990.29 2273.4 60.664
1.8417 954.32 2165 41.644 942.79 2201.4 50.199 997.21 2284.5 60.936
1.85 962.46 2175.3 42.064 951.23 2211.3 50.219 1004.1 2295.6 61.243
1.8583 970.42 2185.4 42.447 959.61 2220.9 50.232 1011 2306.7 61.58
1.8667 978.23 2195.3 42.792 967.9 2230.3 50.239 1018 2317.6 61.934
1.875 985.92 2205.2 43.107 976.07 2239.4 50.239 1025.1 2328.5 62.294
1.8833 993.54 2215 43.399 984.12 2248.3 50.23 1032.3 2339.4 62.647
1.8917 1001.1 2224.8 43.678 992.01 2257 50.212 1039.7 2350.1 62.979
1.9 1008.6 2234.4 43.952 999.76 2265.4 50.18 1047.2 2360.7 63.281
1.9083 1016.1 2244 44.233 1007.4 2273.7 50.133 1054.9 2371.2 63.545
1.9167 1023.6 2253.4 44.528 1014.9 2281.8 50.067 1062.8 2381.6 63.766
1.925 1031 2262.7 44.845 1022.3 2289.8 49.983 1070.8 2391.9 63.944
1.9333 1038.5 2271.9 45.19 1029.6 2297.8 49.879 1079 2402.1 64.082
1.9417 1046 2281 45.568 1036.9 2305.7 49.758 1087.4 2412.2 64.186
1.95 1053.5 2289.9 45.98 1044.2 2313.6 49.621 1095.8 2422.2 64.263
1.9583 1061.1 2298.6 46.426 1051.5 2321.6 49.474 1104.4 2432.1 64.323
1.9667 1068.6 2307.2 46.907 1058.8 2329.7 49.318 1113 2441.9 64.372
1.975 1076.2 2315.8 47.422 1066.2 2337.8 49.16 1121.6 2451.5 64.418
1.9833 1083.8 2324.2 47.968 1073.6 2346 49.003 1130.3 2461.1 64.467
1.9917 1091.4 2332.6 48.542 1081.1 2354.2 48.853 1139 2470.5 64.519
2 1099 2340.9 49.143 1088.7 2362.5 48.713 1147.7 2479.9 64.576
2.0083 1106.6 2349.2 49.766 1096.3 2370.9 48.586 1156.3 2489.1 64.634
2.0167 1114.2 2357.5 50.406 1104 2379.4 48.476 1164.9 2498.1 64.691
2.025 1121.8 2365.8 51.063 1111.8 2387.9 48.386 1173.5 2507 64.742
2.0333 1129.3 2374.1 51.728 1119.6 2396.4 48.316 1182.1 2515.8 64.783
2.0417 1136.8 2382.4 52.4 1127.5 2405 48.267 1190.7 2524.5 64.811
2.05 1144.2 2390.7 53.074 1135.4 2413.6 48.242 1199.3 2533 64.825
2.0583 1151.6 2399 53.746 1143.3 2422.3 48.238 1207.9 2541.4 64.826
2.0667 1158.9 2407.2 54.413 1151.3 2431 48.256 1216.5 2549.7 64.816
2.075 1166.3 2415.4 55.069 1159.4 2439.8 48.295 1225.1 2557.9 64.801
2.0833 1173.7 2423.6 55.71 1167.5 2448.6 48.354 1233.7 2566.1 64.786
2.0917 1181.2 2431.8 56.33 1175.6 2457.5 48.431 1242.3 2574.2 64.78
2.1 1188.8 2440 56.923 1183.8 2466.5 48.523 1250.9 2582.4 64.788
2.1083 1196.6 2448.2 57.482 1192 2475.5 48.63 1259.5 2590.6 64.819
2.1167 1204.6 2456.4 58.002 1200.3 2484.5 48.749 1268.2 2598.8 64.876
2.125 1212.7 2464.6 58.478 1208.6 2493.6 48.878 1276.8 2607.1 64.964
2.1333 1221 2472.8 58.908 1217 2502.7 49.015 1285.4 2615.5 65.084
2.1417 1229.5 2481.2 59.291 1225.3 2511.7 49.158 1294 2623.8 65.236
2.15 1238.2 2489.5 59.632 1233.7 2520.8 49.307 1302.6 2632.3 65.42
2.1583 1247.1 2498 59.936 1242.2 2529.8 49.459 1311.1 2640.7 65.632
2.1667 1256.2 2506.6 60.208 1250.7 2538.8 49.609 1319.6 2649.2 65.873
2.175 1265.4 2515.2 60.462 1259.3 2547.7 49.764 1328 2657.7 66.139
2.1833 1274.6 2524 60.693 1267.9 2556.7 49.913 1336.4 2666.2 66.432
2.1917 1283.8 2532.9 60.897 1276.5 2565.6 50.054 1344.8 2674.6 66.753
2.2 1293 2541.9 61.067 1285.3 2574.5 50.185 1353.1 2683.1 67.105
2.2083 1302 2550.9 61.196 1294.1 2583.4 50.3 1361.4 2691.6 67.493
2.2167 1311.1 2559.9 61.275 1303 2592.2 50.393 1369.7 2700.1 67.921
2.225 1320 2568.9 61.303 1312 2601.1 50.458 1378 2708.6 68.397
2.2333 1328.9 2578 61.281 1321 2610 50.493 1386.3 2717.2 68.925
2.2417 1337.9 2587.2 61.214 1330.2 2618.9 50.492 1394.5 2725.9 69.509
2.25 1346.9 2596.4 61.113 1339.4 2627.8 50.452 1402.8 2734.7 70.151
2.2583 1356 2605.8 60.987 1348.8 2636.7 50.372 1411.1 2743.5 70.849
2.2667 1365.2 2615.4 60.849 1358.2 2645.6 50.256 1419.3 2752.5 71.599
2.275 1374.6 2625.2 60.704 1367.7 2654.5 50.108 1427.6 2761.5 72.392
2.2833 1384.1 2635.2 60.558 1377.2 2663.4 49.937 1435.8 2770.6 73.218
2.2917 1393.8 2645.5 60.408 1386.7 2672.3 49.754 1444.1 2779.8 74.063
2.3 1403.5 2655.9 60.25 1396.3 2681.2 49.568 1452.3 2788.9 74.913
2.3083 1413.3 2666.4 60.078 1405.8 2690.2 49.39 1460.6 2798 75.754
2.3167 1423.1 2677 59.883 1415.4 2699.1 49.243 1468.8 2807.1 76.572
2.325 1432.8 2687.6 59.667 1424.8 2708.1 49.13 1477 2816.1 77.355
2.3333 1442.4 2698 59.429 1434.2 2717.2 49.068 1485.2 2824.9 78.094
2.3417 1451.9 2708.3 59.172 1443.5 2726.3 49.064 1493.3 2833.7 78.784
2.35 1461.2 2718.4 58.905 1452.6 2735.5 49.123 1501.4 2842.3 79.421
2.3583 1470.4 2728.3 58.636 1461.5 2744.8 49.248 1509.4 2850.8 80.008
2.3667 1479.3 2737.9 58.377 1470.3 2754.1 49.438 1517.3 2859.2 80.547
2.375 1488.2 2747.2 58.136 1478.9 2763.5 49.69 1525.2 2867.5 81.044
2.3833 1496.9 2756.2 57.926 1487.2 2772.9 49.997 1532.9 2875.8 81.509
2.3917 1505.5 2765.1 57.753 1495.4 2782.4 50.355 1540.5 2884.1 81.949
2.4 1514 2773.7 57.622 1503.3 2791.9 50.752 1548 2892.5 82.374
2.4083 1522.4 2782.2 57.534 1511 2801.3 51.183 1555.3 2900.9 82.791
2.4167 1530.7 2790.6 57.488 1518.5 2810.6 51.639 1562.4 2909.5 83.209
2.425 1539 2798.9 57.479 1525.8 2819.9 52.108 1569.4 2918.3 83.633
2.4333 1547.2 2807.2 57.505 1532.9 2829 52.6 1576.1 2927.2 84.067
2.4417 1555.3 2815.5 57.555 1539.9 2838.1 53.099 1582.7 2936.4 84.512
2.45 1563.2 2823.8 57.622 1546.8 2847 53.606 1589 2945.7 84.971
2.4583 1571 2832.2 57.695 1553.5 2855.8 54.12 1595.2 2955.1 85.441
2.4667 1578.5 2840.6 57.764 1560.1 2864.5 54.643 1601.1 2964.8 85.923
2.475 1585.7 2849.1 57.82 1566.6 2873.2 55.177 1606.8 2974.5 86.415
2.4833 1592.6 2857.6 57.856 1573 2881.8 55.721 1612.4 2984.3 86.914
2.4917 1599.3 2866.2 57.869 1579.4 2890.4 56.278 1617.7 2994.2 87.42
2.5 1605.7 2874.7 57.859 1585.6 2899 56.847 1622.9 3004.2 87.931
2.5083 1611.8 2883.3 57.826 1591.8 2907.6 57.426 1627.9 3014.1 88.448
2.5167 1617.8 2891.9 57.776 1597.9 2916.3 58.013 1632.8 3024 88.969
2.525 1623.5 2900.5 57.716 1603.9 2925.1 58.603 1637.5 3033.8 89.496
2.5333 1629.2 2909.1 57.655 1609.8 2933.9 59.191 1642 3043.6 90.028
2.5417 1634.8 2917.8 57.596 1615.7 2942.8 59.771 1646.5 3053.3 90.567
2.55 1640.3 2926.4 57.546 1621.5 2951.7 60.337 1650.8 3062.9 91.112
2.5583 1645.8 2935.2 57.511 1627.2 2960.6 60.882 1655 3072.4 91.661
2.5667 1651.3 2943.9 57.495 1632.8 2969.6 61.403 1659.2 3081.9 92.216
2.575 1656.8 2952.7 57.492 1638.4 2978.7 61.893 1663.3 3091.2 92.774
2.5833 1662.3 2961.5 57.498 1643.9 2987.7 62.352 1667.3 3100.4 93.333
2.5917 1667.8 2970.4 57.505 1649.4 2996.8 62.777 1671.3 3109.6 93.891
2.6 1673.4 2979.2 57.505 1654.8 3006 63.169 1675.2 3118.6 94.445
2.6083 1678.9 2988.2 57.493 1660.2 3015.1 63.53 1679.2 3127.6 94.992
2.6167 1684.4 2997.1 57.463 1665.5 3024.3 63.861 1683.1 3136.6 95.529
2.625 1689.9 3006.1 57.415 1670.7 3033.5 64.165 1687.1 3145.5 96.055
2.6333 1695.4 3015.2 57.352 1675.9 3042.8 64.446 1691 3154.4 96.566
2.6417 1700.8 3024.3 57.281 1681 3052.1 64.706 1695 3163.2 97.063
2.65 1706.2 3033.4 57.214 1686.1 3061.5 64.946 1699 3172.1 97.545
2.6583 1711.6 3042.7 57.161 1691.2 3070.8 65.168 1703 3181.1 98.014
2.6667 1716.9 3052.1 57.136 1696.1 3080.3 65.371 1707.1 3190 98.474
2.675 1722.2 3061.6 57.145 1701 3089.7 65.555 1711.1 3199 98.929
2.6833 1727.4 3071.2 57.193 1705.9 3099.2 65.721 1715.1 3208 99.385
2.6917 1732.6 3081.1 57.282 1710.7 3108.7 65.866 1719.1 3217 99.85
2.7 1737.7 3091.1 57.408 1715.4 3118.3 65.99 1723.1 3226.1 100.33
2.7083 1742.8 3101.3 57.565 1720.1 3127.9 66.096 1727 3235.1 100.83
2.7167 1747.9 3111.6 57.748 1724.7 3137.6 66.183 1730.9 3244.1 101.36
2.725 1752.9 3122.1 57.948 1729.2 3147.3 66.257 1734.7 3253.1 101.93
2.7333 1758 3132.7 58.158 1733.7 3157.2 66.322 1738.5 3262.1 102.53
2.7417 1763 3143.3 58.381 1738.1 3167.1 66.383 1742.2 3271.1 103.16
2.75 1768 3154 58.599 1742.4 3177.1 66.45 1745.8 3280 103.83
2.7583 1772.9 3164.8 58.818 1746.7 3187.2 66.529 1749.4 3288.9 104.52
2.7667 1777.8 3175.7 59.023 1750.9 3197.4 66.627 1753 3297.9 105.23
2.775 1782.7 3186.7 59.213 1755 3207.7 66.753 1756.4 3307 105.95
2.7833 1787.6 3197.8 59.386 1759 3218 66.911 1759.9 3316.1 106.67
2.7917 1792.6 3209.1 59.542 1762.9 3228.5 67.104 1763.3 3325.4 107.38
2.8 1797.5 3220.6 59.685 1766.8 3239 67.335 1766.6 3334.8 108.08
2.8083 1802.5 3232.4 59.824 1770.7 3249.5 67.602 1770 3344.5 108.76
2.8167 1807.6 3244.4 59.971 1774.4 3260.1 67.903 1773.2 3354.3 109.42
2.825 1812.6 3256.7 60.141 1778.1 3270.7 68.233 1776.4 3364.4 110.05
2.8333 1817.6 3269.2 60.349 1781.7 3281.2 68.587 1779.5 3374.7 110.67
2.8417 1822.5 3281.8 60.61 1785.3 3291.8 68.96 1782.5 3385.1 111.28
2.85 1827.3 3294.5 60.935 1788.8 3302.4 69.346 1785.4 3395.7 111.88
2.8583 1832 3307.1 61.329 1792.3 3313 69.74 1788.2 3406.4 112.48
2.8667 1836.5 3319.7 61.79 1795.8 3323.6 70.137 1790.8 3417.1 113.09
2.875 1840.8 3332.1 62.312 1799.3 3334.2 70.534 1793.3 3427.8 113.7
2.8833 1844.9 3344.3 62.879 1802.7 3344.7 70.928 1795.7 3438.5 114.32
2.8917 1848.8 3356.3 63.475 1806.1 3355.3 71.317 1797.9 3449.1 114.94
2.9 1852.5 3367.9 64.08 1809.6 3365.8 71.701 1800 3459.7 115.55
2.9083 1855.9 3379.2 64.674 1813 3376.3 72.079 1802 3470.1 116.15
2.9167 1859.2 3390.3 65.243 1816.4 3386.7 72.452 1804 3480.4 116.73
2.925 1862.4 3401.1 65.782 1819.8 3397 72.822 1805.9 3490.6 117.28
2.9333 1865.3 3411.7 66.291 1823.2 3407.2 73.189 1807.7 3500.7 117.79
2.9417 1868.1 3422.2 66.782 1826.5 3417.3 73.554 1809.6 3510.8 118.26
2.95 1870.8 3432.7 67.268 1829.8 3427.2 73.919 1811.5 3520.8 118.69
2.9583 1873.3 3443.2 67.763 1833.1 3437 74.284 1813.5 3530.8 119.07
2.9667 1875.7 3453.7 68.283 1836.2 3446.6 74.649 1815.4 3540.8 119.42
2.975 1878 3464.3 68.839 1839.3 3456 75.014 1817.4 3550.8 119.74
2.9833 1880.1 3474.9 69.44 1842.4 3465.3 75.38 1819.5 3560.8 120.04
2.9917 1882.2 3485.6 70.092 1845.3 3474.5 75.745 1821.5 3570.8 120.31
3 1884.1 3496.1 70.796 1848.2 3483.5 76.111 1823.6 3580.8 120.58
3.0083 1886 3506.6 71.549 1851 3492.5 76.477 1825.6 3590.8 120.84
3.0167 1887.9 3516.9 72.346 1853.8 3501.4 76.842 1827.6 3600.8 121.09
3.025 1889.7 3527 73.177 1856.5 3510.3 77.207 1829.7 3610.8 121.34
3.0333 1891.6 3536.9 74.032 1859.1 3519.2 77.574 1831.6 3620.6 121.59
3.0417 1893.5 3546.6 74.901 1861.7 3528.1 77.943 1833.6 3630.5 121.84
3.05 1895.4 3556.1 75.775 1864.2 3537.1 78.317 1835.6 3640.2 122.08
3.0583 1897.3 3565.5 76.648 1866.7 3546.1 78.699 1837.5 3649.9 122.32
3.0667 1899.2 3574.8 77.516 1869.2 3555.2 79.093 1839.4 3659.5 122.56
3.075 1900.9 3583.9 78.433 1871.6 3564.3 79.502 1841.4 3669.1 122.79
3.0833 1902.9 3593.3 79.238 1873.9 3573.5 79.932 1843.3 3678.6 123.01
3.0917 1904.7 3602.5 80.1 1876.3 3582.8 80.386 1845.2 3688 123.24
3.1 1906.4 3611.9 80.971 1878.5 3592.2 80.868 1847 3697.4 123.46
3.1083 1908 3621.3 81.859 1880.8 3601.5 81.381 1848.9 3706.7 123.69
3.1167 1909.5 3630.7 82.771 1883 3611 81.927 1850.7 3716 123.93
3.125 1910.9 3640.2 83.715 1885.1 3620.4 82.504 1852.5 3725.3 124.18
3.1333 1912.2 3649.6 84.693 1887.3 3629.9 83.113 1854.2 3734.6 124.44
3.1417 1913.5 3659.1 85.705 1889.3 3639.4 83.749 1855.9 3743.9 124.71
3.15 1914.8 3668.5 86.745 1891.4 3649 84.408 1857.5 3753.1 125
3.1583 1916.1 3677.8 87.807 1893.3 3658.6 85.085 1859 3762.4 125.3
3.1667 1917.4 3687.1 88.877 1895.3 3668.1 85.775 1860.5 3771.7 125.61
3.175 1918.9 3696.4 89.94 1897.2 3677.8 86.474 1861.9 3781.1 125.93
3.1833 1920.5 3705.7 90.981 1899 3687.4 87.177 1863.2 3790.4 126.27
3.1917 1922.1 3715 91.986 1900.8 3697.1 87.88 1864.4 3799.8 126.63
3.2 1923.8 3724.3 92.938 1902.6 3706.7 88.583 1865.6 3809.3 127
3.2083 1925.6 3733.7 93.833 1904.3 3716.4 89.284 1866.7 3818.8 127.39
3.2167 1927.4 3743.3 94.656 1906 3726.1 89.983 1867.8 3828.3 127.8
3.225 1929.4 3753 95.404 1907.6 3735.9 90.683 1868.8 3837.8 128.24
3.2333 1931.3 3762.9 96.081 1909.2 3745.6 91.383 1869.9 3847.4 128.69
3.2417 1933.3 3772.9 96.691 1910.7 3755.3 92.086 1870.9 3856.9 129.16
3.25 1935.3 3783 97.243 1912.2 3765.1 92.791 1871.8 3866.5 129.65
3.2583 1937.4 3793.3 97.75 1913.6 3774.8 93.499 1872.8 3876 130.14
3.2667 1939.4 3803.7 98.228 1915 3784.5 94.207 1873.7 3885.5 130.65
3.275 1941.4 3814.2 98.689 1916.3 3794.3 94.914 1874.5 3895 131.16
3.2833 1943.3 3824.8 99.144 1917.6 3804 95.613 1875.3 3904.4 131.66
3.2917 1945.1 3835.4 99.597 1918.9 3813.7 96.303 1876 3913.9 132.16
3.3 1946.9 3846.1 100.05 1920.1 3823.4 96.979 1876.6 3923.4 132.65
3.3083 1948.5 3856.7 100.51 1921.2 3833.1 97.634 1877 3932.8 133.14
3.3167 1950 3867.5 100.96 1922.4 3842.8 98.265 1877.4 3942.3 133.62
3.325 1951.4 3878.2 101.42 1923.5 3852.5 98.871 1877.6 3951.8 134.11
3.3333 1952.7 3889.1 101.87 1924.5 3862.2 99.444 1877.7 3961.3 134.62
3.3417 1953.9 3900.1 102.31 1925.5 3871.9 100 1877.6 3970.8 135.14
3.35 1955 3911.1 102.75 1926.5 3881.5 100.53 1877.4 3980.4 135.68
3.3583 1956 3922.3 103.19 1927.5 3891.1 101.04 1877 3989.9 136.26
3.3667 1956.8 3933.5 103.63 1928.5 3900.7 101.54 1876.4 3999.4 136.88
3.375 1957.5 3944.9 104.09 1929.4 3910.3 102.04 1875.7 4008.8 137.54
3.3833 1958 3956.2 104.55 1930.3 3919.9 102.54 1874.9 4018.2 138.24
3.3917 1958.3 3967.4 105.04 1931.2 3929.5 103.06 1874 4027.4 138.97
3.4 1958.5 3978.6 105.55 1932 3939.1 103.62 1873 4036.6 139.74
3.4083 1958.6 3989.5 106.09 1932.7 3948.6 104.2 1871.8 4045.6 140.54
3.4167 1958.5 4000.1 106.66 1933.3 3958.2 104.85 1870.7 4054.5 141.35
3.425 1958.3 4010.5 107.26 1933.7 3967.8 105.56 1869.4 4063.2 142.19
3.4333 1958.1 4020.5 107.9 1933.9 3977.3 106.33 1868.1 4071.9 143.03
3.4417 1957.8 4030.1 108.57 1934 3986.9 107.17 1866.8 4080.4 143.87
3.45 1957.5 4039.4 109.28 1933.8 3996.5 108.08 1865.4 4088.8 144.72
3.4583 1957.1 4048.3 110.03 1933.5 4006.1 109.06 1864 4097.1 145.58
3.4667 1956.8 4056.8 110.82 1932.9 4015.6 110.1 1862.5 4105.4 146.43
3.475 1956.5 4065.2 111.65 1932.1 4025 111.2 1860.9 4113.5 147.3
3.4833 1956.1 4073.2 112.51 1931.1 4034.5 112.35 1859.2 4121.6 148.17
3.4917 1955.8 4081.1 113.4 1930 4043.8 113.54 1857.4 4129.6 149.05
3.5 1955.4 4088.8 114.31 1928.7 4053 114.76 1855.4 4137.5 149.95
3.5083 1955 4096.5 115.21 1927.2 4062.1 116.01 1853.2 4145.4 150.87
3.5167 1954.4 4104.1 116.11 1925.7 4071 117.28 1850.7 4153.1 151.81
3.525 1953.7 4111.5 116.98 1924 4079.7 118.55 1848 4160.7 152.77
3.5333 1952.7 4118.9 117.82 1922.2 4088.3 119.84 1845 4168.1 153.75
3.5417 1951.3 4126 118.62 1920.4 4096.6 121.12 1841.7 4175.5 154.76
3.55 1949.6 4132.8 119.4 1918.4 4104.7 122.4 1838.1 4182.7 155.79
3.5583 1947.5 4139.4 120.18 1916.4 4112.6 123.67 1834.1 4189.7 156.84
3.5667 1945.2 4145.7 120.93 1914.2 4120.3 124.95 1829.9 4196.5 157.91
3.575 1942.8 4151.7 121.69 1911.9 4127.7 126.22 1825.3 4203.2 159
3.5833 1940.2 4157.6 122.45 1909.5 4134.9 127.5 1820.5 4209.6 160.1
3.5917 1937.5 4163.2 123.2 1907 4141.9 128.77 1815.4 4215.9 161.22
3.6 1934.7 4168.7 123.95 1904.3 4148.7 130.03 1810.2 4221.8 162.33
3.6083 1931.8 4174.1 124.71 1901.5 4155.4 131.29 1804.8 4227.5 163.44
3.6167 1928.9 4179.3 125.46 1898.5 4161.8 132.53 1799.2 4232.9 164.54
3.625 1925.8 4184.5 126.2 1895.5 4168.1 133.74 1793.6 4237.9 165.62
3.6333 1922.8 4189.6 126.93 1892.3 4174.3 134.94 1788 4242.7 166.66
3.6417 1919.6 4194.7 127.65 1889 4180.3 136.11 1782.3 4247.1 167.68
3.65 1916.5 4199.8 128.35 1885.5 4186.2 137.23 1776.7 4251.1 168.68
3.6583 1913.3 4205 129.04 1882 4192 138.31 1771.1 4254.9 169.64
3.6667 1910.1 4210.2 129.7 1878.4 4197.7 139.34 1765.6 4258.3 170.59
3.675 1906.8 4215.5 130.35 1874.7 4203.2 140.33 1760.1 4261.5 171.54
3.6833 1903.5 4220.9 130.97 1870.8 4208.6 141.27 1754.6 4264.4 172.5
3.6917 1900.1 4226.2 131.58 1866.9 4213.9 142.18 1749.1 4267 173.49
3.7 1896.7 4231.5 132.18 1862.8 4219 143.05 1743.7 4269.5 174.52
3.7083 1893.1 4236.9 132.78 1858.5 4224.1 143.89 1738.2 4271.9 175.6
3.7167 1889.5 4242.2 133.38 1854.1 4229 144.71 1732.7 4274.1 176.74
3.725 1885.8 4247.4 133.99 1849.5 4233.8 145.51 1727.2 4276.3 177.92
3.7333 1882.1 4252.6 134.63 1844.8 4238.5 146.29 1721.7 4278.3 179.13
3.7417 1878.2 4257.8 135.27 1839.9 4243 147.07 1716.2 4280.3 180.36
3.75 1874.2 4262.9 135.95 1834.9 4247.4 147.83 1710.6 4282.2 181.58
3.7583 1870 4268 136.66 1829.8 4251.7 148.6 1705.1 4284.1 182.76
3.7667 1865.7 4273 137.4 1824.5 4255.9 149.35 1699.6 4285.9 183.88
3.775 1861.1 4277.9 138.17 1819.1 4259.9 150.09 1694.1 4287.6 184.91
3.7833 1856.4 4282.8 138.98 1813.7 4263.7 150.82 1688.6 4289.2 185.83
3.7917 1851.4 4287.6 139.82 1808.1 4267.3 151.55 1683.1 4290.7 186.65
3.8 1846.3 4292.3 140.7 1802.5 4270.8 152.28 1677.6 4292.1 187.35
3.8083 1841 4296.9 141.61 1796.7 4274.1 153.01 1672.1 4293.3 187.96
3.8167 1835.4 4301.5 142.54 1791 4277.2 153.74 1666.5 4294.4 188.5
3.825 1829.7 4306.1 143.49 1785.1 4280.1 154.48 1660.8 4295.3 188.99
3.8333 1823.8 4310.7 144.44 1779.1 4282.8 155.23 1655.1 4296 189.46
3.8417 1817.7 4315.2 145.38 1773.1 4285.3 155.99 1649.3 4296.5 189.94
3.85 1811.4 4319.6 146.32 1767 4287.7 156.77 1643.3 4296.9 190.45
3.8583 1804.8 4324 147.24 1760.9 4289.9 157.57 1637.3 4297.1 191.01
3.8667 1798 4328.4 148.14 1754.6 4292 158.39 1631.1 4297.1 191.63
3.875 1791 4332.6 149.03 1748.4 4293.9 159.22 1624.8 4297 192.32
3.8833 1783.7 4336.7 149.92 1742 4295.7 160.07 1618.4 4296.8 193.06
3.8917 1776.2 4340.6 150.81 1735.7 4297.5 160.92 1611.9 4296.4 193.85
3.9 1768.6 4344.3 151.72 1729.3 4299.1 161.79 1605.5 4295.8 194.66
3.9083 1760.9 4347.8 152.64 1723 4300.7 162.67 1599 4295.1 195.5
3.9167 1753.2 4351 153.59 1716.6 4302.2 163.55 1592.6 4294.3 196.34
3.925 1745.5 4354 154.57 1710.2 4303.6 164.44 1586.2 4293.3 197.16
3.9333 1738 4356.7 155.58 1703.8 4305 165.34 1580 4292.2 197.97
3.9417 1730.6 4359.3 156.61 1697.4 4306.3 166.25 1573.8 4291 198.76
3.95 1723.6 4361.8 157.67 1691 4307.7 167.17 1567.7 4289.7 199.54
3.9583 1716.8 4364.1 158.76 1684.6 4308.9 168.1 1561.7 4288.2 200.32
3.9667 1710.3 4366.4 159.87 1678.2 4310.2 169.05 1555.8 4286.7 201.09
3.975 1704 4368.7 161.01 1671.9 4311.4 170.01 1549.9 4285 201.88
3.9833 1698 4371 162.19 1665.6 4312.7 170.99 1544.1 4283.2 202.68
3.9917 1692.1 4373.2 163.41 1659.3 4313.8 171.98 1538.2 4281.4 203.5
4 1686.2 4375.3 164.68 1653.2 4315 172.99 1532.3 4279.5 204.34
4.0083 1680.4 4377.4 166.01 1647.1 4316 174.02 1526.4 4277.5 205.19
4.0167 1674.5 4379.3 167.39 1641.2 4317 175.07 1520.4 4275.4 206.06
4.025 1668.5 4381 168.83 1635.5 4317.9 176.13 1514.4 4273.3 206.92
4.0333 1662.4 4382.5 170.33 1629.8 4318.7 177.22 1508.4 4271 207.78
4.0417 1656.2 4383.7 171.87 1624.3 4319.3 178.34 1502.4 4268.6 208.63
4.05 1650 4384.7 173.47 1619 4319.9 179.48 1496.4 4266.2 209.47
4.0583 1643.7 4385.5 175.12 1613.7 4320.3 180.65 1490.5 4263.6 210.3
4.0667 1637.4 4386.1 176.82 1608.4 4320.5 181.86 1484.7 4260.9 211.12
4.075 1631.2 4386.6 178.56 1603.2 4320.7 183.1 1479 4258 211.94
4.0833 1625 4386.9 180.35 1597.9 4320.7 184.38 1473.4 4255.1 212.77
4.0917 1618.9 4387.1 182.2 1592.6 4320.6 185.7 1468 4252.1 213.6
4.1 1612.9 4387.3 184.09 1587.2 4320.3 187.05 1462.7 4248.9 214.46
4.1083 1607 4387.3 186.02 1581.7 4320 188.43 1457.6 4245.7 215.33
4.1167 1601.2 4387.4 188.01 1576 4319.5 189.85 1452.7 4242.5 216.22
4.125 1595.5 4387.3 190.06 1570.2 4319 191.28 1447.9 4239.3 217.12
4.1333 1589.9 4387.1 192.16 1564.2 4318.3 192.74 1443.1 4236 218.02
4.1417 1584.3 4386.9 194.32 1558.1 4317.4 194.21 1438.4 4232.7 218.91
4.15 1578.8 4386.6 196.52 1552 4316.4 195.69 1433.8 4229.4 219.79
4.1583 1573.3 4386.2 198.77 1545.7 4315.3 197.19 1429.1 4226.1 220.63
4.1667 1567.8 4385.8 201.04 1539.4 4313.9 198.7 1424.4 4222.9 221.43
4.175 1562.3 4385.3 203.33 1533 4312.3 200.21 1419.7 4219.6 222.19
4.1833 1556.8 4384.9 205.61 1526.6 4310.5 201.73 1414.8 4216.3 222.88
4.1917 1551.3 4384.4 207.85 1520.2 4308.5 203.26 1409.9 4213 223.52
4.2 1545.7 4384 210.04 1513.8 4306.2 204.79 1404.9 4209.7 224.1
4.2083 1540.2 4383.7 212.15 1507.4 4303.7 206.31 1399.8 4206.3 224.63
4.2167 1534.6 4383.5 214.15 1500.9 4301 207.83 1394.7 4202.8 225.09
4.225 1529 4383.4 216.05 1494.4 4298 209.34 1389.4 4199.4 225.51
4.2333 1523.4 4383.3 217.82 1487.9 4294.8 210.82 1384.1 4195.8 225.89
4.2417 1517.7 4383.3 219.47 1481.4 4291.5 212.28 1378.7 4192.3 226.22
4.25 1511.9 4383.4 221 1474.7 4287.9 213.71 1373.2 4188.6 226.52
4.2583 1506 4383.4 222.43 1468.1 4284.2 215.1 1367.7 4184.9 226.79
4.2667 1500 4383.4 223.76 1461.3 4280.3 216.46 1362.3 4181.2 227.02
4.275 1494 4383.2 225.01 1454.6 4276.2 217.78 1356.8 4177.5 227.24
4.2833 1487.8 4382.9 226.19 1447.8 4272.1 219.07 1351.3 4173.7 227.44
4.2917 1481.5 4382.4 227.31 1441 4267.8 220.32 1345.8 4169.9 227.61
4.3 1475.2 4381.6 228.38 1434.1 4263.4 221.53 1340.4 4166.1 227.78
4.3083 1468.8 4380.6 229.41 1427.3 4258.8 222.72 1335 4162.3 227.94
4.3167 1462.4 4379.3 230.4 1420.5 4254.2 223.87 1329.6 4158.4 228.1
4.325 1456 4377.8 231.35 1413.7 4249.4 224.98 1323.3 4154.7 227.57
4.3333 1449.5 4376.1 232.27 1406.9 4244.5 226.07 1317.9 4150.8 227.75
4.3417 1443 4374.1 233.16 1400 4239.5 227.11 1312.6 4146.8 227.93
4.35 1436.5 4371.9 234.01 1393 4234.3 228.11 1307.2 4142.8 228.11
4.3583 1429.9 4369.5 234.84 1386.1 4229.1 229.08 1301.7 4138.7 228.29
4.3667 1423.2 4367 235.64 1379.2 4223.8 229.99 1296.2 4134.5 228.46
4.375 1416.4 4364.2 236.42 1372.2 4218.4 230.83 1290.5 4130.3 228.63
4.3833 1409.6 4361.2 237.18 1365.2 4213 231.62 1284.8 4126 228.79
4.3917 1402.6 4357.9 237.91 1358.1 4207.6 232.35 1279 4121.7 228.94
4.4 1395.5 4354.4 238.63 1351 4202.2 233.02 1273 4117.2 229.1
4.4083 1388.3 4350.6 239.34 1343.9 4196.8 233.63 1266.9 4112.7 229.25
4.4167 1381.1 4346.4 240.02 1336.8 4191.5 234.2 1260.7 4108 229.4
4.425 1373.7 4341.9 240.68 1329.6 4186.2 234.72 1254.4 4103.3 229.57
4.4333 1366.4 4337 241.31 1322.3 4180.9 235.2 1247.9 4098.5 229.75
4.4417 1359 4331.7 241.91 1314.9 4175.7 235.63 1241.3 4093.6 229.95
4.45 1351.6 4326 242.48 1307.4 4170.4 236.04 1234.6 4088.6 230.16
4.4583 1344.2 4319.9 243 1299.7 4165.1 236.4 1227.8 4083.6 230.4
4.4667 1336.7 4313.4 243.49 1291.9 4159.7 236.74 1220.8 4078.4 230.65
4.475 1329.3 4306.6 243.94 1283.9 4154.2 237.03 1213.7 4073.2 230.91
4.4833 1321.8 4299.5 244.36 1275.8 4148.6 237.29 1206.4 4068 231.17
4.4917 1314.3 4292 244.73 1267.4 4142.8 237.51 1199.1 4062.6 231.43
4.5 1306.8 4284.4 245.06 1259 4136.8 237.68 1191.6 4057.2 231.68
4.5083 1299.3 4276.5 245.35 1250.4 4130.7 237.82 1184.1 4051.8 231.9
4.5167 1291.7 4268.4 245.59 1241.7 4124.4 237.91 1176.5 4046.2 232.1
4.525 1284.2 4260.2 245.79 1233.1 4117.9 237.98 1168.9 4040.7 232.27
4.5333 1276.6 4252 245.93 1224.4 4111.3 238.02 1161.3 4035.1 232.42
4.5417 1269.1 4243.7 246.02 1215.9 4104.7 238.04 1153.8 4029.5 232.54
4.55 1261.6 4235.4 246.06 1207.6 4098 238.07 1146.3 4023.8 232.65
4.5583 1254.2 4227.2 246.07 1199.4 4091.3 238.11 1139 4018.1 232.74
4.5667 1246.8 4219.1 246.04 1191.4 4084.6 238.17 1131.8 4012.4 232.83
4.575 1239.5 4211.2 246.01 1183.7 4078 238.27 1124.8 4006.8 232.91
4.5833 1232.1 4203.5 245.97 1176.3 4071.5 238.41 1118 4001.1 233
4.5917 1224.8 4196.1 245.92 1169.1 4065 238.59 1111.4 3995.4 233.08
4.6 1217.4 4188.8 245.87 1162.1 4058.5 238.82 1105 3989.8 233.16
4.6083 1209.9 4181.8 245.79 1155.4 4052.2 239.08 1098.7 3984.2 233.23
4.6167 1202.5 4174.8 245.69 1148.9 4045.8 239.38 1092.6 3978.6 233.28
4.625 1195.2 4168 245.59 1142.5 4039.5 239.71 1086.6 3973.1 233.32
4.6333 1187.9 4161.1 245.48 1136.3 4033.2 240.05 1080.8 3967.5 233.34
4.6417 1180.6 4154.4 245.38 1130.2 4026.8 240.39 1075 3961.9 233.33
4.65 1173.4 4147.6 245.28 1124.2 4020.4 240.74 1069.3 3956.3 233.31
4.6583 1166 4140.7 245.19 1118.3 4014 241.08 1063.6 3950.6 233.27
4.6667 1158.7 4133.8 245.11 1112.6 4007.5 241.41 1058 3944.8 233.23
4.675 1151.3 4126.7 245.04 1106.9 4000.9 241.74 1052.4 3938.9 233.19
4.6833 1144 4119.6 244.97 1101.4 3994.4 242.06 1046.8 3932.8 233.17
4.6917 1136.7 4112.4 244.91 1096 3987.8 242.39 1041.3 3926.6 233.18
4.7 1129.5 4105.2 244.85 1090.6 3981.1 242.73 1035.9 3920.2 233.23
4.7083 1122.4 4097.9 244.78 1085.3 3974.5 243.08 1030.5 3913.6 233.31
4.7167 1115.3 4090.6 244.71 1080 3967.8 243.46 1025.1 3906.8 233.44
4.725 1108.5 4083.2 244.62 1074.8 3961.1 243.86 1019.9 3899.8 233.6
4.7333 1101.7 4075.9 244.51 1069.6 3954.4 244.3 1014.7 3892.7 233.8
4.7417 1095.1 4068.6 244.38 1064.3 3947.6 244.75 1009.7 3885.4 234.01
4.75 1088.7 4061.2 244.24 1059 3940.8 245.23 1004.6 3878.1 234.22
4.7583 1082.3 4053.8 244.09 1053.7 3933.8 245.72 999.69 3870.7 234.42
4.7667 1076.1 4046.3 243.93 1048.3 3926.8 246.22 994.8 3863.2 234.61
4.775 1069.9 4038.8 243.77 1042.9 3919.7 246.7 989.95 3855.7 234.78
4.7833 1063.7 4031.1 243.62 1037.4 3912.5 247.17 985.14 3848.2 234.92
4.7917 1057.6 4023.3 243.46 1031.9 3905.2 247.61 980.36 3840.8 235.04
4.8 1051.4 4015.4 243.31 1026.4 3897.8 248.01 975.6 3833.4 235.14
4.8083 1045.3 4007.3 243.16 1021 3890.3 248.37 970.88 3826 235.24
4.8167 1039.1 3999.2 243.01 1015.5 3882.8 248.68 966.17 3818.6 235.35
4.825 1032.8 3991 242.85 1010.1 3875.3 248.95 961.49 3811.3 235.46
4.8333 1026.6 3982.8 242.67 1004.7 3867.7 249.18 956.84 3804 235.6
4.8417 1020.4 3974.6 242.47 999.38 3860.2 249.36 952.21 3796.7 235.77
4.85 1014.1 3966.3 242.24 994.08 3852.5 249.51 947.61 3789.3 235.96
4.8583 1007.9 3958 241.99 988.79 3844.9 249.63 943.03 3781.9 236.17
4.8667 1001.8 3949.6 241.71 983.51 3837.3 249.73 938.47 3774.5 236.4
4.875 995.63 3941.3 241.4 978.23 3829.6 249.81 933.91 3767 236.64
4.8833 989.54 3932.8 241.09 972.91 3821.9 249.87 929.35 3759.5 236.86
4.8917 983.5 3924.3 240.77 967.57 3814.1 249.91 924.77 3752 237.07
