0.0083333 -17.829 0.90079 96.493 -40.474 113.97 86.063 -5.9358 299.09 81.954
0.016667 -17.117 7.357 96.563 -39.627 121.85 86.164 -4.4934 306.86 81.863
0.025 -16.401 13.995 96.653 -38.725 129.91 86.267 -3.0063 314.71 81.778
0.033333 -15.682 20.829 96.765 -37.766 138.14 86.362 -1.4704 322.61 81.696
0.041667 -14.958 27.874 96.9 -36.739 146.55 86.446 0.11906 330.57 81.613
0.05 -14.228 35.138 97.055 -35.643 155.14 86.514 1.7657 338.58 81.527
0.058333 -13.49 42.632 97.229 -34.473 163.92 86.563 3.4731 346.64 81.433
0.066667 -12.742 50.36 97.415 -33.227 172.88 86.59 5.2428 354.76 81.331
0.075 -11.986 58.329 97.606 -31.904 182.04 86.59 7.0759 362.94 81.22
0.083333 -11.223 66.545 97.793 -30.505 191.41 86.564 8.9723 371.2 81.099
0.091667 -10.458 75.012 97.966 -29.029 200.97 86.51 10.93 379.58 80.971
0.1 -9.6941 83.734 98.118 -27.482 210.76 86.427 12.946 388.09 80.839
0.10833 -8.9396 92.717 98.241 -25.865 220.76 86.314 15.017 396.77 80.708
0.11667 -8.1965 101.97 98.326 -24.179 230.98 86.175 17.139 405.63 80.582
0.125 -7.4709 111.49 98.37 -22.429 241.42 86.009 19.306 414.69 80.466
0.13333 -6.7627 121.28 98.372 -20.619 252.07 85.817 21.512 423.95 80.364
0.14167 -6.069 131.33 98.331 -18.752 262.92 85.602 23.753 433.4 80.279
0.15 -5.3838 141.63 98.25 -16.836 273.94 85.365 26.022 443.03 80.213
0.15833 -4.6939 152.18 98.133 -14.876 285.08 85.114 28.312 452.79 80.165
0.16667 -3.9842 162.95 97.982 -12.881 296.33 84.855 30.617 462.63 80.132
0.175 -3.2414 173.89 97.804 -10.87 307.64 84.586 32.929 472.5 80.113
0.18333 -2.4423 184.99 97.601 -8.8518 318.96 84.322 35.239 482.35 80.101
0.19167 -1.5688 196.21 97.38 -6.8478 330.25 84.067 37.535 492.11 80.092
0.2 -0.60123 207.49 97.142 -4.8773 341.45 83.83 39.807 501.73 80.081
0.20833 0.46721 218.79 96.892 -2.9642 352.56 83.617 42.04 511.18 80.061
0.21667 1.6495 230.07 96.629 -1.1289 363.51 83.437 44.217 520.41 80.031
0.225 2.94 241.3 96.354 0.60669 374.29 83.296 46.322 529.42 79.986
0.23333 4.324 252.44 96.065 2.224 384.89 83.199 48.334 538.19 79.927
0.24167 5.7767 263.47 95.761 3.7071 395.3 83.148 50.233 546.75 79.854
0.25 7.2653 274.37 95.438 5.0456 405.52 83.142 51.998 555.11 79.77
0.25833 8.7559 285.15 95.092 6.2337 415.55 83.182 53.611 563.3 79.68
0.26667 10.22 295.8 94.719 7.2711 425.42 83.261 55.051 571.36 79.588
0.275 11.64 306.36 94.317 8.1628 435.13 83.376 56.304 579.32 79.5
0.28333 13.005 316.85 93.885 8.9175 444.7 83.521 57.356 587.21 79.422
0.29167 14.316 327.28 93.426 9.5486 454.15 83.689 58.197 595.08 79.361
0.3 15.581 337.69 92.947 10.07 463.49 83.874 58.822 602.94 79.32
0.30833 16.805 348.08 92.463 10.501 472.74 84.075 59.23 610.83 79.303
0.31667 18.009 358.47 91.982 10.853 481.9 84.284 59.424 618.75 79.314
0.325 19.206 368.85 91.52 11.144 490.99 84.503 59.411 626.73 79.354
0.33333 20.407 379.23 91.088 11.386 500.02 84.732 59.199 634.78 79.422
0.34167 21.621 389.6 90.697 11.589 509 84.973 58.801 642.89 79.519
0.35 22.848 399.96 90.352 11.761 517.94 85.229 58.23 651.07 79.643
0.35833 24.077 410.32 90.057 11.904 526.84 85.505 57.5 659.32 79.79
0.36667 25.294 420.67 89.809 12.022 535.73 85.805 56.623 667.64 79.959
0.375 26.477 431.02 89.604 12.114 544.62 86.13 55.613 676.02 80.146
0.38333 27.605 441.36 89.434 12.178 553.51 86.484 54.48 684.44 80.35
0.39167 28.657 451.7 89.288 12.212 562.43 86.865 53.233 692.9 80.569
0.4 29.618 462.05 89.157 12.215 571.38 87.272 51.881 701.37 80.8
0.40833 30.477 472.42 89.031 12.187 580.37 87.7 50.43 709.84 81.043
0.41667 31.235 482.81 88.901 12.128 589.41 88.144 48.885 718.28 81.297
0.425 31.897 493.22 88.762 12.039 598.5 88.598 47.253 726.66 81.563
0.43333 32.478 503.65 88.611 11.925 607.65 89.055 45.539 734.98 81.842
0.44167 32.997 514.11 88.446 11.789 616.86 89.509 43.749 743.21 82.133
0.45 33.474 524.58 88.27 11.636 626.12 89.953 41.892 751.34 82.439
0.45833 33.932 535.06 88.086 11.471 635.43 90.384 39.977 759.37 82.76
0.46667 34.386 545.56 87.896 11.299 644.8 90.799 38.016 767.31 83.095
0.475 34.849 556.05 87.707 11.123 654.21 91.195 36.021 775.16 83.445
0.48333 35.326 566.54 87.525 10.943 663.67 91.572 34.009 782.94 83.809
0.49167 35.811 577.04 87.354 10.76 673.19 91.931 31.993 790.68 84.184
0.5 36.298 587.54 87.201 10.572 682.75 92.273 29.991 798.41 84.566
0.50833 36.765 598.06 87.072 10.376 692.38 92.599 28.017 806.14 84.953
0.51667 37.199 608.61 86.974 10.167 702.06 92.912 26.087 813.91 85.338
0.525 37.57 619.21 86.912 9.9405 711.81 93.21 24.211 821.74 85.719
0.53333 37.862 629.87 86.888 9.6911 721.64 93.495 22.398 829.64 86.088
0.54167 38.059 640.61 86.907 9.4153 731.54 93.768 20.655 837.62 86.443
0.55 38.148 651.46 86.969 9.11 741.54 94.027 18.985 845.68 86.781
0.55833 38.122 662.43 87.07 8.7735 751.64 94.274 17.385 853.82 87.099
0.56667 37.989 673.55 87.206 8.4053 761.83 94.507 15.852 862.04 87.396
0.575 37.762 684.83 87.369 8.0053 772.15 94.728 14.377 870.32 87.674
0.58333 37.46 696.27 87.551 7.5734 782.59 94.94 12.95 878.66 87.935
0.59167 37.114 707.88 87.741 7.1094 793.16 95.147 11.561 887.05 88.183
0.6 36.741 719.65 87.93 6.607 803.87 95.353 10.198 895.5 88.42
0.60833 36.363 731.56 88.11 6.0512 814.75 95.569 8.8487 904.01 88.65
0.61667 35.993 743.61 88.27 5.4354 825.79 95.793 7.503 912.59 88.877
0.625 35.635 755.79 88.404 4.7532 836.97 96.025 6.1524 921.26 89.101
0.63333 35.289 768.11 88.503 4.0028 848.3 96.265 4.7901 930.05 89.323
0.64167 34.946 780.57 88.561 3.1784 859.76 96.513 3.4117 938.98 89.54
0.65 34.598 793.21 88.573 2.2776 871.38 96.772 2.0149 948.07 89.751
0.65833 34.226 806.04 88.539 1.2923 883.14 97.039 0.59811 957.34 89.95
0.66667 33.816 819.11 88.46 0.22006 895.04 97.311 -0.83915 966.81 90.132
0.675 33.353 832.45 88.343 -0.93932 907.08 97.586 -2.2969 976.49 90.295
0.68333 32.825 846.07 88.197 -2.182 919.26 97.858 -3.7753 986.38 90.435
0.69167 32.226 859.98 88.037 -3.5007 931.57 98.122 -5.2754 996.47 90.55
0.7 31.552 874.16 87.88 -4.8834 944.01 98.373 -6.7981 1006.8 90.643
0.70833 30.804 888.59 87.745 -6.3139 956.56 98.606 -8.3452 1017.2 90.717
0.71667 29.982 903.22 87.65 -7.7725 969.23 98.815 -9.9177 1027.8 90.778
0.725 29.088 917.99 87.616 -9.2382 981.99 98.995 -11.515 1038.5 90.835
0.73333 28.118 932.8 87.648 -10.684 994.84 99.145 -13.136 1049.2 90.895
0.74167 27.074 947.6 87.76 -12.087 1007.7 99.257 -14.774 1060 90.969
0.75 25.959 962.32 87.95 -13.424 1020.7 99.332 -16.421 1070.9 91.063
0.75833 24.777 976.87 88.213 -14.672 1033.7 99.365 -18.064 1081.7 91.183
0.76667 23.536 991.22 88.536 -15.812 1046.6 99.355 -19.684 1092.6 91.332
0.775 22.254 1005.3 88.904 -16.831 1059.5 99.301 -21.26 1103.4 91.509
0.78333 20.945 1019.1 89.296 -17.716 1072.4 99.203 -22.767 1114.3 91.709
0.79167 19.63 1032.6 89.689 -18.463 1085.1 99.061 -24.181 1125.1 91.925
0.8 18.325 1045.8 90.068 -19.07 1097.8 98.876 -25.474 1135.9 92.149
0.80833 17.043 1058.7 90.42 -19.542 1110.3 98.648 -26.623 1146.8 92.37
0.81667 15.792 1071.4 90.741 -19.888 1122.7 98.381 -27.606 1157.7 92.576
0.825 14.579 1083.9 91.031 -20.118 1134.9 98.076 -28.408 1168.6 92.759
0.83333 13.409 1096.2 91.291 -20.246 1147 97.738 -29.018 1179.5 92.912
0.84167 12.29 1108.5 91.524 -20.288 1158.9 97.368 -29.431 1190.5 93.027
0.85 11.231 1120.7 91.733 -20.26 1170.6 96.971 -29.649 1201.6 93.104
0.85833 10.241 1132.8 91.921 -20.174 1182.3 96.55 -29.679 1212.7 93.142
0.86667 9.3317 1144.8 92.094 -20.046 1193.9 96.109 -29.531 1223.8 93.144
0.875 8.5182 1156.8 92.257 -19.885 1205.4 95.652 -29.221 1235 93.114
0.88333 7.8131 1168.7 92.415 -19.7 1216.8 95.182 -28.765 1246.3 93.058
0.89167 7.2237 1180.6 92.572 -19.495 1228.2 94.701 -28.179 1257.5 92.982
0.9 6.7615 1192.4 92.734 -19.273 1239.6 94.213 -27.48 1268.8 92.892
0.90833 6.4261 1204.1 92.905 -19.035 1251 93.721 -26.682 1280.1 92.792
0.91667 6.2131 1215.8 93.087 -18.777 1262.5 93.226 -25.796 1291.4 92.687
0.925 6.107 1227.4 93.284 -18.497 1273.9 92.731 -24.833 1302.7 92.577
0.93333 6.0899 1239 93.5 -18.19 1285.4 92.237 -23.801 1314 92.464
0.94167 6.1389 1250.5 93.736 -17.854 1296.9 91.747 -22.705 1325.2 92.347
0.95 6.2275 1262.1 93.993 -17.485 1308.5 91.264 -21.551 1336.4 92.225
0.95833 6.3312 1273.7 94.273 -17.084 1320 90.79 -20.343 1347.6 92.094
0.96667 6.4292 1285.2 94.574 -16.652 1331.6 90.328 -19.086 1358.8 91.954
0.975 6.507 1296.8 94.892 -16.191 1343.2 89.882 -17.783 1369.9 91.801
0.98333 6.5585 1308.3 95.224 -15.707 1354.9 89.454 -16.441 1380.9 91.634
0.99167 6.5858 1319.9 95.567 -15.204 1366.6 89.049 -15.065 1391.9 91.452
1 6.6002 1331.4 95.913 -14.687 1378.3 88.669 -13.659 1402.9 91.254
1.0083 6.6187 1342.9 96.257 -14.163 1390 88.316 -12.23 1413.9 91.04
1.0167 6.6661 1354.4 96.593 -13.634 1401.8 87.993 -10.782 1424.9 90.811
1.025 6.7631 1366 96.917 -13.103 1413.7 87.701 -9.3193 1435.8 90.569
1.0333 6.9315 1377.5 97.223 -12.569 1425.6 87.442 -7.8436 1446.8 90.315
1.0417 7.1871 1389.1 97.508 -12.033 1437.6 87.217 -6.3572 1457.7 90.053
1.05 7.543 1400.8 97.767 -11.489 1449.7 87.025 -4.8601 1468.7 89.785
1.0583 8.0034 1412.6 97.999 -10.932 1461.9 86.867 -3.3518 1479.6 89.516
1.0667 8.5677 1424.6 98.199 -10.357 1474.1 86.741 -1.8313 1490.6 89.249
1.075 9.2303 1436.6 98.368 -9.7554 1486.4 86.647 -0.29675 1501.6 88.99
1.0833 9.9828 1448.8 98.504 -9.1188 1498.8 86.584 1.2543 1512.6 88.741
1.0917 10.813 1461.1 98.606 -8.4402 1511.2 86.549 2.8245 1523.6 88.507
1.1 11.712 1473.6 98.686 -7.7117 1523.6 86.542 4.4154 1534.6 88.288
1.1083 12.661 1486.3 98.742 -6.9281 1536.1 86.555 6.0315 1545.7 88.086
1.1167 13.645 1499.1 98.788 -6.0829 1548.6 86.59 7.6743 1556.8 87.901
1.125 14.634 1512 98.827 -5.1722 1561.2 86.638 9.3482 1568 87.732
1.1333 15.602 1525 98.866 -4.193 1573.8 86.694 11.056 1579.3 87.576
1.1417 16.527 1538.1 98.91 -3.1414 1586.5 86.753 12.803 1590.6 87.43
1.15 17.4 1551.3 98.962 -2.0146 1599.2 86.809 14.59 1602 87.291
1.1583 18.222 1564.6 99.024 -0.81041 1612 86.855 16.421 1613.5 87.155
1.1667 19.01 1577.8 99.097 0.47272 1624.9 86.883 18.297 1625.2 87.02
1.175 19.782 1591.2 99.184 1.8397 1637.9 86.892 20.218 1636.9 86.884
1.1833 20.561 1604.7 99.286 3.2904 1651 86.873 22.184 1648.7 86.748
1.1917 21.364 1618.3 99.403 4.8281 1664.2 86.826 24.189 1660.6 86.611
1.2 22.202 1632.2 99.532 6.4525 1677.5 86.748 26.229 1672.6 86.478
1.2083 23.081 1646.3 99.671 8.1633 1690.9 86.64 28.297 1684.6 86.353
1.2167 24.001 1660.7 99.809 9.9568 1704.4 86.504 30.384 1696.7 86.238
1.225 24.957 1675.4 99.933 11.828 1718 86.346 32.482 1708.9 86.138
1.2333 25.942 1690.3 100.03 13.763 1731.6 86.168 34.581 1721.2 86.056
1.2417 26.942 1705.5 100.08 15.751 1745.2 85.982 36.674 1733.5 85.994
1.25 27.952 1720.8 100.06 17.771 1758.8 85.791 38.754 1745.8 85.951
1.2583 28.962 1736.3 99.958 19.802 1772.5 85.607 40.816 1758.2 85.925
1.2667 29.973 1751.7 99.769 21.819 1786 85.438 42.856 1770.6 85.912
1.275 30.996 1767 99.49 23.796 1799.6 85.291 44.872 1783 85.907
1.2833 32.05 1782.1 99.126 25.706 1813 85.174 46.861 1795.5 85.901
1.2917 33.16 1796.9 98.689 27.51 1826.3 85.08 48.576 1808.3 86.522
1.3 34.35 1811.5 98.197 29.217 1839.7 85.037 50.502 1820.8 86.5
1.3083 35.634 1825.7 97.669 30.795 1852.9 85.035 52.391 1833.3 86.461
1.3167 37.012 1839.6 97.129 32.232 1866.1 85.076 54.238 1845.8 86.402
1.325 38.476 1853.2 96.597 33.525 1879.1 85.159 56.032 1858.4 86.322
1.3333 40.009 1866.6 96.093 34.673 1892.1 85.283 57.762 1870.9 86.223
1.3417 41.6 1879.6 95.629 35.686 1904.9 85.442 59.414 1883.4 86.108
1.35 43.241 1892.5 95.209 36.575 1917.6 85.633 60.971 1895.9 85.983
1.3583 44.923 1905.2 94.834 37.357 1930.2 85.85 62.416 1908.3 85.854
1.3667 46.635 1917.9 94.499 38.051 1942.6 86.087 63.733 1920.7 85.728
1.375 48.359 1930.5 94.199 38.675 1954.9 86.337 64.907 1933.1 85.613
1.3833 50.076 1943 93.924 39.258 1967.2 86.603 66.219 1945.2 84.835
1.3917 51.766 1955.5 93.665 39.794 1979.3 86.863 67.081 1957.5 84.751
1.4 53.408 1968 93.41 40.305 1991.2 87.121 67.781 1969.9 84.691
1.4083 54.988 1980.4 93.152 40.799 2003.1 87.373 68.32 1982.2 84.657
1.4167 56.485 1992.7 92.884 41.279 2014.8 87.618 68.706 1994.6 84.648
1.425 57.89 2005 92.601 41.743 2026.6 87.856 68.947 2007 84.667
1.4333 59.19 2017.2 92.303 42.19 2038.3 88.084 69.059 2019.4 84.711
1.4417 60.377 2029.2 91.994 42.613 2050 88.305 69.054 2031.9 84.781
1.45 61.451 2041.2 91.677 43.007 2061.7 88.519 68.949 2044.4 84.877
1.4583 62.415 2053.1 91.362 43.368 2073.5 88.728 68.757 2056.9 84.998
1.4667 63.273 2064.9 91.051 43.692 2085.3 88.932 68.493 2069.5 85.144
1.475 64.044 2076.7 90.751 43.978 2097.2 89.132 68.166 2082.1 85.314
1.4833 64.742 2088.4 90.466 44.228 2109.1 89.328 67.789 2094.7 85.508
1.4917 65.386 2100.1 90.195 44.446 2121.1 89.518 67.367 2107.4 85.724
1.5 65.994 2111.7 89.935 44.635 2133.2 89.701 66.909 2120 85.96
1.5083 66.582 2123.4 89.678 44.801 2145.3 89.874 66.419 2132.6 86.213
1.5167 67.163 2135 89.417 44.95 2157.5 90.035 65.903 2145.2 86.478
1.525 67.744 2146.7 89.143 45.086 2169.7 90.183 65.368 2157.7 86.75
1.5333 68.328 2158.3 88.847 45.212 2182.1 90.313 64.818 2170.3 87.024
1.5417 68.912 2169.9 88.525 45.33 2194.4 90.425 64.26 2182.9 87.295
1.55 69.488 2181.6 88.176 45.439 2206.9 90.518 63.7 2195.4 87.558
1.5583 70.047 2193.3 87.803 45.538 2219.4 90.593 63.145 2208 87.807
1.5667 70.577 2204.9 87.417 45.624 2231.9 90.649 62.602 2220.6 88.04
1.575 71.064 2216.7 87.03 45.694 2244.6 90.689 62.075 2233.2 88.254
1.5833 71.494 2228.4 86.66 45.744 2257.2 90.713 61.569 2245.9 88.449
1.5917 71.857 2240.2 86.324 45.771 2270 90.726 61.084 2258.6 88.624
1.6 72.145 2252.1 86.038 45.772 2282.8 90.728 60.621 2271.3 88.782
1.6083 72.356 2264 85.812 45.748 2295.6 90.724 60.176 2284.1 88.924
1.6167 72.489 2276.1 85.652 45.697 2308.5 90.715 59.745 2296.9 89.053
1.625 72.545 2288.3 85.553 45.619 2321.5 90.704 59.318 2309.8 89.172
1.6333 72.539 2300.7 85.506 45.516 2334.5 90.695 58.888 2322.7 89.286
1.6417 72.483 2313.3 85.497 45.388 2347.6 90.69 58.443 2335.7 89.396
1.65 72.404 2326.1 85.511 45.232 2360.8 90.692 57.974 2348.8 89.507
1.6583 72.311 2339 85.536 45.049 2374 90.704 57.471 2361.8 89.62
1.6667 72.211 2352.2 85.563 44.833 2387.2 90.731 56.926 2375 89.737
1.675 72.1 2365.4 85.584 44.58 2400.5 90.775 56.334 2388.2 89.859
1.6833 71.967 2378.8 85.594 44.285 2413.9 90.838 55.69 2401.4 89.988
1.6917 71.804 2392.4 85.588 43.941 2427.3 90.923 54.995 2414.7 90.123
1.7 71.597 2406 85.564 43.541 2440.8 91.031 54.251 2428 90.262
1.7083 71.344 2419.8 85.518 43.08 2454.3 91.163 53.462 2441.4 90.403
1.7167 71.033 2433.8 85.45 42.554 2467.8 91.319 52.634 2454.8 90.543
1.725 70.669 2448 85.364 41.959 2481.4 91.495 51.774 2468.2 90.679
1.7333 70.252 2462.4 85.264 41.292 2495 91.688 50.89 2481.8 90.806
1.7417 69.788 2477.1 85.161 40.557 2508.6 91.894 49.988 2495.3 90.919
1.75 69.283 2492.1 85.063 39.76 2522.3 92.106 49.072 2508.9 91.015
1.7583 68.749 2507.4 84.987 38.907 2536 92.317 48.145 2522.5 91.091
1.7667 68.191 2522.9 84.948 38.01 2549.7 92.519 47.209 2536.2 91.143
1.775 67.611 2538.5 84.962 37.086 2563.5 92.706 46.262 2549.8 91.174
1.7833 67.013 2554.1 85.041 36.15 2577.4 92.869 45.301 2563.5 91.184
1.7917 66.394 2569.8 85.196 35.224 2591.2 93.004 44.323 2577.1 91.178
1.8 65.754 2585.3 85.429 34.327 2605.1 93.106 43.326 2590.8 91.162
1.8083 65.097 2600.7 85.737 33.479 2619 93.171 42.309 2604.4 91.145
1.8167 64.424 2615.8 86.112 32.701 2632.9 93.199 41.272 2618 91.133
1.825 63.743 2630.6 86.538 32.01 2646.8 93.191 40.222 2631.6 91.137
1.8333 63.059 2645.1 86.994 31.418 2660.7 93.147 39.168 2645.1 91.161
1.8417 62.378 2659.2 87.454 30.937 2674.5 93.072 38.124 2658.7 91.212
1.85 61.704 2673.1 87.896 30.572 2688.3 92.968 37.108 2672.2 91.292
1.8583 61.038 2686.5 88.302 30.322 2701.9 92.839 36.14 2685.8 91.399
1.8667 60.376 2699.8 88.663 30.184 2715.5 92.687 35.245 2699.3 91.53
1.875 59.714 2712.8 88.977 30.149 2728.9 92.516 34.444 2712.9 91.677
1.8833 59.051 2725.6 89.237 30.207 2742.2 92.326 33.761 2726.5 91.834
1.8917 58.394 2738.4 89.454 30.344 2755.4 92.12 33.215 2740.1 91.988
1.9 57.751 2751 89.632 30.545 2768.4 91.897 32.819 2753.8 92.13
1.9083 57.141 2763.5 89.779 30.798 2781.2 91.659 32.584 2767.5 92.252
1.9167 56.583 2775.9 89.909 31.091 2794 91.404 32.514 2781.3 92.347
1.925 56.099 2788.3 90.032 31.414 2806.6 91.135 32.606 2795.1 92.409
1.9333 55.711 2800.6 90.163 31.761 2819.1 90.85 32.854 2809 92.437
1.9417 55.442 2812.8 90.313 32.128 2831.5 90.554 33.247 2822.8 92.433
1.95 55.3 2824.9 90.492 32.514 2843.9 90.246 33.772 2836.7 92.399
1.9583 55.296 2837 90.707 32.92 2856.2 89.932 34.414 2850.6 92.34
1.9667 55.421 2849 90.963 33.349 2868.4 89.613 35.16 2864.6 92.261
1.975 55.661 2861 91.261 33.804 2880.7 89.295 36.001 2878.5 92.166
1.9833 55.996 2873 91.598 34.29 2892.9 88.981 36.927 2892.4 92.059
1.9917 56.394 2884.9 91.971 34.81 2905.1 88.675 37.935 2906.3 91.94
2 56.824 2896.8 92.372 35.365 2917.4 88.381 39.022 2920.1 91.81
2.0083 57.255 2908.7 92.796 35.956 2929.7 88.101 40.189 2934 91.667
2.0167 57.661 2920.5 93.233 36.58 2942 87.838 41.44 2947.7 91.508
2.025 58.022 2932.4 93.677 37.232 2954.4 87.593 42.777 2961.5 91.33
2.0333 58.331 2944.2 94.122 37.906 2966.8 87.366 44.2 2975.2 91.129
2.0417 58.587 2956 94.564 38.594 2979.3 87.16 45.71 2988.8 90.904
2.05 58.804 2967.7 94.998 39.29 2991.8 86.973 47.302 3002.4 90.655
2.0583 59.001 2979.5 95.424 39.986 3004.5 86.806 48.969 3016 90.382
2.0667 59.205 2991.2 95.842 40.679 3017.2 86.66 50.701 3029.5 90.092
2.075 59.451 3002.9 96.25 41.367 3030 86.535 52.485 3043 89.788
2.0833 59.766 3014.7 96.648 42.049 3042.9 86.431 54.307 3056.4 89.479
2.0917 60.181 3026.5 97.033 42.728 3055.9 86.349 56.153 3069.8 89.172
2.1 60.718 3038.5 97.399 43.41 3068.9 86.289 58.009 3083.2 88.875
2.1083 61.393 3050.5 97.74 44.102 3081.9 86.25 59.867 3096.6 88.594
2.1167 62.211 3062.6 98.048 44.813 3095 86.232 61.719 3110 88.333
2.125 63.17 3074.9 98.316 45.551 3108.1 86.231 63.564 3123.4 88.096
2.1333 64.266 3087.4 98.536 46.326 3121.3 86.246 65.404 3136.8 87.881
2.1417 65.489 3100 98.708 47.146 3134.5 86.274 67.248 3150.3 87.687
2.15 66.821 3112.9 98.832 48.018 3147.7 86.311 69.105 3163.7 87.508
2.1583 68.242 3125.9 98.915 48.947 3160.9 86.352 70.987 3177.2 87.339
2.1667 69.715 3139.1 98.964 49.934 3174.2 86.392 72.909 3190.8 87.174
2.175 71.203 3152.6 98.997 50.986 3187.5 86.432 74.879 3204.3 87.007
2.1833 72.66 3166.1 99.016 52.1 3200.9 86.463 76.909 3218 86.833
2.1917 74.056 3179.8 99.032 53.276 3214.4 86.482 79.004 3231.6 86.65
2.2 75.379 3193.5 99.051 54.517 3228 86.489 81.163 3245.3 86.456
2.2083 76.635 3207.3 99.078 55.823 3241.6 86.478 83.384 3259.1 86.254
2.2167 77.84 3221.2 99.118 57.197 3255.4 86.451 85.658 3272.9 86.05
2.225 79.014 3235.1 99.175 58.644 3269.3 86.404 87.973 3286.8 85.848
2.2333 80.174 3249.1 99.251 60.168 3283.3 86.34 90.317 3300.7 85.658
2.2417 81.329 3263.3 99.347 61.778 3297.3 86.257 92.672 3314.7 85.488
2.25 82.482 3277.6 99.457 63.478 3311.5 86.158 95.026 3328.7 85.347
2.2583 83.629 3292.1 99.574 65.272 3325.7 86.043 97.366 3342.8 85.242
2.2667 84.759 3306.8 99.683 67.162 3340 85.92 99.682 3356.9 85.179
2.275 85.868 3321.8 99.771 69.141 3354.3 85.786 101.97 3371 85.16
2.2833 86.942 3336.9 99.814 71.202 3368.7 85.651 104.22 3385.2 85.185
2.2917 87.984 3352.2 99.794 73.325 3383.1 85.515 106.44 3399.3 85.252
2.3 88.997 3367.5 99.695 75.486 3397.5 85.383 108.62 3413.5 85.355
2.3083 89.987 3382.8 99.505 77.655 3411.8 85.261 110.77 3427.7 85.486
2.3167 90.976 3398 99.221 79.8 3426.2 85.152 112.89 3441.8 85.635
2.325 91.995 3413.1 98.848 81.884 3440.5 85.061 114.98 3456 85.79
2.3333 93.08 3427.9 98.397 83.873 3454.8 84.991 117.04 3470.2 85.943
2.3417 94.263 3442.5 97.886 85.733 3469 84.945 119.05 3484.3 86.083
2.35 95.567 3456.8 97.335 87.441 3483.1 84.924 121 3498.4 86.202
2.3583 96.998 3470.8 96.764 88.978 3497 84.931 122.88 3512.5 86.296
2.3667 98.546 3484.5 96.197 90.338 3510.8 84.967 124.67 3526.6 86.363
2.375 100.19 3498 95.652 91.522 3524.5 85.031 126.34 3540.7 86.405
2.3833 101.92 3511.2 95.144 92.541 3538 85.121 127.87 3554.8 86.428
2.3917 103.71 3524.2 94.68 93.416 3551.2 85.238 129.24 3568.9 86.439
2.4 105.55 3537.1 94.264 94.17 3564.3 85.377 130.43 3582.9 86.449
2.4083 107.41 3549.8 93.895 94.828 3577.1 85.535 131.43 3596.9 86.469
2.4167 109.28 3562.4 93.574 95.419 3589.8 85.713 132.21 3610.9 86.509
2.425 111.12 3575 93.291 95.964 3602.2 85.902 132.77 3624.9 86.581
2.4333 112.91 3587.5 93.043 96.482 3614.6 86.105 133.11 3638.8 86.692
2.4417 114.63 3599.9 92.821 96.986 3626.8 86.318 133.24 3652.7 86.849
2.45 116.25 3612.3 92.615 97.483 3638.9 86.543 133.16 3666.6 87.053
2.4583 117.78 3624.6 92.415 97.971 3650.9 86.775 132.88 3680.5 87.304
2.4667 119.18 3636.8 92.213 98.447 3662.9 87.015 132.42 3694.4 87.6
2.475 120.47 3648.9 92.001 98.903 3674.9 87.266 131.79 3708.3 87.936
2.4833 121.65 3661 91.774 99.331 3686.9 87.527 131.02 3722.2 88.305
2.4917 122.71 3673 91.527 99.725 3698.9 87.799 130.11 3736.1 88.7
2.5 123.66 3684.9 91.261 100.08 3711 88.082 129.09 3749.9 89.114
2.5083 124.53 3696.8 90.974 100.4 3723.1 88.375 127.98 3763.8 89.54
2.5167 125.32 3708.7 90.669 100.67 3735.2 88.675 126.79 3777.6 89.972
2.525 126.06 3720.5 90.347 100.92 3747.3 88.978 125.54 3791.3 90.406
2.5333 126.77 3732.4 90.012 101.15 3759.5 89.282 124.24 3805 90.841
2.5417 127.44 3744.2 89.663 101.36 3771.7 89.58 122.92 3818.7 91.273
2.55 128.1 3756 89.303 101.57 3783.9 89.867 121.58 3832.2 91.702
2.5583 128.76 3767.9 88.931 101.78 3796.2 90.138 120.25 3845.7 92.127
2.5667 129.41 3779.7 88.547 101.99 3808.5 90.386 118.93 3859.1 92.548
2.575 130.05 3791.6 88.151 102.19 3820.8 90.609 117.65 3872.3 92.963
2.5833 130.68 3803.5 87.745 102.39 3833.2 90.801 116.42 3885.6 93.371
2.5917 131.27 3815.4 87.332 102.57 3845.7 90.961 115.24 3898.7 93.768
2.6 131.83 3827.4 86.92 102.73 3858.2 91.088 114.12 3911.8 94.152
2.6083 132.34 3839.4 86.519 102.84 3870.7 91.183 113.07 3924.9 94.518
2.6167 132.78 3851.5 86.139 102.91 3883.3 91.247 112.08 3938 94.864
2.625 133.16 3863.6 85.794 102.92 3896 91.283 111.16 3951 95.186
2.6333 133.46 3875.8 85.497 102.87 3908.7 91.295 110.3 3964.1 95.483
2.6417 133.7 3888 85.257 102.76 3921.4 91.288 109.5 3977.2 95.754
2.65 133.87 3900.4 85.078 102.59 3934.3 91.267 108.73 3990.3 95.999
2.6583 133.99 3912.9 84.961 102.37 3947.1 91.238 108 4003.4 96.221
2.6667 134.05 3925.5 84.899 102.11 3960.1 91.207 107.29 4016.6 96.422
2.675 134.08 3938.3 84.882 101.82 3973.1 91.177 106.59 4029.8 96.605
2.6833 134.07 3951.2 84.898 101.51 3986.1 91.154 105.89 4043 96.773
2.6917 134.03 3964.3 84.935 101.19 3999.3 91.144 105.18 4056.2 96.93
2.7 133.99 3977.6 84.986 100.85 4012.5 91.148 104.45 4069.5 97.077
2.7083 133.91 3991 85.047 100.49 4025.8 91.17 103.7 4082.7 97.215
2.7167 133.79 4004.4 85.107 100.12 4039.1 91.215 102.91 4096 97.344
2.725 133.62 4018 85.171 99.722 4052.6 91.283 102.09 4109.4 97.463
2.7333 133.38 4031.7 85.232 99.286 4066.1 91.376 101.23 4122.7 97.571
2.7417 133.08 4045.5 85.285 98.8 4079.6 91.496 100.33 4136.1 97.666
2.75 132.72 4059.4 85.327 98.251 4093.2 91.641 99.383 4149.6 97.744
2.7583 132.3 4073.5 85.358 97.627 4106.9 91.812 98.392 4163.1 97.804
2.7667 131.84 4087.8 85.378 96.919 4120.6 92.006 97.358 4176.6 97.844
2.775 131.35 4102.3 85.392 96.123 4134.3 92.22 96.282 4190.3 97.864
2.7833 130.86 4117 85.409 95.239 4148.1 92.45 95.168 4203.9 97.866
2.7917 130.36 4132 85.438 94.274 4161.9 92.691 94.021 4217.7 97.851
2.8 129.87 4147.2 85.495 93.239 4175.7 92.936 92.845 4231.4 97.823
2.8083 129.39 4162.5 85.592 92.152 4189.6 93.18 91.647 4245.2 97.786
2.8167 128.91 4177.9 85.744 91.035 4203.5 93.414 90.432 4259 97.745
2.825 128.42 4193.3 85.963 89.913 4217.4 93.632 89.205 4272.8 97.706
2.8333 127.91 4208.7 86.253 88.813 4231.4 93.828 87.973 4286.6 97.674
2.8417 127.35 4223.9 86.615 87.763 4245.4 93.994 86.743 4300.4 97.656
2.85 126.75 4238.9 87.044 86.787 4259.4 94.129 85.52 4314.2 97.654
2.8583 126.1 4253.6 87.526 85.907 4273.4 94.227 84.312 4327.9 97.672
2.8667 125.39 4268 88.043 85.143 4287.4 94.29 83.128 4341.7 97.714
2.875 124.64 4282.1 88.572 84.507 4301.3 94.316 81.978 4355.4 97.779
2.8833 123.84 4295.9 89.087 84.004 4315.1 94.308 80.874 4369.1 97.866
2.8917 123 4309.3 89.569 83.635 4328.7 94.27 79.831 4382.8 97.974
2.9 122.13 4322.5 90.004 83.392 4342.2 94.206 78.868 4396.5 98.098
2.9083 121.21 4335.5 90.384 83.266 4355.5 94.121 78.001 4410.1 98.233
2.9167 120.26 4348.4 90.711 83.238 4368.7 94.02 77.251 4423.8 98.373
2.925 119.27 4361.1 90.981 83.291 4381.6 93.904 76.638 4437.4 98.513
2.9333 118.28 4373.7 91.208 83.403 4394.4 93.782 76.178 4451 98.647
2.9417 117.3 4386.2 91.399 83.555 4407 93.652 75.887 4464.6 98.768
2.95 116.34 4398.7 91.568 83.731 4419.4 93.518 75.774 4478.1 98.872
2.9583 115.44 4411.2 91.728 83.915 4431.7 93.379 75.844 4491.6 98.955
2.9667 114.62 4423.6 91.894 84.099 4444 93.233 76.095 4505.1 99.013
2.975 113.9 4436 92.078 84.278 4456.2 93.08 76.52 4518.6 99.045
2.9833 113.29 4448.4 92.29 84.453 4468.4 92.918 77.105 4532 99.05
2.9917 112.79 4460.7 92.536 84.626 4480.6 92.746 77.831 4545.3 99.028
3 112.4 4472.9 92.819 84.803 4492.8 92.562 78.678 4558.6 98.982
3.0083 112.13 4485.2 93.141 84.99 4505.1 92.367 79.623 4571.8 98.915
3.0167 111.93 4497.3 93.498 85.195 4517.4 92.162 80.644 4584.9 98.828
3.025 111.8 4509.5 93.886 85.421 4529.7 91.949 81.721 4598 98.726
3.0333 111.7 4521.6 94.299 85.674 4542 91.73 82.84 4611 98.611
3.0417 111.63 4533.6 94.731 86.041 4554.6 91.505 83.058 4623.2 99.409
3.05 111.55 4545.6 95.172 86.343 4567 91.29 84.217 4636.1 99.282
3.0583 111.45 4557.6 95.618 86.66 4579.5 91.083 85.398 4648.9 99.145
3.0667 111.34 4569.5 96.06 86.988 4592 90.889 86.604 4661.7 98.998
3.075 111.22 4581.4 96.494 87.316 4604.6 90.713 87.837 4674.4 98.84
3.0833 111.09 4593.2 96.913 87.636 4617.2 90.556 89.102 4687.1 98.671
3.0917 110.98 4605.1 97.316 87.942 4629.9 90.422 90.399 4699.8 98.489
3.1 110.91 4616.9 97.699 88.23 4642.7 90.31 91.729 4712.4 98.294
3.1083 110.89 4628.7 98.061 88.497 4655.5 90.22 93.088 4725.1 98.088
3.1167 110.95 4640.6 98.4 88.747 4668.5 90.15 94.471 4737.8 97.874
3.125 111.11 4652.6 98.715 88.985 4681.5 90.098 95.866 4750.5 97.653
3.1333 111.38 4664.7 99.004 89.218 4694.5 90.061 97.263 4763.3 97.432
3.1417 111.77 4676.9 99.264 89.456 4707.7 90.035 98.649 4776.2 97.215
3.15 112.27 4689.2 99.492 89.709 4720.8 90.016 100.02 4789.1 97.009
3.1583 112.87 4701.7 99.689 89.987 4734 90.003 101.35 4802 96.819
3.1667 113.58 4714.3 99.851 90.301 4747.3 89.992 102.66 4815.1 96.65
3.175 114.37 4727.1 99.983 90.657 4760.5 89.981 103.93 4828.2 96.505
3.1833 115.24 4740 100.09 91.06 4773.8 89.97 105.18 4841.4 96.385
3.1917 116.16 4753.2 100.17 91.514 4787.1 89.955 106.41 4854.6 96.289
3.2 117.13 4766.5 100.25 92.019 4800.5 89.936 107.63 4867.8 96.214
3.2083 118.1 4779.9 100.31 92.575 4813.8 89.914 108.86 4881.1 96.157
3.2167 119.06 4793.5 100.37 93.181 4827.2 89.887 110.1 4894.4 96.111
3.225 119.97 4807.2 100.43 93.835 4840.7 89.852 111.37 4907.8 96.071
3.2333 120.84 4820.9 100.49 94.54 4854.3 89.812 112.67 4921.1 96.032
3.2417 121.65 4834.8 100.54 95.294 4867.9 89.761 114.01 4934.6 95.99
3.25 122.44 4848.6 100.59 96.101 4881.7 89.7 115.37 4948.1 95.945
3.2583 123.22 4862.6 100.63 96.967 4895.5 89.625 116.75 4961.6 95.896
3.2667 124.01 4876.7 100.67 97.898 4909.4 89.535 118.13 4975.3 95.847
3.275 124.81 4891 100.71 98.9 4923.4 89.43 119.5 4989 95.804
3.2833 125.63 4905.4 100.74 99.98 4937.5 89.307 120.84 5002.8 95.774
3.2917 126.46 4920.1 100.77 101.14 4951.6 89.168 122.14 5016.7 95.763
3.3 127.27 4935 100.8 102.38 4965.8 89.014 123.39 5030.7 95.78
3.3083 128.06 4950.2 100.8 103.7 4980.1 88.856 124.58 5044.8 95.829
3.3167 128.8 4965.5 100.79 105.08 4994.4 88.689 125.71 5058.9 95.914
3.325 129.46 4981 100.73 106.51 5008.7 88.53 126.78 5073 96.034
3.3333 130.05 4996.6 100.64 107.96 5023 88.383 127.81 5087.1 96.186
3.3417 130.55 5012.1 100.49 109.41 5037.3 88.257 128.79 5101.2 96.364
3.35 130.99 5027.6 100.29 110.82 5051.6 88.16 129.74 5115.2 96.556
3.3583 131.38 5042.8 100.04 112.15 5065.9 88.102 130.67 5129.2 96.752
3.3667 131.78 5057.8 99.753 113.38 5080.1 88.087 131.58 5143.1 96.941
3.375 132.21 5072.5 99.431 114.47 5094.3 88.12 132.48 5156.8 97.109
3.3833 132.71 5086.9 99.086 115.4 5108.4 88.204 133.35 5170.6 97.249
3.3917 133.29 5100.9 98.733 116.16 5122.3 88.339 134.18 5184.2 97.354
3.4 133.96 5114.7 98.387 116.73 5136.1 88.521 134.96 5197.8 97.421
3.4083 134.72 5128.1 98.059 117.11 5149.8 88.748 135.67 5211.3 97.452
3.4167 135.56 5141.4 97.758 117.31 5163.2 89.011 136.26 5224.8 97.453
3.425 136.49 5154.4 97.487 117.34 5176.5 89.305 136.73 5238.4 97.435
3.4333 137.5 5167.3 97.248 117.24 5189.5 89.623 137.03 5251.9 97.408
3.4417 138.57 5180.1 97.038 117.02 5202.3 89.954 137.16 5265.5 97.385
3.45 139.67 5192.8 96.857 116.7 5214.9 90.294 137.08 5279 97.379
3.4583 140.78 5205.5 96.698 116.32 5227.2 90.634 136.78 5292.6 97.4
3.4667 141.84 5218.2 96.56 115.89 5239.4 90.98 136.25 5306.2 97.456
3.475 142.82 5230.9 96.435 115.43 5251.5 91.321 135.51 5319.9 97.552
3.4833 143.69 5243.5 96.316 114.94 5263.4 91.659 134.54 5333.4 97.69
3.4917 144.4 5256.1 96.197 114.44 5275.3 91.995 133.36 5347 97.868
3.5 144.93 5268.6 96.073 113.93 5287.1 92.332 131.99 5360.4 98.081
3.5083 145.27 5281 95.94 113.39 5298.9 92.671 130.45 5373.8 98.325
3.5167 145.41 5293.3 95.798 112.82 5310.8 93.016 128.76 5387.1 98.593
3.525 145.36 5305.5 95.645 112.23 5322.6 93.365 126.95 5400.3 98.878
3.5333 145.15 5317.6 95.483 111.59 5334.6 93.718 125.02 5413.3 99.174
3.5417 144.81 5329.6 95.315 110.9 5346.5 94.075 123.01 5426.3 99.477
3.55 144.38 5341.5 95.144 110.16 5358.5 94.43 120.94 5439.1 99.785
3.5583 143.89 5353.4 94.971 109.37 5370.5 94.779 118.81 5451.8 100.1
3.5667 143.38 5365.3 94.8 108.52 5382.6 95.116 116.66 5464.4 100.41
3.575 142.87 5377.1 94.629 107.63 5394.7 95.436 114.49 5476.9 100.73
3.5833 142.38 5389 94.458 106.68 5406.8 95.732 112.3 5489.4 101.05
3.5917 141.91 5400.9 94.284 105.68 5419 96.001 110.12 5501.7 101.38
3.6 141.46 5412.8 94.103 104.64 5431.2 96.24 107.94 5514.1 101.71
3.6083 141.01 5424.7 93.914 103.55 5443.4 96.447 105.78 5526.3 102.05
3.6167 140.54 5436.7 93.716 102.42 5455.7 96.624 103.63 5538.6 102.38
3.625 140.03 5448.8 93.511 101.25 5468.1 96.773 101.5 5550.8 102.7
3.6333 139.45 5460.8 93.302 100.03 5480.5 96.899 99.384 5563.1 103.01
3.6417 138.79 5472.9 93.097 98.774 5493 97.007 97.289 5575.4 103.31
3.65 138.03 5485 92.904 97.474 5505.6 97.101 95.21 5587.7 103.59
3.6583 137.17 5497.1 92.732 96.135 5518.2 97.188 93.145 5600 103.84
3.6667 136.2 5509.3 92.587 94.756 5530.8 97.27 91.089 5612.3 104.07
3.675 135.12 5521.4 92.473 93.34 5543.4 97.352 89.037 5624.7 104.28
3.6833 133.93 5533.5 92.39 91.887 5556.1 97.434 86.982 5637.2 104.47
3.6917 132.65 5545.8 92.334 90.398 5568.8 97.518 84.916 5649.7 104.65
3.7 131.29 5558.1 92.299 88.872 5581.5 97.602 82.832 5662.2 104.82
3.7083 129.88 5570.5 92.279 87.308 5594.1 97.686 80.721 5674.8 104.99
3.7167 128.43 5583.1 92.267 85.702 5606.8 97.767 78.575 5687.4 105.16
3.725 126.95 5595.8 92.261 84.05 5619.4 97.845 76.385 5700.1 105.34
3.7333 125.46 5608.7 92.256 82.347 5632.1 97.918 74.143 5712.8 105.53
3.7417 123.94 5621.6 92.252 80.585 5644.8 97.987 71.841 5725.6 105.74
3.75 122.38 5634.7 92.245 78.758 5657.4 98.053 69.472 5738.4 105.96
3.7583 120.77 5647.9 92.234 76.859 5670.2 98.118 67.032 5751.3 106.19
3.7667 119.09 5661.3 92.216 74.882 5682.9 98.183 64.515 5764.2 106.43
3.775 117.33 5674.8 92.191 72.822 5695.7 98.253 61.918 5777.1 106.68
3.7833 115.49 5688.5 92.161 70.676 5708.5 98.329 59.239 5790.1 106.92
3.7917 113.54 5702.4 92.133 68.441 5721.3 98.416 56.477 5803.2 107.17
3.8 111.51 5716.5 92.114 66.117 5734.2 98.513 53.635 5816.2 107.41
3.8083 109.4 5730.7 92.115 63.712 5747.1 98.615 50.714 5829.3 107.64
3.8167 107.21 5745.1 92.15 61.229 5760 98.725 47.72 5842.3 107.86
3.825 104.97 5759.6 92.235 58.676 5773 98.838 44.657 5855.3 108.07
3.8333 102.66 5774.1 92.377 56.054 5786 98.978 41.531 5868.3 108.27
3.8417 100.32 5788.6 92.591 53.381 5799 99.076 38.362 5881.2 108.47
3.85 97.945 5803 92.879 50.698 5812 99.179 35.149 5894 108.66
3.8583 95.537 5817.3 93.238 48.016 5825.1 99.268 31.909 5906.7 108.86
3.8667 93.107 5831.4 93.659 45.354 5838.1 99.339 28.655 5919.4 109.05
3.875 90.665 5845.3 94.125 42.733 5851.1 99.389 25.403 5931.9 109.24
3.8833 88.218 5858.9 94.614 40.172 5864.1 99.419 22.166 5944.4 109.43
3.8917 85.775 5872.3 95.1 37.688 5877.1 99.429 18.964 5956.8 109.61
3.9 83.342 5885.3 95.561 35.291 5890.1 99.422 15.803 5969.2 109.79
3.9083 80.919 5898.1 95.978 32.998 5902.9 99.4 12.701 5981.5 109.97
3.9167 78.498 5910.7 96.345 30.795 5915.6 99.363 9.6659 5993.9 110.14
3.925 76.058 5923 96.662 28.693 5928.2 99.314 6.7037 6006.2 110.3
3.9333 73.592 5935.2 96.935 26.684 5940.7 99.255 3.8159 6018.6 110.45
3.9417 71.085 5947.3 97.175 24.755 5952.9 99.185 1.0005 6031.1 110.6
3.95 68.533 5959.3 97.394 22.891 5965 99.107 -1.7472 6043.6 110.74
3.9583 65.949 5971.1 97.608 21.073 5976.9 99.026 -4.4364 6056.1 110.88
3.9667 63.344 5983 97.832 19.287 5988.6 98.943 -7.077 6068.7 111.02
3.975 60.741 5994.7 98.081 17.517 6000.2 98.86 -9.6805 6081.3 111.17
3.9833 58.166 6006.5 98.364 15.755 6011.6 98.779 -12.257 6093.9 111.33
3.9917 55.646 6018.2 98.689 13.993 6022.9 98.701 -14.815 6106.5 111.5
4 53.2 6029.8 99.059 12.228 6034.2 98.63 -17.36 6119.1 111.68
4.0083 50.848 6041.5 99.471 10.463 6045.5 98.568 -19.895 6131.6 111.88
4.0167 48.597 6053.1 99.921 8.6992 6056.7 98.519 -22.417 6144.1 112.1
4.025 46.447 6064.6 100.4 6.9429 6068 98.484 -24.919 6156.6 112.33
4.0333 44.385 6076.2 100.91 5.1986 6079.3 98.467 -27.391 6168.9 112.57
4.0417 42.397 6087.7 101.43 3.4696 6090.7 98.47 -29.821 6181.3 112.82
4.05 40.452 6099.2 101.97 1.7579 6102.2 98.493 -32.196 6193.5 113.07
4.0583 38.531 6110.6 102.52 0.060943 6113.8 98.538 -34.504 6205.6 113.33
4.0667 36.607 6121.9 103.07 -1.6255 6125.4 98.603 -36.735 6217.7 113.59
4.075 34.665 6133.2 103.64 -3.3096 6137.1 98.687 -38.883 6229.7 113.84
4.0833 32.695 6144.5 104.21 -5.0018 6148.9 98.788 -40.947 6241.6 114.08
4.0917 30.702 6155.7 104.79 -6.7119 6160.7 98.904 -42.93 6253.5 114.31
4.1 28.689 6166.8 105.39 -8.4514 6172.6 99.032 -44.843 6265.3 114.54
4.1083 26.685 6178 106 -10.227 6184.6 99.172 -46.697 6277.1 114.76
4.1167 24.715 6189.2 106.63 -12.044 6196.5 99.323 -48.51 6288.8 114.97
4.125 22.808 6200.4 107.26 -13.904 6208.6 99.483 -50.297 6300.5 115.17
4.1333 20.995 6211.7 107.89 -15.803 6220.6 99.654 -52.075 6312.3 115.38
4.1417 19.298 6223.2 108.52 -17.735 6232.7 99.837 -53.859 6324 115.57
4.15 17.732 6234.8 109.14 -19.69 6244.9 100.03 -55.659 6335.8 115.77
4.1583 16.299 6246.5 109.74 -21.657 6257.1 100.24 -57.481 6347.7 115.96
4.1667 14.991 6258.4 110.32 -23.627 6269.3 100.46 -59.328 6359.5 116.15
4.175 13.787 6270.4 110.87 -25.592 6281.6 100.7 -61.195 6371.5 116.34
4.1833 12.663 6282.5 111.4 -27.538 6293.9 100.96 -63.077 6383.4 116.52
4.1917 11.581 6294.8 111.9 -29.471 6306.2 101.22 -64.966 6395.4 116.69
4.2 10.508 6307.2 112.38 -31.379 6318.6 101.5 -66.856 6407.5 116.86
4.2083 9.3972 6319.7 112.84 -33.275 6331 101.78 -68.741 6419.6 117.01
4.2167 8.2175 6332.2 113.29 -35.15 6343.4 102.08 -70.615 6431.6 117.15
4.225 6.9404 6344.8 113.72 -37.022 6355.8 102.36 -72.484 6443.7 117.28
4.2333 5.5606 6357.4 114.12 -38.88 6368.2 102.65 -74.354 6455.8 117.4
4.2417 4.0889 6370.1 114.49 -40.734 6380.7 102.93 -76.236 6468 117.52
4.25 2.5504 6382.7 114.81 -42.584 6393.2 103.19 -78.147 6480.1 117.65
4.2583 0.97062 6395.4 115.08 -44.42 6405.7 103.44 -80.104 6492.3 117.78
4.2667 -0.62548 6408.1 115.3 -46.236 6418.2 103.69 -82.126 6504.5 117.93
4.275 -2.2237 6420.8 115.46 -48.03 6430.7 103.91 -84.231 6516.8 118.11
4.2833 -3.8235 6433.7 115.56 -49.793 6443.2 104.11 -86.433 6529.2 118.32
4.2917 -5.4377 6446.8 115.61 -51.519 6455.7 104.29 -88.74 6541.6 118.56
4.3 -7.0884 6459.9 115.61 -53.202 6468.2 104.46 -91.154 6554.1 118.85
4.3083 -8.8061 6473.2 115.57 -54.847 6480.8 104.62 -93.669 6566.7 119.17
4.3167 -10.622 6486.7 115.49 -56.464 6493.3 104.77 -96.275 6579.3 119.52
4.325 -12.56 6500.2 115.4 -58.067 6505.9 104.91 -98.954 6592 119.91
4.3333 -14.637 6513.7 115.28 -59.679 6518.5 105.05 -101.69 6604.7 120.3
4.3417 -16.849 6527.2 115.16 -61.326 6531 105.19 -104.45 6617.3 120.7
4.35 -19.195 6540.5 115.03 -63.042 6543.6 105.33 -107.22 6629.9 121.1
4.3583 -21.634 6553.7 114.91 -64.854 6556.2 105.49 -110 6642.5 121.47
4.3667 -24.125 6566.7 114.82 -66.791 6568.8 105.66 -112.75 6654.9 121.81
4.375 -26.633 6579.4 114.75 -68.875 6581.4 105.86 -115.49 6667.2 122.11
4.3833 -29.119 6591.9 114.72 -71.12 6593.8 106.08 -118.21 6679.5 122.37
4.3917 -31.551 6604.2 114.74 -73.533 6606.2 106.35 -120.94 6691.6 122.58
4.4 -33.918 6616.2 114.8 -76.107 6618.5 106.66 -123.68 6703.6 122.75
4.4083 -36.215 6628.1 114.92 -78.831 6630.6 107.03 -126.48 6715.5 122.88
4.4167 -38.448 6639.7 115.1 -81.683 6642.5 107.44 -129.35 6727.3 122.98
4.425 -40.629 6651.3 115.32 -84.639 6654.2 107.92 -132.32 6739 123.07
4.4333 -42.769 6662.7 115.57 -87.675 6665.7 108.44 -135.44 6750.7 123.15
4.4417 -44.89 6674.1 115.86 -90.76 6677 109.02 -138.72 6762.4 123.23
4.45 -47.013 6685.4 116.15 -93.882 6688 109.65 -142.18 6773.9 123.32
4.4583 -49.171 6696.6 116.45 -97.027 6698.9 110.32 -145.85 6785.5 123.43
4.4667 -51.404 6707.7 116.73 -100.19 6709.6 111.02 -149.73 6796.9 123.58
4.475 -53.751 6718.6 117 -103.38 6720.1 111.76 -153.81 6808.3 123.74
4.4833 -56.246 6729.4 117.23 -106.6 6730.5 112.51 -158.09 6819.6 123.94
4.4917 -58.916 6740.1 117.44 -109.88 6740.9 113.28 -162.57 6830.7 124.16
4.5 -61.781 6750.5 117.61 -113.23 6751.2 114.04 -167.21 6841.8 124.39
4.5083 -64.843 6760.7 117.76 -116.69 6761.4 114.82 -172 6852.6 124.64
4.5167 -68.11 6770.6 117.9 -120.26 6771.7 115.58 -176.92 6863.3 124.9
4.525 -71.566 6780.4 118.03 -123.96 6781.9 116.35 -181.94 6873.8 125.17
4.5333 -75.204 6789.9 118.15 -127.8 6792.2 117.1 -187.04 6884.2 125.43
4.5417 -78.994 6799.3 118.3 -131.77 6802.4 117.85 -192.21 6894.4 125.69
4.55 -82.923 6808.5 118.46 -135.88 6812.6 118.59 -197.42 6904.4 125.95
4.5583 -86.968 6817.6 118.64 -140.11 6822.7 119.33 -202.66 6914.3 126.21
4.5667 -91.105 6826.6 118.85 -144.43 6832.8 120.05 -207.93 6924.2 126.47
4.575 -95.315 6835.6 119.08 -148.84 6842.8 120.76 -213.2 6933.9 126.73
4.5833 -99.582 6844.6 119.33 -153.31 6852.8 121.45 -218.49 6943.6 127
4.5917 -103.89 6853.6 119.59 -157.84 6862.7 122.13 -223.78 6953.2 127.26
4.6 -108.24 6862.6 119.86 -162.42 6872.5 122.77 -229.09 6962.7 127.53
4.6083 -112.61 6871.7 120.12 -167.06 6882.3 123.39 -234.41 6972.3 127.8
4.6167 -117 6880.7 120.37 -171.76 6892.1 123.97 -239.75 6981.8 128.07
4.625 -121.41 6889.8 120.6 -176.52 6901.9 124.51 -245.12 6991.3 128.33
4.6333 -125.83 6899 120.82 -181.37 6911.7 125.01 -250.53 7000.9 128.59
4.6417 -130.27 6908.1 121.02 -186.31 6921.4 125.47 -255.98 7010.4 128.82
4.65 -134.74 6917.3 121.2 -191.35 6931.2 125.9 -261.48 7019.9 129.04
4.6583 -139.24 6926.6 121.37 -196.49 6941 126.28 -267.04 7029.5 129.24
4.6667 -143.8 6935.8 121.54 -201.74 6950.9 126.64 -272.65 7039.1 129.42
4.675 -148.43 6945.1 121.71 -207.09 6960.5 126.99 -277.97 7050 128.68
4.6833 -153.17 6954.4 121.89 -212.52 6970.3 127.31 -283.7 7059.6 128.82
4.6917 -158.02 6963.7 122.09 -218.04 6980.2 127.62 -289.49 7069.2 128.94
4.7 -163.02 6973.1 122.3 -223.63 6990.1 127.92 -295.32 7078.9 129.04
4.7083 -168.2 6982.5 122.51 -229.3 7000 128.21 -301.18 7088.6 129.13
4.7167 -173.54 6991.9 122.74 -235.04 7009.9 128.51 -307.09 7098.2 129.21
4.725 -179.06 7001.3 122.98 -240.86 7019.7 128.8 -313.02 7107.9 129.29
4.7333 -184.72 7010.9 123.21 -246.76 7029.6 129.1 -319 7117.5 129.36
4.7417 -190.51 7020.4 123.45 -252.77 7039.5 129.39 -325.01 7127.1 129.42
4.75 -196.4 7030.1 123.69 -258.89 7049.4 129.68 -331.07 7136.6 129.49
4.7583 -202.39 7039.8 123.92 -265.14 7059.3 129.97 -337.19 7146.1 129.55
4.7667 -208.46 7049.5 124.16 -271.55 7069.1 130.25 -343.39 7155.6 129.6
4.775 -214.63 7059.3 124.4 -278.11 7078.9 130.53 -349.68 7165.1 129.64
4.7833 -220.92 7069.1 124.64 -284.84 7088.7 130.79 -356.09 7174.5 129.67
4.7917 -227.34 7079 124.88 -291.73 7098.4 131.05 -362.62 7183.9 129.68
4.8 -233.91 7088.9 125.12 -298.79 7108.1 131.31 -369.3 7193.3 129.67
4.8083 -240.64 7099 125.36 -306 7117.6 131.55 -376.13 7202.7 129.65
4.8167 -247.53 7109.3 125.59 -313.36 7127.1 131.79 -383.1 7212.1 129.6
4.825 -254.6 7119.6 125.84 -320.83 7136.6 132.02 -390.21 7221.4 129.55
4.8333 -261.83 7130.1 126.1 -328.4 7145.9 132.25 -397.45 7230.8 129.48
4.8417 -269.2 7140.7 126.38 -336.05 7155.2 132.46 -404.8 7240.1 129.41
4.85 -276.69 7151.4 126.69 -343.75 7164.4 132.67 -412.22 7249.4 129.33
4.8583 -284.27 7162.1 127.04 -351.49 7173.7 132.86 -419.68 7258.6 129.27
4.8667 -291.9 7172.7 127.44 -359.24 7182.9 133.05 -427.17 7267.7 129.22
4.875 -299.53 7183.2 127.88 -366.98 7192.1 133.22 -434.65 7276.7 129.18
4.8833 -307.15 7193.5 128.37 -374.69 7201.4 133.37 -442.1 7285.6 129.16
4.8917 -314.7 7203.6 128.9 -382.36 7210.6 133.51 -449.5 7294.5 129.16
4.9 -322.16 7213.5 129.46 -389.97 7219.9 133.63 -456.84 7303.2 129.18
4.9083 -329.51 7223.2 130.04 -397.49 7229.2 133.72 -464.11 7311.8 129.21
4.9167 -336.73 7232.5 130.61 -404.91 7238.5 133.8 -471.33 7320.5 129.26
4.925 -343.85 7241.7 131.18 -412.22 7247.8 133.85 -478.5 7329 129.31
4.9333 -350.9 7250.7 131.73 -419.41 7257 133.88 -485.63 7337.6 129.36
4.9417 -357.92 7259.5 132.26 -426.45 7266.2 133.88 -492.74 7346.3 129.4
4.95 -364.96 7268.1 132.77 -433.35 7275.2 133.86 -499.83 7355 129.44
4.9583 -372.05 7276.7 133.26 -440.11 7284.1 133.82 -506.91 7363.7 129.46
4.9667 -379.24 7285.1 133.74 -446.73 7292.8 133.75 -513.99 7372.6 129.47
4.975 -386.52 7293.4 134.22 -453.22 7301.4 133.67 -521.07 7381.5 129.47
4.9833 -393.88 7301.7 134.68 -459.61 7309.9 133.58 -528.13 7390.5 129.46
4.9917 -401.31 7309.8 135.15 -465.92 7318.2 133.48 -535.18 7399.4 129.44
5 -408.76 7317.9 135.62 -472.17 7326.4 133.37 -542.19 7408.4 129.41
5.0083 -416.18 7325.9 136.1 -478.39 7334.5 133.28 -549.15 7417.4 129.39
5.0167 -423.53 7333.8 136.59 -484.6 7342.6 133.19 -556.05 7426.3 129.37
5.025 -430.76 7341.6 137.08 -490.83 7350.7 133.12 -562.88 7435.2 129.35
5.0333 -437.85 7349.4 137.58 -497.11 7358.7 133.08 -569.64 7444 129.34
5.0417 -444.76 7357.2 138.09 -503.44 7366.8 133.07 -576.32 7452.7 129.34
5.05 -451.5 7365 138.59 -509.84 7374.9 133.08 -582.93 7461.3 129.34
5.0583 -458.08 7372.8 139.09 -516.32 7383.1 133.14 -589.49 7469.8 129.35
5.0667 -464.53 7380.7 139.58 -522.88 7391.3 133.23 -596 7478.3 129.35
5.075 -470.86 7388.5 140.07 -529.51 7399.5 133.35 -602.48 7486.7 129.36
5.0833 -477.13 7396.4 140.55 -536.22 7407.8 133.5 -608.96 7495.1 129.36
5.0917 -483.36 7404.3 141.03 -543 7416.1 133.69 -615.45 7503.5 129.35
5.1 -489.58 7412.1 141.52 -549.84 7424.5 133.89 -621.96 7511.9 129.33
5.1083 -495.82 7420 142.02 -556.74 7432.8 134.12 -628.52 7520.3 129.29
5.1167 -502.07 7427.9 142.53 -563.69 7441 134.36 -635.13 7528.8 129.24
5.125 -508.35 7435.7 143.05 -570.69 7449.3 134.61 -641.8 7537.3 129.17
5.1333 -514.64 7443.6 143.6 -577.74 7457.6 134.87 -648.54 7545.8 129.08
5.1417 -520.95 7451.5 144.16 -584.83 7465.8 135.14 -655.35 7554.3 128.98
5.15 -527.27 7459.5 144.73 -591.97 7474 135.42 -662.24 7562.9 128.88
5.1583 -533.6 7467.5 145.3 -599.15 7482.2 135.7 -669.2 7571.5 128.76
5.1667 -539.93 7475.6 145.85 -606.38 7490.4 135.99 -676.24 7580.1 128.65
5.175 -546.27 7483.8 146.38 -613.67 7498.6 136.29 -683.35 7588.7 128.53
5.1833 -552.65 7492.2 146.86 -620.99 7506.8 136.59 -690.54 7597.3 128.43
5.1917 -559.07 7500.7 147.3 -628.36 7515.1 136.89 -697.79 7606 128.34
5.2 -565.56 7509.4 147.68 -635.77 7523.4 137.2 -705.12 7614.7 128.26
5.2083 -572.14 7518.2 148.01 -643.19 7531.8 137.51 -712.51 7623.4 128.2
5.2167 -578.83 7527.1 148.29 -650.63 7540.2 137.82 -719.94 7632.1 128.16
5.225 -585.66 7536.2 148.53 -658.07 7548.7 138.13 -727.41 7640.9 128.13
5.2333 -592.63 7545.4 148.75 -665.51 7557.2 138.42 -734.91 7649.7 128.12
5.2417 -599.76 7554.7 148.98 -672.92 7565.7 138.71 -742.41 7658.5 128.12
5.25 -607.06 7564 149.23 -680.28 7574.3 139 -749.9 7667.4 128.13
5.2583 -614.52 7573.4 149.51 -687.62 7582.8 139.27 -757.37 7676.4 128.14
5.2667 -622.13 7582.8 149.84 -694.95 7591.5 139.52 -764.79 7685.3 128.16
5.275 -629.89 7592.1 150.22 -702.23 7600.1 139.77 -772.18 7694.3 128.17
5.2833 -637.78 7601.5 150.65 -709.5 7608.8 139.99 -779.51 7703.4 128.17
5.2917 -645.8 7610.9 151.13 -716.79 7617.5 140.2 -786.8 7712.5 128.18
5.3 -653.94 7620.3 151.63 -724.1 7626.4 140.38 -794.06 7721.6 128.17
5.3083 -662.2 7629.7 152.14 -731.45 7635.3 140.54 -801.29 7730.8 128.17
5.3167 -670.57 7639.2 152.64 -738.84 7644.4 140.69 -808.5 7740.1 128.17
5.325 -679.05 7648.7 153.09 -746.32 7653.6 140.81 -815.72 7749.4 128.17
5.3333 -687.66 7658.1 153.48 -753.87 7663 140.92 -822.94 7758.7 128.18
5.3417 -696.37 7667.6 153.78 -761.49 7672.6 141 -830.18 7768.2 128.2
5.35 -705.19 7677.1 153.99 -769.2 7682.4 141.06 -837.43 7777.7 128.22
5.3583 -714.1 7686.4 154.08 -776.98 7692.3 141.1 -844.68 7787.2 128.25
5.3667 -723.07 7695.7 154.07 -784.81 7702.3 141.13 -851.94 7796.8 128.28
5.375 -732.1 7704.9 153.95 -792.68 7712.5 141.14 -859.17 7806.3 128.3
5.3833 -741.14 7714 153.74 -800.58 7722.6 141.13 -866.37 7815.9 128.31
5.3917 -750.17 7723 153.46 -808.49 7732.8 141.12 -873.51 7825.4 128.31
5.4 -759.14 7731.9 153.13 -816.39 7742.8 141.1 -880.58 7834.9 128.27
5.4083 -768.03 7740.8 152.77 -824.26 7752.7 141.08 -887.58 7844.3 128.21
5.4167 -776.78 7749.6 152.41 -832.09 7762.4 141.06 -894.5 7853.6 128.11
5.425 -785.37 7758.3 152.06 -839.86 7771.8 141.05 -901.34 7862.7 127.98
5.4333 -793.76 7767.1 151.75 -847.54 7781 141.05 -908.11 7871.8 127.82
5.4417 -801.93 7775.9 151.47 -855.12 7789.8 141.07 -914.84 7880.7 127.64
5.45 -809.87 7784.8 151.24 -862.59 7798.3 141.11 -921.55 7889.4 127.44
5.4583 -817.62 7793.7 151.03 -869.92 7806.4 141.18 -928.25 7898 127.25
5.4667 -825.2 7802.7 150.83 -877.1 7814.2 141.27 -934.98 7906.4 127.06
5.475 -832.67 7811.7 150.64 -884.12 7821.8 141.38 -941.74 7914.6 126.89
5.4833 -840.08 7820.7 150.42 -890.95 7829 141.52 -948.55 7922.7 126.76
5.4917 -847.48 7829.7 150.16 -897.6 7836 141.68 -955.42 7930.5 126.65
5.5 -854.91 7838.7 149.87 -904.07 7842.8 141.85 -962.33 7938.1 126.58
5.5083 -862.41 7847.6 149.53 -910.36 7849.4 142.03 -969.26 7945.5 126.54
5.5167 -869.99 7856.3 149.15 -916.49 7855.8 142.21 -976.21 7952.7 126.54
5.525 -877.64 7864.9 148.73 -922.48 7862.1 142.39 -983.15 7959.6 126.55
5.5333 -885.37 7873.3 148.3 -928.36 7868.4 142.57 -990.05 7966.4 126.59
5.5417 -893.14 7881.5 147.87 -934.17 7874.6 142.74 -996.88 7972.9 126.63
5.55 -900.94 7889.6 147.45 -939.93 7880.8 142.9 -1003.6 7979.3 126.67
5.5583 -908.72 7897.6 147.04 -945.68 7887 143.05 -1010.3 7985.4 126.7
5.5667 -916.45 7905.4 146.67 -951.48 7893.1 143.2 -1016.8 7991.5 126.72
5.575 -924.12 7913.2 146.32 -957.33 7899.4 143.33 -1023.3 7997.5 126.72
5.5833 -931.69 7921 146.01 -963.28 7905.7 143.46 -1029.6 8003.4 126.71
5.5917 -939.15 7928.7 145.73 -969.33 7912 143.58 -1035.9 8009.3 126.68
5.6 -946.51 7936.4 145.46 -975.5 7918.4 143.69 -1042 8015.1 126.63
5.6083 -953.77 7944 145.21 -981.78 7924.8 143.79 -1048.1 8021 126.56
5.6167 -960.95 7951.5 144.95 -988.17 7931.3 143.88 -1054.2 8026.8 126.48
5.625 -968.09 7959 144.67 -994.65 7937.8 143.94 -1060.2 8032.6 126.37
5.6333 -975.2 7966.3 144.38 -1001.2 7944.3 143.99 -1066.2 8038.5 126.24
5.6417 -982.33 7973.5 144.05 -1007.9 7950.8 144.01 -1072.1 8044.3 126.09
5.65 -989.5 7980.5 143.69 -1014.6 7957.3 143.99 -1078 8050.1 125.9
5.6583 -996.74 7987.4 143.29 -1021.3 7963.7 143.95 -1083.9 8055.9 125.67
