0.0083333 -22.268 5.15 99.215 -52.834 107.05 87.883 -18.533 270.7 81.551
0.016667 -21.484 13.395 99.141 -51.994 116.42 87.737 -17.511 279.47 81.523
0.025 -20.611 21.916 99.06 -51.084 125.97 87.553 -16.479 288.37 81.501
0.033333 -19.662 30.737 98.975 -50.104 135.67 87.338 -15.446 297.42 81.487
0.041667 -18.662 39.868 98.888 -49.057 145.49 87.095 -14.422 306.64 81.484
0.05 -17.637 49.319 98.802 -47.948 155.4 86.83 -13.418 316.04 81.495
0.058333 -16.621 59.087 98.718 -46.785 165.38 86.551 -12.441 325.62 81.52
0.066667 -15.64 69.166 98.634 -45.576 175.41 86.267 -11.499 335.36 81.562
0.075 -14.721 79.526 98.552 -44.338 185.49 85.98 -10.599 345.23 81.62
0.083333 -13.871 90.144 98.467 -43.08 195.58 85.705 -9.7439 355.21 81.693
0.091667 -13.086 100.98 98.374 -41.816 205.7 85.45 -8.9376 365.22 81.78
0.1 -12.359 111.98 98.272 -40.563 215.82 85.216 -8.1811 375.24 81.876
0.10833 -11.654 123.08 98.155 -39.333 225.95 85.015 -7.4753 385.19 81.978
0.11667 -10.941 134.24 98.02 -38.141 236.07 84.851 -6.82 395.05 82.079
0.125 -10.181 145.39 97.866 -37.001 246.17 84.728 -6.2157 404.76 82.177
0.13333 -9.3428 156.47 97.688 -35.925 256.24 84.652 -5.663 414.3 82.266
0.14167 -8.4076 167.44 97.486 -34.926 266.26 84.624 -5.1639 423.66 82.344
0.15 -7.3701 178.26 97.257 -34.014 276.2 84.647 -4.7222 432.84 82.408
0.15833 -6.2411 188.91 97.001 -33.2 286.04 84.722 -4.3437 441.86 82.459
0.16667 -5.0424 199.38 96.717 -32.489 295.74 84.851 -4.0365 450.76 82.5
0.175 -3.8047 209.69 96.406 -31.888 305.3 85.031 -3.8105 459.56 82.533
0.18333 -2.5591 219.86 96.067 -31.397 314.68 85.259 -3.678 468.31 82.566
0.19167 -1.3392 229.93 95.706 -31.016 323.88 85.531 -3.6517 477.05 82.603
0.2 -0.17488 239.93 95.326 -30.74 332.9 85.841 -3.7446 485.82 82.653
0.20833 0.90642 249.89 94.938 -30.561 341.72 86.183 -3.9701 494.64 82.721
0.21667 1.8844 259.84 94.548 -30.469 350.39 86.549 -4.3394 503.54 82.815
0.225 2.7466 269.79 94.168 -30.451 358.9 86.931 -4.8612 512.52 82.938
0.23333 3.4908 279.74 93.804 -30.496 367.29 87.323 -5.5424 521.59 83.094
0.24167 4.1233 289.68 93.465 -30.588 375.6 87.718 -6.3845 530.74 83.283
0.25 4.6566 299.61 93.155 -30.717 383.86 88.115 -7.3868 539.96 83.506
0.25833 5.1065 309.51 92.878 -30.871 392.09 88.509 -8.5444 549.23 83.76
0.26667 5.4888 319.36 92.638 -31.044 400.34 88.901 -9.8479 558.54 84.042
0.275 5.8105 329.15 92.433 -31.233 408.63 89.29 -11.285 567.86 84.346
0.28333 6.0819 338.87 92.265 -31.433 416.97 89.681 -12.84 577.19 84.668
0.29167 6.2978 348.52 92.131 -31.647 425.38 90.075 -14.498 586.52 85.002
0.3 6.4574 358.11 92.029 -31.879 433.88 90.474 -16.238 595.83 85.344
0.30833 6.5499 367.65 91.954 -32.134 442.47 90.881 -18.043 605.12 85.688
0.31667 6.5695 377.17 91.903 -32.418 451.13 91.296 -19.895 614.39 86.03
0.325 6.5094 386.69 91.869 -32.737 459.88 91.719 -21.779 623.64 86.367
0.33333 6.3699 396.23 91.848 -33.097 468.69 92.147 -23.678 632.86 86.697
0.34167 6.1562 405.8 91.835 -33.503 477.58 92.579 -25.581 642.05 87.017
0.35 5.8756 415.44 91.823 -33.96 486.53 93.007 -27.479 651.21 87.328
0.35833 5.547 425.13 91.808 -34.469 495.54 93.428 -29.365 660.33 87.627
0.36667 5.1884 434.88 91.786 -35.029 504.61 93.837 -31.232 669.4 87.916
0.375 4.8187 444.69 91.753 -35.64 513.74 94.227 -33.078 678.44 88.195
0.38333 4.453 454.54 91.705 -36.299 522.95 94.595 -34.902 687.43 88.464
0.39167 4.102 464.42 91.644 -37.003 532.24 94.938 -36.701 696.38 88.724
0.4 3.7654 474.32 91.571 -37.748 541.63 95.255 -38.475 705.31 88.974
0.40833 3.4378 484.2 91.491 -38.531 551.12 95.544 -40.224 714.21 89.217
0.41667 3.1012 494.05 91.41 -39.353 560.72 95.807 -41.949 723.11 89.451
0.425 2.7347 503.87 91.339 -40.212 570.44 96.043 -43.647 732.01 89.676
0.43333 2.3139 513.65 91.287 -41.111 580.29 96.254 -45.321 740.94 89.893
0.44167 1.8138 523.4 91.262 -42.053 590.25 96.441 -46.971 749.91 90.1
0.45 1.2178 533.12 91.272 -43.043 600.34 96.605 -48.599 758.93 90.297
0.45833 0.50798 542.87 91.316 -44.086 610.55 96.746 -50.208 768.02 90.482
0.46667 -0.32127 552.67 91.39 -45.187 620.86 96.865 -51.804 777.16 90.653
0.475 -1.26 562.6 91.486 -46.353 631.27 96.964 -53.394 786.38 90.811
0.48333 -2.3026 572.7 91.59 -47.588 641.76 97.044 -54.988 795.67 90.953
0.49167 -3.4175 583.03 91.691 -48.897 652.34 97.107 -56.598 805.03 91.079
0.5 -4.5983 593.6 91.777 -50.285 662.98 97.158 -58.239 814.45 91.189
0.50833 -5.8307 604.42 91.847 -51.754 673.68 97.201 -59.925 823.94 91.284
0.51667 -7.1055 615.46 91.901 -53.308 684.45 97.242 -61.674 833.49 91.366
0.525 -8.4238 626.67 91.942 -54.947 695.26 97.287 -63.502 843.12 91.435
0.53333 -9.7873 638.04 91.969 -56.673 706.12 97.343 -65.425 852.83 91.496
0.54167 -11.196 649.52 91.984 -58.487 717.04 97.415 -67.458 862.63 91.552
0.55 -12.651 661.11 91.984 -60.389 728.02 97.51 -69.612 872.55 91.605
0.55833 -14.156 672.81 91.966 -62.379 739.06 97.631 -71.897 882.59 91.66
0.56667 -15.718 684.63 91.928 -64.456 750.18 97.782 -74.317 892.77 91.718
0.575 -17.34 696.6 91.869 -66.621 761.38 97.961 -76.876 903.12 91.782
0.58333 -19.026 708.75 91.791 -68.874 772.67 98.167 -79.57 913.62 91.854
0.59167 -20.799 721.12 91.698 -71.209 784.07 98.397 -82.395 924.28 91.933
0.6 -22.65 733.73 91.599 -73.627 795.57 98.644 -85.341 935.1 92.018
0.60833 -24.59 746.57 91.506 -76.123 807.18 98.899 -88.396 946.05 92.108
0.61667 -26.623 759.64 91.436 -78.69 818.91 99.157 -91.547 957.11 92.2
0.625 -28.745 772.91 91.406 -81.319 830.75 99.409 -94.778 968.25 92.292
0.63333 -30.95 786.34 91.432 -83.999 842.68 99.648 -98.073 979.44 92.382
0.64167 -33.224 799.87 91.53 -86.718 854.71 99.868 -101.41 990.64 92.469
0.65 -35.562 813.43 91.704 -89.458 866.8 100.07 -104.79 1001.8 92.551
0.65833 -37.953 826.97 91.961 -92.204 878.95 100.24 -108.18 1012.9 92.628
0.66667 -40.391 840.43 92.295 -94.937 891.12 100.39 -111.57 1024 92.703
0.675 -42.872 853.74 92.7 -97.638 903.3 100.51 -114.95 1034.9 92.778
0.68333 -45.392 866.86 93.161 -100.29 915.45 100.61 -118.3 1045.7 92.856
0.69167 -47.947 879.74 93.665 -102.87 927.55 100.69 -121.62 1056.4 92.941
0.7 -50.532 892.36 94.194 -105.38 939.57 100.74 -124.9 1067.1 93.036
0.70833 -53.139 904.7 94.731 -107.79 951.5 100.78 -128.13 1077.6 93.144
0.71667 -55.76 916.74 95.26 -110.11 963.3 100.8 -131.29 1088.1 93.267
0.725 -58.39 928.5 95.769 -112.33 974.95 100.8 -134.39 1098.6 93.405
0.73333 -61.029 940.02 96.255 -114.45 986.45 100.79 -137.42 1109.1 93.558
0.74167 -63.68 951.34 96.719 -116.47 997.77 100.76 -140.36 1119.6 93.722
0.75 -66.351 962.53 97.165 -118.41 1008.9 100.71 -143.22 1130.1 93.893
0.75833 -69.043 973.62 97.6 -120.27 1019.9 100.64 -145.98 1140.6 94.065
0.76667 -71.757 984.68 98.031 -122.07 1030.7 100.56 -148.64 1151.2 94.232
0.775 -74.478 995.73 98.466 -123.82 1041.3 100.46 -151.2 1161.9 94.388
0.78333 -77.195 1006.8 98.905 -125.54 1051.8 100.35 -153.65 1172.5 94.525
0.79167 -79.885 1017.9 99.354 -127.23 1062.1 100.22 -155.98 1183.2 94.641
0.8 -82.52 1028.9 99.819 -128.91 1072.3 100.08 -158.21 1193.9 94.731
0.80833 -85.079 1040 100.3 -130.58 1082.5 99.944 -160.32 1204.5 94.793
0.81667 -87.542 1051 100.8 -132.25 1092.5 99.802 -162.34 1215.1 94.826
0.825 -89.897 1062 101.31 -133.93 1102.6 99.661 -164.25 1225.7 94.835
0.83333 -92.144 1072.9 101.85 -135.62 1112.6 99.524 -166.07 1236.2 94.82
0.84167 -94.289 1083.7 102.4 -137.32 1122.6 99.393 -167.82 1246.7 94.787
0.85 -96.342 1094.4 102.98 -139.03 1132.7 99.27 -169.49 1257.1 94.739
0.85833 -98.328 1105.1 103.57 -140.75 1142.8 99.157 -171.11 1267.5 94.684
0.86667 -100.27 1115.7 104.17 -142.47 1152.9 99.054 -172.69 1277.7 94.624
0.875 -102.19 1126.2 104.79 -144.2 1163.2 98.962 -174.23 1288 94.563
0.88333 -104.12 1136.8 105.42 -145.93 1173.5 98.883 -175.75 1298.2 94.505
0.89167 -106.07 1147.3 106.06 -147.67 1183.9 98.816 -177.25 1308.4 94.45
0.9 -108.05 1157.8 106.69 -149.42 1194.3 98.765 -178.74 1318.6 94.399
0.90833 -110.06 1168.3 107.32 -151.17 1204.9 98.729 -180.22 1328.7 94.35
0.91667 -112.1 1178.8 107.95 -152.94 1215.5 98.712 -181.68 1338.9 94.302
0.925 -114.15 1189.4 108.56 -154.73 1226.2 98.715 -183.13 1349.1 94.251
0.93333 -116.19 1200 109.15 -156.54 1236.9 98.74 -184.56 1359.3 94.196
0.94167 -118.21 1210.6 109.72 -158.38 1247.7 98.788 -185.97 1369.6 94.134
0.95 -120.17 1221.3 110.26 -160.26 1258.6 98.861 -187.37 1379.9 94.064
0.95833 -122.06 1232.1 110.77 -162.16 1269.5 98.958 -188.74 1390.2 93.982
0.96667 -123.88 1243 111.25 -164.11 1280.5 99.078 -190.09 1400.6 93.891
0.975 -125.62 1254 111.68 -166.09 1291.6 99.219 -191.41 1411 93.791
0.98333 -127.29 1265.1 112.08 -168.1 1302.7 99.38 -192.72 1421.4 93.681
0.99167 -128.9 1276.4 112.43 -170.13 1313.9 99.557 -194.01 1432 93.565
1 -130.48 1287.8 112.75 -172.19 1325.2 99.747 -195.28 1442.6 93.443
1.0083 -132.05 1299.4 113.02 -174.26 1336.5 99.946 -196.54 1453.2 93.317
1.0167 -133.63 1311.2 113.26 -176.34 1347.9 100.15 -197.79 1463.9 93.188
1.025 -135.26 1323.1 113.48 -178.41 1359.4 100.36 -199.02 1474.7 93.055
1.0333 -136.95 1335.3 113.69 -180.47 1370.9 100.57 -200.25 1485.6 92.918
1.0417 -138.72 1347.5 113.88 -182.52 1382.5 100.78 -201.45 1496.5 92.776
1.05 -140.57 1360 114.06 -184.54 1394.1 100.99 -202.64 1507.6 92.629
1.0583 -142.51 1372.4 114.23 -186.54 1405.7 101.18 -203.81 1518.6 92.473
1.0667 -144.52 1384.9 114.39 -188.5 1417.5 101.37 -204.97 1529.8 92.31
1.075 -146.58 1397.5 114.54 -190.42 1429.2 101.54 -206.1 1541 92.138
1.0833 -148.66 1410 114.68 -192.32 1441.1 101.69 -207.23 1552.3 91.96
1.0917 -150.76 1422.5 114.8 -194.17 1453 101.83 -208.35 1563.6 91.778
1.1 -152.88 1435 114.91 -195.99 1464.9 101.93 -209.49 1575 91.594
1.1083 -155.03 1447.5 115 -197.77 1477 102.01 -210.65 1586.5 91.415
1.1167 -157.22 1460.1 115.07 -199.51 1489.1 102.06 -211.84 1598.1 91.245
1.125 -159.49 1472.7 115.14 -201.22 1501.3 102.07 -213.08 1609.8 91.088
1.1333 -161.86 1485.5 115.18 -202.9 1513.7 102.05 -214.37 1621.5 90.95
1.1417 -164.33 1498.4 115.21 -204.55 1526.1 102 -215.74 1633.3 90.832
1.15 -166.93 1511.5 115.21 -206.18 1538.6 101.92 -217.16 1645.3 90.736
1.1583 -169.65 1524.6 115.18 -207.8 1551.2 101.82 -218.65 1657.3 90.66
1.1667 -172.48 1537.9 115.12 -209.42 1563.8 101.7 -220.19 1669.4 90.599
1.175 -175.4 1551.2 115.01 -211.06 1576.5 101.58 -221.77 1681.6 90.548
1.1833 -178.38 1564.5 114.86 -212.73 1589.2 101.46 -223.37 1693.9 90.499
1.1917 -181.39 1577.8 114.68 -214.46 1601.9 101.35 -224.99 1706.2 90.444
1.2 -184.39 1591 114.46 -216.26 1614.6 101.25 -226.6 1718.4 90.373
1.2083 -187.33 1604 114.23 -218.15 1627.1 101.18 -228.19 1730.7 90.279
1.2167 -190.17 1616.9 113.99 -220.14 1639.7 101.14 -229.77 1742.9 90.157
1.225 -192.86 1629.6 113.75 -222.25 1652.1 101.14 -231.33 1755 90.004
1.2333 -195.39 1642.1 113.54 -224.47 1664.3 101.18 -232.88 1767 89.819
1.2417 -197.75 1654.4 113.35 -226.82 1676.4 101.26 -234.45 1778.8 89.606
1.25 -199.93 1666.6 113.2 -229.28 1688.3 101.39 -236.04 1790.5 89.371
1.2583 -201.98 1678.6 113.1 -231.85 1700.1 101.56 -237.7 1802.1 89.122
1.2667 -203.91 1690.6 113.04 -234.51 1711.6 101.77 -239.46 1813.5 88.869
1.275 -205.79 1702.4 113.02 -237.25 1723 102.02 -241.33 1824.7 88.622
1.2833 -207.64 1714.2 113.03 -240.05 1734.2 102.31 -243.35 1835.9 88.391
1.2917 -209.51 1726 113.06 -242.9 1745.2 102.63 -245.53 1846.9 88.183
1.3 -211.43 1737.8 113.11 -245.78 1756.1 102.98 -247.89 1857.9 88.003
1.3083 -213.45 1749.5 113.16 -248.69 1766.9 103.36 -250.43 1868.8 87.854
1.3167 -215.56 1761.2 113.19 -251.61 1777.5 103.76 -253.14 1879.7 87.737
1.325 -217.8 1772.9 113.21 -254.54 1788 104.19 -256.02 1890.5 87.648
1.3333 -220.14 1784.4 113.21 -257.49 1798.5 104.63 -259.05 1901.4 87.582
1.3417 -222.59 1795.9 113.18 -260.46 1808.9 105.09 -262.2 1912.2 87.533
1.35 -225.11 1807.3 113.11 -263.46 1819.3 105.57 -265.44 1923 87.495
1.3583 -227.68 1818.5 113.01 -266.5 1829.6 106.07 -268.76 1933.8 87.459
1.3667 -230.3 1829.5 112.88 -269.6 1839.9 106.57 -272.14 1944.6 87.421
1.375 -232.93 1840.4 112.73 -272.75 1850.2 107.09 -275.56 1955.3 87.375
1.3833 -235.57 1851.2 112.55 -275.98 1860.5 107.61 -279 1966 87.318
1.3917 -238.22 1861.8 112.36 -279.28 1870.8 108.13 -282.47 1976.6 87.251
1.4 -240.88 1872.2 112.16 -282.65 1881 108.65 -285.95 1987.2 87.172
1.4083 -243.57 1882.6 111.95 -286.09 1891.2 109.16 -289.46 1997.7 87.084
1.4167 -246.3 1892.8 111.75 -289.6 1901.5 109.65 -293 2008 86.99
1.425 -249.1 1903.1 111.55 -293.18 1911.7 110.12 -296.58 2018.3 86.894
1.4333 -251.97 1913.2 111.35 -296.8 1922 110.57 -300.2 2028.5 86.798
1.4417 -254.95 1923.4 111.17 -300.48 1932.3 110.98 -303.88 2038.7 86.706
1.45 -258.04 1933.6 110.99 -304.19 1942.7 111.36 -307.62 2048.7 86.62
1.4583 -261.25 1943.8 110.83 -307.94 1953.2 111.69 -311.42 2058.8 86.54
1.4667 -264.59 1954.1 110.67 -311.73 1963.7 111.99 -315.28 2068.7 86.468
1.475 -268.03 1964.5 110.52 -315.55 1974.2 112.25 -319.21 2078.7 86.403
1.4833 -271.58 1974.9 110.38 -319.42 1984.9 112.47 -323.19 2088.7 86.344
1.4917 -275.2 1985.3 110.25 -323.32 1995.6 112.65 -327.22 2098.6 86.29
1.5 -278.88 1995.8 110.15 -327.27 2006.4 112.8 -331.31 2108.7 86.239
1.5083 -282.6 2006.4 110.06 -331.26 2017.3 112.92 -335.43 2118.7 86.192
1.5167 -286.34 2017 110.01 -335.31 2028.2 113.01 -339.59 2128.9 86.146
1.525 -290.1 2027.6 109.98 -339.4 2039.2 113.08 -343.78 2139.1 86.102
1.5333 -293.88 2038.3 109.97 -343.56 2050.2 113.14 -348.01 2149.3 86.061
1.5417 -297.69 2049 109.98 -347.76 2061.3 113.18 -352.27 2159.7 86.022
1.55 -301.56 2059.8 110.01 -352.03 2072.4 113.22 -356.57 2170.1 85.988
1.5583 -305.51 2070.6 110.03 -356.34 2083.6 113.26 -360.9 2180.5 85.96
1.5667 -309.57 2081.6 110.04 -360.71 2094.9 113.29 -365.27 2191.1 85.938
1.575 -313.75 2092.7 110.02 -365.13 2106.2 113.33 -369.69 2201.7 85.924
1.5833 -318.06 2103.8 109.98 -369.6 2117.5 113.38 -374.15 2212.3 85.917
1.5917 -322.52 2115.1 109.92 -374.12 2129 113.43 -378.66 2223 85.916
1.6 -327.12 2126.5 109.84 -378.7 2140.4 113.48 -383.22 2233.7 85.92
1.6083 -331.85 2137.9 109.75 -383.34 2152 113.55 -387.83 2244.5 85.925
1.6167 -336.72 2149.3 109.65 -388.04 2163.5 113.62 -392.48 2255.3 85.928
1.625 -341.71 2160.8 109.53 -392.8 2175.1 113.71 -397.17 2266.2 85.924
1.6333 -346.82 2172.4 109.42 -397.65 2186.7 113.8 -401.9 2277.2 85.909
1.6417 -352.03 2184 109.29 -402.57 2198.3 113.91 -406.66 2288.3 85.875
1.65 -357.36 2195.8 109.17 -407.59 2209.9 114.03 -411.44 2299.4 85.82
1.6583 -362.8 2207.8 109.05 -412.71 2221.4 114.15 -416.23 2310.7 85.738
1.6667 -368.34 2219.9 108.95 -417.92 2233 114.29 -421.04 2322.1 85.626
1.675 -373.97 2232.2 108.86 -423.24 2244.5 114.43 -425.86 2333.6 85.484
1.6833 -379.71 2244.7 108.8 -428.66 2256 114.58 -430.69 2345.2 85.313
1.6917 -385.54 2257.3 108.79 -434.16 2267.5 114.73 -435.53 2356.8 85.115
1.7 -391.45 2270.1 108.82 -439.75 2279.1 114.88 -440.37 2368.6 84.895
1.7083 -397.42 2283 108.92 -445.39 2290.6 115.02 -445.22 2380.3 84.659
1.7167 -403.44 2295.9 109.1 -451.07 2302.2 115.14 -450.07 2392 84.412
1.725 -409.5 2308.8 109.34 -456.76 2313.9 115.25 -454.94 2403.7 84.164
1.7333 -415.57 2321.6 109.66 -462.44 2325.6 115.33 -459.8 2415.3 83.921
1.7417 -421.63 2334.2 110.04 -468.07 2337.4 115.39 -464.66 2426.8 83.689
1.75 -427.66 2346.7 110.48 -473.62 2349.2 115.42 -469.51 2438.3 83.472
1.7583 -433.63 2358.9 110.94 -479.06 2361 115.42 -474.33 2449.5 83.275
1.7667 -439.52 2370.8 111.42 -484.38 2372.9 115.38 -479.13 2460.7 83.098
1.775 -445.31 2382.4 111.88 -489.54 2384.7 115.31 -483.87 2471.8 82.942
1.7833 -451.01 2393.7 112.3 -494.53 2396.4 115.21 -488.56 2482.8 82.804
1.7917 -456.6 2404.8 112.67 -499.35 2408.1 115.08 -493.16 2493.7 82.682
1.8 -462.11 2415.6 112.97 -503.99 2419.6 114.91 -497.68 2504.7 82.571
1.8083 -467.55 2426.2 113.22 -508.46 2431 114.72 -502.09 2515.6 82.47
1.8167 -472.92 2436.6 113.4 -512.75 2442.2 114.51 -506.39 2526.6 82.374
1.825 -478.23 2447 113.53 -516.9 2453.3 114.28 -510.57 2537.7 82.282
1.8333 -483.47 2457.3 113.62 -520.91 2464.2 114.02 -514.63 2548.9 82.192
1.8417 -488.64 2467.6 113.69 -524.8 2474.9 113.76 -518.58 2560.2 82.105
1.85 -493.72 2477.9 113.75 -528.6 2485.5 113.47 -522.41 2571.6 82.022
1.8583 -498.7 2488.2 113.82 -532.34 2496 113.17 -526.13 2583 81.943
1.8667 -503.57 2498.6 113.91 -536.01 2506.3 112.86 -529.76 2594.6 81.87
1.875 -508.29 2509 114.03 -539.66 2516.7 112.52 -533.3 2606.2 81.803
1.8833 -512.88 2519.4 114.19 -543.28 2527 112.18 -536.75 2617.9 81.741
1.8917 -517.3 2529.9 114.4 -546.89 2537.3 111.81 -540.12 2629.6 81.682
1.9 -521.57 2540.4 114.64 -550.49 2547.7 111.43 -543.43 2641.2 81.624
1.9083 -525.69 2550.9 114.91 -554.1 2558 111.03 -546.66 2652.8 81.561
1.9167 -529.67 2561.3 115.22 -557.71 2568.5 110.63 -549.82 2664.4 81.49
1.925 -533.53 2571.7 115.54 -561.33 2579 110.21 -552.91 2675.9 81.402
1.9333 -537.29 2582.1 115.88 -564.95 2589.6 109.79 -555.94 2687.4 81.295
1.9417 -540.98 2592.5 116.21 -568.58 2600.2 109.37 -558.89 2698.8 81.162
1.95 -544.62 2602.8 116.55 -572.2 2610.9 108.96 -561.77 2710.1 81.001
1.9583 -548.23 2613.1 116.87 -575.83 2621.7 108.57 -564.58 2721.4 80.811
1.9667 -551.84 2623.4 117.19 -579.46 2632.5 108.21 -567.33 2732.6 80.59
1.975 -555.46 2633.7 117.5 -583.09 2643.4 107.87 -570.02 2743.9 80.341
1.9833 -559.1 2643.9 117.8 -586.73 2654.3 107.56 -572.66 2755.1 80.068
1.9917 -562.75 2654.1 118.09 -590.37 2665.3 107.29 -575.26 2766.3 79.776
2 -566.41 2664.4 118.37 -594.02 2676.3 107.05 -577.83 2777.5 79.469
2.0083 -570.08 2674.7 118.66 -597.69 2687.4 106.85 -580.39 2788.8 79.153
2.0167 -573.72 2685 118.94 -601.36 2698.6 106.67 -582.93 2800 78.834
2.025 -577.34 2695.4 119.21 -605.05 2709.8 106.52 -585.48 2811.3 78.516
2.0333 -580.89 2706 119.47 -608.74 2721.1 106.38 -588.04 2822.6 78.202
2.0417 -584.38 2716.7 119.71 -612.44 2732.4 106.26 -590.61 2833.9 77.894
2.05 -587.79 2727.5 119.93 -616.13 2743.8 106.16 -593.19 2845.3 77.594
2.0583 -591.11 2738.4 120.12 -619.82 2755.3 106.06 -595.78 2856.7 77.302
2.0667 -594.34 2749.6 120.26 -623.48 2766.9 105.98 -598.38 2868.1 77.019
2.075 -597.49 2760.9 120.37 -627.13 2778.5 105.9 -600.98 2879.6 76.743
2.0833 -600.58 2772.4 120.44 -630.74 2790.2 105.84 -603.57 2891.2 76.473
2.0917 -603.62 2784.1 120.49 -634.3 2802 105.79 -606.15 2902.9 76.21
2.1 -606.65 2795.9 120.52 -637.82 2813.9 105.76 -608.71 2914.6 75.952
2.1083 -609.69 2808 120.53 -641.28 2825.8 105.75 -611.24 2926.4 75.699
2.1167 -612.77 2820.1 120.54 -644.69 2837.9 105.75 -613.73 2938.2 75.45
2.125 -615.92 2832.4 120.55 -648.03 2850 105.78 -616.17 2950.1 75.204
2.1333 -619.15 2844.6 120.55 -651.31 2862.3 105.81 -618.57 2962 74.961
2.1417 -622.46 2856.9 120.56 -654.52 2874.6 105.85 -620.92 2974 74.719
2.15 -625.84 2869.1 120.56 -657.67 2887.1 105.88 -623.22 2986 74.476
2.1583 -629.3 2881.3 120.56 -660.76 2899.7 105.91 -625.47 2998.1 74.233
2.1667 -632.82 2893.6 120.55 -663.78 2912.4 105.91 -627.66 3010.2 73.987
2.175 -636.4 2905.9 120.55 -666.72 2925.3 105.88 -629.81 3022.4 73.739
2.1833 -640.03 2918.3 120.55 -669.59 2938.3 105.81 -631.91 3034.6 73.489
2.1917 -643.73 2930.9 120.55 -672.38 2951.4 105.7 -633.97 3046.9 73.239
2.2 -647.46 2943.8 120.54 -675.09 2964.5 105.55 -635.98 3059.3 72.989
2.2083 -651.23 2956.8 120.52 -677.71 2977.8 105.36 -637.96 3071.8 72.745
2.2167 -655.03 2970.2 120.48 -680.23 2991.1 105.14 -639.9 3084.3 72.509
2.225 -658.85 2983.8 120.4 -682.67 3004.5 104.89 -641.81 3097 72.285
2.2333 -662.68 2997.6 120.28 -685.03 3017.9 104.63 -643.69 3109.8 72.078
2.2417 -666.52 3011.5 120.11 -687.32 3031.2 104.35 -645.55 3122.6 71.889
2.25 -670.37 3025.5 119.88 -689.54 3044.6 104.08 -647.39 3135.6 71.722
2.2583 -674.21 3039.5 119.59 -691.72 3057.8 103.82 -649.22 3148.5 71.576
2.2667 -678.02 3053.4 119.24 -693.87 3071 103.58 -651.03 3161.4 71.45
2.275 -681.77 3067.2 118.84 -696.03 3084.1 103.36 -652.84 3174.3 71.34
2.2833 -685.41 3080.8 118.39 -698.2 3097 103.17 -654.64 3187.1 71.24
2.2917 -688.92 3094.1 117.91 -700.42 3109.8 102.99 -656.45 3199.8 71.145
2.3 -692.24 3107.3 117.41 -702.69 3122.5 102.84 -658.25 3212.3 71.048
2.3083 -695.37 3120.3 116.89 -705.02 3135 102.7 -660.06 3224.6 70.941
2.3167 -698.29 3133.1 116.37 -707.44 3147.3 102.58 -661.89 3236.8 70.817
2.325 -701.02 3145.7 115.86 -709.92 3159.4 102.46 -663.72 3248.8 70.673
2.3333 -703.56 3158.2 115.35 -712.48 3171.3 102.35 -665.57 3260.6 70.504
2.3417 -705.92 3170.6 114.86 -715.09 3183 102.24 -667.43 3272.2 70.309
2.35 -708.11 3183 114.38 -717.74 3194.6 102.13 -669.32 3283.7 70.088
2.3583 -710.16 3195.4 113.9 -720.41 3206 102.03 -671.23 3295.1 69.845
2.3667 -712.09 3207.8 113.44 -723.08 3217.2 101.93 -673.18 3306.4 69.585
2.375 -713.92 3220.3 112.97 -725.74 3228.2 101.83 -675.17 3317.7 69.315
2.3833 -715.69 3232.8 112.5 -728.37 3239.2 101.73 -677.2 3329 69.04
2.3917 -717.45 3245.3 112.03 -730.96 3250 101.65 -679.29 3340.3 68.77
2.4 -719.2 3257.8 111.55 -733.51 3260.8 101.57 -681.44 3351.7 68.511
2.4083 -720.98 3270.2 111.06 -736.01 3271.6 101.49 -683.66 3363.1 68.27
2.4167 -722.81 3282.5 110.56 -738.47 3282.3 101.42 -685.97 3374.5 68.051
2.425 -724.7 3294.6 110.04 -740.9 3293.1 101.35 -688.36 3386 67.857
2.4333 -726.65 3306.6 109.53 -743.31 3303.9 101.28 -690.83 3397.4 67.689
2.4417 -728.65 3318.4 109 -745.7 3314.8 101.21 -693.39 3408.9 67.548
2.45 -730.71 3330.1 108.49 -748.09 3325.8 101.14 -696.02 3420.4 67.43
2.4583 -732.81 3341.6 107.97 -750.49 3336.9 101.07 -698.73 3431.8 67.331
2.4667 -734.95 3353 107.46 -752.9 3348 100.99 -701.5 3443.2 67.248
2.475 -737.1 3364.3 106.96 -755.33 3359.2 100.91 -704.32 3454.5 67.174
2.4833 -739.27 3375.5 106.47 -757.79 3370.5 100.83 -707.17 3465.8 67.105
2.4917 -741.44 3386.8 105.97 -760.26 3381.9 100.75 -710.03 3477 67.035
2.5 -743.61 3398 105.48 -762.75 3393.3 100.67 -712.91 3488.2 66.959
2.5083 -745.79 3409.2 104.97 -765.26 3404.8 100.59 -715.78 3499.3 66.875
2.5167 -747.98 3420.5 104.44 -767.77 3416.4 100.51 -718.64 3510.4 66.781
2.525 -750.19 3431.7 103.88 -770.29 3428 100.42 -721.48 3521.5 66.676
2.5333 -752.44 3442.9 103.29 -772.81 3439.8 100.34 -724.3 3532.5 66.561
2.5417 -754.73 3454.1 102.67 -775.33 3451.5 100.24 -727.11 3543.6 66.438
2.55 -757.09 3465.3 102.02 -777.85 3463.4 100.14 -729.9 3554.6 66.308
2.5583 -759.49 3476.5 101.35 -780.37 3475.4 100.03 -732.68 3565.7 66.175
2.5667 -761.95 3487.7 100.67 -782.89 3487.4 99.909 -735.46 3576.8 66.04
2.575 -764.46 3498.8 100 -785.42 3499.5 99.774 -738.23 3588 65.907
2.5833 -767.01 3510 99.362 -787.96 3511.7 99.628 -741.01 3599.3 65.777
2.5917 -769.56 3521.1 98.766 -790.51 3524 99.471 -743.78 3610.6 65.649
2.6 -772.13 3532.4 98.226 -793.08 3536.3 99.308 -746.53 3622 65.524
2.6083 -774.68 3543.7 97.753 -795.66 3548.7 99.142 -749.28 3633.4 65.4
2.6167 -777.23 3555.1 97.349 -798.26 3561.2 98.979 -752 3645 65.277
2.625 -779.77 3566.6 97.008 -800.89 3573.7 98.824 -754.71 3656.6 65.153
2.6333 -782.32 3578.3 96.722 -803.53 3586.2 98.681 -757.38 3668.3 65.026
2.6417 -784.88 3590.3 96.478 -806.19 3598.8 98.556 -760.03 3680.1 64.896
2.65 -787.46 3602.4 96.262 -808.86 3611.4 98.451 -762.65 3692 64.765
2.6583 -790.09 3614.6 96.064 -811.55 3624.1 98.369 -765.25 3703.9 64.632
2.6667 -792.76 3627.1 95.874 -814.25 3636.8 98.311 -767.84 3716 64.5
2.675 -795.47 3639.7 95.684 -816.95 3649.5 98.275 -770.44 3728.1 64.372
2.6833 -798.24 3652.4 95.487 -819.65 3662.3 98.259 -773.05 3740.3 64.25
2.6917 -801.05 3665.2 95.277 -822.35 3675.1 98.261 -775.67 3752.5 64.137
2.7 -803.9 3678.2 95.048 -825.05 3688 98.276 -778.33 3764.9 64.033
2.7083 -806.78 3691.3 94.797 -827.74 3700.8 98.3 -781.01 3777.3 63.938
2.7167 -809.68 3704.6 94.525 -830.43 3713.7 98.329 -783.71 3789.9 63.853
2.725 -812.6 3718.1 94.236 -833.12 3726.7 98.358 -786.44 3802.5 63.773
2.7333 -815.53 3731.8 93.939 -835.81 3739.6 98.383 -789.16 3815.3 63.695
2.7417 -818.46 3745.8 93.644 -838.52 3752.5 98.4 -791.87 3828.2 63.615
2.75 -821.38 3759.9 93.367 -841.22 3765.5 98.408 -794.55 3841.1 63.528
2.7583 -824.3 3774.3 93.122 -843.94 3778.5 98.403 -797.18 3854.2 63.431
2.7667 -827.2 3788.7 92.925 -846.66 3791.4 98.385 -799.76 3867.4 63.32
2.775 -830.07 3803.3 92.788 -849.38 3804.4 98.352 -802.26 3880.6 63.194
2.7833 -832.91 3817.8 92.72 -852.08 3817.4 98.303 -804.69 3893.9 63.055
2.7917 -835.71 3832.3 92.726 -854.74 3830.5 98.237 -807.06 3907.2 62.905
2.8 -838.47 3846.6 92.804 -857.34 3843.5 98.153 -809.36 3920.5 62.749
2.8083 -841.18 3860.8 92.942 -859.86 3856.7 98.049 -811.6 3933.7 62.593
2.8167 -843.84 3874.6 93.128 -862.27 3869.8 97.924 -813.8 3946.8 62.444
2.825 -846.44 3888.2 93.337 -864.55 3883 97.773 -815.95 3959.9 62.307
2.8333 -848.98 3901.5 93.547 -866.67 3896.3 97.595 -818.08 3972.8 62.188
2.8417 -851.46 3914.5 93.728 -868.63 3909.5 97.385 -820.16 3985.7 62.091
2.85 -853.87 3927.1 93.854 -870.39 3922.7 97.14 -822.18 3998.4 62.015
2.8583 -856.21 3939.4 93.904 -871.98 3935.9 96.857 -824.12 4011 61.96
2.8667 -858.5 3951.5 93.867 -873.38 3949 96.536 -825.95 4023.6 61.92
2.875 -860.74 3963.3 93.743 -874.61 3962 96.173 -827.64 4036 61.889
2.8833 -862.92 3975 93.539 -875.69 3974.9 95.771 -829.14 4048.5 61.857
2.8917 -865.04 3986.5 93.271 -876.63 3987.5 95.33 -830.41 4061 61.815
2.9 -867.07 3997.9 92.956 -877.46 4000.1 94.852 -831.41 4073.5 61.751
2.9083 -868.98 4009.3 92.615 -878.21 4012.4 94.341 -832.13 4086 61.656
2.9167 -870.74 4020.6 92.269 -878.88 4024.5 93.8 -832.54 4098.5 61.521
2.925 -872.3 4031.9 91.941 -879.5 4036.5 93.232 -832.62 4111.1 61.34
2.9333 -873.64 4043 91.648 -880.06 4048.3 92.641 -832.4 4123.8 61.108
2.9417 -874.74 4054.2 91.402 -880.59 4059.9 92.028 -831.88 4136.4 60.825
2.95 -875.58 4065.2 91.212 -881.06 4071.5 91.395 -831.1 4149 60.493
2.9583 -876.17 4076.1 91.078 -881.48 4083 90.743 -830.08 4161.5 60.114
2.9667 -876.53 4086.9 90.998 -881.83 4094.5 90.071 -828.88 4173.9 59.697
2.975 -876.67 4097.7 90.962 -882.11 4106 89.38 -827.52 4186.2 59.249
2.9833 -876.64 4108.3 90.96 -882.29 4117.5 88.669 -826.05 4198.4 58.781
2.9917 -876.46 4118.9 90.98 -882.38 4129 87.941 -824.51 4210.5 58.3
3 -876.17 4129.5 91.012 -882.36 4140.5 87.2 -822.92 4222.4 57.818
3.0083 -875.8 4140 91.044 -882.23 4152.1 86.447 -821.29 4234.2 57.344
3.0167 -875.39 4150.5 91.07 -882 4163.6 85.693 -819.64 4245.9 56.885
3.025 -874.95 4161 91.083 -881.68 4175.2 84.944 -817.98 4257.5 56.448
3.0333 -874.52 4171.5 91.083 -881.26 4186.8 84.212 -816.3 4269 56.036
3.0417 -874.09 4182 91.068 -880.77 4198.4 83.506 -814.58 4280.5 55.65
3.05 -873.69 4192.4 91.043 -880.21 4210 82.837 -812.84 4292 55.289
3.0583 -873.3 4202.8 91.011 -879.59 4221.5 82.21 -811.04 4303.4 54.947
3.0667 -872.94 4213.2 90.981 -878.93 4233.1 81.635 -809.19 4314.9 54.62
3.075 -872.59 4223.6 90.955 -878.22 4244.6 81.111 -807.29 4326.4 54.298
3.0833 -872.23 4234 90.94 -877.46 4256.2 80.64 -805.31 4337.8 53.975
3.0917 -871.87 4244.4 90.937 -876.66 4267.8 80.218 -803.28 4349.3 53.642
3.1 -871.47 4254.8 90.948 -875.8 4279.4 79.839 -801.17 4360.7 53.295
3.1083 -871.03 4265.3 90.971 -874.87 4291 79.497 -799.01 4372.1 52.929
3.1167 -870.52 4275.8 91 -873.87 4302.7 79.185 -796.8 4383.5 52.544
3.125 -869.92 4286.5 91.031 -872.78 4314.5 78.895 -794.53 4394.8 52.141
3.1333 -869.21 4297.3 91.057 -871.59 4326.2 78.622 -792.21 4406.1 51.727
3.1417 -868.36 4308.2 91.071 -870.3 4338.1 78.362 -789.84 4417.4 51.308
3.15 -867.35 4319.3 91.07 -868.88 4349.9 78.115 -787.42 4428.7 50.894
3.1583 -866.17 4330.6 91.052 -867.33 4361.8 77.882 -784.95 4440 50.494
3.1667 -864.79 4342 91.022 -865.65 4373.6 77.664 -782.41 4451.3 50.115
3.175 -863.22 4353.5 90.984 -863.84 4385.5 77.467 -779.8 4462.6 49.767
3.1833 -861.46 4365.3 90.947 -861.88 4397.3 77.294 -777.12 4473.9 49.453
3.1917 -859.54 4377.2 90.919 -859.79 4409.1 77.149 -774.35 4485.3 49.174
3.2 -857.51 4389.2 90.905 -857.55 4420.9 77.032 -771.5 4496.7 48.928
3.2083 -855.4 4401.3 90.904 -855.18 4432.7 76.944 -768.55 4508.1 48.709
3.2167 -853.25 4413.6 90.917 -852.66 4444.5 76.88 -765.5 4519.6 48.51
3.225 -851.08 4425.8 90.935 -850 4456.4 76.834 -762.35 4531 48.322
3.2333 -848.89 4438.2 90.956 -847.2 4468.3 76.796 -759.09 4542.5 48.134
3.2417 -846.67 4450.6 90.973 -844.25 4480.2 76.756 -755.73 4554 47.94
3.25 -844.41 4463.1 90.986 -841.14 4492.3 76.704 -752.26 4565.4 47.731
3.2583 -842.08 4475.7 90.99 -837.89 4504.4 76.627 -748.69 4576.9 47.505
3.2667 -839.66 4488.4 90.983 -834.48 4516.6 76.518 -744.99 4588.4 47.26
3.275 -837.14 4501.4 90.964 -830.92 4528.9 76.369 -741.18 4599.9 46.999
3.2833 -834.5 4514.5 90.931 -827.21 4541.4 76.177 -737.25 4611.4 46.725
3.2917 -831.72 4527.9 90.88 -823.35 4553.8 75.944 -733.2 4623 46.444
3.3 -828.8 4541.4 90.803 -819.37 4566.4 75.671 -729.02 4634.7 46.164
3.3083 -825.73 4555.2 90.694 -815.28 4578.9 75.366 -724.72 4646.4 45.889
3.3167 -822.52 4569.1 90.542 -811.09 4591.4 75.039 -720.29 4658.2 45.624
3.325 -819.18 4583 90.339 -806.84 4603.9 74.7 -715.75 4670 45.37
3.3333 -815.72 4596.9 90.079 -802.54 4616.3 74.358 -711.11 4681.8 45.128
3.3417 -812.15 4610.7 89.756 -798.23 4628.7 74.024 -706.38 4693.7 44.895
3.35 -808.48 4624.4 89.372 -793.93 4640.9 73.706 -701.59 4705.5 44.664
3.3583 -804.71 4637.8 88.93 -789.66 4653 73.41 -696.75 4717.2 44.43
3.3667 -800.83 4651 88.433 -785.47 4665 73.138 -691.89 4728.9 44.185
3.375 -796.84 4663.9 87.893 -781.36 4676.9 72.891 -687.03 4740.4 43.923
3.3833 -792.74 4676.4 87.321 -777.35 4688.7 72.666 -682.2 4751.8 43.641
3.3917 -788.55 4688.7 86.726 -773.47 4700.3 72.46 -677.42 4763 43.336
3.4 -784.27 4700.6 86.121 -769.71 4711.9 72.266 -672.71 4774.1 43.012
3.4083 -779.92 4712.2 85.511 -766.07 4723.4 72.08 -668.07 4785.1 42.672
3.4167 -775.51 4723.6 84.906 -762.55 4734.7 71.894 -663.52 4796 42.324
3.425 -771.05 4734.9 84.306 -759.15 4745.9 71.705 -659.07 4806.7 41.977
3.4333 -766.54 4746 83.718 -755.85 4757 71.508 -654.71 4817.4 41.642
3.4417 -762 4757 83.141 -752.62 4768 71.301 -650.44 4828.1 41.328
3.45 -757.45 4768 82.576 -749.46 4778.8 71.081 -646.26 4838.8 41.044
3.4583 -752.9 4778.9 82.025 -746.34 4789.4 70.846 -642.15 4849.4 40.796
3.4667 -748.37 4789.9 81.481 -743.25 4799.9 70.597 -638.12 4860.1 40.588
3.475 -743.87 4800.7 80.939 -740.16 4810.2 70.336 -634.15 4870.8 40.419
3.4833 -739.43 4811.6 80.394 -737.06 4820.4 70.063 -630.23 4881.5 40.287
3.4917 -735.05 4822.4 79.837 -733.93 4830.4 69.78 -626.38 4892.2 40.186
3.5 -730.74 4833.1 79.262 -730.77 4840.3 69.489 -622.58 4902.9 40.109
3.5083 -726.51 4843.7 78.663 -727.56 4850.2 69.193 -618.83 4913.6 40.048
3.5167 -722.35 4854.2 78.035 -724.31 4860 68.895 -615.15 4924.2 39.995
3.525 -718.26 4864.7 77.377 -720.99 4869.8 68.599 -611.52 4934.7 39.941
3.5333 -714.21 4875 76.686 -717.63 4879.6 68.305 -607.95 4945.1 39.88
3.5417 -710.2 4885.2 75.967 -714.21 4889.5 68.017 -604.44 4955.5 39.809
3.55 -706.21 4895.4 75.222 -710.73 4899.4 67.739 -600.98 4965.7 39.724
3.5583 -702.22 4905.5 74.459 -707.2 4909.4 67.471 -597.56 4975.8 39.624
3.5667 -698.23 4915.6 73.683 -703.63 4919.5 67.214 -594.18 4985.8 39.509
3.575 -694.22 4925.8 72.899 -700 4929.6 66.968 -590.82 4995.7 39.379
3.5833 -690.19 4935.9 72.112 -696.33 4939.8 66.733 -587.47 5005.6 39.236
3.5917 -686.14 4946.1 71.327 -692.62 4950 66.504 -584.11 5015.3 39.081
3.6 -682.07 4956.4 70.544 -688.87 4960.3 66.279 -580.73 5025.1 38.913
3.6083 -678 4966.6 69.764 -685.07 4970.6 66.053 -577.31 5034.8 38.734
3.6167 -673.94 4976.9 68.987 -681.24 4981 65.821 -573.85 5044.5 38.543
3.625 -669.88 4987.2 68.213 -677.38 4991.3 65.579 -570.33 5054.2 38.34
3.6333 -665.85 4997.4 67.44 -673.48 5001.7 65.323 -566.74 5063.9 38.124
3.6417 -661.84 5007.7 66.67 -669.54 5012.1 65.051 -563.1 5073.6 37.897
3.65 -657.86 5017.9 65.907 -665.57 5022.5 64.759 -559.4 5083.3 37.659
3.6583 -653.91 5028.2 65.156 -661.58 5032.9 64.448 -555.63 5093.1 37.41
3.6667 -649.99 5038.4 64.423 -657.55 5043.4 64.121 -551.81 5102.9 37.152
3.675 -646.09 5048.7 63.718 -653.49 5054 63.782 -547.94 5112.7 36.888
3.6833 -642.21 5059 63.048 -649.42 5064.6 63.44 -544.01 5122.7 36.618
3.6917 -638.34 5069.4 62.422 -645.31 5075.3 63.078 -540.03 5132.7 36.346
3.7 -634.48 5079.8 61.845 -641.22 5086 62.719 -535.99 5142.7 36.07
3.7083 -630.61 5090.3 61.322 -637.07 5096.9 62.364 -531.89 5152.9 35.795
3.7167 -626.74 5100.9 60.843 -632.92 5107.7 61.999 -527.71 5163.1 35.517
3.725 -622.84 5111.7 60.407 -628.74 5118.7 61.645 -523.46 5173.4 35.237
3.7333 -618.9 5122.6 60.001 -624.56 5129.7 61.285 -519.11 5183.7 34.953
3.7417 -614.9 5133.6 59.612 -620.34 5140.8 60.934 -514.68 5194.1 34.665
3.75 -610.83 5144.8 59.229 -616.1 5151.9 60.589 -510.16 5204.6 34.374
3.7583 -606.65 5156.1 58.838 -611.83 5163.1 60.252 -505.54 5215.1 34.079
3.7667 -602.36 5167.5 58.433 -607.52 5174.4 59.928 -500.85 5225.7 33.782
3.775 -597.96 5179 58.004 -603.19 5185.7 59.597 -496.07 5236.3 33.483
3.7833 -593.44 5190.7 57.551 -598.82 5197 59.276 -491.23 5246.9 33.186
3.7917 -588.82 5202.4 57.069 -594.43 5208.3 58.958 -486.34 5257.6 32.891
3.8 -584.08 5214.3 56.556 -590.01 5219.7 58.646 -481.39 5268.3 32.601
3.8083 -579.25 5226.3 56.011 -585.56 5231.2 58.336 -476.41 5279.1 32.314
3.8167 -574.32 5238.5 55.436 -581.08 5242.6 58.028 -471.4 5289.9 32.029
3.825 -569.31 5250.8 54.837 -576.58 5254.1 57.72 -466.35 5300.7 31.742
3.8333 -564.23 5263.4 54.221 -572.06 5265.6 57.41 -461.27 5311.6 31.448
3.8417 -559.1 5276.2 53.602 -567.52 5277.2 57.093 -456.14 5322.5 31.14
3.85 -553.91 5289.1 52.992 -562.97 5288.7 56.768 -450.97 5333.4 30.809
3.8583 -548.67 5302.2 52.408 -558.38 5300.3 56.43 -445.73 5344.3 30.449
3.8667 -543.37 5315.4 51.867 -553.76 5311.9 56.075 -440.43 5355.1 30.052
3.875 -538.02 5328.6 51.389 -549.1 5323.6 55.698 -435.05 5365.9 29.616
3.8833 -532.66 5341.6 50.977 -544.39 5335.3 55.29 -429.61 5376.6 29.137
3.8917 -527.26 5354.5 50.646 -539.59 5347.1 54.851 -424.09 5387.2 28.62
3.9 -521.87 5367.2 50.392 -534.7 5358.9 54.374 -418.52 5397.7 28.067
3.9083 -516.49 5379.5 50.206 -529.7 5370.7 53.854 -412.89 5408.2 27.49
3.9167 -511.17 5391.5 50.069 -524.57 5382.5 53.286 -407.21 5418.5 26.898
3.925 -505.93 5403 49.957 -519.28 5394.3 52.667 -401.5 5428.7 26.301
3.9333 -500.8 5414.2 49.842 -513.82 5406.1 51.995 -395.76 5438.8 25.712
3.9417 -495.79 5425 49.693 -508.19 5417.8 51.268 -389.97 5448.8 25.14
3.95 -490.93 5435.3 49.483 -502.39 5429.4 50.486 -384.14 5458.8 24.591
3.9583 -486.21 5445.4 49.195 -496.4 5440.9 49.652 -378.25 5468.7 24.069
3.9667 -481.62 5455.1 48.817 -490.26 5452.2 48.768 -372.28 5478.5 23.572
3.975 -477.12 5464.6 48.351 -483.96 5463.4 47.84 -366.19 5488.2 23.095
3.9833 -472.68 5473.8 47.805 -477.55 5474.3 46.872 -359.97 5497.8 22.632
3.9917 -468.23 5482.9 47.193 -471.03 5484.9 45.873 -353.57 5507.4 22.171
4 -463.7 5491.9 46.534 -464.46 5495.3 44.85 -346.98 5516.8 21.702
4.0083 -459.04 5500.6 45.849 -457.84 5505.5 43.809 -340.17 5526.2 21.216
4.0167 -454.19 5509.2 45.159 -451.22 5515.4 42.759 -333.14 5535.4 20.705
4.025 -449.11 5517.5 44.483 -444.61 5525 41.704 -325.88 5544.4 20.164
4.0333 -443.8 5525.6 43.836 -438.03 5534.4 40.649 -318.4 5553.3 19.592
4.0417 -438.28 5533.4 43.228 -431.46 5543.6 39.596 -310.72 5562 18.99
4.05 -432.59 5540.9 42.666 -424.91 5552.7 38.545 -302.87 5570.5 18.365
4.0583 -426.77 5548.1 42.148 -418.36 5561.5 37.497 -294.89 5578.8 17.724
4.0667 -420.88 5555.1 41.672 -411.79 5570.3 36.448 -286.8 5586.9 17.074
4.075 -414.96 5561.8 41.228 -405.17 5578.9 35.396 -278.64 5594.7 16.424
4.0833 -409.04 5568.4 40.807 -398.46 5587.4 34.337 -270.44 5602.3 15.779
4.0917 -403.15 5574.7 40.399 -391.65 5595.8 33.27 -262.23 5609.8 15.145
4.1 -397.31 5581 39.996 -384.72 5604 32.196 -254.03 5616.9 14.525
4.1083 -391.55 5587.2 39.592 -377.65 5612.2 31.116 -245.84 5623.9 13.919
4.1167 -385.86 5593.4 39.181 -370.43 5620.2 30.029 -237.66 5630.7 13.324
4.125 -380.25 5599.7 38.763 -363.06 5628.2 28.945 -229.5 5637.3 12.738
4.1333 -374.7 5606.1 38.337 -355.57 5636 27.875 -221.34 5643.8 12.158
4.1417 -369.18 5612.5 37.905 -347.93 5643.6 26.806 -213.17 5650.1 11.58
4.15 -363.67 5619 37.468 -340.2 5651.1 25.766 -204.99 5656.2 11.001
4.1583 -358.14 5625.6 37.028 -332.38 5658.5 24.757 -196.77 5662.2 10.421
4.1667 -352.56 5632.3 36.589 -324.49 5665.8 23.787 -188.52 5668.1 9.8394
4.175 -346.92 5639 36.149 -316.53 5672.9 22.86 -180.22 5673.9 9.2576
4.1833 -341.2 5645.7 35.709 -308.54 5679.9 21.981 -171.87 5679.5 8.6791
4.1917 -335.39 5652.3 35.269 -300.49 5686.8 21.152 -163.46 5685.1 8.1075
4.2 -329.49 5658.8 34.824 -292.4 5693.6 20.373 -155 5690.6 7.5471
4.2083 -323.48 5665.3 34.375 -284.25 5700.2 19.643 -146.48 5696 7.0005
4.2167 -317.37 5671.6 33.92 -276.04 5706.8 18.958 -137.9 5701.3 6.472
4.225 -311.13 5677.9 33.46 -267.75 5713.2 18.315 -129.26 5706.5 5.962
4.2333 -304.76 5684 32.995 -259.38 5719.5 17.709 -120.56 5711.7 5.4723
4.2417 -298.23 5690 32.531 -250.91 5725.7 17.137 -111.8 5716.7 5.0009
4.25 -291.51 5695.9 32.074 -242.34 5731.8 16.593 -102.96 5721.6 4.5467
4.2583 -284.56 5701.7 31.632 -233.66 5737.8 16.078 -94.061 5726.3 4.1076
4.2667 -277.36 5707.4 31.215 -224.88 5743.6 15.587 -85.09 5731 3.6795
4.275 -269.87 5712.9 30.834 -216 5749.3 15.121 -76.053 5735.6 3.2609
4.2833 -262.06 5718.4 30.499 -207.02 5754.9 14.679 -66.954 5740 2.8488
4.2917 -253.92 5723.7 30.219 -197.95 5760.3 14.263 -57.8 5744.3 2.4409
4.3 -245.45 5729 30 -188.79 5765.6 13.874 -48.599 5748.5 2.0357
4.3083 -236.68 5734.3 29.843 -179.54 5770.7 13.514 -39.36 5752.6 1.6342
4.3167 -227.64 5739.5 29.743 -170.21 5775.7 13.185 -30.089 5756.5 1.2361
4.325 -218.38 5744.7 29.692 -160.78 5780.6 12.887 -20.79 5760.3 0.84256
4.3333 -208.94 5750 29.679 -151.27 5785.3 12.622 -11.46 5764 0.45677
4.3417 -199.35 5755.3 29.696 -141.64 5789.8 12.386 -2.0952 5767.6 0.080236
4.35 -189.62 5760.6 29.733 -131.9 5794.3 12.176 7.3183 5771.1 359.72
4.3583 -179.73 5766 29.777 -122.03 5798.5 11.994 16.797 5774.4 359.37
4.3667 -169.67 5771.3 29.829 -112.02 5802.7 11.831 26.364 5777.6 359.03
4.375 -159.41 5776.7 29.88 -101.85 5806.6 11.688 36.041 5780.7 358.72
4.3833 -148.9 5782.1 29.927 -91.513 5810.5 11.56 45.853 5783.7 358.42
4.3917 -138.14 5787.4 29.975 -80.996 5814.2 11.441 55.82 5786.6 358.14
4.4 -127.07 5792.7 30.014 -70.299 5817.7 11.331 65.957 5789.4 357.88
4.4083 -115.71 5797.9 30.041 -59.416 5821.1 11.226 76.27 5792.1 357.64
4.4167 -104.06 5802.9 30.049 -48.352 5824.3 11.124 86.756 5794.7 357.42
4.425 -92.174 5807.9 30.03 -37.111 5827.5 11.024 97.402 5797.2 357.21
4.4333 -80.069 5812.7 29.97 -25.707 5830.5 10.925 108.19 5799.7 357.01
4.4417 -67.815 5817.4 29.859 -14.154 5833.4 10.826 119.07 5802.2 356.81
4.45 -55.474 5822 29.683 -2.4759 5836.2 10.726 130.03 5804.5 356.62
4.4583 -43.117 5826.4 29.434 9.3024 5838.9 10.625 141.02 5806.9 356.44
4.4667 -30.8 5830.6 29.103 21.15 5841.6 10.523 151.99 5809.2 356.26
4.475 -18.581 5834.7 28.69 33.031 5844.3 10.419 162.92 5811.4 356.07
4.4833 -6.5214 5838.6 28.202 44.907 5847 10.313 173.78 5813.7 355.89
4.4917 5.3479 5842.3 27.644 56.739 5849.7 10.207 184.53 5815.9 355.71
4.5 16.978 5845.8 27.032 68.483 5852.4 10.1 195.18 5818.1 355.53
4.5083 28.343 5849.1 26.38 80.099 5855.1 9.9955 205.72 5820.3 355.36
4.5167 39.438 5852.3 25.702 91.547 5857.8 9.894 216.15 5822.5 355.19
4.525 50.262 5855.3 25.01 102.79 5860.6 9.7973 226.49 5824.6 355.02
4.5333 60.844 5858.3 24.31 113.81 5863.4 9.7066 236.74 5826.8 354.86
4.5417 71.23 5861.2 23.604 124.58 5866.1 9.6226 246.94 5829.1 354.71
4.55 81.466 5864 22.897 135.08 5868.9 9.5445 257.1 5831.3 354.56
4.5583 91.6 5866.7 22.188 145.34 5871.7 9.4702 267.22 5833.6 354.42
4.5667 101.67 5869.4 21.477 155.35 5874.4 9.3968 277.32 5835.9 354.28
4.575 111.7 5872.1 20.763 165.14 5877.1 9.3198 287.4 5838.3 354.15
4.5833 121.72 5874.8 20.046 174.74 5879.7 9.2346 297.47 5840.6 354.03
4.5917 131.71 5877.5 19.323 184.19 5882.4 9.1361 307.51 5843 353.91
4.6 141.67 5880.1 18.595 193.53 5885 9.0194 317.52 5845.5 353.79
4.6083 151.59 5882.7 17.862 202.8 5887.5 8.8811 327.5 5847.9 353.69
4.6167 161.46 5885.3 17.125 212.04 5890.1 8.7185 337.43 5850.4 353.59
4.625 171.26 5887.9 16.387 221.28 5892.6 8.5308 347.3 5852.9 353.49
4.6333 180.98 5890.4 15.654 230.55 5895.1 8.3189 357.11 5855.4 353.41
4.6417 190.62 5892.9 14.931 239.86 5897.7 8.0861 366.86 5857.9 353.34
4.65 200.18 5895.3 14.222 249.23 5900.2 7.835 376.55 5860.4 353.28
4.6583 209.68 5897.6 13.529 258.67 5902.7 7.5702 386.18 5862.9 353.23
4.6667 219.14 5899.9 12.856 268.17 5905.2 7.299 395.74 5865.4 353.18
4.675 228.59 5902.2 12.201 277.73 5907.7 7.0258 405.25 5867.8 353.14
4.6833 238.04 5904.3 11.56 287.34 5910.2 6.7553 414.71 5870.3 353.1
4.6917 247.54 5906.5 10.93 296.99 5912.7 6.4909 424.11 5872.8 353.05
4.7 257.09 5908.6 10.302 306.66 5915.2 6.2353 433.47 5875.3 352.99
4.7083 266.71 5910.6 9.6687 316.35 5917.7 5.9893 442.78 5877.8 352.93
4.7167 276.41 5912.7 9.0276 326.05 5920.2 5.7531 452.06 5880.3 352.85
4.725 286.2 5914.7 8.3687 335.76 5922.6 5.526 461.31 5882.8 352.75
4.7333 296.05 5916.7 7.6962 345.48 5925.1 5.3068 470.53 5885.3 352.64
4.7417 305.97 5918.8 7.0123 355.22 5927.5 5.095 479.75 5887.8 352.53
4.75 315.94 5920.8 6.3188 364.96 5929.9 4.8881 488.98 5890.3 352.4
4.7583 325.95 5922.8 5.6285 374.74 5932.4 4.6873 498.22 5892.8 352.27
4.7667 336 5924.8 4.9456 384.54 5934.8 4.4925 507.51 5895.4 352.15
4.775 346.07 5926.9 4.291 394.38 5937.2 4.3058 516.85 5897.9 352.03
