0.0083333 -25.714 3.0959 99.329 -48.17 115.64 90.31 -1.3444 239.71 79.004
0.016667 -24.906 11.473 99.357 -46.7 125.04 90.171 0.77608 248.37 78.838
0.025 -24.091 20.198 99.402 -45.086 134.57 89.995 3.0037 257.16 78.672
0.033333 -23.267 29.284 99.463 -43.323 144.21 89.783 5.3451 266.08 78.508
0.041667 -22.438 38.736 99.54 -41.407 153.95 89.543 7.8056 275.15 78.347
0.05 -21.613 48.55 99.629 -39.341 163.77 89.28 10.388 284.39 78.191
0.058333 -20.808 58.705 99.724 -37.13 173.68 89.005 13.093 293.79 78.04
0.066667 -20.037 69.171 99.818 -34.784 183.66 88.725 15.919 303.34 77.898
0.075 -19.315 79.907 99.9 -32.322 193.71 88.448 18.863 313 77.764
0.083333 -18.649 90.859 99.959 -29.763 203.82 88.18 21.916 322.75 77.638
0.091667 -18.036 101.97 99.985 -27.134 213.98 87.925 25.069 332.54 77.519
0.1 -17.462 113.18 99.968 -24.464 224.18 87.683 28.312 342.32 77.403
0.10833 -16.895 124.43 99.901 -21.783 234.41 87.455 31.629 352.04 77.284
0.11667 -16.294 135.68 99.782 -19.123 244.65 87.238 35.006 361.65 77.156
0.125 -15.605 146.86 99.609 -16.514 254.9 87.028 38.425 371.12 77.011
0.13333 -14.773 157.96 99.388 -13.982 265.11 86.823 41.868 380.42 76.843
0.14167 -13.754 168.96 99.12 -11.549 275.28 86.621 45.316 389.54 76.644
0.15 -12.512 179.84 98.813 -9.229 285.37 86.419 48.751 398.48 76.409
0.15833 -11.038 190.6 98.471 -7.03 295.35 86.219 52.153 407.26 76.135
0.16667 -9.3405 201.25 98.1 -4.9519 305.2 86.023 55.504 415.89 75.822
0.175 -7.4466 211.8 97.705 -2.9873 314.89 85.835 58.788 424.41 75.473
0.18333 -5.3941 222.27 97.291 -1.1236 324.4 85.661 61.992 432.85 75.094
0.19167 -3.2204 232.68 96.859 0.65708 333.72 85.504 65.1 441.25 74.694
0.2 -0.95931 243.04 96.409 2.3753 342.84 85.37 68.104 449.64 74.282
0.20833 1.361 253.38 95.943 4.0525 351.77 85.262 70.996 458.05 73.872
0.21667 3.7189 263.7 95.456 5.7098 360.51 85.181 73.77 466.5 73.475
0.225 6.1009 274 94.947 7.3657 369.1 85.127 76.424 475 73.101
0.23333 8.4997 284.28 94.413 9.0354 377.54 85.097 78.956 483.56 72.761
0.24167 10.914 294.51 93.854 10.73 385.87 85.088 81.37 492.18 72.462
0.25 13.341 304.68 93.27 12.455 394.11 85.094 83.67 500.85 72.207
0.25833 15.79 314.77 92.662 14.213 402.31 85.111 85.861 509.57 71.999
0.26667 18.263 324.76 92.036 16.002 410.47 85.131 87.951 518.32 71.835
0.275 20.761 334.65 91.399 17.816 418.63 85.152 89.948 527.09 71.711
0.28333 23.284 344.43 90.758 19.651 426.81 85.169 91.863 535.88 71.622
0.29167 25.825 354.1 90.121 21.5 435.02 85.18 93.706 544.68 71.562
0.3 28.377 363.7 89.493 23.361 443.28 85.183 95.485 553.49 71.524
0.30833 30.927 373.24 88.881 25.231 451.59 85.18 97.211 562.29 71.501
0.31667 33.462 382.74 88.285 27.113 459.96 85.171 98.892 571.08 71.489
0.325 35.966 392.25 87.705 29.012 468.39 85.156 100.54 579.87 71.484
0.33333 38.431 401.79 87.138 30.935 476.89 85.137 102.15 588.64 71.483
0.34167 40.847 411.38 86.575 32.889 485.47 85.113 103.73 597.4 71.486
0.35 43.215 421.02 86.011 34.885 494.11 85.084 105.3 606.14 71.493
0.35833 45.535 430.73 85.437 36.93 502.84 85.047 106.85 614.86 71.506
0.36667 47.815 440.48 84.844 39.031 511.64 84.999 108.38 623.56 71.527
0.375 50.063 450.25 84.226 41.191 520.52 84.936 109.9 632.24 71.557
0.38333 52.286 460.03 83.579 43.412 529.5 84.854 111.42 640.91 71.597
0.39167 54.493 469.79 82.904 45.692 538.55 84.749 112.94 649.57 71.649
0.4 56.686 479.5 82.2 48.029 547.7 84.619 114.46 658.24 71.711
0.40833 58.868 489.16 81.475 50.416 556.93 84.461 116 666.93 71.784
0.41667 61.034 498.75 80.737 52.848 566.24 84.275 117.56 675.66 71.864
0.425 63.178 508.29 79.997 55.318 575.62 84.064 119.15 684.43 71.95
0.43333 65.291 517.77 79.267 57.82 585.08 83.829 120.78 693.28 72.039
0.44167 67.359 527.22 78.56 60.351 594.61 83.576 122.46 702.2 72.127
0.45 69.374 536.67 77.89 62.906 604.2 83.31 124.2 711.23 72.214
0.45833 71.332 546.15 77.267 65.483 613.84 83.035 126 720.35 72.297
0.46667 73.223 555.68 76.698 68.084 623.55 82.757 127.87 729.58 72.376
0.475 75.06 565.29 76.189 70.71 633.31 82.478 129.82 738.92 72.449
0.48333 76.851 575.02 75.738 73.361 643.14 82.203 131.84 748.37 72.518
0.49167 78.618 584.89 75.34 76.041 653.03 81.931 133.94 757.92 72.583
0.5 80.391 594.92 74.984 78.75 662.99 81.664 136.11 767.57 72.646
0.50833 82.204 605.12 74.659 81.492 673.03 81.401 138.36 777.31 72.707
0.51667 84.092 615.51 74.351 84.263 683.15 81.14 140.67 787.12 72.766
0.525 86.086 626.08 74.05 87.062 693.36 80.881 143.05 797.01 72.824
0.53333 88.202 636.82 73.748 89.886 703.66 80.623 145.49 806.96 72.88
0.54167 90.442 647.71 73.442 92.729 714.05 80.366 147.99 816.98 72.933
0.55 92.803 658.72 73.134 95.584 724.53 80.111 150.54 827.07 72.979
0.55833 95.275 669.84 72.826 98.444 735.1 79.862 153.14 837.21 73.016
0.56667 97.85 681.05 72.519 101.3 745.77 79.621 155.8 847.43 73.041
0.575 100.52 692.34 72.215 104.15 756.52 79.393 158.5 857.73 73.05
0.58333 103.28 703.74 71.914 106.98 767.36 79.183 161.25 868.1 73.043
0.59167 106.12 715.25 71.613 109.8 778.29 78.994 164.05 878.57 73.015
0.6 109.05 726.91 71.314 112.59 789.31 78.828 166.89 889.13 72.967
0.60833 112.07 738.76 71.015 115.37 800.42 78.688 169.78 899.78 72.9
0.61667 115.19 750.82 70.717 118.12 811.62 78.57 172.7 910.54 72.815
0.625 118.42 763.1 70.42 120.86 822.92 78.472 175.64 921.4 72.716
0.63333 121.77 775.6 70.129 123.59 834.31 78.389 178.61 932.36 72.606
0.64167 125.23 788.3 69.843 126.33 845.79 78.313 181.59 943.4 72.491
0.65 128.82 801.17 69.573 129.1 857.35 78.236 184.58 954.52 72.376
0.65833 132.52 814.16 69.322 131.89 868.99 78.149 187.57 965.7 72.268
0.66667 136.32 827.2 69.099 134.74 880.69 78.044 190.56 976.92 72.172
0.675 140.17 840.25 68.906 137.66 892.43 77.911 193.54 988.16 72.093
0.68333 144.05 853.22 68.744 140.68 904.2 77.744 196.52 999.4 72.035
0.69167 147.91 866.06 68.612 143.79 915.97 77.537 199.51 1010.6 72.003
0.7 151.73 878.72 68.505 147.03 927.72 77.286 202.51 1021.8 71.996
0.70833 155.47 891.15 68.413 150.4 939.42 76.987 205.53 1032.9 72.017
0.71667 159.13 903.32 68.328 153.9 951.05 76.639 208.61 1044 72.065
0.725 162.68 915.21 68.235 157.55 962.58 76.242 211.75 1054.9 72.138
0.73333 166.13 926.81 68.124 161.33 973.99 75.797 214.98 1065.8 72.233
0.74167 169.49 938.13 67.987 165.25 985.27 75.306 218.33 1076.7 72.346
0.75 172.77 949.21 67.817 169.29 996.4 74.77 221.83 1087.4 72.473
0.75833 176 960.07 67.617 173.45 1007.4 74.192 225.48 1098.1 72.609
0.76667 179.2 970.77 67.392 177.72 1018.2 73.576 229.32 1108.8 72.749
0.775 182.41 981.35 67.15 182.07 1028.9 72.926 233.36 1119.4 72.888
0.78333 185.63 991.85 66.9 186.5 1039.4 72.241 237.62 1130 73.022
0.79167 188.9 1002.3 66.653 190.99 1049.9 71.523 242.09 1140.6 73.146
0.8 192.23 1012.7 66.421 195.54 1060.2 70.788 246.8 1151.2 73.257
0.80833 195.64 1023 66.211 200.15 1070.4 70.025 251.72 1161.8 73.353
0.81667 199.13 1033.3 66.034 204.8 1080.5 69.249 256.86 1172.3 73.433
0.825 202.73 1043.5 65.895 209.49 1090.5 68.463 262.2 1182.9 73.496
0.83333 206.42 1053.7 65.797 214.22 1100.5 67.67 267.72 1193.3 73.543
0.84167 210.24 1063.8 65.741 219 1110.4 66.876 273.41 1203.8 73.577
0.85 214.16 1073.8 65.721 223.81 1120.2 66.085 279.25 1214.1 73.599
0.85833 218.21 1083.7 65.731 228.67 1130.1 65.301 285.2 1224.3 73.613
0.86667 222.36 1093.5 65.763 233.58 1139.8 64.527 291.27 1234.5 73.623
0.875 226.63 1103.3 65.807 238.53 1149.6 63.764 297.41 1244.5 73.632
0.88333 231.01 1113 65.856 243.78 1159.5 63.014 301.73 1253.9 74.863
0.89167 235.5 1122.7 65.898 248.85 1169.2 62.284 307.96 1263.7 74.899
0.9 240.08 1132.4 65.929 253.98 1178.8 61.572 314.22 1273.4 74.937
0.90833 244.75 1142.1 65.943 259.17 1188.5 60.881 320.53 1283 74.976
0.91667 249.51 1151.8 65.939 264.42 1198.2 60.213 326.87 1292.5 75.014
0.925 254.33 1161.5 65.918 269.75 1207.9 59.571 333.25 1301.9 75.049
0.93333 259.21 1171.2 65.882 275.14 1217.6 58.958 339.66 1311.2 75.078
0.94167 264.14 1180.9 65.837 280.61 1227.3 58.376 346.1 1320.5 75.099
0.95 269.13 1190.5 65.79 286.15 1237.1 57.828 352.58 1329.8 75.11
0.95833 274.18 1200.2 65.745 291.76 1246.9 57.316 359.1 1339.1 75.11
0.96667 279.28 1209.8 65.707 297.44 1256.8 56.842 365.67 1348.3 75.099
0.975 284.44 1219.4 65.678 303.19 1266.7 56.407 372.27 1357.6 75.079
0.98333 289.69 1229.1 65.656 309 1276.7 56.009 378.91 1366.8 75.052
0.99167 295.03 1238.7 65.637 314.88 1286.7 55.649 385.59 1376.1 75.02
1 300.48 1248.5 65.615 320.82 1296.7 55.323 392.31 1385.3 74.99
1.0083 306.07 1258.2 65.584 326.83 1306.7 55.029 399.06 1394.6 74.963
1.0167 311.8 1268 65.539 332.92 1316.8 54.764 405.83 1403.9 74.942
1.025 317.7 1277.9 65.476 339.09 1326.9 54.527 412.63 1413.2 74.931
1.0333 323.79 1287.9 65.402 345.35 1337 54.309 419.47 1422.5 74.929
1.0417 330.07 1297.9 65.316 351.71 1347.1 54.115 426.33 1431.8 74.936
1.05 336.56 1308 65.235 358.2 1357.2 53.936 433.22 1441.1 74.949
1.0583 343.24 1318.2 65.16 364.81 1367.3 53.776 440.15 1450.4 74.967
1.0667 350.07 1328.5 65.105 371.57 1377.5 53.631 447.12 1459.7 74.986
1.075 357.02 1338.8 65.069 378.49 1387.6 53.5 454.15 1469 75.004
1.0833 364.05 1349.2 65.054 385.56 1397.8 53.382 461.22 1478.2 75.022
1.0917 371.12 1359.6 65.057 392.8 1407.9 53.274 468.35 1487.5 75.039
1.1 378.22 1370 65.076 400.2 1418.1 53.173 475.54 1496.7 75.059
1.1083 385.38 1380.5 65.101 407.77 1428.3 53.076 482.79 1505.9 75.087
1.1167 392.6 1391 65.129 415.5 1438.5 52.976 490.09 1515.2 75.129
1.125 399.9 1401.6 65.148 423.37 1448.7 52.867 497.44 1524.4 75.195
1.1333 407.34 1412.4 65.151 431.39 1458.9 52.748 504.84 1533.7 75.29
1.1417 414.93 1423.2 65.13 439.55 1469.1 52.608 512.27 1543 75.42
1.15 422.71 1434.3 65.079 447.82 1479.2 52.449 519.73 1552.4 75.589
1.1583 430.68 1445.6 64.994 456.21 1489.3 52.263 527.22 1561.7 75.798
1.1667 438.84 1457 64.867 464.69 1499.4 52.052 534.74 1571.2 76.04
1.175 447.2 1468.7 64.694 473.25 1509.4 51.821 542.28 1580.6 76.31
1.1833 455.69 1480.4 64.473 481.88 1519.5 51.567 549.85 1590.1 76.597
1.1917 464.28 1492.3 64.198 490.55 1529.5 51.305 557.44 1599.5 76.885
1.2 472.93 1504.1 63.871 499.25 1539.5 51.04 565.06 1608.9 77.161
1.2083 481.58 1515.9 63.496 507.94 1549.5 50.78 572.72 1618.3 77.409
1.2167 490.18 1527.6 63.077 516.59 1559.6 50.54 580.4 1627.6 77.616
1.225 498.73 1539 62.624 525.18 1569.6 50.332 588.1 1636.8 77.772
1.2333 507.19 1550.3 62.145 533.66 1579.7 50.164 595.82 1645.9 77.872
1.2417 515.56 1561.2 61.653 542.01 1589.9 50.045 603.54 1655 77.914
1.25 523.84 1571.9 61.157 550.2 1600 49.981 611.24 1664 77.903
1.2583 532.02 1582.3 60.666 558.2 1610.1 49.977 618.9 1672.9 77.847
1.2667 540.12 1592.4 60.188 565.98 1620.2 50.03 626.51 1681.8 77.758
1.275 548.14 1602.4 59.727 573.54 1630.2 50.139 634.03 1690.8 77.651
1.2833 556.11 1612.2 59.282 580.88 1640.1 50.297 641.45 1699.8 77.541
1.2917 564.05 1621.8 58.853 587.99 1649.8 50.494 648.76 1708.9 77.442
1.3 572 1631.4 58.443 594.91 1659.5 50.724 655.94 1718.1 77.365
1.3083 579.94 1640.9 58.049 601.65 1669 50.971 662.99 1727.5 77.319
1.3167 587.89 1650.4 57.674 608.25 1678.3 51.227 669.91 1737.1 77.308
1.325 595.82 1659.9 57.317 614.75 1687.6 51.482 676.7 1746.9 77.333
1.3333 603.73 1669.3 56.979 621.17 1696.7 51.726 683.37 1756.9 77.392
1.3417 611.57 1678.7 56.659 627.56 1705.7 51.96 689.93 1767.1 77.478
1.35 619.34 1688.1 56.355 633.93 1714.8 52.179 696.4 1777.5 77.583
1.3583 627 1697.5 56.064 640.32 1723.8 52.385 702.79 1788.1 77.702
1.3667 634.53 1706.8 55.78 646.73 1732.8 52.577 709.1 1798.8 77.827
1.375 641.93 1716 55.5 653.16 1741.9 52.761 715.35 1809.6 77.954
1.3833 649.2 1725.3 55.218 659.63 1751.1 52.94 721.52 1820.5 78.079
1.3917 656.35 1734.4 54.931 666.13 1760.4 53.121 727.62 1831.5 78.201
1.4 663.4 1743.6 54.636 672.64 1769.8 53.307 733.64 1842.5 78.323
1.4083 670.37 1752.7 54.332 679.17 1779.2 53.5 739.58 1853.4 78.446
1.4167 677.29 1761.9 54.018 685.69 1788.7 53.701 745.42 1864.4 78.576
1.425 684.19 1771 53.693 692.21 1798.2 53.908 751.18 1875.3 78.715
1.4333 691.09 1780.2 53.359 698.72 1807.8 54.119 756.84 1886.2 78.868
1.4417 698.01 1789.3 53.015 705.24 1817.4 54.328 762.41 1897 79.038
1.45 704.96 1798.5 52.658 711.75 1827.1 54.529 767.91 1907.8 79.226
1.4583 711.95 1807.7 52.288 718.28 1836.7 54.715 773.34 1918.5 79.433
1.4667 718.98 1817 51.896 724.82 1846.4 54.883 778.73 1929.1 79.657
1.475 726.03 1826.2 51.486 731.39 1856.2 55.026 784.1 1939.8 79.897
1.4833 733.08 1835.5 51.054 738 1866 55.141 789.48 1950.3 80.15
1.4917 740.13 1844.9 50.603 744.65 1875.9 55.228 794.88 1960.9 80.41
1.5 747.15 1854.3 50.141 751.33 1886 55.286 800.33 1971.4 80.675
1.5083 754.13 1863.7 49.676 758.04 1896.1 55.318 805.85 1981.9 80.941
1.5167 761.06 1873.2 49.224 764.77 1906.3 55.326 811.45 1992.4 81.202
1.525 767.94 1882.8 48.799 771.51 1916.6 55.315 817.12 2003 81.457
1.5333 774.78 1892.4 48.417 778.25 1927.1 55.291 822.87 2013.5 81.701
1.5417 781.59 1902.1 48.091 784.97 1937.6 55.256 828.69 2024 81.933
1.55 788.38 1911.9 47.828 791.68 1948.1 55.216 834.57 2034.5 82.15
1.5583 795.19 1921.8 47.631 798.37 1958.7 55.175 840.49 2045.1 82.353
1.5667 802.03 1931.8 47.493 805.04 1969.4 55.136 846.43 2055.6 82.54
1.575 808.93 1942 47.404 811.7 1980 55.102 852.36 2066.2 82.713
1.5833 815.9 1952.3 47.354 818.36 1990.7 55.074 858.28 2076.8 82.873
1.5917 822.96 1962.8 47.327 825.03 2001.4 55.056 864.17 2087.4 83.024
1.6 830.1 1973.4 47.314 831.72 2012.2 55.049 870.01 2098 83.167
1.6083 837.3 1984.2 47.307 838.44 2023 55.056 875.8 2108.7 83.307
1.6167 844.56 1995.1 47.298 845.21 2033.9 55.08 881.53 2119.5 83.447
1.625 851.85 2006.2 47.282 852.01 2044.9 55.121 887.21 2130.3 83.587
1.6333 859.19 2017.3 47.255 858.85 2056 55.184 892.85 2141.2 83.731
1.6417 866.58 2028.5 47.208 865.72 2067.2 55.269 898.46 2152.2 83.879
1.65 874.05 2039.9 47.149 872.61 2078.6 55.379 904.05 2163.4 84.028
1.6583 881.61 2051.4 47.081 879.49 2090.1 55.514 909.63 2174.6 84.175
1.6667 889.28 2063.1 47.012 886.34 2101.7 55.674 915.22 2185.9 84.317
1.675 897.1 2074.9 46.957 893.16 2113.4 55.856 920.82 2197.4 84.45
1.6833 905.06 2086.9 46.931 899.94 2125.2 56.057 926.45 2208.9 84.567
1.6917 913.18 2098.9 46.95 906.66 2137.1 56.274 932.12 2220.5 84.667
1.7 921.42 2111.1 47.031 913.32 2149 56.5 937.81 2232.3 84.745
1.7083 929.77 2123.4 47.189 919.95 2160.9 56.73 943.52 2244.1 84.804
1.7167 938.16 2135.7 47.433 926.55 2172.7 56.958 949.25 2256 84.844
1.725 946.54 2148.1 47.77 933.15 2184.6 57.177 954.98 2267.9 84.874
1.7333 954.86 2160.4 48.195 939.78 2196.4 57.383 960.7 2279.9 84.9
1.7417 963.04 2172.7 48.7 946.45 2208.1 57.571 966.38 2292 84.935
1.75 971.06 2184.9 49.269 953.2 2219.7 57.738 972.03 2304 84.989
1.7583 978.87 2196.9 49.88 960.03 2231.2 57.883 977.63 2316.1 85.072
1.7667 986.44 2208.8 50.506 966.96 2242.6 58.005 983.17 2328.2 85.194
1.775 993.77 2220.6 51.12 973.97 2253.9 58.105 988.66 2340.3 85.361
1.7833 1000.8 2232.1 51.692 981.05 2265 58.184 994.12 2352.3 85.574
1.7917 1007.7 2243.4 52.203 988.18 2275.9 58.244 999.57 2364.3 85.83
1.8 1014.3 2254.5 52.641 995.33 2286.7 58.286 1005 2376.2 86.121
1.8083 1020.7 2265.5 53.004 1002.4 2297.3 58.315 1010.5 2388.1 86.438
1.8167 1027 2276.4 53.295 1009.5 2307.6 58.33 1016.1 2399.8 86.765
1.825 1033.3 2287.1 53.526 1016.5 2317.7 58.333 1021.8 2411.3 87.089
1.8333 1039.4 2297.8 53.71 1023.4 2327.6 58.326 1027.6 2422.7 87.395
1.8417 1045.6 2308.5 53.858 1030.1 2337.3 58.306 1033.7 2434 87.671
1.85 1051.8 2319.1 53.992 1036.7 2346.8 58.274 1039.9 2445.1 87.909
1.8583 1058 2329.6 54.128 1043.2 2356.1 58.228 1046.3 2456.1 88.102
1.8667 1064.2 2340.1 54.279 1049.6 2365.4 58.167 1052.9 2466.8 88.251
1.875 1070.5 2350.5 54.458 1056 2374.5 58.089 1059.7 2477.5 88.359
1.8833 1076.9 2360.8 54.674 1062.3 2383.6 57.993 1066.7 2488 88.434
1.8917 1083.3 2371.1 54.932 1068.5 2392.7 57.878 1073.8 2498.4 88.484
1.9 1089.8 2381.2 55.235 1074.8 2401.8 57.745 1081.1 2508.8 88.521
1.9083 1096.3 2391.3 55.58 1081.2 2410.9 57.595 1088.4 2519 88.556
1.9167 1102.8 2401.3 55.965 1087.6 2420.2 57.429 1095.8 2529.1 88.598
1.925 1109.3 2411.2 56.383 1094 2429.5 57.25 1103.3 2539.2 88.653
1.9333 1115.8 2421 56.826 1100.5 2438.9 57.059 1110.7 2549.2 88.726
1.9417 1122.2 2430.8 57.287 1107.1 2448.3 56.861 1118.1 2559.1 88.817
1.95 1128.6 2440.6 57.76 1113.8 2457.9 56.66 1125.5 2568.9 88.925
1.9583 1134.9 2450.3 58.236 1120.5 2467.6 56.459 1132.9 2578.6 89.044
1.9667 1141.2 2459.9 58.711 1127.3 2477.3 56.26 1140.3 2588.2 89.169
1.975 1147.4 2469.5 59.183 1134.1 2487.1 56.068 1147.7 2597.7 89.297
1.9833 1153.6 2479.1 59.65 1141 2496.9 55.884 1155 2607.2 89.423
1.9917 1159.8 2488.6 60.112 1147.9 2506.8 55.709 1162.4 2616.5 89.545
2 1166.1 2498.2 60.568 1154.8 2516.7 55.545 1169.7 2625.8 89.666
2.0083 1172.5 2507.7 61.017 1161.7 2526.7 55.391 1177.1 2635 89.79
2.0167 1179.1 2517.2 61.457 1168.7 2536.7 55.246 1184.4 2644.1 89.921
2.025 1185.8 2526.7 61.884 1175.7 2546.8 55.11 1191.7 2653.2 90.07
2.0333 1192.7 2536.2 62.291 1182.8 2556.9 54.983 1199 2662.3 90.245
2.0417 1199.9 2545.7 62.673 1189.9 2567 54.862 1206.3 2671.5 90.454
2.05 1207.3 2555.2 63.023 1197.1 2577.2 54.749 1213.5 2680.6 90.703
2.0583 1214.9 2564.8 63.336 1204.4 2587.4 54.645 1220.7 2689.8 90.996
2.0667 1222.6 2574.4 63.611 1211.7 2597.7 54.549 1227.8 2699 91.333
2.075 1230.5 2584.1 63.851 1219.1 2607.9 54.463 1234.8 2708.3 91.712
2.0833 1238.6 2593.9 64.06 1226.5 2618.2 54.39 1241.8 2717.6 92.126
2.0917 1246.8 2603.7 64.248 1234 2628.4 54.332 1248.8 2726.9 92.567
2.1 1255.1 2613.7 64.424 1241.5 2638.6 54.29 1255.7 2736.3 93.024
2.1083 1263.4 2623.8 64.592 1249.1 2648.9 54.264 1262.6 2745.8 93.488
2.1167 1271.7 2634.1 64.756 1256.7 2659 54.256 1269.5 2755.2 93.95
2.125 1280 2644.4 64.914 1264.4 2669.2 54.263 1276.4 2764.8 94.403
2.1333 1288.2 2654.8 65.062 1272.1 2679.3 54.284 1283.4 2774.3 94.843
2.1417 1296.4 2665.2 65.195 1279.8 2689.4 54.315 1290.4 2783.9 95.271
2.15 1304.6 2675.7 65.311 1287.5 2699.6 54.353 1297.4 2793.6 95.689
2.1583 1312.8 2686.2 65.409 1295.3 2709.7 54.392 1304.5 2803.4 96.1
2.1667 1321.1 2696.7 65.486 1303.1 2719.8 54.429 1311.5 2813.2 96.512
2.175 1329.4 2707.4 65.542 1311 2729.9 54.461 1318.6 2823.1 96.931
2.1833 1337.9 2718.1 65.579 1318.9 2740 54.484 1325.6 2833.1 97.36
2.1917 1346.5 2729 65.596 1326.8 2750.1 54.499 1332.6 2843.2 97.802
2.2 1355.2 2740 65.591 1334.7 2760.3 54.505 1339.6 2853.3 98.256
2.2083 1363.9 2751.2 65.563 1342.6 2770.5 54.505 1346.5 2863.5 98.718
2.2167 1372.8 2762.5 65.508 1350.4 2780.7 54.506 1353.3 2873.7 99.181
2.225 1381.6 2774 65.425 1358.3 2790.9 54.511 1360.2 2883.9 99.637
2.2333 1390.4 2785.4 65.31 1366.1 2801.2 54.529 1366.9 2894.1 100.07
2.2417 1399.1 2796.9 65.168 1373.7 2811.5 54.567 1373.7 2904.2 100.48
2.25 1407.6 2808.3 65.002 1381.3 2821.8 54.632 1380.4 2914.3 100.86
2.2583 1415.9 2819.5 64.822 1388.8 2832.2 54.73 1387 2924.3 101.19
2.2667 1424.1 2830.6 64.642 1396.1 2842.6 54.867 1393.6 2934.2 101.48
2.275 1432 2841.4 64.473 1403.3 2853 55.048 1400.1 2944 101.73
2.2833 1439.7 2852 64.331 1410.3 2863.5 55.274 1406.6 2953.8 101.94
2.2917 1447.3 2862.4 64.228 1417.1 2874 55.547 1412.9 2963.5 102.13
2.3 1454.6 2872.6 64.176 1423.6 2884.5 55.865 1419.1 2973.3 102.3
2.3083 1461.9 2882.6 64.18 1430 2895 56.227 1425.1 2983.1 102.46
2.3167 1468.9 2892.4 64.239 1436.1 2905.4 56.628 1430.9 2992.9 102.64
2.325 1475.9 2902.1 64.347 1442.1 2915.8 57.066 1436.5 3002.9 102.83
2.3333 1482.8 2911.7 64.494 1447.8 2926.1 57.535 1441.8 3013 103.05
2.3417 1489.5 2921.2 64.668 1453.3 2936.3 58.032 1446.9 3023.2 103.29
2.35 1496.1 2930.8 64.855 1458.7 2946.4 58.553 1451.7 3033.7 103.57
2.3583 1502.6 2940.4 65.041 1463.8 2956.4 59.094 1456.2 3044.3 103.88
2.3667 1508.8 2949.9 65.214 1468.8 2966.3 59.653 1460.5 3055 104.22
2.375 1514.8 2959.6 65.363 1473.7 2976.1 60.228 1464.4 3065.9 104.58
2.3833 1520.4 2969.2 65.482 1478.4 2985.8 60.819 1468.2 3077 104.96
2.3917 1525.8 2978.9 65.569 1483 2995.4 61.424 1471.7 3088.1 105.35
2.4 1530.8 2988.6 65.623 1487.5 3005 62.046 1475 3099.3 105.75
2.4083 1535.6 2998.4 65.651 1491.8 3014.7 62.682 1478 3110.5 106.16
2.4167 1540 3008.1 65.661 1496.1 3024.3 63.334 1480.9 3121.8 106.58
2.425 1544.2 3017.9 65.661 1500.3 3033.9 64 1483.5 3133 107.02
2.4333 1548.1 3027.6 65.658 1504.4 3043.6 64.676 1486 3144.1 107.48
2.4417 1551.8 3037.4 65.662 1508.5 3053.3 65.361 1488.3 3155.2 107.96
2.45 1555.4 3047.1 65.677 1512.4 3063.2 66.047 1490.4 3166.2 108.47
2.4583 1559 3056.9 65.706 1516.2 3073 66.73 1492.4 3177.1 109
2.4667 1562.5 3066.7 65.749 1519.9 3082.9 67.401 1494.2 3187.9 109.56
2.475 1566 3076.4 65.804 1523.6 3092.9 68.053 1495.9 3198.5 110.14
2.4833 1569.5 3086.2 65.864 1527.1 3102.9 68.678 1497.4 3209 110.73
2.4917 1573 3095.9 65.923 1530.6 3113 69.269 1498.9 3219.4 111.34
2.5 1576.7 3105.6 65.969 1534 3123.1 69.822 1500.4 3229.7 111.94
2.5083 1580.3 3115.3 65.996 1537.3 3133.2 70.338 1501.7 3239.8 112.54
2.5167 1584 3125 65.999 1540.5 3143.4 70.806 1503.1 3249.9 113.12
2.525 1587.8 3134.7 65.976 1543.6 3153.7 71.231 1504.4 3259.9 113.69
2.5333 1591.5 3144.5 65.929 1546.7 3164 71.615 1505.8 3269.9 114.23
2.5417 1595.2 3154.2 65.866 1549.6 3174.4 71.961 1507.1 3279.8 114.75
2.55 1599 3164 65.799 1552.5 3184.9 72.272 1508.4 3289.7 115.24
2.5583 1602.6 3173.9 65.744 1555.3 3195.4 72.554 1509.7 3299.6 115.72
2.5667 1606.2 3183.8 65.718 1558 3206 72.81 1511 3309.5 116.17
2.575 1609.7 3193.8 65.735 1560.6 3216.6 73.044 1512.2 3319.5 116.6
2.5833 1613.1 3204 65.805 1563.1 3227.3 73.258 1513.5 3329.5 117.02
2.5917 1616.4 3214.2 65.93 1565.5 3238 73.455 1514.6 3339.5 117.42
2.6 1619.6 3224.6 66.105 1567.8 3248.7 73.635 1515.8 3349.6 117.8
2.6083 1622.6 3235.2 66.322 1569.9 3259.4 73.797 1516.9 3359.8 118.17
2.6167 1625.6 3245.9 66.566 1572 3270.1 73.942 1518 3370 118.51
2.625 1628.4 3256.9 66.828 1573.9 3280.8 74.07 1519.1 3380.2 118.84
2.6333 1631.2 3268 67.098 1575.7 3291.5 74.183 1520 3390.5 119.14
2.6417 1633.8 3279.2 67.371 1577.5 3302.2 74.284 1520.9 3400.8 119.43
2.65 1636.3 3290.6 67.645 1579.1 3313 74.377 1521.8 3411.1 119.71
2.6583 1638.6 3302 67.916 1580.6 3323.7 74.467 1522.5 3421.5 119.98
2.6667 1640.8 3313.5 68.183 1581.9 3334.5 74.561 1523.1 3432 120.24
2.675 1642.9 3325.2 68.438 1583.2 3345.3 74.669 1523.5 3442.5 120.51
2.6833 1644.9 3337 68.689 1584.3 3356.2 74.796 1523.8 3453.1 120.79
2.6917 1646.8 3348.9 68.936 1585.3 3367.1 74.95 1523.9 3463.9 121.08
2.7 1648.7 3361.1 69.186 1586.2 3378 75.137 1523.8 3474.7 121.4
2.7083 1650.6 3373.6 69.449 1586.9 3389 75.361 1523.6 3485.5 121.74
2.7167 1652.5 3386.2 69.739 1587.5 3400 75.624 1523.1 3496.5 122.1
2.725 1654.3 3399.1 70.073 1587.9 3411.1 75.925 1522.4 3507.6 122.49
2.7333 1656.1 3412.1 70.469 1588.2 3422.2 76.263 1521.5 3518.6 122.9
2.7417 1657.9 3425.3 70.944 1588.3 3433.3 76.635 1520.5 3529.8 123.32
2.75 1659.5 3438.5 71.512 1588.4 3444.4 77.035 1519.3 3540.8 123.75
2.7583 1661 3451.7 72.177 1588.3 3455.5 77.46 1518 3551.9 124.2
2.7667 1662.3 3464.7 72.937 1588.2 3466.6 77.905 1516.5 3562.8 124.65
2.775 1663.4 3477.6 73.78 1588.1 3477.7 78.366 1515 3573.6 125.1
2.7833 1664.4 3490.2 74.689 1588 3488.7 78.839 1513.3 3584.3 125.55
2.7917 1665.1 3502.6 75.642 1587.8 3499.7 79.324 1511.6 3594.9 126.02
2.8 1665.7 3514.6 76.614 1587.8 3510.7 79.82 1509.8 3605.2 126.49
2.8083 1666.1 3526.3 77.586 1587.8 3521.5 80.329 1507.9 3615.4 126.99
2.8167 1666.3 3537.7 78.54 1587.8 3532.3 80.851 1505.9 3625.4 127.5
2.825 1666.5 3548.8 79.474 1588 3542.9 81.391 1503.9 3635.3 128.04
2.8333 1666.5 3559.8 80.389 1588.2 3553.4 81.952 1501.8 3645.1 128.6
2.8417 1666.3 3570.6 81.294 1588.4 3563.6 82.538 1499.6 3654.7 129.19
2.85 1666 3581.4 82.2 1588.7 3573.7 83.153 1497.3 3664.3 129.81
2.8583 1665.5 3592.1 83.118 1588.9 3583.6 83.801 1495.1 3673.7 130.45
2.8667 1664.9 3602.8 84.062 1589.2 3593.2 84.485 1492.8 3683.1 131.1
2.875 1664 3613.6 85.044 1589.4 3602.6 85.209 1490.6 3692.4 131.77
2.8833 1663 3624.2 86.075 1589.5 3611.8 85.972 1488.3 3701.7 132.44
2.8917 1661.8 3634.9 87.159 1589.5 3620.8 86.785 1486.2 3710.8 133.12
2.9 1660.6 3645.4 88.303 1589.5 3629.6 87.641 1484.1 3719.9 133.79
2.9083 1659.2 3655.8 89.505 1589.4 3638.4 88.545 1482 3729 134.46
2.9167 1657.9 3666.1 90.763 1589.1 3647 89.496 1480.1 3737.9 135.12
2.925 1656.5 3676.2 92.071 1588.8 3655.7 90.492 1478.1 3746.8 135.78
2.9333 1655.1 3686.1 93.422 1588.4 3664.3 91.53 1476.2 3755.5 136.43
2.9417 1653.8 3695.9 94.808 1587.9 3673 92.607 1474.4 3764.2 137.09
2.95 1652.5 3705.6 96.222 1587.4 3681.8 93.716 1472.5 3772.7 137.76
2.9583 1651.2 3715.1 97.66 1586.7 3690.7 94.854 1470.6 3781.1 138.44
2.9667 1649.9 3724.5 99.117 1586 3699.7 96.012 1468.6 3789.3 139.15
2.975 1648.5 3733.9 100.59 1585.2 3708.9 97.185 1466.6 3797.5 139.87
2.9833 1647.1 3743.1 102.09 1584.4 3718.1 98.367 1464.6 3805.5 140.63
2.9917 1645.5 3752.3 103.6 1583.4 3727.5 99.556 1462.4 3813.3 141.42
3 1643.9 3761.4 105.15 1582.3 3737 100.75 1460.2 3821.1 142.25
3.0083 1642.1 3770.5 106.72 1581.1 3746.5 101.94 1457.9 3828.7 143.1
3.0167 1640.3 3779.6 108.33 1579.8 3756.1 103.14 1455.6 3836.2 143.99
3.025 1638.4 3788.6 109.96 1578.4 3765.7 104.34 1453.2 3843.6 144.9
3.0333 1636.5 3797.7 111.62 1576.8 3775.3 105.55 1450.8 3851 145.82
3.0417 1634.6 3806.8 113.3 1575.1 3784.9 106.77 1448.3 3858.2 146.76
3.05 1632.8 3815.9 114.98 1573.2 3794.6 108 1445.9 3865.4 147.7
3.0583 1631 3825.1 116.64 1571.3 3804.2 109.24 1443.4 3872.7 148.64
3.0667 1629.3 3834.5 118.27 1569.2 3813.8 110.49 1441 3879.9 149.57
3.075 1627.7 3844 119.84 1566.9 3823.5 111.75 1438.5 3887.1 150.48
3.0833 1626.2 3853.6 121.32 1564.5 3833.1 113 1436 3894.4 151.37
3.0917 1624.8 3863.4 122.69 1562 3842.7 114.24 1433.5 3901.7 152.24
3.1 1623.5 3873.4 123.94 1559.4 3852.4 115.47 1431 3909.1 153.08
3.1083 1622.4 3883.6 125.05 1556.7 3862 116.67 1428.5 3916.5 153.9
3.1167 1621.3 3893.9 126.03 1553.8 3871.7 117.84 1425.9 3924 154.69
3.125 1620.1 3904.4 126.89 1550.9 3881.4 118.95 1423.2 3931.6 155.47
3.1333 1619 3915 127.65 1547.9 3891 120.01 1420.5 3939.2 156.23
3.1417 1617.6 3925.6 128.31 1544.8 3900.6 121.01 1417.6 3946.8 156.98
3.15 1616.1 3936.3 128.91 1541.7 3910.2 121.94 1414.7 3954.4 157.72
3.1583 1614.4 3946.9 129.45 1538.6 3919.7 122.8 1411.6 3962.1 158.46
3.1667 1612.5 3957.5 129.94 1535.5 3929.2 123.6 1408.4 3969.8 159.2
3.175 1610.3 3968.1 130.39 1532.4 3938.6 124.32 1405 3977.5 159.93
3.1833 1608 3978.6 130.81 1529.4 3948 124.97 1401.5 3985.2 160.67
3.1917 1605.4 3989.2 131.19 1526.4 3957.2 125.57 1397.7 3992.9 161.4
3.2 1602.6 3999.7 131.55 1523.5 3966.4 126.1 1393.8 4000.6 162.12
3.2083 1599.6 4010.3 131.88 1520.6 3975.4 126.6 1389.7 4008.3 162.85
3.2167 1596.3 4021 132.19 1517.8 3984.4 127.05 1385.4 4016 163.56
3.225 1592.8 4031.8 132.49 1515.1 3993.3 127.46 1380.9 4023.7 164.27
3.2333 1589.1 4042.7 132.76 1512.3 4002.2 127.85 1376.3 4031.4 164.96
3.2417 1585.1 4053.6 133.03 1509.6 4011 128.22 1371.6 4039.1 165.66
3.25 1580.8 4064.5 133.29 1506.8 4019.8 128.58 1366.7 4046.8 166.34
3.2583 1576.3 4075.3 133.54 1504 4028.5 128.93 1361.8 4054.4 167.03
3.2667 1571.6 4085.9 133.79 1501.1 4037.3 129.3 1357 4061.9 167.71
3.275 1566.8 4096.4 134.05 1498.1 4046 129.68 1352.1 4069.3 168.39
3.2833 1561.8 4106.5 134.33 1494.8 4054.8 130.09 1347.3 4076.6 169.07
3.2917 1556.8 4116.3 134.63 1491.5 4063.5 130.53 1342.6 4083.7 169.75
3.3 1551.8 4125.8 134.96 1487.9 4072.2 131.01 1338.1 4090.8 170.42
3.3083 1546.9 4134.9 135.35 1484.1 4080.9 131.55 1333.6 4097.7 171.1
3.3167 1542.2 4143.7 135.8 1480 4089.5 132.15 1329.3 4104.5 171.76
3.325 1537.5 4152.2 136.31 1475.8 4098.1 132.81 1325.1 4111.2 172.42
3.3333 1533 4160.4 136.88 1471.3 4106.5 133.54 1321 4117.8 173.07
3.3417 1528.6 4168.4 137.52 1466.7 4114.8 134.34 1316.9 4124.3 173.71
3.35 1524.4 4176.2 138.22 1462 4122.9 135.2 1312.8 4130.7 174.33
3.3583 1520.2 4183.9 138.97 1457.1 4130.8 136.13 1308.6 4137.1 174.95
3.3667 1516.1 4191.4 139.77 1452.1 4138.5 137.11 1304.3 4143.3 175.56
3.375 1512 4198.8 140.58 1447.1 4146 138.14 1299.8 4149.4 176.17
3.3833 1507.9 4206.2 141.41 1442 4153.2 139.21 1295.1 4155.4 176.78
3.3917 1503.8 4213.4 142.23 1436.9 4160.3 140.32 1290.1 4161.2 177.4
3.4 1499.7 4220.6 143.02 1431.9 4167.1 141.44 1284.9 4166.8 178.05
3.4083 1495.5 4227.7 143.78 1426.8 4173.8 142.6 1279.4 4172.3 178.71
3.4167 1491.2 4234.6 144.49 1421.8 4180.2 143.76 1273.7 4177.5 179.4
3.425 1486.8 4241.3 145.16 1416.7 4186.5 144.92 1267.7 4182.5 180.13
3.4333 1482.2 4247.6 145.78 1411.6 4192.6 146.08 1261.5 4187.2 180.88
3.4417 1477.5 4253.6 146.36 1406.6 4198.6 147.24 1255 4191.6 181.67
3.45 1472.6 4259.2 146.92 1401.4 4204.4 148.4 1248.5 4195.8 182.49
3.4583 1467.5 4264.4 147.46 1396.2 4210.1 149.56 1241.8 4199.7 183.32
3.4667 1462.3 4269.2 148.01 1390.9 4215.7 150.72 1235 4203.3 184.17
3.475 1457 4273.7 148.56 1385.5 4221.1 151.87 1228.2 4206.7 185.02
3.4833 1451.7 4277.8 149.13 1380 4226.4 153.02 1221.4 4209.9 185.88
3.4917 1446.2 4281.8 149.72 1374.3 4231.5 154.17 1214.5 4212.9 186.72
3.5 1440.7 4285.5 150.32 1368.6 4236.4 155.3 1207.7 4215.7 187.55
3.5083 1435.1 4289.1 150.93 1362.7 4241.2 156.41 1201 4218.3 188.37
3.5167 1429.4 4292.7 151.55 1356.8 4245.8 157.5 1194.2 4220.9 189.15
3.525 1423.7 4296.3 152.17 1350.7 4250.3 158.57 1187.6 4223.3 189.91
3.5333 1418 4299.9 152.78 1344.5 4254.6 159.59 1180.9 4225.6 190.65
3.5417 1412.3 4303.6 153.37 1338.3 4258.7 160.58 1174.4 4227.8 191.37
3.55 1406.6 4307.4 153.93 1332 4262.7 161.53 1167.8 4229.9 192.07
3.5583 1400.8 4311.3 154.47 1325.6 4266.5 162.42 1161.4 4232 192.75
3.5667 1395 4315.3 154.97 1319.2 4270.2 163.27 1154.9 4234 193.41
3.575 1389.2 4319.3 155.45 1312.7 4273.8 164.07 1148.5 4235.9 194.07
3.5833 1383.4 4323.4 155.91 1306.2 4277.3 164.83 1142.1 4237.7 194.71
3.5917 1377.4 4327.4 156.35 1299.5 4280.6 165.56 1135.7 4239.4 195.35
3.6 1371.3 4331.4 156.78 1292.9 4283.8 166.24 1129.3 4241.1 195.97
3.6083 1365.2 4335.2 157.23 1286.1 4286.9 166.9 1122.9 4242.7 196.57
3.6167 1358.9 4338.9 157.69 1279.2 4289.9 167.54 1116.5 4244.2 197.16
3.625 1352.4 4342.3 158.19 1272.3 4292.7 168.16 1110.1 4245.7 197.72
3.6333 1345.8 4345.6 158.73 1265.2 4295.4 168.75 1103.8 4247.1 198.26
3.6417 1339.1 4348.7 159.31 1258.1 4297.9 169.34 1097.5 4248.5 198.76
3.65 1332.2 4351.6 159.93 1250.8 4300.3 169.9 1091.2 4249.8 199.24
3.6583 1325.1 4354.4 160.59 1243.5 4302.5 170.46 1084.9 4251 199.69
3.6667 1318 4357 161.28 1236 4304.5 171 1078.7 4252.1 200.11
3.675 1310.7 4359.4 161.99 1228.6 4306.4 171.52 1072.4 4253.1 200.51
3.6833 1303.3 4361.8 162.72 1221 4308.1 172.04 1066.2 4254 200.89
3.6917 1295.7 4364.2 163.44 1213.5 4309.6 172.54 1060 4254.7 201.27
3.7 1288 4366.5 164.16 1205.9 4311 173.04 1053.8 4255.3 201.64
3.7083 1280.2 4368.8 164.87 1198.3 4312.2 173.54 1047.5 4255.7 202.02
3.7167 1272.3 4371 165.55 1190.8 4313.2 174.05 1041.2 4255.9 202.41
3.725 1264.2 4373.2 166.22 1183.3 4314.1 174.58 1034.8 4255.9 202.81
3.7333 1256 4375.4 166.88 1175.8 4314.8 175.12 1028.3 4255.7 203.23
3.7417 1247.6 4377.5 167.54 1168.4 4315.4 175.68 1021.7 4255.3 203.66
3.75 1239.1 4379.5 168.2 1160.9 4315.8 176.28 1015 4254.6 204.09
3.7583 1230.5 4381.4 168.88 1153.5 4316 176.9 1008.2 4253.8 204.54
3.7667 1221.8 4383.2 169.58 1146 4316.1 177.57 1001.3 4252.8 204.98
3.775 1213 4384.9 170.33 1138.4 4316.1 178.26 994.31 4251.6 205.43
3.7833 1204.1 4386.3 171.12 1130.8 4316 178.99 987.31 4250.2 205.87
3.7917 1195.3 4387.5 171.96 1123.2 4315.8 179.75 980.29 4248.7 206.31
3.8 1186.5 4388.6 172.84 1115.4 4315.5 180.53 973.28 4247 206.75
3.8083 1177.8 4389.4 173.76 1107.6 4315.1 181.34 966.31 4245.2 207.2
3.8167 1169.2 4390 174.71 1099.7 4314.7 182.15 959.37 4243.4 207.64
3.825 1160.8 4390.5 175.69 1091.8 4314.3 182.97 952.49 4241.4 208.09
3.8333 1152.5 4390.8 176.67 1083.9 4313.8 183.79 945.66 4239.4 208.55
3.8417 1144.5 4391.2 177.66 1076 4313.4 184.6 938.87 4237.3 209.03
3.85 1136.6 4391.5 178.65 1068.3 4313 185.41 932.1 4235.1 209.53
3.8583 1128.9 4391.8 179.64 1060.6 4312.6 186.21 925.34 4232.8 210.03
3.8667 1121.3 4392.1 180.66 1053.1 4312.2 187 918.56 4230.5 210.56
3.875 1113.7 4392.4 181.7 1045.7 4311.9 187.78 911.76 4228.2 211.09
3.8833 1106.1 4392.6 182.8 1038.6 4311.5 188.57 904.91 4225.8 211.64
3.8917 1098.5 4392.8 183.95 1031.6 4311.1 189.37 898.02 4223.3 212.19
3.9 1090.8 4392.7 185.17 1024.8 4310.7 190.17 891.09 4220.8 212.73
3.9083 1083 4392.4 186.48 1018.1 4310.3 190.99 884.13 4218.2 213.27
3.9167 1075.2 4391.9 187.86 1011.4 4309.7 191.84 877.16 4215.6 213.81
3.925 1067.3 4391.1 189.32 1004.9 4309.1 192.7 870.19 4213 214.34
3.9333 1059.4 4390.2 190.85 998.28 4308.3 193.6 863.24 4210.3 214.85
3.9417 1051.5 4389 192.44 991.66 4307.4 194.52 856.34 4207.6 215.35
3.95 1043.6 4387.7 194.1 984.97 4306.4 195.47 849.5 4204.8 215.84
3.9583 1035.8 4386.3 195.79 978.19 4305.2 196.45 842.74 4202 216.32
3.9667 1028 4384.8 197.52 971.28 4303.9 197.46 836.04 4199.2 216.78
3.975 1020.3 4383.4 199.27 964.26 4302.4 198.49 829.42 4196.4 217.24
3.9833 1012.8 4382 201.04 957.12 4300.8 199.54 822.84 4193.5 217.67
3.9917 1005.2 4380.6 202.82 949.87 4299 200.62 816.3 4190.7 218.09
4 997.78 4379.3 204.6 942.52 4297.2 201.71 809.77 4187.8 218.49
4.0083 990.39 4378.1 206.37 935.1 4295.2 202.83 803.22 4184.8 218.87
4.0167 983.04 4376.9 208.14 927.61 4293 203.96 796.63 4181.8 219.23
4.025 975.73 4375.8 209.9 920.07 4290.8 205.11 789.99 4178.7 219.57
4.0333 968.46 4374.6 211.65 912.49 4288.4 206.28 783.27 4175.5 219.88
4.0417 961.23 4373.4 213.38 904.87 4285.9 207.45 776.48 4172.3 220.18
4.05 954.02 4372.2 215.09 897.23 4283.2 208.63 769.59 4168.9 220.47
4.0583 946.84 4370.9 216.77 889.55 4280.4 209.81 762.63 4165.4 220.75
4.0667 939.67 4369.5 218.41 881.84 4277.5 210.98 755.59 4161.8 221.02
4.075 932.5 4368.2 219.99 874.09 4274.4 212.14 748.48 4158.1 221.3
4.0833 925.32 4366.8 221.5 866.29 4271.1 213.28 741.32 4154.3 221.58
4.0917 918.11 4365.4 222.93 858.44 4267.8 214.4 734.11 4150.4 221.87
4.1 910.86 4363.9 224.27 850.54 4264.2 215.48 726.85 4146.4 222.16
4.1083 903.56 4362.5 225.51 842.59 4260.6 216.53 719.56 4142.3 222.46
4.1167 896.19 4361 226.63 834.59 4256.8 217.54 712.23 4138.2 222.76
4.125 888.74 4359.4 227.65 826.54 4253 218.52 704.85 4134 223.06
4.1333 881.21 4357.8 228.55 818.46 4249 219.45 697.42 4129.8 223.35
4.1417 873.59 4356.1 229.35 810.34 4244.9 220.34 689.95 4125.6 223.63
4.15 865.88 4354.4 230.05 802.18 4240.7 221.19 682.41 4121.4 223.89
4.1583 858.08 4352.4 230.67 794.01 4236.4 222 674.82 4117.3 224.13
4.1667 850.2 4350.4 231.22 785.8 4232.1 222.77 667.16 4113.2 224.34
4.175 842.24 4348.2 231.71 777.57 4227.6 223.49 659.45 4109.1 224.53
4.1833 834.18 4345.8 232.15 769.6 4223.2 224.18 650.25 4105.3 223.82
4.1917 826.04 4343.2 232.57 761.3 4218.6 224.82 642.49 4101.2 223.99
4.2 817.8 4340.5 232.97 752.98 4213.9 225.41 634.7 4097.2 224.14
4.2083 809.45 4337.6 233.37 744.61 4209.2 225.97 626.89 4093.3 224.27
4.2167 800.98 4334.5 233.76 736.2 4204.4 226.47 619.06 4089.3 224.4
4.225 792.39 4331.3 234.18 727.76 4199.6 226.93 611.2 4085.4 224.51
4.2333 783.67 4327.9 234.6 719.27 4194.7 227.34 603.31 4081.5 224.61
4.2417 774.83 4324.2 235.04 710.72 4189.8 227.71 595.38 4077.6 224.71
4.25 765.87 4320.4 235.48 702.11 4184.9 228.04 587.38 4073.7 224.8
4.2583 756.82 4316.4 235.93 693.43 4180 228.33 579.29 4069.7 224.88
4.2667 747.68 4312.1 236.38 684.65 4175 228.58 571.09 4065.7 224.95
4.275 738.49 4307.4 236.8 675.78 4170.1 228.8 562.75 4061.6 225.02
4.2833 729.25 4302.5 237.21 666.78 4165.1 228.99 554.25 4057.4 225.08
4.2917 719.99 4297.3 237.58 657.63 4160 229.15 545.57 4053 225.15
4.3 710.71 4291.7 237.91 648.31 4154.9 229.28 536.69 4048.6 225.21
4.3083 701.43 4285.8 238.2 638.82 4149.7 229.37 527.62 4044 225.28
4.3167 692.14 4279.5 238.44 629.13 4144.4 229.44 518.37 4039.3 225.36
4.325 682.84 4272.9 238.64 619.26 4139 229.48 508.96 4034.5 225.44
4.3333 673.51 4266.1 238.8 609.22 4133.5 229.49 499.41 4029.6 225.53
4.3417 664.16 4259 238.91 599.03 4128 229.47 489.76 4024.6 225.62
4.35 654.78 4251.7 239 588.73 4122.2 229.43 480.06 4019.5 225.72
4.3583 645.37 4244.3 239.04 578.36 4116.4 229.37 470.35 4014.4 225.82
4.3667 635.94 4236.9 239.06 567.99 4110.5 229.31 460.69 4009.4 225.91
4.375 626.49 4229.5 239.06 557.67 4104.5 229.25 451.1 4004.4 225.99
4.3833 617.04 4222.1 239.03 547.47 4098.4 229.2 441.64 3999.4 226.05
4.3917 607.59 4214.8 238.98 537.44 4092.2 229.19 432.32 3994.4 226.1
4.4 598.16 4207.6 238.93 527.65 4086 229.21 423.18 3989.6 226.14
4.4083 588.75 4200.6 238.86 518.13 4079.8 229.28 414.23 3984.7 226.15
4.4167 579.39 4193.8 238.79 508.92 4073.6 229.41 405.47 3979.8 226.16
4.425 570.1 4187.1 238.7 500.02 4067.4 229.59 396.91 3974.9 226.15
4.4333 560.9 4180.5 238.6 491.45 4061.2 229.82 388.54 3970 226.14
4.4417 551.8 4174 238.48 483.19 4055.1 230.11 380.35 3964.9 226.14
4.45 542.78 4167.6 238.34 475.22 4049 230.43 372.33 3959.7 226.14
4.4583 533.83 4161.2 238.17 467.49 4043 230.79 364.48 3954.4 226.16
4.4667 524.91 4154.7 237.97 459.98 4037 231.16 356.78 3948.9 226.2
4.475 516.02 4148.2 237.73 452.65 4031.1 231.54 349.22 3943.2 226.26
4.4833 507.17 4141.7 237.47 445.45 4025.1 231.92 341.81 3937.4 226.34
4.4917 498.34 4135 237.19 438.34 4019.2 232.3 334.52 3931.4 226.45
4.5 489.53 4128.2 236.89 431.3 4013.3 232.66 327.37 3925.2 226.59
4.5083 480.75 4121.4 236.6 424.29 4007.4 233.02 320.34 3918.9 226.74
4.5167 472.02 4114.5 236.33 417.31 4001.4 233.37 313.43 3912.5 226.9
4.525 463.37 4107.5 236.08 410.34 3995.3 233.71 306.63 3905.9 227.08
4.5333 454.83 4100.4 235.86 403.38 3989.2 234.06 299.94 3899.2 227.26
4.5417 446.42 4093.3 235.68 396.43 3983 234.4 293.35 3892.5 227.44
4.55 438.15 4086.2 235.53 389.48 3976.6 234.75 286.85 3885.6 227.62
4.5583 430.05 4079 235.42 382.54 3970.2 235.1 280.44 3878.7 227.79
4.5667 422.12 4071.8 235.32 375.61 3963.6 235.44 274.1 3871.7 227.96
4.575 414.36 4064.5 235.24 368.69 3956.8 235.78 267.82 3864.7 228.11
4.5833 406.74 4057.2 235.14 361.8 3949.9 236.11 261.61 3857.6 228.25
4.5917 399.24 4049.8 235.03 354.92 3942.9 236.41 255.46 3850.5 228.37
4.6 391.81 4042.3 234.89 348.05 3935.8 236.68 249.36 3843.4 228.48
4.6083 384.4 4034.8 234.73 341.19 3928.5 236.92 243.32 3836.2 228.58
4.6167 376.98 4027.1 234.53 334.33 3921.2 237.13 237.33 3829.1 228.66
