0.0083333 -5.7578 6.7128 98.229 -27.448 109.9 87.907 0.69961 185.71 81.9
0.016667 -4.7789 14.141 98.333 -26.389 118.27 88.01 2.2277 193.85 81.77
0.025 -3.7559 21.875 98.451 -25.235 126.8 88.082 3.8068 202.06 81.642
0.033333 -2.6994 29.928 98.581 -23.985 135.5 88.121 5.4395 210.35 81.519
0.041667 -1.624 38.306 98.721 -22.636 144.36 88.129 7.1272 218.74 81.406
0.05 -0.5475 47.005 98.868 -21.19 153.37 88.109 8.8713 227.22 81.305
0.058333 0.51059 56.003 99.018 -19.649 162.52 88.063 10.672 235.81 81.222
0.066667 1.5341 65.278 99.164 -18.018 171.8 87.999 12.531 244.5 81.157
0.075 2.5092 74.79 99.302 -16.305 181.2 87.921 14.446 253.31 81.113
0.083333 3.4303 84.501 99.42 -14.517 190.72 87.834 16.421 262.23 81.086
0.091667 4.2981 94.368 99.512 -12.669 200.34 87.744 18.454 271.25 81.074
0.1 5.1197 104.35 99.572 -10.772 210.05 87.657 20.547 280.35 81.071
0.10833 5.9166 114.4 99.593 -8.8446 219.85 87.573 22.7 289.52 81.069
0.11667 6.706 124.5 99.572 -6.902 229.7 87.5 24.91 298.75 81.059
0.125 7.5163 134.6 99.512 -4.9621 239.6 87.439 27.174 308 81.034
0.13333 8.3786 144.69 99.418 -3.0429 249.51 87.393 29.485 317.27 80.985
0.14167 9.3201 154.73 99.296 -1.1602 259.4 87.365 31.832 326.53 80.908
0.15 10.367 164.74 99.157 0.67114 269.24 87.359 34.201 335.76 80.799
0.15833 11.544 174.68 99.013 2.439 278.98 87.377 36.575 344.94 80.659
0.16667 12.854 184.57 98.869 4.1349 288.6 87.421 38.932 354.07 80.494
0.175 14.285 194.41 98.73 5.7545 298.05 87.493 41.249 363.14 80.309
0.18333 15.805 204.2 98.597 7.2972 307.32 87.596 43.5 372.13 80.116
0.19167 17.371 213.94 98.469 8.7668 316.37 87.728 45.661 381.04 79.926
0.2 18.936 223.62 98.344 10.171 325.21 87.889 47.709 389.88 79.752
0.20833 20.461 233.25 98.211 11.52 333.83 88.077 49.625 398.65 79.606
0.21667 21.925 242.83 98.064 12.827 342.25 88.287 51.394 407.36 79.499
0.225 23.328 252.37 97.892 14.104 350.49 88.514 53.006 416 79.437
0.23333 24.679 261.86 97.686 15.366 358.58 88.754 54.461 424.6 79.426
0.24167 26.004 271.32 97.439 16.622 366.55 89 55.761 433.17 79.465
0.25 27.331 280.75 97.144 17.881 374.44 89.247 56.918 441.71 79.552
0.25833 28.694 290.15 96.802 19.151 382.28 89.49 57.946 450.24 79.683
0.26667 30.12 299.52 96.414 20.432 390.1 89.725 58.864 458.77 79.848
0.275 31.628 308.86 95.987 21.725 397.91 89.95 59.692 467.31 80.04
0.28333 33.237 318.18 95.533 23.029 405.73 90.161 60.451 475.85 80.248
0.29167 34.946 327.47 95.062 24.339 413.57 90.359 61.16 484.42 80.465
0.3 36.75 336.73 94.588 25.652 421.43 90.545 61.835 493.01 80.685
0.30833 38.632 345.96 94.124 26.965 429.31 90.718 62.487 501.61 80.901
0.31667 40.566 355.17 93.679 28.276 437.2 90.879 63.126 510.23 81.113
0.325 42.512 364.36 93.259 29.583 445.1 91.029 63.754 518.85 81.319
0.33333 44.422 373.51 92.868 30.885 453.01 91.168 64.372 527.46 81.522
0.34167 46.253 382.64 92.505 32.183 460.92 91.294 64.976 536.07 81.723
0.35 47.973 391.74 92.165 33.477 468.85 91.404 65.563 544.65 81.926
0.35833 49.56 400.83 91.844 34.77 476.8 91.499 66.127 553.21 82.133
0.36667 51.015 409.9 91.533 36.061 484.79 91.571 66.664 561.73 82.347
0.375 52.351 418.96 91.224 37.352 492.81 91.619 67.172 570.22 82.568
0.38333 53.594 428.01 90.911 38.645 500.9 91.639 67.652 578.68 82.795
0.39167 54.776 437.07 90.587 39.942 509.06 91.629 68.106 587.1 83.026
0.4 55.933 446.13 90.249 41.244 517.31 91.59 68.541 595.51 83.257
0.40833 57.096 455.2 89.895 42.553 525.64 91.523 68.964 603.91 83.486
0.41667 58.285 464.28 89.524 43.869 534.06 91.431 69.383 612.31 83.709
0.425 59.513 473.37 89.14 45.194 542.57 91.32 69.811 620.73 83.922
0.43333 60.775 482.47 88.747 46.528 551.17 91.194 70.257 629.17 84.124
0.44167 62.06 491.58 88.349 47.871 559.85 91.061 70.729 637.64 84.314
0.45 63.345 500.69 87.955 49.221 568.61 90.925 71.237 646.16 84.491
0.45833 64.605 509.82 87.57 50.578 577.43 90.793 71.786 654.72 84.658
0.46667 65.813 518.96 87.201 51.94 586.33 90.668 72.382 663.33 84.815
0.475 66.955 528.12 86.855 53.303 595.29 90.552 73.027 671.99 84.966
0.48333 68.019 537.31 86.533 54.665 604.32 90.444 73.725 680.7 85.112
0.49167 69.01 546.54 86.237 56.022 613.43 90.344 74.475 689.47 85.254
0.5 69.943 555.84 85.961 57.372 622.62 90.249 75.281 698.29 85.391
0.50833 70.851 565.25 85.702 58.709 631.89 90.154 76.143 707.18 85.523
0.51667 71.765 574.8 85.45 60.034 641.25 90.056 77.062 716.14 85.648
0.525 72.721 584.51 85.197 61.341 650.7 89.952 78.04 725.17 85.762
0.53333 73.747 594.41 84.94 62.632 660.24 89.839 79.076 734.28 85.862
0.54167 74.852 604.51 84.677 63.905 669.86 89.716 80.171 743.5 85.944
0.55 76.028 614.78 84.413 65.16 679.56 89.584 81.324 752.81 86.005
0.55833 77.26 625.22 84.153 66.399 689.32 89.445 82.531 762.24 86.043
0.56667 78.524 635.8 83.903 67.62 699.14 89.303 83.788 771.79 86.059
0.575 79.805 646.5 83.657 68.831 709.01 89.163 85.087 781.45 86.053
0.58333 81.085 657.31 83.421 70.026 718.92 89.029 86.42 791.23 86.026
0.59167 82.358 668.22 83.189 71.208 728.88 88.905 87.776 801.12 85.982
0.6 83.617 679.23 82.955 72.374 738.88 88.794 89.143 811.11 85.923
0.60833 84.861 690.36 82.712 73.527 748.94 88.698 90.511 821.2 85.852
0.61667 86.1 701.62 82.455 74.661 759.06 88.617 91.869 831.37 85.771
0.625 87.341 713.03 82.18 75.778 769.27 88.548 93.208 841.6 85.681
0.63333 88.602 724.61 81.887 76.876 779.58 88.489 94.523 851.88 85.582
0.64167 89.902 736.36 81.577 77.957 790 88.433 95.81 862.21 85.473
0.65 91.267 748.29 81.257 79.025 800.56 88.374 97.069 872.57 85.354
0.65833 92.703 760.37 80.936 80.083 811.25 88.306 98.303 882.94 85.222
0.66667 94.223 772.58 80.628 81.146 822.08 88.223 99.518 893.33 85.078
0.675 95.826 784.88 80.343 82.221 833.04 88.116 100.72 903.72 84.921
0.68333 97.499 797.21 80.093 83.325 844.12 87.981 101.93 914.11 84.754
0.69167 99.223 809.54 79.883 84.472 855.3 87.813 103.15 924.49 84.579
0.7 100.97 821.79 79.716 85.681 866.55 87.607 104.4 934.86 84.402
0.70833 102.71 833.92 79.587 86.966 877.84 87.361 105.68 945.22 84.229
0.71667 104.42 845.87 79.489 88.344 889.13 87.073 107.02 955.56 84.066
0.725 106.07 857.6 79.409 89.825 900.39 86.742 108.43 965.89 83.919
0.73333 107.66 869.09 79.332 91.419 911.59 86.367 109.92 976.19 83.796
0.74167 109.16 880.29 79.244 93.131 922.7 85.95 111.51 986.48 83.698
0.75 110.58 891.22 79.13 94.96 933.69 85.489 113.21 996.76 83.629
0.75833 111.94 901.86 78.976 96.904 944.55 84.986 115.03 1007 83.586
0.76667 113.23 912.23 78.777 98.955 955.26 84.44 116.99 1017.3 83.566
0.775 114.47 922.38 78.529 101.1 965.82 83.852 119.1 1027.6 83.561
0.78333 115.69 932.35 78.238 103.34 976.24 83.223 121.37 1037.9 83.564
0.79167 116.91 942.18 77.912 105.66 986.52 82.554 123.82 1048.2 83.564
0.8 118.15 951.92 77.561 108.05 996.67 81.852 126.46 1058.6 83.551
0.80833 119.45 961.6 77.196 110.5 1006.7 81.108 129.29 1068.9 83.516
0.81667 120.84 971.24 76.833 113.01 1016.7 80.337 132.32 1079.3 83.45
0.825 122.34 980.86 76.483 115.57 1026.6 79.541 135.55 1089.7 83.348
0.83333 123.97 990.45 76.16 118.18 1036.4 78.724 138.97 1100.2 83.207
0.84167 125.75 999.99 75.872 120.84 1046.2 77.891 142.59 1110.6 83.026
0.85 127.68 1009.5 75.626 123.55 1055.9 77.048 146.38 1120.9 82.809
0.85833 129.77 1018.9 75.422 126.32 1065.6 76.198 150.34 1131.2 82.559
0.86667 132 1028.2 75.258 129.13 1075.3 75.346 154.44 1141.4 82.282
0.875 134.37 1037.4 75.129 132.01 1084.9 74.495 158.68 1151.5 81.986
0.88333 136.86 1046.5 75.025 134.94 1094.6 73.646 163.04 1161.5 81.675
0.89167 139.46 1055.6 74.937 137.94 1104.2 72.8 167.49 1171.3 81.358
0.9 142.17 1064.5 74.854 141.13 1113.9 71.951 170.91 1180.7 81.935
0.90833 144.96 1073.5 74.769 144.26 1123.5 71.117 175.48 1190.3 81.635
0.91667 147.84 1082.4 74.673 147.46 1133.1 70.29 180.11 1199.8 81.341
0.925 150.8 1091.3 74.563 150.74 1142.7 69.474 184.8 1209.2 81.054
0.93333 153.82 1100.2 74.436 154.1 1152.3 68.672 189.52 1218.5 80.775
0.94167 156.9 1109.1 74.293 157.53 1162 67.887 194.29 1227.8 80.506
0.95 160.03 1118.1 74.14 161.04 1171.6 67.124 199.09 1237.1 80.247
0.95833 163.2 1127.2 73.983 164.63 1181.3 66.389 203.93 1246.3 79.997
0.96667 166.41 1136.2 73.829 168.29 1190.9 65.687 208.81 1255.6 79.758
0.975 169.64 1145.2 73.686 172.03 1200.6 65.022 213.72 1264.8 79.53
0.98333 172.89 1154.3 73.561 175.83 1210.3 64.397 218.65 1274.1 79.313
0.99167 176.16 1163.3 73.457 179.7 1220.1 63.813 223.63 1283.3 79.108
1 179.47 1172.4 73.377 183.64 1229.8 63.273 228.63 1292.6 78.916
1.0083 182.81 1181.5 73.317 187.64 1239.7 62.773 233.66 1301.8 78.737
1.0167 186.21 1190.6 73.272 191.71 1249.5 62.314 238.71 1311.1 78.57
1.025 189.7 1199.8 73.233 195.87 1259.5 61.891 243.8 1320.3 78.417
1.0333 193.31 1209 73.189 200.11 1269.5 61.5 248.91 1329.6 78.275
1.0417 197.06 1218.3 73.13 204.45 1279.5 61.139 254.05 1338.8 78.145
1.05 201 1227.7 73.049 208.89 1289.7 60.804 259.22 1348.1 78.027
1.0583 205.15 1237.2 72.947 213.47 1299.9 60.491 264.43 1357.3 77.919
1.0667 209.55 1246.8 72.819 218.17 1310.1 60.2 269.67 1366.6 77.823
1.075 214.21 1256.7 72.672 223 1320.4 59.93 274.96 1375.9 77.739
1.0833 219.11 1266.6 72.513 227.97 1330.8 59.68 280.29 1385.2 77.667
1.0917 224.21 1276.7 72.348 233.08 1341.1 59.45 285.68 1394.6 77.611
1.1 229.46 1287 72.182 238.32 1351.5 59.24 291.11 1404.1 77.574
1.1083 234.79 1297.3 72.02 243.68 1361.8 59.05 296.6 1413.6 77.559
1.1167 240.17 1307.7 71.864 249.17 1372.1 58.878 302.14 1423.1 77.57
1.125 245.54 1318.2 71.716 254.76 1382.3 58.72 307.72 1432.8 77.613
1.1333 250.91 1328.7 71.577 260.47 1392.5 58.573 313.35 1442.4 77.691
1.1417 256.25 1339.2 71.447 266.27 1402.7 58.431 319.01 1452.2 77.81
1.15 261.59 1349.7 71.323 272.18 1412.9 58.288 324.71 1461.9 77.972
1.1583 266.93 1360.3 71.201 278.18 1423 58.137 330.43 1471.7 78.179
1.1667 272.31 1370.9 71.078 284.29 1433.1 57.971 336.18 1481.5 78.431
1.175 277.75 1381.6 70.947 290.5 1443.2 57.785 341.96 1491.4 78.725
1.1833 283.28 1392.5 70.803 296.81 1453.4 57.573 347.77 1501.3 79.058
1.1917 288.9 1403.4 70.642 303.22 1463.5 57.336 353.6 1511.2 79.421
1.2 294.65 1414.5 70.46 309.71 1473.7 57.072 359.47 1521.1 79.805
1.2083 300.52 1425.7 70.251 316.27 1484 56.788 365.37 1531.1 80.198
1.2167 306.48 1436.9 70.013 322.88 1494.3 56.479 371.32 1541.1 80.588
1.225 312.54 1448.3 69.742 329.5 1504.6 56.162 377.3 1551.1 80.96
1.2333 318.66 1459.6 69.437 336.1 1515 55.843 383.33 1561.1 81.304
1.2417 324.83 1470.9 69.098 342.65 1525.3 55.531 389.38 1571.1 81.608
1.25 331.03 1482 68.729 349.1 1535.7 55.237 395.46 1581.1 81.865
1.2583 337.25 1493.1 68.334 355.43 1545.9 54.971 401.53 1591.1 82.071
1.2667 343.49 1503.9 67.92 361.59 1556.2 54.742 407.57 1601.1 82.227
1.275 349.75 1514.6 67.493 367.56 1566.3 54.556 413.57 1611 82.336
1.2833 356 1525.1 67.064 373.32 1576.3 54.419 419.48 1620.9 82.407
1.2917 362.25 1535.4 66.64 378.86 1586.3 54.334 425.28 1630.8 82.449
1.3 368.49 1545.5 66.229 384.19 1596.1 54.3 430.94 1640.6 82.475
1.3083 374.7 1555.5 65.835 389.31 1605.9 54.314 436.43 1650.4 82.498
1.3167 380.89 1565.4 65.46 394.24 1615.5 54.372 441.75 1660.2 82.529
1.325 387.04 1575.2 65.106 399.01 1625.1 54.465 446.87 1670 82.579
1.3333 393.15 1584.9 64.772 403.65 1634.6 54.588 451.81 1679.8 82.653
1.3417 399.19 1594.7 64.457 408.19 1644 54.735 456.55 1689.7 82.758
1.35 405.16 1604.4 64.159 412.66 1653.4 54.896 461.11 1699.6 82.893
1.3583 411.02 1614.2 63.877 417.07 1662.8 55.071 465.51 1709.6 83.055
1.3667 416.78 1623.9 63.608 421.46 1672.1 55.255 469.77 1719.7 83.242
1.375 422.41 1633.7 63.349 425.83 1681.4 55.447 473.91 1729.9 83.444
1.3833 427.91 1643.5 63.097 430.18 1690.7 55.648 477.95 1740.1 83.656
1.3917 433.28 1653.2 62.85 434.52 1700 55.862 481.91 1750.4 83.87
1.4 438.53 1662.9 62.607 438.84 1709.3 56.091 485.81 1760.8 84.079
1.4083 443.67 1672.6 62.367 443.14 1718.7 56.34 489.65 1771.2 84.28
1.4167 448.72 1682.2 62.131 447.4 1728 56.611 493.45 1781.6 84.47
1.425 453.69 1691.7 61.9 451.62 1737.4 56.907 497.21 1792 84.649
1.4333 458.59 1701.2 61.676 455.8 1746.8 57.23 500.93 1802.4 84.817
1.4417 463.45 1710.6 61.461 459.94 1756.3 57.578 504.62 1812.7 84.977
1.45 468.28 1720 61.255 464.03 1765.8 57.948 508.26 1823 85.133
1.4583 473.09 1729.3 61.06 468.09 1775.4 58.336 511.87 1833.2 85.287
1.4667 477.89 1738.7 60.874 472.12 1785 58.736 515.45 1843.4 85.444
1.475 482.68 1748 60.694 476.14 1794.7 59.14 518.99 1853.4 85.606
1.4833 487.46 1757.5 60.519 480.16 1804.5 59.542 522.49 1863.4 85.776
1.4917 492.24 1766.9 60.343 484.19 1814.4 59.935 525.97 1873.4 85.954
1.5 496.99 1776.5 60.164 488.25 1824.3 60.313 529.42 1883.3 86.143
1.5083 500.78 1785.9 59.751 492.33 1834.3 60.672 532.84 1893.1 86.341
1.5167 506.46 1795.9 59.792 496.45 1844.3 61.01 536.26 1903 86.55
1.525 511.16 1805.7 59.605 500.6 1854.4 61.327 539.66 1912.8 86.769
1.5333 515.83 1815.6 59.425 504.78 1864.6 61.623 543.05 1922.6 86.998
1.5417 520.47 1825.5 59.263 508.99 1874.8 61.901 546.43 1932.4 87.237
1.55 525.09 1835.5 59.131 513.23 1885.1 62.164 549.82 1942.3 87.485
1.5583 529.69 1845.6 59.039 517.48 1895.5 62.414 553.21 1952.1 87.74
1.5667 534.26 1855.6 58.997 521.74 1905.9 62.656 556.6 1962 88.002
1.575 538.81 1865.7 59.01 526 1916.4 62.89 559.99 1972 88.269
1.5833 543.35 1875.9 59.075 530.26 1927 63.118 563.4 1982 88.54
1.5917 547.88 1886.1 59.187 534.51 1937.6 63.34 566.82 1992 88.811
1.6 552.42 1896.4 59.331 538.77 1948.3 63.556 570.26 2002.1 89.081
1.6083 556.97 1906.9 59.494 543.02 1959.1 63.765 573.71 2012.3 89.35
1.6167 561.56 1917.6 59.661 547.26 1969.9 63.967 577.18 2022.6 89.617
1.625 566.16 1928.4 59.822 551.5 1980.8 64.161 580.65 2032.9 89.883
1.6333 570.78 1939.4 59.975 555.74 1991.8 64.348 584.13 2043.4 90.15
1.6417 575.39 1950.4 60.115 559.96 2002.8 64.53 587.6 2054 90.422
1.65 579.98 1961.6 60.243 564.16 2014 64.708 591.07 2064.6 90.704
1.6583 584.51 1972.9 60.356 568.34 2025.1 64.888 594.51 2075.4 90.999
1.6667 589 1984.2 60.455 572.48 2036.4 65.075 597.93 2086.2 91.312
1.675 593.44 1995.6 60.535 576.58 2047.7 65.271 601.33 2097.2 91.646
1.6833 597.87 2007.2 60.599 580.63 2059.1 65.484 604.69 2108.2 92.003
1.6917 602.29 2018.8 60.649 584.63 2070.5 65.716 608.02 2119.4 92.382
1.7 606.72 2030.7 60.689 588.55 2082.1 65.971 611.33 2130.5 92.78
1.7083 611.2 2042.6 60.725 592.41 2093.7 66.248 614.64 2141.8 93.193
1.7167 615.73 2054.8 60.765 596.21 2105.4 66.547 617.94 2153.1 93.613
1.725 620.33 2067.2 60.822 599.95 2117.2 66.862 621.26 2164.4 94.035
1.7333 624.97 2079.7 60.906 603.64 2129 67.19 624.61 2175.8 94.45
1.7417 629.65 2092.4 61.032 607.29 2140.9 67.521 627.99 2187.2 94.856
1.75 634.33 2105.2 61.214 610.91 2152.9 67.848 631.4 2198.7 95.248
1.7583 638.98 2118.1 61.462 614.53 2164.9 68.162 634.85 2210.2 95.628
1.7667 643.56 2131.1 61.782 618.16 2177 68.455 638.32 2221.8 95.998
1.775 648.06 2144 62.174 621.8 2189 68.721 641.8 2233.4 96.366
1.7833 652.43 2157 62.633 625.48 2201 68.955 645.27 2245 96.74
1.7917 656.69 2169.8 63.148 629.2 2212.9 69.154 648.71 2256.6 97.131
1.8 660.81 2182.4 63.704 632.97 2224.8 69.318 652.11 2268.3 97.548
1.8083 664.79 2194.9 64.28 636.79 2236.5 69.449 655.45 2279.9 98
1.8167 668.65 2207.2 64.854 640.66 2248.1 69.551 658.71 2291.5 98.49
1.825 672.38 2219.2 65.404 644.57 2259.6 69.626 661.91 2303.1 99.019
1.8333 676 2230.9 65.914 648.52 2270.9 69.68 665.05 2314.7 99.581
1.8417 679.51 2242.4 66.373 652.49 2282 69.717 668.14 2326.1 100.17
1.85 682.93 2253.7 66.778 656.47 2292.9 69.741 671.22 2337.5 100.76
1.8583 686.28 2264.7 67.132 660.46 2303.7 69.755 674.3 2348.8 101.35
1.8667 689.56 2275.7 67.442 664.42 2314.2 69.76 677.42 2360 101.91
1.875 692.78 2286.5 67.721 668.36 2324.7 69.755 680.6 2371.1 102.43
1.8833 695.97 2297.3 67.981 672.27 2334.9 69.74 683.87 2382 102.89
1.8917 699.13 2308 68.237 676.14 2345.1 69.713 687.25 2393 103.28
1.9 702.27 2318.7 68.505 679.96 2355.2 69.672 690.73 2403.8 103.59
1.9083 705.42 2329.3 68.798 683.74 2365.2 69.616 694.31 2414.6 103.84
1.9167 708.59 2339.9 69.129 687.48 2375.2 69.544 697.99 2425.4 104.01
1.925 711.78 2350.4 69.505 691.18 2385.1 69.456 701.73 2436.1 104.13
1.9333 715.02 2360.9 69.932 694.84 2395 69.353 705.53 2446.7 104.21
1.9417 718.29 2371.3 70.412 698.48 2405 69.237 709.34 2457.4 104.25
1.95 721.62 2381.7 70.941 702.11 2414.9 69.113 713.16 2468 104.29
1.9583 724.99 2391.9 71.514 705.73 2424.9 68.986 716.96 2478.6 104.33
1.9667 728.42 2402 72.123 709.36 2434.9 68.86 720.72 2489.1 104.38
1.975 731.89 2412.1 72.756 712.99 2445 68.743 724.45 2499.6 104.45
1.9833 735.4 2422.1 73.403 716.64 2455.1 68.641 728.14 2510 104.54
1.9917 738.94 2432.1 74.053 720.31 2465.2 68.559 731.81 2520.4 104.66
2 742.51 2442 74.696 724.01 2475.3 68.502 735.46 2530.6 104.79
2.0083 746.09 2451.9 75.323 727.72 2485.5 68.475 739.12 2540.8 104.93
2.0167 749.68 2461.8 75.928 731.45 2495.7 68.48 742.79 2551 105.08
2.025 753.28 2471.8 76.508 735.2 2505.9 68.517 746.48 2561 105.23
2.0333 756.88 2481.7 77.059 738.95 2516.2 68.585 750.2 2571.1 105.36
2.0417 760.5 2491.8 77.584 742.7 2526.4 68.684 753.96 2581.1 105.49
2.05 764.12 2501.8 78.083 746.45 2536.8 68.809 757.75 2591.1 105.6
2.0583 767.78 2511.9 78.559 750.19 2547.1 68.957 761.56 2601.2 105.7
2.0667 771.48 2522 79.015 753.91 2557.6 69.122 765.38 2611.2 105.79
2.075 775.23 2532.1 79.454 757.61 2568.1 69.301 769.2 2621.3 105.88
2.0833 779.05 2542.2 79.878 761.3 2578.6 69.489 773.01 2631.4 105.98
2.0917 782.95 2552.3 80.288 764.98 2589.3 69.682 776.81 2641.5 106.08
2.1 786.95 2562.5 80.685 768.64 2600 69.877 780.59 2651.7 106.19
2.1083 791.05 2572.7 81.066 772.31 2610.7 70.073 784.35 2661.9 106.31
2.1167 795.26 2582.9 81.432 775.99 2621.6 70.267 788.1 2672.1 106.44
2.125 799.58 2593.2 81.783 779.68 2632.5 70.46 791.84 2682.3 106.58
2.1333 804.01 2603.6 82.121 783.41 2643.4 70.652 795.59 2692.6 106.74
2.1417 808.55 2614.1 82.445 787.17 2654.4 70.842 799.34 2702.8 106.9
2.15 813.21 2624.8 82.769 790.98 2665.5 71.036 803.11 2713.1 107.06
2.1583 817.96 2635.6 83.088 794.84 2676.6 71.231 806.9 2723.3 107.24
2.1667 822.77 2646.7 83.405 798.75 2687.7 71.428 810.7 2733.6 107.42
2.175 827.6 2657.9 83.72 802.72 2698.8 71.627 814.52 2743.9 107.61
2.1833 832.44 2669.3 84.026 806.75 2709.9 71.826 818.35 2754.2 107.82
2.1917 837.25 2680.8 84.316 810.82 2721.1 72.027 822.17 2764.6 108.05
2.2 842.03 2692.4 84.582 814.95 2732.3 72.226 825.97 2775 108.31
2.2083 846.79 2704.1 84.816 819.12 2743.5 72.417 829.76 2785.5 108.59
2.2167 851.53 2715.8 85.015 823.32 2754.7 72.596 833.52 2796 108.9
2.225 856.27 2727.6 85.173 827.56 2765.9 72.766 837.25 2806.6 109.23
2.2333 861.01 2739.4 85.294 831.83 2777.2 72.915 840.94 2817.3 109.59
2.2417 865.75 2751.3 85.374 836.13 2788.5 73.049 844.61 2828.1 109.96
2.25 870.49 2763.3 85.421 840.44 2799.7 73.161 848.26 2838.9 110.35
2.2583 875.22 2775.4 85.437 844.77 2811 73.256 851.89 2849.8 110.73
2.2667 879.93 2787.6 85.428 849.11 2822.3 73.335 855.51 2860.8 111.1
2.275 884.6 2800 85.399 853.44 2833.6 73.403 859.12 2871.9 111.45
2.2833 889.24 2812.4 85.354 857.75 2844.9 73.464 862.73 2883 111.79
2.2917 893.81 2824.9 85.294 862.03 2856.2 73.53 866.34 2894.2 112.1
2.3 898.3 2837.4 85.225 866.26 2867.5 73.605 869.92 2905.3 112.38
2.3083 902.7 2849.9 85.151 870.41 2878.9 73.704 873.49 2916.5 112.64
2.3167 907 2862.3 85.077 874.46 2890.1 73.831 877.01 2927.7 112.88
2.325 911.19 2874.5 85.01 878.38 2901.4 73.998 880.48 2938.9 113.11
2.3333 915.27 2886.5 84.956 882.16 2912.7 74.212 883.89 2950 113.33
2.3417 919.25 2898.3 84.924 885.77 2924 74.48 887.21 2961.1 113.55
2.35 923.12 2909.8 84.92 889.19 2935.2 74.805 890.44 2972.1 113.78
2.3583 926.87 2921.2 84.952 892.42 2946.3 75.19 893.56 2983 114.02
2.3667 930.51 2932.2 85.025 895.45 2957.4 75.635 896.56 2993.9 114.26
2.375 934.03 2943.1 85.142 898.27 2968.4 76.137 899.44 3004.6 114.51
2.3833 937.44 2953.7 85.298 900.9 2979.4 76.694 902.19 3015.4 114.76
2.3917 940.74 2964.2 85.487 903.34 2990.2 77.291 904.79 3026.1 115.01
2.4 943.92 2974.5 85.701 905.61 3000.9 77.94 907.24 3036.8 115.25
2.4083 947 2984.8 85.927 907.73 3011.5 78.615 909.54 3047.5 115.48
2.4167 949.94 2995 86.154 909.71 3022 79.316 911.66 3058.3 115.69
2.425 952.74 3005.2 86.373 911.56 3032.5 80.034 913.59 3069.1 115.9
2.4333 955.36 3015.4 86.574 913.3 3042.8 80.763 915.33 3080 116.09
2.4417 957.8 3025.5 86.752 914.94 3053.1 81.498 916.86 3090.9 116.29
2.45 960.03 3035.7 86.905 916.48 3063.4 82.233 918.16 3101.9 116.48
2.4583 962.04 3045.8 87.034 917.94 3073.6 82.967 919.24 3113 116.7
2.4667 963.83 3055.9 87.145 919.3 3083.8 83.696 920.09 3124 116.94
2.475 965.4 3065.9 87.244 920.56 3094 84.42 920.72 3135.1 117.21
2.4833 966.75 3075.9 87.342 921.74 3104.2 85.137 921.13 3146.2 117.51
2.4917 967.88 3085.7 87.447 922.81 3114.4 85.849 921.35 3157.2 117.86
2.5 968.81 3095.4 87.555 923.79 3124.7 86.551 921.41 3168.1 118.24
2.5083 969.56 3105.1 87.681 924.66 3134.9 87.245 921.32 3179 118.65
2.5167 970.16 3114.7 87.823 925.44 3145.3 87.927 921.11 3189.7 119.09
2.525 970.64 3124.2 87.983 926.12 3155.6 88.594 920.82 3200.4 119.54
2.5333 971.03 3133.7 88.158 926.7 3166 89.243 920.48 3211 119.99
2.5417 971.37 3143.2 88.342 927.19 3176.3 89.868 920.09 3221.4 120.42
2.55 971.7 3152.7 88.531 927.58 3186.8 90.465 919.67 3231.9 120.84
2.5583 972.04 3162.3 88.718 927.88 3197.2 91.03 919.25 3242.2 121.23
2.5667 972.43 3171.9 88.899 928.08 3207.7 91.558 918.8 3252.5 121.59
2.575 972.88 3181.6 89.069 928.18 3218.2 92.046 918.33 3262.8 121.92
2.5833 973.4 3191.3 89.226 928.18 3228.7 92.492 917.84 3273.1 122.22
2.5917 973.99 3201.2 89.369 928.06 3239.3 92.895 917.31 3283.4 122.51
2.6 974.62 3211.1 89.504 927.83 3249.9 93.255 916.72 3293.6 122.78
2.6083 975.27 3221.1 89.635 927.48 3260.6 93.575 916.07 3303.9 123.04
2.6167 975.91 3231.2 89.772 927 3271.3 93.857 915.35 3314.1 123.3
2.625 976.49 3241.3 89.925 926.39 3282.1 94.107 914.56 3324.3 123.56
2.6333 976.99 3251.5 90.102 925.66 3292.9 94.329 913.68 3334.5 123.82
2.6417 977.36 3261.8 90.308 924.8 3303.7 94.529 912.71 3344.7 124.09
2.65 977.58 3272.1 90.547 923.82 3314.5 94.712 911.66 3354.8 124.35
2.6583 977.61 3282.5 90.812 922.71 3325.3 94.884 910.53 3364.9 124.59
2.6667 977.46 3293 91.096 921.48 3336.2 95.048 909.31 3374.9 124.82
2.675 977.12 3303.6 91.387 920.12 3347.1 95.209 907.99 3385 125.01
2.6833 976.62 3314.4 91.673 918.65 3358 95.37 906.58 3395 125.18
2.6917 975.97 3325.4 91.945 917.04 3368.9 95.533 905.05 3405.1 125.32
2.7 975.19 3336.6 92.201 915.31 3379.8 95.701 903.4 3415.2 125.43
2.7083 974.29 3347.8 92.442 913.45 3390.8 95.876 901.6 3425.3 125.51
2.7167 973.28 3359.2 92.676 911.45 3401.8 96.062 899.65 3435.4 125.59
2.725 972.15 3370.7 92.898 909.31 3412.8 96.26 897.52 3445.5 125.66
2.7333 970.88 3382.2 93.12 907.02 3423.9 96.476 895.22 3455.6 125.75
2.7417 969.46 3393.8 93.339 904.58 3434.9 96.71 892.72 3465.8 125.85
2.75 967.9 3405.5 93.558 901.98 3446.1 96.967 890.03 3476 125.99
2.7583 966.2 3417.2 93.779 899.23 3457.2 97.251 887.15 3486.1 126.16
2.7667 964.35 3429.2 94.005 896.33 3468.4 97.562 884.09 3496.3 126.36
2.775 962.36 3441.3 94.242 893.27 3479.6 97.905 880.87 3506.5 126.58
2.7833 960.24 3453.6 94.499 890.07 3490.7 98.281 877.49 3516.7 126.82
2.7917 957.98 3466.1 94.789 886.74 3501.9 98.69 873.99 3526.9 127.07
2.8 955.57 3478.7 95.127 883.29 3513.1 99.132 870.37 3537.1 127.3
2.8083 953.03 3491.5 95.531 879.74 3524.2 99.607 866.64 3547.4 127.51
2.8167 950.36 3504.3 96.014 876.1 3535.3 100.11 862.83 3557.7 127.69
2.825 947.53 3517.2 96.586 872.41 3546.4 100.65 858.94 3568.1 127.83
2.8333 944.58 3530 97.25 868.67 3557.4 101.2 854.97 3578.5 127.93
2.8417 941.51 3542.7 98.004 864.93 3568.4 101.78 850.92 3589 128.01
2.85 938.34 3555.2 98.834 861.2 3579.3 102.37 846.78 3599.5 128.06
2.8583 935.08 3567.5 99.725 857.49 3590.2 102.98 842.57 3610 128.1
2.8667 931.77 3579.4 100.66 853.84 3600.9 103.58 838.26 3620.5 128.15
2.875 928.43 3591 101.6 850.24 3611.6 104.19 833.88 3631 128.22
2.8833 925.08 3602.3 102.55 846.71 3622.1 104.79 829.41 3641.4 128.32
2.8917 921.72 3613.2 103.49 843.26 3632.5 105.39 824.88 3651.8 128.47
2.9 918.34 3623.9 104.42 839.87 3642.8 105.98 820.29 3662.2 128.65
2.9083 914.9 3634.2 105.33 836.56 3652.9 106.56 815.67 3672.4 128.86
2.9167 911.37 3644.4 106.23 833.3 3662.8 107.14 811.04 3682.6 129.1
2.925 907.71 3654.5 107.14 830.08 3672.6 107.71 806.41 3692.8 129.36
2.9333 903.9 3664.4 108.05 826.89 3682.2 108.29 801.81 3702.9 129.61
2.9417 899.94 3674.3 108.97 823.71 3691.7 108.87 797.27 3713 129.86
2.95 895.84 3684.1 109.93 820.53 3701.1 109.46 792.78 3723.1 130.07
2.9583 891.62 3693.9 110.92 817.32 3710.3 110.06 788.37 3733.3 130.26
2.9667 887.33 3703.7 111.96 814.07 3719.5 110.67 784.04 3743.4 130.41
2.975 883.01 3713.4 113.04 810.77 3728.6 111.3 779.78 3753.7 130.53
2.9833 878.73 3723.1 114.17 807.41 3737.6 111.94 775.59 3763.9 130.62
2.9917 874.54 3732.8 115.35 803.99 3746.6 112.6 771.45 3774.2 130.69
3 870.46 3742.3 116.58 800.49 3755.6 113.27 767.36 3784.6 130.76
3.0083 866.53 3751.8 117.85 796.91 3764.5 113.94 763.28 3794.9 130.82
3.0167 862.75 3761.2 119.17 793.26 3773.5 114.63 759.22 3805.3 130.88
3.025 859.1 3770.5 120.51 789.53 3782.5 115.31 755.16 3815.6 130.95
3.0333 855.57 3779.7 121.89 785.71 3791.5 115.99 751.08 3825.9 131.03
3.0417 852.11 3788.9 123.29 781.82 3800.5 116.68 746.99 3836.1 131.11
3.05 848.67 3798.1 124.7 777.84 3809.6 117.36 742.88 3846.3 131.18
3.0583 845.22 3807.2 126.13 773.78 3818.7 118.05 738.74 3856.4 131.23
3.0667 841.73 3816.4 127.55 769.63 3827.8 118.74 734.58 3866.5 131.27
3.075 838.18 3825.5 128.97 765.37 3837 119.43 730.4 3876.5 131.27
3.0833 834.57 3834.6 130.37 761.01 3846.3 120.13 726.19 3886.5 131.24
3.0917 830.89 3843.8 131.74 756.54 3855.6 120.84 721.95 3896.5 131.17
3.1 827.17 3852.9 133.08 751.96 3865 121.55 717.67 3906.5 131.06
3.1083 823.42 3862.1 134.36 747.25 3874.4 122.28 713.7 3917.1 130.24
3.1167 819.66 3871.4 135.58 742.41 3884 123.01 709.32 3927.1 130.11
3.125 815.91 3880.7 136.73 737.45 3893.6 123.73 704.88 3937.1 129.98
3.1333 812.18 3890 137.79 732.37 3903.3 124.46 700.36 3947.1 129.86
3.1417 808.47 3899.5 138.78 727.17 3913.1 125.17 695.75 3957.1 129.77
3.15 804.76 3909 139.67 721.85 3923 125.87 691.05 3967.1 129.7
3.1583 801.03 3918.7 140.48 716.43 3932.9 126.56 686.25 3977.1 129.68
3.1667 797.27 3928.5 141.21 710.92 3942.8 127.22 681.35 3987.1 129.69
3.175 793.44 3938.4 141.85 705.32 3952.8 127.87 676.36 3997.1 129.74
3.1833 789.49 3948.4 142.42 699.65 3962.8 128.49 671.28 4007.1 129.81
3.1917 785.4 3958.6 142.93 693.93 3972.9 129.08 666.12 4017.1 129.9
3.2 781.12 3968.8 143.38 688.16 3983 129.66 660.89 4027.1 130.01
3.2083 776.63 3979.2 143.78 682.36 3993 130.21 655.61 4037.1 130.11
3.2167 771.91 3989.6 144.15 676.54 4003.2 130.75 650.28 4047.2 130.21
3.225 766.94 4000.1 144.49 670.69 4013.3 131.27 644.91 4057.4 130.29
3.2333 761.73 4010.7 144.83 664.83 4023.4 131.77 639.52 4067.6 130.37
3.2417 756.27 4021.3 145.15 658.96 4033.6 132.24 634.1 4077.9 130.43
3.25 750.59 4032 145.48 653.07 4043.9 132.69 628.67 4088.3 130.49
3.2583 744.7 4042.6 145.81 647.15 4054.2 133.1 623.22 4098.7 130.55
3.2667 738.61 4053.2 146.14 641.2 4064.6 133.48 617.74 4109.1 130.62
3.275 732.32 4063.9 146.47 635.22 4075 133.82 612.25 4119.6 130.69
3.2833 725.83 4074.5 146.82 629.2 4085.6 134.11 606.73 4130.2 130.78
3.2917 719.14 4085.1 147.17 623.12 4096.3 134.37 601.18 4140.8 130.88
3.3 712.24 4095.7 147.53 616.99 4107.1 134.59 595.6 4151.4 131
3.3083 705.11 4106.4 147.9 610.79 4118.1 134.78 589.98 4162 131.12
3.3167 697.74 4117.2 148.26 604.51 4129.2 134.93 584.31 4172.7 131.26
3.325 690.13 4128.1 148.61 598.17 4140.4 135.07 578.61 4183.4 131.41
3.3333 682.29 4139.1 148.94 591.76 4151.8 135.2 572.86 4194.1 131.55
3.3417 674.22 4150.2 149.22 585.28 4163.3 135.32 567.06 4204.9 131.7
3.35 665.95 4161.3 149.45 578.74 4174.8 135.46 561.22 4215.7 131.84
3.3583 657.51 4172.4 149.61 572.15 4186.4 135.6 555.33 4226.5 131.98
3.3667 648.95 4183.4 149.69 565.51 4198.1 135.77 549.4 4237.4 132.12
3.375 640.31 4194.4 149.68 558.83 4209.6 135.96 543.43 4248.3 132.25
3.3833 631.66 4205.1 149.59 552.11 4221.2 136.16 537.43 4259.1 132.39
3.3917 623.07 4215.7 149.42 545.35 4232.6 136.38 531.4 4269.9 132.52
3.4 614.61 4226.1 149.2 538.57 4243.8 136.61 525.34 4280.6 132.65
3.4083 606.34 4236.4 148.92 531.75 4254.8 136.86 519.26 4291.2 132.77
3.4167 598.33 4246.4 148.61 524.9 4265.6 137.1 513.17 4301.7 132.9
3.425 590.59 4256.4 148.3 518.02 4276.1 137.35 507.06 4311.9 133.01
3.4333 583.14 4266.3 147.98 511.12 4286.4 137.6 500.93 4322 133.11
3.4417 575.96 4276.2 147.69 504.21 4296.3 137.84 494.78 4331.9 133.19
3.45 569.01 4285.9 147.41 497.28 4305.9 138.09 488.6 4341.6 133.25
3.4583 562.26 4295.7 147.16 490.35 4315.2 138.33 482.37 4351 133.3
3.4667 555.65 4305.4 146.94 483.44 4324.3 138.58 476.09 4360.3 133.32
3.475 549.13 4315.1 146.74 476.55 4333 138.84 469.73 4369.3 133.33
3.4833 542.65 4324.8 146.54 469.7 4341.6 139.11 463.28 4378.2 133.33
3.4917 536.14 4334.6 146.33 462.9 4349.9 139.39 456.71 4386.9 133.32
3.5 529.55 4344.4 146.12 456.16 4358 139.67 450.03 4395.5 133.32
3.5083 522.84 4354.1 145.9 449.48 4365.9 139.97 443.21 4403.9 133.34
3.5167 515.99 4363.7 145.66 442.86 4373.7 140.28 436.26 4412.1 133.37
3.525 509 4373.1 145.4 436.3 4381.4 140.59 429.17 4420.3 133.43
3.5333 501.87 4382.3 145.14 429.79 4389 140.9 421.95 4428.3 133.52
3.5417 494.63 4391.2 144.88 423.3 4396.5 141.22 414.61 4436.2 133.65
3.55 487.35 4399.8 144.64 416.83 4403.9 141.53 407.17 4443.9 133.8
3.5583 480.05 4408.2 144.43 410.34 4411.3 141.85 399.65 4451.5 133.98
3.5667 472.77 4416.3 144.27 403.81 4418.6 142.16 392.07 4459 134.19
3.575 465.49 4424.2 144.14 397.22 4425.9 142.47 384.44 4466.4 134.41
3.5833 458.21 4431.9 144.05 390.55 4433.1 142.78 376.79 4473.6 134.64
3.5917 450.91 4439.4 143.99 383.8 4440.4 143.09 369.13 4480.8 134.88
3.6 443.57 4446.9 143.96 376.94 4447.6 143.41 361.47 4487.8 135.11
3.6083 436.17 4454.4 143.94 369.99 4454.8 143.72 353.81 4494.8 135.35
3.6167 428.71 4461.8 143.91 362.93 4462 144.03 346.17 4501.7 135.57
3.625 421.17 4469.3 143.87 355.79 4469.2 144.33 338.53 4508.5 135.79
