0.0083333 -1.4588 3.8809 97.638 -20.252 96.9 85.953 6.0953 177.84 83.817
0.016667 -1.0813 10.734 97.638 -20.767 105 85.985 5.6085 185.18 83.796
0.025 -0.66473 17.66 97.639 -21.245 113.25 86.036 5.1711 192.57 83.77
0.033333 -0.23976 24.687 97.641 -21.674 121.68 86.103 4.7909 200.02 83.738
0.041667 0.16417 31.85 97.642 -22.046 130.29 86.178 4.4748 207.52 83.7
0.05 0.52196 39.2 97.641 -22.347 139.1 86.255 4.2295 215.07 83.654
0.058333 0.82318 46.775 97.635 -22.57 148.13 86.326 4.0594 222.69 83.601
0.066667 1.0595 54.619 97.623 -22.703 157.36 86.384 3.9674 230.38 83.543
0.075 1.2372 62.761 97.603 -22.738 166.8 86.421 3.9548 238.16 83.482
0.083333 1.3663 71.22 97.578 -22.666 176.44 86.429 4.0197 246.05 83.422
0.091667 1.4618 80.002 97.546 -22.481 186.29 86.406 4.1593 254.08 83.366
0.1 1.5413 89.094 97.511 -22.178 196.33 86.345 4.3689 262.27 83.321
0.10833 1.6191 98.475 97.475 -21.755 206.55 86.247 4.643 270.63 83.291
0.11667 1.7038 108.12 97.439 -21.21 216.94 86.113 4.9752 279.2 83.282
0.125 1.8006 118 97.407 -20.552 227.49 85.942 5.3599 287.98 83.297
0.13333 1.9084 128.07 97.379 -19.787 238.19 85.74 5.7918 296.97 83.34
0.14167 2.0175 138.32 97.355 -18.928 249.02 85.512 6.2668 306.19 83.408
0.15 2.1179 148.73 97.334 -17.993 259.95 85.265 6.7814 315.62 83.5
0.15833 2.1948 159.27 97.314 -17.002 270.96 85.007 7.3326 325.24 83.611
0.16667 2.2351 169.94 97.293 -15.979 282.02 84.746 7.9178 335.05 83.732
0.175 2.2284 180.73 97.267 -14.949 293.09 84.492 8.5335 345.02 83.853
0.18333 2.1736 191.62 97.231 -13.94 304.14 84.255 9.1745 355.11 83.966
0.19167 2.0779 202.61 97.182 -12.976 315.13 84.045 9.8338 365.29 84.059
0.2 1.9574 213.67 97.114 -12.08 325.99 83.874 10.501 375.54 84.127
0.20833 1.8431 224.79 97.026 -11.273 336.7 83.751 11.163 385.81 84.163
0.21667 1.7676 235.92 96.918 -10.571 347.21 83.686 11.804 396.09 84.166
0.225 1.7689 247.02 96.793 -9.986 357.49 83.684 12.405 406.34 84.139
0.23333 1.8829 258.03 96.659 -9.5254 367.51 83.751 12.948 416.55 84.088
0.24167 2.1421 268.86 96.527 -9.1911 377.26 83.888 13.411 426.69 84.021
0.25 2.5726 279.46 96.409 -8.9799 386.75 84.094 13.776 436.74 83.949
0.25833 3.1928 289.76 96.315 -8.8841 395.99 84.363 14.027 446.71 83.884
0.26667 4.0074 299.73 96.253 -8.892 405.01 84.689 14.15 456.59 83.837
0.275 5.006 309.35 96.227 -8.9891 413.85 85.061 14.139 466.38 83.816
0.28333 6.1591 318.67 96.237 -9.1584 422.54 85.47 13.99 476.09 83.829
0.29167 7.4174 327.74 96.275 -9.3841 431.13 85.905 13.708 485.72 83.877
0.3 8.7134 336.65 96.327 -9.6513 439.67 86.355 13.298 495.28 83.96
0.30833 9.9716 345.53 96.376 -9.9479 448.19 86.812 12.772 504.79 84.074
0.31667 11.117 354.48 96.394 -10.264 456.71 87.269 12.145 514.27 84.212
0.325 12.08 363.62 96.356 -10.596 465.28 87.721 11.43 523.71 84.366
0.33333 12.808 373.04 96.236 -10.94 473.89 88.165 10.641 533.15 84.527
0.34167 13.267 382.77 96.018 -11.299 482.57 88.599 9.7917 542.58 84.688
0.35 13.441 392.85 95.704 -11.676 491.3 89.02 8.8905 552.01 84.841
0.35833 13.337 403.26 95.307 -12.074 500.09 89.438 7.944 561.45 84.982
0.36667 12.979 413.97 94.856 -12.501 508.93 89.846 6.9552 570.91 85.11
0.375 12.41 424.89 94.386 -12.962 517.81 90.247 5.924 580.38 85.226
0.38333 11.687 435.94 93.929 -13.46 526.72 90.642 4.848 589.86 85.333
0.39167 10.879 447.02 93.508 -13.998 535.66 91.031 3.7237 599.35 85.435
0.4 10.056 458.03 93.14 -14.578 544.62 91.413 2.5473 608.83 85.538
0.40833 9.2844 468.88 92.829 -15.199 553.62 91.787 1.3157 618.32 85.647
0.41667 8.6212 479.52 92.575 -15.86 562.65 92.15 0.027271 627.79 85.765
0.425 8.1035 489.92 92.371 -16.556 571.72 92.499 -1.3176 637.25 85.894
0.43333 7.7471 500.08 92.206 -17.285 580.84 92.832 -2.716 646.69 86.035
0.44167 7.5483 510.04 92.071 -18.041 590.02 93.146 -4.1639 656.11 86.187
0.45 7.4867 519.87 91.953 -18.823 599.29 93.44 -5.6551 665.52 86.348
0.45833 7.5263 529.62 91.843 -19.627 608.63 93.711 -7.1828 674.91 86.513
0.46667 7.6201 539.37 91.732 -20.45 618.06 93.959 -8.7399 684.3 86.681
0.475 7.7233 549.16 91.616 -21.292 627.59 94.185 -10.32 693.68 86.848
0.48333 7.7882 559.06 91.493 -22.153 637.22 94.389 -11.917 703.06 87.012
0.49167 7.7778 569.06 91.367 -23.034 646.96 94.575 -13.527 712.45 87.172
0.5 7.6612 579.19 91.241 -23.939 656.79 94.744 -15.147 721.86 87.328
0.50833 7.4174 589.42 91.124 -24.871 666.74 94.897 -16.774 731.28 87.482
0.51667 7.044 599.74 91.025 -25.835 676.78 95.037 -18.408 740.71 87.634
0.525 6.5437 610.14 90.95 -26.837 686.94 95.164 -20.047 750.17 87.787
0.53333 5.9356 620.59 90.905 -27.881 697.19 95.277 -21.693 759.66 87.94
0.54167 5.2366 631.1 90.888 -28.972 707.55 95.376 -23.344 769.17 88.094
0.55 4.4774 641.68 90.897 -30.111 718.01 95.46 -25.001 778.71 88.248
0.55833 3.6846 652.35 90.922 -31.302 728.57 95.528 -26.664 788.29 88.399
0.56667 2.8844 663.14 90.951 -32.543 739.22 95.58 -28.333 797.91 88.543
0.575 2.0919 674.09 90.971 -33.834 749.98 95.616 -30.01 807.58 88.676
0.58333 1.3153 685.22 90.972 -35.175 760.83 95.639 -31.697 817.31 88.796
0.59167 0.54777 696.56 90.944 -36.564 771.77 95.653 -33.397 827.1 88.898
0.6 -0.23413 708.1 90.882 -38.002 782.81 95.661 -35.116 836.97 88.981
0.60833 -1.0608 719.83 90.784 -39.49 793.94 95.67 -36.861 846.92 89.045
0.61667 -1.9651 731.75 90.65 -41.032 805.17 95.685 -38.641 856.97 89.091
0.625 -2.9746 743.84 90.483 -42.632 816.49 95.714 -40.464 867.11 89.12
0.63333 -4.1126 756.09 90.29 -44.3 827.91 95.759 -42.337 877.36 89.136
0.64167 -5.3866 768.49 90.077 -46.039 839.44 95.826 -44.267 887.71 89.143
0.65 -6.8026 781.03 89.855 -47.859 851.08 95.917 -46.259 898.16 89.144
0.65833 -8.3468 793.72 89.632 -49.767 862.83 96.03 -48.313 908.72 89.139
0.66667 -10.003 806.57 89.421 -51.765 874.7 96.165 -50.429 919.37 89.13
0.675 -11.741 819.6 89.233 -53.856 886.68 96.315 -52.599 930.11 89.116
0.68333 -13.542 832.81 89.08 -56.033 898.79 96.478 -54.816 940.94 89.093
0.69167 -15.377 846.22 88.975 -58.287 911.01 96.645 -57.068 951.85 89.059
0.7 -17.23 859.81 88.927 -60.604 923.33 96.812 -59.344 962.85 89.011
0.70833 -19.084 873.57 88.952 -62.967 935.75 96.97 -61.631 973.91 88.945
0.71667 -20.953 887.46 89.053 -65.349 948.25 97.116 -63.918 985.05 88.862
0.725 -22.843 901.45 89.24 -67.725 960.8 97.245 -66.195 996.26 88.762
0.73333 -24.776 915.48 89.514 -70.068 973.39 97.354 -68.457 1007.5 88.652
0.74167 -26.773 929.48 89.869 -72.349 985.98 97.441 -70.698 1018.9 88.539
0.75 -28.848 943.41 90.298 -74.541 998.55 97.506 -72.918 1030.3 88.433
0.75833 -31.012 957.18 90.788 -76.62 1011.1 97.55 -75.118 1041.7 88.345
0.76667 -33.264 970.73 91.321 -78.568 1023.5 97.571 -77.298 1053.2 88.288
0.775 -35.59 984.01 91.877 -80.369 1035.8 97.57 -79.458 1064.7 88.272
0.78333 -37.965 996.98 92.435 -82.016 1048 97.549 -81.595 1076.2 88.303
0.79167 -40.354 1009.6 92.975 -83.507 1060 97.506 -83.703 1087.7 88.386
0.8 -42.725 1021.9 93.483 -84.846 1071.8 97.442 -85.772 1099.2 88.518
0.80833 -45.041 1033.8 93.95 -86.043 1083.5 97.357 -87.786 1110.7 88.694
0.81667 -47.273 1045.5 94.371 -87.111 1095 97.249 -89.725 1122.1 88.902
0.825 -49.405 1056.9 94.746 -88.068 1106.4 97.118 -91.567 1133.6 89.13
0.83333 -51.419 1068.2 95.075 -88.933 1117.6 96.964 -93.287 1145 89.36
0.84167 -53.309 1079.4 95.364 -89.726 1128.6 96.787 -94.863 1156.4 89.576
0.85 -55.074 1090.6 95.616 -90.465 1139.5 96.59 -96.272 1167.7 89.763
0.85833 -56.719 1101.8 95.843 -91.169 1150.3 96.373 -97.5 1179.1 89.908
0.86667 -58.253 1112.9 96.053 -91.853 1161.1 96.139 -98.535 1190.5 90.003
0.875 -59.684 1124.1 96.259 -92.528 1171.8 95.891 -99.376 1201.9 90.045
0.88333 -61.025 1135.3 96.474 -93.204 1182.4 95.631 -100.03 1213.3 90.035
0.89167 -62.283 1146.5 96.707 -93.885 1193 95.362 -100.51 1224.7 89.979
0.9 -63.471 1157.6 96.971 -94.571 1203.6 95.083 -100.83 1236.1 89.887
0.90833 -64.599 1168.7 97.272 -95.258 1214.2 94.797 -101.02 1247.6 89.77
0.91667 -65.676 1179.7 97.616 -95.939 1224.8 94.502 -101.1 1259 89.641
0.925 -66.709 1190.6 98.004 -96.602 1235.5 94.199 -101.11 1270.5 89.509
0.93333 -67.705 1201.4 98.433 -97.236 1246.2 93.887 -101.06 1281.9 89.384
0.94167 -68.668 1212.2 98.897 -97.829 1256.9 93.566 -100.97 1293.3 89.271
0.95 -69.602 1223 99.384 -98.368 1267.6 93.238 -100.86 1304.7 89.17
0.95833 -70.51 1233.7 99.882 -98.847 1278.4 92.904 -100.72 1316 89.08
0.96667 -71.391 1244.5 100.38 -99.263 1289.3 92.568 -100.57 1327.3 88.994
0.975 -72.246 1255.3 100.86 -99.616 1300.2 92.235 -100.4 1338.5 88.906
0.98333 -73.076 1266.1 101.31 -99.915 1311.2 91.91 -100.19 1349.8 88.807
0.99167 -73.878 1276.9 101.72 -100.17 1322.3 91.6 -99.934 1360.9 88.688
1 -74.65 1287.8 102.09 -100.41 1333.4 91.308 -99.626 1372.1 88.544
1.0083 -75.391 1298.8 102.42 -100.64 1344.7 91.042 -99.256 1383.2 88.37
1.0167 -76.101 1309.8 102.71 -100.9 1356 90.807 -98.819 1394.4 88.165
1.025 -76.774 1320.8 102.97 -101.21 1367.4 90.606 -98.314 1405.5 87.93
1.0333 -77.411 1331.9 103.2 -101.58 1378.9 90.442 -97.746 1416.7 87.671
1.0417 -78.007 1343 103.4 -102.03 1390.4 90.316 -97.124 1427.9 87.395
1.05 -78.56 1354.2 103.59 -102.57 1402.1 90.229 -96.458 1439.1 87.108
1.0583 -79.067 1365.5 103.76 -103.17 1413.8 90.179 -95.762 1450.3 86.819
1.0667 -79.522 1376.9 103.91 -103.84 1425.5 90.163 -95.047 1461.6 86.535
1.075 -79.919 1388.4 104.04 -104.53 1437.3 90.177 -94.324 1472.9 86.263
1.0833 -80.249 1400 104.14 -105.22 1449.2 90.218 -93.601 1484.2 86.007
1.0917 -80.503 1411.9 104.23 -105.88 1461.1 90.281 -92.882 1495.6 85.767
1.1 -80.672 1423.9 104.28 -106.48 1473 90.363 -92.167 1507 85.544
1.1083 -80.761 1436.2 104.31 -106.99 1485 90.458 -91.452 1518.4 85.336
1.1167 -80.787 1448.6 104.31 -107.39 1497.1 90.56 -90.73 1529.9 85.14
1.125 -80.775 1461.2 104.28 -107.67 1509.2 90.67 -89.997 1541.4 84.951
1.1333 -80.759 1473.9 104.23 -107.83 1521.4 90.783 -89.243 1552.9 84.768
1.1417 -80.759 1486.7 104.15 -107.87 1533.8 90.888 -88.463 1564.5 84.586
1.15 -80.788 1499.5 104.05 -107.8 1546.2 90.981 -87.652 1576.1 84.405
1.1583 -80.849 1512.3 103.93 -107.63 1558.7 91.057 -86.811 1587.7 84.225
1.1667 -80.941 1525 103.79 -107.37 1571.3 91.107 -85.944 1599.4 84.047
1.175 -81.068 1537.7 103.65 -107.03 1584.1 91.126 -85.055 1611.1 83.873
1.1833 -81.232 1550.5 103.52 -106.63 1597 91.108 -84.153 1622.8 83.708
1.1917 -81.437 1563.3 103.4 -106.17 1610 91.046 -83.247 1634.6 83.553
1.2 -81.688 1576.3 103.31 -105.65 1623.1 90.94 -82.346 1646.4 83.413
1.2083 -81.981 1589.5 103.24 -105.09 1636.3 90.784 -81.457 1658.2 83.288
1.2167 -82.315 1602.9 103.19 -104.48 1649.7 90.587 -80.585 1670.1 83.179
1.225 -82.679 1616.6 103.15 -103.81 1663 90.349 -79.731 1682 83.085
1.2333 -83.064 1630.5 103.1 -103.1 1676.4 90.08 -78.897 1694 83.004
1.2417 -83.461 1644.7 103.04 -102.35 1689.9 89.79 -78.076 1706 82.932
1.25 -83.862 1659 102.92 -101.57 1703.3 89.49 -77.266 1718 82.864
1.2583 -84.257 1673.4 102.75 -100.77 1716.7 89.194 -76.461 1730.1 82.794
1.2667 -84.63 1687.9 102.52 -99.969 1730.1 88.913 -75.657 1742.2 82.718
1.275 -84.964 1702.2 102.2 -99.197 1743.4 88.66 -74.854 1754.4 82.632
1.2833 -85.232 1716.5 101.82 -98.476 1756.6 88.446 -74.055 1766.7 82.531
1.2917 -85.407 1730.6 101.38 -97.833 1769.8 88.278 -73.269 1778.9 82.417
1.3 -85.469 1744.5 100.89 -97.289 1782.8 88.162 -72.508 1791.2 82.289
1.3083 -85.405 1758.1 100.38 -96.864 1795.7 88.103 -71.79 1803.5 82.15
1.3167 -85.215 1771.5 99.861 -96.572 1808.5 88.099 -71.135 1815.9 82.006
1.325 -84.917 1784.7 99.356 -96.416 1821.1 88.15 -70.568 1828.2 81.863
1.3333 -84.535 1797.6 98.884 -96.395 1833.6 88.251 -70.11 1840.5 81.727
1.3417 -84.096 1810.4 98.459 -96.498 1845.9 88.397 -69.783 1852.8 81.605
1.35 -83.624 1823.1 98.088 -96.709 1858 88.582 -69.604 1865 81.504
1.3583 -83.136 1835.6 97.772 -97.009 1870 88.798 -69.585 1877.3 81.428
1.3667 -82.649 1848.1 97.508 -97.374 1881.8 89.039 -69.734 1889.5 81.382
1.375 -82.177 1860.5 97.288 -97.785 1893.4 89.298 -70.051 1901.7 81.366
1.3833 -81.733 1873 97.105 -98.224 1904.9 89.57 -70.531 1913.9 81.382
1.3917 -81.326 1885.4 96.946 -98.677 1916.3 89.851 -71.165 1926.1 81.428
1.4 -80.964 1897.7 96.8 -99.136 1927.6 90.138 -71.939 1938.4 81.502
1.4083 -80.655 1910 96.656 -99.6 1938.9 90.428 -72.838 1950.6 81.6
1.4167 -80.404 1922.3 96.504 -100.07 1950.1 90.722 -73.849 1962.9 81.719
1.425 -80.217 1934.4 96.336 -100.56 1961.2 91.017 -74.956 1975.2 81.856
1.4333 -80.101 1946.4 96.149 -101.07 1972.4 91.314 -76.148 1987.6 82.006
1.4417 -80.063 1958.3 95.94 -101.62 1983.6 91.612 -77.416 1999.9 82.166
1.45 -80.107 1970.1 95.711 -102.22 1994.9 91.909 -78.752 2012.3 82.336
1.4583 -80.238 1981.7 95.466 -102.87 2006.2 92.202 -80.153 2024.7 82.514
1.4667 -80.454 1993.3 95.213 -103.57 2017.6 92.491 -81.616 2037.2 82.699
1.475 -80.751 2004.9 94.956 -104.33 2029 92.772 -83.138 2049.6 82.89
1.4833 -81.125 2016.4 94.702 -105.15 2040.5 93.042 -84.718 2061.9 83.089
1.4917 -81.567 2027.9 94.454 -106 2052.1 93.299 -86.352 2074.3 83.294
1.5 -82.066 2039.4 94.216 -106.9 2063.7 93.54 -88.034 2086.6 83.506
1.5083 -82.612 2051 93.984 -107.82 2075.4 93.765 -89.758 2098.9 83.722
1.5167 -83.195 2062.6 93.756 -108.76 2087.2 93.972 -91.513 2111.1 83.941
1.525 -83.806 2074.1 93.525 -109.72 2099 94.162 -93.289 2123.3 84.16
1.5333 -84.44 2085.8 93.286 -110.69 2110.8 94.333 -95.076 2135.4 84.376
1.5417 -85.093 2097.4 93.035 -111.69 2122.8 94.488 -96.862 2147.5 84.586
1.55 -85.767 2109 92.769 -112.7 2134.8 94.627 -98.637 2159.6 84.785
1.5583 -86.463 2120.6 92.49 -113.74 2146.9 94.752 -100.4 2171.6 84.972
1.5667 -87.186 2132.1 92.206 -114.82 2159 94.863 -102.13 2183.6 85.142
1.575 -87.94 2143.7 91.925 -115.93 2171.3 94.963 -103.84 2195.6 85.294
1.5833 -88.734 2155.3 91.658 -117.1 2183.6 95.05 -105.53 2207.6 85.427
1.5917 -89.568 2166.9 91.417 -118.31 2196 95.126 -107.21 2219.6 85.541
1.6 -90.45 2178.5 91.208 -119.57 2208.5 95.192 -108.87 2231.6 85.638
1.6083 -91.391 2190.3 91.035 -120.88 2221.1 95.245 -110.53 2243.6 85.718
1.6167 -92.388 2202.1 90.895 -122.24 2233.7 95.285 -112.2 2255.6 85.784
1.625 -93.448 2214.2 90.781 -123.64 2246.4 95.314 -113.88 2267.6 85.84
1.6333 -94.582 2226.4 90.683 -125.09 2259.2 95.331 -115.58 2279.6 85.888
1.6417 -95.79 2238.9 90.59 -126.58 2272 95.337 -117.32 2291.7 85.929
1.65 -97.075 2251.5 90.496 -128.11 2284.9 95.334 -119.09 2303.7 85.967
1.6583 -98.444 2264.4 90.398 -129.68 2297.9 95.322 -120.89 2315.8 86.001
1.6667 -99.898 2277.3 90.293 -131.3 2311 95.307 -122.74 2328 86.031
1.675 -101.44 2290.4 90.182 -132.98 2324.1 95.291 -124.62 2340.1 86.055
1.6833 -103.06 2303.5 90.06 -134.72 2337.3 95.278 -126.54 2352.3 86.07
1.6917 -104.77 2316.8 89.927 -136.54 2350.6 95.271 -128.5 2364.6 86.074
1.7 -106.55 2330.1 89.784 -138.44 2364 95.275 -130.49 2377 86.061
1.7083 -108.4 2343.5 89.631 -140.43 2377.4 95.291 -132.51 2389.4 86.028
1.7167 -110.29 2357.1 89.477 -142.52 2390.9 95.32 -134.57 2401.8 85.971
1.725 -112.23 2370.8 89.331 -144.71 2404.4 95.363 -136.66 2414.4 85.887
1.7333 -114.2 2384.8 89.203 -146.99 2417.9 95.417 -138.77 2427 85.773
1.7417 -116.19 2399 89.109 -149.37 2431.5 95.481 -140.92 2439.7 85.631
1.75 -118.2 2413.5 89.065 -151.82 2445.1 95.55 -143.09 2452.5 85.462
1.7583 -120.21 2428.1 89.085 -154.34 2458.7 95.621 -145.29 2465.3 85.269
1.7667 -122.22 2443 89.186 -156.9 2472.4 95.691 -147.51 2478.2 85.058
1.775 -124.25 2457.9 89.379 -159.48 2486 95.755 -149.76 2491.2 84.835
1.7833 -126.29 2472.9 89.673 -162.05 2499.7 95.811 -152.02 2504.2 84.611
1.7917 -128.36 2487.8 90.066 -164.58 2513.3 95.855 -154.31 2517.3 84.391
1.8 -130.46 2502.6 90.554 -167.05 2527 95.887 -156.6 2530.4 84.186
1.8083 -132.59 2517.2 91.122 -169.43 2540.6 95.905 -158.9 2543.5 84.003
1.8167 -134.75 2531.5 91.749 -171.7 2554.2 95.909 -161.2 2556.6 83.849
1.825 -136.94 2545.5 92.407 -173.84 2567.8 95.898 -163.47 2569.7 83.726
1.8333 -139.16 2559.3 93.064 -175.83 2581.4 95.873 -165.72 2582.9 83.637
1.8417 -141.39 2572.6 93.687 -177.68 2594.8 95.833 -167.91 2596 83.582
1.85 -143.63 2585.6 94.249 -179.38 2608.2 95.777 -170.04 2609.1 83.558
1.8583 -145.88 2598.4 94.735 -180.94 2621.4 95.705 -172.09 2622.2 83.558
1.8667 -148.15 2610.9 95.134 -182.37 2634.5 95.615 -174.02 2635.2 83.577
1.875 -150.41 2623.2 95.448 -183.68 2647.4 95.507 -175.83 2648.3 83.607
1.8833 -152.67 2635.3 95.681 -184.89 2660.1 95.379 -177.5 2661.4 83.639
1.8917 -154.91 2647.4 95.845 -186.03 2672.7 95.23 -179 2674.4 83.666
1.9 -157.1 2659.4 95.955 -187.11 2685 95.058 -180.34 2687.5 83.681
1.9083 -159.22 2671.4 96.029 -188.14 2697.2 94.864 -181.5 2700.6 83.679
1.9167 -161.25 2683.4 96.089 -189.14 2709.3 94.647 -182.49 2713.8 83.654
1.925 -163.15 2695.4 96.155 -190.13 2721.2 94.409 -183.3 2727 83.607
1.9333 -164.91 2707.4 96.243 -191.09 2733.1 94.15 -183.95 2740.2 83.536
1.9417 -166.51 2719.3 96.369 -192.04 2744.9 93.873 -184.46 2753.4 83.442
1.95 -167.95 2731.2 96.542 -192.98 2756.7 93.58 -184.85 2766.7 83.329
1.9583 -169.22 2743.1 96.766 -193.91 2768.5 93.275 -185.13 2779.9 83.2
1.9667 -170.36 2754.9 97.042 -194.81 2780.4 92.96 -185.32 2793.2 83.059
1.975 -171.38 2766.6 97.364 -195.7 2792.3 92.638 -185.46 2806.4 82.909
1.9833 -172.32 2778.3 97.726 -196.56 2804.2 92.311 -185.55 2819.6 82.755
1.9917 -173.19 2789.9 98.117 -197.39 2816.2 91.985 -185.62 2832.8 82.6
2 -174.04 2801.5 98.524 -198.19 2828.3 91.66 -185.68 2845.9 82.445
2.0083 -174.89 2813 98.939 -198.97 2840.4 91.341 -185.73 2858.9 82.292
2.0167 -175.75 2824.5 99.352 -199.71 2852.6 91.033 -185.79 2871.9 82.142
2.025 -176.64 2836 99.754 -200.43 2864.8 90.737 -185.84 2884.8 81.993
2.0333 -177.55 2847.5 100.14 -201.12 2877.1 90.458 -185.9 2897.7 81.846
2.0417 -178.48 2859 100.51 -201.79 2889.4 90.2 -185.96 2910.5 81.699
2.05 -179.4 2870.5 100.87 -202.44 2901.8 89.966 -186.01 2923.3 81.551
2.0583 -180.31 2882 101.21 -203.08 2914.2 89.759 -186.06 2936.1 81.398
2.0667 -181.16 2893.6 101.54 -203.71 2926.7 89.581 -186.1 2948.8 81.24
2.075 -181.94 2905.3 101.87 -204.34 2939.3 89.436 -186.13 2961.5 81.075
2.0833 -182.63 2917.1 102.19 -204.96 2951.9 89.323 -186.14 2974.3 80.901
2.0917 -183.21 2928.9 102.5 -205.58 2964.7 89.243 -186.14 2987 80.717
2.1 -183.68 2940.9 102.81 -206.19 2977.5 89.196 -186.13 2999.7 80.52
2.1083 -184.04 2952.9 103.12 -206.8 2990.4 89.18 -186.1 3012.4 80.311
2.1167 -184.31 2965.1 103.4 -207.41 3003.4 89.195 -186.05 3025.1 80.09
2.125 -184.51 2977.4 103.68 -208.01 3016.4 89.236 -185.98 3037.8 79.856
2.1333 -184.65 2989.8 103.93 -208.59 3029.6 89.303 -185.89 3050.6 79.612
2.1417 -184.74 3002.4 104.17 -209.15 3042.9 89.392 -185.76 3063.3 79.356
2.15 -184.82 3015.1 104.39 -209.68 3056.2 89.501 -185.59 3076 79.093
2.1583 -184.89 3027.9 104.6 -210.18 3069.7 89.626 -185.37 3088.7 78.824
2.1667 -184.97 3040.9 104.79 -210.62 3083.2 89.761 -185.11 3101.4 78.551
2.175 -185.07 3054 104.96 -210.99 3096.8 89.91 -184.79 3114.2 78.278
2.1833 -185.2 3067.2 105.1 -211.3 3110.5 90.063 -184.42 3127 78.008
2.1917 -185.37 3080.5 105.22 -211.52 3124.2 90.216 -183.99 3139.8 77.743
2.2 -185.58 3093.9 105.31 -211.65 3138.1 90.364 -183.49 3152.7 77.486
2.2083 -185.81 3107.3 105.37 -211.69 3152 90.501 -182.95 3165.6 77.238
2.2167 -186.08 3120.8 105.41 -211.62 3166.1 90.621 -182.35 3178.6 77.003
2.225 -186.38 3134.5 105.42 -211.45 3180.2 90.718 -181.7 3191.7 76.779
2.2333 -186.71 3148.3 105.42 -211.18 3194.4 90.786 -181 3204.8 76.568
2.2417 -187.07 3162.2 105.4 -210.81 3208.7 90.821 -180.26 3218 76.369
2.25 -187.48 3176.4 105.36 -210.34 3223.1 90.82 -179.48 3231.2 76.181
2.2583 -187.94 3190.8 105.29 -209.79 3237.4 90.782 -178.65 3244.4 76.002
2.2667 -188.44 3205.4 105.19 -209.16 3251.8 90.708 -177.79 3257.7 75.83
2.275 -188.99 3220.2 105.05 -208.47 3266.3 90.604 -176.89 3270.9 75.662
2.2833 -189.58 3235.1 104.87 -207.74 3280.7 90.473 -175.95 3284.3 75.498
2.2917 -190.23 3250 104.63 -206.98 3295 90.325 -174.98 3297.6 75.333
2.3 -190.91 3265 104.34 -206.22 3309.4 90.167 -173.99 3311 75.166
2.3083 -191.62 3279.9 103.99 -205.49 3323.6 90.01 -172.97 3324.4 74.994
2.3167 -192.33 3294.8 103.6 -204.81 3337.8 89.861 -171.96 3337.8 74.817
2.325 -192.99 3309.4 103.17 -204.2 3351.8 89.729 -170.95 3351.3 74.635
2.3333 -193.56 3323.9 102.71 -203.68 3365.8 89.62 -169.98 3364.8 74.446
2.3417 -194.02 3338.2 102.23 -203.28 3379.6 89.541 -169.05 3378.3 74.253
2.35 -194.33 3352.2 101.75 -203.01 3393.3 89.495 -168.19 3391.9 74.057
2.3583 -194.5 3366.1 101.28 -202.86 3406.8 89.483 -167.43 3405.5 73.859
2.3667 -194.54 3379.8 100.83 -202.85 3420.1 89.505 -166.77 3419.1 73.664
2.375 -194.44 3393.2 100.41 -202.98 3433.3 89.56 -166.24 3432.7 73.473
2.3833 -194.23 3406.5 100.03 -203.22 3446.3 89.642 -165.84 3446.3 73.29
2.3917 -193.9 3419.7 99.668 -203.57 3459.1 89.749 -165.59 3459.9 73.119
2.4 -193.47 3432.9 99.337 -204.01 3471.8 89.876 -165.48 3473.5 72.962
2.4083 -192.97 3445.9 99.026 -204.51 3484.3 90.017 -165.53 3487 72.822
2.4167 -192.42 3459 98.731 -205.06 3496.7 90.168 -165.72 3500.5 72.703
2.425 -191.85 3471.9 98.445 -205.64 3509 90.324 -166.05 3514 72.606
2.4333 -191.3 3484.9 98.162 -206.23 3521.2 90.483 -166.51 3527.4 72.534
2.4417 -190.79 3497.7 97.878 -206.82 3533.4 90.642 -167.09 3540.8 72.488
2.45 -190.34 3510.5 97.588 -207.41 3545.6 90.798 -167.78 3554.1 72.468
2.4583 -189.98 3523.3 97.292 -207.98 3557.8 90.956 -168.58 3567.5 72.474
2.4667 -189.7 3535.9 96.989 -208.55 3570 91.109 -169.47 3580.8 72.504
2.475 -189.51 3548.5 96.681 -209.12 3582.3 91.258 -170.45 3594.1 72.555
2.4833 -189.42 3560.9 96.37 -209.68 3594.6 91.404 -171.5 3607.5 72.626
2.4917 -189.39 3573.3 96.058 -210.26 3607 91.545 -172.64 3620.8 72.713
2.5 -189.44 3585.7 95.749 -210.86 3619.4 91.68 -173.84 3634.1 72.813
2.5083 -189.53 3598 95.445 -211.47 3631.9 91.809 -175.1 3647.5 72.924
2.5167 -189.66 3610.2 95.145 -212.12 3644.4 91.931 -176.42 3660.8 73.041
2.525 -189.82 3622.4 94.848 -212.79 3657 92.043 -177.8 3674.2 73.165
2.5333 -190 3634.6 94.549 -213.48 3669.6 92.145 -179.22 3687.5 73.292
2.5417 -190.19 3646.8 94.242 -214.2 3682.2 92.235 -180.67 3700.8 73.422
2.55 -190.41 3659 93.922 -214.93 3694.8 92.312 -182.15 3714 73.553
2.5583 -190.66 3671.2 93.577 -215.67 3707.5 92.377 -183.64 3727.3 73.685
2.5667 -190.96 3683.4 93.206 -216.41 3720.2 92.428 -185.14 3740.5 73.817
2.575 -191.3 3695.6 92.804 -217.17 3733 92.465 -186.63 3753.7 73.948
2.5833 -191.7 3707.9 92.374 -217.93 3745.9 92.488 -188.1 3766.9 74.075
2.5917 -192.18 3720.2 91.92 -218.69 3758.9 92.497 -189.55 3780.1 74.197
2.6 -192.72 3732.5 91.454 -219.47 3771.9 92.494 -190.97 3793.3 74.31
2.6083 -193.32 3744.9 90.987 -220.25 3785.1 92.479 -192.35 3806.5 74.41
2.6167 -193.99 3757.4 90.534 -221.05 3798.4 92.453 -193.7 3819.8 74.495
2.625 -194.69 3769.9 90.11 -221.87 3811.8 92.416 -195 3833.1 74.559
2.6333 -195.42 3782.5 89.725 -222.71 3825.3 92.37 -196.26 3846.4 74.601
2.6417 -196.16 3795.1 89.384 -223.57 3838.9 92.317 -197.49 3859.7 74.618
2.65 -196.91 3807.9 89.086 -224.45 3852.6 92.259 -198.69 3873.1 74.61
2.6583 -197.65 3820.8 88.822 -225.35 3866.3 92.196 -199.87 3886.4 74.577
2.6667 -198.4 3833.8 88.579 -226.27 3880.2 92.132 -201.04 3899.9 74.522
2.675 -199.14 3847 88.344 -227.21 3894 92.068 -202.21 3913.3 74.449
2.6833 -199.9 3860.4 88.105 -228.17 3908 92.007 -203.39 3926.7 74.362
2.6917 -200.7 3873.9 87.855 -229.15 3921.9 91.951 -204.59 3940.2 74.268
2.7 -201.56 3887.6 87.589 -230.17 3936 91.903 -205.82 3953.8 74.171
2.7083 -202.49 3901.4 87.31 -231.21 3950 91.864 -207.07 3967.3 74.074
2.7167 -203.52 3915.3 87.006 -232.31 3964.1 91.838 -208.36 3980.9 73.982
2.725 -204.65 3929.4 86.69 -233.45 3978.3 91.824 -209.69 3994.6 73.894
2.7333 -205.88 3943.6 86.361 -234.66 3992.5 91.824 -211.04 4008.3 73.808
2.7417 -207.2 3957.9 86.023 -235.94 4006.7 91.839 -212.42 4022.1 73.72
2.75 -208.59 3972.5 85.684 -237.29 4021 91.867 -213.81 4036 73.622
2.7583 -210.03 3987.3 85.356 -238.72 4035.3 91.909 -215.21 4049.9 73.507
2.7667 -211.5 4002.4 85.054 -240.22 4049.7 91.961 -216.61 4063.9 73.368
2.775 -212.98 4017.7 84.791 -241.79 4064.1 92.022 -218 4077.9 73.198
2.7833 -214.44 4033.3 84.588 -243.41 4078.6 92.09 -219.38 4092 72.992
2.7917 -215.87 4049.1 84.458 -245.07 4093.1 92.162 -220.75 4106 72.75
2.8 -217.27 4065.1 84.413 -246.74 4107.7 92.234 -222.11 4120.1 72.473
2.8083 -218.63 4081.1 84.47 -248.39 4122.4 92.303 -223.46 4134.1 72.168
2.8167 -219.95 4097.1 84.633 -250 4137 92.366 -224.8 4148.1 71.847
2.825 -221.25 4113 84.901 -251.54 4151.7 92.421 -226.15 4162 71.523
2.8333 -222.53 4128.7 85.267 -252.97 4166.5 92.462 -227.51 4176 71.212
2.8417 -223.81 4144.2 85.713 -254.28 4181.2 92.488 -228.87 4189.9 70.929
2.85 -225.09 4159.4 86.22 -255.44 4195.8 92.494 -230.24 4203.7 70.691
2.8583 -226.38 4174.2 86.755 -256.43 4210.4 92.478 -231.6 4217.6 70.509
2.8667 -227.68 4188.7 87.286 -257.25 4224.9 92.435 -232.95 4231.4 70.391
2.875 -228.97 4202.8 87.78 -257.89 4239.2 92.364 -234.24 4245.3 70.34
2.8833 -230.27 4216.5 88.211 -258.36 4253.3 92.26 -235.46 4259.1 70.352
2.8917 -231.57 4229.9 88.564 -258.66 4267.2 92.124 -236.58 4273 70.415
2.9 -232.86 4243.1 88.835 -258.82 4280.8 91.951 -237.55 4286.9 70.518
2.9083 -234.14 4256.2 89.028 -258.86 4294.2 91.744 -238.34 4300.8 70.64
2.9167 -235.39 4269.1 89.149 -258.78 4307.3 91.502 -238.93 4314.7 70.763
2.925 -236.6 4282 89.212 -258.61 4320.1 91.226 -239.28 4328.6 70.868
2.9333 -237.73 4294.8 89.23 -258.37 4332.7 90.919 -239.39 4342.5 70.937
2.9417 -238.76 4307.6 89.219 -258.07 4345.2 90.585 -239.25 4356.3 70.959
2.95 -239.66 4320.4 89.198 -257.73 4357.4 90.225 -238.86 4370.1 70.926
2.9583 -240.39 4333.1 89.183 -257.35 4369.6 89.844 -238.23 4383.9 70.837
2.9667 -240.94 4345.8 89.186 -256.94 4381.7 89.446 -237.41 4397.5 70.696
2.975 -241.28 4358.4 89.219 -256.48 4393.8 89.034 -236.41 4411.1 70.51
2.9833 -241.41 4370.9 89.288 -255.98 4405.9 88.612 -235.27 4424.6 70.29
2.9917 -241.36 4383.4 89.395 -255.44 4418 88.181 -234.02 4438 70.049
3 -241.12 4395.7 89.539 -254.84 4430.2 87.744 -232.71 4451.3 69.798
3.0083 -240.74 4408 89.715 -254.19 4442.5 87.302 -231.34 4464.5 69.547
3.0167 -240.24 4420.2 89.919 -253.47 4454.9 86.858 -229.96 4477.5 69.305
3.025 -239.67 4432.3 90.141 -252.69 4467.4 86.412 -228.56 4490.5 69.074
3.0333 -239.06 4444.3 90.373 -251.86 4479.9 85.97 -227.15 4503.4 68.856
3.0417 -238.45 4456.2 90.614 -250.97 4492.4 85.53 -225.73 4516.2 68.648
3.05 -237.86 4468.2 90.86 -250.03 4505 85.097 -224.29 4529 68.446
3.0583 -237.3 4480 91.099 -249.04 4517.7 84.677 -222.82 4541.6 68.244
3.0667 -236.78 4491.8 91.337 -248.02 4530.4 84.276 -221.31 4554.3 68.035
3.075 -236.3 4503.6 91.574 -246.97 4543 83.896 -219.74 4566.9 67.813
3.0833 -235.84 4515.4 91.814 -245.9 4555.8 83.542 -218.11 4579.4 67.576
3.0917 -235.39 4527.1 92.059 -244.81 4568.5 83.218 -216.42 4591.9 67.321
3.1 -234.91 4538.9 92.313 -243.69 4581.3 82.926 -214.68 4604.5 67.05
3.1083 -234.4 4550.6 92.577 -242.56 4594.2 82.667 -212.87 4617 66.765
3.1167 -233.81 4562.5 92.849 -241.4 4607.1 82.441 -211.03 4629.5 66.472
3.125 -233.13 4574.4 93.125 -240.22 4620.1 82.247 -209.15 4642 66.175
3.1333 -232.34 4586.3 93.398 -238.99 4633.2 82.084 -207.24 4654.5 65.881
3.1417 -231.43 4598.4 93.659 -237.73 4646.3 81.947 -205.32 4666.9 65.596
3.15 -230.39 4610.6 93.9 -236.41 4659.5 81.836 -203.38 4679.4 65.322
3.1583 -229.21 4622.9 94.113 -235.02 4672.9 81.748 -201.43 4691.9 65.063
3.1667 -227.9 4635.3 94.292 -233.56 4686.2 81.679 -199.45 4704.4 64.818
3.175 -226.46 4647.9 94.447 -232.01 4699.7 81.629 -197.43 4716.9 64.587
3.1833 -224.89 4660.7 94.572 -230.38 4713.1 81.596 -195.37 4729.4 64.367
3.1917 -223.22 4673.6 94.678 -228.64 4726.6 81.578 -193.24 4741.9 64.155
3.2 -221.46 4686.7 94.773 -226.79 4740.2 81.574 -191.04 4754.5 63.949
3.2083 -219.65 4699.9 94.867 -224.84 4753.7 81.582 -188.74 4767.1 63.746
3.2167 -217.81 4713.2 94.966 -222.77 4767.3 81.599 -186.33 4779.7 63.545
3.225 -215.96 4726.7 95.074 -220.58 4780.9 81.62 -183.82 4792.4 63.347
3.2333 -214.11 4740.2 95.198 -218.26 4794.5 81.644 -181.19 4805.1 63.153
3.2417 -212.27 4753.8 95.334 -215.83 4808.2 81.663 -178.46 4817.8 62.964
3.25 -210.44 4767.5 95.481 -213.26 4821.9 81.673 -175.62 4830.6 62.784
3.2583 -208.61 4781.3 95.631 -210.57 4835.7 81.668 -172.69 4843.4 62.614
3.2667 -206.77 4795.2 95.773 -207.76 4849.5 81.639 -169.67 4856.3 62.456
3.275 -204.93 4809.2 95.895 -204.82 4863.5 81.584 -166.57 4869.1 62.311
3.2833 -203.09 4823.5 95.983 -201.75 4877.5 81.498 -163.4 4882 62.177
3.2917 -201.24 4837.9 96.021 -198.58 4891.6 81.38 -160.15 4894.9 62.053
3.3 -199.38 4852.5 95.995 -195.31 4905.8 81.23 -156.84 4907.8 61.934
3.3083 -197.49 4867.2 95.891 -191.97 4920 81.049 -153.47 4920.7 61.815
3.3167 -195.56 4882.2 95.699 -188.57 4934.3 80.841 -150.03 4933.6 61.691
3.325 -193.57 4897.2 95.416 -185.14 4948.5 80.614 -146.52 4946.5 61.557
3.3333 -191.5 4912.2 95.044 -181.73 4962.7 80.374 -142.96 4959.5 61.409
3.3417 -189.34 4927.2 94.589 -178.35 4976.9 80.127 -139.35 4972.5 61.245
3.35 -187.06 4942.1 94.064 -175.06 4990.9 79.885 -135.71 4985.6 61.065
3.3583 -184.63 4956.8 93.487 -171.87 5004.8 79.656 -132.06 4998.8 60.87
3.3667 -182.05 4971.3 92.877 -168.83 5018.5 79.446 -128.43 5012 60.664
3.375 -179.3 4985.6 92.254 -165.95 5032 79.263 -124.86 5025.2 60.455
3.3833 -176.4 4999.7 91.638 -163.25 5045.2 79.112 -121.37 5038.5 60.248
3.3917 -173.36 5013.4 91.044 -160.73 5058.2 78.997 -118.01 5051.9 60.053
3.4 -170.2 5027 90.481 -158.38 5071 78.919 -114.81 5065.3 59.874
3.4083 -166.94 5040.3 89.951 -156.2 5083.5 78.877 -111.79 5078.6 59.719
3.4167 -163.61 5053.4 89.452 -154.16 5095.8 78.87 -108.97 5092 59.593
3.425 -160.23 5066.4 88.977 -152.23 5108 78.894 -106.38 5105.3 59.498
3.4333 -156.83 5079.2 88.519 -150.39 5119.9 78.945 -104.01 5118.5 59.436
3.4417 -153.44 5092 88.071 -148.6 5131.8 79.018 -101.85 5131.7 59.406
3.45 -150.09 5104.6 87.626 -146.83 5143.6 79.108 -99.903 5144.8 59.407
3.4583 -146.79 5117.2 87.18 -145.05 5155.4 79.211 -98.133 5157.9 59.437
3.4667 -143.57 5129.7 86.731 -143.24 5167.1 79.321 -96.519 5170.8 59.492
3.475 -140.44 5142.1 86.276 -141.39 5178.8 79.436 -95.032 5183.7 59.57
3.4833 -137.41 5154.4 85.819 -139.49 5190.6 79.552 -93.645 5196.6 59.667
3.4917 -134.47 5166.5 85.361 -137.54 5202.4 79.665 -92.331 5209.4 59.78
3.5 -131.62 5178.6 84.906 -135.55 5214.3 79.774 -91.068 5222.2 59.906
3.5083 -128.85 5190.6 84.458 -133.52 5226.1 79.876 -89.838 5234.9 60.043
3.5167 -126.16 5202.5 84.017 -131.46 5238.1 79.969 -88.629 5247.7 60.189
3.525 -123.52 5214.3 83.585 -129.4 5250 80.053 -87.432 5260.5 60.342
3.5333 -120.92 5226.1 83.16 -127.33 5262 80.124 -86.246 5273.3 60.502
3.5417 -118.35 5237.8 82.741 -125.28 5274 80.181 -85.071 5286 60.669
3.55 -115.79 5249.6 82.322 -123.23 5286 80.223 -83.908 5298.8 60.841
3.5583 -113.24 5261.3 81.9 -121.21 5298 80.247 -82.761 5311.5 61.018
3.5667 -110.7 5273 81.468 -119.19 5310.1 80.252 -81.633 5324.1 61.199
3.575 -108.16 5284.8 81.02 -117.18 5322.1 80.235 -80.524 5336.7 61.384
3.5833 -105.63 5296.5 80.55 -115.18 5334.3 80.196 -79.433 5349.3 61.569
3.5917 -103.12 5308.3 80.052 -113.18 5346.5 80.133 -78.356 5361.8 61.753
3.6 -100.63 5320.2 79.523 -111.16 5358.7 80.045 -77.287 5374.2 61.931
3.6083 -98.178 5332.1 78.96 -109.13 5371.1 79.934 -76.217 5386.6 62.1
3.6167 -95.776 5344 78.367 -107.08 5383.5 79.8 -75.138 5398.9 62.254
3.625 -93.431 5356 77.748 -105.01 5396 79.646 -74.038 5411.1 62.388
3.6333 -91.147 5368 77.112 -102.93 5408.6 79.474 -72.908 5423.4 62.497
3.6417 -88.925 5380.1 76.474 -100.82 5421.3 79.29 -71.738 5435.6 62.576
3.65 -86.773 5392.3 75.845 -98.702 5434.1 79.097 -70.52 5447.9 62.622
3.6583 -84.677 5404.5 75.24 -96.57 5446.9 78.9 -69.251 5460.1 62.634
3.6667 -82.619 5416.8 74.673 -94.427 5459.8 78.704 -67.927 5472.4 62.612
3.675 -80.596 5429.1 74.149 -92.275 5472.7 78.515 -66.551 5484.7 62.561
3.6833 -78.594 5441.6 73.672 -90.116 5485.7 78.335 -65.126 5497 62.484
3.6917 -76.588 5454.1 73.241 -87.951 5498.7 78.168 -63.658 5509.4 62.39
3.7 -74.581 5466.8 72.849 -85.78 5511.7 78.017 -62.156 5521.8 62.288
3.7083 -72.546 5479.6 72.493 -83.603 5524.8 77.884 -60.629 5534.3 62.187
3.7167 -70.499 5492.6 72.167 -81.424 5537.9 77.769 -59.087 5546.8 62.099
3.725 -68.433 5505.8 71.871 -79.242 5551.2 77.673 -57.54 5559.4 62.03
3.7333 -66.363 5519.1 71.606 -77.06 5564.4 77.597 -55.993 5572 61.986
3.7417 -64.296 5532.6 71.373 -74.882 5577.8 77.54 -54.45 5584.7 61.973
3.75 -62.235 5546.2 71.17 -72.712 5591.2 77.503 -52.914 5597.4 61.988
3.7583 -60.181 5559.9 70.992 -70.555 5604.7 77.487 -51.381 5610.2 62.029
3.7667 -58.127 5573.8 70.831 -68.417 5618.3 77.49 -49.845 5623.1 62.088
3.775 -56.055 5587.8 70.677 -66.303 5632 77.515 -48.299 5636 62.156
3.7833 -53.964 5602.1 70.524 -64.219 5645.7 77.56 -46.729 5648.9 62.218
3.7917 -51.82 5616.6 70.361 -62.17 5659.4 77.624 -45.125 5661.9 62.264
3.8 -49.642 5631.3 70.188 -60.161 5673.1 77.706 -43.474 5675 62.279
3.8083 -47.374 5646.4 70.003 -58.191 5686.9 77.802 -41.765 5688.1 62.254
3.8167 -45.054 5661.7 69.816 -56.262 5700.7 77.91 -39.992 5701.3 62.181
3.825 -42.645 5677.3 69.638 -54.365 5714.4 78.024 -38.151 5714.6 62.058
3.8333 -40.163 5693 69.487 -52.492 5728.1 78.137 -36.242 5727.9 61.886
3.8417 -37.614 5708.8 69.383 -50.631 5741.9 78.243 -34.271 5741.2 61.671
3.85 -35.021 5724.6 69.343 -48.763 5755.6 78.334 -32.247 5754.5 61.424
3.8583 -32.403 5740.4 69.38 -46.871 5769.3 78.402 -30.182 5767.9 61.157
3.8667 -29.782 5755.9 69.505 -44.933 5783.1 78.438 -28.089 5781.2 60.883
3.875 -27.183 5771.3 69.714 -42.924 5796.9 78.435 -25.98 5794.5 60.618
3.8833 -24.627 5786.3 70 -40.822 5810.7 78.387 -23.865 5807.8 60.374
3.8917 -22.122 5800.9 70.347 -38.607 5824.5 78.289 -21.75 5820.9 60.16
3.9 -19.691 5815.1 70.728 -36.259 5838.3 78.139 -19.639 5834.1 59.986
3.9083 -17.332 5828.9 71.119 -33.765 5852.1 77.935 -17.526 5847.1 59.854
3.9167 -15.047 5842.3 71.493 -31.116 5865.9 77.681 -15.401 5860.1 59.764
3.925 -12.825 5855.3 71.832 -28.311 5879.6 77.379 -13.249 5873 59.712
3.9333 -10.65 5868 72.129 -25.352 5893.2 77.037 -11.047 5885.9 59.692
3.9417 -8.4989 5880.4 72.376 -22.252 5906.7 76.661 -8.7719 5898.7 59.694
3.95 -6.3498 5892.7 72.575 -19.023 5920 76.261 -6.3951 5911.5 59.709
3.9583 -4.1708 5904.8 72.732 -15.686 5933.1 75.845 -3.89 5924.2 59.725
3.9667 -1.9499 5916.8 72.845 -12.26 5946 75.417 -1.2323 5937 59.733
3.975 0.35831 5928.7 72.936 -8.7665 5958.8 74.987 1.5996 5949.8 59.726
3.9833 2.7809 5940.6 73.015 -5.2238 5971.3 74.558 4.6209 5962.6 59.699
3.9917 5.3428 5952.4 73.099 -1.6472 5983.6 74.135 7.8418 5975.5 59.648
4 8.0656 5964 73.201 1.9527 5995.8 73.717 11.266 5988.5 59.573
4.0083 10.963 5975.6 73.332 5.57 6007.8 73.306 14.89 6001.4 59.474
4.0167 14.036 5987.1 73.502 9.2036 6019.8 72.902 18.707 6014.5 59.355
4.025 17.282 5998.4 73.714 12.856 6031.6 72.503 22.706 6027.5 59.218
4.0333 20.685 6009.6 73.966 16.534 6043.4 72.11 26.871 6040.5 59.063
4.0417 24.221 6020.7 74.254 20.244 6055.1 71.721 31.186 6053.5 58.895
4.05 27.855 6031.6 74.567 23.996 6066.7 71.336 35.634 6066.4 58.712
4.0583 31.559 6042.5 74.895 27.796 6078.4 70.957 40.198 6079.3 58.516
4.0667 35.294 6053.3 75.229 31.651 6090.1 70.586 44.862 6092.1 58.305
4.075 39.029 6064.1 75.554 35.565 6101.7 70.222 49.611 6104.8 58.078
4.0833 42.737 6074.9 75.865 39.54 6113.4 69.871 54.432 6117.4 57.836
4.0917 46.4 6085.7 76.156 43.574 6125 69.534 59.314 6129.9 57.578
4.1 50.007 6096.5 76.424 47.665 6136.7 69.212 64.248 6142.3 57.306
4.1083 53.563 6107.3 76.671 51.81 6148.4 68.907 69.224 6154.6 57.021
4.1167 57.07 6118.1 76.901 56.003 6160.1 68.621 74.237 6166.8 56.727
4.125 60.551 6129 77.12 60.241 6171.8 68.353 79.282 6178.9 56.43
4.1333 64.027 6139.8 77.332 64.522 6183.6 68.103 84.354 6191 56.133
4.1417 67.528 6150.7 77.541 68.845 6195.5 67.871 89.452 6203 55.841
4.15 71.076 6161.6 77.751 73.212 6207.3 67.654 94.575 6215.1 55.56
4.1583 74.708 6172.5 77.96 77.628 6219.3 67.453 99.727 6227.1 55.294
4.1667 78.443 6183.3 78.163 82.1 6231.3 67.265 104.91 6239 55.044
4.175 82.304 6194.2 78.355 86.634 6243.4 67.091 110.13 6251 54.812
4.1833 86.306 6205.2 78.529 91.242 6255.6 66.93 115.4 6263 54.596
4.1917 90.463 6216.2 78.678 95.932 6267.8 66.781 120.73 6274.9 54.396
4.2 94.779 6227.2 78.796 100.71 6280.1 66.644 126.13 6286.8 54.208
4.2083 99.264 6238.3 78.884 105.59 6292.4 66.519 131.6 6298.7 54.027
4.2167 103.92 6249.6 78.945 110.57 6304.8 66.406 137.17 6310.6 53.85
4.225 108.76 6261 78.985 115.66 6317.3 66.303 142.83 6322.4 53.675
4.2333 113.76 6272.5 79.014 120.86 6329.7 66.211 148.59 6334.2 53.497
4.2417 118.93 6284.3 79.043 126.15 6342.2 66.126 154.46 6346 53.318
4.25 124.23 6296.1 79.082 131.56 6354.7 66.049 160.44 6357.8 53.137
4.2583 129.65 6308.2 79.141 137.07 6367.3 65.975 166.51 6369.6 52.958
4.2667 135.17 6320.4 79.221 142.69 6379.8 65.902 172.68 6381.4 52.782
4.275 140.76 6332.7 79.332 148.43 6392.3 65.828 178.93 6393.2 52.614
4.2833 146.44 6345.1 79.466 154.29 6404.9 65.748 185.26 6405 52.457
4.2917 152.21 6357.7 79.62 160.28 6417.5 65.66 191.66 6416.8 52.313
4.3 158.06 6370.4 79.789 166.43 6430.2 65.562 198.12 6428.7 52.185
4.3083 163.99 6383.2 79.96 172.75 6442.9 65.452 204.65 6440.5 52.07
4.3167 170.02 6396.2 80.121 179.25 6455.7 65.327 211.24 6452.3 51.968
4.325 176.12 6409.3 80.259 185.95 6468.6 65.187 217.9 6464.1 51.874
4.3333 182.3 6422.7 80.354 192.85 6481.6 65.033 224.64 6475.9 51.782
4.3417 188.52 6436.2 80.394 199.95 6494.6 64.863 231.47 6487.7 51.687
4.35 194.79 6449.9 80.36 207.24 6507.7 64.682 238.42 6499.5 51.58
4.3583 201.09 6463.7 80.242 214.69 6520.9 64.49 245.47 6511.2 51.457
4.3667 207.41 6477.6 80.029 222.27 6534.1 64.291 252.65 6523 51.313
4.375 213.76 6491.6 79.718 229.93 6547.3 64.089 259.96 6534.7 51.145
4.3833 220.12 6505.6 79.311 237.63 6560.4 63.889 267.38 6546.5 50.953
4.3917 226.5 6519.5 78.817 245.31 6573.4 63.694 274.92 6558.3 50.74
4.4 232.91 6533.2 78.249 252.92 6586.4 63.511 282.54 6570.1 50.51
4.4083 239.37 6546.8 77.624 260.39 6599.1 63.347 290.22 6582 50.267
4.4167 245.87 6560.1 76.962 267.69 6611.8 63.206 297.93 6594 50.02
4.425 252.42 6573.1 76.279 274.77 6624.2 63.096 305.62 6606.1 49.776
4.4333 259.03 6585.9 75.59 281.6 6636.3 63.021 313.25 6618.2 49.541
4.4417 265.69 6598.3 74.907 288.17 6648.3 62.983 320.79 6630.3 49.32
4.45 272.39 6610.5 74.24 294.48 6660 62.984 328.2 6642.5 49.115
4.4583 279.11 6622.5 73.588 300.54 6671.5 63.022 335.45 6654.7 48.929
4.4667 285.85 6634.3 72.952 306.36 6682.8 63.093 342.5 6667 48.762
4.475 292.61 6646 72.329 311.98 6693.9 63.189 349.36 6679.2 48.612
4.4833 299.37 6657.6 71.716 317.43 6704.8 63.302 356 6691.4 48.478
4.4917 306.12 6669.2 71.111 322.75 6715.6 63.42 362.43 6703.5 48.36
4.5 312.84 6680.7 70.517 327.98 6726.2 63.538 368.67 6715.7 48.258
4.5083 319.51 6692.2 69.937 333.16 6736.8 63.644 374.71 6727.7 48.173
4.5167 326.13 6703.6 69.371 338.32 6747.3 63.73 380.59 6739.8 48.109
4.525 332.68 6714.9 68.825 343.48 6757.8 63.791 386.31 6751.8 48.07
