0.0083333 0.38197 5.8156 100.2 -24.743 90.813 88.82 10.411 159.98 84.862
0.016667 1.3326 13.827 100.31 -23.219 99.641 88.894 12.303 168.27 84.892
0.025 2.3232 22.107 100.41 -21.621 108.63 88.949 14.252 176.67 84.926
0.033333 3.3484 30.666 100.49 -19.945 117.77 88.98 16.259 185.19 84.965
0.041667 4.4012 39.507 100.57 -18.187 127.07 88.982 18.323 193.86 85.011
0.05 5.4651 48.629 100.64 -16.344 136.5 88.953 20.445 202.68 85.065
0.058333 6.5243 58.022 100.68 -14.414 146.07 88.892 22.622 211.68 85.13
0.066667 7.5621 67.667 100.72 -12.4 155.74 88.801 24.851 220.85 85.206
0.075 8.5648 77.539 100.73 -10.307 165.51 88.682 27.127 230.2 85.293
0.083333 9.5254 87.605 100.72 -8.1458 175.34 88.539 29.445 239.72 85.391
0.091667 10.445 97.831 100.68 -5.9306 185.23 88.376 31.797 249.39 85.497
0.1 11.336 108.16 100.61 -3.6821 195.15 88.198 34.178 259.18 85.607
0.10833 12.219 118.57 100.51 -1.4222 205.09 88.012 36.58 269.07 85.717
0.11667 13.125 129 100.36 0.82375 215.02 87.823 38.995 279.02 85.82
0.125 14.09 139.41 100.17 3.0302 224.94 87.638 41.416 289 85.913
0.13333 15.154 149.78 99.951 5.1728 234.83 87.463 43.835 298.96 85.987
0.14167 16.35 160.08 99.696 7.2301 244.68 87.303 46.242 308.89 86.04
0.15 17.707 170.29 99.416 9.1854 254.46 87.163 48.629 318.76 86.068
0.15833 19.234 180.4 99.113 11.028 264.17 87.047 50.983 328.54 86.07
0.16667 20.926 190.41 98.795 12.752 273.78 86.96 53.294 338.22 86.046
0.175 22.76 200.33 98.466 14.36 283.27 86.901 55.546 347.81 86.001
0.18333 24.697 210.17 98.131 15.859 292.62 86.873 57.725 357.29 85.94
0.19167 26.693 219.93 97.792 17.26 301.8 86.873 59.815 366.69 85.871
0.2 28.707 229.63 97.449 18.579 310.79 86.898 61.8 376.01 85.803
0.20833 30.705 239.29 97.102 19.832 319.59 86.944 63.665 385.26 85.747
0.21667 32.664 248.91 96.749 21.038 328.18 87.003 65.395 394.48 85.711
0.225 34.576 258.5 96.383 22.211 336.57 87.07 66.98 403.67 85.707
0.23333 36.436 268.06 96 23.365 344.76 87.138 68.41 412.84 85.739
0.24167 38.255 277.6 95.592 24.509 352.78 87.202 69.683 422.02 85.814
0.25 40.043 287.09 95.153 25.649 360.66 87.257 70.797 431.21 85.934
0.25833 41.814 296.55 94.679 26.786 368.42 87.299 71.758 440.42 86.098
0.26667 43.581 305.94 94.165 27.919 376.1 87.329 72.573 449.64 86.304
0.275 45.355 315.27 93.618 29.043 383.74 87.349 73.254 458.89 86.547
0.28333 47.145 324.52 93.037 30.153 391.37 87.359 73.813 468.16 86.82
0.29167 48.951 333.7 92.432 31.243 399.03 87.364 74.266 477.44 87.118
0.3 50.766 342.8 91.814 32.309 406.72 87.369 74.628 486.74 87.432
0.30833 52.572 351.83 91.191 33.347 414.49 87.376 74.913 496.04 87.757
0.31667 54.349 360.81 90.576 34.357 422.32 87.39 75.136 505.36 88.086
0.325 56.075 369.75 89.975 35.34 430.23 87.409 75.307 514.68 88.417
0.33333 57.726 378.68 89.396 36.299 438.21 87.436 75.435 524 88.747
0.34167 59.287 387.6 88.841 37.238 446.26 87.466 75.528 533.33 89.075
0.35 60.748 396.55 88.307 38.162 454.37 87.495 75.592 542.66 89.401
0.35833 62.11 405.54 87.79 39.076 462.54 87.518 75.63 551.99 89.728
0.36667 63.383 414.57 87.284 39.983 470.75 87.529 75.646 561.32 90.058
0.375 64.585 423.64 86.781 40.886 479.01 87.521 75.643 570.65 90.392
0.38333 65.743 432.75 86.274 41.787 487.32 87.488 75.625 579.98 90.735
0.39167 66.881 441.88 85.758 42.686 495.69 87.427 75.596 589.32 91.087
0.4 68.027 451.01 85.229 43.582 504.12 87.335 75.56 598.65 91.448
0.40833 69.203 460.13 84.688 44.475 512.62 87.213 75.522 608 91.819
0.41667 70.422 469.21 84.139 45.364 521.21 87.063 75.488 617.34 92.197
0.425 71.689 478.25 83.586 46.248 529.89 86.889 75.462 626.7 92.582
0.43333 72.998 487.26 83.039 47.127 538.67 86.696 75.449 636.06 92.969
0.44167 74.332 496.22 82.506 48.004 547.56 86.492 75.452 645.44 93.356
0.45 75.669 505.16 81.998 48.879 556.57 86.283 75.473 654.84 93.742
0.45833 76.981 514.1 81.523 49.753 565.68 86.076 75.512 664.25 94.122
0.46667 78.237 523.04 81.088 50.629 574.9 85.875 75.568 673.69 94.496
0.475 79.409 532.03 80.699 51.508 584.23 85.683 75.639 683.15 94.861
0.48333 80.484 541.08 80.358 52.389 593.67 85.503 75.722 692.65 95.219
0.49167 81.449 550.21 80.064 53.27 603.2 85.334 75.812 702.18 95.567
0.5 82.311 559.46 79.813 54.149 612.83 85.173 75.905 711.74 95.905
0.50833 83.093 568.82 79.597 55.021 622.56 85.019 75.997 721.35 96.235
0.51667 83.819 578.34 79.406 55.986 632.49 84.856 74.94 730.18 97.561
0.525 84.534 588.04 79.227 56.829 642.39 84.703 75.018 739.89 97.874
0.53333 85.281 597.93 79.047 57.65 652.37 84.548 75.083 749.65 98.177
0.54167 86.105 608.04 78.855 58.437 662.42 84.388 75.13 759.48 98.469
0.55 87.026 618.36 78.649 59.2 672.56 84.226 75.155 769.38 98.75
0.55833 88.067 628.87 78.429 59.922 682.77 84.064 75.152 779.35 99.02
0.56667 89.217 639.56 78.204 60.602 693.05 83.906 75.118 789.41 99.279
0.575 90.457 650.4 77.985 61.239 703.4 83.759 75.046 799.55 99.529
0.58333 91.756 661.36 77.783 61.832 713.84 83.63 74.931 809.78 99.768
0.59167 93.083 672.44 77.605 62.375 724.34 83.524 74.769 820.1 100
0.6 94.402 683.63 77.453 62.872 734.93 83.451 74.553 830.52 100.23
0.60833 95.693 694.96 77.331 63.318 745.6 83.413 74.28 841.04 100.45
0.61667 96.94 706.44 77.235 63.711 756.36 83.415 73.945 851.66 100.67
0.625 98.142 718.09 77.159 64.05 767.21 83.458 73.546 862.38 100.88
0.63333 99.315 729.93 77.1 64.337 778.16 83.539 73.081 873.19 101.1
0.64167 100.47 741.99 77.05 64.571 789.21 83.656 72.55 884.1 101.32
0.65 101.65 754.26 77.005 64.757 800.36 83.801 71.953 895.1 101.54
0.65833 102.88 766.75 76.963 64.9 811.6 83.964 71.291 906.19 101.76
0.66667 104.19 779.41 76.928 65.01 822.93 84.138 70.567 917.36 101.98
0.675 105.59 792.23 76.904 65.101 834.35 84.312 69.782 928.6 102.21
0.68333 107.09 805.14 76.9 65.184 845.82 84.476 68.942 939.91 102.43
0.69167 108.67 818.11 76.925 65.276 857.36 84.622 68.049 951.29 102.66
0.7 110.3 831.06 76.988 65.397 868.92 84.744 67.11 962.71 102.89
0.70833 111.94 843.95 77.093 65.564 880.51 84.836 66.132 974.16 103.12
0.71667 113.56 856.72 77.24 65.797 892.1 84.896 65.123 985.64 103.36
0.725 115.12 869.33 77.426 66.11 903.67 84.923 64.095 997.13 103.6
0.73333 116.56 881.74 77.641 66.519 915.2 84.918 63.062 1008.6 103.85
0.74167 117.87 893.92 77.872 67.03 926.68 84.883 62.04 1020.1 104.12
0.75 119.03 905.86 78.101 67.651 938.1 84.82 61.049 1031.5 104.39
0.75833 120.01 917.55 78.311 68.382 949.42 84.731 60.11 1042.8 104.68
0.76667 120.83 928.98 78.484 69.217 960.65 84.621 59.247 1054.1 104.98
0.775 121.51 940.17 78.607 70.15 971.76 84.49 58.483 1065.4 105.29
0.78333 122.06 951.15 78.671 71.169 982.75 84.34 57.841 1076.5 105.6
0.79167 122.52 961.94 78.677 72.262 993.6 84.172 57.342 1087.6 105.92
0.8 122.93 972.6 78.628 73.415 1004.3 83.985 57.006 1098.6 106.24
0.80833 123.35 983.15 78.538 74.616 1014.9 83.781 56.848 1109.5 106.56
0.81667 123.8 993.63 78.415 75.855 1025.3 83.556 56.877 1120.4 106.86
0.825 124.34 1004 78.281 77.122 1035.6 83.312 57.1 1131.1 107.15
0.83333 124.97 1014.4 78.153 78.409 1045.7 83.047 57.52 1141.9 107.43
0.84167 125.72 1024.8 78.052 79.712 1055.7 82.763 58.133 1152.6 107.68
0.85 126.6 1035 77.993 81.028 1065.7 82.459 58.932 1163.3 107.9
0.85833 127.6 1045.3 77.991 82.357 1075.5 82.139 59.91 1173.9 108.11
0.86667 128.71 1055.4 78.055 83.7 1085.3 81.804 61.054 1184.5 108.28
0.875 129.9 1065.4 78.188 85.057 1095 81.457 62.352 1195.1 108.43
0.88333 131.18 1075.4 78.388 86.433 1104.8 81.103 63.792 1205.6 108.55
0.89167 132.52 1085.2 78.648 87.831 1114.4 80.745 65.36 1216.2 108.64
0.9 133.91 1095 78.958 89.254 1124.1 80.388 67.044 1226.6 108.72
0.90833 135.34 1104.6 79.303 90.709 1133.8 80.035 68.832 1237.1 108.78
0.91667 136.81 1114.2 79.671 92.198 1143.5 79.689 70.711 1247.4 108.83
0.925 138.3 1123.8 80.046 93.729 1153.2 79.356 72.671 1257.7 108.87
0.93333 139.83 1133.4 80.416 95.305 1162.9 79.038 74.701 1267.9 108.91
0.94167 141.39 1142.9 80.774 96.931 1172.6 78.739 76.79 1278.1 108.95
0.95 142.96 1152.5 81.112 98.611 1182.3 78.462 78.93 1288.2 109
0.95833 144.56 1162.1 81.432 100.35 1192 78.208 81.109 1298.2 109.07
0.96667 146.17 1171.8 81.731 102.14 1201.7 77.981 83.323 1308.1 109.14
0.975 147.78 1181.4 82.016 103.99 1211.3 77.783 85.564 1318 109.23
0.98333 149.38 1191.1 82.29 105.89 1221 77.614 87.828 1327.9 109.34
0.99167 150.98 1200.8 82.559 107.85 1230.7 77.475 90.112 1337.8 109.46
1 152.58 1210.5 82.829 109.85 1240.3 77.366 92.413 1347.6 109.59
1.0083 154.17 1220.1 83.1 111.89 1250 77.284 94.732 1357.5 109.73
1.0167 155.77 1229.8 83.376 113.97 1259.7 77.229 97.069 1367.3 109.88
1.025 157.4 1239.5 83.651 116.08 1269.5 77.197 99.426 1377.1 110.03
1.0333 159.1 1249.2 83.92 118.22 1279.3 77.187 101.8 1387 110.19
1.0417 160.89 1259 84.177 120.39 1289.1 77.194 104.2 1396.8 110.34
1.05 162.81 1268.7 84.411 122.59 1299 77.216 106.61 1406.7 110.49
1.0583 164.88 1278.6 84.615 124.82 1308.9 77.251 109.03 1416.5 110.64
1.0667 167.13 1288.5 84.782 127.09 1318.9 77.297 111.47 1426.3 110.8
1.075 169.57 1298.6 84.908 129.42 1328.9 77.354 113.91 1436.1 110.96
1.0833 172.21 1308.8 84.993 131.8 1339 77.42 116.36 1445.9 111.14
1.0917 175.05 1319.2 85.043 134.25 1349 77.496 118.79 1455.7 111.32
1.1 178.07 1329.7 85.067 136.77 1359.1 77.585 121.21 1465.4 111.52
1.1083 181.24 1340.4 85.078 139.37 1369.2 77.685 123.62 1475.2 111.75
1.1167 184.52 1351.3 85.093 142.05 1379.3 77.799 126 1484.9 111.99
1.125 187.84 1362.3 85.124 144.8 1389.3 77.927 128.35 1494.7 112.25
1.1333 191.15 1373.5 85.183 147.63 1399.4 78.068 130.68 1504.4 112.54
1.1417 194.43 1384.9 85.274 150.52 1409.4 78.221 132.97 1514.2 112.84
1.15 197.67 1396.3 85.398 153.46 1419.4 78.384 135.22 1524 113.17
1.1583 200.89 1407.8 85.549 156.45 1429.4 78.554 137.44 1533.9 113.5
1.1667 204.11 1419.4 85.723 159.47 1439.3 78.726 139.61 1543.7 113.86
1.175 207.37 1430.9 85.911 162.51 1449.2 78.897 141.74 1553.6 114.22
1.1833 210.71 1442.5 86.106 165.56 1459.1 79.064 143.83 1563.5 114.6
1.1917 214.16 1454.1 86.3 168.61 1469 79.224 145.87 1573.4 114.99
1.2 217.72 1465.7 86.488 171.66 1479 79.374 147.86 1583.3 115.39
1.2083 221.39 1477.4 86.664 174.69 1488.9 79.517 149.8 1593.1 115.8
1.2167 225.14 1489.2 86.827 177.7 1498.9 79.653 151.7 1602.9 116.23
1.225 228.94 1500.9 86.977 180.69 1508.9 79.785 153.55 1612.6 116.66
1.2333 232.74 1512.7 87.112 183.63 1518.9 79.926 155.36 1622.3 117.1
1.2417 236.5 1524.5 87.239 186.52 1529.1 80.076 157.13 1631.9 117.54
1.25 240.16 1536.2 87.356 189.35 1539.2 80.253 158.88 1641.3 117.98
1.2583 243.69 1547.9 87.472 192.09 1549.5 80.46 160.61 1650.7 118.41
1.2667 247.07 1559.3 87.594 194.74 1559.8 80.709 162.31 1660.1 118.83
1.275 250.28 1570.6 87.727 197.27 1570.2 81.008 163.99 1669.3 119.24
1.2833 253.32 1581.7 87.88 199.67 1580.6 81.365 165.64 1678.5 119.64
1.2917 256.17 1592.5 88.063 201.93 1591 81.784 167.25 1687.6 120.01
1.3 258.84 1603 88.282 204.04 1601.4 82.268 168.8 1696.7 120.36
1.3083 261.35 1613.4 88.544 205.98 1611.7 82.815 170.27 1705.7 120.7
1.3167 263.72 1623.5 88.853 207.76 1621.9 83.421 171.63 1714.8 121.02
1.325 265.95 1633.4 89.207 209.37 1632 84.081 172.86 1723.8 121.34
1.3333 268.09 1643.1 89.6 210.83 1642 84.786 173.91 1732.9 121.65
1.3417 270.14 1652.8 90.021 212.13 1651.8 85.528 174.76 1741.9 121.98
1.35 272.11 1662.3 90.46 213.29 1661.4 86.297 175.37 1751 122.32
1.3583 274 1671.8 90.902 214.33 1670.8 87.084 175.73 1760.1 122.68
1.3667 275.78 1681.3 91.335 215.24 1680 87.88 175.8 1769.3 123.08
1.375 277.39 1690.7 91.746 216.03 1689.1 88.68 175.58 1778.5 123.5
1.3833 278.79 1700.1 92.128 216.72 1697.9 89.48 175.07 1787.7 123.96
1.3917 279.91 1709.4 92.475 217.3 1706.7 90.279 174.27 1796.9 124.45
1.4 280.71 1718.6 92.79 217.78 1715.3 91.077 173.19 1806.1 124.98
1.4083 281.17 1727.8 93.083 218.15 1723.9 91.877 171.84 1815.3 125.53
1.4167 281.31 1736.7 93.371 218.42 1732.5 92.682 170.26 1824.5 126.11
1.425 281.09 1745.6 93.647 218.56 1741 93.496 168.45 1833.5 126.72
1.4333 280.61 1754.2 93.953 218.59 1749.5 94.322 166.45 1842.5 127.35
1.4417 279.89 1762.7 94.286 218.48 1758 95.161 164.28 1851.3 128
1.45 278.96 1771 94.646 218.25 1766.5 96.016 161.98 1860 128.66
1.4583 277.88 1779.2 95.049 217.88 1775 96.879 159.55 1868.5 129.35
1.4667 276.69 1787.3 95.473 217.38 1783.6 97.758 157.04 1876.8 130.05
1.475 275.43 1795.3 95.934 216.74 1792.1 98.637 154.44 1885 130.76
1.4833 274.14 1803.2 96.414 215.98 1800.6 99.513 151.79 1892.9 131.49
1.4917 272.87 1811.1 96.907 215.08 1809.1 100.38 149.09 1900.6 132.23
1.5 271.63 1819.1 97.404 214.06 1817.5 101.22 146.36 1908.2 132.97
1.5083 270.44 1827 97.898 212.91 1826 102.05 143.6 1915.6 133.73
1.5167 269.3 1835.1 98.382 211.64 1834.4 102.84 140.83 1922.9 134.48
1.525 268.2 1843.1 98.853 210.25 1842.7 103.59 138.04 1930 135.23
1.5333 267.12 1851.3 99.31 208.74 1851.1 104.31 135.23 1937 135.96
1.5417 266.01 1859.5 99.755 207.1 1859.4 104.98 132.4 1944 136.69
1.55 264.87 1867.7 100.19 205.35 1867.7 105.62 129.54 1951 137.4
1.5583 263.65 1876 100.63 203.48 1876 106.23 126.65 1957.9 138.09
1.5667 262.33 1884.4 101.08 201.48 1884.2 106.8 123.73 1964.7 138.76
1.575 260.9 1892.8 101.55 199.36 1892.5 107.34 120.75 1971.6 139.42
1.5833 259.34 1901.2 102.04 197.12 1900.7 107.86 117.71 1978.5 140.05
1.5917 257.64 1909.6 102.57 194.76 1908.8 108.36 114.6 1985.3 140.66
1.6 255.79 1918 103.14 192.27 1916.9 108.84 111.42 1992.1 141.26
1.6083 253.8 1926.5 103.74 189.66 1924.9 109.3 108.16 1998.9 141.84
1.6167 251.65 1934.9 104.37 186.92 1932.9 109.75 104.82 2005.7 142.41
1.625 249.35 1943.4 105.02 184.05 1940.8 110.2 101.39 2012.4 142.96
1.6333 246.89 1951.9 105.68 181.06 1948.6 110.63 97.872 2019.1 143.49
1.6417 244.28 1960.5 106.34 177.93 1956.3 111.06 94.267 2025.7 144.02
1.65 241.54 1969.2 106.98 174.66 1964 111.5 90.572 2032.3 144.54
1.6583 238.68 1977.9 107.59 171.27 1971.6 111.93 86.785 2038.8 145.04
1.6667 235.72 1986.7 108.17 167.73 1979.2 112.38 82.902 2045.2 145.55
1.675 232.64 1995.5 108.72 164.05 1986.7 112.84 78.915 2051.5 146.05
1.6833 229.45 2004.3 109.24 160.23 1994.3 113.31 74.815 2057.8 146.56
1.6917 226.11 2013.2 109.71 156.27 2001.8 113.8 70.592 2064 147.07
1.7 222.62 2022.2 110.14 152.16 2009.3 114.31 66.235 2070 147.6
1.7083 218.96 2031.2 110.53 147.91 2016.7 114.83 61.731 2076 148.15
1.7167 215.1 2040.2 110.88 143.53 2024.2 115.38 57.069 2082 148.71
1.725 211.05 2049.4 111.18 139 2031.6 115.94 52.241 2087.8 149.3
1.7333 206.77 2058.7 111.45 134.33 2038.9 116.5 47.242 2093.5 149.91
1.7417 202.29 2068.1 111.7 129.54 2046.2 117.08 42.07 2099.2 150.54
1.75 197.59 2077.6 111.93 124.61 2053.5 117.65 36.729 2104.7 151.19
1.7583 192.69 2087.2 112.17 119.58 2060.6 118.22 31.229 2110.2 151.87
1.7667 187.6 2096.8 112.45 114.43 2067.7 118.79 25.582 2115.6 152.56
1.775 182.37 2106.4 112.77 109.2 2074.8 119.35 19.804 2120.8 153.27
1.7833 177.03 2115.8 113.15 103.89 2081.7 119.9 13.915 2126 154
1.7917 171.62 2125.1 113.62 98.53 2088.6 120.45 7.9339 2131.1 154.75
1.8 166.19 2134.1 114.16 93.136 2095.5 121 1.8825 2136 155.52
1.8083 160.78 2142.9 114.79 87.733 2102.3 121.54 -4.2207 2140.9 156.32
1.8167 155.44 2151.3 115.49 82.346 2109.2 122.09 -10.358 2145.6 157.14
1.825 150.17 2159.4 116.24 76.999 2115.9 122.64 -16.516 2150.3 158
1.8333 145.02 2167.2 117.05 71.713 2122.7 123.2 -22.682 2154.9 158.89
1.8417 139.97 2174.7 117.88 66.507 2129.4 123.78 -28.848 2159.4 159.81
1.85 135.01 2181.9 118.73 61.398 2136.1 124.37 -35.008 2163.8 160.76
1.8583 130.08 2188.9 119.61 56.395 2142.7 124.98 -41.158 2168.1 161.73
1.8667 125.14 2195.7 120.5 51.503 2149.2 125.61 -47.294 2172.4 162.72
1.875 120.11 2202.3 121.42 46.724 2155.5 126.26 -53.414 2176.7 163.71
1.8833 114.95 2208.8 122.36 42.051 2161.8 126.93 -59.516 2181 164.68
1.8917 109.62 2215.2 123.34 37.475 2167.8 127.63 -65.594 2185.2 165.64
1.9 104.09 2221.5 124.37 32.986 2173.7 128.35 -71.645 2189.5 166.56
1.9083 98.362 2227.7 125.45 28.564 2179.3 129.1 -77.661 2193.7 167.44
1.9167 92.471 2233.8 126.59 24.195 2184.8 129.89 -83.633 2198 168.28
1.925 86.452 2239.7 127.8 19.858 2190 130.71 -89.553 2202.3 169.07
1.9333 80.357 2245.6 129.09 15.534 2195.1 131.58 -95.41 2206.5 169.82
1.9417 74.24 2251.3 130.44 11.202 2200 132.49 -101.19 2210.7 170.54
1.95 68.149 2256.8 131.86 6.8416 2204.8 133.45 -106.9 2214.9 171.24
1.9583 62.121 2262.3 133.34 2.4332 2209.5 134.45 -112.51 2218.9 171.93
1.9667 56.174 2267.6 134.88 -2.045 2214.1 135.51 -118.03 2222.9 172.63
1.975 50.316 2272.8 136.46 -6.6047 2218.7 136.61 -123.46 2226.8 173.34
1.9833 44.525 2278 138.07 -11.27 2223.2 137.75 -128.8 2230.6 174.07
1.9917 38.772 2283 139.72 -16.052 2227.8 138.92 -134.07 2234.2 174.83
2 33.021 2288 141.38 -20.964 2232.3 140.11 -139.27 2237.8 175.61
2.0083 27.228 2292.8 143.06 -26.017 2236.8 141.32 -144.42 2241.2 176.41
2.0167 21.362 2297.6 144.74 -31.207 2241.2 142.54 -149.55 2244.4 177.22
2.025 15.389 2302.3 146.44 -36.547 2245.6 143.76 -154.67 2247.6 178.04
2.0333 9.2996 2306.9 148.15 -42.025 2250 144.99 -159.81 2250.7 178.83
2.0417 3.0932 2311.3 149.86 -47.634 2254.2 146.21 -165 2253.7 179.61
2.05 -3.2179 2315.7 151.59 -53.372 2258.4 147.42 -170.25 2256.6 180.35
2.0583 -9.6091 2319.9 153.32 -59.225 2262.5 148.63 -175.59 2259.4 181.05
2.0667 -16.052 2324 155.06 -65.181 2266.4 149.83 -181.03 2262.2 181.71
2.075 -22.518 2328 156.81 -71.231 2270.2 151.03 -186.58 2264.9 182.33
2.0833 -28.985 2331.9 158.56 -77.369 2273.8 152.23 -192.24 2267.6 182.93
2.0917 -35.44 2335.8 160.3 -83.588 2277.4 153.43 -198.01 2270.1 183.5
2.1 -41.881 2339.7 162.02 -89.888 2280.8 154.63 -203.89 2272.6 184.06
2.1083 -48.317 2343.7 163.73 -96.273 2284.1 155.83 -209.87 2275 184.62
2.1167 -54.768 2347.7 165.4 -102.75 2287.3 157.03 -215.94 2277.3 185.19
2.125 -61.262 2351.8 167.03 -109.32 2290.4 158.21 -222.08 2279.6 185.78
2.1333 -67.831 2355.9 168.6 -116.01 2293.4 159.39 -228.28 2281.7 186.39
2.1417 -74.502 2360.2 170.13 -122.81 2296.4 160.56 -234.52 2283.7 187.03
2.15 -81.301 2364.4 171.58 -129.73 2299.3 161.71 -240.8 2285.6 187.68
2.1583 -88.24 2368.7 172.97 -136.78 2302.2 162.85 -247.1 2287.4 188.35
2.1667 -95.328 2373 174.27 -143.95 2305 163.98 -253.43 2289.2 189.03
2.175 -102.56 2377.3 175.49 -151.23 2307.8 165.1 -259.77 2290.8 189.71
2.1833 -109.94 2381.7 176.61 -158.63 2310.6 166.21 -266.13 2292.4 190.37
2.1917 -117.46 2386 177.63 -166.11 2313.3 167.31 -272.52 2294 191.03
2.2 -125.1 2390.4 178.56 -173.67 2316 168.41 -278.94 2295.4 191.67
2.2083 -132.88 2394.7 179.4 -181.28 2318.6 169.52 -285.4 2296.8 192.29
2.2167 -140.8 2399.1 180.16 -188.93 2321.2 170.62 -291.92 2298.1 192.9
2.225 -148.88 2403.3 180.85 -196.6 2323.7 171.71 -298.51 2299.4 193.51
2.2333 -157.12 2407.5 181.49 -204.27 2326.2 172.8 -305.18 2300.6 194.13
2.2417 -165.56 2411.5 182.08 -211.94 2328.7 173.87 -311.94 2301.8 194.77
2.25 -174.21 2415.4 182.64 -219.6 2331.2 174.91 -318.8 2302.9 195.43
2.2583 -183.1 2419.2 183.17 -227.24 2333.6 175.92 -325.76 2303.9 196.14
2.2667 -192.24 2422.8 183.7 -234.87 2336 176.89 -332.84 2304.9 196.88
2.275 -201.63 2426.3 184.22 -242.5 2338.3 177.79 -340.03 2305.7 197.66
2.2833 -211.28 2429.7 184.74 -250.14 2340.6 178.63 -347.33 2306.5 198.48
2.2917 -221.14 2432.8 185.27 -257.78 2342.9 179.42 -354.73 2307.2 199.33
2.3 -231.19 2435.7 185.82 -265.45 2345.1 180.13 -362.22 2307.8 200.19
2.3083 -241.38 2438.3 186.39 -273.15 2347.3 180.77 -369.79 2308.3 201.06
2.3167 -251.64 2440.7 186.99 -280.9 2349.4 181.36 -377.42 2308.8 201.93
2.325 -261.91 2442.7 187.62 -288.7 2351.4 181.9 -385.08 2309.1 202.76
2.3333 -272.12 2444.4 188.29 -296.57 2353.4 182.41 -392.77 2309.5 203.57
2.3417 -282.19 2445.8 188.99 -304.5 2355.2 182.91 -400.45 2309.8 204.33
2.35 -292.09 2446.9 189.73 -312.49 2357 183.42 -408.1 2310.1 205.04
2.3583 -301.77 2447.8 190.52 -320.56 2358.6 183.95 -415.72 2310.3 205.7
2.3667 -311.2 2448.5 191.36 -328.68 2360.1 184.53 -423.28 2310.5 206.32
2.375 -320.41 2449 192.24 -336.85 2361.4 185.17 -430.79 2310.8 206.89
2.3833 -329.41 2449.6 193.16 -345.05 2362.6 185.87 -438.22 2310.9 207.43
2.3917 -338.23 2450.1 194.13 -353.27 2363.7 186.66 -445.6 2311.1 207.94
2.4 -346.93 2450.6 195.12 -361.47 2364.6 187.52 -452.92 2311.2 208.44
2.4083 -355.51 2451.1 196.14 -369.65 2365.4 188.47 -460.21 2311.2 208.93
2.4167 -364.01 2451.6 197.18 -377.77 2365.9 189.49 -467.46 2311.1 209.42
2.425 -372.43 2452.1 198.21 -385.83 2366.4 190.58 -474.72 2310.8 209.91
2.4333 -380.77 2452.4 199.23 -393.79 2366.7 191.73 -481.98 2310.4 210.41
2.4417 -389.01 2452.7 200.23 -401.66 2366.8 192.94 -489.26 2309.8 210.92
2.45 -397.16 2452.7 201.21 -409.43 2366.7 194.18 -496.58 2308.9 211.42
2.4583 -405.2 2452.6 202.14 -417.09 2366.5 195.47 -503.95 2307.8 211.93
2.4667 -413.14 2452.4 203.04 -424.64 2366.1 196.78 -511.35 2306.4 212.43
2.475 -420.98 2452 203.9 -432.1 2365.6 198.1 -518.79 2304.7 212.93
2.4833 -428.71 2451.5 204.72 -439.48 2364.8 199.45 -526.26 2302.7 213.41
2.4917 -436.33 2450.7 205.51 -446.78 2363.9 200.81 -533.74 2300.4 213.88
2.5 -443.8 2449.7 206.28 -454.02 2362.9 202.17 -541.2 2297.9 214.34
2.5083 -451.09 2448.4 207.03 -461.21 2361.6 203.55 -548.63 2295.1 214.79
2.5167 -458.19 2446.8 207.79 -468.37 2360.2 204.93 -556.01 2292.1 215.24
2.525 -465.11 2444.9 208.56 -475.49 2358.6 206.31 -563.32 2288.9 215.69
2.5333 -471.85 2442.9 209.35 -482.58 2356.8 207.7 -570.55 2285.5 216.15
2.5417 -478.44 2440.6 210.17 -489.64 2354.9 209.09 -577.69 2282 216.62
2.55 -484.92 2438.3 211.01 -496.68 2352.8 210.47 -584.72 2278.3 217.11
2.5583 -491.3 2435.8 211.88 -503.44 2350.7 211.86 -592.98 2275 216.64
2.5667 -497.61 2433.2 212.76 -510.42 2348.4 213.22 -599.8 2271 217.19
2.575 -503.88 2430.6 213.65 -517.35 2346 214.57 -606.54 2266.9 217.75
2.5833 -510.1 2427.9 214.53 -524.27 2343.4 215.88 -613.18 2262.7 218.32
2.5917 -516.29 2425.2 215.39 -531.15 2340.8 217.17 -619.76 2258.5 218.91
2.6 -522.46 2422.4 216.23 -538.01 2338 218.41 -626.26 2254.1 219.49
2.6083 -528.61 2419.7 217.04 -544.84 2335.1 219.6 -632.71 2249.7 220.06
2.6167 -534.75 2417 217.8 -551.66 2332 220.75 -639.11 2245.2 220.63
2.625 -540.88 2414.2 218.53 -558.46 2328.7 221.83 -645.47 2240.6 221.17
2.6333 -547 2411.4 219.22 -565.25 2325.3 222.86 -651.78 2236 221.7
2.6417 -553.14 2408.6 219.87 -572.03 2321.7 223.83 -658.06 2231.2 222.2
2.65 -559.3 2405.8 220.5 -578.79 2318 224.75 -664.31 2226.5 222.67
2.6583 -565.48 2403 221.09 -585.53 2314 225.6 -670.53 2221.6 223.12
2.6667 -571.7 2400.1 221.66 -592.26 2309.9 226.4 -676.73 2216.7 223.54
2.675 -577.96 2397.1 222.21 -598.97 2305.6 227.14 -682.92 2211.8 223.93
2.6833 -584.26 2394.1 222.74 -605.66 2301.2 227.84 -689.09 2206.8 224.3
2.6917 -590.6 2391 223.25 -612.34 2296.7 228.5 -695.27 2201.7 224.66
2.7 -596.97 2387.7 223.73 -619.01 2292 229.12 -701.44 2196.6 224.99
2.7083 -603.35 2384.3 224.18 -625.68 2287.1 229.7 -707.61 2191.4 225.31
2.7167 -609.73 2380.8 224.6 -632.37 2282.2 230.25 -713.79 2186.1 225.62
2.725 -616.09 2377 224.97 -639.09 2277 230.78 -719.96 2180.7 225.91
2.7333 -622.42 2373 225.28 -645.85 2271.8 231.28 -726.13 2175.2 226.2
2.7417 -628.7 2368.8 225.53 -652.67 2266.3 231.76 -732.27 2169.6 226.49
2.75 -634.92 2364.3 225.72 -659.55 2260.6 232.23 -738.39 2164 226.77
2.7583 -641.1 2359.6 225.84 -666.5 2254.8 232.68 -744.47 2158.2 227.05
2.7667 -647.22 2354.6 225.9 -673.51 2248.7 233.13 -750.5 2152.4 227.32
2.775 -653.31 2349.4 225.91 -680.58 2242.4 233.56 -756.48 2146.5 227.6
2.7833 -659.39 2343.9 225.88 -687.7 2235.8 233.98 -762.4 2140.5 227.87
2.7917 -665.46 2338.1 225.82 -694.85 2229.1 234.4 -768.26 2134.4 228.14
2.8 -671.55 2332 225.75 -702.01 2222 234.81 -774.07 2128.3 228.39
2.8083 -677.68 2325.7 225.69 -709.17 2214.8 235.21 -779.85 2122.1 228.64
2.8167 -683.88 2319 225.64 -716.28 2207.3 235.6 -785.6 2115.8 228.87
2.825 -690.15 2312.1 225.61 -723.35 2199.7 235.99 -791.35 2109.4 229.07
2.8333 -696.51 2304.8 225.6 -730.35 2191.9 236.35 -797.11 2102.9 229.24
2.8417 -702.96 2297.3 225.63 -737.27 2183.8 236.7 -802.89 2096.3 229.38
2.85 -709.51 2289.4 225.68 -744.1 2175.7 237.03 -808.72 2089.5 229.48
2.8583 -716.15 2281.2 225.75 -750.85 2167.4 237.33 -814.6 2082.7 229.54
2.8667 -722.85 2272.8 225.85 -757.52 2158.9 237.62 -820.52 2075.7 229.57
2.875 -729.6 2264.1 225.97 -764.12 2150.3 237.87 -826.47 2068.5 229.56
2.8833 -736.38 2255.2 226.12 -770.66 2141.6 238.1 -832.46 2061.3 229.52
2.8917 -743.16 2246.1 226.29 -777.15 2132.8 238.3 -838.44 2054 229.47
2.9 -749.91 2236.8 226.49 -783.6 2123.9 238.48 -844.41 2046.5 229.39
2.9083 -756.61 2227.5 226.73 -790.01 2114.9 238.62 -850.35 2039.1 229.32
2.9167 -763.23 2218.1 227 -796.39 2106 238.72 -856.22 2031.6 229.24
2.925 -769.76 2208.7 227.32 -802.75 2097 238.79 -862.02 2024.1 229.17
2.9333 -776.18 2199.3 227.68 -809.06 2088.1 238.83 -867.73 2016.6 229.12
2.9417 -782.48 2190 228.07 -815.32 2079.2 238.82 -873.35 2009.2 229.08
2.95 -788.65 2180.8 228.48 -821.52 2070.5 238.78 -878.87 2001.8 229.06
2.9583 -794.69 2171.8 228.92 -827.64 2061.9 238.69 -884.3 1994.5 229.05
