0.0083333 -35.38 5.3571 97.087 -53.954 110.01 86.417 -20.901 290.41 82.034
0.016667 -34.394 11.903 97.112 -53 118.31 86.529 -19.373 299.13 81.953
0.025 -33.447 18.647 97.145 -51.979 126.74 86.637 -17.795 307.84 81.872
0.033333 -32.533 25.596 97.195 -50.887 135.31 86.737 -16.165 316.54 81.79
0.041667 -31.64 32.756 97.266 -49.719 144.04 86.828 -14.483 325.21 81.707
0.05 -30.751 40.131 97.36 -48.473 152.91 86.903 -12.75 333.86 81.624
0.058333 -29.845 47.726 97.475 -47.148 161.94 86.96 -10.964 342.5 81.539
0.066667 -28.903 55.546 97.604 -45.744 171.12 86.994 -9.1249 351.13 81.454
0.075 -27.913 63.597 97.739 -44.261 180.45 87.002 -7.2325 359.79 81.367
0.083333 -26.865 71.886 97.87 -42.699 189.94 86.981 -5.2858 368.49 81.281
0.091667 -25.762 80.418 97.983 -41.056 199.58 86.933 -3.2838 377.28 81.197
0.1 -24.611 89.199 98.068 -39.334 209.38 86.853 -1.226 386.19 81.117
0.10833 -23.43 98.234 98.115 -37.525 219.33 86.747 0.88798 395.24 81.042
0.11667 -22.241 107.52 98.119 -35.634 229.44 86.61 3.0576 404.47 80.976
0.125 -21.064 117.07 98.074 -33.655 239.71 86.45 5.2816 413.89 80.919
0.13333 -19.922 126.86 97.983 -31.59 250.13 86.27 7.5574 423.49 80.872
0.14167 -18.829 136.89 97.848 -29.445 260.69 86.072 9.881 433.26 80.836
0.15 -17.789 147.16 97.676 -27.227 271.39 85.861 12.247 443.17 80.81
0.15833 -16.8 157.63 97.474 -24.949 282.19 85.641 14.647 453.18 80.791
0.16667 -15.846 168.3 97.249 -22.631 293.07 85.419 17.072 463.24 80.778
0.175 -14.905 179.12 97.009 -20.294 304 85.198 19.51 473.3 80.765
0.18333 -13.945 190.07 96.76 -17.965 314.93 84.984 21.948 483.3 80.75
0.19167 -12.933 201.11 96.507 -15.671 325.83 84.781 24.37 493.19 80.729
0.2 -11.835 212.21 96.253 -13.443 336.64 84.596 26.761 502.92 80.697
0.20833 -10.621 223.32 96 -11.307 347.34 84.434 29.102 512.48 80.652
0.21667 -9.2734 234.43 95.746 -9.2869 357.89 84.299 31.375 521.84 80.592
0.225 -7.7917 245.49 95.488 -7.401 368.25 84.197 33.563 531.01 80.516
0.23333 -6.1917 256.48 95.222 -5.6615 378.4 84.13 35.647 539.98 80.426
0.24167 -4.5041 267.39 94.941 -4.0729 388.35 84.103 37.611 548.8 80.323
0.25 -2.7673 278.21 94.64 -2.6322 398.08 84.117 39.439 557.47 80.213
0.25833 -1.0158 288.93 94.313 -1.3299 407.6 84.172 41.117 566.05 80.098
0.26667 0.72542 299.58 93.954 -0.15173 416.94 84.269 42.635 574.55 79.985
0.275 2.4433 310.15 93.56 0.92078 426.12 84.404 43.984 583.02 79.88
0.28333 4.134 320.68 93.131 1.9075 435.17 84.576 45.158 591.47 79.788
0.29167 5.8002 331.16 92.671 2.8271 444.11 84.781 46.155 599.92 79.715
0.3 7.4498 341.62 92.187 3.6963 452.99 85.015 46.975 608.39 79.663
0.30833 9.0939 352.04 91.69 4.5283 461.82 85.274 47.62 616.88 79.638
0.31667 10.746 362.43 91.19 5.3326 470.65 85.554 48.096 625.39 79.641
0.325 12.42 372.8 90.699 6.114 479.48 85.853 48.411 633.9 79.671
0.33333 14.121 383.13 90.227 6.8728 488.33 86.166 48.572 642.42 79.73
0.34167 15.852 393.43 89.782 7.6077 497.23 86.492 48.589 650.92 79.815
0.35 17.604 403.69 89.37 8.3146 506.17 86.829 48.473 659.4 79.924
0.35833 19.356 413.92 88.994 8.9894 515.16 87.174 48.232 667.85 80.055
0.36667 21.083 424.11 88.655 9.6277 524.21 87.526 47.877 676.24 80.203
0.375 22.756 434.28 88.349 10.227 533.31 87.883 47.414 684.58 80.366
0.38333 24.343 444.41 88.072 10.786 542.47 88.241 46.853 692.86 80.541
0.39167 25.82 454.53 87.819 11.306 551.68 88.598 46.199 701.05 80.727
0.4 27.167 464.64 87.585 11.79 560.93 88.951 45.458 709.17 80.923
0.40833 28.377 474.74 87.364 12.242 570.24 89.296 44.637 717.2 81.126
0.41667 29.45 484.84 87.152 12.667 579.58 89.629 43.742 725.15 81.338
0.425 30.401 494.93 86.947 13.068 588.97 89.947 42.782 733 81.558
0.43333 31.246 505.04 86.747 13.45 598.41 90.246 41.764 740.78 81.785
0.44167 32.011 515.15 86.549 13.814 607.88 90.524 40.701 748.49 82.02
0.45 32.721 525.27 86.355 14.163 617.4 90.778 39.602 756.14 82.262
0.45833 33.399 535.39 86.163 14.495 626.96 91.007 38.484 763.75 82.509
0.46667 34.067 545.53 85.976 14.81 636.57 91.21 37.358 771.36 82.76
0.475 34.738 555.7 85.793 15.107 646.24 91.388 36.241 778.98 83.012
0.48333 35.421 565.88 85.616 15.383 655.96 91.541 35.144 786.65 83.263
0.49167 36.115 576.1 85.448 15.637 665.74 91.669 34.08 794.39 83.509
0.5 36.814 586.36 85.291 15.87 675.58 91.776 33.057 802.23 83.748
0.50833 37.506 596.67 85.15 16.079 685.49 91.861 32.082 810.19 83.978
0.51667 38.177 607.03 85.027 16.266 695.47 91.926 31.157 818.28 84.197
0.525 38.809 617.47 84.926 16.433 705.51 91.972 30.279 826.52 84.404
0.53333 39.391 627.99 84.848 16.578 715.63 91.999 29.444 834.9 84.602
0.54167 39.915 638.61 84.793 16.704 725.81 92.01 28.644 843.41 84.79
0.55 40.37 649.36 84.758 16.811 736.07 92.004 27.868 852.04 84.972
0.55833 40.768 660.26 84.737 16.897 746.39 91.984 27.107 860.77 85.152
0.56667 41.115 671.32 84.722 16.959 756.79 91.952 26.348 869.58 85.331
0.575 41.432 682.56 84.706 16.997 767.26 91.91 25.581 878.46 85.514
0.58333 41.742 693.98 84.683 17.006 777.8 91.864 24.798 887.38 85.703
0.59167 42.053 705.57 84.649 16.981 788.43 91.817 23.991 896.35 85.898
0.6 42.374 717.3 84.605 16.919 799.16 91.775 23.157 905.36 86.101
0.60833 42.7 729.15 84.55 16.814 809.99 91.743 22.293 914.43 86.309
0.61667 43.022 741.1 84.484 16.665 820.93 91.729 21.398 923.57 86.521
0.625 43.325 753.14 84.41 16.466 832.02 91.737 20.474 932.8 86.733
0.63333 43.596 765.28 84.325 16.218 843.25 91.773 19.52 942.15 86.941
0.64167 43.823 777.53 84.229 15.918 854.64 91.839 18.538 951.66 87.139
0.65 43.991 789.93 84.124 15.567 866.2 91.938 17.53 961.33 87.325
0.65833 44.093 802.5 84.01 15.165 877.94 92.07 16.496 971.2 87.495
0.66667 44.12 815.28 83.891 14.713 889.85 92.234 15.437 981.27 87.645
0.675 44.091 828.31 83.77 14.213 901.93 92.426 14.352 991.55 87.776
0.68333 44.02 841.61 83.656 13.667 914.17 92.642 13.241 1002 87.887
0.69167 43.907 855.17 83.553 13.08 926.55 92.876 12.108 1012.7 87.98
0.7 43.784 868.99 83.477 12.458 939.05 93.122 10.954 1023.5 88.06
0.70833 43.66 883.02 83.437 11.81 951.64 93.374 9.784 1034.4 88.131
0.71667 43.538 897.21 83.446 11.149 964.3 93.625 8.6065 1045.5 88.197
0.725 43.414 911.51 83.513 10.49 976.99 93.868 7.4313 1056.6 88.266
0.73333 43.281 925.84 83.64 9.8513 989.69 94.096 6.2714 1067.7 88.342
0.74167 43.126 940.13 83.829 9.2536 1002.4 94.304 5.1425 1078.7 88.431
0.75 42.936 954.32 84.074 8.7196 1015 94.484 4.0614 1089.8 88.535
0.75833 42.703 968.35 84.365 8.2713 1027.6 94.632 3.0474 1100.8 88.658
0.76667 42.416 982.18 84.687 7.9299 1040.1 94.74 2.1205 1111.8 88.8
0.775 42.074 995.76 85.024 7.7135 1052.4 94.805 1.3007 1122.7 88.962
0.78333 41.676 1009.1 85.358 7.6356 1064.7 94.822 0.60791 1133.5 89.139
0.79167 41.229 1022.1 85.674 7.7043 1076.8 94.787 0.061724 1144.3 89.329
0.8 40.738 1034.8 85.962 7.9214 1088.8 94.698 -0.31945 1155.1 89.526
0.80833 40.211 1047.3 86.223 8.2819 1100.6 94.554 -0.51809 1165.9 89.724
0.81667 39.655 1059.5 86.459 8.7742 1112.3 94.354 -0.51887 1176.7 89.915
0.825 39.086 1071.6 86.676 9.3815 1123.9 94.101 -0.30779 1187.6 90.092
0.83333 38.522 1083.5 86.882 10.082 1135.3 93.797 0.12653 1198.4 90.247
0.84167 37.978 1095.4 87.082 10.853 1146.6 93.445 0.79328 1209.3 90.373
0.85 37.478 1107.1 87.283 11.667 1157.7 93.049 1.6978 1220.3 90.463
0.85833 37.039 1118.8 87.489 12.502 1168.8 92.617 2.8424 1231.2 90.512
0.86667 36.682 1130.4 87.704 13.336 1179.7 92.151 4.2248 1242.2 90.516
0.875 36.424 1142 87.93 14.153 1190.5 91.659 5.8387 1253.3 90.47
0.88333 36.279 1153.5 88.167 14.944 1201.3 91.145 7.6726 1264.3 90.375
0.89167 36.256 1164.9 88.414 15.704 1212.1 90.615 9.7117 1275.3 90.23
0.9 36.362 1176.3 88.671 16.437 1222.8 90.074 11.936 1286.3 90.039
0.90833 36.596 1187.6 88.937 17.151 1233.5 89.526 14.322 1297.3 89.805
0.91667 36.954 1198.8 89.211 17.86 1244.3 88.975 16.847 1308.3 89.533
0.925 37.424 1210 89.495 18.58 1255 88.424 19.483 1319.2 89.23
0.93333 37.994 1221.1 89.791 19.326 1265.8 87.875 22.206 1330.2 88.903
0.94167 38.648 1232.2 90.102 20.111 1276.6 87.331 24.993 1341 88.559
0.95 39.369 1243.3 90.429 20.948 1287.5 86.795 27.821 1351.9 88.205
0.95833 40.139 1254.4 90.774 21.842 1298.4 86.27 30.676 1362.7 87.845
0.96667 40.945 1265.4 91.135 22.795 1309.3 85.759 33.543 1373.5 87.485
0.975 41.773 1276.4 91.512 23.802 1320.3 85.264 36.414 1384.3 87.128
0.98333 42.615 1287.4 91.899 24.858 1331.3 84.789 39.284 1395.1 86.776
0.99167 43.47 1298.3 92.291 25.951 1342.4 84.336 42.152 1405.8 86.43
1 44.341 1309.2 92.681 27.073 1353.6 83.908 45.018 1416.5 86.088
1.0083 45.238 1320.1 93.06 28.212 1364.8 83.507 47.885 1427.2 85.75
1.0167 46.172 1331 93.419 29.36 1376.1 83.135 50.756 1437.8 85.414
1.025 47.157 1342 93.751 30.514 1387.5 82.796 53.631 1448.5 85.079
1.0333 48.211 1353 94.047 31.672 1399 82.489 56.512 1459.1 84.743
1.0417 49.347 1364 94.3 32.837 1410.5 82.215 59.399 1469.7 84.405
1.05 50.578 1375.2 94.507 34.016 1422.1 81.975 62.289 1480.4 84.065
1.0583 51.911 1386.5 94.667 35.218 1433.9 81.772 65.18 1491 83.726
1.0667 53.353 1398 94.778 36.453 1445.6 81.603 68.068 1501.7 83.388
1.075 54.904 1409.6 94.845 37.731 1457.4 81.469 70.949 1512.4 83.054
1.0833 56.564 1421.4 94.877 39.063 1469.3 81.37 73.821 1523.1 82.725
1.0917 58.326 1433.4 94.885 40.455 1481.2 81.305 76.681 1533.9 82.406
1.1 60.18 1445.5 94.883 41.913 1493.1 81.271 79.528 1544.8 82.096
1.1083 62.102 1457.8 94.882 43.441 1505 81.266 82.364 1555.7 81.796
1.1167 64.056 1470.2 94.894 45.041 1517 81.285 85.187 1566.7 81.508
1.125 65.999 1482.8 94.918 46.714 1529 81.323 88.001 1577.8 81.229
1.1333 67.895 1495.3 94.955 48.461 1541.1 81.379 90.804 1588.9 80.959
1.1417 69.715 1507.8 94.996 50.283 1553.2 81.441 93.597 1600.2 80.696
1.15 71.454 1520.4 95.033 52.182 1565.4 81.504 96.378 1611.5 80.439
1.1583 73.12 1532.8 95.061 54.16 1577.7 81.559 99.143 1622.9 80.188
1.1667 74.734 1545.3 95.076 56.222 1590.1 81.601 101.89 1634.4 79.944
1.175 76.323 1557.8 95.077 58.373 1602.6 81.622 104.6 1646 79.708
1.1833 77.915 1570.4 95.068 60.622 1615.2 81.62 107.28 1657.6 79.484
1.1917 80.508 1582 95.265 62.97 1627.9 81.59 109.91 1669.3 79.276
1.2 81.23 1596.2 95.046 65.429 1640.7 81.531 112.49 1681 79.089
1.2083 83.004 1609.6 95.044 67.996 1653.6 81.447 115.02 1692.8 78.929
1.2167 84.881 1623.4 95.054 70.671 1666.5 81.34 117.48 1704.7 78.801
1.225 86.859 1637.5 95.071 73.452 1679.5 81.219 119.89 1716.6 78.71
1.2333 88.933 1652 95.088 76.326 1692.5 81.089 122.23 1728.6 78.659
1.2417 91.069 1666.7 95.091 79.279 1705.5 80.963 124.52 1740.7 78.648
1.25 93.243 1681.6 95.07 82.29 1718.5 80.847 126.76 1752.7 78.678
1.2583 95.425 1696.6 95.018 85.332 1731.5 80.751 128.96 1764.9 78.744
1.2667 97.588 1711.5 94.924 88.379 1744.5 80.685 131.13 1777 78.841
1.275 99.723 1726.3 94.785 91.4 1757.4 80.654 133.27 1789.2 78.96
1.2833 101.84 1740.9 94.599 94.364 1770.3 80.664 135.39 1801.3 79.092
1.2917 103.94 1755.2 94.367 97.241 1783.1 80.717 137.49 1813.5 79.228
1.3 106.06 1769.2 94.092 100.01 1795.9 80.814 139.57 1825.6 79.359
1.3083 108.21 1782.8 93.778 102.64 1808.7 80.953 141.64 1837.7 79.475
1.3167 110.4 1796.1 93.438 105.12 1821.4 81.134 143.68 1849.8 79.571
1.325 112.64 1809.1 93.081 107.44 1834.1 81.353 145.69 1861.8 79.641
1.3333 114.92 1821.8 92.72 109.6 1846.6 81.604 147.66 1873.7 79.684
1.3417 117.27 1834.4 92.364 111.61 1859.1 81.885 149.57 1885.6 79.699
1.35 119.68 1846.7 92.02 113.46 1871.5 82.189 151.42 1897.5 79.689
1.3583 122.17 1859 91.695 115.17 1883.8 82.51 153.18 1909.3 79.657
1.3667 124.73 1871.2 91.391 116.77 1895.9 82.846 154.85 1921.2 79.609
1.375 127.34 1883.4 91.111 118.26 1907.8 83.186 156.42 1933 79.552
1.3833 129.96 1895.7 90.857 119.67 1919.7 83.537 157.87 1944.9 79.492
1.3917 132.59 1907.9 90.623 121.02 1931.3 83.884 159.19 1956.8 79.436
1.4 135.17 1920.1 90.404 122.32 1942.9 84.225 160.38 1968.7 79.39
1.4083 137.68 1932.2 90.192 123.58 1954.4 84.559 161.42 1980.8 79.362
1.4167 140.09 1944.4 89.976 124.82 1965.7 84.881 162.32 1992.8 79.355
1.425 142.38 1956.4 89.746 126.05 1977 85.191 163.07 2005 79.374
1.4333 144.52 1968.4 89.495 127.26 1988.3 85.486 163.66 2017.2 79.423
1.4417 146.52 1980.3 89.216 128.46 1999.6 85.766 164.11 2029.4 79.503
1.45 148.38 1992.1 88.908 129.64 2011 86.029 164.41 2041.7 79.614
1.4583 150.11 2003.8 88.569 130.8 2022.3 86.276 164.57 2053.9 79.756
1.4667 151.73 2015.4 88.207 131.95 2033.8 86.507 164.6 2066.2 79.928
1.475 153.27 2026.9 87.824 133.07 2045.2 86.722 164.52 2078.4 80.125
1.4833 154.75 2038.4 87.431 134.17 2056.8 86.922 164.34 2090.5 80.344
1.4917 156.2 2049.8 87.032 135.24 2068.5 87.107 164.08 2102.6 80.58
1.5 157.63 2061.2 86.634 136.28 2080.2 87.278 163.76 2114.6 80.828
1.5083 159.06 2072.6 86.237 137.29 2092 87.434 163.39 2126.6 81.082
1.5167 160.49 2084 85.843 138.29 2103.9 87.576 163 2138.5 81.337
1.525 161.92 2095.4 85.45 139.25 2115.8 87.704 162.61 2150.4 81.587
1.5333 163.33 2106.8 85.055 140.2 2127.8 87.817 162.24 2162.2 81.828
1.5417 164.71 2118.2 84.657 141.12 2139.9 87.916 161.9 2174 82.056
1.55 166.06 2129.7 84.257 142.02 2152 88.002 161.59 2185.8 82.269
1.5583 167.37 2141.3 83.857 142.9 2164.2 88.073 161.34 2197.6 82.465
1.5667 168.63 2152.9 83.465 143.76 2176.5 88.13 161.14 2209.5 82.645
1.575 169.83 2164.5 83.089 144.59 2188.9 88.174 161 2221.4 82.81
1.5833 170.99 2176.1 82.738 145.39 2201.2 88.204 160.9 2233.3 82.96
1.5917 172.11 2187.8 82.422 146.17 2213.7 88.222 160.86 2245.3 83.098
1.6 173.19 2199.5 82.144 146.92 2226.1 88.226 160.86 2257.4 83.224
1.6083 174.24 2211.3 81.906 147.63 2238.6 88.219 160.89 2269.5 83.341
1.6167 175.27 2223.2 81.702 148.32 2251.1 88.2 160.96 2281.7 83.447
1.625 176.28 2235.3 81.525 148.97 2263.7 88.171 161.04 2294 83.544
1.6333 177.27 2247.5 81.366 149.6 2276.2 88.135 161.14 2306.3 83.631
1.6417 178.26 2259.9 81.222 150.2 2288.8 88.095 161.24 2318.7 83.707
1.65 179.21 2272.4 81.09 150.77 2301.4 88.053 161.34 2331.1 83.772
1.6583 180.14 2285.1 80.976 151.32 2314.1 88.016 161.44 2343.6 83.826
1.6667 181.03 2297.9 80.879 151.86 2326.8 87.988 161.53 2356 83.87
1.675 181.85 2310.7 80.802 152.37 2339.7 87.975 161.61 2368.6 83.904
1.6833 182.61 2323.6 80.74 152.86 2352.6 87.984 161.68 2381.1 83.933
1.6917 183.31 2336.6 80.688 153.33 2365.6 88.019 161.73 2393.7 83.957
1.7 183.95 2349.7 80.641 153.78 2378.6 88.086 161.77 2406.3 83.979
1.7083 184.54 2363 80.594 154.19 2391.8 88.185 161.81 2418.9 84.003
1.7167 185.09 2376.5 80.544 154.57 2405.1 88.318 161.84 2431.6 84.028
1.725 185.63 2390.3 80.489 154.9 2418.5 88.483 161.87 2444.3 84.056
1.7333 186.14 2404.3 80.433 155.19 2431.9 88.676 161.9 2457.1 84.084
1.7417 186.66 2418.6 80.381 155.43 2445.4 88.892 161.95 2469.9 84.112
1.75 187.18 2433.1 80.343 155.62 2458.9 89.122 162.02 2482.7 84.135
1.7583 187.7 2447.9 80.334 155.78 2472.4 89.359 162.11 2495.6 84.15
1.7667 188.22 2462.9 80.367 155.9 2485.9 89.592 162.23 2508.5 84.154
1.775 188.73 2478 80.457 156 2499.4 89.812 162.39 2521.5 84.144
1.7833 189.21 2493 80.612 156.09 2512.9 90.01 162.58 2534.5 84.119
1.7917 189.64 2508.1 80.839 156.21 2526.4 90.178 162.79 2547.5 84.081
1.8 190.01 2522.9 81.139 156.35 2539.9 90.31 163.04 2560.5 84.033
1.8083 190.32 2537.6 81.504 156.56 2553.4 90.4 163.31 2573.4 83.982
1.8167 190.57 2552 81.923 156.84 2566.8 90.448 163.6 2586.4 83.933
1.825 190.76 2566.1 82.378 157.22 2580.3 90.45 163.91 2599.3 83.894
1.8333 190.9 2580 82.849 157.7 2593.7 90.409 164.24 2612.3 83.874
1.8417 191.01 2593.4 83.312 158.3 2607.1 90.325 164.6 2625.1 83.878
1.85 191.1 2606.6 83.747 159.01 2620.4 90.201 164.98 2638 83.911
1.8583 191.19 2619.5 84.142 159.85 2633.7 90.041 165.41 2650.8 83.973
1.8667 191.27 2632.1 84.49 160.78 2646.8 89.847 165.9 2663.6 84.062
1.875 191.36 2644.5 84.795 161.81 2659.9 89.624 166.47 2676.4 84.172
1.8833 191.46 2656.8 85.061 162.91 2672.8 89.375 167.15 2689.2 84.296
1.8917 191.58 2669 85.295 164.06 2685.6 89.102 167.95 2702 84.422
1.9 191.73 2681.1 85.507 165.25 2698.2 88.809 168.91 2714.8 84.539
1.9083 191.93 2693.2 85.709 166.46 2710.6 88.501 170.04 2727.7 84.635
1.9167 192.2 2705.2 85.906 167.68 2722.9 88.175 171.36 2740.6 84.7
1.925 192.55 2717.2 86.113 168.89 2735.1 87.839 172.88 2753.5 84.726
1.9333 193 2729.1 86.339 170.1 2747.2 87.495 174.6 2766.4 84.71
1.9417 193.57 2740.9 86.592 171.29 2759.2 87.147 176.53 2779.4 84.65
1.95 194.26 2752.7 86.878 172.48 2771.2 86.796 178.64 2792.4 84.55
1.9583 195.07 2764.4 87.199 173.68 2783.1 86.448 180.93 2805.4 84.415
1.9667 196 2776.1 87.556 174.88 2794.9 86.103 183.37 2818.3 84.254
1.975 197.03 2787.7 87.949 176.1 2806.8 85.766 185.93 2831.3 84.075
1.9833 198.14 2799.2 88.374 177.35 2818.7 85.438 188.61 2844.3 83.885
1.9917 199.31 2810.6 88.826 178.63 2830.6 85.121 191.36 2857.2 83.692
2 200.5 2822.1 89.3 179.96 2842.6 84.816 194.17 2870 83.502
2.0083 201.69 2833.4 89.791 181.33 2854.6 84.526 197.02 2882.9 83.318
2.0167 202.88 2844.8 90.292 182.74 2866.6 84.252 199.9 2895.6 83.141
2.025 204.04 2856.1 90.796 184.2 2878.6 83.995 202.79 2908.4 82.971
2.0333 205.18 2867.3 91.299 185.71 2890.7 83.756 205.68 2921 82.807
2.0417 206.32 2878.6 91.793 187.25 2902.8 83.538 208.57 2933.7 82.648
2.05 207.48 2889.8 92.275 188.83 2915 83.342 211.47 2946.2 82.493
2.0583 208.67 2901.1 92.74 190.44 2927.2 83.168 214.37 2958.8 82.341
2.0667 209.94 2912.4 93.183 192.08 2939.5 83.02 217.27 2971.4 82.193
2.075 211.31 2923.7 93.6 193.73 2951.8 82.896 220.17 2983.9 82.049
2.0833 212.79 2935.2 93.988 195.41 2964.3 82.798 223.07 2996.4 81.912
2.0917 214.41 2946.7 94.339 197.11 2976.7 82.722 225.97 3009 81.783
2.1 216.16 2958.3 94.652 198.82 2989.3 82.668 228.87 3021.5 81.666
2.1083 218.04 2970.1 94.922 200.56 3001.9 82.632 231.78 3034.1 81.562
2.1167 220.02 2982 95.147 202.32 3014.6 82.609 234.67 3046.7 81.473
2.125 222.08 2994.1 95.328 204.12 3027.3 82.598 237.56 3059.2 81.397
2.1333 224.22 3006.3 95.466 205.95 3040.1 82.593 240.44 3071.9 81.335
2.1417 226.4 3018.7 95.567 207.83 3053 82.59 243.3 3084.5 81.284
2.15 228.62 3031.3 95.643 209.78 3065.9 82.589 246.16 3097.1 81.24
2.1583 230.87 3044 95.704 211.79 3078.8 82.588 249 3109.8 81.202
2.1667 233.12 3056.8 95.754 213.88 3091.8 82.584 251.84 3122.4 81.166
2.175 235.38 3069.8 95.804 216.05 3104.8 82.579 254.66 3135.1 81.13
2.1833 237.62 3082.9 95.855 218.31 3117.9 82.571 257.47 3147.8 81.094
2.1917 239.84 3096.1 95.912 220.66 3131 82.563 260.28 3160.5 81.058
2.2 242.04 3109.4 95.968 223.1 3144.1 82.555 263.08 3173.2 81.023
2.2083 244.23 3122.8 96.021 225.63 3157.3 82.544 265.87 3186 80.995
2.2167 246.43 3136.2 96.065 228.25 3170.6 82.531 268.66 3198.7 80.975
2.225 248.64 3149.7 96.093 230.95 3183.9 82.513 271.44 3211.5 80.97
2.2333 250.85 3163.2 96.097 233.72 3197.3 82.487 274.21 3224.4 80.982
2.2417 253.05 3176.9 96.066 236.57 3210.8 82.448 276.98 3237.3 81.016
2.25 255.23 3190.7 95.993 239.49 3224.3 82.392 279.73 3250.2 81.074
2.2583 257.36 3204.6 95.866 242.48 3237.9 82.315 282.47 3263.2 81.155
2.2667 259.44 3218.6 95.679 245.51 3251.6 82.214 285.2 3276.2 81.258
2.275 261.47 3232.7 95.424 248.59 3265.3 82.087 287.92 3289.2 81.38
2.2833 263.43 3246.8 95.095 251.71 3279.1 81.935 290.64 3302.3 81.514
2.2917 265.37 3261 94.693 254.83 3292.9 81.754 293.34 3315.4 81.654
2.3 267.28 3275.2 94.218 257.94 3306.7 81.553 296.03 3328.6 81.793
2.3083 269.2 3289.3 93.679 261.02 3320.4 81.337 298.71 3341.8 81.922
2.3167 271.15 3303.3 93.089 264.04 3334.1 81.113 301.37 3355.1 82.035
2.325 273.17 3317.2 92.465 266.96 3347.8 80.89 304.01 3368.4 82.124
2.3333 275.28 3330.8 91.824 269.75 3361.3 80.68 306.61 3381.7 82.186
2.3417 277.52 3344.3 91.187 272.4 3374.7 80.493 309.16 3395.1 82.219
2.35 279.88 3357.6 90.571 274.87 3387.9 80.338 311.65 3408.4 82.222
2.3583 282.36 3370.7 89.993 277.15 3401 80.226 314.05 3421.8 82.198
2.3667 284.95 3383.6 89.463 279.23 3413.9 80.163 316.34 3435.1 82.153
2.375 287.64 3396.4 88.99 281.13 3426.5 80.152 318.51 3448.5 82.093
2.3833 290.4 3409.1 88.573 282.83 3439 80.195 320.52 3461.8 82.026
2.3917 293.22 3421.7 88.21 284.38 3451.2 80.289 322.36 3475 81.958
2.4 296.06 3434.1 87.893 285.78 3463.3 80.429 324.01 3488.1 81.9
2.4083 298.89 3446.6 87.616 287.08 3475.1 80.609 325.47 3501.2 81.858
2.4167 301.68 3458.9 87.368 288.31 3486.9 80.82 326.73 3514.2 81.84
2.425 304.39 3471.1 87.143 289.49 3498.5 81.058 327.78 3527.1 81.85
2.4333 307.01 3483.3 86.935 290.66 3510 81.318 328.63 3539.8 81.893
2.4417 309.5 3495.3 86.734 291.84 3521.5 81.591 329.3 3552.6 81.97
2.45 311.87 3507.2 86.536 293.03 3533 81.877 329.8 3565.2 82.082
2.4583 314.11 3519 86.337 294.24 3544.4 82.174 330.15 3577.8 82.226
2.4667 316.23 3530.7 86.135 295.48 3555.9 82.484 330.38 3590.3 82.4
2.475 318.23 3542.3 85.929 296.72 3567.5 82.807 330.5 3602.9 82.599
2.4833 320.13 3553.9 85.718 297.97 3579.1 83.143 330.55 3615.4 82.817
2.4917 321.94 3565.3 85.503 299.2 3590.7 83.494 330.55 3628 83.048
2.5 323.67 3576.8 85.285 300.4 3602.4 83.857 330.5 3640.6 83.287
2.5083 325.34 3588.2 85.066 301.55 3614.1 84.229 330.44 3653.2 83.528
2.5167 326.96 3599.5 84.846 302.65 3625.9 84.606 330.36 3665.8 83.769
2.525 328.53 3610.9 84.626 303.69 3637.7 84.982 330.29 3678.4 84.008
2.5333 330.07 3622.3 84.406 304.68 3649.6 85.349 330.21 3691 84.245
2.5417 331.58 3633.6 84.184 305.61 3661.4 85.701 330.14 3703.7 84.48
2.55 333.05 3645 83.96 306.5 3673.3 86.029 330.08 3716.2 84.716
2.5583 334.5 3656.4 83.731 307.36 3685.2 86.33 330.03 3728.8 84.956
2.5667 335.9 3667.8 83.497 308.18 3697.2 86.601 329.98 3741.3 85.202
2.575 337.27 3679.3 83.258 309 3709.2 86.841 329.94 3753.7 85.456
2.5833 338.58 3690.8 83.015 309.8 3721.3 87.052 329.92 3766.1 85.718
2.5917 339.84 3702.4 82.772 310.6 3733.5 87.237 329.92 3778.4 85.987
2.6 341.05 3714 82.535 311.39 3745.7 87.403 329.95 3790.7 86.26
2.6083 342.19 3725.7 82.312 312.17 3758 87.556 330 3803 86.53
2.6167 343.28 3737.4 82.109 312.95 3770.4 87.701 330.1 3815.2 86.793
2.625 344.31 3749.3 81.932 313.71 3782.8 87.843 330.23 3827.5 87.039
2.6333 345.29 3761.2 81.785 314.45 3795.3 87.987 330.42 3839.7 87.263
2.6417 346.22 3773.2 81.668 315.17 3807.9 88.133 330.64 3852.1 87.459
2.65 347.1 3785.3 81.575 315.85 3820.5 88.281 330.9 3864.4 87.624
2.6583 347.96 3797.6 81.498 316.51 3833.1 88.428 331.19 3876.8 87.756
2.6667 348.78 3810 81.429 317.13 3845.8 88.572 331.51 3889.3 87.859
2.675 349.6 3822.7 81.359 317.73 3858.5 88.708 331.82 3901.8 87.938
2.6833 350.4 3835.5 81.286 318.29 3871.3 88.833 332.14 3914.3 88
2.6917 351.19 3848.4 81.214 318.83 3884.1 88.945 332.43 3926.9 88.055
2.7 351.96 3861.4 81.149 319.35 3896.9 89.043 332.7 3939.4 88.113
2.7083 352.68 3874.5 81.09 319.84 3909.8 89.129 332.92 3952 88.183
2.7167 353.35 3887.7 81.051 320.3 3922.7 89.207 333.11 3964.6 88.27
2.725 353.95 3900.9 81.024 320.72 3935.7 89.282 333.26 3977.2 88.379
2.7333 354.49 3914.2 81.013 321.11 3948.8 89.362 333.37 3989.9 88.508
2.7417 354.95 3927.6 81.014 321.45 3961.9 89.452 333.46 4002.5 88.653
2.75 355.35 3941.1 81.027 321.73 3975.2 89.559 333.53 4015.2 88.808
2.7583 355.68 3954.8 81.05 321.95 3988.4 89.687 333.59 4027.9 88.961
2.7667 355.97 3968.8 81.084 322.1 4001.8 89.837 333.65 4040.7 89.102
2.775 356.22 3982.9 81.131 322.17 4015.1 90.01 333.73 4053.5 89.219
2.7833 356.44 3997.3 81.198 322.18 4028.5 90.202 333.81 4066.4 89.303
2.7917 356.64 4011.8 81.295 322.13 4042 90.407 333.91 4079.4 89.348
2.8 356.81 4026.6 81.433 322.03 4055.4 90.617 334.01 4092.5 89.354
2.8083 356.97 4041.4 81.626 321.91 4068.9 90.821 334.12 4105.6 89.323
2.8167 357.09 4056.3 81.882 321.78 4082.3 91.012 334.22 4118.8 89.263
2.825 357.17 4071.1 82.208 321.68 4095.8 91.178 334.3 4132 89.188
2.8333 357.2 4085.8 82.604 321.62 4109.2 91.313 334.37 4145.2 89.111
2.8417 357.19 4100.4 83.063 321.64 4122.6 91.411 334.41 4158.4 89.048
2.85 357.12 4114.7 83.571 321.76 4136 91.468 334.44 4171.6 89.015
2.8583 357.02 4128.7 84.107 321.99 4149.3 91.482 334.45 4184.7 89.023
2.8667 356.87 4142.3 84.644 322.35 4162.5 91.456 334.45 4197.8 89.08
2.875 356.71 4155.6 85.156 322.85 4175.6 91.392 334.48 4210.8 89.189
2.8833 356.52 4168.6 85.62 323.47 4188.7 91.294 334.55 4223.8 89.348
2.8917 356.32 4181.3 86.024 324.22 4201.6 91.168 334.7 4236.7 89.548
2.9 356.12 4193.8 86.36 325.07 4214.4 91.017 334.95 4249.6 89.776
2.9083 355.91 4206.1 86.63 326.01 4227 90.848 335.33 4262.5 90.017
2.9167 355.71 4218.3 86.843 327.03 4239.5 90.663 335.86 4275.4 90.253
2.925 355.53 4230.3 86.998 328.09 4251.8 90.465 336.57 4288.2 90.467
2.9333 355.39 4242.3 87.108 329.18 4264 90.252 337.48 4301.1 90.645
2.9417 355.31 4254.3 87.2 330.28 4276 90.029 338.58 4313.9 90.775
2.95 355.31 4266.2 87.286 331.38 4287.9 89.795 339.87 4326.8 90.851
2.9583 355.41 4278.1 87.384 332.48 4299.7 89.548 341.35 4339.7 90.872
2.9667 355.64 4289.9 87.509 333.57 4311.4 89.289 343 4352.5 90.841
2.975 356.01 4301.7 87.672 334.66 4323 89.017 344.8 4365.3 90.768
2.9833 356.51 4313.4 87.88 335.74 4334.6 88.733 346.71 4378 90.663
2.9917 357.15 4325.1 88.134 336.84 4346.2 88.44 348.71 4390.7 90.538
3 357.92 4336.7 88.434 337.95 4357.8 88.138 350.79 4403.3 90.408
3.0083 358.79 4348.2 88.774 339.08 4369.4 87.832 352.9 4415.9 90.283
3.0167 359.74 4359.7 89.145 340.24 4381 87.526 355.03 4428.3 90.171
3.025 360.73 4371.1 89.54 341.44 4392.7 87.222 357.18 4440.6 90.079
3.0333 361.75 4382.4 89.949 342.67 4404.4 86.926 359.32 4452.9 90.008
3.0417 362.76 4393.8 90.362 343.95 4416.2 86.64 361.45 4465.1 89.957
3.05 363.75 4405.1 90.772 345.26 4428 86.367 363.57 4477.1 89.922
3.0583 364.7 4416.3 91.174 346.6 4439.9 86.109 365.69 4489.2 89.895
3.0667 365.63 4427.6 91.565 347.97 4451.8 85.868 367.81 4501.1 89.87
3.075 366.55 4438.8 91.946 349.36 4463.9 85.645 369.93 4513 89.839
3.0833 367.47 4450.1 92.316 350.77 4476 85.439 372.07 4524.9 89.796
3.0917 368.42 4461.4 92.677 352.19 4488.2 85.251 374.23 4536.7 89.736
3.1 369.44 4472.8 93.033 353.63 4500.5 85.078 376.41 4548.4 89.658
3.1083 370.55 4484.2 93.383 355.07 4512.9 84.923 378.61 4560.2 89.563
3.1167 371.78 4495.6 93.726 356.53 4525.3 84.783 380.83 4571.9 89.454
3.125 373.13 4507.2 94.06 358.01 4537.9 84.659 383.07 4583.6 89.338
3.1333 374.62 4518.9 94.379 359.5 4550.5 84.552 385.31 4595.2 89.222
3.1417 376.25 4530.6 94.678 361.02 4563.1 84.461 387.56 4606.9 89.112
3.15 378 4542.5 94.949 362.57 4575.8 84.387 389.8 4618.5 89.017
3.1583 379.86 4554.5 95.19 364.14 4588.5 84.331 392.04 4630.2 88.942
3.1667 381.81 4566.7 95.397 365.76 4601.3 84.293 394.27 4641.9 88.889
3.175 383.85 4579 95.575 367.42 4614 84.272 396.49 4653.7 88.862
3.1833 385.94 4591.4 95.727 369.12 4626.7 84.269 398.71 4665.5 88.857
3.1917 388.07 4604.1 95.859 370.87 4639.3 84.28 400.94 4677.3 88.871
3.2 390.2 4616.9 95.977 372.67 4652 84.305 403.17 4689.3 88.899
3.2083 392.31 4629.8 96.085 374.52 4664.7 84.339 405.43 4701.3 88.933
3.2167 394.37 4642.8 96.183 376.43 4677.3 84.376 407.71 4713.4 88.966
3.225 396.4 4656 96.276 378.39 4690 84.418 410.03 4725.7 88.995
3.2333 398.39 4669.2 96.363 380.41 4702.6 84.45 412.39 4738 89.016
3.2417 400.36 4682.4 96.446 382.49 4715.3 84.473 414.79 4750.3 89.027
3.25 402.34 4695.8 96.525 384.63 4728.1 84.479 417.23 4762.8 89.031
3.2583 404.33 4709.2 96.599 386.83 4740.8 84.462 419.69 4775.4 89.034
3.2667 406.35 4722.8 96.664 389.11 4753.6 84.419 422.17 4788 89.042
3.275 408.4 4736.5 96.717 391.46 4766.5 84.344 424.66 4800.6 89.062
3.2833 410.47 4750.4 96.748 393.89 4779.4 84.238 427.13 4813.4 89.104
3.2917 412.55 4764.5 96.748 396.39 4792.3 84.101 429.58 4826.1 89.174
3.3 414.64 4778.7 96.708 398.96 4805.3 83.932 432 4838.9 89.277
3.3083 416.7 4793.1 96.616 401.61 4818.3 83.739 434.38 4851.8 89.416
3.3167 418.74 4807.6 96.462 404.3 4831.3 83.525 436.71 4864.6 89.59
3.325 420.74 4822.1 96.242 407.04 4844.4 83.299 439 4877.5 89.792
3.3333 422.68 4836.6 95.955 409.79 4857.4 83.07 441.24 4890.4 90.015
3.3417 424.6 4851 95.607 412.58 4870.5 82.844 442.74 4902.9 91.025
3.35 426.5 4865.3 95.21 415.28 4883.5 82.634 444.9 4915.8 91.271
3.3583 428.43 4879.3 94.78 417.91 4896.5 82.448 447.05 4928.6 91.501
3.3667 430.41 4893.2 94.333 420.44 4909.4 82.295 449.18 4941.4 91.701
3.375 432.48 4906.8 93.885 422.83 4922.3 82.181 451.3 4954.1 91.863
3.3833 434.64 4920.2 93.453 425.07 4935 82.113 453.41 4966.9 91.978
3.3917 436.89 4933.3 93.052 427.15 4947.7 82.094 455.5 4979.5 92.043
3.4 439.23 4946.3 92.69 429.05 4960.2 82.127 457.57 4992.2 92.06
3.4083 441.63 4959 92.373 430.77 4972.6 82.209 459.6 5004.8 92.033
3.4167 444.1 4971.6 92.098 432.32 4984.9 82.34 461.56 5017.3 91.972
3.425 446.63 4984.1 91.859 433.72 4997 82.514 463.45 5029.8 91.887
3.4333 449.2 4996.5 91.646 434.99 5008.9 82.725 465.22 5042.3 91.791
3.4417 451.79 5008.8 91.447 436.15 5020.6 82.967 466.87 5054.7 91.697
3.45 454.37 5021.1 91.249 437.24 5032.3 83.23 468.38 5067.1 91.617
3.4583 456.91 5033.3 91.044 438.28 5043.7 83.513 469.73 5079.5 91.561
3.4667 459.38 5045.4 90.821 439.29 5055.1 83.81 470.9 5091.9 91.536
3.475 461.74 5057.4 90.572 440.3 5066.4 84.118 471.91 5104.3 91.547
3.4833 463.99 5069.4 90.291 441.3 5077.7 84.428 472.76 5116.7 91.596
3.4917 466.09 5081.3 89.978 442.32 5088.9 84.742 473.44 5129 91.683
3.5 468.04 5093.1 89.632 443.35 5100.1 85.058 473.98 5141.4 91.802
3.5083 469.83 5104.8 89.262 444.38 5111.4 85.379 474.38 5153.8 91.95
3.5167 471.46 5116.4 88.873 445.42 5122.6 85.703 474.67 5166.1 92.119
3.525 472.96 5128 88.473 446.45 5133.9 86.029 474.86 5178.5 92.303
3.5333 474.32 5139.4 88.073 447.38 5145.1 86.362 475.85 5191.4 91.618
3.5417 475.58 5150.9 87.68 448.37 5156.5 86.691 475.9 5203.7 91.812
3.55 476.75 5162.3 87.301 449.32 5168 87.017 475.9 5216.1 92.007
3.5583 477.85 5173.7 86.938 450.24 5179.4 87.336 475.86 5228.3 92.199
3.5667 478.91 5185.1 86.595 451.13 5191 87.643 475.79 5240.6 92.388
3.575 479.92 5196.5 86.271 451.99 5202.5 87.933 475.71 5252.8 92.573
3.5833 480.91 5207.9 85.961 452.82 5214.2 88.201 475.62 5265 92.756
3.5917 481.87 5219.4 85.663 453.62 5225.8 88.444 475.53 5277.2 92.938
3.6 482.81 5230.9 85.371 454.39 5237.6 88.66 475.44 5289.3 93.121
3.6083 483.72 5242.3 85.084 455.15 5249.4 88.847 475.38 5301.4 93.309
3.6167 484.6 5253.9 84.801 455.89 5261.3 89.007 475.34 5313.5 93.501
3.625 485.44 5265.4 84.524 456.61 5273.3 89.144 475.32 5325.5 93.7
3.6333 486.25 5277 84.259 457.31 5285.4 89.26 475.34 5337.5 93.905
3.6417 487.02 5288.6 84.013 457.98 5297.5 89.362 475.4 5349.6 94.114
3.65 487.77 5300.3 83.794 458.63 5309.8 89.454 475.5 5361.6 94.325
3.6583 488.49 5311.9 83.61 459.25 5322.1 89.54 475.64 5373.6 94.535
3.6667 489.19 5323.6 83.465 459.85 5334.6 89.623 475.81 5385.7 94.739
3.675 489.87 5335.3 83.358 460.4 5347 89.706 476.02 5397.7 94.934
3.6833 490.52 5347.1 83.286 460.93 5359.6 89.789 476.26 5409.8 95.115
3.6917 491.13 5359.1 83.24 461.41 5372.2 89.872 476.52 5421.9 95.281
3.7 491.72 5371.2 83.21 461.86 5384.8 89.952 476.78 5434 95.43
3.7083 492.26 5383.4 83.189 462.27 5397.5 90.027 477.05 5446.2 95.564
3.7167 492.76 5395.8 83.174 462.64 5410.2 90.098 477.31 5458.4 95.683
3.725 493.2 5408.4 83.169 462.98 5422.9 90.163 477.55 5470.6 95.793
3.7333 493.57 5421 83.177 463.28 5435.7 90.224 477.75 5482.9 95.898
3.7417 493.87 5433.7 83.2 463.53 5448.6 90.284 477.92 5495.2 96.002
3.75 494.09 5446.4 83.235 463.75 5461.5 90.347 478.03 5507.6 96.112
3.7583 494.23 5459.2 83.282 463.92 5474.5 90.418 478.09 5520.1 96.228
3.7667 494.32 5472.1 83.329 464.04 5487.5 90.504 478.09 5532.6 96.355
3.775 494.36 5485 83.373 464.12 5500.6 90.609 478.03 5545.3 96.49
3.7833 494.37 5498.2 83.407 464.13 5513.8 90.737 477.92 5558 96.631
3.7917 494.35 5511.5 83.429 464.09 5527 90.891 477.76 5570.9 96.774
3.8 494.33 5525.1 83.436 463.98 5540.3 91.07 477.55 5583.8 96.912
3.8083 494.32 5539 83.433 463.81 5553.6 91.272 477.3 5596.9 97.04
3.8167 494.3 5553.1 83.426 463.59 5566.9 91.49 477.01 5610.1 97.152
3.825 494.29 5567.4 83.427 463.3 5580.2 91.717 476.69 5623.3 97.248
3.8333 494.28 5582 83.452 462.97 5593.5 91.944 476.34 5636.7 97.326
3.8417 494.26 5596.7 83.517 462.61 5606.8 92.16 475.95 5650.1 97.393
3.85 494.2 5611.4 83.625 462.22 5620 92.357 475.53 5663.6 97.457
3.8583 494.1 5626.1 83.797 461.83 5633.3 92.525 475.06 5677.1 97.529
3.8667 493.94 5640.7 84.024 461.46 5646.6 92.657 474.55 5690.6 97.623
3.875 493.73 5655.1 84.315 461.11 5659.8 92.749 473.97 5704 97.754
3.8833 493.45 5669.3 84.652 460.82 5673.1 92.8 473.34 5717.5 97.935
3.8917 493.12 5683.2 85.029 460.6 5686.3 92.809 472.65 5730.9 98.177
3.9 492.74 5696.7 85.429 460.46 5699.5 92.779 471.91 5744.2 98.486
3.9083 492.33 5709.9 85.831 460.42 5712.7 92.716 471.12 5757.4 98.863
3.9167 491.89 5722.8 86.217 460.48 5725.8 92.626 470.3 5770.6 99.304
3.925 491.42 5735.4 86.574 460.64 5738.9 92.513 469.46 5783.7 99.8
3.9333 490.94 5747.7 86.894 460.9 5751.8 92.385 468.63 5796.7 100.33
3.9417 490.43 5759.8 87.179 461.25 5764.6 92.245 467.84 5809.8 100.89
3.95 489.89 5771.8 87.427 461.67 5777.2 92.097 467.1 5822.8 101.45
3.9583 489.32 5783.7 87.647 462.16 5789.7 91.943 466.45 5835.8 101.99
3.9667 488.74 5795.5 87.841 462.7 5801.9 91.782 465.91 5848.8 102.5
3.975 488.15 5807.3 88.025 463.34 5814.1 91.609 464.63 5861.1 103.91
3.9833 487.59 5819.1 88.204 463.93 5825.9 91.433 464.32 5874.2 104.34
3.9917 487.06 5830.9 88.392 464.53 5837.6 91.246 464.15 5887.3 104.71
4 486.61 5842.7 88.6 465.13 5849.1 91.047 464.1 5900.4 105.05
4.0083 486.24 5854.5 88.837 465.72 5860.4 90.835 464.17 5913.5 105.35
4.0167 485.98 5866.2 89.11 466.31 5871.7 90.612 464.34 5926.7 105.63
4.025 485.84 5877.8 89.424 466.9 5882.9 90.379 464.6 5939.8 105.91
4.0333 485.83 5889.4 89.779 467.49 5894.1 90.141 464.94 5952.9 106.19
4.0417 485.95 5900.9 90.175 468.09 5905.2 89.903 465.33 5966 106.48
4.05 486.19 5912.3 90.606 468.71 5916.5 89.671 465.78 5979 106.79
4.0583 486.52 5923.6 91.064 469.34 5927.7 89.451 466.27 5991.9 107.11
4.0667 486.94 5934.9 91.543 469.99 5939 89.248 466.8 6004.7 107.45
4.075 487.42 5946.2 92.03 470.66 5950.4 89.068 467.37 6017.5 107.8
4.0833 487.93 5957.4 92.526 471.35 5961.9 88.909 467.98 6030.1 108.14
4.0917 488.47 5968.6 93.01 472.06 5973.5 88.778 468.64 6042.7 108.47
4.1 489 5979.8 93.487 472.77 5985.1 88.67 469.36 6055.2 108.78
4.1083 489.53 5991 93.943 473.48 5996.8 88.585 470.14 6067.6 109.07
4.1167 490.05 6002.2 94.377 474.19 6008.6 88.519 470.99 6079.9 109.31
4.125 490.57 6013.4 94.786 474.88 6020.4 88.466 471.9 6092.2 109.53
4.1333 491.1 6024.5 95.172 475.55 6032.4 88.424 472.88 6104.5 109.71
4.1417 491.68 6035.7 95.535 476.2 6044.3 88.388 473.92 6116.7 109.86
4.15 492.3 6046.9 95.879 476.82 6056.4 88.353 475.01 6128.9 109.99
4.1583 493.01 6058.1 96.206 477.42 6068.5 88.319 476.14 6141.1 110.1
4.1667 493.81 6069.3 96.517 478.01 6080.7 88.285 477.29 6153.3 110.21
4.175 494.73 6080.7 96.816 478.58 6093 88.252 478.47 6165.5 110.32
4.1833 495.77 6092.1 97.102 479.15 6105.3 88.221 479.64 6177.6 110.44
4.1917 496.93 6103.6 97.371 479.73 6117.7 88.195 480.82 6189.8 110.56
4.2 498.19 6115.3 97.629 480.33 6130.2 88.178 481.98 6202 110.71
4.2083 499.55 6127.1 97.873 480.96 6142.7 88.171 483.12 6214.2 110.86
4.2167 500.99 6139.1 98.107 481.62 6155.3 88.177 484.25 6226.5 111.03
4.225 502.47 6151.2 98.329 482.32 6167.9 88.196 485.37 6238.7 111.2
4.2333 503.98 6163.5 98.542 483.06 6180.6 88.227 486.48 6251 111.38
4.2417 505.5 6175.9 98.756 483.86 6193.4 88.272 487.59 6263.3 111.56
4.25 506.97 6188.5 98.964 484.7 6206.2 88.324 488.7 6275.6 111.73
4.2583 508.38 6201.2 99.165 485.59 6219.1 88.381 489.82 6288 111.9
4.2667 509.72 6214 99.352 486.52 6232.1 88.435 490.97 6300.4 112.06
4.275 510.97 6226.8 99.521 487.5 6245.1 88.486 492.13 6312.8 112.2
4.2833 512.15 6239.7 99.666 488.53 6258.3 88.529 493.3 6325.3 112.34
4.2917 513.29 6252.5 99.783 489.6 6271.5 88.553 494.49 6337.8 112.47
4.3 514.39 6265.4 99.874 490.73 6284.8 88.562 495.69 6350.4 112.6
4.3083 515.47 6278.4 99.942 491.91 6298.1 88.549 496.88 6363 112.73
4.3167 516.56 6291.5 99.993 493.15 6311.6 88.513 498.06 6375.7 112.86
4.325 517.66 6304.8 100.03 494.45 6325 88.455 499.21 6388.5 113.01
4.3333 518.77 6318.3 100.07 495.83 6338.6 88.377 500.33 6401.4 113.18
4.3417 519.9 6332.1 100.1 497.28 6352.1 88.281 501.41 6414.3 113.36
4.35 521.04 6346.2 100.13 498.8 6365.7 88.172 502.44 6427.4 113.58
4.3583 522.19 6360.5 100.15 500.39 6379.2 88.052 503.43 6440.5 113.82
4.3667 523.32 6375 100.16 502.02 6392.8 87.93 504.38 6453.6 114.08
4.375 524.43 6389.7 100.14 503.69 6406.4 87.807 505.3 6466.9 114.37
4.3833 525.5 6404.4 100.09 505.37 6419.9 87.694 506.21 6480.1 114.67
4.3917 526.51 6419.2 99.998 507.03 6433.4 87.595 507.12 6493.4 114.98
4.4 527.49 6433.8 99.87 508.63 6446.9 87.515 508.05 6506.6 115.28
4.4083 528.44 6448.3 99.704 510.16 6460.4 87.46 509.01 6519.8 115.56
4.4167 529.38 6462.5 99.503 511.56 6473.9 87.434 509.99 6533 115.82
4.425 530.36 6476.5 99.273 512.82 6487.3 87.443 511.02 6546 116.04
4.4333 531.37 6490.2 99.022 513.92 6500.6 87.49 512.07 6559 116.22
4.4417 532.45 6503.7 98.758 514.82 6513.9 87.576 513.13 6571.9 116.35
4.45 533.6 6516.9 98.49 515.54 6527 87.705 514.17 6584.8 116.43
4.4583 534.81 6529.8 98.228 516.07 6540.1 87.876 515.18 6597.5 116.47
4.4667 536.1 6542.5 97.978 516.41 6552.9 88.088 516.1 6610.1 116.47
4.475 537.45 6555.1 97.746 516.59 6565.6 88.34 516.91 6622.8 116.44
4.4833 538.86 6567.6 97.534 516.62 6578.2 88.628 517.55 6635.3 116.39
4.4917 540.3 6579.9 97.342 516.54 6590.5 88.948 518.01 6647.8 116.34
4.5 541.75 6592.2 97.171 516.36 6602.6 89.295 518.24 6660.4 116.3
4.5083 543.17 6604.5 97.018 516.11 6614.5 89.664 518.22 6672.9 116.27
4.5167 544.5 6616.7 96.882 515.81 6626.2 90.049 517.94 6685.5 116.27
4.525 545.71 6628.8 96.757 515.48 6637.8 90.444 517.39 6698 116.29
4.5333 546.78 6640.8 96.637 515.14 6649.3 90.847 516.56 6710.6 116.36
4.5417 547.66 6652.7 96.517 514.78 6660.6 91.255 515.47 6723.2 116.45
4.55 548.36 6664.5 96.392 514.4 6671.9 91.668 514.13 6735.8 116.57
4.5583 548.86 6676.2 96.254 514.02 6683.2 92.085 512.56 6748.4 116.73
4.5667 549.18 6687.7 96.106 513.61 6694.4 92.508 510.79 6761 116.9
4.575 549.31 6699.1 95.943 513.17 6705.7 92.94 508.83 6773.6 117.1
4.5833 549.29 6710.3 95.768 512.69 6716.9 93.384 506.71 6786.1 117.31
4.5917 549.13 6721.4 95.585 512.16 6728.2 93.84 504.46 6798.6 117.54
4.6 548.87 6732.5 95.389 511.59 6739.5 94.308 502.1 6811 117.78
4.6083 548.52 6743.5 95.194 510.96 6750.9 94.789 499.65 6823.3 118.04
4.6167 548.12 6754.4 94.999 510.26 6762.2 95.278 497.12 6835.6 118.31
4.625 547.68 6765.4 94.806 509.51 6773.6 95.77 494.55 6847.8 118.6
4.6333 547.21 6776.3 94.617 508.69 6785 96.258 491.94 6859.9 118.9
4.6417 546.72 6787.3 94.433 507.81 6796.4 96.734 489.31 6871.9 119.22
4.65 546.22 6798.3 94.251 506.87 6807.9 97.19 486.67 6883.9 119.55
4.6583 545.7 6809.3 94.07 505.86 6819.3 97.617 484.03 6895.9 119.9
4.6667 545.15 6820.3 93.886 504.8 6830.8 98.008 481.4 6907.7 120.25
4.675 544.58 6831.4 93.699 503.68 6842.3 98.361 478.78 6919.6 120.61
4.6833 543.96 6842.5 93.51 502.5 6853.9 98.671 476.18 6931.3 120.97
4.6917 543.28 6853.6 93.32 501.26 6865.5 98.941 473.59 6943.1 121.33
4.7 542.56 6864.7 93.137 499.97 6877.1 99.172 471.02 6954.8 121.69
4.7083 541.77 6875.8 92.967 498.63 6888.8 99.371 468.44 6966.5 122.04
4.7167 540.92 6887 92.821 497.24 6900.5 99.545 465.87 6978.1 122.39
4.725 540.02 6898.2 92.707 495.81 6912.3 99.698 463.29 6989.8 122.73
4.7333 539.04 6909.4 92.633 494.33 6924.1 99.839 460.69 7001.5 123.07
4.7417 537.99 6920.7 92.602 492.8 6936 99.972 458.07 7013.2 123.4
4.75 536.87 6932.1 92.615 491.23 6947.8 100.1 455.42 7024.8 123.73
4.7583 535.65 6943.5 92.666 489.61 6959.6 100.23 452.74 7036.5 124.04
4.7667 534.32 6955 92.747 487.94 6971.5 100.35 450.04 7048.3 124.35
4.775 532.89 6966.7 92.844 486.21 6983.4 100.48 447.3 7060 124.65
4.7833 531.36 6978.5 92.946 484.41 6995.3 100.6 444.52 7071.7 124.93
4.7917 529.73 6990.5 93.041 482.54 7007.2 100.71 441.71 7083.4 125.2
4.8 528.02 7002.6 93.122 480.58 7019.2 100.81 438.85 7095.1 125.47
4.8083 526.25 7014.7 93.186 478.53 7031.2 100.91 435.94 7106.9 125.72
4.8167 524.43 7027 93.222 476.38 7043.3 101.01 432.98 7118.6 125.96
4.825 522.55 7039.3 93.239 474.13 7055.5 101.1 429.94 7130.3 126.2
4.8333 520.63 7051.7 93.232 471.77 7067.7 101.2 426.83 7141.9 126.44
4.8417 518.66 7064.2 93.204 469.31 7080 101.32 423.61 7153.6 126.69
4.85 516.65 7076.8 93.153 466.74 7092.3 101.46 420.29 7165.3 126.95
4.8583 514.58 7089.5 93.086 464.08 7104.7 101.62 416.85 7177 127.22
4.8667 512.44 7102.5 93.008 461.31 7117.2 101.82 413.28 7188.8 127.52
4.875 510.24 7115.7 92.926 458.45 7129.7 102.05 409.57 7200.6 127.82
4.8833 507.97 7129.2 92.851 455.5 7142.2 102.32 405.73 7212.4 128.15
4.8917 505.62 7142.9 92.794 452.47 7154.6 102.61 401.75 7224.3 128.49
4.9 503.19 7156.9 92.771 449.36 7167.1 102.93 397.63 7236.2 128.83
4.9083 500.67 7171.1 92.797 446.19 7179.5 103.26 393.4 7248.1 129.18
4.9167 498.07 7185.5 92.886 442.95 7192 103.61 389.07 7260.1 129.52
4.925 495.38 7200 93.05 439.66 7204.3 103.94 384.64 7272.1 129.86
4.9333 492.61 7214.4 93.3 436.34 7216.7 104.27 380.14 7284.1 130.18
4.9417 489.75 7228.8 93.639 432.99 7229 104.57 375.58 7296 130.49
4.95 486.8 7243.1 94.066 429.64 7241.3 104.86 370.98 7307.9 130.8
4.9583 483.77 7257.1 94.573 426.29 7253.6 105.11 366.36 7319.7 131.1
4.9667 480.67 7270.9 95.151 422.98 7265.9 105.35 361.74 7331.4 131.41
4.975 477.49 7284.4 95.781 419.71 7278.1 105.56 357.12 7343 131.73
4.9833 474.25 7297.5 96.445 416.5 7290.3 105.75 352.53 7354.5 132.07
4.9917 470.96 7310.3 97.122 413.38 7302.4 105.93 347.97 7365.9 132.43
5 467.61 7322.9 97.794 410.34 7314.5 106.1 343.47 7377.2 132.82
5.0083 464.22 7335.1 98.45 407.41 7326.4 106.28 339.02 7388.4 133.24
5.0167 460.78 7347.1 99.083 404.58 7338.2 106.45 334.65 7399.6 133.68
5.025 457.29 7358.9 99.694 401.85 7349.8 106.64 330.35 7410.7 134.15
5.0333 453.74 7370.6 100.28 399.22 7361.2 106.83 326.13 7421.8 134.62
5.0417 450.14 7382.1 100.86 396.68 7372.4 107.02 321.99 7432.8 135.1
5.05 446.49 7393.6 101.42 394.22 7383.4 107.22 317.94 7443.9 135.56
5.0583 442.82 7405.1 101.97 391.82 7394.2 107.43 313.98 7454.9 136.01
5.0667 439.13 7416.5 102.52 389.47 7404.8 107.63 310.1 7466 136.42
5.075 435.47 7427.8 103.08 387.15 7415.2 107.82 306.29 7477.1 136.79
5.0833 431.85 7439.1 103.64 384.86 7425.5 108.01 302.56 7488.2 137.13
5.0917 428.31 7450.3 104.21 382.56 7435.6 108.19 298.9 7499.3 137.43
5.1 424.85 7461.4 104.8 380.27 7445.7 108.37 295.31 7510.4 137.69
5.1083 421.51 7472.5 105.41 377.95 7455.7 108.54 291.78 7521.5 137.93
5.1167 418.28 7483.4 106.05 375.62 7465.7 108.71 288.3 7532.6 138.14
5.125 415.16 7494.3 106.7 373.26 7475.7 108.88 284.89 7543.6 138.35
5.1333 412.14 7505.1 107.38 370.86 7485.8 109.05 281.54 7554.5 138.55
5.1417 409.21 7515.8 108.08 368.43 7495.8 109.24 278.24 7565.4 138.77
5.15 406.32 7526.4 108.81 365.96 7506 109.43 275.01 7576.2 138.99
5.1583 403.47 7536.9 109.56 363.45 7516.2 109.64 271.84 7587 139.23
5.1667 400.6 7547.4 110.33 360.9 7526.5 109.87 268.73 7597.7 139.49
5.175 397.71 7557.7 111.12 358.31 7536.8 110.11 265.67 7608.3 139.77
5.1833 394.77 7568 111.93 355.68 7547.3 110.37 262.68 7618.8 140.05
5.1917 391.78 7578.3 112.75 352.99 7557.8 110.65 259.73 7629.3 140.34
5.2 388.72 7588.5 113.59 350.26 7568.4 110.94 256.81 7639.8 140.63
5.2083 385.62 7598.6 114.43 347.49 7579 111.24 253.94 7650.2 140.91
5.2167 382.49 7608.8 115.29 344.66 7589.7 111.55 251.08 7660.5 141.18
5.225 379.35 7618.9 116.15 341.78 7600.5 111.88 248.23 7670.9 141.43
5.2333 376.23 7629.1 117.01 338.86 7611.3 112.21 245.39 7681.2 141.67
5.2417 373.15 7639.4 117.86 335.9 7622.1 112.56 242.55 7691.6 141.9
5.25 370.13 7649.8 118.69 332.88 7632.9 112.91 239.7 7702 142.11
5.2583 367.18 7660.3 119.5 329.83 7643.8 113.27 236.84 7712.4 142.32
5.2667 364.3 7671 120.27 326.74 7654.7 113.63 233.96 7722.8 142.53
5.275 361.48 7681.8 121 323.61 7665.7 114 231.07 7733.2 142.74
5.2833 358.74 7692.8 121.67 320.45 7676.6 114.37 228.17 7743.7 142.97
5.2917 356.06 7703.9 122.27 317.26 7687.6 114.74 225.25 7754.2 143.23
5.3 353.43 7715.2 122.81 314.04 7698.6 115.11 222.31 7764.7 143.5
5.3083 350.85 7726.6 123.28 310.81 7709.6 115.47 219.36 7775.2 143.81
5.3167 348.3 7738.2 123.68 307.57 7720.6 115.82 216.39 7785.7 144.14
5.325 345.74 7749.9 124.04 304.31 7731.7 116.16 213.4 7796.2 144.49
5.3333 343.13 7761.8 124.37 301.05 7742.7 116.48 210.39 7806.7 144.86
5.3417 340.44 7773.7 124.67 297.79 7753.8 116.8 207.34 7817.2 145.24
5.35 337.65 7785.7 124.95 294.53 7765 117.09 204.25 7827.7 145.62
5.3583 334.75 7797.7 125.22 291.28 7776.1 117.38 201.1 7838.1 145.99
5.3667 331.75 7809.8 125.49 288.04 7787.3 117.65 197.88 7848.6 146.36
5.375 328.67 7821.9 125.73 284.8 7798.5 117.91 194.59 7859.1 146.71
5.3833 325.51 7834 125.96 281.57 7809.6 118.15 191.2 7869.6 147.04
5.3917 322.31 7846.2 126.16 278.35 7820.8 118.39 187.71 7880.1 147.37
5.4 319.04 7858.4 126.34 275.14 7832 118.61 184.11 7890.6 147.69
5.4083 315.71 7870.8 126.49 271.93 7843.1 118.82 180.39 7901.1 148.01
5.4167 312.31 7883.1 126.61 268.73 7854.2 119.01 176.55 7911.6 148.34
5.425 308.79 7895.6 126.71 265.51 7865.3 119.2 172.61 7922.1 148.69
5.4333 305.16 7908 126.78 262.28 7876.4 119.38 168.56 7932.6 149.06
5.4417 301.4 7920.4 126.83 259.01 7887.4 119.55 164.41 7943.1 149.46
5.45 297.51 7932.8 126.88 255.69 7898.4 119.72 160.2 7953.5 149.89
5.4583 293.53 7945 126.92 252.31 7909.4 119.9 155.92 7963.8 150.34
5.4667 289.48 7957 126.96 248.84 7920.4 120.08 151.62 7974.1 150.81
5.475 285.39 7968.8 127.02 245.26 7931.2 120.28 147.3 7984.4 151.29
5.4833 281.32 7980.3 127.1 241.56 7942.1 120.51 142.98 7994.5 151.77
5.4917 277.29 7991.6 127.21 237.72 7952.8 120.76 138.67 8004.6 152.23
5.5 273.33 8002.6 127.36 233.74 7963.5 121.06 134.37 8014.6 152.67
5.5083 269.44 8013.3 127.56 229.61 7974.1 121.4 130.09 8024.5 153.06
5.5167 265.61 8023.8 127.82 225.34 7984.5 121.8 125.81 8034.3 153.41
5.525 261.84 8034 128.13 220.94 7994.8 122.24 121.5 8044 153.72
5.5333 258.09 8044 128.5 216.42 8004.9 122.75 117.15 8053.7 153.98
5.5417 254.35 8053.9 128.9 211.82 8014.8 123.3 112.71 8063.2 154.2
5.55 250.6 8063.6 129.34 207.14 8024.5 123.91 108.15 8072.6 154.4
5.5583 246.81 8073.2 129.79 202.42 8034 124.55 103.44 8081.9 154.59
5.5667 242.97 8082.7 130.24 197.68 8043.2 125.25 98.549 8091 154.78
5.575 239.03 8092.1 130.67 192.93 8052.3 125.96 93.448 8100 154.99
5.5833 234.98 8101.4 131.06 188.18 8061.2 126.7 88.119 8108.9 155.23
5.5917 230.79 8110.6 131.4 183.43 8069.9 127.46 82.556 8117.6 155.51
5.6 226.42 8119.5 131.69 178.67 8078.5 128.22 76.759 8126.1 155.84
5.6083 221.88 8128.2 131.92 173.91 8086.9 128.99 70.738 8134.4 156.21
5.6167 217.17 8136.6 132.12 169.12 8095.2 129.77 64.513 8142.6 156.62
5.625 212.28 8144.7 132.29 164.28 8103.4 130.54 58.109 8150.6 157.07
5.6333 207.26 8152.4 132.45 159.37 8111.5 131.31 51.557 8158.5 157.55
5.6417 202.11 8159.8 132.62 154.37 8119.5 132.09 44.886 8166.2 158.03
5.65 196.86 8167 132.81 149.26 8127.5 132.86 38.127 8173.8 158.52
5.6583 191.52 8173.8 133.03 144.03 8135.4 133.64 31.309 8181.2 159.01
5.6667 186.09 8180.4 133.3 138.67 8143.2 134.41 24.456 8188.5 159.48
5.675 180.57 8186.9 133.6 133.18 8150.9 135.17 17.589 8195.6 159.94
5.6833 174.96 8193.2 133.94 127.57 8158.6 135.94 10.724 8202.7 160.38
5.6917 169.28 8199.5 134.3 121.84 8166.1 136.7 3.8736 8209.6 160.81
5.7 163.53 8205.8 134.69 116.02 8173.6 137.44 -2.9538 8216.4 161.23
5.7083 157.73 8212 135.08 110.11 8181 138.16 -9.7517 8223 161.64
5.7167 151.9 8218.3 135.47 104.12 8188.3 138.86 -16.516 8229.6 162.05
5.725 146.03 8224.7 135.85 98.066 8195.5 139.54 -23.244 8236.1 162.46
5.7333 140.15 8231.1 136.21 91.955 8202.6 140.2 -29.934 8242.5 162.87
5.7417 134.25 8237.5 136.56 85.79 8209.6 140.84 -36.587 8248.7 163.27
5.75 128.34 8244 136.88 79.57 8216.5 141.46 -43.205 8255 163.68
5.7583 122.41 8250.5 137.19 73.295 8223.4 142.06 -49.791 8261.1 164.09
5.7667 116.44 8256.9 137.49 66.96 8230.2 142.65 -56.352 8267.2 164.48
5.775 110.43 8263.3 137.79 60.554 8237 143.22 -62.895 8273.2 164.86
5.7833 104.36 8269.7 138.1 54.081 8243.6 143.78 -69.429 8279.2 165.23
5.7917 98.219 8276 138.42 47.531 8250.3 144.33 -75.963 8285.2 165.58
5.8 91.987 8282.2 138.77 40.901 8256.8 144.87 -82.508 8291.1 165.92
5.8083 85.635 8288.4 139.14 34.194 8263.2 145.4 -89.07 8297 166.24
5.8167 79.143 8294.4 139.54 27.408 8269.6 145.92 -95.656 8302.9 166.54
5.825 72.48 8300.4 139.97 20.547 8275.9 146.41 -102.27 8308.8 166.83
5.8333 65.645 8306.3 140.43 13.615 8282 146.88 -108.91 8314.7 167.1
5.8417 58.614 8312.2 140.9 6.6168 8288.1 147.33 -115.58 8320.5 167.36
5.85 51.406 8318 141.38 -0.44341 8294.1 147.75 -122.27 8326.3 167.6
5.8583 44.018 8323.7 141.87 -7.563 8300 148.16 -128.98 8332 167.82
5.8667 36.488 8329.5 142.36 -14.738 8305.7 148.54 -135.7 8337.8 168.02
5.875 28.834 8335.2 142.86 -21.968 8311.4 148.9 -142.45 8343.4 168.2
5.8833 21.061 8340.9 143.34 -29.251 8317 149.25 -149.21 8349.1 168.34
5.8917 13.192 8346.6 143.82 -36.587 8322.5 149.6 -156 8354.6 168.46
5.9 5.2079 8352.3 144.29 -43.977 8327.9 149.95 -162.83 8360.1 168.53
5.9083 -2.8841 8357.9 144.75 -51.418 8333.2 150.31 -169.73 8365.5 168.58
5.9167 -11.11 8363.6 145.2 -58.91 8338.4 150.69 -176.71 8370.9 168.6
5.925 -19.49 8369.3 145.63 -66.451 8343.6 151.09 -183.8 8376.2 168.59
5.9333 -28.046 8375 146.05 -74.038 8348.6 151.5 -191.01 8381.3 168.57
5.9417 -36.797 8380.7 146.45 -81.668 8353.5 151.94 -198.37 8386.4 168.54
5.95 -45.75 8386.4 146.85 -89.336 8358.3 152.4 -205.87 8391.4 168.51
5.9583 -54.911 8392.1 147.26 -97.038 8363.1 152.88 -213.52 8396.4 168.49
5.9667 -64.262 8397.7 147.67 -104.77 8367.7 153.38 -221.32 8401.2 168.49
5.975 -73.769 8403.3 148.11 -112.52 8372.3 153.89 -229.25 8406 168.5
5.9833 -83.394 8408.7 148.59 -120.3 8376.8 154.42 -237.27 8410.6 168.55
5.9917 -93.07 8414.1 149.11 -128.09 8381.3 154.96 -245.36 8415.2 168.62
6 -102.74 8419.2 149.69 -135.9 8385.8 155.52 -253.5 8419.7 168.71
6.0083 -112.31 8424.1 150.32 -143.72 8390.3 156.1 -261.64 8424.1 168.83
6.0167 -121.75 8428.8 151.01 -151.55 8394.8 156.7 -269.77 8428.4 168.98
6.025 -130.97 8433.3 151.75 -159.38 8399.4 157.32 -277.85 8432.7 169.15
6.0333 -139.95 8437.6 152.53 -167.21 8404 157.97 -285.88 8436.8 169.35
6.0417 -148.67 8441.7 153.35 -175.03 8408.6 158.63 -293.85 8440.8 169.57
6.05 -157.12 8445.6 154.19 -182.83 8413.3 159.32 -301.76 8444.6 169.82
6.0583 -165.34 8449.3 155.05 -190.6 8418 160.03 -309.63 8448.4 170.1
6.0667 -173.37 8452.9 155.92 -198.32 8422.7 160.76 -317.45 8452 170.42
6.075 -181.29 8456.3 156.8 -205.97 8427.4 161.5 -325.25 8455.4 170.78
6.0833 -189.14 8459.6 157.69 -213.54 8432 162.25 -333.04 8458.8 171.19
6.0917 -196.98 8462.8 158.6 -221.02 8436.6 163 -340.82 8462 171.65
6.1 -204.85 8465.8 159.53 -228.38 8441 163.76 -348.6 8465.2 172.15
6.1083 -212.75 8468.7 160.48 -235.63 8445.3 164.53 -356.38 8468.3 172.69
6.1167 -220.71 8471.5 161.46 -242.75 8449.4 165.29 -364.16 8471.2 173.26
6.125 -228.69 8474.2 162.48 -249.76 8453.4 166.07 -371.91 8474.1 173.87
6.1333 -236.68 8476.8 163.53 -256.65 8457.3 166.86 -379.63 8477 174.5
6.1417 -244.64 8479.4 164.62 -263.47 8461.1 167.67 -387.31 8479.8 175.13
6.15 -252.55 8481.9 165.74 -270.21 8464.9 168.5 -394.95 8482.5 175.78
6.1583 -260.37 8484.4 166.9 -276.92 8468.5 169.35 -402.52 8485.2 176.42
6.1667 -268.08 8486.9 168.08 -283.61 8472.1 170.25 -410.03 8487.8 177.05
6.175 -275.68 8489.4 169.28 -290.33 8475.6 171.16 -417.48 8490.3 177.67
6.1833 -283.16 8491.9 170.5 -297.1 8479.1 172.1 -424.88 8492.7 178.29
6.1917 -290.55 8494.4 171.72 -303.94 8482.6 173.08 -432.23 8495 178.9
6.2 -297.85 8497 172.94 -310.88 8486 174.08 -439.54 8497.1 179.5
6.2083 -305.11 8499.5 174.17 -317.94 8489.4 175.1 -446.82 8499.2 180.11
6.2167 -312.34 8502 175.39 -325.11 8492.7 176.13 -454.08 8501.1 180.72
6.225 -319.57 8504.5 176.6 -332.39 8495.9 177.18 -461.34 8503 181.33
6.2333 -326.84 8506.9 177.82 -339.79 8499 178.23 -468.59 8504.7 181.94
6.2417 -334.16 8509.3 179.03 -347.27 8502 179.3 -475.84 8506.3 182.57
6.25 -341.53 8511.6 180.25 -354.83 8504.9 180.37 -483.11 8507.8 183.2
6.2583 -348.96 8513.9 181.47 -362.45 8507.6 181.45 -490.39 8509.2 183.84
6.2667 -356.46 8516.2 182.7 -370.11 8510.2 182.54 -497.7 8510.6 184.49
6.275 -364.01 8518.5 183.94 -377.79 8512.8 183.64 -505.03 8511.9 185.15
6.2833 -371.61 8520.7 185.18 -385.48 8515.2 184.75 -512.39 8513.1 185.81
6.2917 -379.25 8523 186.41 -393.17 8517.5 185.86 -519.78 8514.2 186.49
6.3 -386.93 8525.3 187.64 -400.87 8519.9 186.97 -527.21 8515.2 187.18
6.3083 -394.66 8527.5 188.87 -408.58 8522.1 188.09 -534.66 8516 187.9
6.3167 -402.42 8529.9 190.08 -416.31 8524.4 189.2 -542.14 8516.8 188.63
6.325 -410.23 8532.2 191.27 -424.06 8526.6 190.3 -549.63 8517.4 189.4
6.3333 -418.1 8534.6 192.46 -431.86 8528.8 191.38 -557.13 8518 190.2
6.3417 -426.04 8536.9 193.63 -439.71 8531 192.46 -564.6 8518.4 191.03
6.35 -434.06 8539.3 194.8 -447.63 8533.1 193.52 -572.05 8518.7 191.89
6.3583 -442.17 8541.7 195.97 -455.62 8535.2 194.56 -579.45 8518.9 192.79
6.3667 -450.4 8544.1 197.16 -463.7 8537.3 195.6 -586.8 8519.1 193.72
6.375 -458.76 8546.4 198.37 -471.85 8539.2 196.63 -594.08 8519.2 194.67
6.3833 -467.25 8548.7 199.6 -480.08 8541.1 197.68 -601.3 8519.3 195.64
6.3917 -475.85 8550.9 200.85 -488.37 8542.9 198.72 -608.47 8519.4 196.63
6.4 -484.56 8553 202.11 -496.71 8544.6 199.78 -615.6 8519.4 197.63
6.4083 -493.35 8555 203.38 -505.09 8546.2 200.85 -622.71 8519.4 198.64
6.4167 -502.17 8556.8 204.62 -513.5 8547.8 201.95 -629.82 8519.3 199.65
6.425 -511 8558.6 205.82 -521.9 8549.3 203.03 -636.97 8519.2 200.68
6.4333 -519.78 8560.3 206.96 -530.31 8550.7 204.14 -644.18 8518.9 201.72
6.4417 -528.48 8562 208.03 -538.69 8552 205.22 -651.46 8518.6 202.78
6.45 -537.08 8563.6 208.99 -547.05 8553.3 206.29 -658.82 8518 203.87
6.4583 -545.53 8565.2 209.87 -555.37 8554.6 207.35 -666.28 8517.3 204.98
6.4667 -553.82 8566.9 210.64 -563.65 8555.8 208.38 -673.83 8516.3 206.11
6.475 -561.92 8568.5 211.34 -571.89 8556.9 209.38 -681.44 8515.2 207.28
6.4833 -569.81 8570.2 211.97 -580.08 8557.9 210.36 -689.1 8513.8 208.47
6.4917 -577.49 8571.8 212.56 -588.2 8558.7 211.3 -696.77 8512.2 209.68
6.5 -584.97 8573.4 213.13 -596.25 8559.4 212.22 -704.44 8510.4 210.9
6.5083 -592.24 8574.9 213.71 -604.23 8559.8 213.12 -712.06 8508.5 212.11
6.5167 -599.34 8576.4 214.32 -612.11 8560.1 214.01 -719.61 8506.3 213.32
6.525 -606.25 8577.8 214.95 -619.88 8560.1 214.91 -727.07 8504 214.5
6.5333 -613.01 8579.2 215.63 -627.53 8559.8 215.82 -734.43 8501.6 215.64
6.5417 -619.62 8580.5 216.35 -635.04 8559.2 216.75 -741.67 8499 216.73
6.55 -626.11 8581.7 217.11 -642.4 8558.4 217.7 -748.78 8496.2 217.77
6.5583 -632.49 8582.9 217.9 -649.59 8557.4 218.67 -755.78 8493.4 218.75
6.5667 -638.79 8583.9 218.71 -656.6 8556.1 219.65 -762.65 8490.3 219.68
6.575 -645.05 8584.9 219.52 -663.43 8554.6 220.65 -769.4 8487.1 220.56
6.5833 -651.27 8585.7 220.32 -670.1 8553 221.66 -776.03 8483.7 221.38
6.5917 -657.47 8586.3 221.11 -676.58 8551.2 222.67 -782.5 8480 222.18
6.6 -663.61 8586.6 221.86 -682.89 8549.4 223.68 -788.83 8476.2 222.96
6.6083 -669.64 8586.7 222.57 -689.06 8547.4 224.67 -794.96 8472 223.74
6.6167 -675.52 8586.4 223.26 -695.09 8545.4 225.64 -800.89 8467.6 224.52
6.625 -681.21 8585.8 223.94 -700.99 8543.4 226.6 -806.58 8463 225.33
6.6333 -686.7 8584.9 224.61 -706.79 8541.2 227.54 -812 8458.1 226.16
6.6417 -692 8583.8 225.3 -712.49 8539 228.47 -817.13 8453 227.04
6.65 -697.12 8582.5 226.01 -718.11 8536.7 229.39 -821.95 8447.7 227.97
6.6583 -702.1 8581.1 226.74 -723.67 8534.3 230.3 -826.45 8442.3 228.93
6.6667 -706.95 8579.6 227.5 -729.16 8531.8 231.21 -830.63 8436.7 229.94
6.675 -711.67 8578 228.28 -734.6 8529.1 232.12 -834.51 8431.1 230.97
6.6833 -716.3 8576.2 229.08 -739.99 8526.3 233.05 -838.1 8425.3 232.04
6.6917 -720.87 8574.4 229.88 -745.33 8523.3 233.98 -841.45 8419.5 233.12
6.7 -725.43 8572.5 230.67 -750.62 8520.2 234.93 -844.59 8413.7 234.2
6.7083 -730.01 8570.5 231.45 -755.86 8516.8 235.89 -847.56 8407.9 235.27
6.7167 -734.64 8568.5 232.21 -761.04 8513.3 236.86 -850.4 8402 236.33
6.725 -739.36 8566.5 232.94 -766.17 8509.6 237.84 -853.16 8396.1 237.36
6.7333 -744.15 8564.4 233.65 -771.22 8505.7 238.82 -855.87 8390.2 238.35
6.7417 -749.02 8562.3 234.33 -776.2 8501.7 239.8 -858.55 8384.3 239.31
6.75 -753.94 8560 235 -781.11 8497.6 240.78 -861.22 8378.3 240.22
6.7583 -758.91 8557.6 235.66 -785.93 8493.3 241.75 -863.88 8372.3 241.09
6.7667 -763.88 8555.1 236.31 -790.67 8489 242.72 -866.53 8366.2 241.92
6.775 -768.84 8552.3 236.96 -795.32 8484.5 243.67 -869.17 8360 242.72
6.7833 -773.77 8549.4 237.63 -799.88 8479.8 244.6 -871.77 8353.8 243.49
6.7917 -778.64 8546.4 238.31 -804.35 8475.1 245.51 -874.34 8347.4 244.24
6.8 -783.47 8543.1 239.01 -808.72 8470.3 246.41 -876.85 8341 244.97
6.8083 -788.25 8539.7 239.73 -813 8465.3 247.28 -879.28 8334.5 245.7
6.8167 -792.96 8536.1 240.45 -817.19 8460.2 248.13 -881.65 8327.8 246.41
6.825 -797.64 8532.4 241.18 -821.29 8455 248.96 -883.93 8321.1 247.12
6.8333 -802.27 8528.6 241.9 -825.29 8449.6 249.76 -886.14 8314.2 247.82
6.8417 -806.87 8524.6 242.61 -829.2 8444.1 250.54 -888.27 8307.3 248.52
6.85 -811.43 8520.5 243.3 -832.76 8438.6 251.31 -891.63 8299.7 248.42
6.8583 -815.96 8516.3 243.96 -836.49 8432.8 252.06 -893.63 8292.5 249.1
6.8667 -820.45 8511.9 244.61 -840.11 8426.8 252.79 -895.58 8285.2 249.76
6.875 -824.89 8507.3 245.23 -843.64 8420.7 253.5 -897.5 8277.7 250.4
6.8833 -829.29 8502.6 245.83 -847.07 8414.4 254.2 -899.38 8270.2 251.01
6.8917 -833.62 8497.6 246.42 -850.39 8407.9 254.89 -901.23 8262.5 251.59
6.9 -837.87 8492.3 246.99 -853.62 8401.3 255.57 -903.06 8254.8 252.13
6.9083 -842.04 8486.9 247.55 -856.74 8394.5 256.23 -904.85 8247 252.64
6.9167 -846.13 8481.1 248.09 -859.77 8387.5 256.88 -906.59 8239.2 253.12
6.925 -850.14 8475.1 248.62 -862.71 8380.3 257.51 -908.29 8231.3 253.57
6.9333 -854.08 8468.9 249.13 -865.56 8373 258.12 -909.93 8223.3 253.99
6.9417 -857.94 8462.4 249.62 -868.34 8365.5 258.71 -911.5 8215.4 254.39
6.95 -861.75 8455.7 250.07 -871.06 8357.8 259.27 -913 8207.4 254.77
6.9583 -865.49 8448.7 250.49 -873.7 8349.9 259.82 -914.42 8199.4 255.14
6.9667 -869.17 8441.5 250.88 -876.3 8341.9 260.33 -915.77 8191.4 255.49
6.975 -872.81 8434.2 251.22 -878.84 8333.7 260.82 -917.04 8183.3 255.82
6.9833 -876.38 8426.6 251.54 -881.32 8325.4 261.28 -918.25 8175.2 256.15
6.9917 -879.88 8418.7 251.82 -883.76 8316.9 261.71 -919.4 8167 256.46
7 -883.3 8410.7 252.08 -886.14 8308.2 262.12 -920.49 8158.7 256.76
7.0083 -886.65 8402.4 252.32 -888.45 8299.3 262.5 -921.54 8150.4 257.05
7.0167 -889.9 8393.8 252.54 -890.7 8290.3 262.86 -922.56 8141.9 257.31
7.025 -893.07 8384.9 252.76 -892.86 8281.2 263.19 -923.55 8133.3 257.56
7.0333 -896.15 8375.8 252.97 -894.92 8271.8 263.51 -924.51 8124.5 257.78
7.0417 -899.11 8366.3 253.17 -896.89 8262.2 263.81 -925.46 8115.6 257.99
7.05 -901.96 8356.5 253.37 -898.74 8252.5 264.08 -926.38 8106.4 258.18
7.0583 -904.7 8346.4 253.57 -900.48 8242.5 264.34 -927.29 8097.1 258.36
7.0667 -907.31 8336.1 253.77 -902.1 8232.4 264.59 -928.17 8087.7 258.52
7.075 -909.8 8325.5 253.98 -903.61 8222.2 264.81 -929.03 8078 258.68
7.0833 -912.15 8314.7 254.2 -905.01 8211.8 265.02 -929.86 8068.2 258.84
7.0917 -914.38 8303.7 254.43 -906.31 8201.3 265.21 -930.66 8058.3 259
7.1 -916.48 8292.6 254.68 -907.54 8190.7 265.39 -931.44 8048.3 259.17
7.1083 -918.46 8281.4 254.96 -908.7 8180.2 265.54 -932.18 8038.3 259.35
7.1167 -920.33 8270.2 255.27 -909.81 8169.6 265.68 -932.91 8028.3 259.55
7.125 -922.08 8258.9 255.61 -910.89 8159 265.8 -933.61 8018.2 259.75
7.1333 -923.75 8247.7 255.99 -911.96 8148.5 265.9 -934.29 8008.3 259.96
7.1417 -925.32 8236.6 256.4 -913.04 8138.1 265.97 -934.97 7998.4 260.18
7.15 -926.8 8225.6 256.84 -914.13 8127.8 266.02 -935.64 7988.6 260.41
7.1583 -928.23 8214.8 257.31 -915.25 8117.6 266.05 -936.33 7978.9 260.63
7.1667 -929.62 8204.2 257.78 -916.4 8107.5 266.06 -937.03 7969.4 260.85
7.175 -931 8193.9 258.25 -917.58 8097.5 266.03 -937.76 7960 261.05
7.1833 -932.38 8183.9 258.72 -918.8 8087.6 265.99 -938.51 7950.7 261.25
7.1917 -933.79 8174.1 259.19 -920.05 8077.8 265.91 -939.3 7941.6 261.44
7.2 -935.21 8164.5 259.65 -921.32 8068.2 265.82 -940.13 7932.4 261.61
7.2083 -936.66 8155.1 260.11 -922.61 8058.6 265.71 -941.01 7923.4 261.76
7.2167 -938.13 8145.7 260.58 -923.92 8049.1 265.58 -941.93 7914.4 261.91
7.225 -939.6 8136.4 261.05 -925.24 8039.7 265.45 -942.89 7905.4 262.04
7.2333 -941.06 8127.1 261.53 -926.56 8030.4 265.31 -943.9 7896.4 262.16
7.2417 -942.51 8117.8 262.01 -927.89 8021.2 265.18 -944.96 7887.3 262.28
7.25 -943.94 8108.4 262.51 -929.21 8012.1 265.06 -946.07 7878.2 262.4
