0.0083333 2.5735 7.0432 95.044 -22.437 89.389 86.513 2.5005 102.38 77.227
0.016667 4.1465 14.757 95.084 -20.841 97.489 86.513 4.0369 110.35 77.277
0.025 5.7185 22.686 95.119 -19.187 105.66 86.506 5.597 118.41 77.347
0.033333 7.2851 30.833 95.151 -17.479 113.89 86.488 7.1877 126.56 77.432
0.041667 8.8458 39.198 95.181 -15.725 122.19 86.459 8.8129 134.8 77.527
0.05 10.403 47.777 95.213 -13.932 130.57 86.419 10.477 143.15 77.624
0.058333 11.962 56.562 95.248 -12.106 139 86.371 12.181 151.59 77.721
0.066667 13.527 65.532 95.29 -10.255 147.49 86.317 13.921 160.15 77.814
0.075 15.102 74.662 95.34 -8.3839 156.02 86.265 15.694 168.79 77.899
0.083333 16.697 83.926 95.4 -6.498 164.59 86.223 17.49 177.53 77.976
0.091667 18.317 93.289 95.471 -4.6037 173.18 86.201 19.3 186.33 78.045
0.1 19.965 102.71 95.554 -2.7085 181.77 86.209 21.11 195.18 78.106
0.10833 21.644 112.16 95.65 -0.82031 190.36 86.257 22.908 204.07 78.162
0.11667 23.352 121.59 95.76 1.0503 198.93 86.354 24.678 212.95 78.212
0.125 25.082 130.97 95.882 2.8917 207.47 86.508 26.41 221.82 78.26
0.13333 26.822 140.27 96.016 4.6901 215.97 86.726 28.09 230.66 78.308
0.14167 28.553 149.47 96.16 6.4302 224.43 87.01 29.709 239.45 78.357
0.15 30.251 158.54 96.31 8.0971 232.85 87.358 31.26 248.17 78.409
0.15833 31.888 167.47 96.459 9.6755 241.22 87.769 32.737 256.83 78.465
0.16667 33.437 176.26 96.602 11.153 249.55 88.234 34.137 265.43 78.526
0.175 34.876 184.92 96.729 12.518 257.84 88.745 35.458 273.97 78.593
0.18333 36.191 193.46 96.833 13.764 266.08 89.292 36.698 282.47 78.665
0.19167 37.376 201.89 96.909 14.888 274.3 89.862 37.855 290.95 78.743
0.2 38.426 210.24 96.951 15.892 282.47 90.443 38.927 299.42 78.828
0.20833 39.355 218.53 96.96 16.778 290.62 91.025 39.91 307.91 78.922
0.21667 40.167 226.76 96.936 17.556 298.74 91.597 40.8 316.44 79.025
0.225 40.872 234.94 96.882 18.233 306.84 92.152 41.59 325.01 79.139
0.23333 41.484 243.09 96.805 18.819 314.91 92.683 42.273 333.66 79.267
0.24167 42.012 251.2 96.711 19.324 322.98 93.186 42.843 342.37 79.41
0.25 42.45 259.27 96.606 19.752 331.04 93.658 43.292 351.16 79.571
0.25833 42.804 267.3 96.498 20.112 339.1 94.1 43.616 360.02 79.751
0.26667 43.068 275.28 96.395 20.405 347.18 94.514 43.811 368.96 79.951
0.275 43.227 283.21 96.301 20.632 355.27 94.899 43.878 377.95 80.169
0.28333 43.272 291.08 96.222 20.791 363.38 95.26 43.819 386.99 80.405
0.29167 43.194 298.89 96.16 20.878 371.53 95.598 43.639 396.06 80.656
0.3 42.99 306.65 96.117 20.889 379.72 95.915 43.347 405.15 80.916
0.30833 42.659 314.36 96.092 20.82 387.95 96.213 42.953 414.24 81.182
0.31667 42.213 322.03 96.084 20.666 396.22 96.491 42.468 423.34 81.448
0.325 41.661 329.67 96.089 20.424 404.53 96.749 41.904 432.41 81.707
0.33333 41.025 337.31 96.103 20.096 412.88 96.986 41.272 441.46 81.955
0.34167 40.322 344.95 96.123 19.681 421.27 97.201 40.581 450.49 82.186
0.35 39.574 352.6 96.144 19.183 429.7 97.392 39.838 459.48 82.4
0.35833 38.801 360.27 96.161 18.606 438.17 97.56 39.049 468.45 82.593
0.36667 38.023 367.98 96.172 17.958 446.69 97.704 38.216 477.38 82.767
0.375 37.252 375.71 96.173 17.242 455.25 97.826 37.34 486.28 82.924
0.38333 36.495 383.49 96.162 16.466 463.86 97.925 36.42 495.17 83.067
0.39167 35.756 391.32 96.135 15.634 472.52 98.006 35.455 504.03 83.199
0.4 35.033 399.19 96.095 14.75 481.25 98.069 34.445 512.89 83.324
0.40833 34.32 407.11 96.04 13.816 490.04 98.116 33.388 521.75 83.444
0.41667 33.609 415.08 95.972 12.833 498.9 98.151 32.285 530.62 83.561
0.425 32.884 423.12 95.893 11.801 507.84 98.175 31.137 539.51 83.675
0.43333 32.136 431.22 95.808 10.717 516.86 98.19 29.946 548.42 83.784
0.44167 31.349 439.4 95.721 9.5782 525.96 98.197 28.715 557.35 83.885
0.45 30.511 447.67 95.635 8.3827 535.16 98.196 27.444 566.33 83.974
0.45833 29.607 456.02 95.557 7.1276 544.45 98.189 26.135 575.34 84.047
0.46667 28.628 464.49 95.491 5.8105 553.84 98.175 24.788 584.38 84.102
0.475 27.561 473.07 95.439 4.4305 563.32 98.157 23.398 593.47 84.135
0.48333 26.407 481.78 95.406 2.987 572.91 98.135 21.96 602.59 84.146
0.49167 25.17 490.64 95.391 1.4802 582.6 98.111 20.468 611.74 84.139
0.5 23.852 499.64 95.395 -0.089234 592.4 98.087 18.91 620.92 84.117
0.50833 22.469 508.81 95.413 -1.7213 602.3 98.067 17.278 630.12 84.085
0.51667 21.038 518.15 95.44 -3.4167 612.31 98.054 15.562 639.35 84.051
0.525 19.569 527.66 95.47 -5.1774 622.44 98.05 13.752 648.6 84.021
0.53333 18.066 537.35 95.494 -7.0073 632.67 98.06 11.841 657.89 84.001
0.54167 16.537 547.23 95.504 -8.9117 643.01 98.086 9.827 667.22 83.995
0.55 14.962 557.3 95.492 -10.899 653.45 98.13 7.7081 676.62 84.003
0.55833 13.347 567.57 95.453 -12.976 663.98 98.193 5.4875 686.08 84.023
0.56667 11.664 578.05 95.381 -15.154 674.61 98.275 3.1721 695.64 84.049
0.575 9.9037 588.75 95.275 -17.441 685.32 98.375 0.77005 705.3 84.073
0.58333 8.0525 599.68 95.136 -19.845 696.11 98.49 -1.7081 715.09 84.084
0.59167 6.1054 610.86 94.97 -22.369 706.97 98.618 -4.2526 725.02 84.07
0.6 4.0498 622.3 94.783 -25.015 717.9 98.755 -6.8537 735.08 84.023
0.60833 1.9 634 94.586 -27.777 728.91 98.897 -9.5046 745.29 83.933
0.61667 -0.33361 645.96 94.394 -30.647 739.99 99.039 -12.2 755.64 83.797
0.625 -2.6386 658.16 94.218 -33.606 751.15 99.177 -14.938 766.12 83.615
0.63333 -4.9968 670.58 94.076 -36.635 762.39 99.307 -17.72 776.71 83.392
0.64167 -7.3925 683.17 93.983 -39.709 773.72 99.426 -20.548 787.41 83.14
0.65 -9.8182 695.9 93.948 -42.801 785.13 99.529 -23.424 798.18 82.873
0.65833 -12.271 708.71 93.98 -45.881 796.61 99.615 -26.351 809.02 82.606
0.66667 -14.751 721.54 94.079 -48.921 808.16 99.679 -29.329 819.9 82.36
0.675 -17.261 734.33 94.243 -51.897 819.75 99.719 -32.354 830.82 82.15
0.68333 -19.802 747.06 94.463 -54.784 831.36 99.73 -35.418 841.77 81.991
0.69167 -22.37 759.66 94.725 -57.567 842.96 99.711 -38.507 852.74 81.891
0.7 -24.964 772.11 95.013 -60.232 854.51 99.657 -41.602 863.73 81.856
0.70833 -27.573 784.38 95.309 -62.773 865.98 99.567 -44.681 874.75 81.883
0.71667 -30.188 796.47 95.597 -65.187 877.33 99.438 -47.715 885.79 81.963
0.725 -32.8 808.38 95.865 -67.477 888.54 99.269 -50.678 896.87 82.084
0.73333 -35.395 820.13 96.108 -69.648 899.57 99.06 -53.54 907.97 82.229
0.74167 -37.962 831.75 96.324 -71.708 910.41 98.809 -56.276 919.09 82.38
0.75 -40.48 843.26 96.515 -73.666 921.07 98.52 -58.865 930.23 82.518
0.75833 -42.928 854.69 96.686 -75.529 931.53 98.195 -61.29 941.37 82.628
0.76667 -45.282 866.03 96.841 -77.304 941.84 97.836 -63.542 952.5 82.698
0.775 -47.519 877.3 96.989 -78.996 952 97.449 -65.62 963.61 82.721
0.78333 -49.622 888.49 97.135 -80.607 962.07 97.037 -67.528 974.67 82.696
0.79167 -51.579 899.61 97.287 -82.136 972.07 96.607 -69.278 985.68 82.624
0.8 -53.385 910.63 97.45 -83.582 982.04 96.163 -70.885 996.62 82.514
0.80833 -55.041 921.55 97.627 -84.941 992.02 95.709 -72.367 1007.5 82.372
0.81667 -56.557 932.36 97.819 -86.214 1002 95.251 -73.742 1018.3 82.21
0.825 -57.939 943.05 98.024 -87.401 1012.1 94.792 -75.029 1029 82.037
0.83333 -59.208 953.62 98.239 -88.504 1022.2 94.337 -76.243 1039.6 81.862
0.84167 -60.378 964.07 98.458 -89.528 1032.3 93.89 -77.397 1050.2 81.692
0.85 -61.461 974.41 98.678 -90.485 1042.5 93.454 -78.498 1060.7 81.529
0.85833 -62.477 984.64 98.895 -91.384 1052.8 93.033 -79.552 1071.2 81.375
0.86667 -63.432 994.81 99.106 -92.239 1063.1 92.633 -80.559 1081.6 81.229
0.875 -64.341 1004.9 99.311 -93.064 1073.3 92.255 -81.516 1092.1 81.088
0.88333 -65.212 1015 99.508 -93.87 1083.6 91.903 -82.42 1102.5 80.948
0.89167 -66.049 1025 99.701 -94.666 1093.9 91.583 -83.267 1113 80.804
0.9 -66.855 1035.1 99.892 -95.458 1104.2 91.296 -84.052 1123.5 80.652
0.90833 -67.633 1045.1 100.08 -96.246 1114.6 91.046 -84.772 1134 80.49
0.91667 -68.383 1055.2 100.28 -97.026 1124.9 90.835 -85.424 1144.5 80.316
0.925 -69.107 1065.2 100.48 -97.791 1135.2 90.661 -86.009 1155 80.131
0.93333 -69.805 1075.2 100.68 -98.533 1145.6 90.526 -86.529 1165.5 79.934
0.94167 -70.48 1085.3 100.89 -99.242 1156 90.428 -86.984 1176 79.73
0.95 -71.135 1095.3 101.1 -99.912 1166.5 90.363 -87.377 1186.5 79.52
0.95833 -71.776 1105.3 101.32 -100.54 1177.2 90.329 -87.711 1197 79.308
0.96667 -72.407 1115.4 101.53 -101.11 1187.9 90.322 -87.988 1207.6 79.094
0.975 -73.032 1125.5 101.73 -101.64 1198.7 90.338 -88.208 1218.2 78.882
0.98333 -73.651 1135.6 101.93 -102.11 1209.6 90.376 -88.372 1228.7 78.672
0.99167 -74.261 1145.9 102.11 -102.55 1220.6 90.431 -88.478 1239.4 78.464
1 -74.854 1156.2 102.28 -102.94 1231.7 90.502 -88.525 1250.1 78.257
1.0083 -75.423 1166.6 102.44 -103.3 1242.8 90.591 -88.512 1260.8 78.05
1.0167 -75.95 1177.2 102.58 -103.62 1254 90.695 -88.436 1271.6 77.842
1.025 -76.421 1188 102.7 -103.92 1265.3 90.814 -88.295 1282.4 77.631
1.0333 -76.823 1198.9 102.82 -104.19 1276.6 90.948 -88.089 1293.3 77.416
1.0417 -77.145 1210 102.94 -104.42 1288 91.099 -87.817 1304.3 77.196
1.05 -77.391 1221.3 103.05 -104.62 1299.3 91.262 -87.479 1315.3 76.971
1.0583 -77.57 1232.8 103.16 -104.77 1310.7 91.439 -87.076 1326.4 76.74
1.0667 -77.709 1244.4 103.28 -104.87 1322.1 91.621 -86.606 1337.4 76.503
1.075 -77.833 1256.1 103.4 -104.92 1333.6 91.811 -86.072 1348.6 76.261
1.0833 -77.967 1267.8 103.51 -104.9 1345.1 91.993 -85.472 1359.7 76.014
1.0917 -78.125 1279.7 103.62 -104.81 1356.6 92.171 -84.808 1370.9 75.763
1.1 -78.312 1291.5 103.71 -104.65 1368.2 92.327 -84.077 1382.1 75.51
1.1083 -78.532 1303.4 103.79 -104.4 1379.9 92.464 -83.281 1393.4 75.256
1.1167 -78.78 1315.4 103.85 -104.07 1391.7 92.57 -82.42 1404.7 75.003
1.125 -79.052 1327.5 103.9 -103.65 1403.6 92.641 -81.493 1416.1 74.755
1.1333 -79.347 1339.7 103.96 -103.15 1415.6 92.677 -80.504 1427.5 74.515
1.1417 -79.662 1352.2 104.01 -102.56 1427.6 92.677 -79.457 1439 74.289
1.15 -79.994 1364.9 104.07 -101.87 1439.7 92.642 -78.356 1450.6 74.079
1.1583 -80.339 1377.9 104.15 -101.1 1451.9 92.579 -77.207 1462.3 73.892
1.1667 -80.694 1391.1 104.25 -100.25 1464.2 92.493 -76.02 1474 73.729
1.175 -81.057 1404.7 104.35 -99.312 1476.5 92.391 -74.802 1485.9 73.593
1.1833 -81.428 1418.6 104.45 -98.312 1488.8 92.281 -73.562 1497.8 73.485
1.1917 -81.805 1432.6 104.53 -97.258 1501.2 92.171 -72.309 1509.7 73.403
1.2 -82.183 1446.7 104.59 -96.168 1513.6 92.068 -71.052 1521.7 73.343
1.2083 -82.552 1460.9 104.6 -95.064 1526 91.978 -69.798 1533.7 73.299
1.2167 -82.892 1475 104.56 -93.968 1538.4 91.905 -68.555 1545.6 73.265
1.225 -83.177 1489 104.47 -92.906 1550.9 91.852 -67.329 1557.6 73.233
1.2333 -83.376 1502.9 104.32 -91.905 1563.3 91.822 -66.128 1569.5 73.195
1.2417 -83.46 1516.6 104.12 -90.988 1575.6 91.815 -64.957 1581.4 73.144
1.25 -83.406 1530 103.87 -90.174 1587.9 91.833 -63.824 1593.2 73.073
1.2583 -83.204 1543.2 103.6 -89.478 1600.2 91.876 -62.734 1604.9 72.979
1.2667 -82.858 1556.1 103.3 -88.909 1612.4 91.943 -61.697 1616.6 72.861
1.275 -82.382 1568.9 102.99 -88.469 1624.4 92.036 -60.719 1628.2 72.718
1.2833 -81.792 1581.5 102.68 -88.151 1636.4 92.154 -59.812 1639.7 72.556
1.2917 -81.102 1593.9 102.38 -87.942 1648.1 92.298 -58.984 1651.3 72.379
1.3 -80.326 1606.2 102.09 -87.824 1659.8 92.466 -58.246 1662.8 72.197
1.3083 -79.479 1618.5 101.82 -87.775 1671.2 92.658 -57.607 1674.2 72.016
1.3167 -78.584 1630.7 101.56 -87.774 1682.5 92.87 -57.076 1685.7 71.845
1.325 -77.667 1642.9 101.31 -87.797 1693.6 93.101 -56.66 1697.2 71.691
1.3333 -76.758 1655 101.07 -87.827 1704.5 93.345 -56.365 1708.7 71.559
1.3417 -75.885 1667.1 100.83 -87.847 1715.2 93.6 -56.193 1720.2 71.455
1.35 -75.072 1679.1 100.6 -87.848 1725.9 93.861 -56.146 1731.8 71.38
1.3583 -74.341 1691 100.35 -87.825 1736.3 94.122 -56.223 1743.4 71.337
1.3667 -73.709 1702.8 100.09 -87.781 1746.7 94.38 -56.421 1754.9 71.325
1.375 -73.187 1714.4 99.82 -87.72 1757 94.631 -56.737 1766.5 71.344
1.3833 -72.786 1725.9 99.528 -87.653 1767.3 94.871 -57.165 1778.1 71.391
1.3917 -72.506 1737.2 99.221 -87.589 1777.6 95.099 -57.698 1789.7 71.466
1.4 -72.35 1748.4 98.902 -87.54 1787.8 95.311 -58.328 1801.2 71.566
1.4083 -72.313 1759.4 98.576 -87.517 1798.1 95.508 -59.044 1812.7 71.687
1.4167 -72.389 1770.4 98.25 -87.529 1808.3 95.688 -59.837 1824.1 71.827
1.425 -72.568 1781.2 97.93 -87.58 1818.6 95.85 -60.691 1835.5 71.981
1.4333 -72.833 1792 97.619 -87.674 1829 95.994 -61.595 1846.8 72.145
1.4417 -73.17 1802.7 97.32 -87.809 1839.3 96.119 -62.532 1858.1 72.312
1.45 -73.555 1813.5 97.034 -87.984 1849.7 96.225 -63.487 1869.3 72.477
1.4583 -73.969 1824.2 96.756 -88.195 1860.1 96.31 -64.444 1880.5 72.633
1.4667 -74.388 1835 96.484 -88.436 1870.5 96.374 -65.389 1891.7 72.773
1.475 -74.791 1845.7 96.21 -88.704 1881 96.416 -66.309 1902.8 72.892
1.4833 -75.164 1856.5 95.929 -88.995 1891.5 96.437 -67.195 1913.9 72.985
1.4917 -75.493 1867.2 95.633 -89.306 1902 96.436 -68.038 1925 73.048
1.5 -75.774 1878 95.321 -89.636 1912.6 96.414 -68.837 1936 73.079
1.5083 -76.009 1888.7 94.99 -89.984 1923.2 96.374 -69.59 1947.1 73.081
1.5167 -76.207 1899.5 94.641 -90.35 1933.9 96.318 -70.301 1958.2 73.054
1.525 -76.385 1910.2 94.279 -90.736 1944.7 96.248 -70.975 1969.2 73.002
1.5333 -76.564 1920.9 93.912 -91.144 1955.5 96.168 -71.619 1980.3 72.931
1.5417 -76.765 1931.7 93.549 -91.575 1966.4 96.08 -72.24 1991.3 72.846
1.55 -77.014 1942.6 93.2 -92.029 1977.3 95.988 -72.846 2002.4 72.751
1.5583 -77.331 1953.6 92.877 -92.507 1988.3 95.894 -73.442 2013.5 72.65
1.5667 -77.734 1964.6 92.584 -93.011 1999.4 95.799 -74.033 2024.5 72.546
1.575 -78.23 1975.7 92.328 -93.54 2010.5 95.704 -74.621 2035.6 72.439
1.5833 -78.819 1987 92.111 -94.092 2021.6 95.61 -75.208 2046.6 72.329
1.5917 -79.507 1998.4 91.926 -94.669 2032.8 95.516 -75.793 2057.6 72.214
1.6 -80.273 2009.9 91.768 -95.267 2044 95.423 -76.377 2068.6 72.09
1.6083 -81.103 2021.5 91.624 -95.887 2055.3 95.33 -76.96 2079.7 71.954
1.6167 -81.974 2033.3 91.486 -96.526 2066.6 95.239 -77.543 2090.7 71.802
1.625 -82.87 2045.1 91.344 -97.184 2078 95.15 -78.128 2101.7 71.632
1.6333 -83.765 2057.1 91.194 -97.858 2089.4 95.064 -78.719 2112.7 71.443
1.6417 -84.65 2069.1 91.034 -98.549 2100.9 94.986 -79.32 2123.8 71.233
1.65 -85.518 2081.3 90.854 -99.254 2112.5 94.916 -79.933 2134.8 71.003
1.6583 -86.364 2093.4 90.661 -99.974 2124.2 94.856 -80.563 2145.9 70.755
1.6667 -87.197 2105.7 90.451 -100.71 2136 94.81 -81.21 2157 70.49
1.675 -88.028 2118.2 90.223 -101.46 2147.8 94.777 -81.871 2168.1 70.21
1.6833 -88.873 2130.7 89.978 -102.24 2159.7 94.758 -82.541 2179.2 69.916
1.6917 -89.75 2143.6 89.717 -103.03 2171.6 94.752 -83.211 2190.5 69.611
1.7 -90.684 2156.6 89.445 -103.85 2183.6 94.756 -83.868 2201.7 69.292
1.7083 -91.694 2169.9 89.166 -104.7 2195.5 94.766 -84.499 2213 68.96
1.7167 -92.789 2183.5 88.889 -105.57 2207.5 94.779 -85.09 2224.4 68.614
1.725 -93.973 2197.4 88.623 -106.47 2219.5 94.789 -85.628 2235.9 68.251
1.7333 -95.236 2211.5 88.381 -107.38 2231.5 94.792 -86.102 2247.4 67.87
1.7417 -96.554 2225.9 88.174 -108.31 2243.5 94.782 -86.505 2259 67.471
1.75 -97.898 2240.3 88.016 -109.24 2255.4 94.755 -86.837 2270.6 67.054
1.7583 -99.233 2254.7 87.919 -110.15 2267.4 94.707 -87.102 2282.3 66.619
1.7667 -100.53 2269.1 87.888 -111.04 2279.5 94.633 -87.308 2294 66.171
1.775 -101.75 2283.3 87.923 -111.87 2291.5 94.531 -87.466 2305.7 65.711
1.7833 -102.88 2297.2 88.018 -112.63 2303.7 94.396 -87.59 2317.4 65.245
1.7917 -103.9 2310.8 88.159 -113.29 2315.9 94.225 -87.69 2329.1 64.775
1.8 -104.8 2324 88.323 -113.85 2328.2 94.013 -87.776 2340.7 64.306
1.8083 -105.57 2336.8 88.484 -114.27 2340.6 93.754 -87.851 2352.3 63.842
1.8167 -106.21 2349.2 88.617 -114.55 2353 93.444 -87.911 2363.9 63.384
1.825 -106.74 2361.2 88.696 -114.68 2365.5 93.077 -87.944 2375.4 62.936
1.8333 -107.16 2372.8 88.706 -114.66 2378 92.646 -87.932 2386.9 62.497
1.8417 -107.49 2384 88.639 -114.49 2390.5 92.147 -87.848 2398.3 62.067
1.85 -107.74 2395.1 88.493 -114.16 2402.9 91.578 -87.662 2409.7 61.647
1.8583 -107.91 2405.9 88.274 -113.7 2415.2 90.934 -87.341 2421.2 61.234
1.8667 -107.97 2416.6 87.989 -113.12 2427.4 90.217 -86.853 2432.7 60.828
1.875 -107.92 2427.2 87.651 -112.41 2439.4 89.429 -86.168 2444.3 60.427
1.8833 -107.71 2437.7 87.275 -111.6 2451.3 88.578 -85.263 2455.9 60.03
1.8917 -107.31 2448.1 86.879 -110.69 2462.9 87.669 -84.121 2467.6 59.635
1.9 -106.69 2458.4 86.477 -109.69 2474.3 86.712 -82.735 2479.5 59.239
1.9083 -105.84 2468.6 86.083 -108.61 2485.6 85.719 -81.106 2491.3 58.839
1.9167 -104.77 2478.7 85.705 -107.45 2496.7 84.701 -79.241 2503.3 58.434
1.925 -103.51 2488.6 85.347 -106.21 2507.6 83.669 -77.155 2515.2 58.018
1.9333 -102.08 2498.3 85.01 -104.89 2518.4 82.633 -74.868 2527.2 57.587
1.9417 -100.54 2507.8 84.687 -103.47 2529.1 81.602 -72.402 2539.2 57.139
1.95 -98.913 2517.2 84.371 -101.96 2539.8 80.581 -69.779 2551 56.67
1.9583 -97.229 2526.4 84.052 -100.34 2550.4 79.578 -67.02 2562.8 56.176
1.9667 -95.529 2535.5 83.72 -98.614 2561 78.596 -64.146 2574.5 55.657
1.975 -93.833 2544.5 83.365 -96.763 2571.6 77.634 -61.172 2586 55.112
1.9833 -92.161 2553.4 82.981 -94.787 2582.3 76.694 -58.112 2597.4 54.544
1.9917 -90.534 2562.2 82.569 -92.68 2592.9 75.778 -54.977 2608.7 53.958
2 -88.95 2571.1 82.124 -90.444 2603.6 74.885 -51.774 2619.7 53.358
2.0083 -87.416 2579.9 81.657 -88.081 2614.2 74.019 -48.511 2630.7 52.752
2.0167 -85.909 2588.8 81.174 -85.598 2624.9 73.179 -45.191 2641.5 52.147
2.025 -84.42 2597.7 80.685 -83.002 2635.6 72.367 -41.819 2652.2 51.55
2.0333 -82.923 2606.6 80.202 -80.304 2646.2 71.587 -38.397 2662.8 50.967
2.0417 -81.4 2615.6 79.736 -77.514 2656.8 70.841 -34.927 2673.3 50.402
2.05 -79.83 2624.6 79.295 -74.645 2667.3 70.131 -31.409 2683.7 49.856
2.0583 -78.195 2633.6 78.883 -71.707 2677.8 69.458 -27.842 2694 49.331
2.0667 -76.474 2642.7 78.502 -68.709 2688.2 68.821 -24.222 2704.3 48.822
2.075 -74.659 2651.8 78.149 -65.657 2698.6 68.219 -20.544 2714.5 48.325
2.0833 -72.736 2660.9 77.819 -62.554 2708.9 67.648 -16.801 2724.7 47.834
2.0917 -70.69 2670.1 77.506 -59.4 2719.2 67.105 -12.983 2734.7 47.343
2.1 -68.505 2679.2 77.205 -56.191 2729.5 66.582 -9.0812 2744.7 46.847
2.1083 -66.163 2688.4 76.91 -52.919 2739.7 66.074 -5.0873 2754.5 46.341
2.1167 -63.643 2697.6 76.622 -49.573 2749.9 65.574 -0.9924 2764.3 45.821
2.125 -60.923 2706.9 76.343 -46.141 2760.1 65.076 3.209 2774 45.287
2.1333 -57.987 2716.2 76.079 -42.609 2770.3 64.573 7.5205 2783.6 44.739
2.1417 -54.828 2725.5 75.839 -38.963 2780.5 64.063 11.943 2793.2 44.178
2.15 -51.449 2735 75.635 -35.19 2790.7 63.541 16.472 2802.6 43.607
2.1583 -47.868 2744.5 75.475 -31.279 2800.9 63.006 21.106 2812 43.028
2.1667 -44.113 2754.2 75.368 -27.218 2811.1 62.455 25.837 2821.4 42.441
2.175 -40.212 2763.9 75.314 -23.003 2821.4 61.89 30.66 2830.7 41.847
2.1833 -36.191 2773.9 75.313 -18.627 2831.6 61.31 35.57 2839.9 41.244
2.1917 -32.064 2784 75.352 -14.087 2841.9 60.724 40.562 2849.1 40.63
2.2 -27.841 2794.3 75.423 -9.3878 2852.1 60.11 45.637 2858.2 40.002
2.2083 -23.509 2804.8 75.505 -4.5237 2862.3 59.496 50.796 2867.2 39.355
2.2167 -19.059 2815.4 75.584 0.4957 2872.6 58.855 56.044 2876.2 38.686
2.225 -14.461 2826.3 75.636 5.676 2882.8 58.214 61.386 2885.1 37.995
2.2333 -9.6974 2837.4 75.652 11.004 2893.1 57.544 66.831 2894 37.281
2.2417 -4.7381 2848.6 75.613 16.485 2903.3 56.866 72.384 2902.8 36.548
2.25 0.43467 2860 75.51 22.11 2913.5 56.171 78.05 2911.6 35.802
2.2583 5.8324 2871.6 75.338 27.875 2923.7 55.458 83.828 2920.3 35.05
2.2667 11.458 2883.3 75.092 33.774 2934 54.727 89.715 2929.1 34.301
2.275 17.3 2895 74.772 39.797 2944.2 53.978 95.703 2937.9 33.566
2.2833 23.34 2906.7 74.38 45.933 2954.5 53.21 101.78 2946.7 32.853
2.2917 29.548 2918.3 73.921 52.169 2964.7 52.425 107.92 2955.5 32.171
2.3 35.888 2929.9 73.398 58.489 2975 51.624 114.12 2964.4 31.525
2.3083 42.326 2941.2 72.816 64.877 2985.3 50.811 120.35 2973.3 30.916
2.3167 48.824 2952.4 72.182 71.314 2995.6 49.989 126.59 2982.2 30.343
2.325 55.347 2963.3 71.504 77.774 3005.8 49.159 132.82 2991.2 29.803
2.3333 61.871 2973.9 70.787 84.243 3016.1 48.329 139.04 3000.2 29.29
2.3417 68.374 2984.3 70.041 90.696 3026.2 47.501 145.22 3009.2 28.797
2.35 74.84 2994.3 69.271 97.117 3036.3 46.682 151.36 3018.1 28.317
2.3583 81.257 3004.1 68.486 103.49 3046.3 45.876 157.47 3027.1 27.846
2.3667 87.616 3013.5 67.689 109.8 3056.2 45.09 163.55 3036 27.381
2.375 93.911 3022.8 66.883 116.05 3065.9 44.33 169.61 3044.9 26.922
2.3833 100.14 3031.8 66.069 122.23 3075.5 43.601 175.65 3053.8 26.47
2.3917 106.33 3040.6 65.244 128.34 3084.9 42.908 181.68 3062.7 26.031
2.4 112.48 3049.3 64.41 134.38 3094.2 42.255 187.71 3071.5 25.613
2.4083 118.62 3057.9 63.566 140.36 3103.2 41.643 193.74 3080.4 25.221
2.4167 124.79 3066.4 62.714 146.29 3112.1 41.075 199.78 3089.3 24.863
2.425 130.99 3074.8 61.858 152.18 3120.8 40.55 205.82 3098.1 24.547
2.4333 137.25 3083.2 61.001 158.04 3129.3 40.072 211.86 3107 24.274
2.4417 143.57 3091.6 60.148 163.88 3137.6 39.626 217.9 3115.9 24.048
2.45 149.95 3099.9 59.302 169.71 3145.9 39.224 223.92 3124.8 23.866
2.4583 156.38 3108.1 58.467 175.54 3154 38.86 229.93 3133.6 23.727
2.4667 162.86 3116.3 57.644 181.37 3162 38.53 235.91 3142.4 23.625
2.475 169.35 3124.5 56.839 187.21 3169.9 38.233 241.86 3151.2 23.555
2.4833 175.85 3132.5 56.051 193.06 3177.7 37.968 247.77 3159.9 23.51
2.4917 182.31 3140.5 55.284 198.94 3185.4 37.732 253.65 3168.5 23.486
2.5 188.72 3148.4 54.535 204.83 3193.2 37.524 259.5 3177 23.478
2.5083 195.06 3156.2 53.806 210.75 3200.8 37.344 265.33 3185.4 23.482
2.5167 201.32 3164 53.09 216.71 3208.5 37.188 271.14 3193.8 23.495
2.525 207.48 3171.7 52.384 222.7 3216.1 37.056 276.93 3202.1 23.516
2.5333 213.54 3179.4 51.682 228.74 3223.7 36.945 282.72 3210.3 23.542
2.5417 219.53 3187.1 50.976 234.83 3231.3 36.852 288.51 3218.4 23.573
2.55 225.44 3194.7 50.259 240.98 3238.9 36.776 294.3 3226.5 23.609
2.5583 231.31 3202.4 49.526 247.19 3246.5 36.712 300.11 3234.6 23.647
2.5667 237.15 3210 48.771 253.47 3254.2 36.657 305.92 3242.6 23.689
2.575 242.97 3217.6 47.989 259.81 3261.8 36.608 311.74 3250.6 23.733
2.5833 248.8 3225.3 47.182 266.23 3269.4 36.563 317.58 3258.6 23.779
2.5917 254.65 3232.9 46.351 272.72 3277.1 36.518 323.42 3266.6 23.828
2.6 260.51 3240.5 45.493 279.29 3284.8 36.471 329.26 3274.7 23.883
2.6083 266.38 3248 44.624 285.91 3292.5 36.422 335.11 3282.7 23.945
2.6167 272.26 3255.6 43.748 292.61 3300.3 36.371 340.96 3290.8 24.018
2.625 278.13 3263.1 42.871 299.36 3308 36.316 346.81 3298.9 24.105
2.6333 283.97 3270.6 42.006 306.16 3315.8 36.261 352.67 3307.1 24.208
2.6417 289.79 3278.1 41.16 313.01 3323.6 36.204 358.54 3315.3 24.331
2.65 295.57 3285.6 40.345 319.91 3331.4 36.147 364.42 3323.6 24.472
2.6583 301.31 3293.2 39.566 326.84 3339.2 36.092 370.33 3331.9 24.631
2.6667 307 3300.7 38.828 333.8 3347 36.039 376.27 3340.2 24.804
2.675 312.66 3308.3 38.142 340.79 3354.8 35.987 382.25 3348.6 24.985
2.6833 318.29 3316 37.511 347.79 3362.7 35.937 388.28 3357 25.169
2.6917 323.91 3323.8 36.939 354.82 3370.5 35.888 394.37 3365.3 25.347
2.7 329.52 3331.6 36.429 361.85 3378.3 35.837 400.53 3373.7 25.512
2.7083 335.17 3339.6 35.983 368.9 3386.2 35.784 406.75 3382.1 25.657
2.7167 340.87 3347.5 35.599 375.95 3394.1 35.727 413.05 3390.4 25.779
2.725 346.68 3355.6 35.274 383.01 3402 35.667 419.43 3398.7 25.875
2.7333 352.6 3363.6 35 390.08 3409.9 35.604 425.87 3407 25.946
2.7417 358.69 3371.7 34.771 397.15 3417.8 35.539 432.38 3415.3 25.996
2.75 364.95 3379.9 34.578 404.23 3425.8 35.474 438.94 3423.5 26.029
2.7583 371.42 3388 34.413 411.33 3433.9 35.412 445.56 3431.7 26.052
2.7667 378.06 3396.2 34.272 418.46 3441.9 35.356 452.21 3440 26.07
2.775 384.88 3404.3 34.149 425.61 3450 35.311 458.9 3448.2 26.088
2.7833 391.86 3412.5 34.041 432.8 3458.1 35.279 465.62 3456.4 26.109
2.7917 398.97 3420.7 33.942 440.03 3466.3 35.263 472.36 3464.7 26.132
2.8 406.2 3428.8 33.849 447.3 3474.6 35.266 479.13 3473 26.154
2.8083 413.54 3437 33.76 454.64 3482.9 35.288 485.92 3481.3 26.172
2.8167 420.99 3445.2 33.671 462.03 3491.3 35.33 492.75 3489.7 26.176
2.825 428.54 3453.5 33.584 469.48 3499.8 35.391 499.62 3498 26.16
2.8333 436.21 3461.8 33.503 476.99 3508.4 35.469 506.53 3506.4 26.117
2.8417 444.01 3470.1 33.435 484.56 3517.1 35.564 513.49 3514.8 26.043
2.85 451.95 3478.4 33.388 492.2 3525.8 35.672 520.51 3523.2 25.934
2.8583 460.07 3486.7 33.376 499.89 3534.7 35.791 527.58 3531.6 25.792
