0.0083333 -27.565 7.4504 97.022 -49.067 110.96 86.853 -7.769 204.66 80.297
0.016667 -26.498 15.857 97.075 -47.712 120.17 86.832 -6.1165 212.71 80.168
0.025 -25.392 24.52 97.129 -46.267 129.51 86.775 -4.4017 220.86 80.037
0.033333 -24.263 33.431 97.186 -44.731 138.99 86.68 -2.6268 229.12 79.909
0.041667 -23.133 42.586 97.246 -43.104 148.6 86.55 -0.7952 237.52 79.788
0.05 -22.022 51.973 97.311 -41.388 158.36 86.388 1.0876 246.09 79.68
0.058333 -20.944 61.584 97.379 -39.585 168.22 86.201 3.0145 254.84 79.587
0.066667 -19.91 71.403 97.45 -37.705 178.2 85.996 4.9772 263.77 79.513
0.075 -18.921 81.415 97.519 -35.757 188.26 85.78 6.9659 272.88 79.458
0.083333 -17.969 91.6 97.583 -33.757 198.39 85.561 8.9704 282.16 79.421
0.091667 -17.033 101.94 97.639 -31.723 208.55 85.346 10.98 291.57 79.398
0.1 -16.087 112.4 97.683 -29.676 218.72 85.143 12.981 301.09 79.385
0.10833 -15.095 122.97 97.711 -27.642 228.85 84.957 14.962 310.65 79.378
0.11667 -14.024 133.61 97.721 -25.642 238.91 84.797 16.91 320.23 79.37
0.125 -12.846 144.29 97.71 -23.703 248.87 84.667 18.811 329.77 79.357
0.13333 -11.538 154.99 97.676 -21.844 258.68 84.572 20.649 339.24 79.337
0.14167 -10.095 165.67 97.619 -20.083 268.32 84.519 22.412 348.6 79.307
0.15 -8.5268 176.32 97.536 -18.435 277.76 84.509 24.084 357.84 79.269
0.15833 -6.8595 186.91 97.427 -16.906 286.99 84.546 25.651 366.93 79.227
0.16667 -5.1303 197.43 97.29 -15.498 296 84.629 27.101 375.89 79.187
0.175 -3.3814 207.87 97.123 -14.207 304.78 84.759 28.424 384.71 79.156
0.18333 -1.6528 218.24 96.925 -13.023 313.35 84.932 29.61 393.41 79.141
0.19167 0.021644 228.54 96.692 -11.933 321.72 85.142 30.657 402.01 79.148
0.2 1.6198 238.79 96.426 -10.919 329.92 85.386 31.56 410.55 79.185
0.20833 3.1261 248.98 96.126 -9.9657 337.98 85.656 32.324 419.04 79.254
0.21667 4.5358 259.13 95.793 -9.0537 345.92 85.947 32.953 427.51 79.357
0.225 5.8495 269.23 95.429 -8.1725 353.79 86.245 33.456 435.97 79.493
0.23333 7.0806 279.3 95.039 -7.3094 361.61 86.549 33.845 444.46 79.657
0.24167 8.249 289.32 94.63 -6.459 369.41 86.85 34.133 452.97 79.845
0.25 9.3781 299.28 94.207 -5.6185 377.21 87.147 34.333 461.51 80.049
0.25833 10.491 309.2 93.779 -4.7896 385.06 87.436 34.459 470.08 80.263
0.26667 11.609 319.04 93.355 -3.976 392.94 87.718 34.523 478.69 80.478
0.275 12.744 328.83 92.941 -3.1833 400.89 87.993 34.537 487.33 80.69
0.28333 13.902 338.54 92.545 -2.418 408.91 88.263 34.51 495.98 80.893
0.29167 15.08 348.19 92.172 -1.6847 417.02 88.531 34.447 504.65 81.085
0.3 16.262 357.79 91.826 -0.98774 425.2 88.799 34.355 513.33 81.264
0.30833 17.437 367.33 91.507 -0.32847 433.47 89.07 34.233 522.01 81.432
0.31667 18.584 376.84 91.213 0.29304 441.82 89.342 34.085 530.67 81.59
0.325 19.685 386.33 90.941 0.87859 450.26 89.616 33.91 539.33 81.741
0.33333 20.728 395.82 90.686 1.4313 458.78 89.889 33.709 547.97 81.888
0.34167 21.704 405.31 90.443 1.9549 467.39 90.157 33.483 556.6 82.033
0.35 22.616 414.82 90.207 2.4531 476.09 90.416 33.234 565.21 82.178
0.35833 23.471 424.35 89.973 2.9288 484.88 90.66 32.967 573.82 82.322
0.36667 24.286 433.89 89.739 3.3849 493.77 90.884 32.686 582.42 82.464
0.375 25.079 443.46 89.501 3.8231 502.76 91.084 32.399 591.03 82.604
0.38333 25.87 453.03 89.259 4.2441 511.86 91.257 32.112 599.65 82.737
0.39167 26.675 462.6 89.012 4.6482 521.07 91.403 31.835 608.29 82.862
0.4 27.504 472.17 88.762 5.0349 530.39 91.521 31.574 616.97 82.975
0.40833 28.363 481.73 88.51 5.404 539.82 91.614 31.335 625.69 83.074
0.41667 29.243 491.27 88.258 5.7556 549.38 91.685 31.123 634.46 83.157
0.425 30.13 500.81 88.01 6.089 559.06 91.738 30.941 643.3 83.226
0.43333 31.006 510.35 87.769 6.405 568.86 91.776 30.789 652.21 83.279
0.44167 31.84 519.89 87.539 6.7042 578.79 91.804 30.664 661.18 83.32
0.45 32.612 529.44 87.324 6.9876 588.84 91.824 30.563 670.23 83.352
0.45833 33.299 539.03 87.127 7.2564 599.01 91.837 30.48 679.36 83.376
0.46667 33.887 548.67 86.95 7.5111 609.3 91.842 30.409 688.57 83.396
0.475 34.367 558.38 86.793 7.7535 619.7 91.84 30.343 697.85 83.415
0.48333 34.744 568.19 86.653 7.982 630.22 91.827 30.278 707.22 83.433
0.49167 35.043 578.14 86.525 8.1973 640.85 91.802 30.208 716.67 83.452
0.5 35.285 588.26 86.401 8.3964 651.58 91.763 30.131 726.22 83.471
0.50833 35.513 598.56 86.272 8.5785 662.42 91.71 30.044 735.87 83.49
0.51667 35.761 609.05 86.132 8.7372 673.34 91.643 29.945 745.63 83.506
0.525 36.049 619.75 85.977 8.8737 684.35 91.565 29.836 755.51 83.517
0.53333 36.39 630.65 85.802 8.9843 695.45 91.479 29.714 765.52 83.52
0.54167 36.784 641.71 85.612 9.0599 706.61 91.39 29.578 775.67 83.514
0.55 37.212 652.93 85.408 9.0988 717.85 91.304 29.428 785.96 83.496
0.55833 37.648 664.31 85.19 9.0968 729.15 91.227 29.259 796.41 83.464
0.56667 38.063 675.83 84.96 9.0488 740.52 91.165 29.067 807 83.417
0.575 38.433 687.52 84.718 8.9542 751.95 91.122 28.848 817.73 83.356
0.58333 38.73 699.4 84.469 8.8065 763.46 91.102 28.597 828.61 83.281
0.59167 38.935 711.48 84.219 8.607 775.04 91.104 28.308 839.62 83.192
0.6 39.044 723.79 83.973 8.3533 786.7 91.129 27.978 850.75 83.091
0.60833 39.064 736.35 83.741 8.0478 798.43 91.171 27.606 861.98 82.977
0.61667 39.015 749.17 83.533 7.6955 810.24 91.228 27.194 873.33 82.851
0.625 38.929 762.25 83.361 7.3034 822.13 91.292 26.745 884.76 82.714
0.63333 38.839 775.55 83.237 6.8822 834.08 91.358 26.27 896.27 82.567
0.64167 38.779 789.06 83.174 6.4478 846.1 91.417 25.778 907.85 82.411
0.65 38.764 802.7 83.178 6.0164 858.16 91.466 25.285 919.51 82.246
0.65833 38.808 816.43 83.261 5.6083 870.26 91.497 24.807 931.22 82.077
0.66667 38.904 830.18 83.422 5.2471 882.37 91.508 24.361 942.98 81.905
0.675 39.036 843.88 83.657 4.9538 894.48 91.496 23.966 954.78 81.734
0.68333 39.182 857.46 83.956 4.7524 906.57 91.459 23.639 966.62 81.567
0.69167 39.316 870.87 84.303 4.6633 918.61 91.395 23.397 978.47 81.407
0.7 39.414 884.06 84.677 4.7048 930.6 91.304 23.253 990.33 81.259
0.70833 39.462 896.99 85.056 4.8882 942.5 91.185 23.222 1002.2 81.124
0.71667 39.447 909.64 85.417 5.2238 954.32 91.037 23.316 1014 81.001
0.725 39.369 921.98 85.736 5.7136 966.02 90.86 23.547 1025.8 80.888
0.73333 39.239 934.02 85.997 6.3539 977.61 90.652 23.924 1037.5 80.782
0.74167 39.078 945.79 86.191 7.1366 989.07 90.412 24.458 1049.1 80.677
0.75 38.922 957.3 86.313 8.0471 1000.4 90.139 25.158 1060.7 80.563
0.75833 38.805 968.61 86.369 9.0705 1011.6 89.832 26.036 1072.2 80.433
0.76667 38.769 979.76 86.366 10.189 1022.6 89.493 27.098 1083.6 80.276
0.775 38.857 990.79 86.311 11.384 1033.6 89.121 28.353 1094.9 80.082
0.78333 39.102 1001.7 86.217 12.641 1044.4 88.72 29.806 1106.1 79.845
0.79167 39.529 1012.6 86.095 13.946 1055.1 88.292 31.458 1117.3 79.559
0.8 40.159 1023.4 85.958 15.291 1065.8 87.841 33.308 1128.5 79.221
0.80833 40.992 1034.1 85.816 16.67 1076.4 87.37 35.348 1139.5 78.832
0.81667 42.021 1044.8 85.681 18.081 1086.9 86.882 37.568 1150.6 78.396
0.825 43.226 1055.4 85.561 19.528 1097.4 86.381 39.952 1161.6 77.922
0.83333 44.573 1066 85.464 21.016 1107.9 85.869 42.48 1172.5 77.42
0.84167 46.021 1076.6 85.396 22.552 1118.5 85.348 45.132 1183.4 76.901
0.85 47.527 1087.1 85.359 24.144 1129 84.818 47.887 1194.2 76.377
0.85833 49.042 1097.5 85.355 25.799 1139.6 84.28 50.723 1205 75.859
0.86667 50.529 1108 85.386 27.527 1150.2 83.735 53.624 1215.8 75.356
0.875 51.952 1118.4 85.448 29.331 1160.9 83.186 56.577 1226.5 74.875
0.88333 53.286 1128.8 85.542 31.211 1171.6 82.628 59.57 1237.1 74.419
0.89167 54.52 1139.2 85.661 33.166 1182.3 82.061 62.603 1247.7 73.989
0.9 55.659 1149.6 85.8 35.197 1193.1 81.498 65.675 1258.2 73.582
0.90833 56.717 1160 85.952 37.297 1203.8 80.937 68.791 1268.8 73.195
0.91667 57.719 1170.4 86.111 39.459 1214.6 80.385 71.959 1279.2 72.823
0.925 58.703 1180.8 86.271 41.676 1225.5 79.846 75.186 1289.7 72.459
0.93333 59.708 1191.3 86.426 43.944 1236.3 79.324 78.478 1300.2 72.097
0.94167 60.779 1201.7 86.569 46.256 1247.2 78.825 81.842 1310.7 71.735
0.95 61.956 1212.2 86.696 48.611 1258.2 78.351 85.278 1321.2 71.368
0.95833 63.275 1222.6 86.802 51.008 1269.2 77.906 88.785 1331.7 70.997
0.96667 64.765 1233.2 86.885 53.451 1280.3 77.489 92.356 1342.2 70.623
0.975 66.445 1243.8 86.941 55.944 1291.5 77.101 95.985 1352.8 70.249
0.98333 68.32 1254.4 86.969 58.495 1302.8 76.742 99.659 1363.4 69.882
0.99167 70.393 1265.1 86.966 61.11 1314.1 76.408 103.37 1374.1 69.526
1 72.651 1276 86.933 63.798 1325.6 76.101 107.11 1384.8 69.189
1.0083 75.081 1286.9 86.871 66.566 1337.1 75.818 110.86 1395.5 68.875
1.0167 77.668 1298 86.783 69.422 1348.6 75.558 114.64 1406.2 68.59
1.025 80.4 1309.2 86.675 72.37 1360.3 75.322 118.43 1417 68.335
1.0333 83.27 1320.6 86.554 75.416 1371.9 75.109 122.24 1427.9 68.113
1.0417 86.273 1332.2 86.43 78.561 1383.6 74.921 126.08 1438.8 67.921
1.05 89.4 1343.9 86.311 81.808 1395.3 74.758 129.96 1449.7 67.758
1.0583 92.632 1355.7 86.202 85.16 1407 74.619 133.89 1460.7 67.618
1.0667 95.944 1367.7 86.103 88.618 1418.8 74.503 137.89 1471.7 67.496
1.075 99.305 1379.8 86.009 92.186 1430.5 74.407 141.96 1482.7 67.387
1.0833 102.7 1391.9 85.924 95.867 1442.4 74.324 146.12 1493.8 67.287
1.0917 106.11 1404 85.837 99.667 1454.2 74.25 150.35 1504.9 67.19
1.1 109.53 1416.1 85.747 103.59 1466.2 74.175 154.68 1516 67.097
1.1083 112.97 1428.3 85.658 107.65 1478.2 74.09 159.09 1527.1 67.008
1.1167 116.42 1440.5 85.57 111.85 1490.3 73.986 163.57 1538.3 66.924
1.125 119.9 1452.7 85.487 116.19 1502.5 73.854 168.12 1549.4 66.85
1.1333 123.42 1465.1 85.411 120.67 1514.8 73.688 172.73 1560.5 66.791
1.1417 126.98 1477.7 85.344 125.31 1527.1 73.485 177.4 1571.7 66.754
1.15 130.6 1490.5 85.283 130.08 1539.5 73.242 182.11 1582.9 66.742
1.1583 134.31 1503.5 85.223 134.99 1551.9 72.964 186.86 1594.1 66.762
1.1667 138.12 1516.8 85.157 140.01 1564.3 72.65 191.65 1605.4 66.814
1.175 142.03 1530.3 85.071 145.13 1576.6 72.315 196.49 1616.8 66.901
1.1833 146.05 1544 84.954 150.31 1589 71.968 201.36 1628.2 67.018
1.1917 150.16 1557.8 84.793 155.54 1601.3 71.62 206.28 1639.6 67.16
1.2 154.34 1571.7 84.579 160.77 1613.5 71.284 211.24 1651.2 67.32
1.2083 158.59 1585.5 84.307 165.98 1625.6 70.972 216.25 1662.8 67.49
1.2167 162.88 1599.3 83.978 171.13 1637.7 70.695 221.28 1674.4 67.657
1.225 167.23 1612.8 83.594 176.2 1649.8 70.461 226.34 1686.1 67.815
1.2333 171.64 1626.2 83.164 181.16 1661.7 70.276 231.41 1697.8 67.953
1.2417 176.11 1639.3 82.697 185.98 1673.6 70.143 236.47 1709.5 68.067
1.25 180.65 1652.1 82.206 190.66 1685.4 70.063 241.49 1721.1 68.152
1.2583 185.25 1664.7 81.704 195.17 1697.2 70.034 246.46 1732.8 68.207
1.2667 189.9 1677 81.204 199.54 1708.8 70.052 251.34 1744.3 68.236
1.275 194.59 1689.1 80.717 203.74 1720.4 70.112 256.12 1755.8 68.242
1.2833 199.31 1700.9 80.251 207.81 1731.8 70.209 260.77 1767.3 68.231
1.2917 204.06 1712.6 79.81 211.75 1743.1 70.334 265.28 1778.7 68.211
1.3 208.83 1724.1 79.392 215.58 1754.3 70.481 269.63 1790.1 68.189
1.3083 213.63 1735.6 78.996 219.33 1765.3 70.641 273.83 1801.5 68.172
1.3167 218.43 1747 78.62 223 1776.2 70.813 277.86 1812.9 68.166
1.325 223.23 1758.4 78.257 226.64 1787 70.987 281.75 1824.4 68.176
1.3333 228.01 1769.7 77.901 230.24 1797.7 71.161 285.48 1835.9 68.205
1.3417 232.76 1780.9 77.545 233.82 1808.3 71.332 289.08 1847.4 68.255
1.35 237.46 1792.1 77.181 237.4 1818.8 71.499 292.55 1859.1 68.326
1.3583 242.11 1803.3 76.804 240.98 1829.4 71.66 295.92 1870.8 68.418
1.3667 246.69 1814.3 76.407 244.57 1839.9 71.817 299.19 1882.6 68.529
1.375 251.19 1825.3 75.988 248.17 1850.5 71.969 302.38 1894.4 68.657
1.3833 255.62 1836.2 75.545 251.78 1861.2 72.119 305.5 1906.3 68.801
1.3917 259.96 1847 75.08 255.39 1871.9 72.265 308.55 1918.3 68.959
1.4 264.22 1857.8 74.596 259.01 1882.7 72.408 311.55 1930.3 69.129
1.4083 268.4 1868.5 74.098 262.63 1893.5 72.547 314.49 1942.2 69.311
1.4167 272.51 1879.2 73.59 266.25 1904.4 72.681 317.39 1954.2 69.503
1.425 276.57 1889.8 73.079 269.88 1915.4 72.806 320.26 1966.2 69.705
1.4333 280.58 1900.4 72.567 273.52 1926.4 72.919 323.1 1978.1 69.915
1.4417 284.55 1911.1 72.057 277.17 1937.5 73.018 325.92 1990 70.133
1.45 288.5 1921.7 71.549 280.83 1948.6 73.098 328.72 2001.9 70.356
1.4583 292.44 1932.4 71.042 284.51 1959.7 73.156 331.53 2013.8 70.584
1.4667 296.36 1943.1 70.534 288.2 1970.8 73.189 334.33 2025.6 70.814
1.475 300.29 1953.8 70.024 291.91 1982 73.196 337.16 2037.4 71.044
1.4833 304.21 1964.5 69.512 295.64 1993.2 73.177 340.01 2049.2 71.272
1.4917 308.12 1975.3 69.002 299.38 2004.5 73.133 342.88 2061.1 71.498
1.5 312.01 1986.2 68.499 303.14 2015.9 73.066 345.8 2072.9 71.718
1.5083 315.88 1997.1 68.013 306.89 2027.4 72.979 348.76 2084.8 71.931
1.5167 319.72 2008.1 67.559 310.65 2039 72.876 351.76 2096.6 72.137
1.525 323.54 2019.1 67.147 314.41 2050.6 72.763 354.8 2108.5 72.334
1.5333 327.32 2030.3 66.792 318.17 2062.4 72.644 357.88 2120.5 72.522
1.5417 331.07 2041.5 66.503 321.93 2074.3 72.522 361 2132.4 72.7
1.55 334.82 2052.8 66.282 325.69 2086.2 72.4 364.16 2144.4 72.867
1.5583 338.55 2064.2 66.127 329.45 2098.3 72.282 367.35 2156.4 73.025
1.5667 342.31 2075.8 66.029 333.22 2110.4 72.17 370.56 2168.4 73.172
1.575 346.1 2087.5 65.973 337 2122.6 72.064 373.8 2180.4 73.311
1.5833 349.94 2099.3 65.942 340.81 2134.8 71.968 377.05 2192.4 73.441
1.5917 353.84 2111.3 65.921 344.64 2147.2 71.882 380.31 2204.4 73.563
1.6 357.81 2123.4 65.898 348.49 2159.6 71.81 383.59 2216.4 73.681
1.6083 361.84 2135.6 65.87 352.38 2172.1 71.753 386.87 2228.5 73.794
1.6167 365.9 2147.9 65.832 356.28 2184.7 71.717 390.16 2240.5 73.906
1.625 370 2160.2 65.782 360.2 2197.4 71.704 393.46 2252.6 74.018
1.6333 374.1 2172.7 65.72 364.13 2210.1 71.719 396.77 2264.7 74.131
1.6417 378.23 2185.3 65.645 368.05 2222.9 71.764 400.08 2277 74.246
1.65 382.37 2198 65.558 371.94 2235.8 71.843 403.41 2289.3 74.362
1.6583 386.55 2211 65.46 375.8 2248.7 71.954 406.76 2301.8 74.479
1.6667 390.79 2224.1 65.351 379.61 2261.6 72.095 410.12 2314.4 74.594
1.675 395.09 2237.6 65.237 383.37 2274.6 72.263 413.5 2327.1 74.703
1.6833 399.48 2251.3 65.121 387.06 2287.6 72.449 416.91 2339.9 74.805
1.6917 403.97 2265.2 65.012 390.69 2300.7 72.646 420.34 2352.9 74.894
1.7 408.57 2279.5 64.916 394.27 2313.7 72.842 423.79 2365.9 74.969
1.7083 413.26 2293.9 64.846 397.81 2326.7 73.027 427.28 2379 75.028
1.7167 418.02 2308.4 64.812 401.32 2339.8 73.19 430.78 2392.2 75.071
1.725 422.82 2322.9 64.822 404.83 2352.8 73.322 434.3 2405.4 75.099
1.7333 427.62 2337.4 64.884 408.36 2365.9 73.414 437.84 2418.5 75.116
1.7417 432.38 2351.8 65.002 411.94 2378.9 73.46 441.39 2431.5 75.127
1.75 437.07 2365.9 65.174 415.59 2391.9 73.46 444.94 2444.5 75.138
1.7583 441.66 2379.8 65.394 419.33 2405 73.411 448.5 2457.4 75.157
1.7667 446.13 2393.4 65.656 423.17 2417.9 73.316 452.07 2470.1 75.189
1.775 450.46 2406.7 65.944 427.13 2430.8 73.181 455.64 2482.7 75.24
1.7833 454.65 2419.7 66.242 431.21 2443.7 73.01 459.24 2495.2 75.316
1.7917 458.71 2432.4 66.535 435.4 2456.4 72.81 462.86 2507.6 75.418
1.8 462.64 2444.7 66.811 439.7 2469 72.586 466.53 2519.9 75.545
1.8083 466.45 2456.9 67.066 444.09 2481.4 72.344 470.26 2532.1 75.696
1.8167 470.18 2468.9 67.297 448.56 2493.6 72.088 474.08 2544.3 75.863
1.825 473.85 2480.8 67.506 453.08 2505.7 71.821 478 2556.4 76.039
1.8333 477.46 2492.6 67.695 457.64 2517.6 71.542 482.04 2568.6 76.216
1.8417 481.06 2504.3 67.867 462.22 2529.2 71.252 486.22 2580.7 76.385
1.85 484.66 2516.1 68.028 466.81 2540.7 70.946 490.56 2592.8 76.537
1.8583 488.29 2527.8 68.185 471.4 2552.1 70.631 495.05 2604.8 76.665
1.8667 491.97 2539.4 68.345 475.98 2563.3 70.301 499.72 2616.9 76.766
1.875 495.72 2551 68.519 480.55 2574.4 69.959 504.53 2628.9 76.84
1.8833 499.56 2562.5 68.712 485.12 2585.4 69.605 509.5 2640.8 76.887
1.8917 503.49 2574 68.935 489.7 2596.4 69.243 514.6 2652.6 76.912
1.9 507.52 2585.3 69.192 494.29 2607.4 68.876 519.81 2664.4 76.922
1.9083 511.62 2596.5 69.488 498.9 2618.4 68.51 525.11 2676 76.925
1.9167 515.81 2607.6 69.825 503.54 2629.4 68.151 530.48 2687.5 76.928
1.925 520.03 2618.6 70.2 508.39 2640.5 67.799 534.56 2698.5 77.992
1.9333 524.3 2629.5 70.611 513.11 2651.6 67.468 539.98 2709.8 78.034
1.9417 528.56 2640.3 71.048 517.89 2662.7 67.159 545.43 2720.9 78.091
1.95 532.83 2651.1 71.503 522.71 2673.8 66.874 550.9 2732 78.166
1.9583 537.07 2661.8 71.964 527.59 2685 66.615 556.39 2743 78.257
1.9667 541.31 2672.6 72.421 532.52 2696.2 66.383 561.89 2753.9 78.362
1.975 545.54 2683.3 72.865 537.5 2707.4 66.178 567.43 2764.8 78.476
1.9833 549.79 2694 73.287 542.52 2718.7 65.997 573 2775.6 78.595
1.9917 554.07 2704.7 73.683 547.59 2730.1 65.841 578.6 2786.4 78.713
2 558.43 2715.4 74.05 552.71 2741.5 65.707 584.26 2797.3 78.827
2.0083 562.88 2726.1 74.39 557.87 2752.9 65.593 589.96 2808.1 78.933
2.0167 567.45 2736.8 74.706 563.07 2764.5 65.5 595.72 2819 79.028
2.025 572.16 2747.6 75.001 568.31 2776.1 65.425 601.53 2829.9 79.113
2.0333 577.02 2758.3 75.28 573.6 2787.7 65.37 607.39 2840.9 79.188
2.0417 582.03 2769.1 75.546 578.92 2799.4 65.333 613.29 2851.9 79.254
2.05 587.17 2779.9 75.801 584.29 2811.2 65.315 619.22 2862.9 79.315
2.0583 592.44 2790.8 76.048 589.71 2823 65.317 625.18 2874 79.372
2.0667 597.81 2801.8 76.287 595.17 2834.9 65.337 631.16 2885.2 79.427
2.075 603.27 2812.8 76.518 600.67 2846.8 65.375 637.16 2896.4 79.482
2.0833 608.81 2824 76.742 606.23 2858.8 65.43 643.18 2907.7 79.537
2.0917 614.43 2835.3 76.959 611.84 2870.7 65.501 649.23 2919.1 79.592
2.1 620.13 2846.7 77.166 617.51 2882.7 65.584 655.31 2930.5 79.645
2.1083 625.88 2858.3 77.358 623.25 2894.8 65.677 661.43 2941.9 79.695
2.1167 631.69 2870 77.526 629.05 2906.8 65.775 667.6 2953.4 79.74
2.125 637.52 2881.8 77.664 634.93 2918.9 65.874 673.83 2964.9 79.781
2.1333 643.37 2893.7 77.764 640.89 2931 65.969 680.13 2976.5 79.818
2.1417 649.25 2905.6 77.825 646.95 2943.1 66.053 686.5 2988.1 79.854
2.15 655.15 2917.6 77.847 653.11 2955.2 66.12 692.94 2999.8 79.892
2.1583 661.09 2929.6 77.839 659.39 2967.3 66.167 699.45 3011.6 79.937
2.1667 667.06 2941.7 77.805 665.78 2979.5 66.185 706.03 3023.5 79.995
2.175 673.07 2953.9 77.754 672.3 2991.7 66.173 712.67 3035.4 80.071
2.1833 679.12 2966.3 77.691 678.94 3003.9 66.124 719.36 3047.5 80.17
2.1917 685.19 2978.9 77.619 685.72 3016 66.04 726.08 3059.6 80.293
2.2 691.28 2991.6 77.539 692.61 3028.2 65.921 732.85 3071.7 80.443
2.2083 697.39 3004.5 77.445 699.61 3040.4 65.769 739.63 3084 80.615
2.2167 703.5 3017.7 77.329 706.7 3052.6 65.589 746.44 3096.3 80.805
2.225 709.61 3030.9 77.179 713.84 3064.8 65.389 753.28 3108.6 81.004
2.2333 715.69 3044.3 76.986 721.01 3076.9 65.177 760.13 3120.9 81.202
2.2417 721.73 3057.6 76.743 728.17 3089.1 64.964 767.02 3133.2 81.387
2.25 727.73 3070.9 76.446 735.28 3101.2 64.761 773.92 3145.5 81.547
2.2583 733.69 3084.1 76.099 742.29 3113.3 64.577 780.86 3157.7 81.67
2.2667 739.64 3097.1 75.709 749.17 3125.3 64.424 787.82 3169.8 81.747
2.275 745.59 3109.8 75.285 755.87 3137.4 64.31 794.79 3181.9 81.773
2.2833 751.59 3122.3 74.838 762.38 3149.3 64.241 801.76 3193.9 81.744
2.2917 757.63 3134.4 74.38 768.67 3161.2 64.221 808.7 3205.8 81.663
2.3 763.72 3146.3 73.927 774.73 3173.1 64.253 815.6 3217.7 81.535
2.3083 769.85 3158 73.493 780.56 3184.8 64.333 822.42 3229.5 81.37
2.3167 776 3169.4 73.091 786.16 3196.4 64.458 829.14 3241.3 81.179
2.325 782.17 3180.7 72.729 791.56 3207.9 64.621 835.71 3253 80.977
2.3333 788.36 3191.8 72.41 796.78 3219.2 64.812 842.11 3264.8 80.776
2.3417 794.57 3202.8 72.132 801.84 3230.4 65.021 848.32 3276.5 80.593
2.35 800.78 3213.8 71.891 806.8 3241.5 65.241 854.31 3288.3 80.437
2.3583 806.98 3224.7 71.677 811.66 3252.4 65.462 860.07 3300.1 80.319
2.3667 813.16 3235.6 71.479 816.48 3263.2 65.678 865.6 3311.9 80.245
2.375 819.27 3246.5 71.287 821.27 3274 65.886 870.9 3323.8 80.221
2.3833 825.3 3257.3 71.088 826.06 3284.7 66.084 875.99 3335.7 80.245
2.3917 831.23 3268.2 70.871 830.85 3295.3 66.272 880.86 3347.6 80.316
2.4 837.05 3279 70.63 835.66 3305.9 66.462 885.55 3359.6 80.429
2.4083 842.75 3289.8 70.357 840.47 3316.6 66.649 890.07 3371.5 80.579
2.4167 848.33 3300.5 70.051 845.29 3327.3 66.843 894.45 3383.5 80.759
2.425 853.78 3311.2 69.714 850.11 3338 67.049 898.7 3395.4 80.962
2.4333 859.12 3321.8 69.35 854.92 3348.7 67.27 902.84 3407.3 81.18
2.4417 864.35 3332.4 68.968 859.7 3359.5 67.507 906.89 3419.2 81.41
2.45 869.49 3342.9 68.576 864.45 3370.3 67.76 910.86 3431.1 81.648
2.4583 874.56 3353.5 68.182 869.16 3381.2 68.023 914.77 3443 81.89
2.4667 879.57 3364 67.794 873.84 3392.1 68.292 918.61 3454.9 82.136
2.475 884.54 3374.6 67.417 878.48 3403.1 68.557 922.4 3466.7 82.385
2.4833 889.47 3385.2 67.053 883.08 3414 68.81 926.15 3478.6 82.639
2.4917 894.39 3395.8 66.7 887.66 3425 69.04 929.87 3490.4 82.897
2.5 899.28 3406.5 66.356 892.21 3436.1 69.239 933.57 3502.2 83.16
2.5083 904.16 3417.2 66.015 896.76 3447.1 69.401 937.26 3514 83.429
2.5167 909.02 3428 65.674 901.3 3458.2 69.523 940.96 3525.8 83.701
2.525 913.87 3438.8 65.331 905.84 3469.4 69.605 944.69 3537.5 83.975
2.5333 918.7 3449.7 64.987 910.38 3480.7 69.648 948.45 3549.3 84.247
2.5417 923.52 3460.7 64.646 914.93 3492 69.658 952.26 3561.1 84.514
2.55 928.31 3471.7 64.317 919.5 3503.4 69.644 956.13 3572.8 84.772
2.5583 933.1 3482.7 64.009 924.07 3514.9 69.614 960.06 3584.6 85.017
2.5667 937.88 3493.8 63.733 928.66 3526.5 69.577 964.05 3596.4 85.245
2.575 942.66 3504.9 63.501 933.26 3538.2 69.542 968.09 3608.2 85.455
2.5833 947.45 3516 63.318 937.88 3550 69.516 972.18 3620 85.647
2.5917 952.26 3527.3 63.187 942.52 3561.9 69.503 976.29 3631.9 85.82
2.6 957.09 3538.7 63.106 947.17 3573.9 69.507 980.41 3643.8 85.979
2.6083 961.96 3550.2 63.069 951.84 3586 69.527 984.53 3655.8 86.126
2.6167 966.87 3562 63.071 956.52 3598.1 69.563 988.62 3667.9 86.268
2.625 971.81 3573.9 63.106 961.21 3610.3 69.612 992.67 3680 86.411
2.6333 976.77 3586 63.169 965.9 3622.6 69.673 996.67 3692.1 86.56
2.6417 981.74 3598.2 63.258 970.59 3635 69.744 1000.6 3704.4 86.722
2.65 986.7 3610.6 63.364 975.26 3647.4 69.824 1004.5 3716.7 86.901
2.6583 991.63 3623.1 63.479 979.91 3659.9 69.914 1008.3 3729.1 87.099
2.6667 996.54 3635.7 63.594 984.51 3672.4 70.014 1012.1 3741.5 87.317
2.675 1001.4 3648.5 63.692 989.08 3685 70.132 1015.8 3754.1 87.555
2.6833 1006.4 3661.4 63.766 993.59 3697.6 70.267 1019.5 3766.7 87.808
2.6917 1011.3 3674.5 63.809 998.05 3710.3 70.425 1023.2 3779.4 88.073
2.7 1016.3 3687.7 63.816 1002.4 3723 70.609 1026.8 3792.2 88.344
2.7083 1021.3 3701.1 63.79 1006.8 3735.8 70.818 1030.4 3805 88.615
2.7167 1026.5 3714.7 63.739 1011 3748.6 71.052 1034.1 3818 88.88
2.725 1031.7 3728.5 63.676 1015.3 3761.5 71.307 1037.7 3831 89.136
2.7333 1037 3742.4 63.618 1019.5 3774.4 71.576 1041.3 3844 89.378
2.7417 1042.3 3756.4 63.583 1023.7 3787.3 71.852 1044.9 3857.1 89.606
2.75 1047.7 3770.5 63.592 1027.9 3800.3 72.125 1048.5 3870.3 89.819
2.7583 1053.1 3784.5 63.66 1032.1 3813.3 72.387 1052 3883.4 90.021
2.7667 1058.4 3798.5 63.8 1036.4 3826.4 72.629 1055.6 3896.6 90.214
2.775 1063.6 3812.4 64.016 1040.7 3839.4 72.843 1059.2 3909.7 90.405
2.7833 1068.7 3826.1 64.305 1045.1 3852.5 73.024 1062.7 3922.8 90.597
2.7917 1073.7 3839.6 64.659 1049.6 3865.5 73.169 1066.3 3935.9 90.798
2.8 1078.5 3852.8 65.06 1054.2 3878.4 73.278 1069.8 3948.9 91.01
2.8083 1083.1 3865.8 65.488 1058.8 3891.3 73.352 1073.4 3961.8 91.238
2.8167 1087.6 3878.6 65.916 1063.6 3904 73.393 1077.1 3974.7 91.481
2.825 1092 3891.1 66.324 1068.4 3916.6 73.405 1080.9 3987.5 91.74
2.8333 1096.2 3903.4 66.696 1073.3 3929 73.393 1084.7 4000.2 92.009
2.8417 1100.4 3915.5 67.022 1078.3 3941.2 73.36 1088.7 4012.8 92.284
2.85 1104.4 3927.5 67.3 1083.2 3953.2 73.31 1092.8 4025.3 92.558
2.8583 1108.4 3939.4 67.53 1088.3 3965 73.243 1097 4037.7 92.823
2.8667 1112.4 3951.2 67.72 1093.3 3976.6 73.161 1101.5 4050.1 93.072
2.875 1116.4 3962.9 67.879 1098.3 3988 73.064 1106.1 4062.3 93.295
2.8833 1120.4 3974.6 68.016 1103.3 3999.2 72.945 1111 4074.4 93.488
2.8917 1124.5 3986.1 68.151 1108.2 4010.3 72.807 1116 4086.5 93.645
2.9 1128.6 3997.6 68.299 1113.2 4021.3 72.644 1121.2 4098.4 93.766
2.9083 1132.8 4009 68.474 1118.2 4032.3 72.455 1126.6 4110.2 93.849
2.9167 1137.1 4020.3 68.689 1123.2 4043.2 72.24 1132.1 4121.8 93.898
2.925 1141.5 4031.4 68.953 1128.2 4054 71.998 1137.9 4133.3 93.917
2.9333 1145.9 4042.5 69.27 1133.2 4065 71.73 1143.7 4144.7 93.915
2.9417 1150.5 4053.5 69.641 1138.3 4075.9 71.439 1149.6 4156 93.897
2.95 1155.1 4064.4 70.063 1143.4 4086.9 71.13 1155.6 4167.1 93.873
2.9583 1159.8 4075.2 70.528 1148.5 4097.9 70.805 1161.7 4178.1 93.851
2.9667 1164.4 4086 71.026 1153.7 4109 70.472 1167.8 4188.9 93.837
2.975 1169.2 4096.7 71.545 1158.9 4120.1 70.135 1174 4199.7 93.838
2.9833 1173.9 4107.4 72.072 1164.1 4131.3 69.801 1180.1 4210.3 93.857
2.9917 1178.6 4118.1 72.596 1169.4 4142.5 69.475 1186.2 4220.9 93.896
3 1183.2 4128.8 73.106 1174.7 4153.7 69.163 1192.4 4231.5 93.954
3.0083 1187.9 4139.5 73.594 1180 4164.9 68.868 1198.5 4241.9 94.028
3.0167 1192.5 4150.1 74.054 1185.4 4176.2 68.593 1204.6 4252.4 94.117
3.025 1197.2 4160.7 74.483 1190.8 4187.5 68.341 1210.7 4262.8 94.215
3.0333 1201.8 4171.3 74.878 1196.2 4198.8 68.112 1216.9 4273.1 94.317
3.0417 1206.5 4181.8 75.241 1201.7 4210.2 67.906 1223 4283.5 94.421
3.05 1211.3 4192.4 75.57 1207.2 4221.6 67.723 1229.2 4293.9 94.523
3.0583 1216.2 4202.9 75.866 1212.7 4233.1 67.56 1235.4 4304.3 94.621
3.0667 1221.2 4213.5 76.128 1218.3 4244.6 67.416 1241.7 4314.7 94.712
3.075 1226.3 4224.1 76.355 1223.9 4256.1 67.288 1248 4325.1 94.796
3.0833 1231.5 4234.9 76.545 1229.5 4267.7 67.174 1254.3 4335.6 94.873
3.0917 1236.9 4245.7 76.694 1235.2 4279.3 67.072 1260.6 4346.2 94.942
3.1 1242.5 4256.7 76.804 1240.9 4290.9 66.98 1267 4356.8 95.002
3.1083 1248.2 4267.8 76.875 1246.7 4302.6 66.898 1273.4 4367.5 95.055
3.1167 1254 4279.1 76.911 1252.5 4314.3 66.825 1279.8 4378.3 95.098
3.125 1260.1 4290.5 76.921 1258.3 4326 66.761 1286.3 4389.2 95.132
3.1333 1266.3 4302.1 76.912 1264.3 4337.8 66.706 1292.7 4400.2 95.155
3.1417 1272.6 4313.9 76.89 1270.3 4349.5 66.661 1299.2 4411.3 95.169
3.15 1279 4325.8 76.87 1276.3 4361.3 66.624 1305.7 4422.4 95.175
3.1583 1285.5 4337.7 76.85 1282.4 4373 66.597 1312.1 4433.7 95.175
3.1667 1292 4349.7 76.836 1288.6 4384.8 66.576 1318.6 4445 95.174
3.175 1298.5 4361.8 76.821 1294.9 4396.6 66.558 1325.1 4456.4 95.175
3.1833 1305.1 4373.9 76.805 1301.3 4408.4 66.54 1331.6 4467.9 95.186
3.1917 1311.6 4386 76.783 1307.8 4420.2 66.516 1338.1 4479.5 95.214
3.2 1318.1 4398.1 76.752 1314.4 4432 66.481 1344.6 4491.1 95.264
3.2083 1324.7 4410.2 76.706 1321.1 4443.9 66.43 1351.1 4502.8 95.342
3.2167 1331.2 4422.4 76.639 1327.9 4455.7 66.359 1357.6 4514.5 95.45
3.225 1337.8 4434.7 76.548 1334.9 4467.5 66.264 1364.2 4526.3 95.589
3.2333 1344.4 4447.1 76.427 1341.9 4479.4 66.141 1370.8 4538.1 95.757
3.2417 1351 4459.7 76.271 1349 4491.2 65.995 1377.4 4549.9 95.944
3.25 1357.6 4472.5 76.076 1356.1 4503.1 65.828 1384 4561.8 96.142
3.2583 1364.2 4485.3 75.839 1363.3 4515 65.645 1390.7 4573.7 96.338
3.2667 1370.8 4498.3 75.557 1370.5 4526.8 65.456 1397.5 4585.6 96.517
3.275 1377.4 4511.2 75.233 1377.7 4538.7 65.266 1404.3 4597.6 96.664
3.2833 1384 4524 74.873 1384.8 4550.7 65.088 1411.2 4609.4 96.766
3.2917 1390.5 4536.8 74.484 1391.8 4562.6 64.935 1418.1 4621.3 96.811
3.3 1397 4549.3 74.077 1398.6 4574.5 64.814 1425.1 4633.1 96.791
3.3083 1403.5 4561.6 73.667 1405.3 4586.5 64.734 1432.1 4644.8 96.705
3.3167 1410 4573.7 73.266 1411.7 4598.4 64.702 1439.1 4656.5 96.553
3.325 1416.5 4585.5 72.889 1417.9 4610.3 64.722 1446 4668.1 96.342
3.3333 1422.9 4597.1 72.545 1423.8 4622.1 64.793 1452.9 4679.7 96.083
3.3417 1429.3 4608.4 72.243 1429.5 4633.9 64.914 1459.8 4691.2 95.79
3.35 1435.6 4619.5 71.982 1434.9 4645.5 65.08 1466.4 4702.7 95.478
3.3583 1441.8 4630.5 71.758 1440.1 4657 65.282 1472.9 4714.2 95.166
3.3667 1448 4641.5 71.563 1445.1 4668.4 65.519 1479.2 4725.7 94.868
3.375 1454.2 4652.3 71.385 1449.9 4679.5 65.773 1485.2 4737.3 94.602
3.3833 1460.2 4663.1 71.217 1454.6 4690.5 66.045 1490.9 4749 94.376
3.3917 1466.2 4673.9 71.05 1459.2 4701.4 66.328 1496.3 4760.7 94.199
3.4 1472.1 4684.7 70.874 1463.7 4712.1 66.612 1501.4 4772.5 94.075
3.4083 1477.9 4695.4 70.683 1468.1 4722.7 66.896 1506.2 4784.4 94.006
3.4167 1483.4 4706.2 70.474 1472.5 4733.2 67.179 1510.7 4796.4 93.987
3.425 1488.9 4716.9 70.243 1477 4743.6 67.46 1514.8 4808.5 94.014
3.4333 1494.2 4727.5 69.992 1481.4 4754.1 67.741 1518.7 4820.6 94.081
3.4417 1499.3 4738.2 69.723 1485.7 4764.6 68.022 1522.3 4832.7 94.182
3.45 1504.2 4748.8 69.44 1490.1 4775.1 68.304 1525.7 4844.8 94.311
3.4583 1509 4759.3 69.149 1494.5 4785.7 68.586 1529 4856.9 94.466
3.4667 1513.7 4769.9 68.857 1498.8 4796.4 68.869 1532 4869 94.645
3.475 1518.2 4780.4 68.568 1503.1 4807.2 69.149 1535 4881 94.847
3.4833 1522.7 4791 68.288 1507.3 4818 69.424 1537.8 4892.9 95.074
3.4917 1527.1 4801.5 68.022 1511.5 4829 69.689 1540.6 4904.8 95.328
3.5 1531.4 4812 67.772 1515.6 4840 69.94 1543.3 4916.6 95.61
3.5083 1535.7 4822.6 67.536 1519.7 4851 70.171 1545.9 4928.3 95.923
3.5167 1540 4833.2 67.315 1523.8 4862.1 70.38 1548.5 4940 96.266
3.525 1544.3 4843.9 67.105 1527.8 4873.3 70.564 1551.1 4951.6 96.636
3.5333 1548.5 4854.6 66.902 1531.8 4884.5 70.721 1553.6 4963.2 97.031
3.5417 1552.7 4865.3 66.704 1535.8 4895.7 70.851 1556.1 4974.7 97.443
3.55 1556.9 4876.1 66.509 1539.8 4907 70.957 1558.6 4986.2 97.866
3.5583 1561.1 4886.9 66.32 1543.8 4918.3 71.042 1561.1 4997.7 98.291
3.5667 1565.3 4897.8 66.142 1547.7 4929.7 71.11 1563.6 5009.2 98.711
3.575 1569.5 4908.7 65.981 1551.7 4941.2 71.166 1566.1 5020.7 99.117
3.5833 1573.7 4919.7 65.849 1555.6 4952.7 71.215 1568.6 5032.2 99.505
3.5917 1577.8 4930.7 65.751 1559.4 4964.3 71.26 1571.1 5043.6 99.87
3.6 1582 4941.7 65.698 1563.3 4975.9 71.307 1573.7 5055.1 100.21
3.6083 1586.2 4952.8 65.689 1567 4987.6 71.355 1576.4 5066.6 100.53
3.6167 1590.4 4964 65.723 1570.7 4999.3 71.407 1579 5078.1 100.83
3.625 1594.6 4975.3 65.79 1574.4 5011.1 71.463 1581.7 5089.7 101.1
3.6333 1598.8 4986.8 65.879 1578 5022.9 71.523 1584.4 5101.2 101.37
3.6417 1603.1 4998.4 65.98 1581.5 5034.8 71.586 1587.2 5112.8 101.63
3.65 1607.3 5010.3 66.086 1584.9 5046.7 71.653 1589.9 5124.5 101.89
3.6583 1611.5 5022.3 66.195 1588.3 5058.7 71.725 1592.5 5136.1 102.15
3.6667 1615.7 5034.4 66.307 1591.6 5070.7 71.802 1595.2 5147.9 102.42
3.675 1619.8 5046.6 66.422 1594.9 5082.7 71.888 1597.7 5159.6 102.7
3.6833 1623.8 5058.9 66.538 1598.1 5094.8 71.985 1600.2 5171.5 102.99
3.6917 1627.7 5071.2 66.639 1601.2 5107 72.098 1602.5 5183.4 103.29
3.7 1631.5 5083.7 66.724 1604.3 5119.2 72.23 1604.8 5195.4 103.61
3.7083 1635.2 5096.2 66.789 1607.3 5131.6 72.381 1606.9 5207.5 103.94
3.7167 1638.9 5108.8 66.828 1610.2 5143.9 72.556 1608.9 5219.7 104.27
3.725 1642.6 5121.7 66.841 1613.1 5156.4 72.754 1610.8 5231.9 104.62
3.7333 1646.2 5134.7 66.831 1615.8 5168.9 72.975 1612.6 5244.3 104.98
3.7417 1649.9 5148 66.805 1618.5 5181.5 73.216 1614.3 5256.8 105.34
3.75 1653.6 5161.6 66.776 1621.1 5194.1 73.477 1615.8 5269.3 105.7
3.7583 1657.4 5175.3 66.762 1623.7 5206.7 73.75 1617.3 5282 106.07
3.7667 1661.2 5189.3 66.781 1626.2 5219.4 74.031 1618.6 5294.7 106.45
3.775 1664.9 5203.4 66.855 1628.7 5232 74.315 1619.8 5307.6 106.84
3.7833 1668.6 5217.5 66.99 1631.2 5244.7 74.596 1620.9 5320.4 107.23
3.7917 1672.2 5231.7 67.205 1633.6 5257.3 74.869 1621.8 5333.3 107.63
3.8 1675.7 5245.7 67.497 1636.1 5269.9 75.132 1622.7 5346.2 108.06
3.8083 1679 5259.6 67.86 1638.7 5282.4 75.38 1623.4 5359.1 108.5
3.8167 1682.1 5273.2 68.285 1641.3 5294.9 75.612 1624 5372 108.97
3.825 1685 5286.6 68.75 1644 5307.3 75.827 1624.5 5384.8 109.47
3.8333 1687.8 5299.8 69.237 1646.7 5319.7 76.026 1625 5397.4 110
3.8417 1690.4 5312.6 69.721 1649.5 5331.9 76.209 1625.3 5410 110.57
3.85 1692.8 5325.2 70.183 1652.4 5344.1 76.379 1625.7 5422.4 111.17
3.8583 1695.1 5337.5 70.612 1655.3 5356.1 76.537 1626 5434.7 111.8
3.8667 1697.3 5349.6 71.005 1658.2 5368 76.684 1626.4 5446.9 112.45
3.875 1699.4 5361.6 71.369 1661.2 5379.7 76.825 1626.9 5458.9 113.11
3.8833 1701.4 5373.5 71.707 1664.1 5391.3 76.962 1627.5 5470.8 113.78
3.8917 1703.4 5385.4 72.038 1667 5402.7 77.097 1628.3 5482.6 114.43
3.9 1705.3 5397.2 72.375 1669.8 5414 77.233 1629.3 5494.3 115.06
3.9083 1707.2 5409 72.733 1672.6 5425.1 77.372 1630.5 5505.9 115.64
3.9167 1709.1 5420.8 73.129 1675.2 5436 77.514 1631.9 5517.5 116.17
3.925 1711 5432.5 73.572 1677.8 5446.7 77.661 1633.6 5529 116.65
3.9333 1712.8 5444.1 74.078 1680.3 5457.3 77.813 1635.6 5540.6 117.05
3.9417 1714.8 5455.6 74.649 1682.7 5467.8 77.967 1637.9 5552 117.39
3.95 1716.7 5467 75.287 1685 5478.3 78.123 1640.3 5563.5 117.67
3.9583 1718.7 5478.3 75.988 1687.3 5488.7 78.278 1643 5575 117.89
3.9667 1720.7 5489.4 76.744 1689.5 5499.1 78.429 1645.8 5586.3 118.06
3.975 1722.8 5500.4 77.544 1691.7 5509.5 78.575 1648.7 5597.7 118.21
3.9833 1725 5511.3 78.375 1693.9 5520 78.712 1651.7 5608.9 118.34
3.9917 1727.2 5522.2 79.224 1696.1 5530.5 78.84 1654.8 5620 118.47
4 1729.4 5533 80.078 1698.3 5541.2 78.958 1657.8 5631 118.61
4.0083 1731.6 5543.7 80.929 1700.5 5552 79.069 1660.9 5641.9 118.78
4.0167 1733.9 5554.5 81.768 1702.7 5562.9 79.176 1663.9 5652.7 118.97
4.025 1736.2 5565.3 82.594 1704.9 5574 79.283 1666.8 5663.3 119.2
4.0333 1738.5 5576.1 83.405 1707.2 5585.1 79.396 1669.7 5673.8 119.46
4.0417 1740.8 5586.9 84.206 1709.5 5596.3 79.521 1672.5 5684.3 119.74
4.05 1743.1 5597.7 85 1711.8 5607.6 79.664 1675.2 5694.6 120.05
4.0583 1745.4 5608.5 85.793 1714 5618.9 79.829 1677.9 5705 120.37
4.0667 1747.7 5619.2 86.587 1716.3 5630.3 80.021 1680.5 5715.3 120.69
4.075 1750 5629.9 87.385 1718.6 5641.6 80.24 1683.2 5725.7 121.01
4.0833 1752.3 5640.6 88.184 1720.9 5653 80.487 1685.8 5736.1 121.32
4.0917 1754.7 5651.3 88.979 1723.1 5664.4 80.757 1688.3 5746.6 121.62
4.1 1757.2 5662.1 89.761 1725.4 5675.8 81.046 1690.9 5757.1 121.91
4.1083 1759.8 5672.9 90.52 1727.6 5687.2 81.349 1693.5 5767.7 122.19
4.1167 1762.4 5683.7 91.245 1729.8 5698.6 81.658 1696.1 5778.4 122.46
4.125 1765.2 5694.7 91.923 1732 5710 81.968 1698.6 5789.2 122.73
4.1333 1768 5705.9 92.548 1734.2 5721.5 82.271 1701.2 5800 122.99
4.1417 1770.8 5717.2 93.113 1736.4 5733 82.566 1703.7 5810.9 123.26
4.15 1773.8 5728.7 93.621 1738.6 5744.6 82.85 1706.2 5821.8 123.54
4.1583 1776.7 5740.4 94.073 1740.8 5756.2 83.124 1708.8 5832.8 123.83
4.1667 1779.8 5752.3 94.479 1743.1 5767.9 83.389 1711.2 5843.8 124.13
4.175 1782.9 5764.4 94.844 1745.4 5779.6 83.647 1713.7 5854.8 124.43
4.1833 1786 5776.8 95.176 1747.7 5791.4 83.903 1716.1 5865.9 124.75
4.1917 1789.1 5789.2 95.476 1750 5803.2 84.159 1718.5 5877 125.07
4.2 1792.1 5801.8 95.742 1752.4 5815 84.415 1720.8 5888.2 125.39
4.2083 1795.1 5814.4 95.973 1754.8 5826.8 84.673 1723.1 5899.4 125.72
4.2167 1798.1 5827 96.165 1757.2 5838.6 84.929 1725.3 5910.8 126.05
4.225 1800.9 5839.6 96.316 1759.7 5850.4 85.179 1727.5 5922.1 126.39
4.2333 1803.7 5852.2 96.426 1762.2 5862.2 85.415 1729.6 5933.6 126.75
4.2417 1806.5 5864.9 96.494 1764.7 5874 85.638 1731.6 5945.2 127.11
4.25 1809.2 5877.6 96.525 1767.3 5885.8 85.832 1733.4 5956.8 127.5
4.2583 1811.8 5890.5 96.52 1769.9 5897.6 85.999 1735.3 5968.4 127.9
4.2667 1814.4 5903.4 96.487 1772.4 5909.4 86.133 1737 5980.1 128.31
4.275 1817 5916.5 96.434 1775 5921.3 86.234 1738.6 5991.8 128.73
4.2833 1819.5 5929.8 96.37 1777.6 5933.2 86.305 1740.2 6003.6 129.16
4.2917 1822 5943.2 96.304 1780.1 5945.1 86.351 1741.8 6015.3 129.58
4.3 1824.5 5956.7 96.245 1782.6 5957 86.38 1743.4 6027 129.98
4.3083 1826.8 5970.1 96.196 1785 5968.9 86.408 1744.9 6038.7 130.35
4.3167 1829.2 5983.5 96.166 1787.2 5980.8 86.447 1746.5 6050.4 130.67
4.325 1831.4 5996.8 96.159 1789.4 5992.7 86.512 1748.2 6062.1 130.95
4.3333 1833.5 6009.8 96.178 1791.3 6004.6 86.616 1749.8 6073.7 131.17
4.3417 1835.6 6022.6 96.226 1793.1 6016.4 86.771 1751.5 6085.3 131.33
4.35 1837.6 6035.1 96.305 1794.6 6028.2 86.989 1753.1 6096.9 131.43
4.3583 1839.5 6047.3 96.415 1796 6039.8 87.273 1754.7 6108.4 131.49
4.3667 1841.4 6059.2 96.554 1797.1 6051.4 87.627 1756.3 6119.9 131.5
4.375 1843.2 6070.8 96.72 1798 6062.7 88.049 1757.7 6131.3 131.5
4.3833 1844.9 6082.2 96.909 1798.7 6074 88.532 1758.9 6142.7 131.49
4.3917 1846.6 6093.4 97.109 1799.3 6085.1 89.069 1759.9 6154 131.5
4.4 1848.3 6104.4 97.311 1799.7 6096 89.648 1760.6 6165.2 131.54
4.4083 1849.8 6115.3 97.501 1800 6106.8 90.252 1761 6176.4 131.63
4.4167 1851.3 6126.2 97.67 1800.1 6117.4 90.888 1761 6187.4 131.78
4.425 1852.7 6137 97.806 1800.2 6127.9 91.522 1760.8 6198.4 132
4.4333 1853.9 6147.8 97.903 1800.2 6138.3 92.163 1760.1 6209.3 132.29
4.4417 1854.9 6158.4 97.958 1800.2 6148.6 92.794 1759.1 6220 132.65
4.45 1855.6 6169.1 97.969 1800.1 6158.8 93.413 1757.8 6230.7 133.06
4.4583 1856 6179.6 97.941 1799.9 6168.9 94.021 1756.2 6241.2 133.53
4.4667 1856.2 6190 97.886 1799.6 6179 94.617 1754.4 6251.6 134.04
4.475 1856 6200.3 97.814 1799.3 6189.1 95.204 1752.3 6261.9 134.59
4.4833 1855.4 6210.4 97.742 1798.8 6199.1 95.787 1750.1 6272 135.15
4.4917 1854.6 6220.3 97.688 1798.3 6209.1 96.368 1747.7 6282 135.74
4.5 1853.6 6230 97.656 1797.6 6219.1 96.952 1745.1 6291.9 136.33
4.5083 1852.3 6239.6 97.653 1796.7 6229 97.541 1742.5 6301.7 136.93
4.5167 1850.9 6249.1 97.692 1795.8 6239 98.135 1739.7 6311.3 137.53
4.525 1849.3 6258.4 97.763 1794.7 6248.9 98.73 1736.9 6320.7 138.14
4.5333 1847.7 6267.7 97.873 1793.5 6258.8 99.323 1734 6330 138.76
4.5417 1846 6277 98.011 1792.2 6268.8 99.907 1731.1 6339.2 139.38
4.55 1844.3 6286.3 98.177 1790.7 6278.6 100.47 1728.1 6348.2 140
4.5583 1842.6 6295.7 98.356 1789.2 6288.5 101.01 1725.1 6357.1 140.63
4.5667 1841 6305.1 98.547 1787.5 6298.4 101.52 1722 6365.9 141.27
4.575 1839.5 6314.6 98.739 1785.8 6308.2 101.99 1718.9 6374.5 141.91
4.5833 1838.1 6324.1 98.923 1783.9 6318.1 102.41 1715.9 6383.1 142.54
4.5917 1836.7 6333.8 99.097 1782 6328 102.78 1712.8 6391.7 143.17
4.6 1835.3 6343.5 99.258 1779.9 6337.9 103.11 1709.7 6400.1 143.8
4.6083 1834 6353.3 99.406 1777.8 6347.8 103.39 1706.6 6408.6 144.42
4.6167 1832.6 6363.1 99.546 1775.5 6357.7 103.63 1703.5 6417 145.02
4.625 1831.2 6373 99.684 1773.2 6367.7 103.84 1700.4 6425.5 145.62
4.6333 1829.6 6383 99.833 1770.7 6377.7 104.03 1697.3 6433.9 146.2
4.6417 1828 6392.9 100 1768.1 6387.8 104.2 1694.2 6442.3 146.77
4.65 1826.2 6402.8 100.2 1765.3 6397.9 104.37 1691 6450.8 147.32
4.6583 1824.2 6412.8 100.44 1762.5 6408 104.53 1687.7 6459.3 147.85
4.6667 1822.1 6422.7 100.73 1759.5 6418 104.69 1684.4 6467.9 148.36
4.675 1819.7 6432.7 101.04 1756.4 6428.1 104.86 1681 6476.5 148.86
4.6833 1817.2 6442.7 101.39 1753.1 6438.1 105.03 1677.6 6485.1 149.33
4.6917 1814.5 6452.8 101.74 1749.7 6448.1 105.21 1674 6493.7 149.77
4.7 1811.6 6463 102.1 1746.2 6458 105.39 1670.4 6502.4 150.2
4.7083 1808.6 6473.3 102.44 1742.6 6467.8 105.59 1666.6 6511.1 150.61
4.7167 1805.5 6483.7 102.76 1738.9 6477.6 105.79 1662.7 6519.8 151
4.725 1802.2 6494.1 103.06 1735 6487.4 106 1658.8 6528.5 151.38
4.7333 1798.9 6504.6 103.33 1731 6497.1 106.23 1654.7 6537.2 151.75
4.7417 1795.5 6515 103.59 1726.9 6506.8 106.47 1650.4 6545.8 152.13
4.75 1791.9 6525.5 103.82 1722.6 6516.4 106.75 1646 6554.4 152.52
4.7583 1788.1 6536 104.03 1718.2 6526.1 107.05 1641.5 6562.9 152.92
4.7667 1784.2 6546.6 104.22 1713.6 6535.8 107.38 1636.7 6571.4 153.34
4.775 1780.1 6557.3 104.4 1708.9 6545.5 107.75 1631.8 6579.9 153.78
4.7833 1775.9 6568.1 104.57 1704 6555.2 108.15 1626.6 6588.3 154.25
4.7917 1771.4 6579.1 104.74 1698.9 6564.9 108.58 1621.2 6596.7 154.72
4.8 1766.8 6590.2 104.93 1693.6 6574.5 109.04 1615.5 6605.1 155.21
4.8083 1762 6601.5 105.15 1688.2 6584.2 109.52 1609.5 6613.4 155.7
4.8167 1757 6612.9 105.43 1682.6 6593.8 110.02 1603.3 6621.8 156.19
4.825 1751.8 6624.3 105.78 1676.9 6603.3 110.54 1596.9 6630.1 156.67
4.8333 1746.5 6635.8 106.22 1671.1 6612.7 111.06 1590.2 6638.4 157.14
4.8417 1741.1 6647.1 106.76 1665.3 6622 111.6 1583.4 6646.7 157.59
4.85 1735.5 6658.3 107.41 1659.4 6631.2 112.15 1576.3 6654.9 158.04
4.8583 1729.9 6669.3 108.16 1653.6 6640.2 112.71 1569.2 6663 158.48
4.8667 1724.2 6680 109.01 1647.8 6649.2 113.31 1561.9 6671 158.92
4.875 1718.5 6690.4 109.94 1642 6658 113.93 1554.6 6678.9 159.37
4.8833 1712.9 6700.4 110.93 1636.4 6666.7 114.59 1547.3 6686.6 159.85
4.8917 1707.3 6710.1 111.96 1630.9 6675.4 115.3 1540 6694.2 160.35
4.9 1701.7 6719.5 113.02 1625.5 6683.9 116.05 1532.7 6701.6 160.9
4.9083 1696.2 6728.6 114.09 1620.3 6692.3 116.86 1525.5 6708.8 161.48
4.9167 1690.7 6737.4 115.16 1615.2 6700.7 117.72 1518.3 6715.9 162.1
4.925 1685.2 6745.9 116.23 1610.2 6709 118.62 1511.2 6722.9 162.75
4.9333 1679.7 6754.3 117.31 1605.3 6717.2 119.56 1504.3 6729.8 163.43
4.9417 1674 6762.5 118.39 1600.4 6725.2 120.54 1497.4 6736.6 164.12
4.95 1668.1 6770.6 119.48 1595.6 6733.1 121.53 1490.7 6743.3 164.82
4.9583 1662.1 6778.6 120.59 1590.8 6740.9 122.54 1484.1 6750.1 165.51
4.9667 1655.9 6786.4 121.73 1586 6748.4 123.55 1477.7 6756.8 166.18
4.975 1649.5 6794.2 122.91 1581.2 6755.9 124.57 1471.4 6763.6 166.83
4.9833 1642.9 6801.8 124.12 1576.3 6763.1 125.58 1465.3 6770.3 167.44
4.9917 1636.3 6809.3 125.38 1571.4 6770.2 126.6 1459.3 6777.1 168.03
5 1629.6 6816.7 126.67 1566.5 6777.1 127.61 1453.4 6783.9 168.58
5.0083 1622.9 6824 128 1561.4 6784 128.62 1447.7 6790.6 169.11
5.0167 1616.3 6831.2 129.36 1556.4 6790.7 129.64 1442 6797.3 169.62
5.025 1609.7 6838.3 130.76 1551.2 6797.4 130.67 1436.5 6803.9 170.13
5.0333 1603.2 6845.4 132.18 1546 6804 131.71 1431.1 6810.5 170.63
5.0417 1596.7 6852.4 133.61 1540.8 6810.6 132.75 1425.7 6816.9 171.15
5.05 1590.3 6859.3 135.06 1535.4 6817.2 133.81 1420.3 6823.3 171.68
5.0583 1584 6866.2 136.52 1529.9 6823.8 134.88 1415 6829.5 172.23
5.0667 1577.6 6873 137.98 1524.4 6830.5 135.95 1409.6 6835.6 172.8
5.075 1571.2 6879.7 139.45 1518.7 6837.1 137.03 1404.2 6841.6 173.38
5.0833 1564.7 6886.3 140.91 1512.9 6843.8 138.1 1398.8 6847.6 173.98
5.0917 1558.2 6892.8 142.38 1506.9 6850.4 139.16 1393.4 6853.4 174.57
5.1 1551.7 6899.2 143.85 1500.8 6857.1 140.24 1387.8 6859.2 175.16
5.1083 1545.1 6905.5 145.31 1494.5 6863.6 141.3 1382.2 6864.9 175.73
5.1167 1538.6 6911.8 146.77 1488.1 6870.1 142.35 1376.5 6870.6 176.29
5.125 1532 6917.9 148.23 1481.6 6876.6 143.4 1370.7 6876.3 176.83
5.1333 1525.5 6924.1 149.67 1474.9 6883 144.44 1364.7 6881.9 177.33
5.1417 1519 6930.2 151.09 1468.1 6889.3 145.47 1358.7 6887.6 177.82
5.15 1512.5 6936.4 152.49 1461.2 6895.5 146.49 1352.6 6893.2 178.28
5.1583 1506.1 6942.7 153.86 1454.2 6901.7 147.5 1346.3 6898.8 178.72
5.1667 1499.7 6949.1 155.2 1447.1 6907.8 148.5 1339.9 6904.5 179.15
5.175 1493.2 6955.6 156.48 1440 6913.8 149.48 1333.4 6910.1 179.57
5.1833 1486.6 6962.2 157.71 1432.7 6919.9 150.44 1326.8 6915.6 179.98
5.1917 1480 6968.8 158.88 1425.4 6925.8 151.36 1320 6921.2 180.4
5.2 1473.1 6975.5 159.99 1418 6931.7 152.26 1313.2 6926.7 180.83
5.2083 1466.2 6982.2 161.01 1410.6 6937.6 153.12 1306.3 6932.1 181.26
5.2167 1459 6989 161.96 1403 6943.4 153.95 1299.2 6937.6 181.71
5.225 1451.7 6995.9 162.82 1395.4 6949.2 154.75 1292.1 6942.9 182.16
5.2333 1444.3 7002.7 163.58 1387.6 6954.9 155.52 1284.9 6948.2 182.62
5.2417 1436.7 7009.7 164.26 1379.8 6960.5 156.26 1277.6 6953.5 183.08
5.25 1429.1 7016.6 164.86 1371.9 6966.1 156.98 1270.3 6958.7 183.53
5.2583 1421.3 7023.6 165.38 1363.9 6971.6 157.69 1262.8 6963.9 183.99
5.2667 1413.3 7030.6 165.85 1355.8 6977.1 158.39 1255.3 6969 184.44
5.275 1405.2 7037.7 166.27 1347.7 6982.6 159.07 1247.6 6974 184.88
5.2833 1396.9 7044.7 166.66 1339.5 6988.1 159.73 1239.9 6979 185.31
5.2917 1388.5 7051.7 167.03 1331.3 6993.6 160.39 1232 6984 185.74
5.3 1379.8 7058.7 167.37 1323 6999.1 161.01 1224 6988.8 186.17
5.3083 1370.9 7065.6 167.69 1314.8 7004.6 161.61 1215.8 6993.6 186.6
5.3167 1361.8 7072.6 168.02 1306.5 7010.1 162.17 1207.6 6998.3 187.03
5.325 1352.4 7079.4 168.34 1298.3 7015.6 162.69 1199.2 7002.9 187.48
5.3333 1342.8 7086.1 168.67 1290.1 7021.1 163.17 1190.7 7007.3 187.95
5.3417 1333.1 7092.7 169.03 1281.9 7026.6 163.61 1182.2 7011.5 188.44
5.35 1323.2 7099 169.41 1273.8 7032 164.02 1173.6 7015.7 188.95
5.3583 1313.1 7105.1 169.83 1265.7 7037.4 164.4 1165 7019.6 189.48
5.3667 1303 7110.8 170.3 1257.5 7042.6 164.77 1156.4 7023.4 190.03
5.375 1293 7116.1 170.82 1249.3 7047.7 165.15 1147.8 7027 190.6
5.3833 1283 7121 171.41 1241.1 7052.7 165.55 1139.2 7030.5 191.18
5.3917 1273.2 7125.6 172.05 1232.9 7057.5 166 1130.8 7033.9 191.77
5.4 1263.6 7130 172.75 1224.5 7062.1 166.52 1122.4 7037.1 192.36
5.4083 1254.3 7134.1 173.5 1216.1 7066.6 167.12 1114 7040.3 192.94
5.4167 1245.2 7138 174.29 1207.7 7070.8 167.81 1105.7 7043.3 193.51
5.425 1236.3 7141.8 175.1 1199.2 7074.9 168.59 1097.4 7046.3 194.07
5.4333 1227.6 7145.5 175.92 1190.6 7078.7 169.47 1089.1 7049.2 194.6
5.4417 1219.2 7149.1 176.74 1182 7082.4 170.45 1080.8 7052 195.11
5.45 1210.9 7152.6 177.54 1173.3 7085.7 171.5 1072.4 7054.6 195.61
5.4583 1202.8 7156 178.31 1164.7 7088.9 172.62 1064 7057.1 196.08
5.4667 1194.7 7159.4 179.02 1156.1 7091.8 173.78 1055.5 7059.4 196.54
5.475 1186.8 7162.6 179.68 1147.5 7094.4 174.98 1046.9 7061.4 196.99
5.4833 1178.8 7165.7 180.29 1138.9 7096.8 176.2 1038.2 7063.1 197.43
5.4917 1170.8 7168.7 180.84 1130.3 7098.9 177.42 1029.4 7064.6 197.87
5.5 1162.8 7171.5 181.34 1121.8 7100.8 178.63 1020.5 7065.8 198.31
5.5083 1154.8 7174 181.81 1113.3 7102.5 179.84 1011.5 7066.6 198.76
5.5167 1146.8 7176.2 182.27 1104.8 7104.1 181.03 1002.5 7067.2 199.21
5.525 1138.8 7178 182.74 1096.3 7105.5 182.21 993.46 7067.5 199.68
5.5333 1130.8 7179.6 183.23 1087.8 7106.8 183.37 984.44 7067.6 200.15
5.5417 1122.9 7180.7 183.77 1079.2 7108 184.52 975.44 7067.5 200.64
5.55 1115 7181.7 184.37 1070.6 7109.1 185.67 966.5 7067.2 201.13
5.5583 1107.2 7182.4 185.03 1061.9 7110.1 186.81 957.62 7066.8 201.64
5.5667 1099.5 7182.9 185.76 1053.1 7111.1 187.96 948.82 7066.3 202.15
5.575 1091.9 7183.3 186.54 1044.3 7112 189.11 940.1 7065.6 202.67
5.5833 1084.2 7183.7 187.35 1035.4 7112.7 190.26 931.47 7064.8 203.18
5.5917 1076.5 7184.1 188.19 1026.4 7113.4 191.41 922.92 7063.9 203.7
5.6 1068.8 7184.4 189.03 1017.4 7113.8 192.55 914.44 7062.9 204.21
5.6083 1061.1 7184.8 189.86 1008.4 7114.1 193.67 906.02 7061.8 204.7
5.6167 1053.3 7185.1 190.65 999.24 7114.2 194.76 897.64 7060.6 205.19
5.625 1045.4 7185.5 191.41 990.12 7114 195.83 889.27 7059.3 205.66
5.6333 1037.4 7185.8 192.11 980.98 7113.7 196.86 880.9 7057.9 206.1
5.6417 1029.4 7186.2 192.77 971.82 7113.3 197.85 872.5 7056.4 206.53
5.65 1021.2 7186.6 193.38 962.65 7112.7 198.8 864.06 7054.9 206.94
5.6583 1013 7186.9 193.96 953.47 7112 199.69 855.55 7053.4 207.32
5.6667 1004.8 7187.3 194.51 944.28 7111.2 200.53 846.97 7051.9 207.68
5.675 996.48 7187.6 195.04 935.09 7110.4 201.33 838.3 7050.5 208.03
5.6833 988.15 7187.8 195.56 925.88 7109.5 202.08 829.55 7049 208.36
5.6917 979.8 7188 196.08 916.66 7108.5 202.78 820.71 7047.6 208.67
5.7 971.43 7188.1 196.61 907.41 7107.5 203.44 811.8 7046.2 208.97
5.7083 963.02 7188.1 197.14 898.13 7106.3 204.06 802.81 7044.6 209.26
5.7167 954.55 7187.8 197.67 888.81 7105 204.65 793.77 7043 209.54
5.725 946 7187.3 198.19 879.44 7103.4 205.2 784.68 7041.2 209.8
5.7333 937.34 7186.5 198.69 870.03 7101.6 205.73 775.56 7039.3 210.05
5.7417 928.54 7185.4 199.16 860.55 7099.5 206.22 766.41 7037.1 210.29
5.75 919.59 7184 199.58 851.02 7097.2 206.7 757.24 7034.7 210.52
5.7583 910.46 7182.2 199.96 841.42 7094.6 207.16 748.05 7032.1 210.72
5.7667 901.15 7180.1 200.29 831.75 7091.7 207.6 738.85 7029.4 210.92
5.775 891.69 7177.7 200.57 822.14 7088.7 208.03 728.9 7027 210.4
5.7833 882.08 7175.1 200.81 812.32 7085.5 208.44 719.68 7023.9 210.57
5.7917 872.35 7172.3 201.02 802.43 7082.3 208.85 710.43 7020.8 210.74
5.8 862.5 7169.3 201.2 792.48 7079 209.25 701.13 7017.7 210.9
5.8083 852.55 7166.3 201.37 782.45 7075.7 209.65 691.79 7014.4 211.05
5.8167 842.5 7163.1 201.52 772.36 7072.3 210.06 682.4 7011.1 211.21
5.825 832.34 7159.8 201.67 762.19 7068.8 210.48 672.95 7007.7 211.37
5.8333 822.07 7156.3 201.8 751.95 7065.2 210.91 663.44 7004.2 211.53
5.8417 811.69 7152.6 201.94 741.63 7061.5 211.35 653.87 7000.4 211.68
5.85 801.17 7148.6 202.07 731.22 7057.5 211.79 644.24 6996.4 211.84
5.8583 790.52 7144.4 202.2 720.72 7053.1 212.24 634.54 6992.2 211.99
5.8667 779.73 7139.8 202.34 710.13 7048.5 212.7 624.79 6987.7 212.13
5.875 768.8 7134.8 202.48 699.45 7043.5 213.15 614.97 6982.9 212.26
5.8833 757.75 7129.6 202.64 688.67 7038.2 213.58 605.09 6978 212.36
5.8917 746.56 7124.2 202.82 677.81 7032.7 213.98 595.15 6972.9 212.44
5.9 735.27 7118.6 203.03 666.9 7027 214.36 585.15 6967.8 212.49
5.9083 723.92 7113 203.27 655.94 7021.2 214.7 575.1 6962.8 212.52
5.9167 712.51 7107.3 203.55 644.98 7015.4 214.98 565 6957.8 212.52
5.925 701.09 7101.8 203.87 634.05 7009.7 215.22 554.86 6953 212.49
5.9333 689.68 7096.4 204.24 623.19 7004.1 215.4 544.71 6948.4 212.45
5.9417 678.36 7091.1 204.64 612.43 6998.8 215.52 534.56 6944.1 212.4
5.95 667.16 7085.9 205.09 601.82 6993.6 215.6 524.43 6939.8 212.33
5.9583 656.12 7080.8 205.56 591.39 6988.6 215.62 514.34 6935.7 212.26
5.9667 645.29 7075.8 206.06 581.17 6983.7 215.6 504.33 6931.7 212.19
5.975 634.69 7070.7 206.57 571.17 6978.9 215.56 494.42 6927.6 212.12
5.9833 624.32 7065.5 207.09 561.39 6974.1 215.48 484.61 6923.4 212.05
5.9917 614.17 7060.2 207.62 551.82 6969.3 215.4 474.93 6919.1 211.98
6 604.23 7054.8 208.15 542.45 6964.4 215.3 465.37 6914.7 211.9
6.0083 594.45 7049.2 208.68 533.23 6959.6 215.2 455.94 6910.3 211.82
6.0167 584.8 7043.5 209.21 524.15 6954.7 215.11 446.62 6905.9 211.74
6.025 575.25 7037.8 209.73 515.14 6950 215.02 437.4 6901.5 211.64
6.0333 565.75 7032.2 210.23 506.19 6945.4 214.93 428.27 6897.3 211.54
6.0417 556.28 7026.7 210.74 497.25 6941 214.84 419.21 6893.3 211.43
6.05 546.82 7021.4 211.22 488.29 6936.9 214.76 410.2 6889.7 211.32
6.0583 537.38 7016.2 211.69 479.32 6933.1 214.66 401.23 6886.3 211.21
6.0667 527.92 7011.3 212.15 470.31 6929.4 214.56 392.3 6883.2 211.1
6.075 518.46 7006.6 212.6 461.27 6925.9 214.44 383.4 6880.3 211.01
6.0833 509.02 7002 213.03 452.21 6922.5 214.31 374.54 6877.4 210.92
6.0917 499.59 6997.4 213.46 443.14 6919 214.16 365.71 6874.6 210.84
6.1 490.18 6992.7 213.87 434.08 6915.4 214 356.92 6871.6 210.78
6.1083 480.8 6987.8 214.26 425.03 6911.5 213.81 348.18 6868.4 210.73
6.1167 471.42 6982.8 214.65 416 6907.4 213.62 339.48 6864.9 210.69
6.125 462.05 6977.6 215.02 407 6903 213.41 330.83 6861.2 210.66
6.1333 452.66 6972.3 215.38 398.01 6898.3 213.19 322.2 6857.3 210.63
6.1417 443.24 6966.8 215.73 389.02 6893.5 212.97 313.59 6853.2 210.6
