0.0083333 -20.47 5.5394 98.515 -52.765 74.458 88.677 -29.529 167.35 82.722
0.016667 -19.526 13.659 98.535 -51.504 83.464 88.719 -27.988 175.57 82.726
0.025 -18.555 22.034 98.567 -50.144 92.659 88.743 -26.389 183.93 82.736
0.033333 -17.579 30.662 98.61 -48.681 102.03 88.748 -24.732 192.46 82.756
0.041667 -16.622 39.533 98.658 -47.111 111.56 88.734 -23.019 201.2 82.788
0.05 -15.706 48.633 98.705 -45.439 121.24 88.699 -21.25 210.16 82.833
0.058333 -14.854 57.949 98.741 -43.668 131.03 88.646 -19.422 219.34 82.891
0.066667 -14.08 67.459 98.758 -41.814 140.93 88.574 -17.531 228.73 82.963
0.075 -13.392 77.149 98.744 -39.89 150.91 88.485 -15.573 238.33 83.044
0.083333 -12.789 86.999 98.693 -37.913 160.95 88.381 -13.547 248.1 83.13
0.091667 -12.257 96.992 98.6 -35.906 171.04 88.263 -11.451 258 83.216
0.1 -11.774 107.11 98.463 -33.891 181.16 88.135 -9.289 267.99 83.297
0.10833 -11.309 117.32 98.287 -31.89 191.29 88.002 -7.0667 278.03 83.364
0.11667 -10.826 127.62 98.078 -29.924 201.41 87.867 -4.7947 288.08 83.413
0.125 -10.288 137.97 97.844 -28.014 211.51 87.738 -2.4872 298.09 83.439
0.13333 -9.6581 148.34 97.598 -26.177 221.57 87.622 -0.16163 308.04 83.439
0.14167 -8.9097 158.7 97.351 -24.426 231.56 87.528 2.1606 317.9 83.412
0.15 -8.0293 169.03 97.11 -22.773 241.47 87.462 4.4568 327.66 83.361
0.15833 -7.0178 179.29 96.883 -21.226 251.27 87.433 6.7025 337.32 83.29
0.16667 -5.8941 189.46 96.673 -19.788 260.94 87.446 8.874 346.87 83.206
0.175 -4.6913 199.52 96.478 -18.462 270.46 87.505 10.948 356.33 83.115
0.18333 -3.4494 209.45 96.295 -17.245 279.82 87.611 12.903 365.72 83.025
0.19167 -2.2092 219.25 96.115 -16.135 289.02 87.76 14.721 375.04 82.946
0.2 -1.0065 228.93 95.93 -15.124 298.03 87.948 16.387 384.32 82.884
0.20833 0.12947 238.49 95.729 -14.204 306.89 88.168 17.888 393.58 82.844
0.21667 1.1781 247.95 95.504 -13.364 315.59 88.41 19.218 402.82 82.829
0.225 2.1279 257.33 95.251 -12.594 324.15 88.665 20.371 412.08 82.84
0.23333 2.9794 266.66 94.966 -11.883 332.59 88.923 21.346 421.34 82.878
0.24167 3.744 275.94 94.652 -11.222 340.95 89.177 22.143 430.63 82.939
0.25 4.4427 285.2 94.314 -10.604 349.25 89.419 22.766 439.94 83.02
0.25833 5.1013 294.46 93.961 -10.025 357.52 89.646 23.219 449.27 83.119
0.26667 5.7474 303.72 93.602 -9.4833 365.78 89.857 23.508 458.62 83.231
0.275 6.4034 312.99 93.246 -8.9782 374.07 90.052 23.64 467.99 83.355
0.28333 7.0845 322.27 92.905 -8.5121 382.39 90.234 23.622 477.38 83.489
0.29167 7.7983 331.56 92.587 -8.0881 390.78 90.409 23.465 486.78 83.632
0.3 8.5371 340.85 92.297 -7.7098 399.23 90.58 23.177 496.18 83.784
0.30833 9.2936 350.13 92.039 -7.3798 407.76 90.755 22.769 505.58 83.946
0.31667 10.046 359.41 91.813 -7.1011 416.36 90.938 22.25 514.96 84.118
0.325 10.775 368.67 91.615 -6.8747 425.03 91.131 21.633 524.33 84.302
0.33333 11.46 377.92 91.441 -6.7013 433.76 91.336 20.927 533.68 84.496
0.34167 12.084 387.16 91.283 -6.5799 442.56 91.552 20.145 543.01 84.701
0.35 12.635 396.39 91.134 -6.5087 451.4 91.777 19.295 552.3 84.913
0.35833 13.11 405.62 90.988 -6.4849 460.29 92.005 18.389 561.57 85.13
0.36667 13.512 414.86 90.84 -6.5047 469.24 92.231 17.433 570.81 85.349
0.375 13.852 424.11 90.684 -6.5643 478.23 92.449 16.438 580.02 85.567
0.38333 14.143 433.38 90.52 -6.6594 487.29 92.654 15.407 589.22 85.782
0.39167 14.401 442.67 90.346 -6.7866 496.43 92.842 14.345 598.42 85.991
0.4 14.642 451.99 90.164 -6.9434 505.65 93.01 13.257 607.61 86.192
0.40833 14.874 461.34 89.978 -7.1287 514.97 93.156 12.144 616.83 86.388
0.41667 15.103 470.72 89.79 -7.3433 524.41 93.283 11.008 626.07 86.577
0.425 15.325 480.14 89.607 -7.5897 533.97 93.39 9.8491 635.34 86.762
0.43333 15.532 489.59 89.436 -7.8712 543.67 93.481 8.6692 644.66 86.946
0.44167 15.708 499.08 89.284 -8.1929 553.51 93.557 7.4685 654.04 87.13
0.45 15.841 508.62 89.159 -8.5598 563.48 93.621 6.2481 663.47 87.315
0.45833 15.911 518.22 89.067 -8.9765 573.59 93.676 5.0086 672.97 87.502
0.46667 15.906 527.88 89.014 -9.4473 583.81 93.721 3.7511 682.54 87.69
0.475 15.816 537.64 89.002 -9.9753 594.15 93.757 2.4757 692.17 87.876
0.48333 15.636 547.53 89.031 -10.563 604.58 93.785 1.1818 701.87 88.059
0.49167 15.37 557.56 89.094 -11.21 615.1 93.805 -0.13264 711.63 88.233
0.5 15.038 567.79 89.185 -11.918 625.69 93.815 -1.4711 721.45 88.396
0.50833 14.645 578.25 89.292 -12.684 636.34 93.82 -2.8392 731.33 88.543
0.51667 14.218 588.95 89.404 -13.509 647.06 93.82 -4.2446 741.28 88.674
0.525 13.769 599.89 89.513 -14.391 657.82 93.822 -5.6969 751.27 88.788
0.53333 13.312 611.07 89.615 -15.329 668.64 93.832 -7.2065 761.33 88.885
0.54167 12.84 622.44 89.71 -16.326 679.51 93.856 -8.7849 771.44 88.969
0.55 12.349 633.98 89.791 -17.377 690.45 93.904 -10.444 781.61 89.043
0.55833 11.829 645.64 89.864 -18.491 701.46 93.983 -12.193 791.85 89.112
0.56667 11.268 657.41 89.922 -19.675 712.55 94.098 -14.04 802.15 89.182
0.575 10.653 669.28 89.966 -20.93 723.72 94.255 -15.989 812.53 89.255
0.58333 9.9733 681.25 89.993 -22.266 734.98 94.455 -18.043 822.98 89.335
0.59167 9.2167 693.36 90.003 -23.687 746.34 94.695 -20.197 833.52 89.423
0.6 8.3757 705.62 90.001 -25.198 757.79 94.973 -22.446 844.16 89.518
0.60833 7.4465 718.07 89.989 -26.8 769.35 95.282 -24.779 854.88 89.617
0.61667 6.4288 730.75 89.977 -28.493 781.01 95.613 -27.185 865.71 89.715
0.625 5.3314 743.68 89.972 -30.272 792.77 95.956 -29.649 876.63 89.809
0.63333 4.1642 756.86 89.988 -32.13 804.63 96.302 -32.156 887.65 89.892
0.64167 2.9387 770.29 90.037 -34.053 816.59 96.642 -34.693 898.76 89.963
0.65 1.6647 783.93 90.133 -36.028 828.63 96.966 -37.248 909.95 90.018
0.65833 0.34812 797.74 90.288 -38.031 840.75 97.267 -39.81 921.21 90.058
0.66667 -1.0155 811.64 90.508 -40.052 852.93 97.542 -42.372 932.52 90.087
0.675 -2.4261 825.58 90.799 -42.059 865.16 97.786 -44.927 943.87 90.11
0.68333 -3.8921 839.47 91.159 -44.035 877.41 97.999 -47.473 955.23 90.134
0.69167 -5.4194 853.25 91.58 -45.962 889.67 98.18 -50.004 966.59 90.169
0.7 -7.0119 866.84 92.051 -47.821 901.92 98.334 -52.517 977.94 90.222
0.70833 -8.6705 880.19 92.556 -49.597 914.13 98.46 -55.007 989.25 90.302
0.71667 -10.39 893.27 93.076 -51.28 926.28 98.564 -57.465 1000.5 90.414
0.725 -12.161 906.03 93.592 -52.863 938.36 98.645 -59.88 1011.7 90.56
0.73333 -13.97 918.46 94.086 -54.343 950.33 98.706 -62.237 1022.9 90.739
0.74167 -15.802 930.58 94.543 -55.723 962.18 98.745 -64.52 1034.1 90.946
0.75 -17.641 942.42 94.956 -57.008 973.9 98.761 -66.71 1045.2 91.175
0.75833 -19.475 954.02 95.322 -58.207 985.48 98.751 -68.785 1056.4 91.416
0.76667 -21.294 965.46 95.646 -59.33 996.91 98.714 -70.727 1067.5 91.656
0.775 -23.085 976.78 95.935 -60.39 1008.2 98.648 -72.517 1078.7 91.885
0.78333 -24.846 988.04 96.192 -61.4 1019.4 98.55 -74.141 1089.9 92.092
0.79167 -26.561 999.27 96.432 -62.372 1030.4 98.424 -75.589 1101.1 92.269
0.8 -28.223 1010.5 96.661 -63.318 1041.3 98.271 -76.856 1112.4 92.41
0.80833 -29.825 1021.8 96.887 -64.248 1052.1 98.095 -77.944 1123.8 92.512
0.81667 -31.361 1033 97.118 -65.171 1062.9 97.9 -78.86 1135.1 92.575
0.825 -32.825 1044.3 97.36 -66.093 1073.7 97.691 -79.614 1146.5 92.602
0.83333 -34.216 1055.5 97.62 -67.019 1084.4 97.475 -80.22 1158 92.597
0.84167 -35.534 1066.6 97.9 -67.951 1095.1 97.255 -80.697 1169.4 92.566
0.85 -36.785 1077.8 98.202 -68.891 1105.8 97.035 -81.061 1180.8 92.515
0.85833 -37.979 1088.8 98.527 -69.835 1116.6 96.818 -81.329 1192.1 92.449
0.86667 -39.127 1099.8 98.875 -70.781 1127.4 96.605 -81.517 1203.5 92.37
0.875 -40.242 1110.6 99.243 -71.724 1138.3 96.397 -81.637 1214.7 92.281
0.88333 -41.341 1121.5 99.628 -72.657 1149.2 96.192 -81.7 1225.9 92.181
0.89167 -42.434 1132.2 100.03 -73.577 1160.2 95.991 -81.715 1237.1 92.071
0.9 -43.533 1143 100.44 -74.478 1171.2 95.793 -81.688 1248.3 91.947
0.90833 -44.646 1153.7 100.85 -75.359 1182.3 95.598 -81.624 1259.4 91.808
0.91667 -45.775 1164.4 101.26 -76.22 1193.5 95.407 -81.527 1270.4 91.652
0.925 -46.916 1175 101.67 -77.065 1204.6 95.223 -81.401 1281.5 91.478
0.93333 -48.06 1185.7 102.08 -77.899 1215.9 95.049 -81.252 1292.6 91.287
0.94167 -49.195 1196.4 102.47 -78.732 1227.2 94.888 -81.085 1303.7 91.081
0.95 -50.306 1207.2 102.86 -79.573 1238.5 94.745 -80.905 1314.8 90.861
0.95833 -51.37 1217.9 103.23 -80.434 1249.9 94.624 -80.717 1326 90.633
0.96667 -52.374 1228.7 103.58 -81.325 1261.3 94.527 -80.527 1337.2 90.4
0.975 -53.305 1239.5 103.92 -82.254 1272.7 94.456 -80.338 1348.4 90.166
0.98333 -54.152 1250.5 104.23 -83.227 1284.2 94.41 -80.153 1359.7 89.935
0.99167 -54.913 1261.5 104.52 -84.242 1295.8 94.389 -79.973 1371 89.708
1 -55.592 1272.6 104.78 -85.296 1307.4 94.39 -79.795 1382.4 89.486
1.0083 -56.196 1283.9 105.01 -86.378 1319 94.408 -79.616 1393.8 89.27
1.0167 -56.739 1295.4 105.2 -87.475 1330.7 94.439 -79.432 1405.2 89.057
1.025 -57.233 1307.1 105.36 -88.568 1342.5 94.479 -79.237 1416.6 88.845
1.0333 -57.694 1319 105.49 -89.64 1354.3 94.523 -79.029 1428.1 88.631
1.0417 -58.132 1331.1 105.6 -90.672 1366.2 94.571 -78.806 1439.7 88.414
1.05 -58.57 1343.4 105.69 -91.648 1378.1 94.618 -78.567 1451.3 88.193
1.0583 -59.029 1356 105.77 -92.556 1390.2 94.663 -78.317 1462.9 87.967
1.0667 -59.535 1368.7 105.85 -93.388 1402.3 94.706 -78.063 1474.6 87.74
1.075 -60.105 1381.6 105.93 -94.142 1414.5 94.744 -77.815 1486.4 87.514
1.0833 -60.75 1394.5 106 -94.819 1426.8 94.777 -77.586 1498.2 87.295
1.0917 -61.464 1407.5 106.06 -95.427 1439.2 94.802 -77.389 1510.1 87.087
1.1 -62.241 1420.4 106.11 -95.977 1451.7 94.818 -77.239 1522 86.896
1.1083 -63.073 1433.4 106.14 -96.482 1464.2 94.819 -77.146 1534 86.728
1.1167 -63.959 1446.3 106.15 -96.954 1476.8 94.804 -77.121 1546 86.585
1.125 -64.91 1459.2 106.14 -97.405 1489.6 94.764 -77.169 1558.1 86.471
1.1333 -65.937 1472.2 106.11 -97.844 1502.3 94.699 -77.291 1570.2 86.386
1.1417 -67.057 1485.2 106.07 -98.277 1515.1 94.604 -77.485 1582.3 86.329
1.15 -68.283 1498.3 106.01 -98.709 1528 94.479 -77.745 1594.4 86.296
1.1583 -69.625 1511.6 105.94 -99.138 1540.8 94.327 -78.063 1606.6 86.284
1.1667 -71.08 1525 105.86 -99.566 1553.7 94.151 -78.429 1618.8 86.288
1.175 -72.635 1538.7 105.76 -99.991 1566.6 93.96 -78.835 1631.1 86.301
1.1833 -74.274 1552.5 105.63 -100.42 1579.5 93.764 -79.276 1643.4 86.318
1.1917 -75.975 1566.4 105.49 -100.85 1592.4 93.575 -79.75 1655.7 86.335
1.2 -77.71 1580.3 105.31 -101.29 1605.3 93.407 -80.258 1668 86.348
1.2083 -79.447 1594.2 105.1 -101.76 1618.2 93.273 -80.81 1680.3 86.354
1.2167 -81.145 1608 104.87 -102.27 1631 93.186 -81.417 1692.7 86.353
1.225 -82.769 1621.7 104.62 -102.84 1643.7 93.157 -82.099 1705 86.345
1.2333 -84.284 1635.1 104.35 -103.49 1656.4 93.195 -82.875 1717.2 86.333
1.2417 -85.668 1648.4 104.07 -104.23 1668.9 93.303 -83.767 1729.4 86.319
1.25 -86.911 1661.4 103.79 -105.08 1681.4 93.483 -84.798 1741.6 86.306
1.2583 -88.02 1674.2 103.52 -106.06 1693.7 93.731 -85.989 1753.6 86.3
1.2667 -89.015 1686.8 103.27 -107.17 1705.8 94.041 -87.358 1765.6 86.303
1.275 -89.921 1699.2 103.05 -108.42 1717.7 94.402 -88.918 1777.4 86.321
1.2833 -90.766 1711.4 102.86 -109.79 1729.5 94.804 -90.679 1789.2 86.356
1.2917 -91.575 1723.5 102.7 -111.27 1741.1 95.235 -92.644 1801 86.412
1.3 -92.374 1735.5 102.59 -112.85 1752.5 95.685 -94.814 1812.6 86.492
1.3083 -93.183 1747.4 102.51 -114.51 1763.8 96.144 -97.184 1824.3 86.597
1.3167 -94.026 1759.3 102.46 -116.22 1775 96.605 -99.746 1835.9 86.73
1.325 -94.922 1771.1 102.44 -117.98 1786 97.065 -102.49 1847.6 86.891
1.3333 -95.885 1782.9 102.45 -119.78 1797 97.522 -105.41 1859.2 87.081
1.3417 -96.926 1794.6 102.48 -121.6 1808 97.977 -108.48 1870.9 87.299
1.35 -98.044 1806.3 102.51 -123.45 1818.9 98.429 -111.7 1882.6 87.544
1.3583 -99.241 1817.9 102.56 -125.33 1829.9 98.888 -115.06 1894.3 87.814
1.3667 -100.51 1829.4 102.6 -127.24 1840.8 99.358 -118.54 1906.1 88.105
1.375 -101.85 1840.8 102.64 -129.18 1851.8 99.836 -122.14 1917.8 88.414
1.3833 -103.25 1852.1 102.67 -131.18 1862.7 100.33 -125.84 1929.6 88.737
1.3917 -104.71 1863.3 102.69 -133.22 1873.8 100.83 -129.62 1941.3 89.068
1.4 -106.23 1874.4 102.7 -135.31 1884.8 101.36 -133.48 1952.9 89.404
1.4083 -107.81 1885.4 102.69 -137.45 1895.9 101.89 -137.4 1964.5 89.739
1.4167 -109.45 1896.3 102.68 -139.63 1907 102.43 -141.37 1976 90.068
1.425 -111.14 1907.2 102.67 -141.86 1918.2 102.97 -145.38 1987.4 90.387
1.4333 -112.89 1918 102.64 -144.12 1929.3 103.5 -149.4 1998.7 90.692
1.4417 -114.7 1928.9 102.61 -146.42 1940.5 104.02 -153.42 2010 90.98
1.45 -116.56 1939.7 102.57 -148.74 1951.7 104.52 -157.44 2021.2 91.249
1.4583 -118.48 1950.6 102.53 -151.1 1962.9 105 -161.44 2032.4 91.499
1.4667 -120.47 1961.5 102.48 -153.5 1974.2 105.45 -165.41 2043.5 91.727
1.475 -122.51 1972.4 102.42 -155.94 1985.5 105.88 -169.35 2054.6 91.935
1.4833 -124.61 1983.4 102.36 -158.44 1996.9 106.27 -173.26 2065.7 92.124
1.4917 -126.76 1994.4 102.3 -160.98 2008.3 106.64 -177.13 2076.8 92.294
1.5 -128.97 2005.4 102.25 -163.59 2019.8 106.98 -180.98 2087.9 92.449
1.5083 -131.22 2016.6 102.21 -166.26 2031.3 107.29 -184.8 2099 92.59
1.5167 -133.52 2027.7 102.19 -169 2042.9 107.59 -188.61 2110.1 92.721
1.525 -135.86 2039 102.21 -171.81 2054.6 107.87 -192.41 2121.3 92.844
1.5333 -138.25 2050.2 102.27 -174.69 2066.3 108.14 -196.21 2132.5 92.963
1.5417 -140.69 2061.6 102.36 -177.63 2078.1 108.4 -200.02 2143.7 93.08
1.55 -143.19 2073.1 102.48 -180.62 2090 108.64 -203.85 2154.9 93.197
1.5583 -145.77 2084.8 102.63 -183.68 2101.8 108.87 -207.71 2166.2 93.318
1.5667 -148.47 2096.6 102.8 -186.8 2113.8 109.09 -211.59 2177.5 93.444
1.575 -151.28 2108.6 102.96 -189.97 2125.7 109.3 -215.49 2188.9 93.575
1.5833 -154.22 2120.8 103.12 -193.21 2137.7 109.49 -219.43 2200.3 93.71
1.5917 -157.3 2133.2 103.27 -196.51 2149.8 109.67 -223.4 2211.7 93.849
1.6 -160.53 2145.6 103.41 -199.9 2161.9 109.85 -227.39 2223.3 93.988
1.6083 -163.9 2158.2 103.54 -203.37 2174 110.02 -231.4 2234.8 94.123
1.6167 -167.41 2170.7 103.66 -206.93 2186.2 110.18 -235.43 2246.5 94.251
1.625 -171.05 2183.3 103.77 -210.59 2198.4 110.35 -239.48 2258.2 94.365
1.6333 -174.83 2196 103.87 -214.37 2210.7 110.53 -243.54 2269.9 94.462
1.6417 -178.73 2208.8 103.94 -218.26 2223 110.72 -247.61 2281.7 94.534
1.65 -182.75 2221.6 103.99 -222.25 2235.3 110.93 -251.68 2293.5 94.58
1.6583 -186.88 2234.6 104.02 -226.36 2247.6 111.15 -255.77 2305.4 94.596
1.6667 -191.12 2247.8 104.03 -230.58 2259.9 111.39 -259.85 2317.2 94.58
1.675 -195.44 2261.2 104.03 -234.88 2272.2 111.64 -263.95 2329.1 94.534
1.6833 -199.83 2274.9 104.02 -239.27 2284.5 111.89 -268.05 2341 94.459
1.6917 -204.29 2288.7 104.01 -243.73 2296.8 112.14 -272.16 2353 94.361
1.7 -208.79 2302.6 104.03 -248.23 2309.1 112.37 -276.27 2364.9 94.244
1.7083 -213.33 2316.7 104.09 -252.78 2321.4 112.59 -280.4 2376.8 94.114
1.7167 -217.9 2330.8 104.2 -257.34 2333.6 112.77 -284.53 2388.7 93.979
1.725 -222.49 2344.9 104.37 -261.9 2345.9 112.91 -288.66 2400.6 93.845
1.7333 -227.08 2358.8 104.61 -266.44 2358.1 113.01 -292.8 2412.5 93.718
1.7417 -231.68 2372.5 104.92 -270.93 2370.4 113.07 -296.93 2424.3 93.602
1.75 -236.27 2385.9 105.29 -275.37 2382.6 113.07 -301.06 2436.1 93.501
1.7583 -240.82 2399 105.71 -279.73 2394.9 113.04 -305.19 2447.9 93.415
1.7667 -245.31 2411.8 106.16 -283.99 2407.1 112.96 -309.29 2459.6 93.345
1.775 -249.73 2424.3 106.61 -288.13 2419.4 112.85 -313.37 2471.2 93.29
1.7833 -254.06 2436.4 107.05 -292.15 2431.5 112.72 -317.42 2482.8 93.245
1.7917 -258.3 2448.2 107.46 -296.03 2443.7 112.56 -321.43 2494.4 93.209
1.8 -262.46 2459.7 107.84 -299.78 2455.7 112.4 -325.38 2505.9 93.178
1.8083 -266.56 2471.1 108.17 -303.38 2467.6 112.23 -329.27 2517.4 93.148
1.8167 -270.64 2482.4 108.47 -306.85 2479.4 112.07 -333.09 2528.9 93.116
1.825 -274.71 2493.6 108.73 -310.2 2491.1 111.9 -336.83 2540.5 93.08
1.8333 -278.77 2504.7 108.96 -313.44 2502.6 111.75 -340.47 2552.1 93.039
1.8417 -282.83 2515.9 109.17 -316.6 2513.9 111.59 -344.01 2563.7 92.99
1.85 -286.88 2527.1 109.37 -319.7 2525.1 111.44 -347.44 2575.4 92.934
1.8583 -290.91 2538.4 109.56 -322.75 2536.2 111.28 -350.75 2587.3 92.87
1.8667 -294.88 2549.6 109.76 -325.76 2547.1 111.12 -353.95 2599.2 92.797
1.875 -298.79 2560.9 109.98 -328.77 2558 110.95 -357.02 2611.2 92.715
1.8833 -302.6 2572.1 110.23 -331.77 2568.9 110.77 -359.97 2623.3 92.623
1.8917 -306.32 2583.4 110.51 -334.78 2579.7 110.59 -362.81 2635.4 92.519
1.9 -309.92 2594.6 110.83 -337.8 2590.5 110.39 -365.54 2647.6 92.402
1.9083 -313.43 2605.7 111.19 -340.83 2601.4 110.18 -368.16 2659.8 92.27
1.9167 -316.83 2616.7 111.6 -343.87 2612.4 109.96 -370.7 2671.9 92.121
1.925 -320.15 2627.7 112.04 -346.92 2623.4 109.74 -373.15 2684.1 91.954
1.9333 -323.4 2638.6 112.52 -349.98 2634.5 109.52 -375.52 2696.1 91.768
1.9417 -326.6 2649.4 113.01 -353.04 2645.7 109.29 -377.83 2708.2 91.562
1.95 -329.76 2660.2 113.53 -356.11 2657 109.08 -380.09 2720.1 91.337
1.9583 -332.9 2670.9 114.05 -359.19 2668.4 108.87 -382.3 2731.9 91.092
1.9667 -336.03 2681.6 114.56 -362.27 2679.9 108.67 -384.47 2743.7 90.83
1.975 -339.15 2692.2 115.07 -365.37 2691.5 108.48 -386.61 2755.4 90.553
1.9833 -342.27 2702.9 115.56 -368.49 2703.1 108.31 -388.71 2767 90.261
1.9917 -345.39 2713.6 116.04 -371.63 2714.8 108.15 -390.79 2778.6 89.959
2 -348.49 2724.3 116.49 -374.8 2726.5 108.01 -392.84 2790.2 89.647
2.0083 -351.57 2735.2 116.92 -378 2738.3 107.89 -394.88 2801.7 89.329
2.0167 -354.62 2746.2 117.33 -381.23 2750.2 107.78 -396.89 2813.2 89.005
2.025 -357.63 2757.4 117.71 -384.49 2762.1 107.69 -398.89 2824.6 88.676
2.0333 -360.6 2768.7 118.06 -387.76 2774 107.62 -400.88 2836.1 88.341
2.0417 -363.52 2780.2 118.37 -391.04 2786 107.56 -402.85 2847.6 88.002
2.05 -366.38 2791.9 118.66 -394.32 2798.1 107.52 -404.81 2859 87.654
2.0583 -369.2 2803.7 118.91 -397.59 2810.2 107.5 -406.75 2870.5 87.297
2.0667 -371.98 2815.8 119.13 -400.84 2822.4 107.5 -408.68 2882.1 86.928
2.075 -374.72 2828 119.33 -404.05 2834.6 107.51 -410.59 2893.6 86.543
2.0833 -377.44 2840.3 119.5 -407.23 2846.9 107.55 -412.48 2905.2 86.14
2.0917 -380.18 2852.8 119.65 -410.37 2859.3 107.59 -414.35 2916.9 85.718
2.1 -382.96 2865.4 119.79 -413.47 2871.6 107.65 -416.19 2928.6 85.275
2.1083 -385.8 2878.1 119.9 -416.53 2884.1 107.72 -418.02 2940.4 84.812
2.1167 -388.72 2890.8 119.98 -419.55 2896.5 107.8 -419.83 2952.2 84.33
2.125 -391.73 2903.4 120.02 -422.53 2909.1 107.87 -421.62 2964.2 83.833
2.1333 -394.81 2915.9 120.03 -425.48 2921.7 107.94 -423.42 2976.2 83.325
2.1417 -397.97 2928.4 120 -428.39 2934.3 108 -425.22 2988.2 82.811
2.15 -401.19 2940.9 119.93 -431.27 2947.1 108.04 -427.05 3000.4 82.299
2.1583 -404.5 2953.4 119.83 -434.11 2959.9 108.05 -428.91 3012.6 81.796
2.1667 -407.9 2966 119.72 -436.9 2972.8 108.05 -430.81 3024.9 81.307
2.175 -411.41 2978.7 119.6 -439.65 2985.7 108.01 -432.77 3037.3 80.839
2.1833 -415.02 2991.6 119.47 -442.34 2998.8 107.94 -434.79 3049.7 80.395
2.1917 -418.74 3004.7 119.35 -444.96 3011.9 107.85 -436.88 3062.2 79.978
2.2 -422.56 3018.1 119.24 -447.53 3025 107.74 -439.03 3074.8 79.59
2.2083 -426.46 3031.6 119.13 -450.05 3038.1 107.61 -441.23 3087.5 79.227
2.2167 -430.43 3045.3 119.02 -452.52 3051.3 107.47 -443.48 3100.2 78.888
2.225 -434.43 3059.1 118.9 -454.95 3064.4 107.33 -445.76 3112.9 78.569
2.2333 -438.43 3072.9 118.76 -457.38 3077.4 107.21 -448.06 3125.8 78.263
2.2417 -442.38 3086.7 118.59 -459.81 3090.4 107.1 -450.36 3138.6 77.964
2.25 -446.25 3100.4 118.4 -462.27 3103.3 107.03 -452.65 3151.5 77.668
2.2583 -450 3113.9 118.19 -464.78 3116.1 107.01 -454.92 3164.4 77.37
2.2667 -453.58 3127.3 117.97 -467.37 3128.8 107.03 -457.18 3177.2 77.065
2.275 -456.99 3140.4 117.73 -470.04 3141.3 107.11 -459.41 3190 76.752
2.2833 -460.2 3153.4 117.48 -472.82 3153.7 107.24 -461.63 3202.7 76.429
2.2917 -463.23 3166.1 117.24 -475.7 3165.9 107.43 -463.85 3215.3 76.098
2.3 -466.09 3178.6 117 -478.68 3178 107.67 -466.08 3227.8 75.761
2.3083 -468.8 3191 116.77 -481.76 3190 107.96 -468.34 3240.2 75.422
2.3167 -471.39 3203.1 116.55 -484.92 3201.8 108.28 -470.65 3252.5 75.083
2.325 -473.88 3215.2 116.34 -488.15 3213.5 108.62 -473.03 3264.7 74.75
2.3333 -476.29 3227.2 116.14 -491.43 3225.1 108.97 -475.49 3276.9 74.427
2.3417 -478.64 3239.1 115.95 -494.74 3236.5 109.33 -478.05 3288.9 74.117
2.35 -480.96 3251.1 115.75 -498.07 3247.9 109.68 -480.71 3300.9 73.825
2.3583 -483.27 3262.9 115.55 -501.4 3259.1 110.01 -483.48 3312.8 73.552
2.3667 -485.58 3274.8 115.35 -504.73 3270.3 110.32 -486.37 3324.7 73.302
2.375 -487.91 3286.6 115.13 -508.05 3281.4 110.61 -489.38 3336.6 73.077
2.3833 -490.28 3298.4 114.9 -511.35 3292.4 110.86 -492.51 3348.5 72.878
2.3917 -492.67 3310.1 114.64 -514.64 3303.4 111.09 -495.76 3360.3 72.706
2.4 -495.12 3321.6 114.36 -517.93 3314.3 111.29 -499.12 3372.1 72.564
2.4083 -497.61 3333.1 114.05 -521.21 3325.2 111.47 -502.6 3383.9 72.45
2.4167 -500.17 3344.4 113.71 -524.51 3336.2 111.63 -506.18 3395.6 72.367
2.425 -502.8 3355.6 113.35 -527.81 3347.1 111.78 -509.86 3407.3 72.314
2.4333 -505.5 3366.7 112.97 -531.14 3358 111.91 -513.65 3418.8 72.29
2.4417 -508.28 3377.7 112.57 -534.49 3369 112.03 -517.53 3430.3 72.294
2.45 -511.13 3388.5 112.16 -537.87 3380 112.14 -521.49 3441.8 72.323
2.4583 -514.06 3399.4 111.75 -541.27 3391 112.24 -525.52 3453.1 72.372
2.4667 -517.06 3410.1 111.33 -544.69 3402.1 112.33 -529.61 3464.4 72.437
2.475 -520.12 3420.9 110.9 -548.14 3413.2 112.4 -533.75 3475.5 72.511
2.4833 -523.24 3431.7 110.48 -551.61 3424.4 112.46 -537.91 3486.7 72.586
2.4917 -526.41 3442.5 110.04 -555.1 3435.7 112.5 -542.09 3497.8 72.654
2.5 -529.63 3453.4 109.6 -558.62 3447 112.51 -546.26 3508.8 72.707
2.5083 -532.89 3464.3 109.15 -562.16 3458.3 112.51 -550.41 3519.8 72.737
2.5167 -536.19 3475.2 108.69 -565.73 3469.7 112.48 -554.54 3530.8 72.739
2.525 -539.52 3486.2 108.23 -569.33 3481.2 112.44 -558.62 3541.8 72.707
2.5333 -542.89 3497.2 107.77 -572.97 3492.8 112.37 -562.66 3552.7 72.637
2.5417 -546.28 3508.3 107.32 -576.64 3504.4 112.3 -566.65 3563.7 72.529
2.55 -549.71 3519.5 106.91 -580.35 3516 112.21 -570.61 3574.6 72.383
2.5583 -553.17 3530.7 106.54 -584.11 3527.8 112.11 -574.52 3585.6 72.203
2.5667 -556.66 3542 106.22 -587.92 3539.5 112.01 -578.41 3596.6 71.994
2.575 -560.19 3553.4 105.96 -591.77 3551.4 111.9 -582.28 3607.6 71.76
2.5833 -563.78 3564.9 105.76 -595.68 3563.3 111.78 -586.14 3618.6 71.51
2.5917 -567.43 3576.5 105.63 -599.64 3575.2 111.66 -590 3629.6 71.249
2.6 -571.17 3588.3 105.55 -603.65 3587.2 111.54 -593.88 3640.6 70.985
2.6083 -575 3600.3 105.5 -607.71 3599.2 111.41 -597.77 3651.7 70.724
2.6167 -578.93 3612.4 105.48 -611.81 3611.3 111.28 -601.7 3662.8 70.47
2.625 -582.94 3624.6 105.48 -615.95 3623.5 111.15 -605.65 3673.9 70.227
2.6333 -587.05 3637 105.48 -620.14 3635.7 111.03 -609.64 3685.1 69.996
2.6417 -591.25 3649.3 105.47 -624.35 3647.9 110.91 -613.68 3696.3 69.779
2.65 -595.53 3661.8 105.46 -628.6 3660.2 110.8 -617.76 3707.6 69.574
2.6583 -599.9 3674.2 105.41 -632.87 3672.5 110.71 -621.88 3719 69.379
2.6667 -604.35 3686.8 105.34 -637.17 3684.9 110.63 -626.05 3730.4 69.192
2.675 -608.89 3699.3 105.23 -641.48 3697.2 110.59 -630.26 3741.8 69.012
2.6833 -613.49 3712 105.1 -645.82 3709.6 110.56 -634.52 3753.4 68.836
2.6917 -618.18 3724.8 104.94 -650.19 3721.9 110.57 -638.83 3765 68.663
2.7 -622.9 3737.8 104.79 -654.58 3734.2 110.59 -643.17 3776.6 68.494
2.7083 -627.66 3750.9 104.65 -659 3746.5 110.63 -647.56 3788.4 68.33
2.7167 -632.43 3764.2 104.54 -663.45 3758.8 110.69 -651.99 3800.2 68.174
2.725 -637.2 3777.5 104.48 -667.93 3771 110.75 -656.45 3812.1 68.031
2.7333 -641.93 3791 104.49 -672.44 3783.3 110.8 -660.96 3824.1 67.905
2.7417 -646.64 3804.5 104.58 -676.96 3795.5 110.84 -665.5 3836.2 67.802
2.75 -651.3 3818 104.75 -681.48 3807.8 110.86 -670.09 3848.2 67.727
2.7583 -655.92 3831.4 104.99 -685.98 3820.1 110.85 -674.71 3860.4 67.686
2.7667 -660.49 3844.6 105.3 -690.45 3832.4 110.82 -679.38 3872.5 67.683
2.775 -665.02 3857.5 105.66 -694.86 3844.8 110.74 -684.08 3884.6 67.719
2.7833 -669.48 3870.2 106.04 -699.18 3857.2 110.64 -688.81 3896.7 67.798
2.7917 -673.88 3882.5 106.43 -703.39 3869.6 110.5 -693.56 3908.7 67.919
2.8 -678.19 3894.6 106.79 -707.48 3882 110.33 -698.32 3920.7 68.078
2.8083 -682.41 3906.2 107.1 -711.42 3894.4 110.15 -703.07 3932.7 68.273
2.8167 -686.55 3917.6 107.34 -715.2 3906.7 109.95 -707.78 3944.6 68.497
2.825 -690.62 3928.7 107.51 -718.84 3919 109.74 -712.42 3956.5 68.744
2.8333 -694.63 3939.6 107.61 -722.32 3931.1 109.52 -716.96 3968.4 69.006
2.8417 -698.59 3950.3 107.64 -725.67 3943.1 109.31 -721.36 3980.3 69.274
2.85 -702.53 3960.9 107.62 -728.89 3955 109.1 -725.58 3992.3 69.54
2.8583 -706.43 3971.4 107.58 -732.01 3966.7 108.89 -729.6 4004.4 69.794
2.8667 -710.29 3982 107.52 -735.04 3978.2 108.69 -733.38 4016.5 70.029
2.875 -714.1 3992.5 107.48 -738.02 3989.6 108.49 -736.91 4028.7 70.239
2.8833 -717.83 4003.1 107.46 -740.96 4000.9 108.27 -740.17 4041 70.417
2.8917 -721.48 4013.6 107.49 -743.86 4012 108.05 -743.16 4053.4 70.559
2.9 -725.02 4024.3 107.58 -746.75 4023 107.81 -745.89 4065.9 70.663
2.9083 -728.44 4034.9 107.72 -749.63 4034 107.55 -748.37 4078.5 70.727
2.9167 -731.74 4045.6 107.91 -752.51 4045 107.26 -750.63 4091 70.751
2.925 -734.91 4056.2 108.15 -755.38 4055.9 106.95 -752.7 4103.6 70.736
2.9333 -737.97 4066.9 108.44 -758.25 4066.9 106.62 -754.61 4116.2 70.681
2.9417 -740.94 4077.5 108.76 -761.12 4078 106.27 -756.39 4128.7 70.589
2.95 -743.83 4088.2 109.09 -763.97 4089.1 105.9 -758.07 4141.1 70.461
2.9583 -746.68 4098.7 109.44 -766.81 4100.3 105.52 -759.67 4153.4 70.298
2.9667 -749.51 4109.2 109.79 -769.64 4111.6 105.15 -761.21 4165.7 70.101
2.975 -752.31 4119.7 110.13 -772.45 4123 104.78 -762.71 4177.9 69.873
2.9833 -755.11 4130.2 110.47 -775.24 4134.4 104.44 -764.17 4190 69.615
2.9917 -757.91 4140.6 110.8 -778.01 4146 104.11 -765.59 4202.1 69.329
3 -760.68 4151 111.11 -780.77 4157.6 103.82 -766.97 4214.1 69.019
3.0083 -763.42 4161.5 111.42 -783.52 4169.2 103.56 -768.3 4226 68.689
3.0167 -766.11 4171.9 111.71 -786.24 4180.9 103.32 -769.6 4238 68.342
3.025 -768.73 4182.5 111.99 -788.96 4192.6 103.11 -770.85 4250 67.982
3.0333 -771.24 4193.2 112.25 -791.65 4204.4 102.93 -772.07 4261.9 67.616
3.0417 -773.64 4204 112.5 -794.31 4216.2 102.75 -773.26 4273.9 67.247
3.05 -775.93 4214.9 112.73 -796.95 4228 102.59 -774.43 4285.9 66.88
3.0583 -778.1 4226 112.94 -799.55 4239.9 102.43 -775.59 4297.8 66.517
3.0667 -780.16 4237.2 113.11 -802.11 4251.8 102.27 -776.75 4309.8 66.162
3.075 -782.13 4248.6 113.25 -804.62 4263.7 102.1 -777.92 4321.7 65.816
3.0833 -784.03 4260.2 113.36 -807.07 4275.7 101.93 -779.12 4333.6 65.477
3.0917 -785.88 4271.9 113.44 -809.46 4287.8 101.76 -780.33 4345.5 65.146
3.1 -787.71 4283.8 113.5 -811.79 4299.9 101.59 -781.56 4357.4 64.821
3.1083 -789.52 4295.8 113.54 -814.04 4312.1 101.43 -782.79 4369.3 64.498
3.1167 -791.35 4308 113.57 -816.21 4324.3 101.27 -784 4381.2 64.175
3.125 -793.2 4320.3 113.59 -818.31 4336.6 101.13 -785.19 4393.1 63.849
3.1333 -795.08 4332.7 113.6 -820.32 4349.1 101.01 -786.33 4405 63.517
3.1417 -797.01 4345.2 113.6 -822.25 4361.5 100.9 -787.4 4416.9 63.177
3.15 -798.98 4357.7 113.57 -824.1 4374.1 100.8 -788.38 4428.9 62.828
3.1583 -800.97 4370.2 113.52 -825.86 4386.8 100.72 -789.27 4440.9 62.471
3.1667 -803 4382.6 113.45 -827.54 4399.5 100.63 -790.06 4453 62.108
3.175 -805.06 4395.1 113.37 -829.12 4412.3 100.54 -790.75 4465.2 61.742
3.1833 -807.16 4407.6 113.26 -830.62 4425.1 100.43 -791.35 4477.4 61.377
3.1917 -809.3 4420.2 113.13 -832.04 4438 100.3 -791.88 4489.7 61.019
3.2 -811.49 4432.8 113 -833.36 4451 100.13 -792.33 4502 60.673
3.2083 -813.73 4445.6 112.85 -834.6 4464 99.918 -792.74 4514.4 60.344
3.2167 -816 4458.6 112.68 -835.75 4477 99.663 -793.12 4526.9 60.038
3.225 -818.3 4471.7 112.5 -836.82 4490 99.364 -793.48 4539.3 59.757
3.2333 -820.6 4485.1 112.29 -837.83 4503.1 99.025 -793.83 4551.9 59.504
3.2417 -822.87 4498.5 112.06 -838.78 4516.1 98.656 -794.18 4564.4 59.279
3.25 -825.09 4512.1 111.79 -839.69 4529.1 98.257 -794.53 4577 59.079
3.2583 -827.25 4525.7 111.49 -840.58 4542.1 97.853 -794.87 4589.7 58.902
3.2667 -829.31 4539.3 111.16 -841.45 4554.9 97.458 -795.2 4602.3 58.741
3.275 -831.26 4552.8 110.8 -842.35 4567.7 97.076 -795.51 4615 58.589
3.2833 -833.05 4566.3 110.43 -843.28 4580.4 96.73 -795.79 4627.6 58.439
3.2917 -834.67 4579.5 110.04 -844.25 4592.9 96.429 -796.05 4640.3 58.285
3.3 -836.1 4592.6 109.66 -845.29 4605.3 96.183 -796.29 4652.8 58.119
3.3083 -837.34 4605.4 109.28 -846.4 4617.6 95.998 -796.51 4665.4 57.94
3.3167 -838.4 4618 108.91 -847.59 4629.6 95.875 -796.73 4677.8 57.746
3.325 -839.3 4630.4 108.56 -848.85 4641.5 95.812 -796.97 4690.2 57.539
3.3333 -840.06 4642.6 108.22 -850.19 4653.1 95.804 -797.25 4702.5 57.325
3.3417 -840.72 4654.6 107.89 -851.59 4664.6 95.842 -797.59 4714.8 57.111
3.35 -841.31 4666.4 107.56 -853.05 4675.9 95.916 -798.02 4726.9 56.906
3.3583 -841.83 4678.2 107.23 -854.55 4687 96.015 -798.56 4738.9 56.718
3.3667 -842.32 4689.9 106.88 -856.07 4697.9 96.128 -799.24 4750.9 56.559
3.375 -842.8 4701.6 106.52 -857.61 4708.6 96.246 -800.06 4762.8 56.434
3.3833 -843.29 4713.3 106.13 -859.15 4719.3 96.358 -801.03 4774.7 56.351
3.3917 -843.8 4724.9 105.71 -860.67 4729.8 96.464 -802.16 4786.5 56.314
3.4 -844.33 4736.5 105.27 -862.16 4740.2 96.558 -803.43 4798.3 56.322
3.4083 -844.88 4748 104.8 -863.63 4750.7 96.644 -804.84 4810.1 56.376
3.4167 -845.46 4759.6 104.3 -865.06 4761.1 96.724 -806.38 4821.8 56.47
3.425 -846.07 4771 103.77 -866.46 4771.5 96.803 -808.02 4833.5 56.598
3.4333 -846.7 4782.3 103.23 -867.83 4781.9 96.889 -809.76 4845.2 56.754
3.4417 -847.35 4793.5 102.68 -869.18 4792.3 96.986 -811.58 4856.9 56.93
3.45 -848.04 4804.6 102.11 -870.52 4802.8 97.101 -813.45 4868.5 57.119
3.4583 -848.76 4815.6 101.54 -871.84 4813.4 97.236 -815.38 4880.1 57.313
3.4667 -849.53 4826.5 100.98 -873.17 4824 97.392 -817.34 4891.7 57.509
3.475 -850.35 4837.3 100.41 -874.5 4834.7 97.567 -819.34 4903.2 57.7
3.4833 -851.22 4848.1 99.857 -875.83 4845.4 97.757 -821.37 4914.6 57.883
3.4917 -852.16 4858.8 99.301 -877.18 4856.1 97.956 -823.41 4926 58.053
3.5 -853.16 4869.4 98.746 -878.53 4866.8 98.155 -825.48 4937.2 58.208
3.5083 -854.22 4880.1 98.188 -879.88 4877.6 98.346 -827.55 4948.4 58.345
3.5167 -855.34 4890.9 97.621 -881.25 4888.4 98.521 -829.63 4959.6 58.458
3.525 -856.52 4901.6 97.044 -882.61 4899.1 98.674 -831.7 4970.6 58.545
3.5333 -857.74 4912.4 96.456 -883.97 4909.9 98.8 -833.76 4981.6 58.601
3.5417 -859 4923.3 95.861 -885.32 4920.8 98.898 -835.8 4992.4 58.625
3.55 -860.29 4934.1 95.265 -886.67 4931.7 98.967 -837.81 5003.3 58.615
3.5583 -861.59 4945 94.679 -888.01 4942.6 99.013 -839.78 5014 58.574
3.5667 -862.91 4956 94.117 -889.34 4953.6 99.038 -841.71 5024.7 58.504
3.575 -864.23 4966.9 93.594 -890.67 4964.7 99.051 -843.6 5035.4 58.413
3.5833 -865.55 4977.8 93.124 -892 4975.9 99.055 -845.45 5046 58.309
3.5917 -866.88 4988.8 92.718 -893.32 4987.2 99.057 -847.26 5056.6 58.203
3.6 -868.23 4999.8 92.384 -894.64 4998.6 99.06 -849.05 5067.3 58.106
3.6083 -869.59 5010.9 92.121 -895.95 5010 99.065 -850.81 5078 58.028
3.6167 -870.99 5022.1 91.923 -897.26 5021.5 99.073 -852.55 5088.7 57.976
3.625 -872.44 5033.4 91.776 -898.58 5033.1 99.081 -854.28 5099.5 57.955
3.6333 -873.94 5044.9 91.67 -899.88 5044.7 99.085 -856.01 5110.4 57.967
3.6417 -875.48 5056.6 91.593 -901.19 5056.4 99.081 -857.73 5121.3 58.007
3.65 -877.07 5068.4 91.537 -902.49 5068.1 99.067 -859.45 5132.3 58.069
3.6583 -878.67 5080.4 91.499 -903.79 5079.8 99.037 -861.17 5143.4 58.142
3.6667 -880.29 5092.5 91.474 -905.09 5091.5 98.992 -862.87 5154.5 58.213
3.675 -881.9 5104.6 91.462 -906.39 5103.3 98.933 -864.56 5165.7 58.269
3.6833 -883.5 5116.8 91.457 -907.71 5115.1 98.863 -866.22 5176.9 58.298
3.6917 -885.08 5129 91.454 -909.03 5126.9 98.787 -867.84 5188.2 58.29
3.7 -886.64 5141.3 91.451 -910.37 5138.7 98.713 -869.42 5199.5 58.238
3.7083 -888.17 5153.7 91.445 -911.73 5150.6 98.649 -870.94 5210.9 58.142
3.7167 -889.7 5166.2 91.436 -913.11 5162.5 98.601 -872.39 5222.3 58.003
3.725 -891.21 5178.8 91.423 -914.51 5174.4 98.576 -873.78 5233.8 57.828
3.7333 -892.75 5191.7 91.41 -915.92 5186.4 98.578 -875.1 5245.4 57.627
3.7417 -894.3 5204.7 91.399 -917.35 5198.3 98.606 -876.35 5257 57.412
3.75 -895.88 5218 91.394 -918.77 5210.3 98.66 -877.53 5268.8 57.195
3.7583 -897.49 5231.4 91.402 -920.19 5222.2 98.732 -878.65 5280.6 56.986
3.7667 -899.12 5245 91.426 -921.58 5234.2 98.814 -879.72 5292.5 56.793
3.775 -900.77 5258.6 91.47 -922.92 5246.1 98.896 -880.74 5304.5 56.623
3.7833 -902.44 5272.2 91.534 -924.21 5257.9 98.965 -881.71 5316.5 56.476
3.7917 -904.13 5285.7 91.615 -925.43 5269.8 99.01 -882.66 5328.5 56.352
3.8 -905.81 5299.1 91.706 -926.55 5281.6 99.017 -883.57 5340.5 56.246
3.8083 -907.47 5312.2 91.796 -927.57 5293.5 98.978 -884.45 5352.5 56.15
3.8167 -909.1 5324.9 91.872 -928.47 5305.3 98.884 -885.3 5364.4 56.06
3.825 -910.67 5337.3 91.918 -929.26 5317.2 98.732 -886.11 5376.2 55.966
3.8333 -912.17 5349.4 91.919 -929.91 5329 98.519 -886.87 5387.9 55.865
3.8417 -913.58 5361.1 91.864 -930.43 5340.9 98.247 -887.57 5399.5 55.751
3.85 -914.9 5372.4 91.746 -930.81 5352.9 97.919 -888.18 5410.9 55.622
3.8583 -916.13 5383.4 91.566 -931.07 5364.8 97.541 -888.68 5422.3 55.48
3.8667 -917.28 5394.2 91.332 -931.2 5376.8 97.12 -889.05 5433.7 55.327
3.875 -918.34 5404.7 91.06 -931.2 5388.7 96.662 -889.27 5445 55.166
3.8833 -919.31 5415.2 90.766 -931.09 5400.6 96.175 -889.31 5456.3 55.003
3.8917 -920.18 5425.5 90.469 -930.87 5412.4 95.665 -889.16 5467.6 54.843
3.9 -920.94 5435.8 90.188 -930.55 5424 95.137 -888.8 5479.1 54.69
3.9083 -921.57 5446.1 89.943 -930.12 5435.6 94.593 -888.23 5490.6 54.547
3.9167 -922.05 5456.4 89.751 -929.61 5446.9 94.039 -887.44 5502.2 54.417
3.925 -922.36 5466.7 89.626 -929.02 5458.1 93.474 -886.43 5513.9 54.299
3.9333 -922.49 5477 89.577 -928.34 5469.2 92.9 -885.23 5525.6 54.192
3.9417 -922.42 5487.3 89.604 -927.6 5480.1 92.318 -883.84 5537.5 54.092
3.95 -922.14 5497.5 89.705 -926.78 5490.9 91.728 -882.28 5549.3 53.993
3.9583 -921.66 5507.8 89.87 -925.9 5501.6 91.13 -880.56 5561.2 53.89
3.9667 -920.98 5518 90.085 -924.96 5512.3 90.526 -878.69 5573 53.777
3.975 -920.13 5528.1 90.334 -923.96 5522.9 89.916 -876.7 5584.7 53.646
3.9833 -919.12 5538.2 90.602 -922.89 5533.6 89.302 -874.59 5596.4 53.493
3.9917 -917.98 5548.3 90.871 -921.77 5544.3 88.685 -872.37 5607.9 53.311
4 -916.74 5558.3 91.133 -920.59 5555 88.069 -870.03 5619.3 53.098
4.0083 -915.42 5568.3 91.374 -919.36 5565.9 87.454 -867.59 5630.6 52.848
4.0167 -914.04 5578.3 91.591 -918.07 5576.8 86.844 -865.03 5641.7 52.561
4.025 -912.64 5588.3 91.782 -916.72 5587.8 86.242 -862.37 5652.8 52.236
4.0333 -911.22 5598.2 91.948 -915.32 5598.8 85.651 -859.59 5663.7 51.874
4.0417 -909.78 5608.1 92.091 -913.87 5609.8 85.072 -856.7 5674.5 51.476
4.05 -908.34 5618 92.216 -912.35 5620.9 84.507 -853.71 5685.2 51.046
4.0583 -906.87 5627.9 92.326 -910.78 5632 83.959 -850.62 5695.9 50.586
4.0667 -905.37 5637.8 92.426 -909.15 5643.1 83.427 -847.44 5706.5 50.101
4.075 -903.83 5647.7 92.518 -907.44 5654.2 82.915 -844.19 5717.1 49.596
4.0833 -902.23 5657.6 92.598 -905.66 5665.3 82.422 -840.86 5727.7 49.075
4.0917 -900.55 5667.6 92.663 -903.79 5676.4 81.95 -837.47 5738.2 48.545
4.1 -898.77 5677.6 92.706 -901.82 5687.4 81.5 -834.03 5748.7 48.009
4.1083 -896.88 5687.8 92.718 -899.75 5698.6 81.073 -830.53 5759.2 47.471
4.1167 -894.87 5698.1 92.692 -897.57 5709.7 80.671 -826.98 5769.6 46.935
4.125 -892.73 5708.5 92.62 -895.25 5720.9 80.296 -823.37 5780.1 46.405
4.1333 -890.46 5719.1 92.502 -892.8 5732.1 79.949 -819.69 5790.5 45.883
4.1417 -888.05 5729.9 92.342 -890.21 5743.4 79.634 -815.93 5800.9 45.372
4.15 -885.49 5740.9 92.147 -887.46 5754.7 79.35 -812.09 5811.3 44.875
4.1583 -882.79 5752 91.93 -884.57 5766.1 79.099 -808.16 5821.7 44.392
4.1667 -879.95 5763.3 91.704 -881.52 5777.5 78.882 -804.12 5832.1 43.925
4.175 -877.01 5774.8 91.475 -878.31 5788.9 78.696 -799.97 5842.6 43.476
4.1833 -874.01 5786.4 91.251 -874.95 5800.4 78.537 -795.71 5853 43.045
4.1917 -870.98 5798 91.028 -871.43 5811.8 78.4 -791.35 5863.5 42.633
4.2 -867.94 5809.5 90.804 -867.76 5823.3 78.279 -786.88 5874 42.238
4.2083 -864.91 5821.1 90.578 -863.93 5834.8 78.164 -782.32 5884.6 41.86
4.2167 -861.89 5832.6 90.347 -859.94 5846.4 78.045 -777.66 5895.1 41.497
4.225 -858.89 5844 90.109 -855.8 5857.9 77.912 -772.92 5905.7 41.146
4.2333 -855.91 5855.5 89.865 -851.5 5869.5 77.752 -768.09 5916.2 40.805
4.2417 -852.95 5867.1 89.613 -847.04 5881 77.558 -763.17 5926.8 40.472
4.25 -849.99 5878.8 89.35 -842.43 5892.6 77.323 -758.16 5937.4 40.143
4.2583 -847 5890.6 89.07 -837.67 5904.2 77.039 -753.06 5948 39.816
4.2667 -843.93 5902.7 88.764 -832.77 5915.7 76.703 -747.86 5958.6 39.491
4.275 -840.74 5914.9 88.419 -827.75 5927.3 76.321 -742.55 5969.2 39.164
4.2833 -837.39 5927.3 88.022 -822.62 5938.7 75.899 -737.12 5979.9 38.837
4.2917 -833.84 5939.9 87.566 -817.4 5950.2 75.442 -731.58 5990.5 38.508
4.3 -830.08 5952.4 87.048 -812.13 5961.5 74.962 -725.92 6001.2 38.179
4.3083 -826.09 5965 86.471 -806.82 5972.7 74.471 -720.14 6011.9 37.849
4.3167 -821.88 5977.4 85.844 -801.51 5983.8 73.979 -714.27 6022.6 37.517
4.325 -817.45 5989.7 85.176 -796.24 5994.8 73.499 -708.32 6033.3 37.184
4.3333 -812.83 6001.6 84.479 -791.01 6005.7 73.037 -702.3 6043.9 36.848
4.3417 -808.01 6013.3 83.764 -785.87 6016.5 72.6 -696.24 6054.4 36.506
4.35 -803.02 6024.7 83.037 -780.83 6027.1 72.19 -690.17 6064.9 36.157
4.3583 -797.89 6035.7 82.303 -775.91 6037.7 71.804 -684.11 6075.3 35.798
4.3667 -792.66 6046.3 81.563 -771.11 6048.1 71.437 -678.07 6085.5 35.428
4.375 -787.36 6056.7 80.817 -766.44 6058.5 71.082 -672.08 6095.5 35.043
4.3833 -782.02 6066.8 80.059 -761.89 6068.7 70.73 -666.15 6105.5 34.645
4.3917 -776.64 6076.8 79.283 -757.45 6078.8 70.366 -660.3 6115.2 34.235
4.4 -771.22 6086.5 78.481 -753.1 6088.9 69.984 -654.53 6124.8 33.815
4.4083 -765.74 6096.2 77.647 -748.82 6098.8 69.573 -648.84 6134.3 33.39
4.4167 -760.19 6105.9 76.776 -744.58 6108.6 69.125 -643.24 6143.7 32.967
4.425 -754.55 6115.5 75.866 -740.36 6118.3 68.638 -637.72 6153 32.552
4.4333 -748.82 6125 74.915 -736.13 6127.8 68.112 -632.29 6162.3 32.152
4.4417 -742.98 6134.6 73.93 -731.86 6137.1 67.54 -626.94 6171.6 31.776
4.45 -737.06 6144.1 72.909 -727.54 6146.4 66.935 -621.68 6180.8 31.43
4.4583 -731.06 6153.6 71.858 -723.15 6155.5 66.306 -616.5 6190.1 31.119
4.4667 -725.01 6163 70.785 -718.67 6164.4 65.652 -611.41 6199.5 30.848
4.475 -718.94 6172.3 69.694 -714.09 6173.3 64.983 -606.39 6208.9 30.617
4.4833 -712.89 6181.5 68.589 -709.4 6182.1 64.315 -601.45 6218.3 30.426
4.4917 -706.9 6190.6 67.477 -704.6 6190.9 63.658 -596.58 6227.8 30.271
4.5 -700.97 6199.5 66.359 -699.69 6199.7 63.005 -591.76 6237.2 30.146
4.5083 -695.15 6208.4 65.241 -694.66 6208.4 62.373 -586.98 6246.7 30.046
4.5167 -689.42 6217.1 64.125 -689.52 6217.2 61.759 -582.23 6256.2 29.961
4.525 -683.77 6225.8 63.012 -684.26 6226.1 61.163 -577.48 6265.6 29.883
4.5333 -678.19 6234.4 61.902 -678.9 6235 60.582 -572.72 6275.1 29.805
4.5417 -672.66 6243 60.794 -673.43 6244 60.012 -567.92 6284.4 29.72
4.55 -667.15 6251.5 59.687 -667.86 6253 59.448 -563.05 6293.7 29.621
4.5583 -661.64 6260.1 58.579 -662.19 6262.1 58.883 -558.12 6303 29.506
4.5667 -656.1 6268.8 57.469 -656.43 6271.2 58.315 -553.09 6312.2 29.371
4.575 -650.53 6277.5 56.354 -650.56 6280.3 57.739 -547.96 6321.3 29.217
4.5833 -644.91 6286.2 55.235 -644.6 6289.5 57.153 -542.72 6330.4 29.043
4.5917 -639.24 6295 54.116 -638.55 6298.6 56.56 -537.36 6339.4 28.854
4.6 -633.54 6303.9 53.001 -632.41 6307.8 55.96 -531.88 6348.3 28.651
4.6083 -627.8 6312.8 51.898 -626.19 6316.9 55.359 -526.29 6357.2 28.438
4.6167 -622.04 6321.7 50.818 -619.87 6326 54.759 -520.58 6366.1 28.219
4.625 -616.26 6330.7 49.778 -613.47 6335 54.158 -514.75 6374.9 27.996
4.6333 -610.45 6339.8 48.791 -606.96 6344 53.567 -508.8 6383.6 27.773
4.6417 -604.63 6348.8 47.874 -600.31 6353.1 53.039 -502.73 6392.3 27.549
4.65 -598.8 6357.9 47.041 -593.59 6362.3 52.554 -496.55 6401 27.326
4.6583 -592.95 6367.1 46.304 -586.74 6371.5 52.128 -490.25 6409.7 27.1
4.6667 -587.09 6376.3 45.669 -579.77 6380.7 51.758 -483.82 6418.4 26.869
4.675 -581.2 6385.6 45.14 -572.74 6390 51.415 -477.29 6427 26.629
4.6833 -575.27 6395 44.714 -565.62 6399.4 51.101 -470.65 6435.7 26.377
4.6917 -569.29 6404.4 44.382 -558.41 6408.7 50.811 -463.9 6444.3 26.107
4.7 -563.22 6413.9 44.13 -551.11 6418.1 50.536 -457.05 6453 25.815
4.7083 -557.05 6423.4 43.942 -543.72 6427.5 50.275 -450.11 6461.7 25.502
4.7167 -550.74 6432.9 43.793 -536.21 6437 50.025 -443.06 6470.3 25.158
4.725 -544.27 6442.3 43.663 -528.66 6446.4 49.766 -435.93 6479 24.79
4.7333 -537.62 6451.8 43.528 -521.03 6455.8 49.506 -428.69 6487.7 24.398
4.7417 -530.77 6461.2 43.368 -513.36 6465.2 49.242 -421.35 6496.4 23.98
4.75 -523.7 6470.6 43.168 -505.64 6474.7 48.981 -413.89 6505.1 23.542
4.7583 -516.41 6480 42.919 -497.91 6484.2 48.721 -406.29 6513.8 23.088
4.7667 -508.91 6489.4 42.619 -490.19 6493.7 48.462 -398.54 6522.5 22.619
4.775 -501.31 6498.8 42.284 -482.47 6503.2 48.181 -390.61 6531.2 22.141
4.7833 -493.37 6508.4 41.89 -474.79 6512.7 47.952 -382.51 6539.8 21.659
4.7917 -485.43 6518 41.489 -467.08 6522.3 47.695 -374.2 6548.5 21.171
4.8 -477.22 6527.8 41.054 -459.42 6531.8 47.479 -365.7 6557.2 20.689
4.8083 -468.99 6537.6 40.637 -451.74 6541.4 47.244 -357.01 6566 20.207
4.8167 -460.77 6547.3 40.24 -443.99 6551 46.979 -348.13 6574.7 19.729
4.825 -452.32 6557.2 39.848 -436.3 6560.5 46.734 -339.11 6583.5 19.265
4.8333 -443.96 6567 39.481 -428.51 6570 46.431 -329.96 6592.2 18.808
4.8417 -435.61 6576.6 39.133 -420.51 6579.6 46.128 -320.71 6601 18.367
4.85 -427.3 6586 38.792 -412.43 6589.1 45.772 -311.39 6609.8 17.939
4.8583 -419.07 6595.2 38.447 -404.05 6598.5 45.378 -302.03 6618.5 17.534
4.8667 -410.93 6604.1 38.081 -395.49 6607.8 44.899 -292.65 6627.2 17.147
4.875 -402.9 6612.6 37.682 -386.74 6616.9 44.326 -283.26 6635.8 16.78
4.8833 -395 6620.9 37.234 -377.81 6625.8 43.668 -273.85 6644.2 16.432
4.8917 -387.24 6628.7 36.728 -368.7 6634.6 42.924 -264.41 6652.6 16.099
4.9 -379.62 6636.3 36.16 -359.46 6643.3 42.097 -254.93 6660.7 15.775
4.9083 -372.12 6643.7 35.535 -350.09 6651.7 41.189 -245.36 6668.6 15.451
4.9167 -364.7 6650.9 34.864 -340.64 6660 40.206 -235.67 6676.3 15.116
4.925 -357.32 6657.9 34.164 -331.13 6668 39.16 -225.82 6683.7 14.762
4.9333 -349.94 6664.8 33.454 -321.59 6675.9 38.044 -215.79 6690.9 14.377
4.9417 -342.5 6671.6 32.754 -312.04 6683.5 36.879 -205.55 6697.7 13.951
4.95 -334.95 6678.3 32.082 -302.51 6690.9 35.669 -195.09 6704.3 13.477
4.9583 -327.27 6684.8 31.451 -292.99 6698.2 34.421 -184.41 6710.5 12.955
4.9667 -319.44 6691.2 30.868 -283.48 6705.2 33.144 -173.53 6716.5 12.382
4.975 -311.45 6697.3 30.333 -273.98 6712.1 31.843 -162.47 6722.2 11.764
4.9833 -303.31 6703.2 29.84 -264.46 6718.8 30.526 -151.27 6727.6 11.109
4.9917 -295.04 6709 29.375 -254.9 6725.4 29.199 -139.98 6732.7 10.428
5 -286.67 6714.5 28.928 -245.28 6731.8 27.871 -128.64 6737.6 9.7355
5.0083 -278.21 6719.9 28.484 -235.57 6738.1 26.55 -117.3 6742.3 9.0427
5.0167 -269.71 6725.2 28.03 -225.74 6744.4 25.241 -106 6746.8 8.3629
5.025 -261.18 6730.3 27.56 -215.79 6750.5 23.952 -94.763 6751.1 7.7049
5.0333 -252.63 6735.4 27.067 -205.71 6756.5 22.691 -83.621 6755.3 7.0736
5.0417 -244.1 6740.5 26.561 -195.48 6762.4 21.461 -72.581 6759.4 6.4739
5.05 -235.59 6745.5 26.044 -185.12 6768.2 20.256 -61.642 6763.4 5.9021
5.0583 -227.1 6750.6 25.521 -174.65 6773.9 19.094 -50.796 6767.2 5.3552
5.0667 -218.64 6755.8 25.006 -164.09 6779.5 17.972 -40.025 6771 4.8264
5.075 -210.18 6761 24.508 -153.48 6785 16.889 -29.309 6774.7 4.3092
5.0833 -201.72 6766.2 24.037 -142.82 6790.3 15.848 -18.624 6778.3 3.7959
5.0917 -193.24 6771.4 23.599 -132.15 6795.5 14.846 -7.9472 6781.9 3.2822
5.1 -184.71 6776.6 23.196 -121.49 6800.6 13.886 2.7424 6785.5 2.7651
5.1083 -176.12 6781.8 22.828 -110.83 6805.6 12.969 13.461 6789 2.2448
5.1167 -167.46 6786.9 22.49 -100.19 6810.5 12.097 24.222 6792.4 1.7249
5.125 -158.71 6792 22.176 -89.556 6815.3 11.27 35.031 6795.9 1.2116
5.1333 -149.86 6796.9 21.877 -78.914 6820 10.492 45.892 6799.3 0.7109
5.1417 -140.91 6801.7 21.586 -68.246 6824.5 9.766 56.801 6802.7 0.23227
5.15 -131.84 6806.4 21.297 -57.525 6829.1 9.0926 67.756 6806.1 359.78
5.1583 -122.64 6811 21.01 -46.722 6833.5 8.4728 78.749 6809.5 359.37
5.1667 -113.29 6815.4 20.729 -35.81 6837.9 7.9075 89.773 6812.8 358.99
5.175 -103.75 6819.6 20.464 -24.762 6842.1 7.3958 100.82 6816.1 358.64
5.1833 -93.99 6823.8 20.229 -13.555 6846.3 6.9349 111.9 6819.4 358.33
5.1917 -83.981 6827.8 20.039 -2.1722 6850.4 6.5214 122.99 6822.6 358.05
5.2 -73.7 6831.8 19.907 9.3973 6854.4 6.1509 134.11 6825.7 357.78
5.2083 -63.136 6835.7 19.842 21.159 6858.3 5.8186 145.26 6828.8 357.52
5.2167 -52.293 6839.6 19.845 33.112 6862.1 5.5187 156.45 6831.8 357.27
5.225 -41.184 6843.5 19.913 45.255 6865.7 5.2448 167.7 6834.6 357
5.2333 -29.817 6847.3 20.035 57.583 6869.1 4.9923 179.03 6837.4 356.73
5.2417 -18.196 6851.1 20.201 70.087 6872.4 4.7567 190.46 6840 356.44
5.25 -6.3157 6854.9 20.394 82.761 6875.5 4.5347 202 6842.5 356.14
5.2583 5.8397 6858.5 20.598 95.592 6878.5 4.3276 213.68 6844.9 355.84
5.2667 18.278 6862.1 20.803 108.59 6881.2 4.1288 225.5 6847.2 355.54
5.275 31.015 6865.4 20.983 121.72 6883.8 3.9469 237.49 6849.4 355.24
5.2833 44.046 6868.7 21.13 135.01 6886.2 3.7774 249.63 6851.5 354.97
5.2917 57.364 6871.8 21.223 148.42 6888.4 3.6273 261.93 6853.5 354.73
5.3 70.944 6874.7 21.247 161.96 6890.5 3.4979 274.38 6855.5 354.52
5.3083 84.735 6877.5 21.194 175.6 6892.4 3.3896 286.94 6857.4 354.35
5.3167 98.699 6880.2 21.051 189.31 6894.3 3.305 299.59 6859.3 354.22
5.325 112.78 6882.7 20.81 203.07 6896 3.2428 312.29 6861.2 354.13
5.3333 126.9 6885.2 20.479 216.83 6897.7 3.2033 325.02 6863 354.07
5.3417 141.01 6887.7 20.057 230.56 6899.3 3.183 337.73 6864.9 354.04
5.35 155.05 6890 19.558 244.19 6900.9 3.1795 350.4 6866.7 354.04
5.3583 168.97 6892.4 18.997 257.67 6902.5 3.1893 362.97 6868.5 354.04
5.3667 182.7 6894.7 18.392 270.95 6904 3.2093 375.44 6870.3 354.04
5.375 196.23 6896.9 17.761 283.98 6905.6 3.2364 387.78 6872 354.05
5.3833 209.53 6899.1 17.119 296.71 6907.3 3.2682 399.98 6873.8 354.04
5.3917 222.6 6901.2 16.473 309.11 6909 3.303 412.03 6875.6 354.02
5.4 235.45 6903.3 15.831 321.15 6910.7 3.3398 423.92 6877.5 354
5.4083 248.12 6905.2 15.191 332.84 6912.5 3.3779 435.65 6879.4 353.96
5.4167 260.63 6907.1 14.553 344.18 6914.4 3.4166 447.24 6881.3 353.92
5.425 273.04 6909 13.911 355.19 6916.4 3.4544 458.68 6883.3 353.88
5.4333 285.35 6910.7 13.273 365.92 6918.4 3.4926 469.97 6885.4 353.85
5.4417 297.61 6912.4 12.631 376.4 6920.5 3.5273 481.12 6887.6 353.82
5.45 309.81 6914.1 11.988 386.7 6922.6 3.5568 492.14 6889.9 353.81
5.4583 321.96 6915.7 11.35 396.86 6924.7 3.581 503.03 6892.2 353.81
5.4667 334.06 6917.2 10.721 406.93 6926.9 3.5983 513.78 6894.5 353.82
5.475 346.09 6918.7 10.103 416.96 6929 3.606 524.41 6896.9 353.85
5.4833 358.03 6920.2 9.5034 426.98 6931 3.6048 534.92 6899.3 353.87
5.4917 369.88 6921.6 8.9278 437.02 6933 3.5951 545.33 6901.6 353.91
5.5 381.62 6923 8.3792 447.1 6935 3.5784 555.65 6903.9 353.94
5.5083 393.24 6924.3 7.8644 457.23 6936.9 3.5584 565.89 6906.1 353.96
5.5167 404.75 6925.6 7.3853 467.41 6938.8 3.5388 576.07 6908.2 353.98
5.525 416.36 6926.8 6.8756 477.65 6940.6 3.5228 586.21 6910.3 353.99
5.5333 427.49 6928 6.5263 487.94 6942.5 3.516 596.33 6912.4 353.99
5.5417 438.77 6929.1 6.1447 498.28 6944.3 3.5225 606.43 6914.4 353.99
