0.0083333 -37.677 0.93179 98.043 -67.612 106.85 86.948 -35.364 166.12 79.964
0.016667 -37.057 8.3341 98.112 -66.721 115.51 87.043 -34.426 173.96 79.798
0.025 -36.4 16.036 98.181 -65.752 124.33 87.114 -33.404 181.86 79.619
0.033333 -35.694 24.06 98.246 -64.703 133.31 87.158 -32.298 189.85 79.428
0.041667 -34.937 32.427 98.305 -63.571 142.46 87.17 -31.107 197.92 79.228
0.05 -34.135 41.142 98.356 -62.35 151.77 87.149 -29.834 206.1 79.022
0.058333 -33.3 50.203 98.397 -61.038 161.24 87.095 -28.485 214.38 78.813
0.066667 -32.449 59.595 98.429 -59.629 170.88 87.011 -27.066 222.77 78.604
0.075 -31.606 69.297 98.452 -58.12 180.65 86.901 -25.581 231.29 78.394
0.083333 -30.792 79.276 98.466 -56.514 190.56 86.768 -24.04 239.91 78.186
0.091667 -30.026 89.497 98.471 -54.816 200.59 86.618 -22.448 248.65 77.976
0.1 -29.316 99.919 98.467 -53.035 210.71 86.457 -20.813 257.5 77.765
0.10833 -28.666 110.5 98.451 -51.187 220.9 86.29 -19.139 266.45 77.549
0.11667 -28.066 121.21 98.424 -49.292 231.14 86.123 -17.433 275.49 77.326
0.125 -27.492 131.98 98.382 -47.377 241.41 85.957 -15.701 284.61 77.095
0.13333 -26.917 142.8 98.326 -45.466 251.67 85.799 -13.95 293.81 76.855
0.14167 -26.305 153.63 98.257 -43.589 261.9 85.651 -12.186 303.06 76.604
0.15 -25.62 164.43 98.175 -41.772 272.08 85.518 -10.421 312.36 76.346
0.15833 -24.832 175.19 98.08 -40.04 282.18 85.401 -8.6666 321.69 76.082
0.16667 -23.923 185.89 97.972 -38.412 292.16 85.305 -6.9356 331.06 75.817
0.175 -22.894 196.52 97.852 -36.904 302.02 85.232 -5.2445 340.44 75.556
0.18333 -21.759 207.07 97.719 -35.522 311.72 85.185 -3.6097 349.83 75.305
0.19167 -20.548 217.54 97.574 -34.267 321.25 85.167 -2.048 359.22 75.069
0.2 -19.294 227.95 97.415 -33.135 330.6 85.179 -0.57523 368.6 74.853
0.20833 -18.031 238.3 97.238 -32.114 339.75 85.224 0.79476 377.96 74.66
0.21667 -16.784 248.62 97.04 -31.193 348.72 85.301 2.0517 387.3 74.494
0.225 -15.572 258.92 96.818 -30.356 357.51 85.41 3.1889 396.61 74.355
0.23333 -14.405 269.2 96.57 -29.586 366.14 85.551 4.2042 405.88 74.243
0.24167 -13.287 279.48 96.295 -28.87 374.63 85.721 5.0994 415.13 74.157
0.25 -12.216 289.73 95.993 -28.193 383.02 85.917 5.8808 424.34 74.097
0.25833 -11.186 299.96 95.666 -27.546 391.35 86.138 6.557 433.54 74.059
0.26667 -10.187 310.15 95.319 -26.92 399.64 86.379 7.1396 442.72 74.044
0.275 -9.2048 320.29 94.956 -26.308 407.94 86.638 7.6402 451.89 74.051
0.28333 -8.2292 330.37 94.583 -25.706 416.27 86.911 8.0702 461.08 74.078
0.29167 -7.2521 340.37 94.206 -25.11 424.68 87.196 8.4399 470.29 74.127
0.3 -6.2692 350.31 93.831 -24.517 433.18 87.489 8.7572 479.53 74.198
0.30833 -5.2836 360.18 93.465 -23.925 441.78 87.788 9.0276 488.81 74.292
0.31667 -4.3024 369.99 93.111 -23.331 450.5 88.088 9.2542 498.13 74.41
0.325 -3.3401 379.76 92.772 -22.733 459.33 88.386 9.4377 507.49 74.551
0.33333 -2.4073 389.5 92.448 -22.13 468.28 88.68 9.5778 516.9 74.715
0.34167 -1.5201 399.24 92.137 -21.524 477.33 88.964 9.6733 526.34 74.9
0.35 -0.68562 408.99 91.836 -20.916 486.47 89.239 9.7234 535.8 75.101
0.35833 0.089773 418.77 91.54 -20.309 495.69 89.5 9.7277 545.27 75.317
0.36667 0.80618 428.58 91.244 -19.711 504.97 89.748 9.6875 554.73 75.541
0.375 1.4692 438.44 90.943 -19.128 514.31 89.981 9.6052 564.18 75.77
0.38333 2.0878 448.33 90.635 -18.568 523.7 90.2 9.4849 573.6 76
0.39167 2.6739 458.27 90.318 -18.04 533.15 90.404 9.3311 582.98 76.227
0.4 3.2398 468.25 89.993 -17.55 542.64 90.594 9.1487 592.33 76.449
0.40833 3.796 478.25 89.662 -17.104 552.2 90.77 8.9427 601.64 76.666
0.41667 4.3522 488.28 89.33 -16.701 561.83 90.932 8.7169 610.92 76.879
0.425 4.9085 498.32 89.002 -16.338 571.54 91.078 8.4741 620.18 77.088
0.43333 5.4692 508.38 88.688 -16.008 581.34 91.207 8.2161 629.43 77.298
0.44167 6.0253 518.45 88.392 -15.7 591.24 91.316 7.9431 638.68 77.511
0.45 6.5757 528.54 88.123 -15.4 601.25 91.402 7.6547 647.95 77.73
0.45833 7.1055 538.65 87.885 -15.097 611.38 91.464 7.3497 657.24 77.957
0.46667 7.6137 548.78 87.682 -14.779 621.62 91.499 7.0273 666.58 78.191
0.475 8.0894 558.96 87.513 -14.438 631.99 91.506 6.6873 675.95 78.431
0.48333 8.531 569.2 87.375 -14.07 642.48 91.485 6.33 685.38 78.674
0.49167 8.9369 579.53 87.26 -13.678 653.08 91.437 5.9567 694.86 78.915
0.5 9.3159 589.96 87.161 -13.269 663.77 91.367 5.5692 704.4 79.149
0.50833 9.675 600.54 87.065 -12.855 674.56 91.277 5.1701 713.99 79.37
0.51667 10.027 611.29 86.962 -12.454 685.43 91.176 4.7609 723.65 79.573
0.525 10.383 622.22 86.842 -12.086 696.37 91.069 4.3426 733.36 79.754
0.53333 10.753 633.35 86.701 -11.772 707.37 90.963 3.915 743.14 79.911
0.54167 11.134 644.66 86.537 -11.531 718.44 90.865 3.4762 752.99 80.043
0.55 11.521 656.15 86.353 -11.38 729.57 90.78 3.0229 762.91 80.153
0.55833 11.897 667.79 86.15 -11.327 740.77 90.712 2.5504 772.91 80.245
0.56667 12.243 679.58 85.935 -11.376 752.05 90.665 2.0536 783.01 80.321
0.575 12.542 691.52 85.708 -11.521 763.41 90.638 1.5273 793.2 80.388
0.58333 12.777 703.61 85.474 -11.753 774.88 90.632 0.96791 803.5 80.447
0.59167 12.933 715.86 85.235 -12.06 786.46 90.645 0.37305 813.91 80.502
0.6 13 728.29 84.995 -12.427 798.16 90.672 -0.25663 824.44 80.551
0.60833 12.973 740.93 84.755 -12.844 809.99 90.71 -0.9189 835.08 80.593
0.61667 12.858 753.79 84.52 -13.301 821.96 90.755 -1.6082 845.84 80.622
0.625 12.665 766.89 84.298 -13.794 834.05 90.803 -2.3184 856.72 80.633
0.63333 12.416 780.24 84.095 -14.323 846.26 90.849 -3.042 867.7 80.618
0.64167 12.128 793.83 83.922 -14.886 858.58 90.892 -3.7716 878.79 80.574
0.65 11.834 807.64 83.791 -15.492 870.98 90.929 -4.5022 889.98 80.498
0.65833 11.543 821.62 83.715 -16.138 883.45 90.958 -5.229 901.26 80.389
0.66667 11.264 835.71 83.704 -16.821 895.95 90.977 -5.951 912.63 80.252
0.675 11 849.87 83.768 -17.54 908.46 90.986 -6.6683 924.09 80.096
0.68333 10.739 864.02 83.912 -18.275 920.94 90.981 -7.3818 935.62 79.933
0.69167 10.466 878.09 84.133 -19.004 933.39 90.959 -8.0924 947.22 79.777
0.7 10.169 892.02 84.425 -19.695 945.77 90.918 -8.7985 958.89 79.644
0.70833 9.8313 905.77 84.772 -20.313 958.06 90.853 -9.4957 970.62 79.547
0.71667 9.4451 919.28 85.157 -20.819 970.25 90.758 -10.174 982.39 79.498
0.725 9.0065 932.52 85.555 -21.178 982.33 90.629 -10.819 994.21 79.504
0.73333 8.5159 945.47 85.944 -21.36 994.3 90.46 -11.407 1006.1 79.567
0.74167 7.981 958.12 86.299 -21.346 1006.1 90.247 -11.911 1017.9 79.683
0.75 7.4153 970.48 86.603 -21.127 1017.9 89.986 -12.299 1029.8 79.84
0.75833 6.8401 982.59 86.844 -20.704 1029.4 89.676 -12.534 1041.6 80.024
0.76667 6.2827 994.49 87.016 -20.091 1040.9 89.318 -12.583 1053.4 80.216
0.775 5.7762 1006.2 87.121 -19.307 1052.2 88.917 -12.412 1065.2 80.397
0.78333 5.3551 1017.8 87.162 -18.38 1063.4 88.476 -11.995 1076.9 80.55
0.79167 5.0499 1029.2 87.146 -17.341 1074.5 88.004 -11.315 1088.6 80.657
0.8 4.8899 1040.6 87.082 -16.223 1085.4 87.506 -10.363 1100.1 80.711
0.80833 4.8985 1051.8 86.984 -15.055 1096.3 86.992 -9.1429 1111.7 80.705
0.81667 5.0859 1063 86.867 -13.862 1107 86.465 -7.6683 1123.1 80.641
0.825 5.4566 1074 86.744 -12.663 1117.7 85.93 -5.9621 1134.5 80.525
0.83333 6.0095 1085 86.629 -11.466 1128.3 85.388 -4.0537 1145.8 80.367
0.84167 6.7299 1095.9 86.534 -10.272 1138.9 84.841 -1.9765 1157.1 80.179
0.85 7.5996 1106.7 86.468 -9.0712 1149.5 84.285 0.23538 1168.4 79.974
0.85833 8.5909 1117.4 86.436 -7.8511 1160.1 83.716 2.5499 1179.6 79.765
0.86667 9.6729 1128 86.444 -6.594 1170.8 83.133 4.9398 1190.8 79.56
0.875 10.817 1138.6 86.492 -5.2822 1181.5 82.53 7.3839 1202 79.366
0.88333 11.99 1149.1 86.578 -3.9003 1192.2 81.907 9.8681 1213.1 79.183
0.89167 13.162 1159.6 86.702 -2.4372 1203 81.265 12.385 1224.3 79.012
0.9 14.31 1170.1 86.858 -0.88607 1213.8 80.607 14.932 1235.3 78.848
0.90833 15.419 1180.6 87.04 0.75284 1224.6 79.941 17.514 1246.4 78.685
0.91667 16.48 1191.2 87.243 2.4744 1235.5 79.274 20.133 1257.4 78.517
0.925 17.498 1201.7 87.459 4.2676 1246.4 78.617 22.796 1268.3 78.339
0.93333 18.482 1212.3 87.682 6.1193 1257.3 77.98 25.506 1279.2 78.147
0.94167 19.446 1223 87.908 8.0164 1268.2 77.376 28.265 1290 77.941
0.95 20.414 1233.6 88.128 9.9452 1279.2 76.812 31.072 1300.8 77.722
0.95833 21.409 1244.3 88.34 11.896 1290.2 76.295 33.921 1311.6 77.493
0.96667 22.457 1255 88.537 13.864 1301.2 75.828 36.807 1322.3 77.26
0.975 23.579 1265.7 88.716 15.849 1312.3 75.414 39.723 1333 77.029
0.98333 24.796 1276.5 88.871 17.854 1323.4 75.051 42.66 1343.7 76.804
0.99167 26.121 1287.4 88.999 19.887 1334.6 74.736 45.613 1354.4 76.591
1 27.566 1298.3 89.096 21.958 1345.9 74.465 48.578 1365.1 76.391
1.0083 29.14 1309.3 89.157 24.075 1357.2 74.231 51.555 1375.8 76.203
1.0167 30.848 1320.4 89.18 26.249 1368.6 74.033 54.547 1386.6 76.026
1.025 32.692 1331.6 89.163 28.486 1380.1 73.865 57.56 1397.3 75.855
1.0333 34.679 1343 89.107 30.794 1391.6 73.726 60.602 1408.1 75.684
1.0417 36.813 1354.5 89.015 33.175 1403.2 73.614 63.682 1418.9 75.508
1.05 39.101 1366.2 88.895 35.632 1414.8 73.529 66.808 1429.7 75.322
1.0583 41.546 1378.1 88.757 38.167 1426.4 73.47 69.989 1440.5 75.123
1.0667 44.139 1390.2 88.611 40.78 1438.1 73.436 73.232 1451.4 74.91
1.075 46.852 1402.4 88.464 43.472 1449.8 73.424 76.539 1462.3 74.686
1.0833 49.657 1414.7 88.328 46.248 1461.6 73.433 79.913 1473.2 74.454
1.0917 52.51 1427.2 88.202 49.11 1473.4 73.456 83.353 1484.1 74.219
1.1 55.387 1439.7 88.088 52.066 1485.2 73.485 86.859 1495 73.989
1.1083 58.277 1452.2 87.984 55.123 1497.2 73.512 90.426 1506 73.77
1.1167 61.173 1464.7 87.894 58.289 1509.2 73.529 94.051 1516.9 73.568
1.125 64.085 1477.3 87.814 61.572 1521.3 73.525 97.733 1527.9 73.386
1.1333 67.015 1489.9 87.746 64.978 1533.5 73.493 101.47 1538.9 73.227
1.1417 69.974 1502.5 87.687 68.511 1545.8 73.425 105.26 1549.9 73.088
1.15 72.973 1515.3 87.64 72.171 1558.2 73.318 109.09 1560.9 72.967
1.1583 76.023 1528.2 87.6 75.958 1570.7 73.171 112.98 1571.9 72.86
1.1667 79.137 1541.3 87.564 79.862 1583.2 72.99 116.92 1582.9 72.76
1.175 82.33 1554.6 87.526 83.873 1595.7 72.775 120.91 1594 72.662
1.1833 85.609 1568.1 87.474 87.975 1608.3 72.54 124.94 1605.1 72.561
1.1917 88.977 1581.9 87.395 92.15 1620.8 72.293 129 1616.2 72.453
1.2 92.427 1595.8 87.277 96.374 1633.3 72.045 133.1 1627.4 72.337
1.2083 95.947 1609.8 87.107 100.63 1645.8 71.808 137.22 1638.7 72.214
1.2167 99.524 1623.8 86.878 104.88 1658.2 71.591 141.36 1650 72.085
1.225 103.15 1637.8 86.586 109.11 1670.5 71.4 145.49 1661.3 71.954
1.2333 106.84 1651.7 86.233 113.29 1682.7 71.242 149.62 1672.8 71.827
1.2417 110.59 1665.3 85.824 117.4 1694.9 71.118 153.72 1684.3 71.708
1.25 114.41 1678.8 85.365 121.43 1706.9 71.026 157.79 1695.8 71.601
1.2583 118.31 1691.9 84.866 125.34 1718.9 70.965 161.83 1707.4 71.508
1.2667 122.29 1704.8 84.339 129.14 1730.8 70.931 165.81 1719 71.431
1.275 126.33 1717.4 83.796 132.8 1742.6 70.919 169.73 1730.7 71.366
1.2833 130.41 1729.6 83.248 136.33 1754.3 70.923 173.59 1742.3 71.312
1.2917 134.52 1741.7 82.705 139.72 1765.9 70.941 177.38 1753.9 71.265
1.3 138.66 1753.5 82.172 142.98 1777.4 70.969 181.09 1765.5 71.22
1.3083 142.81 1765.1 81.649 146.12 1788.7 71.002 184.71 1777.1 71.173
1.3167 146.97 1776.7 81.137 149.15 1799.9 71.04 188.25 1788.6 71.123
1.325 151.12 1788.1 80.635 152.09 1811 71.081 191.69 1800.2 71.066
1.3333 155.25 1799.5 80.139 154.96 1822 71.123 195.04 1811.7 71.005
1.3417 159.35 1810.9 79.648 157.79 1832.8 71.168 198.29 1823.2 70.942
1.35 163.39 1822.2 79.154 160.58 1843.5 71.213 201.45 1834.7 70.879
1.3583 167.36 1833.4 78.651 163.37 1854.2 71.259 204.51 1846.2 70.823
1.3667 171.25 1844.6 78.132 166.17 1864.7 71.306 207.48 1857.8 70.778
1.375 175.05 1855.8 77.593 168.99 1875.3 71.355 210.36 1869.4 70.751
1.3833 178.75 1866.9 77.029 171.84 1885.9 71.404 213.17 1881 70.746
1.3917 182.35 1877.8 76.438 174.72 1896.5 71.456 215.89 1892.7 70.767
1.4 185.86 1888.8 75.823 177.63 1907.1 71.509 218.55 1904.5 70.815
1.4083 189.27 1899.6 75.187 180.57 1917.9 71.565 221.15 1916.4 70.889
1.4167 192.61 1910.4 74.536 183.52 1928.6 71.624 223.69 1928.3 70.986
1.425 195.89 1921.2 73.88 186.49 1939.5 71.686 226.19 1940.2 71.103
1.4333 199.12 1932 73.225 189.45 1950.4 71.752 228.65 1952.2 71.233
1.4417 202.33 1942.8 72.579 192.41 1961.4 71.82 231.08 1964.3 71.37
1.45 205.52 1953.6 71.947 195.36 1972.5 71.891 233.48 1976.3 71.508
1.4583 208.72 1964.5 71.329 198.3 1983.6 71.963 235.86 1988.3 71.642
1.4667 211.93 1975.5 70.723 201.24 1994.7 72.036 238.22 2000.3 71.768
1.475 215.17 1986.5 70.124 204.19 2005.8 72.107 240.57 2012.3 71.882
1.4833 218.43 1997.5 69.525 207.15 2017 72.175 242.91 2024.2 71.984
1.4917 221.71 2008.6 68.921 210.14 2028.3 72.238 245.26 2036 72.075
1.5 225 2019.7 68.306 213.16 2039.6 72.295 247.6 2047.9 72.155
1.5083 228.3 2030.8 67.683 216.23 2050.9 72.346 249.95 2059.6 72.229
1.5167 231.6 2041.9 67.058 219.34 2062.4 72.388 252.32 2071.3 72.299
1.525 234.88 2053.1 66.441 222.51 2074 72.424 254.71 2083 72.37
1.5333 238.15 2064.2 65.852 225.72 2085.7 72.452 257.12 2094.6 72.443
1.5417 241.4 2075.4 65.309 228.97 2097.5 72.473 259.55 2106.3 72.521
1.55 244.63 2086.6 64.831 232.25 2109.5 72.487 262.02 2117.9 72.605
1.5583 247.86 2097.9 64.433 235.55 2121.5 72.492 264.52 2129.5 72.692
1.5667 251.09 2109.3 64.126 238.85 2133.7 72.49 267.05 2141.2 72.783
1.575 254.34 2120.8 63.91 242.13 2146 72.477 269.61 2152.8 72.874
1.5833 257.64 2132.6 63.776 245.4 2158.3 72.455 272.2 2164.6 72.962
1.5917 261.01 2144.5 63.714 248.65 2170.7 72.421 274.8 2176.3 73.043
1.6 264.45 2156.7 63.708 251.87 2183.1 72.377 277.42 2188.1 73.116
1.6083 267.96 2169 63.746 255.06 2195.6 72.324 280.04 2200 73.178
1.6167 271.54 2181.5 63.815 258.23 2208.2 72.264 282.66 2211.9 73.229
1.625 275.14 2194.1 63.904 261.4 2220.8 72.202 285.28 2223.8 73.269
1.6333 278.75 2206.8 64.003 264.56 2233.5 72.142 287.88 2235.8 73.299
1.6417 282.33 2219.6 64.098 267.72 2246.3 72.091 290.47 2247.8 73.322
1.65 285.9 2232.4 64.178 270.89 2259.1 72.054 293.05 2259.9 73.341
1.6583 289.45 2245.3 64.235 274.08 2272.1 72.04 295.61 2272.1 73.358
1.6667 292.98 2258.4 64.263 277.28 2285.1 72.051 298.16 2284.2 73.375
1.675 296.53 2271.6 64.263 280.48 2298.2 72.091 300.71 2296.5 73.39
1.6833 300.1 2285 64.239 283.68 2311.5 72.162 303.27 2308.7 73.403
1.6917 303.72 2298.7 64.203 286.87 2324.7 72.261 305.84 2321.1 73.41
1.7 307.41 2312.6 64.17 290.03 2338.1 72.385 308.45 2333.5 73.406
1.7083 311.15 2326.7 64.159 293.15 2351.4 72.526 311.1 2345.9 73.384
1.7167 314.96 2341.1 64.19 296.24 2364.7 72.677 313.79 2358.5 73.34
1.725 318.81 2355.6 64.285 299.28 2378.1 72.828 316.54 2371 73.268
1.7333 322.68 2370.2 64.461 302.3 2391.3 72.972 319.34 2383.7 73.168
1.7417 326.5 2384.8 64.72 305.29 2404.5 73.099 322.19 2396.4 73.039
1.75 330.27 2399.4 65.07 308.29 2417.6 73.204 325.08 2409.2 72.886
1.7583 333.94 2413.8 65.498 311.31 2430.6 73.28 328.01 2422 72.718
1.7667 337.51 2428.1 65.986 314.38 2443.4 73.326 330.97 2434.8 72.547
1.775 340.95 2442.1 66.508 317.54 2456.2 73.339 333.94 2447.6 72.386
1.7833 344.26 2455.8 67.031 320.79 2468.9 73.322 336.91 2460.4 72.25
1.7917 347.45 2469.2 67.522 324.17 2481.5 73.275 339.89 2473.2 72.154
1.8 350.54 2482.2 67.947 327.69 2493.9 73.203 342.87 2485.9 72.108
1.8083 353.53 2494.9 68.286 331.34 2506.3 73.107 345.86 2498.6 72.12
1.8167 356.48 2507.2 68.527 335.13 2518.5 72.993 348.88 2511.2 72.193
1.825 359.4 2519.3 68.674 339.04 2530.6 72.862 351.95 2523.8 72.323
1.8333 362.32 2531.1 68.737 343.05 2542.6 72.716 355.09 2536.2 72.503
1.8417 365.28 2542.7 68.736 347.14 2554.5 72.557 358.35 2548.6 72.718
1.85 368.29 2554.3 68.694 351.28 2566.3 72.384 361.75 2560.9 72.949
1.8583 371.38 2565.7 68.634 355.45 2577.9 72.199 365.33 2573.1 73.179
1.8667 374.54 2577.1 68.582 359.63 2589.4 71.998 369.11 2585.3 73.387
1.875 377.8 2588.5 68.561 363.81 2600.8 71.782 373.1 2597.4 73.555
1.8833 381.16 2599.8 68.591 367.97 2612.1 71.549 377.33 2609.5 73.67
1.8917 384.64 2611.1 68.684 372.13 2623.3 71.298 381.77 2621.5 73.723
1.9 388.21 2622.3 68.849 376.28 2634.4 71.027 386.43 2633.6 73.711
1.9083 391.9 2633.4 69.086 380.43 2645.5 70.737 391.29 2645.6 73.638
1.9167 395.68 2644.3 69.391 384.61 2656.5 70.425 396.31 2657.5 73.512
1.925 399.54 2655.2 69.759 388.82 2667.5 70.093 401.46 2669.5 73.345
1.9333 403.46 2666 70.178 393.08 2678.6 69.742 406.72 2681.4 73.154
1.9417 407.44 2676.8 70.639 397.41 2689.6 69.374 412.06 2693.3 72.952
1.95 411.45 2687.4 71.131 401.82 2700.6 68.991 417.44 2705.2 72.754
1.9583 415.48 2698 71.647 406.3 2711.7 68.597 422.86 2717 72.569
1.9667 419.52 2708.5 72.178 410.85 2722.8 68.2 428.3 2728.7 72.403
1.975 423.58 2719 72.721 415.48 2734 67.803 433.76 2740.4 72.258
1.9833 427.64 2729.5 73.272 420.18 2745.2 67.414 439.24 2751.9 72.133
1.9917 431.72 2739.9 73.828 424.93 2756.5 67.04 444.76 2763.5 72.022
2 435.83 2750.4 74.386 429.74 2767.8 66.687 450.32 2774.9 71.916
2.0083 439.99 2760.9 74.944 434.59 2779.1 66.361 455.93 2786.3 71.809
2.0167 444.22 2771.4 75.498 439.48 2790.5 66.067 461.61 2797.6 71.693
2.025 448.53 2781.9 76.04 444.4 2801.9 65.808 467.36 2808.8 71.564
2.0333 452.95 2792.5 76.563 449.36 2813.4 65.586 473.18 2820 71.417
2.0417 457.49 2803.2 77.055 454.36 2825 65.401 479.08 2831.2 71.253
2.05 462.16 2813.9 77.505 459.48 2836.6 65.247 484.35 2842.3 71.83
2.0583 466.97 2824.8 77.9 464.58 2848.3 65.132 490.4 2853.4 71.63
2.0667 471.92 2835.7 78.23 469.73 2860 65.047 496.52 2864.4 71.424
2.075 476.99 2846.7 78.49 474.96 2871.7 64.99 502.69 2875.5 71.217
2.0833 482.2 2857.9 78.677 480.26 2883.5 64.956 508.91 2886.6 71.015
2.0917 487.55 2869.1 78.795 485.64 2895.2 64.942 515.18 2897.7 70.82
2.1 493.03 2880.6 78.852 491.12 2907 64.946 521.5 2908.9 70.632
2.1083 498.63 2892.1 78.872 496.7 2918.9 64.968 527.87 2920 70.452
2.1167 504.35 2903.9 78.86 502.38 2930.7 65.004 534.28 2931.2 70.277
2.125 510.14 2915.7 78.833 508.16 2942.5 65.054 540.76 2942.4 70.103
2.1333 515.96 2927.7 78.803 514.06 2954.3 65.115 547.28 2953.7 69.928
2.1417 521.8 2939.7 78.776 520.07 2966.2 65.186 553.87 2964.9 69.75
2.15 527.62 2951.8 78.756 526.2 2978.1 65.262 560.5 2976.2 69.57
2.1583 533.44 2963.9 78.741 532.39 2989.9 65.344 567.73 2987.5 68.709
2.1667 539.25 2976 78.726 538.75 3001.9 65.417 574.43 2998.8 68.538
2.175 545.07 2988.1 78.704 545.23 3013.9 65.478 581.16 3010.1 68.381
2.1833 550.92 3000.3 78.665 551.82 3025.9 65.519 587.88 3021.4 68.246
2.1917 556.79 3012.5 78.597 558.52 3038 65.536 594.6 3032.7 68.14
2.2 562.7 3024.7 78.491 565.32 3050.2 65.519 601.32 3044 68.069
2.2083 568.64 3037 78.335 572.21 3062.3 65.466 608.03 3055.3 68.033
2.2167 574.61 3049.5 78.121 579.18 3074.5 65.37 614.74 3066.6 68.031
2.225 580.62 3062.1 77.842 586.22 3086.8 65.234 621.46 3077.9 68.057
2.2333 586.66 3074.8 77.494 593.31 3099 65.061 628.2 3089.2 68.098
2.2417 592.74 3087.6 77.074 600.42 3111.1 64.851 634.99 3100.5 68.14
2.25 598.86 3100.5 76.584 607.57 3123.3 64.606 641.36 3111.9 68.818
2.2583 605 3113.4 76.031 614.65 3135.4 64.352 648.28 3123.3 68.815
2.2667 611.18 3126.2 75.427 621.67 3147.4 64.091 655.25 3134.7 68.768
2.275 617.4 3138.9 74.787 628.6 3159.2 63.835 662.29 3146.1 68.668
2.2833 623.67 3151.4 74.128 635.42 3171 63.596 669.37 3157.6 68.511
2.2917 630 3163.7 73.467 642.11 3182.7 63.385 676.46 3169.1 68.301
2.3 636.38 3175.7 72.82 648.62 3194.3 63.212 683.54 3180.7 68.045
2.3083 642.81 3187.4 72.203 654.96 3205.8 63.087 690.56 3192.3 67.76
2.3167 649.26 3199 71.628 661.1 3217.1 63.013 697.48 3204 67.464
2.325 655.71 3210.3 71.101 667.04 3228.4 62.993 704.26 3215.6 67.178
2.3333 662.14 3221.4 70.625 672.77 3239.5 63.026 710.86 3227.4 66.923
2.3417 668.55 3232.4 70.195 678.31 3250.5 63.107 717.25 3239.1 66.715
2.35 674.94 3243.2 69.801 683.67 3261.3 63.228 723.42 3250.8 66.568
2.3583 681.28 3254 69.434 688.87 3272.1 63.379 729.36 3262.6 66.488
2.3667 687.58 3264.8 69.082 693.94 3282.8 63.551 735.07 3274.3 66.476
2.375 693.81 3275.5 68.734 698.91 3293.3 63.731 740.58 3286.1 66.528
2.3833 699.97 3286.1 68.38 703.8 3303.8 63.91 745.89 3297.8 66.632
2.3917 706.03 3296.8 68.01 708.66 3314.2 64.08 751.06 3309.5 66.775
2.4 712 3307.4 67.619 713.5 3324.6 64.234 756.1 3321.2 66.943
2.4083 717.86 3317.9 67.203 718.34 3335 64.37 761.06 3333 67.119
2.4167 723.63 3328.4 66.762 723.2 3345.4 64.485 765.95 3344.7 67.292
2.425 729.31 3338.8 66.297 728.1 3355.8 64.582 770.79 3356.4 67.451
2.4333 734.91 3349.1 65.814 733.02 3366.2 64.66 775.61 3368.1 67.591
2.4417 740.44 3359.4 65.32 737.98 3376.7 64.725 780.4 3379.8 67.713
2.45 745.91 3369.6 64.823 742.96 3387.2 64.78 785.16 3391.6 67.821
2.4583 751.34 3379.7 64.33 747.86 3397.8 64.833 790.66 3403.4 67.156
2.4667 756.72 3389.9 63.849 752.85 3408.5 64.878 795.35 3415.2 67.256
2.475 762.08 3400 63.382 757.83 3419.2 64.922 799.97 3427 67.371
2.4833 767.42 3410.1 62.932 762.78 3430 64.966 804.53 3438.8 67.511
2.4917 772.73 3420.2 62.498 767.7 3440.8 65.009 809 3450.6 67.682
2.5 778.03 3430.4 62.075 772.59 3451.7 65.049 813.4 3462.4 67.886
2.5083 783.31 3440.6 61.661 777.45 3462.7 65.082 817.73 3474.2 68.124
2.5167 788.56 3450.9 61.249 782.26 3473.6 65.106 821.99 3485.9 68.391
2.525 793.79 3461.3 60.834 787.06 3484.7 65.116 826.21 3497.7 68.679
2.5333 798.98 3471.8 60.419 791.83 3495.7 65.109 830.4 3509.5 68.976
2.5417 804.13 3482.3 60.006 796.6 3506.8 65.085 834.59 3521.2 69.273
2.55 809.23 3492.9 59.603 801.37 3518 65.043 838.78 3532.9 69.558
2.5583 814.29 3503.5 59.221 806.15 3529.3 64.985 842.99 3544.6 69.823
2.5667 819.31 3514.2 58.875 810.96 3540.6 64.913 847.23 3556.3 70.06
2.575 824.3 3525 58.579 815.79 3552.1 64.833 851.51 3568 70.267
2.5833 829.26 3535.8 58.344 820.65 3563.6 64.749 855.81 3579.6 70.442
2.5917 834.21 3546.7 58.178 825.55 3575.2 64.669 860.14 3591.3 70.59
2.6 839.17 3557.7 58.083 830.48 3586.9 64.597 864.49 3603 70.717
2.6083 844.15 3568.8 58.051 835.44 3598.6 64.54 868.83 3614.7 70.831
2.6167 849.17 3580 58.071 840.41 3610.5 64.501 873.16 3626.4 70.941
2.625 854.25 3591.4 58.127 845.4 3622.4 64.483 877.47 3638.2 71.057
2.6333 859.39 3603 58.205 850.38 3634.4 64.488 881.74 3650.1 71.188
2.6417 864.6 3614.8 58.293 855.36 3646.5 64.516 885.98 3662 71.339
2.65 869.85 3626.8 58.386 860.32 3658.6 64.569 890.19 3674 71.515
2.6583 875.12 3638.9 58.474 865.26 3670.8 64.644 894.36 3686.1 71.715
2.6667 880.39 3651.1 58.556 870.15 3683.1 64.741 898.51 3698.2 71.939
2.675 885.63 3663.4 58.623 875.01 3695.5 64.86 902.64 3710.4 72.18
2.6833 890.84 3675.8 58.67 879.82 3707.9 65 906.78 3722.8 72.432
2.6917 896.02 3688.4 58.689 884.64 3720.4 65.155 910.36 3735.2 73.369
2.7 901.2 3701.1 58.682 889.35 3733 65.337 914.53 3747.6 73.618
2.7083 906.39 3714 58.649 894.01 3745.7 65.538 918.74 3760.2 73.853
2.7167 911.63 3727 58.594 898.63 3758.4 65.759 922.98 3772.8 74.067
2.725 916.91 3740.3 58.529 903.2 3771.2 65.997 927.25 3785.4 74.257
2.7333 922.27 3753.8 58.465 907.74 3784 66.249 931.54 3798.1 74.418
2.7417 927.72 3767.4 58.419 912.25 3796.9 66.511 935.85 3810.8 74.553
2.75 933.24 3781.2 58.412 916.74 3809.8 66.779 940.17 3823.5 74.665
2.7583 938.79 3795.1 58.455 921.21 3822.7 67.046 944.47 3836.2 74.759
2.7667 944.37 3809.1 58.573 925.63 3835.5 67.315 949.34 3849 74.142
2.775 949.92 3823 58.764 930.13 3848.4 67.566 953.57 3861.8 74.222
2.7833 955.4 3836.9 59.044 934.66 3861.2 67.799 957.74 3874.6 74.314
2.7917 960.77 3850.6 59.406 939.24 3874 68.01 961.86 3887.3 74.427
2.8 966.01 3864.2 59.843 943.87 3886.8 68.194 965.9 3900.1 74.571
2.8083 971.09 3877.6 60.337 948.57 3899.4 68.348 969.89 3912.9 74.751
2.8167 976 3890.8 60.872 953.35 3912 68.469 973.84 3925.7 74.971
2.825 980.73 3903.7 61.42 958.21 3924.5 68.557 977.76 3938.4 75.23
2.8333 985.29 3916.4 61.96 963.13 3936.9 68.611 981.68 3951.1 75.525
2.8417 989.7 3928.8 62.473 968.12 3949.1 68.632 985.64 3963.8 75.849
2.85 993.99 3941.1 62.951 973.16 3961.2 68.621 989.67 3976.4 76.191
2.8583 998.17 3953.1 63.387 978.23 3973.1 68.583 993.79 3989 76.541
2.8667 1002.3 3965.1 63.782 983.31 3984.9 68.52 998.04 4001.5 76.885
2.875 1006.4 3976.9 64.139 988.39 3996.4 68.437 1002.5 4013.9 77.21
2.8833 1010.4 3988.6 64.464 993.45 4007.7 68.338 1007 4026.1 77.506
2.8917 1014.5 4000.2 64.765 998.46 4018.9 68.227 1011.8 4038.3 77.764
2.9 1018.7 4011.7 65.053 1003.4 4029.9 68.106 1016.8 4050.4 77.979
2.9083 1022.9 4023.1 65.338 1008.4 4040.8 67.974 1021.2 4062.2 78.918
2.9167 1027.1 4034.4 65.631 1013.3 4051.5 67.844 1026.5 4074 79.048
2.925 1031.5 4045.5 65.943 1018.1 4062.2 67.71 1032 4085.8 79.14
2.9333 1036 4056.5 66.281 1022.9 4072.8 67.574 1037.6 4097.4 79.2
2.9417 1040.5 4067.4 66.654 1027.7 4083.3 67.434 1043.3 4108.9 79.24
2.95 1045.2 4078.1 67.063 1032.5 4093.9 67.289 1049.1 4120.4 79.267
2.9583 1049.9 4088.7 67.51 1037.3 4104.5 67.138 1055 4131.8 79.295
2.9667 1054.7 4099.2 67.995 1042.2 4115.1 66.978 1060.9 4143.1 79.331
2.975 1059.5 4109.6 68.516 1047.1 4125.8 66.81 1066.8 4154.4 79.384
2.9833 1064.3 4120 69.066 1052.1 4136.5 66.633 1072.7 4165.6 79.462
2.9917 1069.1 4130.3 69.641 1057.1 4147.3 66.448 1078.6 4176.8 79.569
3 1073.9 4140.6 70.231 1062.2 4158.1 66.255 1084.5 4187.9 79.707
3.0083 1078.8 4151 70.829 1067.4 4169 66.06 1090.4 4199 79.877
3.0167 1083.5 4161.3 71.428 1072.7 4179.9 65.867 1096.3 4210 80.077
3.025 1088.3 4171.6 72.02 1078 4190.9 65.68 1102.2 4221 80.305
3.0333 1093.1 4181.9 72.6 1083.4 4201.9 65.504 1108.1 4231.9 80.557
3.0417 1097.9 4192.2 73.165 1088.8 4212.9 65.345 1114 4242.8 80.83
3.05 1102.8 4202.5 73.711 1094.3 4224 65.205 1119.9 4253.7 81.12
3.0583 1107.7 4212.8 74.236 1099.8 4235.1 65.087 1125.8 4264.5 81.425
3.0667 1112.7 4223.1 74.741 1105.4 4246.3 64.993 1131.8 4275.3 81.743
3.075 1117.8 4233.5 75.224 1110.9 4257.4 64.922 1137.8 4286.1 82.073
3.0833 1123 4243.8 75.684 1116.5 4268.7 64.872 1143.7 4296.9 82.414
3.0917 1128.3 4254.3 76.119 1122.1 4279.9 64.842 1149.7 4307.6 82.765
3.1 1133.8 4264.8 76.526 1127.7 4291.2 64.829 1155.7 4318.5 83.127
3.1083 1139.4 4275.5 76.901 1133.4 4302.5 64.83 1161.8 4329.3 83.499
3.1167 1145.1 4286.2 77.243 1139.1 4313.9 64.844 1167.8 4340.2 83.881
3.125 1150.9 4297 77.55 1144.9 4325.2 64.867 1173.8 4351 84.27
3.1333 1156.8 4308 77.823 1150.7 4336.6 64.901 1179.9 4362 84.665
3.1417 1162.9 4319.1 78.064 1156.6 4348 64.945 1186 4372.9 85.063
3.15 1169.1 4330.4 78.274 1162.6 4359.5 64.998 1192.1 4383.9 85.461
3.1583 1175.4 4341.7 78.455 1168.6 4370.9 65.062 1198.2 4394.9 85.857
3.1667 1181.7 4353.2 78.604 1174.7 4382.3 65.134 1204.4 4406 86.248
3.175 1188 4364.8 78.718 1180.9 4393.8 65.213 1210.7 4417 86.633
3.1833 1194.3 4376.3 78.794 1187.2 4405.3 65.298 1217 4428.1 87.014
3.1917 1200.6 4387.9 78.826 1193.6 4416.8 65.38 1223.3 4439.2 87.391
3.2 1206.8 4399.5 78.817 1200 4428.4 65.46 1229.7 4450.3 87.77
3.2083 1213 4411.2 78.765 1206.5 4439.9 65.525 1236.1 4461.5 88.154
3.2167 1219.2 4422.8 78.673 1213.1 4451.5 65.573 1242.6 4472.7 88.55
3.225 1225.4 4434.5 78.547 1219.8 4463.2 65.594 1249.1 4483.9 88.964
3.2333 1231.6 4446.4 78.391 1226.6 4474.9 65.585 1255.6 4495.2 89.401
3.2417 1237.9 4458.4 78.211 1233.5 4486.6 65.54 1262.2 4506.6 89.864
3.25 1244.2 4470.6 78.01 1240.5 4498.3 65.46 1268.7 4518 90.356
3.2583 1250.6 4483 77.791 1247.6 4509.9 65.346 1275.3 4529.4 90.873
3.2667 1257.1 4495.6 77.549 1254.7 4521.6 65.201 1281.8 4540.9 91.411
3.275 1263.7 4508.4 77.281 1261.8 4533.3 65.033 1288.3 4552.4 91.961
3.2833 1270.3 4521.3 76.98 1269 4544.9 64.85 1294.8 4564 92.512
3.2917 1276.9 4534.3 76.644 1276.2 4556.4 64.663 1301.3 4575.5 93.051
3.3 1283.5 4547.2 76.27 1283.3 4567.9 64.481 1307.8 4587.1 93.566
3.3083 1290.1 4560.1 75.862 1290.4 4579.4 64.315 1314.3 4598.6 94.043
3.3167 1296.6 4572.7 75.426 1297.3 4590.8 64.175 1320.7 4610 94.471
3.325 1303.1 4585.1 74.971 1304.1 4602.2 64.067 1327.2 4621.4 94.845
3.3333 1309.6 4597.3 74.504 1310.7 4613.5 63.996 1333.6 4632.8 95.16
3.3417 1316 4609.1 74.037 1317.1 4624.8 63.964 1340 4644.1 95.418
3.35 1322.4 4620.6 73.584 1323.3 4636 63.972 1346.3 4655.3 95.623
3.3583 1328.7 4631.9 73.152 1329.2 4647.1 64.016 1352.6 4666.4 95.785
3.3667 1335 4642.9 72.753 1334.9 4658.2 64.091 1358.8 4677.6 95.915
3.375 1341.3 4653.7 72.389 1340.4 4669.2 64.194 1364.9 4688.6 96.026
3.3833 1347.6 4664.3 72.062 1345.7 4680 64.316 1370.9 4699.7 96.131
3.3917 1353.9 4674.9 71.768 1350.9 4690.8 64.451 1376.7 4710.8 96.241
3.4 1360.1 4685.4 71.5 1355.8 4701.5 64.594 1382.4 4721.9 96.365
3.4083 1366.4 4695.8 71.254 1360.7 4712.1 64.744 1387.8 4733 96.509
3.4167 1372.6 4706.3 71.018 1365.4 4722.5 64.892 1393.1 4744.2 96.675
3.425 1378.7 4716.8 70.783 1370.1 4732.9 65.038 1398.2 4755.4 96.861
3.4333 1384.8 4727.2 70.543 1374.7 4743.2 65.188 1403.2 4766.7 97.063
3.4417 1390.8 4737.7 70.285 1379.3 4753.5 65.335 1407.9 4778 97.274
3.45 1396.6 4748.1 70.003 1383.8 4763.8 65.484 1412.5 4789.4 97.489
3.4583 1402.2 4758.5 69.692 1388.3 4774 65.637 1416.9 4800.9 97.701
3.4667 1407.7 4768.9 69.347 1392.9 4784.2 65.794 1421.1 4812.3 97.905
3.475 1413.1 4779.1 68.973 1397.4 4794.5 65.959 1425.3 4823.8 98.1
3.4833 1418.2 4789.3 68.569 1401.9 4804.8 66.128 1429.3 4835.4 98.285
3.4917 1423.2 4799.5 68.145 1406.4 4815.2 66.302 1433.2 4846.9 98.464
3.5 1428 4809.5 67.707 1410.9 4825.6 66.476 1436.9 4858.5 98.642
3.5083 1432.6 4819.6 67.265 1415.3 4836 66.647 1440.6 4870 98.828
3.5167 1437.2 4829.6 66.825 1419.7 4846.5 66.81 1444.3 4881.6 99.029
3.525 1441.7 4839.6 66.395 1424.2 4857 66.959 1447.8 4893.2 99.251
3.5333 1446.2 4849.7 65.977 1428.5 4867.6 67.088 1451.2 4904.8 99.502
3.5417 1450.6 4859.8 65.575 1432.9 4878.2 67.193 1454.6 4916.4 99.785
3.55 1455 4869.9 65.184 1437.3 4888.8 67.269 1457.8 4928 100.1
3.5583 1459.4 4880.1 64.803 1441.7 4899.4 67.313 1461 4939.6 100.45
3.5667 1463.8 4890.4 64.427 1446 4910.1 67.324 1464.2 4951.2 100.83
3.575 1468.3 4900.7 64.051 1450.4 4920.8 67.303 1467.3 4962.8 101.23
3.5833 1472.7 4911.2 63.674 1454.7 4931.7 67.252 1470.4 4974.4 101.64
3.5917 1477.1 4921.6 63.297 1459.1 4942.6 67.174 1473.4 4986.1 102.06
3.6 1481.5 4932.2 62.926 1463.4 4953.6 67.073 1476.5 4997.7 102.48
3.6083 1485.8 4942.7 62.571 1467.7 4964.7 66.956 1479.6 5009.4 102.9
3.6167 1490.2 4953.3 62.24 1472.1 4975.9 66.827 1482.7 5021.1 103.3
3.625 1494.5 4963.9 61.947 1476.3 4987.2 66.692 1485.8 5032.8 103.69
3.6333 1498.8 4974.5 61.702 1480.6 4998.6 66.557 1489 5044.5 104.06
3.6417 1503 4985.2 61.51 1484.8 5010.1 66.427 1492.2 5056.3 104.42
3.65 1507.3 4995.9 61.374 1489 5021.7 66.304 1495.5 5068.1 104.76
3.6583 1511.5 5006.8 61.288 1493.1 5033.3 66.191 1498.8 5079.9 105.09
3.6667 1515.8 5017.8 61.246 1497.2 5045 66.089 1502.1 5091.9 105.41
3.675 1520 5029.1 61.236 1501.2 5056.7 66.001 1505.4 5103.8 105.73
3.6833 1524.3 5040.5 61.251 1505.2 5068.4 65.926 1508.7 5115.9 106.04
3.6917 1528.6 5052.2 61.285 1509.1 5080.2 65.867 1512 5128 106.35
3.7 1532.9 5063.9 61.336 1512.9 5092.1 65.825 1515.3 5140.2 106.66
3.7083 1537.1 5075.8 61.398 1516.8 5104.1 65.802 1518.5 5152.4 106.97
3.7167 1541.4 5087.8 61.467 1520.5 5116.2 65.803 1521.6 5164.7 107.29
3.725 1545.6 5099.8 61.537 1524.3 5128.4 65.832 1524.7 5177 107.61
3.7333 1549.8 5111.8 61.593 1528 5140.7 65.892 1527.7 5189.4 107.94
3.7417 1554 5124 61.633 1531.6 5153.2 65.987 1530.6 5201.9 108.27
3.75 1558.2 5136.2 61.648 1535.2 5165.8 66.121 1533.4 5214.4 108.61
3.7583 1562.4 5148.6 61.631 1538.7 5178.5 66.293 1536.2 5227 108.96
3.7667 1566.7 5161.2 61.583 1542.1 5191.3 66.504 1538.9 5239.7 109.3
3.775 1571 5174 61.508 1545.5 5204.2 66.749 1541.5 5252.5 109.65
3.7833 1575.4 5187.1 61.413 1548.8 5217.1 67.025 1544 5265.3 109.99
3.7917 1579.9 5200.4 61.316 1552 5230 67.323 1546.4 5278.3 110.32
3.8 1584.4 5214 61.234 1555.2 5243 67.636 1548.7 5291.3 110.63
3.8083 1589 5227.7 61.189 1558.2 5255.9 67.954 1551 5304.4 110.92
3.8167 1593.6 5241.6 61.2 1561.2 5268.8 68.269 1553.2 5317.6 111.19
3.825 1598.1 5255.6 61.285 1564.2 5281.6 68.574 1555.3 5330.8 111.42
3.8333 1602.6 5269.6 61.457 1567.1 5294.4 68.861 1557.4 5344.1 111.63
3.8417 1607 5283.5 61.709 1570 5307.1 69.126 1559.4 5357.3 111.82
3.85 1611.3 5297.4 62.05 1572.9 5319.8 69.369 1561.3 5370.5 111.99
3.8583 1615.3 5311.1 62.469 1575.9 5332.4 69.588 1563.2 5383.7 112.15
3.8667 1619.2 5324.5 62.949 1578.9 5344.9 69.787 1565 5396.7 112.3
3.875 1622.8 5337.8 63.472 1582 5357.4 69.968 1566.8 5409.7 112.47
3.8833 1626.3 5350.7 64.015 1585.2 5369.8 70.137 1568.5 5422.5 112.65
3.8917 1629.5 5363.4 64.557 1588.5 5382.1 70.3 1570.3 5435.2 112.86
3.9 1632.6 5375.9 65.084 1591.9 5394.3 70.46 1572 5447.7 113.09
3.9083 1635.4 5388.1 65.587 1595.3 5406.4 70.623 1573.8 5460.2 113.36
3.9167 1638.2 5400.1 66.069 1598.8 5418.4 70.79 1575.6 5472.5 113.65
3.925 1640.8 5412 66.525 1602.4 5430.2 70.963 1577.5 5484.8 113.96
3.9333 1643.3 5423.7 66.969 1605.9 5441.8 71.141 1579.6 5496.9 114.27
3.9417 1645.8 5435.4 67.406 1609.4 5453.2 71.321 1581.7 5509.1 114.58
3.95 1648.2 5447.1 67.848 1612.9 5464.4 71.501 1584.1 5521.2 114.86
3.9583 1650.7 5458.6 68.306 1616.4 5475.5 71.676 1586.6 5533.2 115.11
3.9667 1653.1 5470.2 68.786 1619.7 5486.4 71.842 1589.3 5545.3 115.3
3.975 1655.6 5481.7 69.3 1623 5497.2 71.996 1592.2 5557.4 115.45
3.9833 1658.1 5493.1 69.859 1626.2 5507.9 72.136 1595.4 5569.4 115.53
3.9917 1660.7 5504.4 70.461 1629.3 5518.5 72.261 1598.7 5581.5 115.56
4 1663.4 5515.6 71.109 1632.4 5529.1 72.373 1602.2 5593.5 115.53
4.0083 1666.1 5526.7 71.799 1635.4 5539.7 72.474 1605.8 5605.5 115.47
4.0167 1668.8 5537.6 72.527 1638.4 5550.3 72.57 1609.6 5617.4 115.38
4.025 1671.6 5548.5 73.285 1641.4 5560.9 72.666 1613.4 5629.2 115.28
4.0333 1674.4 5559.2 74.067 1644.5 5571.5 72.769 1617.3 5640.9 115.18
4.0417 1677.2 5569.9 74.864 1647.5 5582.1 72.884 1621.2 5652.5 115.1
4.05 1680.1 5580.5 75.668 1650.6 5592.8 73.018 1625 5664 115.04
4.0583 1682.9 5591.1 76.474 1653.8 5603.6 73.176 1628.9 5675.4 115.01
4.0667 1685.6 5601.6 77.277 1656.9 5614.3 73.358 1632.7 5686.6 115.02
4.075 1688.4 5612.2 78.076 1660.1 5625.1 73.567 1636.5 5697.7 115.05
4.0833 1691.1 5622.7 78.871 1663.4 5635.9 73.802 1640.2 5708.7 115.11
4.0917 1693.8 5633.2 79.658 1666.6 5646.7 74.058 1644 5719.5 115.18
4.1 1696.6 5643.6 80.445 1669.9 5657.6 74.331 1647.8 5730.2 115.26
4.1083 1699.3 5654.1 81.227 1673.2 5668.5 74.616 1651.6 5740.9 115.34
4.1167 1702.2 5664.6 82.005 1676.5 5679.6 74.909 1655.5 5751.4 115.43
4.125 1705.1 5675.1 82.777 1679.7 5690.6 75.203 1659.5 5761.9 115.51
4.1333 1708.2 5685.6 83.537 1683 5701.8 75.494 1663.5 5772.3 115.59
4.1417 1711.3 5696.1 84.278 1686.2 5713.1 75.78 1667.6 5782.7 115.67
4.15 1714.7 5706.7 84.992 1689.5 5724.5 76.058 1671.8 5793.1 115.76
4.1583 1718.2 5717.4 85.668 1692.7 5735.9 76.327 1676 5803.4 115.86
4.1667 1721.8 5728.3 86.298 1696 5747.5 76.587 1680.3 5813.8 115.98
4.175 1725.5 5739.2 86.876 1699.2 5759.2 76.838 1684.6 5824.3 116.12
4.1833 1729.2 5750.3 87.4 1702.5 5770.9 77.081 1688.9 5834.9 116.28
4.1917 1733.1 5761.6 87.867 1705.8 5782.7 77.316 1693.1 5845.5 116.46
4.2 1736.9 5773.1 88.283 1709.1 5794.5 77.546 1697.4 5856.2 116.65
4.2083 1740.8 5784.7 88.644 1712.4 5806.3 77.764 1701.6 5867.1 116.85
4.2167 1744.8 5796.5 88.966 1715.7 5818.2 77.979 1705.8 5878.1 117.04
4.225 1748.7 5808.4 89.237 1719 5830.1 78.181 1710 5889.2 117.22
4.2333 1752.6 5820.4 89.459 1722.3 5841.9 78.368 1714.1 5900.4 117.37
4.2417 1756.4 5832.4 89.63 1725.7 5853.8 78.533 1718.2 5911.8 117.5
4.25 1760.3 5844.4 89.759 1729 5865.6 78.68 1722.3 5923.2 117.6
4.2583 1764.1 5856.3 89.841 1732.4 5877.4 78.795 1726.3 5934.8 117.68
4.2667 1768 5868.3 89.885 1735.8 5889.3 78.874 1730.3 5946.5 117.74
4.275 1771.8 5880.3 89.895 1739.3 5901.1 78.914 1734.2 5958.2 117.81
4.2833 1775.7 5892.3 89.879 1742.7 5912.9 78.914 1738.1 5970.1 117.88
4.2917 1779.7 5904.4 89.843 1746.3 5924.8 78.87 1741.9 5982 117.97
4.3 1783.7 5916.7 89.791 1749.8 5936.6 78.783 1745.7 5994.1 118.09
4.3083 1787.7 5929.3 89.726 1753.5 5948.4 78.656 1749.3 6006.3 118.24
4.3167 1791.7 5942 89.652 1757.1 5960.3 78.493 1752.8 6018.6 118.43
4.325 1795.7 5955 89.567 1760.9 5972.1 78.304 1756.3 6030.9 118.65
4.3333 1799.7 5968.3 89.47 1764.7 5984 78.099 1759.7 6043.4 118.89
4.3417 1803.6 5981.7 89.358 1768.5 5995.8 77.881 1763 6055.9 119.13
4.35 1807.3 5995.2 89.228 1772.3 6007.7 77.671 1766.3 6068.6 119.36
4.3583 1810.9 6008.8 89.085 1776.1 6019.6 77.469 1769.5 6081.2 119.56
4.3667 1814.3 6022.3 88.928 1779.8 6031.5 77.296 1772.8 6093.9 119.7
4.375 1817.6 6035.7 88.766 1783.4 6043.4 77.155 1776.1 6106.6 119.79
4.3833 1820.8 6048.9 88.603 1786.9 6055.4 77.058 1779.4 6119.2 119.8
4.3917 1823.9 6061.9 88.456 1790.3 6067.4 77.007 1782.8 6131.8 119.74
4.4 1827 6074.6 88.326 1793.5 6079.4 77.013 1786.1 6144.2 119.62
4.4083 1830 6087 88.222 1796.5 6091.4 77.078 1789.5 6156.6 119.43
4.4167 1833.1 6099.1 88.151 1799.2 6103.3 77.206 1792.8 6168.9 119.21
4.425 1836.1 6111 88.114 1801.8 6115.2 77.398 1796.1 6181 118.96
4.4333 1839.2 6122.7 88.106 1804.1 6127 77.654 1799.2 6193.1 118.71
4.4417 1842.3 6134.2 88.123 1806.2 6138.6 77.972 1802.2 6205 118.47
4.45 1845.4 6145.6 88.151 1808.1 6150.1 78.349 1804.9 6216.9 118.28
4.4583 1848.5 6156.9 88.179 1809.8 6161.5 78.774 1807.4 6228.7 118.13
4.4667 1851.6 6168.1 88.194 1811.4 6172.6 79.252 1809.6 6240.5 118.05
4.475 1854.5 6179.3 88.183 1812.9 6183.5 79.757 1811.5 6252.2 118.02
4.4833 1857.3 6190.5 88.139 1814.2 6194.3 80.297 1813.1 6263.9 118.06
4.4917 1859.9 6201.6 88.055 1815.5 6204.9 80.845 1814.3 6275.6 118.16
4.5 1862.3 6212.7 87.93 1816.8 6215.4 81.392 1815.2 6287.3 118.31
4.5083 1864.5 6223.6 87.762 1818 6225.8 81.943 1815.7 6299 118.51
4.5167 1866.3 6234.4 87.557 1819.1 6236.1 82.475 1816 6310.6 118.75
4.525 1867.9 6245.1 87.324 1820.2 6246.4 82.987 1815.9 6322.2 119.01
4.5333 1869.3 6255.7 87.074 1821.2 6256.6 83.474 1815.6 6333.7 119.31
4.5417 1870.4 6266.1 86.819 1822.2 6266.9 83.936 1815 6345.2 119.63
4.55 1871.2 6276.5 86.57 1823.1 6277.2 84.37 1814.2 6356.5 119.98
4.5583 1871.9 6286.7 86.34 1823.8 6287.5 84.779 1813.2 6367.8 120.36
4.5667 1872.5 6296.8 86.136 1824.5 6297.9 85.166 1812 6379 120.77
4.575 1872.9 6307 85.96 1825.1 6308.2 85.531 1810.7 6390 121.21
4.5833 1873.2 6317.1 85.812 1825.5 6318.6 85.879 1809.2 6400.9 121.69
4.5917 1873.4 6327.2 85.686 1825.9 6329 86.208 1807.6 6411.6 122.2
4.6 1873.6 6337.3 85.576 1826.1 6339.3 86.52 1805.8 6422.3 122.73
4.6083 1873.7 6347.5 85.471 1826.3 6349.7 86.814 1804 6432.7 123.3
4.6167 1873.8 6357.6 85.36 1826.3 6360.1 87.086 1802.1 6443.1 123.88
4.625 1873.9 6367.8 85.235 1826.4 6370.5 87.335 1800.2 6453.3 124.46
4.6333 1874 6378 85.09 1826.3 6380.9 87.556 1798.3 6463.3 125.06
4.6417 1874 6388.2 84.922 1826.2 6391.3 87.749 1796.3 6473.3 125.64
4.65 1874.1 6398.4 84.733 1826 6401.8 87.911 1794.4 6483.1 126.22
4.6583 1874.2 6408.6 84.531 1825.8 6412.4 88.043 1792.4 6492.9 126.78
4.6667 1874.3 6418.9 84.328 1825.5 6423 88.148 1790.6 6502.5 127.32
4.675 1874.5 6429.1 84.14 1825.2 6433.8 88.228 1788.7 6512.2 127.85
4.6833 1874.6 6439.4 83.983 1824.7 6444.5 88.289 1786.9 6521.7 128.37
4.6917 1874.7 6449.8 83.874 1824.2 6455.4 88.335 1785.2 6531.3 128.87
4.7 1874.7 6460.2 83.826 1823.6 6466.3 88.371 1783.5 6540.8 129.35
4.7083 1874.7 6470.7 83.848 1822.8 6477.3 88.402 1781.8 6550.3 129.82
4.7167 1874.6 6481.4 83.94 1822 6488.2 88.429 1780.1 6559.9 130.28
4.725 1874.3 6492.1 84.097 1821 6499.1 88.455 1778.4 6569.5 130.72
4.7333 1873.9 6503 84.307 1819.9 6510 88.48 1776.8 6579.2 131.14
4.7417 1873.3 6514.1 84.555 1818.7 6520.9 88.503 1775.1 6588.9 131.53
4.75 1872.6 6525.3 84.825 1817.3 6531.7 88.524 1773.3 6598.7 131.89
4.7583 1871.8 6536.5 85.103 1815.9 6542.4 88.543 1771.5 6608.5 132.22
4.7667 1870.9 6547.8 85.382 1814.4 6553.1 88.564 1769.7 6618.4 132.51
4.775 1870 6559.2 85.656 1812.7 6563.7 88.59 1767.8 6628.3 132.77
4.7833 1869 6570.5 85.924 1811 6574.3 88.627 1765.8 6638.3 133
4.7917 1868 6581.8 86.19 1809.2 6584.9 88.684 1763.7 6648.3 133.2
4.8 1866.9 6593.1 86.447 1807.2 6595.5 88.771 1761.5 6658.4 133.37
4.8083 1865.9 6604.5 86.704 1805.2 6606.1 88.897 1759.1 6668.5 133.52
4.8167 1864.8 6615.9 86.961 1803 6616.7 89.072 1756.7 6678.7 133.66
4.825 1863.7 6627.5 87.218 1800.8 6627.2 89.303 1754.1 6689 133.8
4.8333 1862.5 6639.3 87.478 1798.4 6637.8 89.594 1751.3 6699.4 133.93
4.8417 1861.3 6651.3 87.745 1795.9 6648.4 89.944 1748.4 6709.9 134.07
4.85 1860 6663.5 88.023 1793.3 6659 90.349 1745.3 6720.5 134.21
4.8583 1858.7 6676 88.325 1790.6 6669.5 90.803 1742.1 6731.2 134.35
4.8667 1857.1 6688.7 88.662 1787.8 6679.9 91.296 1738.7 6742 134.51
4.875 1855.4 6701.4 89.049 1785 6690.3 91.816 1735.1 6752.9 134.67
4.8833 1853.5 6714.2 89.499 1782 6700.6 92.351 1731.4 6763.9 134.84
4.8917 1851.4 6727 90.022 1779 6710.9 92.891 1727.4 6774.8 135.02
4.9 1849 6739.6 90.621 1776 6721.1 93.427 1723.3 6785.8 135.22
4.9083 1846.5 6751.9 91.294 1773 6731.2 93.954 1719 6796.7 135.43
4.9167 1843.7 6764.1 92.033 1770.1 6741.4 94.473 1714.6 6807.4 135.67
4.925 1840.8 6775.9 92.826 1767.2 6751.5 94.985 1710.1 6818.1 135.94
4.9333 1837.8 6787.4 93.656 1764.4 6761.5 95.495 1705.4 6828.6 136.25
4.9417 1834.6 6798.6 94.506 1761.8 6771.6 96.013 1700.7 6838.9 136.61
4.95 1831.2 6809.5 95.357 1759.3 6781.7 96.546 1695.9 6849 137.03
4.9583 1827.8 6820.2 96.199 1756.9 6791.7 97.104 1691.1 6858.9 137.5
4.9667 1824.2 6830.6 97.025 1754.6 6801.7 97.694 1686.2 6868.6 138.04
4.975 1820.5 6841 97.835 1752.4 6811.6 98.319 1681.4 6878.1 138.64
4.9833 1816.7 6851.2 98.631 1750.3 6821.4 98.98 1676.7 6887.4 139.3
4.9917 1812.7 6861.3 99.418 1748.3 6831 99.678 1672.1 6896.5 140.02
5 1808.5 6871.3 100.21 1746.3 6840.5 100.4 1667.5 6905.5 140.78
5.0083 1804.3 6881.1 101 1744.3 6849.7 101.15 1663.1 6914.4 141.57
5.0167 1799.9 6890.8 101.81 1742.3 6858.8 101.91 1658.8 6923.1 142.39
5.025 1795.6 6900.4 102.66 1740.2 6867.7 102.68 1654.6 6931.8 143.21
5.0333 1791.2 6909.8 103.54 1738.1 6876.5 103.44 1650.6 6940.3 144.03
5.0417 1786.9 6919.1 104.47 1735.8 6885.1 104.19 1646.7 6948.8 144.84
5.05 1782.6 6928.2 105.45 1733.5 6893.6 104.93 1642.9 6957.3 145.63
5.0583 1778.5 6937.1 106.48 1731 6902 105.65 1639.1 6965.6 146.4
5.0667 1774.6 6946 107.57 1728.5 6910.4 106.35 1635.5 6973.9 147.15
5.075 1770.7 6954.7 108.7 1725.9 6918.8 107.03 1631.9 6982.1 147.88
5.0833 1767 6963.4 109.87 1723.2 6927.2 107.71 1628.3 6990.3 148.6
5.0917 1763.3 6972 111.08 1720.4 6935.7 108.38 1624.7 6998.3 149.32
5.1 1759.7 6980.6 112.3 1717.5 6944.2 109.04 1621.1 7006.2 150.04
5.1083 1756.1 6989.2 113.55 1714.5 6952.9 109.7 1617.6 7013.9 150.77
5.1167 1752.5 6997.7 114.81 1711.5 6961.6 110.36 1614 7021.6 151.51
5.125 1748.8 7006.2 116.08 1708.3 6970.3 111.02 1610.3 7029.1 152.27
5.1333 1745 7014.7 117.36 1705.1 6979.1 111.69 1606.7 7036.5 153.04
5.1417 1741.1 7023.1 118.65 1701.7 6987.9 112.36 1603.1 7043.8 153.82
5.15 1737.2 7031.4 119.97 1698.2 6996.7 113.03 1599.4 7050.9 154.61
5.1583 1733.2 7039.7 121.31 1694.6 7005.5 113.71 1595.7 7058 155.39
5.1667 1729.1 7047.9 122.68 1690.9 7014.2 114.39 1592 7065 156.17
5.175 1725 7056.1 124.08 1687.1 7022.9 115.06 1588.4 7071.9 156.94
5.1833 1720.9 7064.4 125.49 1683.1 7031.5 115.75 1584.7 7078.8 157.68
5.1917 1716.7 7072.7 126.91 1679.1 7040.1 116.43 1581 7085.7 158.4
5.2 1712.6 7081.2 128.32 1674.9 7048.6 117.13 1577.3 7092.5 159.09
5.2083 1708.4 7089.8 129.7 1670.7 7057.1 117.84 1573.6 7099.4 159.76
5.2167 1704.3 7098.6 131.01 1666.4 7065.5 118.55 1569.9 7106.2 160.4
5.225 1700.1 7107.5 132.24 1662.1 7073.9 119.29 1566.2 7113 161.03
5.2333 1695.9 7116.7 133.35 1657.6 7082.3 120.03 1562.4 7119.8 161.65
5.2417 1691.7 7126.1 134.34 1653.2 7090.7 120.79 1558.6 7126.6 162.26
5.25 1687.4 7135.7 135.17 1648.7 7099.1 121.56 1554.7 7133.3 162.88
5.2583 1683.3 7145.4 135.84 1644.1 7107.5 122.32 1550.7 7140 163.51
5.2667 1679.1 7155.2 136.37 1639.4 7115.8 123.08 1546.7 7146.7 164.16
5.275 1674.9 7165.1 136.77 1634.7 7124.1 123.83 1542.5 7153.2 164.82
5.2833 1670.7 7175 137.06 1629.9 7132.4 124.56 1538.3 7159.8 165.51
5.2917 1666.4 7185 137.28 1624.9 7140.6 125.25 1534 7166.3 166.2
5.3 1662.1 7194.9 137.44 1620 7148.7 125.91 1529.5 7172.8 166.91
5.3083 1657.6 7204.8 137.59 1614.9 7156.9 126.52 1525 7179.3 167.63
5.3167 1653.1 7214.7 137.72 1609.8 7164.9 127.08 1520.3 7185.7 168.35
5.325 1648.5 7224.6 137.87 1604.6 7172.9 127.61 1515.4 7192.2 169.06
5.3333 1643.7 7234.7 138.04 1599.4 7180.9 128.08 1510.4 7198.7 169.77
5.3417 1638.9 7244.7 138.24 1594.1 7188.8 128.5 1505.3 7205.2 170.47
5.35 1633.8 7254.9 138.47 1588.9 7196.7 128.89 1499.9 7211.8 171.16
5.3583 1628.5 7265.1 138.74 1583.7 7204.4 129.24 1494.4 7218.3 171.84
5.3667 1623.1 7275.3 139.03 1578.5 7212.2 129.58 1488.6 7224.9 172.51
5.375 1617.4 7285.5 139.34 1573.4 7219.8 129.89 1482.7 7231.4 173.17
5.3833 1611.5 7295.6 139.68 1568.3 7227.4 130.21 1476.6 7237.9 173.82
5.3917 1605.4 7305.4 140.04 1563.2 7234.9 130.53 1470.3 7244.3 174.48
5.4 1599.1 7314.9 140.42 1558.2 7242.3 130.86 1463.9 7250.7 175.13
5.4083 1592.6 7324.1 140.83 1553.1 7249.7 131.23 1457.4 7257 175.78
5.4167 1586.1 7332.9 141.26 1547.9 7256.9 131.63 1450.7 7263.2 176.44
5.425 1579.6 7341.4 141.73 1542.7 7264.1 132.07 1444 7269.3 177.09
5.4333 1573.1 7349.4 142.24 1537.4 7271.2 132.57 1437.3 7275.3 177.74
5.4417 1566.7 7357.1 142.79 1531.9 7278.2 133.13 1430.6 7281.3 178.39
5.45 1560.5 7364.5 143.4 1526.2 7285.1 133.76 1423.9 7287.2 179.03
5.4583 1554.4 7371.6 144.05 1520.4 7291.9 134.45 1417.1 7292.9 179.67
5.4667 1548.5 7378.5 144.76 1514.4 7298.6 135.22 1410.5 7298.6 180.3
5.475 1542.8 7385.2 145.52 1508.2 7305.1 136.05 1403.8 7304.2 180.93
5.4833 1537.2 7391.7 146.31 1501.9 7311.6 136.95 1397.1 7309.6 181.56
5.4917 1531.6 7398.1 147.13 1495.4 7317.8 137.92 1390.4 7314.9 182.19
5.5 1526.1 7404.3 147.96 1488.9 7323.9 138.95 1383.7 7320 182.82
5.5083 1520.7 7410.3 148.79 1482.2 7329.8 140.04 1376.9 7324.8 183.46
5.5167 1515.2 7416.1 149.6 1475.6 7335.5 141.18 1369.9 7329.5 184.1
5.525 1509.7 7421.8 150.38 1468.8 7341 142.35 1362.8 7333.8 184.75
5.5333 1504.1 7427.4 151.12 1462.2 7346.2 143.59 1355.6 7337.9 185.41
5.5417 1498.3 7432.7 151.81 1455.5 7351.3 144.84 1348.1 7341.7 186.09
5.55 1492.4 7437.8 152.45 1448.8 7356.1 146.11 1340.4 7345.2 186.77
5.5583 1486.3 7442.5 153.05 1442.1 7360.9 147.41 1332.6 7348.4 187.47
5.5667 1480.1 7447 153.6 1435.4 7365.4 148.72 1324.6 7351.4 188.18
5.575 1473.6 7451.1 154.13 1428.7 7369.9 150.03 1316.4 7354.1 188.91
5.5833 1467.1 7454.8 154.64 1421.9 7374.3 151.35 1308 7356.5 189.66
5.5917 1460.4 7458.3 155.15 1415 7378.5 152.66 1299.6 7358.7 190.42
5.6 1453.7 7461.5 155.69 1408.1 7382.7 153.97 1291.2 7360.7 191.2
5.6083 1447 7464.4 156.24 1401 7386.8 155.26 1282.7 7362.4 192.01
5.6167 1440.2 7467.2 156.82 1393.9 7390.7 156.54 1274.3 7363.8 192.84
5.625 1433.4 7469.7 157.42 1386.7 7394.5 157.8 1265.9 7365.1 193.69
5.6333 1426.7 7472.1 158.05 1379.3 7398.1 159.04 1257.7 7366.1 194.57
5.6417 1420 7474.4 158.7 1371.8 7401.4 160.25 1249.5 7366.8 195.48
5.65 1413.3 7476.6 159.35 1364.3 7404.6 161.44 1241.5 7367.4 196.4
5.6583 1406.6 7478.8 159.99 1356.6 7407.6 162.59 1233.7 7367.8 197.34
5.6667 1399.9 7481.1 160.61 1348.9 7410.3 163.71 1225.9 7368.1 198.28
5.675 1393.3 7483.3 161.21 1341.2 7412.9 164.79 1218.3 7368.2 199.22
5.6833 1386.6 7485.6 161.77 1333.4 7415.3 165.83 1210.6 7368.3 200.15
5.6917 1379.9 7488 162.3 1325.5 7417.5 166.83 1203.1 7368.4 201.06
5.7 1373.2 7490.5 162.79 1317.6 7419.7 167.79 1195.5 7368.5 201.93
5.7083 1366.4 7493 163.26 1309.7 7421.8 168.7 1187.9 7368.6 202.77
5.7167 1359.5 7495.5 163.71 1301.7 7423.8 169.57 1180.2 7368.8 203.57
5.725 1352.5 7498 164.16 1293.6 7425.8 170.39 1172.5 7368.9 204.33
5.7333 1345.5 7500.4 164.63 1285.5 7427.7 171.17 1164.7 7369.1 205.05
5.7417 1338.4 7502.7 165.13 1277.2 7429.4 171.9 1156.9 7369.3 205.72
5.75 1331.2 7504.9 165.67 1268.9 7431 172.6 1148.9 7369.4 206.36
5.7583 1324 7506.8 166.25 1260.5 7432.4 173.27 1141 7369.5 206.96
5.7667 1316.6 7508.4 166.88 1252 7433.6 173.9 1133 7369.4 207.53
5.775 1309.2 7509.8 167.56 1243.4 7434.5 174.51 1124.9 7369.1 208.08
5.7833 1301.6 7511 168.28 1234.7 7435.1 175.11 1116.9 7368.8 208.61
5.7917 1293.9 7511.9 169.02 1225.9 7435.5 175.69 1108.8 7368.2 209.11
5.8 1286 7512.6 169.79 1217.1 7435.6 176.27 1100.7 7367.6 209.6
5.8083 1278 7513.2 170.55 1208.3 7435.4 176.85 1092.6 7366.8 210.06
5.8167 1269.7 7513.7 171.32 1199.4 7435.1 177.42 1084.4 7365.9 210.51
5.825 1261.3 7514.2 172.06 1190.5 7434.6 178 1076.2 7364.9 210.93
5.8333 1252.6 7514.7 172.79 1181.7 7434 178.58 1068 7363.8 211.34
5.8417 1243.7 7515.2 173.49 1172.9 7433.2 179.16 1059.7 7362.6 211.73
5.85 1234.5 7515.7 174.17 1164.2 7432.3 179.74 1051.3 7361.2 212.11
5.8583 1225.1 7516.2 174.83 1155.6 7431.3 180.32 1042.9 7359.7 212.47
5.8667 1215.5 7516.6 175.5 1147 7430.1 180.89 1034.6 7357.9 212.82
5.875 1205.7 7516.9 176.18 1138.5 7428.8 181.46 1026.2 7355.9 213.17
5.8833 1195.7 7516.9 176.9 1130.1 7427.2 182.03 1017.9 7353.6 213.53
5.8917 1185.6 7516.6 177.67 1121.7 7425.4 182.61 1009.6 7350.9 213.89
5.9 1175.4 7516.1 178.52 1113.3 7423.4 183.2 1001.5 7347.9 214.26
5.9083 1165.3 7515.1 179.44 1105 7421.2 183.8 993.55 7344.6 214.66
5.9167 1155.2 7513.9 180.44 1096.7 7418.8 184.43 985.73 7341.1 215.07
5.925 1145.2 7512.3 181.51 1088.4 7416.3 185.1 978.07 7337.5 215.5
5.9333 1135.4 7510.6 182.63 1080.1 7413.8 185.8 970.58 7333.8 215.95
5.9417 1125.9 7508.7 183.79 1071.9 7411.4 186.55 963.25 7330.1 216.42
5.95 1116.5 7506.8 184.95 1063.7 7409.1 187.35 956.05 7326.5 216.9
5.9583 1107.4 7505 186.1 1055.5 7407 188.2 948.97 7323.1 217.4
5.9667 1098.6 7503.3 187.23 1047.4 7405.1 189.08 941.98 7319.8 217.9
5.975 1089.9 7501.8 188.33 1039.4 7403.4 190.01 935.05 7316.7 218.42
5.9833 1081.5 7500.4 189.4 1031.5 7402 190.96 928.17 7313.8 218.93
5.9917 1073.2 7499.1 190.47 1023.8 7400.6 191.92 921.32 7310.9 219.46
6 1065 7497.8 191.55 1016.2 7399.2 192.9 914.48 7307.9 219.99
6.0083 1056.9 7496.2 192.66 1008.8 7397.9 193.88 907.65 7304.9 220.52
6.0167 1048.9 7494.5 193.81 1001.5 7396.4 194.85 900.82 7301.7 221.06
6.025 1041 7492.4 195.03 994.42 7394.7 195.81 893.97 7298.4 221.6
6.0333 1033.1 7489.9 196.32 987.42 7392.9 196.77 887.11 7294.8 222.14
6.0417 1025.3 7487.2 197.68 980.5 7390.9 197.72 880.24 7291 222.67
6.05 1017.6 7484.1 199.11 973.64 7388.6 198.67 873.33 7287.1 223.2
6.0583 1009.9 7480.9 200.61 966.8 7386.3 199.62 866.4 7283.2 223.7
6.0667 1002.4 7477.7 202.16 959.96 7383.9 200.59 859.42 7279.3 224.18
6.075 994.93 7474.6 203.75 953.08 7381.5 201.58 852.41 7275.5 224.63
6.0833 987.58 7471.6 205.35 946.16 7379.2 202.6 845.34 7271.8 225.04
6.0917 980.32 7468.9 206.97 939.18 7376.8 203.64 838.24 7268.4 225.42
6.1 973.16 7466.5 208.57 932.16 7374.5 204.71 831.1 7265.1 225.76
6.1083 966.09 7464.2 210.17 925.08 7372.2 205.8 823.95 7261.9 226.07
6.1167 959.1 7462.2 211.76 917.98 7369.8 206.92 816.8 7258.8 226.35
6.125 952.19 7460.1 213.35 910.85 7367.1 208.06 809.68 7255.5 226.62
6.1333 945.36 7458.1 214.93 903.72 7364.2 209.2 802.6 7252 226.88
6.1417 938.59 7455.8 216.53 896.59 7360.9 210.34 795.6 7248.3 227.14
6.15 931.89 7453.3 218.15 889.47 7357.2 211.47 788.67 7244.3 227.41
6.1583 925.22 7450.5 219.79 882.36 7353.2 212.6 781.83 7239.9 227.69
6.1667 918.56 7447.5 221.44 875.26 7348.8 213.71 775.08 7235.3 227.99
6.175 911.9 7444.4 223.1 868.15 7344.1 214.8 768.4 7230.5 228.3
6.1833 905.21 7441.2 224.75 861.02 7339.3 215.88 761.77 7225.6 228.62
6.1917 898.48 7438 226.37 853.87 7334.4 216.94 755.18 7220.8 228.94
6.2 891.67 7435 227.95 846.68 7329.6 217.98 748.6 7216.2 229.25
6.2083 884.82 7432.2 229.46 839.47 7324.9 219.01 742.01 7211.7 229.54
6.2167 877.89 7429.7 230.88 832.23 7320.4 220.03 735.39 7207.6 229.81
6.225 870.91 7427.5 232.2 824.97 7316.1 221.04 728.74 7203.6 230.05
6.2333 863.88 7425.3 233.41 817.73 7311.9 222.04 722.05 7199.9 230.25
6.2417 856.81 7423.2 234.5 810.5 7307.6 223.03 715.34 7196.1 230.42
6.25 849.7 7421.1 235.49 803.31 7303.2 224.01 708.63 7192.3 230.56
6.2583 842.57 7418.7 236.37 796.17 7298.6 224.97 701.92 7188.2 230.68
6.2667 835.39 7415.9 237.17 789.09 7293.5 225.91 695.24 7183.9 230.79
6.275 828.19 7412.7 237.88 782.05 7288.1 226.84 688.6 7179.1 230.9
6.2833 820.94 7409.1 238.54 775.06 7282.3 227.73 682.02 7173.9 231.03
6.2917 813.64 7405 239.15 768.26 7276.2 228.59 674.43 7168.6 230.43
6.3 806.27 7400.6 239.72 761.28 7269.8 229.42 667.99 7162.9 230.61
6.3083 798.8 7396.1 240.26 754.27 7263.4 230.22 661.57 7157.2 230.8
6.3167 791.23 7391.4 240.78 747.22 7256.9 230.97 655.16 7151.6 231.01
6.325 783.53 7386.9 241.28 740.1 7250.7 231.67 648.75 7146.3 231.23
6.3333 775.71 7382.5 241.76 732.91 7244.8 232.33 642.3 7141.4 231.45
6.3417 767.78 7378.2 242.21 725.64 7239.3 232.94 635.81 7137 231.65
6.35 759.76 7374.1 242.64 718.29 7234 233.51 629.25 7132.9 231.83
6.3583 751.69 7370 243.05 710.89 7228.9 234.03 622.63 7129.1 231.99
6.3667 743.6 7365.8 243.42 703.43 7223.9 234.51 615.94 7125.4 232.11
6.375 735.5 7361.2 243.77 695.92 7218.8 234.94 609.19 7121.7 232.21
6.3833 727.42 7356.1 244.08 688.37 7213.4 235.33 602.37 7117.6 232.27
6.3917 719.35 7350.4 244.38 680.76 7207.5 235.67 595.49 7113.2 232.33
6.4 711.29 7343.9 244.67 673.09 7201.1 235.97 588.54 7108.1 232.37
6.4083 703.21 7336.7 244.95 665.31 7194.1 236.21 581.5 7102.5 232.42
6.4167 695.1 7328.8 245.23 657.39 7186.7 236.4 574.37 7096.4 232.49
6.425 686.94 7320.3 245.52 649.29 7178.9 236.54 567.1 7090 232.59
6.4333 678.71 7311.6 245.82 640.97 7171 236.61 559.68 7083.3 232.71
6.4417 670.4 7302.7 246.14 632.41 7163.1 236.62 552.09 7076.7 232.86
6.45 662.01 7293.9 246.48 623.58 7155.4 236.57 544.31 7070.4 233.03
6.4583 653.56 7285.4 246.82 614.51 7148 236.47 536.33 7064.3 233.22
6.4667 645.07 7277.1 247.15 605.22 7140.9 236.32 528.17 7058.7 233.41
6.475 636.57 7269.2 247.46 595.75 7134.2 236.13 519.84 7053.5 233.58
6.4833 628.09 7261.5 247.74 586.19 7127.7 235.91 511.38 7048.6 233.74
6.4917 619.67 7253.7 247.97 576.61 7121.2 235.69 502.83 7043.7 233.85
6.5 611.35 7245.9 248.14 567.1 7114.5 235.48 494.26 7038.7 233.92
6.5083 603.13 7237.7 248.24 557.74 7107.4 235.3 485.71 7033.4 233.94
6.5167 595.05 7229.1 248.27 548.62 7099.9 235.16 477.24 7027.5 233.92
6.525 587.09 7219.9 248.24 539.78 7091.9 235.08 468.87 7021.1 233.86
6.5333 579.22 7210.4 248.16 531.26 7083.4 235.07 460.64 7014 233.77
6.5417 571.42 7200.6 248.02 523.08 7074.5 235.14 452.56 7006.5 233.66
6.55 563.65 7190.7 247.85 515.22 7065.6 235.29 444.64 6998.6 233.56
6.5583 555.86 7181 247.63 507.66 7056.8 235.51 436.86 6990.7 233.46
6.5667 548.05 7171.7 247.38 500.37 7048.5 235.81 429.22 6983 233.39
6.575 540.21 7163 247.1 493.3 7040.8 236.15 421.7 6975.7 233.34
6.5833 532.36 7155.1 246.78 486.4 7033.9 236.54 414.31 6969 233.32
6.5917 524.48 7147.9 246.43 479.65 7027.7 236.94 407.05 6962.8 233.33
6.6 516.59 7141.4 246.06 473.02 7022.2 237.35 399.94 6957.2 233.37
6.6083 508.69 7135.3 245.66 466.49 7017.1 237.74 392.98 6951.8 233.43
6.6167 500.8 7129.4 245.24 460.05 7012.2 238.1 386.23 6946.6 233.5
6.625 492.98 7123.3 244.8 453.73 7007.2 238.43 379.69 6941.2 233.58
6.6333 485.25 7116.8 244.34 447.52 7001.6 238.71 373.4 6935.3 233.66
6.6417 477.68 7109.6 243.89 441.42 6995.5 238.96 367.36 6928.7 233.75
6.65 470.42 7100 244.21 435.44 6988.5 239.16 361.56 6921.4 233.84
6.6583 463.04 7093 243.01 429.55 6980.9 239.34 355.99 6913.4 233.93
6.6667 455.96 7083.8 242.61 423.75 6972.6 239.49 350.59 6904.7 234.02
6.675 449 7074.3 242.24 417.98 6964 239.62 345.34 6895.8 234.13
6.6833 442.15 7064.8 241.9 412.22 6955.4 239.75 340.16 6886.9 234.25
6.6917 435.35 7055.6 241.59 406.43 6947.1 239.88 335.01 6878.3 234.38
6.7 428.58 7047.1 241.31 400.58 6939.3 240.02 329.85 6870.3 234.53
6.7083 421.83 7039.3 241.05 394.65 6932.3 240.17 324.64 6863 234.69
6.7167 415.08 7032.3 240.8 388.63 6926.1 240.34 319.38 6856.6 234.86
6.725 408.35 7025.9 240.55 382.55 6920.5 240.52 314.08 6850.8 235.03
6.7333 401.65 7019.9 240.28 376.42 6915.3 240.7 308.77 6845.5 235.19
6.7417 395.02 7014 240.01 370.29 6910.2 240.88 303.48 6840.3 235.33
6.75 388.48 7007.7 239.72 364.19 6904.8 241.05 298.25 6834.9 235.46
6.7583 382.05 7000.9 239.41 358.15 6898.8 241.2 293.11 6829 235.56
6.7667 375.75 6993.1 239.1 352.2 6892 241.33 288.1 6822.4 235.64
6.775 369.56 6984.5 238.78 346.36 6884.2 241.44 283.2 6814.8 235.7
6.7833 363.46 6975 238.46 340.6 6875.6 241.51 278.41 6806.5 235.74
6.7917 357.4 6964.7 238.14 334.92 6866.2 241.56 273.69 6797.5 235.76
6.8 351.34 6954.2 237.84 329.28 6856.5 241.59 268.99 6788.1 235.79
