0.0083333 63.245 1.2732 86.961 36.425 62.434 88.137 63.295 176.15 84.172
0.016667 63.567 7.3839 86.821 36.971 68.02 88.301 63.158 182.73 84.42
0.025 63.837 13.472 86.7 37.478 73.725 88.459 62.901 189.25 84.686
0.033333 64.072 19.547 86.596 37.946 79.553 88.608 62.541 195.71 84.965
0.041667 64.282 25.623 86.507 38.373 85.51 88.744 62.097 202.12 85.249
0.05 64.476 31.716 86.429 38.757 91.596 88.866 61.588 208.47 85.533
0.058333 64.655 37.842 86.359 39.096 97.811 88.974 61.031 214.77 85.811
0.066667 64.82 44.015 86.291 39.389 104.15 89.069 60.442 221.04 86.079
0.075 64.965 50.249 86.223 39.634 110.62 89.152 59.834 227.27 86.336
0.083333 65.081 56.554 86.15 39.831 117.2 89.226 59.216 233.47 86.579
0.091667 65.162 62.933 86.071 39.977 123.89 89.293 58.596 239.67 86.811
0.1 65.198 69.387 85.988 40.074 130.69 89.355 57.977 245.87 87.032
0.10833 65.184 75.912 85.903 40.119 137.58 89.414 57.359 252.1 87.246
0.11667 65.118 82.504 85.82 40.113 144.55 89.472 56.743 258.36 87.456
0.125 64.998 89.157 85.745 40.055 151.6 89.527 56.125 264.67 87.664
0.13333 64.827 95.867 85.683 39.946 158.73 89.579 55.502 271.05 87.871
0.14167 64.607 102.64 85.639 39.785 165.91 89.628 54.869 277.5 88.078
0.15 64.342 109.47 85.619 39.572 173.16 89.672 54.224 284.04 88.286
0.15833 64.034 116.39 85.624 39.308 180.46 89.711 53.561 290.66 88.493
0.16667 63.685 123.39 85.656 38.993 187.83 89.744 52.877 297.36 88.696
0.175 63.297 130.51 85.715 38.626 195.25 89.774 52.167 304.13 88.894
0.18333 62.864 137.76 85.798 38.206 202.74 89.801 51.43 310.96 89.083
0.19167 62.394 145.13 85.905 37.731 210.29 89.829 50.659 317.83 89.263
0.2 61.884 152.64 86.033 37.198 217.92 89.861 49.851 324.74 89.431
0.20833 61.333 160.29 86.177 36.603 225.62 89.9 49.001 331.67 89.588
0.21667 60.741 168.07 86.332 35.942 233.4 89.952 48.104 338.63 89.733
0.225 60.106 175.97 86.49 35.208 241.26 90.018 47.154 345.6 89.867
0.23333 59.428 184.01 86.643 34.396 249.2 90.101 46.147 352.6 89.991
0.24167 58.704 192.18 86.78 33.499 257.2 90.202 45.076 359.65 90.107
0.25 57.936 200.49 86.895 32.512 265.26 90.32 43.935 366.77 90.217
0.25833 57.124 208.93 86.982 31.43 273.37 90.452 42.72 373.98 90.322
0.26667 56.267 217.52 87.036 30.25 281.52 90.597 41.424 381.31 90.421
0.275 55.362 226.24 87.059 28.971 289.7 90.75 40.044 388.77 90.516
0.28333 54.409 235.09 87.053 27.595 297.91 90.906 38.574 396.39 90.608
0.29167 53.411 244.07 87.026 26.126 306.13 91.062 37.009 404.17 90.695
0.3 52.356 253.14 86.986 24.571 314.37 91.214 35.347 412.11 90.779
0.30833 51.255 262.3 86.947 22.941 322.63 91.359 33.583 420.19 90.86
0.31667 50.102 271.52 86.919 21.249 330.91 91.497 31.715 428.4 90.941
0.325 48.898 280.78 86.913 19.508 339.22 91.626 29.741 436.71 91.024
0.33333 47.645 290.05 86.939 17.734 347.55 91.748 27.66 445.07 91.114
0.34167 46.336 299.31 87 15.942 355.92 91.862 25.475 453.45 91.214
0.35 44.979 308.55 87.099 14.15 364.31 91.971 23.189 461.82 91.33
0.35833 43.575 317.75 87.234 12.371 372.71 92.077 20.81 470.14 91.467
0.36667 42.131 326.88 87.398 10.617 381.13 92.181 18.347 478.38 91.629
0.375 40.65 335.94 87.585 8.8999 389.52 92.283 15.813 486.53 91.82
0.38333 39.135 344.91 87.783 7.2269 397.88 92.385 13.224 494.58 92.04
0.39167 37.591 353.76 87.982 5.6028 406.16 92.484 10.596 502.53 92.291
0.4 36.019 362.49 88.171 4.0294 414.36 92.58 7.9508 510.38 92.568
0.40833 34.42 371.07 88.342 2.5057 422.43 92.67 5.3061 518.15 92.869
0.41667 32.795 379.51 88.489 1.0284 430.35 92.753 2.6813 525.84 93.187
0.425 31.153 387.79 88.613 -0.40746 438.1 92.825 0.093301 533.47 93.516
0.43333 29.495 395.92 88.721 -1.8081 445.67 92.883 -2.4439 541.06 93.847
0.44167 27.828 403.91 88.821 -3.1801 453.06 92.928 -4.9199 548.62 94.174
0.45 26.159 411.79 88.929 -4.5301 460.27 92.957 -7.3292 556.13 94.492
0.45833 24.502 419.56 89.058 -5.8637 467.32 92.971 -9.6703 563.61 94.796
0.46667 22.864 427.24 89.222 -7.1857 474.21 92.971 -11.946 571.06 95.084
0.475 21.261 434.85 89.434 -8.5003 480.98 92.961 -14.163 578.45 95.355
0.48333 19.702 442.4 89.7 -9.8086 487.65 92.944 -16.331 585.79 95.612
0.49167 18.199 449.9 90.025 -11.112 494.24 92.924 -18.461 593.06 95.857
0.5 16.761 457.35 90.411 -12.41 500.77 92.907 -20.564 600.25 96.095
0.50833 15.391 464.77 90.855 -13.703 507.26 92.899 -22.65 607.37 96.33
0.51667 14.093 472.15 91.35 -14.99 513.73 92.903 -24.729 614.4 96.566
0.525 12.861 479.48 91.884 -16.27 520.18 92.926 -26.807 621.36 96.808
0.53333 11.696 486.76 92.447 -17.543 526.61 92.97 -28.887 628.23 97.056
0.54167 10.592 493.98 93.027 -18.809 533.04 93.04 -30.972 635.04 97.314
0.55 9.5455 501.13 93.612 -20.072 539.46 93.135 -33.06 641.77 97.58
0.55833 8.5512 508.2 94.193 -21.334 545.87 93.256 -35.15 648.45 97.854
0.56667 7.6083 515.19 94.764 -22.599 552.28 93.403 -37.239 655.06 98.134
0.575 6.7164 522.09 95.321 -23.872 558.67 93.573 -39.324 661.63 98.418
0.58333 5.8759 528.91 95.865 -25.158 565.06 93.765 -41.403 668.14 98.704
0.59167 5.0871 535.66 96.4 -26.461 571.44 93.976 -43.477 674.6 98.992
0.6 4.3489 542.36 96.932 -27.663 578.04 94.2 -46.504 680.18 100.18
0.60833 3.6611 549.04 97.469 -29.012 584.45 94.443 -48.573 686.54 100.47
0.61667 3.0209 555.72 98.018 -30.383 590.88 94.7 -50.644 692.86 100.77
0.625 2.4222 562.42 98.587 -31.776 597.33 94.972 -52.723 699.13 101.07
0.63333 1.8611 569.17 99.182 -33.186 603.81 95.261 -54.817 705.37 101.38
0.64167 1.3296 575.99 99.808 -34.605 610.32 95.57 -56.932 711.58 101.7
0.65 0.82284 582.9 100.46 -36.026 616.84 95.901 -59.074 717.77 102.04
0.65833 0.32658 589.9 101.15 -37.437 623.36 96.263 -61.248 723.94 102.4
0.66667 -0.16024 597.02 101.87 -38.829 629.87 96.657 -63.455 730.12 102.78
0.675 -0.64669 604.23 102.62 -40.191 636.35 97.088 -65.699 736.29 103.18
0.68333 -1.1394 611.55 103.38 -41.514 642.78 97.557 -67.978 742.48 103.59
0.69167 -1.6465 618.95 104.16 -42.79 649.15 98.072 -70.294 748.68 104.03
0.7 -2.1755 626.41 104.95 -44.013 655.43 98.626 -72.643 754.9 104.49
0.70833 -2.7365 633.89 105.75 -45.18 661.61 99.219 -75.022 761.13 104.96
0.71667 -3.337 641.35 106.53 -46.291 667.69 99.853 -77.431 767.38 105.45
0.725 -3.9838 648.75 107.31 -47.349 673.66 100.51 -79.865 773.62 105.96
0.73333 -4.6781 656.05 108.06 -48.359 679.53 101.2 -82.322 779.85 106.47
0.74167 -5.4182 663.21 108.78 -49.33 685.32 101.91 -84.797 786.06 107
0.75 -6.1943 670.23 109.47 -50.271 691.04 102.64 -87.287 792.24 107.54
0.75833 -7.0013 677.1 110.12 -51.196 696.71 103.37 -89.788 798.38 108.1
0.76667 -7.8346 683.83 110.74 -52.115 702.36 104.11 -92.296 804.47 108.66
0.775 -8.6947 690.44 111.32 -53.041 708.01 104.85 -94.806 810.5 109.23
0.78333 -9.5871 696.97 111.86 -53.987 713.68 105.59 -97.313 816.46 109.81
0.79167 -10.52 703.43 112.38 -54.962 719.38 106.35 -99.814 822.37 110.39
0.8 -11.513 709.86 112.88 -55.985 725.12 107.11 -102.31 828.21 110.98
0.80833 -12.581 716.26 113.36 -57.061 730.89 107.89 -104.79 833.99 111.55
0.81667 -13.75 722.64 113.83 -58.206 736.7 108.68 -107.26 839.71 112.12
0.825 -15.035 729.01 114.31 -59.421 742.52 109.49 -109.73 845.38 112.67
0.83333 -16.456 735.33 114.81 -60.718 748.33 110.32 -112.2 850.99 113.21
0.84167 -18.017 741.59 115.33 -62.098 754.12 111.17 -114.69 856.55 113.72
0.85 -19.718 747.77 115.89 -63.561 759.87 112.02 -117.21 862.06 114.22
0.85833 -21.553 753.84 116.48 -65.107 765.56 112.89 -119.78 867.53 114.69
0.86667 -23.513 759.78 117.12 -66.736 771.18 113.77 -122.41 872.95 115.15
0.875 -25.584 765.58 117.8 -68.444 776.74 114.65 -125.13 878.34 115.59
0.88333 -27.755 771.24 118.53 -70.233 782.22 115.52 -127.96 883.68 116.02
0.89167 -30.017 776.76 119.28 -72.101 787.64 116.38 -130.91 888.99 116.44
0.9 -32.357 782.17 120.06 -74.05 793.01 117.23 -134 894.26 116.86
0.90833 -34.76 787.48 120.85 -76.084 798.34 118.05 -137.24 899.49 117.28
0.91667 -37.207 792.75 121.63 -78.208 803.65 118.86 -140.64 904.69 117.71
0.925 -39.682 798.01 122.39 -80.429 808.93 119.64 -144.2 909.85 118.14
0.93333 -42.169 803.31 123.13 -82.787 813.94 120.41 -147.48 916.09 117.82
0.94167 -44.655 808.67 123.83 -85.219 819.22 121.16 -151.37 921.19 118.26
0.95 -47.137 814.11 124.49 -87.77 824.52 121.9 -155.41 926.25 118.71
0.95833 -49.62 819.64 125.11 -90.447 829.82 122.63 -159.57 931.28 119.15
0.96667 -52.124 825.25 125.69 -93.257 835.12 123.35 -163.86 936.26 119.57
0.975 -54.674 830.9 126.25 -96.205 840.42 124.07 -168.25 941.2 119.99
0.98333 -57.304 836.55 126.79 -99.293 845.71 124.79 -172.74 946.1 120.38
0.99167 -60.052 842.16 127.32 -102.52 850.98 125.52 -177.31 950.95 120.75
1 -62.953 847.67 127.85 -105.89 856.22 126.26 -181.94 955.75 121.1
1.0083 -66.033 853.04 128.39 -109.4 861.43 127.01 -186.63 960.51 121.42
1.0167 -69.313 858.24 128.95 -113.05 866.6 127.75 -191.37 965.22 121.71
1.025 -72.802 863.25 129.51 -116.82 871.73 128.51 -196.16 969.88 121.98
1.0333 -76.503 868.07 130.08 -120.73 876.81 129.25 -200.98 974.51 122.21
1.0417 -80.403 872.73 130.65 -124.76 881.84 130 -205.85 979.11 122.43
1.05 -84.485 877.25 131.21 -128.92 886.82 130.73 -210.75 983.69 122.61
1.0583 -88.722 881.68 131.75 -133.19 891.74 131.44 -215.7 988.26 122.78
1.0667 -93.087 886.06 132.25 -137.59 896.61 132.13 -220.69 992.82 122.92
1.075 -97.549 890.44 132.71 -142.1 901.42 132.8 -225.73 997.38 123.04
1.0833 -102.08 894.88 133.13 -146.74 906.17 133.44 -230.83 1002 123.14
1.0917 -106.67 899.38 133.49 -151.51 910.85 134.04 -235.99 1006.5 123.21
1.1 -111.29 903.98 133.81 -156.39 915.47 134.61 -241.21 1011.1 123.27
1.1083 -115.94 908.68 134.07 -161.41 920.03 135.14 -246.51 1015.7 123.3
1.1167 -120.64 913.46 134.3 -166.55 924.53 135.63 -251.88 1020.4 123.3
1.125 -125.39 918.32 134.5 -171.82 928.96 136.08 -257.33 1025 123.29
1.1333 -130.2 923.22 134.67 -177.22 933.34 136.49 -262.85 1029.6 123.26
1.1417 -135.1 928.14 134.83 -182.75 937.67 136.85 -268.45 1034.2 123.21
1.15 -140.11 933.05 134.98 -188.41 941.95 137.18 -274.11 1038.8 123.13
1.1583 -145.26 937.93 135.14 -194.21 946.2 137.46 -279.85 1043.4 123.05
1.1667 -150.58 942.75 135.3 -200.14 950.41 137.71 -285.64 1048 122.94
1.175 -156.1 947.5 135.46 -206.2 954.61 137.91 -291.49 1052.6 122.82
1.1833 -161.85 952.15 135.63 -212.41 958.79 138.09 -297.39 1057.1 122.68
1.1917 -167.84 956.72 135.8 -218.75 962.97 138.23 -303.34 1061.6 122.53
1.2 -174.09 961.18 135.97 -225.24 967.14 138.34 -309.34 1066.1 122.37
1.2083 -180.6 965.54 136.13 -231.88 971.31 138.43 -315.38 1070.6 122.19
1.2167 -187.36 969.8 136.29 -238.67 975.48 138.5 -321.47 1075.1 122
1.225 -194.38 973.97 136.45 -245.6 979.65 138.54 -327.6 1079.5 121.79
1.2333 -201.63 978.07 136.59 -252.69 983.82 138.57 -333.8 1084 121.57
1.2417 -209.12 982.1 136.72 -259.92 987.99 138.58 -340.06 1088.4 121.33
1.25 -216.85 986.09 136.83 -267.3 992.16 138.58 -346.38 1092.8 121.08
1.2583 -224.8 990.04 136.92 -274.81 996.32 138.57 -352.79 1097.2 120.8
1.2667 -232.99 993.99 136.99 -282.45 1000.5 138.55 -359.28 1101.7 120.51
1.275 -241.41 997.92 137.05 -290.22 1004.6 138.53 -365.87 1106.2 120.2
1.2833 -250.07 1001.8 137.09 -298.1 1008.7 138.49 -372.55 1110.7 119.87
1.2917 -258.97 1005.8 137.12 -306.1 1012.9 138.46 -379.33 1115.2 119.52
1.3 -268.12 1009.7 137.14 -314.2 1017 138.42 -386.22 1119.8 119.15
1.3083 -277.48 1013.5 137.16 -322.39 1021.1 138.38 -393.21 1124.5 118.76
1.3167 -287.06 1017.4 137.18 -330.68 1025.2 138.34 -400.3 1129.3 118.35
1.325 -296.83 1021.2 137.22 -339.06 1029.3 138.31 -407.49 1134.1 117.92
1.3333 -306.75 1025 137.26 -347.51 1033.4 138.29 -414.76 1139 117.47
1.3417 -316.79 1028.7 137.31 -356.05 1037.5 138.27 -422.11 1144 117
1.35 -326.91 1032.3 137.38 -364.64 1041.7 138.25 -429.52 1149.1 116.52
1.3583 -337.06 1035.8 137.46 -373.29 1045.9 138.25 -436.98 1154.2 116.02
1.3667 -347.2 1039.3 137.54 -381.97 1050.1 138.24 -444.47 1159.4 115.52
1.375 -357.3 1042.7 137.62 -390.68 1054.4 138.23 -451.98 1164.7 115.01
1.3833 -367.31 1046 137.7 -399.39 1058.8 138.21 -459.48 1169.9 114.49
1.3917 -377.2 1049.2 137.77 -408.08 1063.2 138.17 -466.95 1175.2 113.97
1.4 -386.91 1052.3 137.81 -416.72 1067.7 138.11 -474.37 1180.5 113.46
1.4083 -396.42 1055.3 137.81 -425.29 1072.2 138.01 -481.72 1185.8 112.95
1.4167 -405.66 1058.4 137.78 -433.78 1076.9 137.88 -488.98 1191.2 112.43
1.425 -414.59 1061.3 137.69 -442.15 1081.5 137.69 -496.12 1196.5 111.92
1.4333 -423.15 1064.3 137.55 -450.39 1086.3 137.45 -503.13 1201.9 111.39
1.4417 -431.3 1067.4 137.35 -458.48 1091.1 137.15 -510 1207.4 110.86
1.45 -439.01 1070.5 137.11 -466.41 1095.9 136.79 -516.7 1212.9 110.31
1.4583 -446.32 1073.8 136.83 -474.17 1100.8 136.37 -523.22 1218.5 109.74
1.4667 -453.27 1077.2 136.54 -481.75 1105.6 135.88 -529.56 1224.1 109.13
1.475 -459.91 1080.7 136.26 -489.16 1110.5 135.35 -535.7 1229.8 108.49
1.4833 -466.28 1084.3 135.98 -496.4 1115.4 134.75 -541.63 1235.7 107.81
1.4917 -472.39 1088 135.72 -503.47 1120.2 134.11 -547.37 1241.5 107.1
1.5 -478.25 1091.8 135.47 -510.38 1125.1 133.43 -552.89 1247.5 106.34
1.5083 -483.89 1095.7 135.24 -517.14 1129.9 132.71 -558.21 1253.6 105.55
1.5167 -489.33 1099.7 135.02 -523.77 1134.8 131.96 -563.31 1259.7 104.73
1.525 -494.57 1103.7 134.79 -530.25 1139.6 131.17 -568.21 1265.8 103.89
1.5333 -499.64 1107.8 134.56 -536.61 1144.5 130.36 -572.91 1272 103.02
1.5417 -504.56 1111.9 134.31 -542.84 1149.4 129.53 -577.39 1278.1 102.15
1.55 -509.35 1116.1 134.04 -548.95 1154.4 128.68 -581.68 1284.3 101.26
1.5583 -514.04 1120.2 133.74 -554.92 1159.4 127.81 -585.76 1290.5 100.38
1.5667 -518.66 1124.4 133.4 -560.76 1164.5 126.92 -589.64 1296.7 99.5
1.575 -523.23 1128.6 133.03 -566.45 1169.7 126.03 -593.33 1302.8 98.622
1.5833 -527.79 1132.7 132.61 -572 1174.9 125.13 -596.82 1308.9 97.748
1.5917 -532.34 1136.8 132.16 -577.39 1180.2 124.22 -600.12 1315 96.874
1.6 -536.91 1140.9 131.68 -582.62 1185.6 123.31 -603.23 1321 95.997
1.6083 -541.49 1144.9 131.16 -587.69 1191.1 122.41 -606.16 1327 95.115
1.6167 -546.07 1149 130.62 -592.59 1196.6 121.5 -608.91 1332.9 94.223
1.625 -550.66 1153 130.06 -597.33 1202.1 120.61 -611.49 1338.7 93.318
1.6333 -555.25 1157 129.49 -601.91 1207.7 119.72 -613.89 1344.5 92.399
1.6417 -559.8 1161.1 128.89 -606.34 1213.3 118.84 -616.13 1350.2 91.463
1.65 -564.32 1165.2 128.29 -610.62 1218.9 117.97 -618.2 1355.9 90.513
1.6583 -568.78 1169.4 127.68 -614.76 1224.5 117.11 -620.1 1361.5 89.549
1.6667 -573.17 1173.7 127.05 -618.75 1230.2 116.26 -621.84 1367 88.575
1.675 -577.48 1178.2 126.41 -622.6 1235.9 115.43 -623.41 1372.5 87.593
1.6833 -581.7 1182.7 125.76 -626.31 1241.6 114.61 -624.82 1377.9 86.608
1.6917 -585.81 1187.4 125.09 -629.88 1247.3 113.82 -626.06 1383.3 85.623
1.7 -589.81 1192.3 124.42 -633.28 1253.1 113.04 -627.12 1388.7 84.641
1.7083 -593.71 1197.3 123.75 -636.53 1258.9 112.29 -628.02 1394.1 83.664
1.7167 -597.53 1202.4 123.07 -639.61 1264.6 111.56 -628.73 1399.5 82.693
1.725 -601.27 1207.6 122.4 -642.52 1270.4 110.86 -629.27 1404.9 81.728
1.7333 -604.95 1213 121.74 -645.24 1276.2 110.18 -629.64 1410.2 80.77
1.7417 -608.61 1218.4 121.08 -647.77 1281.9 109.53 -629.83 1415.6 79.815
1.75 -612.24 1223.9 120.43 -650.11 1287.7 108.9 -629.84 1420.9 78.863
1.7583 -615.87 1229.5 119.79 -652.25 1293.4 108.29 -629.68 1426.2 77.91
1.7667 -619.47 1235.1 119.15 -654.2 1299 107.69 -629.34 1431.5 76.955
1.775 -623.04 1240.9 118.51 -655.96 1304.7 107.11 -628.84 1436.7 75.995
1.7833 -626.55 1246.8 117.85 -657.53 1310.3 106.54 -628.17 1441.8 75.03
1.7917 -629.97 1252.8 117.16 -658.92 1316 105.98 -627.34 1446.8 74.058
1.8 -633.28 1258.9 116.44 -660.12 1321.6 105.41 -626.36 1451.8 73.08
1.8083 -636.48 1265.3 115.67 -661.15 1327.3 104.85 -625.22 1456.7 72.097
1.8167 -639.56 1271.7 114.84 -662.01 1332.9 104.29 -623.93 1461.5 71.111
1.825 -642.54 1278.3 113.95 -662.71 1338.7 103.73 -622.51 1466.3 70.125
1.8333 -645.42 1285 113.01 -663.25 1344.4 103.17 -620.96 1471 69.143
1.8417 -648.23 1291.7 112.01 -663.65 1350.2 102.6 -619.3 1475.7 68.169
1.85 -650.95 1298.5 110.96 -663.91 1356 102.03 -617.52 1480.4 67.206
1.8583 -653.59 1305.4 109.87 -664.05 1361.9 101.45 -615.65 1485 66.257
1.8667 -656.13 1312.2 108.75 -664.08 1367.8 100.86 -613.69 1489.6 65.325
1.875 -658.56 1318.9 107.61 -664.03 1373.7 100.26 -611.65 1494.3 64.411
1.8833 -660.85 1325.6 106.46 -663.91 1379.6 99.635 -609.54 1498.9 63.515
1.8917 -662.99 1332.1 105.32 -663.73 1385.5 98.986 -607.37 1503.5 62.637
1.9 -664.97 1338.4 104.18 -663.53 1391.5 98.306 -605.13 1508.1 61.774
1.9083 -666.78 1344.6 103.06 -663.3 1397.4 97.589 -602.84 1512.6 60.922
1.9167 -668.42 1350.6 101.95 -663.07 1403.3 96.831 -600.49 1517.2 60.078
1.925 -669.87 1356.3 100.85 -662.85 1409.2 96.03 -598.09 1521.7 59.236
1.9333 -671.14 1362 99.735 -662.64 1415.1 95.184 -595.63 1526.3 58.394
1.9417 -672.21 1367.4 98.609 -662.43 1421 94.296 -593.12 1530.8 57.548
1.95 -673.1 1372.8 97.458 -662.23 1427 93.369 -590.56 1535.4 56.697
1.9583 -673.83 1378.1 96.27 -662.02 1433 92.408 -587.96 1540 55.84
1.9667 -674.39 1383.3 95.037 -661.79 1439 91.418 -585.33 1544.6 54.98
1.975 -674.81 1388.6 93.754 -661.52 1445 90.404 -582.67 1549.3 54.118
1.9833 -675.06 1393.8 92.415 -661.2 1451.1 89.374 -580.01 1554.1 53.26
1.9917 -675.14 1399.2 91.02 -660.8 1457.1 88.331 -577.34 1559 52.411
2 -675.04 1404.5 89.573 -660.33 1463.2 87.28 -574.67 1563.9 51.576
2.0083 -674.76 1410 88.08 -659.77 1469.2 86.221 -572.03 1569 50.76
2.0167 -674.33 1415.5 86.55 -659.11 1475.2 85.156 -569.41 1574.1 49.968
2.025 -673.77 1421.1 84.993 -658.34 1481.2 84.085 -566.83 1579.2 49.204
2.0333 -673.08 1426.7 83.419 -657.47 1487.2 83.005 -564.27 1584.4 48.468
2.0417 -672.32 1432.2 81.838 -656.5 1493.2 81.915 -561.75 1589.5 47.76
2.05 -671.51 1437.8 80.26 -655.43 1499.2 80.814 -559.25 1594.7 47.08
2.0583 -670.69 1443.3 78.691 -654.25 1505.2 79.701 -556.77 1599.9 46.424
2.0667 -669.87 1448.8 77.138 -652.96 1511.2 78.575 -554.31 1605 45.79
2.075 -669.09 1454.2 75.604 -651.57 1517.2 77.438 -551.85 1610 45.173
2.0833 -668.34 1459.5 74.093 -650.07 1523.3 76.291 -549.4 1615.1 44.571
2.0917 -667.63 1464.7 72.604 -648.46 1529.4 75.138 -546.93 1620.1 43.982
2.1 -666.95 1469.9 71.137 -646.74 1535.6 73.983 -544.45 1625 43.406
2.1083 -666.29 1475 69.692 -644.89 1541.8 72.83 -541.95 1630 42.844
2.1167 -665.65 1480.1 68.272 -642.93 1548.1 71.685 -539.43 1635 42.297
2.125 -665.02 1485.2 66.876 -640.84 1554.4 70.551 -536.88 1640 41.768
2.1333 -664.39 1490.2 65.516 -638.63 1560.8 69.434 -534.3 1645 41.258
2.1417 -663.75 1495.4 64.196 -636.31 1567.2 68.338 -531.69 1650.1 40.77
2.15 -663.09 1500.5 62.925 -633.87 1573.6 67.267 -529.03 1655.2 40.303
2.1583 -662.4 1505.7 61.712 -631.32 1580.1 66.225 -526.33 1660.4 39.858
2.1667 -661.65 1511 60.566 -628.67 1586.6 65.218 -523.57 1665.7 39.433
2.175 -660.85 1516.4 59.49 -625.91 1593.2 64.248 -520.75 1671 39.024
2.1833 -659.96 1521.8 58.491 -623.07 1599.8 63.319 -517.87 1676.3 38.629
2.1917 -658.97 1527.3 57.567 -620.13 1606.4 62.435 -514.92 1681.7 38.242
2.2 -657.89 1532.9 56.718 -617.11 1613.1 61.599 -511.89 1687.2 37.861
2.2083 -656.69 1538.5 55.938 -614.01 1619.8 60.811 -508.79 1692.6 37.482
2.2167 -655.39 1544.2 55.223 -610.83 1626.6 60.073 -505.63 1698.2 37.103
2.225 -653.97 1550 54.565 -607.59 1633.5 59.385 -502.4 1703.7 36.724
2.2333 -652.45 1555.9 53.956 -604.26 1640.4 58.743 -499.13 1709.3 36.346
2.2417 -650.81 1561.8 53.392 -600.87 1647.4 58.145 -495.82 1715 35.97
2.25 -649.07 1567.8 52.864 -597.41 1654.4 57.588 -492.49 1720.7 35.6
2.2583 -647.21 1573.9 52.37 -593.89 1661.4 57.065 -489.16 1726.4 35.237
2.2667 -645.25 1580.1 51.905 -590.29 1668.5 56.571 -485.83 1732.3 34.887
2.275 -643.16 1586.4 51.466 -586.62 1675.7 56.1 -482.53 1738.1 34.55
2.2833 -640.93 1592.9 51.05 -582.88 1682.8 55.647 -479.25 1744.1 34.23
2.2917 -638.55 1599.5 50.654 -579.07 1690 55.207 -476.01 1750.1 33.926
2.3 -636 1606.2 50.276 -575.2 1697.3 54.779 -472.8 1756.1 33.642
2.3083 -633.28 1613.1 49.91 -571.25 1704.6 54.358 -469.61 1762.2 33.375
2.3167 -630.37 1620.2 49.558 -567.24 1711.9 53.946 -466.45 1768.4 33.126
2.325 -627.28 1627.4 49.215 -563.17 1719.3 53.545 -463.3 1774.7 32.894
2.3333 -624.01 1634.7 48.879 -559.04 1726.8 53.156 -460.15 1781.1 32.677
2.3417 -620.56 1642.2 48.547 -554.85 1734.3 52.784 -457.01 1787.5 32.476
2.35 -616.95 1649.7 48.211 -550.61 1741.9 52.431 -453.85 1794.1 32.289
2.3583 -613.17 1657.3 47.867 -546.31 1749.6 52.1 -450.69 1800.7 32.115
2.3667 -609.22 1665 47.505 -541.97 1757.3 51.792 -447.51 1807.5 31.953
2.375 -605.12 1672.8 47.121 -537.58 1765.2 51.508 -444.31 1814.3 31.799
2.3833 -600.84 1680.7 46.71 -533.14 1773.1 51.247 -441.1 1821.3 31.651
2.3917 -596.41 1688.7 46.27 -528.65 1781.2 51.005 -437.87 1828.4 31.505
2.4 -591.81 1696.9 45.808 -524.11 1789.4 50.782 -434.6 1835.5 31.357
2.4083 -587.05 1705.1 45.328 -519.51 1797.7 50.571 -431.3 1842.8 31.201
2.4167 -582.13 1713.5 44.843 -514.84 1806.1 50.37 -427.96 1850.2 31.032
2.425 -577.04 1722.1 44.368 -510.11 1814.6 50.174 -424.55 1857.6 30.845
2.4333 -571.79 1730.8 43.918 -505.29 1823.3 49.979 -421.07 1865.1 30.637
2.4417 -566.39 1739.6 43.508 -500.39 1832.2 49.782 -417.49 1872.7 30.406
2.45 -560.83 1748.5 43.149 -495.42 1841.1 49.581 -413.81 1880.4 30.152
2.4583 -555.13 1757.6 42.852 -490.36 1850.2 49.376 -410.01 1888.1 29.879
2.4667 -549.3 1766.6 42.621 -485.24 1859.3 49.161 -406.1 1895.8 29.594
2.475 -543.35 1775.7 42.457 -480.05 1868.5 48.94 -402.06 1903.6 29.304
2.4833 -537.29 1784.8 42.357 -474.82 1877.6 48.711 -397.91 1911.5 29.021
2.4917 -531.15 1793.8 42.313 -469.55 1886.7 48.471 -393.66 1919.3 28.754
2.5 -524.94 1802.8 42.317 -464.27 1895.8 48.22 -389.32 1927.2 28.514
2.5083 -518.71 1811.8 42.356 -458.98 1904.7 47.954 -384.93 1935 28.31
2.5167 -512.47 1820.6 42.417 -453.69 1913.4 47.669 -380.5 1942.8 28.146
2.525 -506.28 1829.4 42.485 -448.43 1921.9 47.362 -376.05 1950.6 28.026
2.5333 -500.16 1838.1 42.548 -443.19 1930.2 47.028 -371.61 1958.2 27.947
2.5417 -494.14 1846.7 42.595 -437.98 1938.3 46.664 -367.18 1965.8 27.904
2.55 -488.27 1855.2 42.618 -432.8 1946.1 46.267 -362.77 1973.2 27.89
2.5583 -482.53 1863.7 42.615 -427.66 1953.6 45.836 -358.38 1980.5 27.893
2.5667 -476.94 1872 42.588 -422.55 1960.9 45.37 -354.01 1987.5 27.903
2.575 -471.48 1880.2 42.543 -417.47 1968 44.873 -349.65 1994.4 27.908
2.5833 -466.14 1888.3 42.485 -412.41 1974.8 44.347 -345.28 2001.1 27.9
2.5917 -460.88 1896.4 42.422 -407.36 1981.5 43.8 -340.89 2007.6 27.87
2.6 -455.67 1904.3 42.359 -402.31 1988.1 43.239 -336.47 2013.8 27.815
2.6083 -450.49 1912.1 42.297 -397.27 1994.5 42.669 -332.01 2019.9 27.733
2.6167 -445.3 1919.8 42.241 -392.22 2000.9 42.104 -327.49 2025.8 27.626
2.625 -440.07 1927.3 42.182 -387.15 2007.1 41.538 -322.91 2031.6 27.499
2.6333 -434.78 1934.7 42.126 -382.06 2013.3 40.987 -318.28 2037.2 27.356
2.6417 -429.4 1942 42.067 -376.94 2019.4 40.451 -313.59 2042.7 27.205
2.65 -423.91 1949.1 42.004 -371.79 2025.5 39.933 -308.84 2048.1 27.052
2.6583 -418.31 1956.1 41.937 -366.6 2031.4 39.431 -304.05 2053.4 26.903
2.6667 -412.6 1963 41.865 -361.36 2037.3 38.944 -299.2 2058.6 26.761
2.675 -406.77 1969.8 41.789 -356.06 2043.2 38.469 -294.31 2063.8 26.627
2.6833 -400.84 1976.5 41.71 -350.7 2048.9 38.003 -289.37 2068.9 26.503
2.6917 -394.81 1983.1 41.628 -345.26 2054.6 37.544 -284.37 2074 26.386
2.7 -388.72 1989.5 41.546 -339.75 2060.3 37.088 -279.31 2079.1 26.273
2.7083 -382.57 1995.9 41.465 -334.15 2065.9 36.635 -274.19 2084.1 26.161
2.7167 -376.39 2002.3 41.388 -328.47 2071.5 36.184 -268.99 2089 26.046
2.725 -370.19 2008.5 41.317 -322.69 2077 35.739 -263.72 2093.9 25.927
2.7333 -363.98 2014.8 41.255 -316.83 2082.6 35.3 -258.36 2098.8 25.802
2.7417 -357.75 2021 41.202 -310.88 2088.2 34.872 -252.92 2103.7 25.669
2.75 -351.49 2027.1 41.16 -304.84 2093.8 34.458 -247.4 2108.5 25.531
