0.0083333 -21.967 7.0174 98.542 -45.33 112.76 88.711 -18.597 188.66 82.766
0.016667 -21.27 15.021 98.613 -44.154 121.95 88.738 -17.061 197.03 82.678
0.025 -20.549 23.383 98.684 -42.868 131.31 88.729 -15.45 205.54 82.578
0.033333 -19.801 32.121 98.752 -41.465 140.86 88.682 -13.772 214.23 82.478
0.041667 -19.027 41.238 98.814 -39.946 150.56 88.602 -12.035 223.13 82.387
0.05 -18.229 50.724 98.866 -38.313 160.43 88.493 -10.249 232.26 82.316
0.058333 -17.413 60.556 98.907 -36.572 170.43 88.362 -8.4222 241.62 82.273
0.066667 -16.585 70.698 98.932 -34.732 180.54 88.216 -6.5612 251.22 82.265
0.075 -15.752 81.104 98.938 -32.808 190.75 88.065 -4.6718 261.03 82.291
0.083333 -14.921 91.725 98.923 -30.815 201.04 87.917 -2.7563 271.03 82.349
0.091667 -14.096 102.5 98.886 -28.777 211.37 87.776 -0.81763 281.19 82.433
0.1 -13.274 113.37 98.828 -26.713 221.74 87.654 1.1445 291.45 82.529
0.10833 -12.445 124.3 98.748 -24.649 232.12 87.553 3.1293 301.75 82.628
0.11667 -11.592 135.24 98.653 -22.608 242.5 87.479 5.1352 312.06 82.716
0.125 -10.695 146.15 98.546 -20.614 252.87 87.436 7.1579 322.31 82.781
0.13333 -9.7372 157.02 98.433 -18.687 263.2 87.425 9.1908 332.46 82.815
0.14167 -8.7137 167.83 98.318 -16.847 273.49 87.45 11.223 342.49 82.813
0.15 -7.6291 178.55 98.204 -15.106 283.71 87.509 13.24 352.37 82.774
0.15833 -6.4976 189.19 98.092 -13.474 293.86 87.602 15.226 362.11 82.7
0.16667 -5.3346 199.73 97.984 -11.954 303.92 87.73 17.159 371.7 82.601
0.175 -4.1561 210.19 97.876 -10.547 313.86 87.888 19.02 381.17 82.486
0.18333 -2.9738 220.57 97.765 -9.245 323.67 88.074 20.79 390.55 82.368
0.19167 -1.7935 230.88 97.644 -8.0384 333.35 88.283 22.451 399.86 82.259
0.2 -0.61208 241.16 97.505 -6.9134 342.88 88.511 23.989 409.14 82.17
0.20833 0.58037 251.41 97.34 -5.8541 352.25 88.753 25.396 418.43 82.111
0.21667 1.798 261.65 97.145 -4.8435 361.49 89.004 26.668 427.74 82.088
0.225 3.0524 271.89 96.915 -3.8644 370.59 89.259 27.808 437.1 82.101
0.23333 4.3484 282.12 96.651 -2.902 379.58 89.514 28.821 446.53 82.15
0.24167 5.682 292.34 96.355 -1.944 388.48 89.768 29.719 456.02 82.228
0.25 7.042 302.55 96.033 -0.98331 397.32 90.018 30.515 465.6 82.329
0.25833 8.4106 312.74 95.691 -0.01693 406.12 90.264 31.222 475.24 82.445
0.26667 9.7642 322.9 95.34 0.95262 414.92 90.507 31.855 484.96 82.565
0.275 11.067 333.04 94.99 1.9196 423.74 90.747 32.426 494.73 82.684
0.28333 12.275 343.16 94.651 2.8751 432.59 90.985 32.942 504.55 82.796
0.29167 13.34 353.25 94.331 3.8109 441.5 91.222 33.41 514.41 82.898
0.3 14.28 363.33 94.04 4.7186 450.47 91.46 33.832 524.32 82.989
0.30833 15.144 373.42 93.779 5.5918 459.5 91.7 34.208 534.24 83.072
0.31667 15.973 383.54 93.547 6.4263 468.61 91.94 34.536 544.19 83.15
0.325 16.794 393.71 93.338 7.221 477.79 92.181 34.815 554.16 83.227
0.33333 17.622 403.92 93.143 7.977 487.04 92.421 35.042 564.12 83.307
0.34167 18.474 414.19 92.952 8.6969 496.36 92.656 35.216 574.09 83.393
0.35 19.361 424.5 92.754 9.3857 505.75 92.882 35.34 584.04 83.487
0.35833 20.286 434.86 92.54 10.047 515.2 93.095 35.418 593.96 83.589
0.36667 21.254 445.25 92.303 10.688 524.73 93.29 35.456 603.86 83.698
0.375 22.268 455.67 92.039 11.31 534.33 93.463 35.465 613.71 83.811
0.38333 23.305 466.1 91.747 11.918 544.01 93.611 35.454 623.52 83.924
0.39167 24.351 476.53 91.43 12.513 553.77 93.732 35.435 633.28 84.035
0.4 25.383 486.97 91.094 13.095 563.61 93.825 35.419 643 84.138
0.40833 26.391 497.41 90.747 13.665 573.55 93.891 35.416 652.68 84.232
0.41667 27.354 507.85 90.399 14.22 583.57 93.932 35.434 662.33 84.315
0.425 28.271 518.3 90.06 14.76 593.68 93.951 35.478 671.97 84.385
0.43333 29.137 528.76 89.736 15.283 603.89 93.951 35.551 681.61 84.444
0.44167 29.951 539.25 89.434 15.791 614.17 93.936 35.653 691.28 84.493
0.45 30.715 549.77 89.157 16.281 624.54 93.907 35.784 700.98 84.533
0.45833 31.428 560.34 88.902 16.757 634.99 93.868 35.94 710.74 84.566
0.46667 32.096 571 88.665 17.218 645.51 93.82 36.12 720.56 84.592
0.475 32.719 581.75 88.44 17.667 656.1 93.766 36.32 730.46 84.613
0.48333 33.31 592.64 88.218 18.103 666.77 93.705 36.536 740.43 84.627
0.49167 33.88 603.69 87.99 18.527 677.5 93.638 36.768 750.5 84.631
0.5 34.451 614.9 87.753 18.938 688.31 93.567 37.014 760.65 84.625
0.50833 35.032 626.28 87.503 19.336 699.2 93.494 37.271 770.88 84.605
0.51667 35.629 637.82 87.243 19.717 710.17 93.419 37.539 781.2 84.568
0.525 36.234 649.53 86.978 20.079 721.24 93.346 37.817 791.61 84.514
0.53333 36.834 661.39 86.713 20.418 732.4 93.278 38.101 802.1 84.442
0.54167 37.414 673.41 86.455 20.733 743.66 93.219 38.39 812.69 84.353
0.55 37.961 685.58 86.208 21.018 755.02 93.175 38.678 823.39 84.249
0.55833 38.461 697.93 85.975 21.276 766.51 93.149 38.961 834.2 84.132
0.56667 38.911 710.47 85.76 21.503 778.1 93.146 39.233 845.13 84.006
0.575 39.306 723.21 85.567 21.702 789.83 93.168 39.49 856.19 83.876
0.58333 39.65 736.17 85.396 21.873 801.67 93.216 39.728 867.4 83.745
0.59167 39.946 749.33 85.251 22.023 813.65 93.29 39.944 878.74 83.617
0.6 40.209 762.72 85.132 22.156 825.75 93.389 40.137 890.23 83.492
0.60833 40.452 776.31 85.043 22.281 837.98 93.507 40.308 901.86 83.374
0.61667 40.694 790.07 84.985 22.409 850.34 93.638 40.46 913.62 83.261
0.625 40.943 803.95 84.96 22.553 862.81 93.777 40.6 925.49 83.155
0.63333 41.219 817.91 84.972 22.725 875.39 93.913 40.734 937.45 83.055
0.64167 41.532 831.9 85.025 22.941 888.07 94.037 40.872 949.48 82.961
0.65 41.878 845.84 85.112 23.219 900.82 94.141 41.024 961.55 82.873
0.65833 42.263 859.68 85.234 23.573 913.63 94.213 41.202 973.65 82.792
0.66667 42.679 873.36 85.383 24.02 926.47 94.245 41.419 985.76 82.72
0.675 43.12 886.84 85.547 24.572 939.31 94.226 41.689 997.87 82.659
0.68333 43.578 900.08 85.717 25.243 952.13 94.15 42.028 1010 82.61
0.69167 44.04 913.08 85.877 26.041 964.9 94.01 42.453 1022 82.575
0.7 44.492 925.81 86.011 26.974 977.59 93.8 42.983 1034.1 82.552
0.70833 44.922 938.29 86.107 28.041 990.16 93.516 43.641 1046.1 82.54
0.71667 45.32 950.53 86.154 29.243 1002.6 93.157 44.45 1058.1 82.534
0.725 45.685 962.55 86.147 30.573 1014.9 92.725 45.435 1070.1 82.527
0.73333 46.03 974.41 86.089 32.019 1027 92.221 46.621 1082.1 82.511
0.74167 46.376 986.13 85.983 33.572 1039 91.649 48.034 1094.1 82.476
0.75 46.76 997.75 85.836 35.215 1050.8 91.017 49.697 1106.2 82.41
0.75833 47.221 1009.3 85.656 36.936 1062.5 90.33 51.628 1118.2 82.304
0.76667 47.805 1020.7 85.448 38.72 1074 89.597 53.842 1130.2 82.15
0.775 48.553 1032.1 85.219 40.556 1085.4 88.824 56.344 1142.2 81.942
0.78333 49.501 1043.4 84.976 42.435 1096.7 88.017 59.134 1154.2 81.676
0.79167 50.671 1054.6 84.722 44.352 1107.9 87.183 62.201 1166.2 81.354
0.8 52.073 1065.7 84.459 46.308 1119.1 86.326 65.528 1178.1 80.981
0.80833 53.7 1076.6 84.188 48.304 1130.2 85.448 69.09 1190 80.562
0.81667 55.53 1087.5 83.909 50.347 1141.3 84.553 72.856 1201.8 80.108
0.825 57.539 1098.2 83.623 52.447 1152.4 83.643 76.795 1213.4 79.628
0.83333 59.69 1108.9 83.33 54.616 1163.4 82.719 80.872 1225 79.133
0.84167 61.946 1119.4 83.03 56.867 1174.5 81.783 85.054 1236.5 78.632
0.85 64.265 1130 82.727 59.209 1185.6 80.837 89.314 1247.9 78.133
0.85833 66.614 1140.5 82.422 61.654 1196.7 79.886 93.628 1259.2 77.641
0.86667 68.961 1151.1 82.119 64.209 1207.8 78.934 97.981 1270.4 77.157
0.875 71.283 1161.6 81.822 66.874 1218.8 77.986 102.36 1281.5 76.684
0.88333 73.566 1172.3 81.531 69.652 1229.9 77.049 106.77 1292.5 76.219
0.89167 75.806 1182.9 81.251 72.536 1241 76.131 111.2 1303.5 75.759
0.9 78.007 1193.6 80.982 75.521 1252.1 75.239 115.66 1314.3 75.301
0.90833 80.183 1204.4 80.726 78.599 1263.2 74.38 120.16 1325 74.843
0.91667 82.352 1215.2 80.482 81.76 1274.4 73.561 124.7 1335.7 74.382
0.925 84.537 1226 80.249 84.995 1285.5 72.787 129.29 1346.3 73.919
0.93333 86.765 1236.9 80.026 88.298 1296.7 72.062 133.92 1356.8 73.457
0.94167 89.059 1247.8 79.81 91.663 1307.9 71.388 138.61 1367.3 72.997
0.95 91.444 1258.7 79.599 95.087 1319.2 70.766 143.34 1377.8 72.547
0.95833 93.942 1269.7 79.39 98.572 1330.5 70.196 148.1 1388.2 72.111
0.96667 96.567 1280.8 79.18 102.12 1341.9 69.675 152.89 1398.7 71.696
0.975 99.335 1291.9 78.969 105.73 1353.3 69.201 157.7 1409.1 71.307
0.98333 102.25 1303 78.758 109.42 1364.8 68.77 162.53 1419.5 70.948
0.99167 105.33 1314.2 78.548 113.19 1376.3 68.379 167.36 1430 70.621
1 108.57 1325.5 78.347 117.04 1387.8 68.026 172.21 1440.6 70.323
1.0083 111.99 1336.9 78.163 120.99 1399.4 67.707 177.08 1451.1 70.054
1.0167 115.59 1348.4 78.007 125.05 1411 67.42 181.97 1461.7 69.809
1.025 119.37 1360 77.891 129.23 1422.7 67.165 186.89 1472.3 69.581
1.0333 123.33 1371.6 77.823 133.52 1434.4 66.938 191.86 1483 69.365
1.0417 127.44 1383.4 77.805 137.94 1446.1 66.74 196.87 1493.7 69.156
1.05 131.68 1395.3 77.834 142.5 1457.9 66.567 201.96 1504.4 68.951
1.0583 136.03 1407.3 77.901 147.21 1469.8 66.419 207.1 1515.1 68.75
1.0667 140.47 1419.3 77.993 152.07 1481.7 66.291 212.32 1525.9 68.553
1.075 145.02 1431.4 78.097 157.08 1493.6 66.18 217.61 1536.6 68.366
1.0833 149.68 1443.5 78.199 162.26 1505.6 66.079 222.96 1547.4 68.194
1.0917 154.46 1455.7 78.287 167.61 1517.7 65.987 228.37 1558.2 68.047
1.1 159.39 1468 78.353 173.12 1529.8 65.894 233.83 1569.1 67.931
1.1083 164.47 1480.4 78.388 178.81 1542 65.799 239.34 1580.1 67.855
1.1167 169.73 1493 78.389 184.65 1554.2 65.696 244.89 1591.2 67.825
1.125 175.17 1505.7 78.35 190.65 1566.4 65.583 250.47 1602.3 67.843
1.1333 180.78 1518.7 78.271 196.78 1578.6 65.458 256.1 1613.6 67.91
1.1417 186.56 1531.9 78.149 203.03 1590.8 65.322 261.76 1625 68.022
1.15 192.47 1545.3 77.981 209.38 1602.9 65.178 267.46 1636.5 68.172
1.1583 198.49 1558.8 77.764 215.78 1615.1 65.029 273.21 1648.1 68.351
1.1667 204.57 1572.4 77.498 222.22 1627.1 64.879 279.01 1659.8 68.546
1.175 210.69 1586 77.18 228.65 1639.2 64.734 284.85 1671.6 68.744
1.1833 216.8 1599.5 76.814 235.04 1651.2 64.598 290.72 1683.4 68.935
1.1917 222.89 1613 76.403 241.35 1663.1 64.478 296.61 1695.2 69.107
1.2 228.95 1626.2 75.954 247.54 1675 64.376 302.52 1707 69.253
1.2083 234.96 1639.2 75.473 253.6 1686.8 64.297 308.41 1718.8 69.369
1.2167 240.91 1652 74.973 259.57 1698.7 64.242 313.48 1730.3 70.171
1.225 246.82 1664.5 74.464 265.28 1710.4 64.212 319.24 1741.9 70.233
1.2333 252.68 1676.6 73.959 270.79 1722.1 64.205 324.93 1753.5 70.268
1.2417 258.53 1688.6 73.467 276.1 1733.7 64.221 330.5 1764.9 70.281
1.25 264.37 1700.3 72.995 281.21 1745.3 64.258 335.95 1776.3 70.279
1.2583 270.2 1711.8 72.547 286.13 1756.8 64.312 341.25 1787.6 70.269
1.2667 276.01 1723.1 72.126 290.87 1768.2 64.38 346.41 1798.9 70.257
1.275 281.75 1734.3 71.735 295.47 1779.6 64.46 351.42 1810.1 70.249
1.2833 287.33 1745.6 71.373 299.93 1790.8 64.548 356.28 1821.4 70.249
1.2917 292.82 1756.7 71.037 304.29 1801.9 64.644 361.01 1832.7 70.26
1.3 298.27 1767.9 70.722 308.56 1813 64.745 365.61 1844.1 70.282
1.3083 303.69 1779.1 70.422 312.77 1824 64.851 370.1 1855.5 70.316
1.3167 309.05 1790.3 70.128 316.95 1834.9 64.961 374.49 1866.9 70.361
1.325 314.34 1801.6 69.832 321.1 1845.7 65.075 378.78 1878.5 70.419
1.3333 319.53 1812.8 69.524 325.23 1856.5 65.194 382.99 1890.1 70.489
1.3417 324.64 1824.1 69.195 329.36 1867.3 65.32 387.11 1901.7 70.572
1.35 329.67 1835.3 68.841 333.49 1878.1 65.453 391.16 1913.5 70.669
1.3583 334.65 1846.5 68.457 337.52 1888.8 65.595 396.02 1925.4 70.013
1.3667 339.6 1857.6 68.045 341.64 1899.7 65.745 399.92 1937.2 70.136
1.375 344.53 1868.7 67.611 345.77 1910.6 65.904 403.73 1949 70.281
1.3833 349.48 1879.7 67.163 349.9 1921.5 66.072 407.46 1960.8 70.449
1.3917 354.46 1890.7 66.712 354.03 1932.5 66.247 411.11 1972.6 70.641
1.4 359.47 1901.6 66.266 358.16 1943.5 66.428 414.68 1984.4 70.856
1.4083 364.51 1912.5 65.837 362.3 1954.6 66.613 418.19 1996.2 71.093
1.4167 369.57 1923.4 65.432 366.45 1965.7 66.799 421.65 2008 71.347
1.425 374.63 1934.3 65.055 370.61 1977 66.983 425.06 2019.8 71.617
1.4333 379.67 1945.3 64.706 374.8 1988.2 67.164 428.46 2031.6 71.894
1.4417 384.66 1956.4 64.385 379.02 1999.6 67.338 431.84 2043.3 72.176
1.45 389.58 1967.6 64.088 383.27 2011.1 67.506 435.23 2055.1 72.456
1.4583 394.43 1978.8 63.813 387.57 2022.6 67.668 438.63 2066.7 72.729
1.4667 399.2 1990.2 63.557 391.91 2034.2 67.823 442.05 2078.4 72.993
1.475 403.89 2001.7 63.317 396.29 2046 67.973 445.5 2090 73.243
1.4833 408.54 2013.2 63.095 400.72 2057.8 68.121 448.96 2101.6 73.478
1.4917 413.16 2024.7 62.89 405.19 2069.8 68.27 452.45 2113.1 73.698
1.5 417.76 2036.4 62.708 409.69 2081.9 68.421 455.94 2124.6 73.902
1.5083 422.39 2048 62.551 414.23 2094.1 68.579 459.44 2136.1 74.093
1.5167 427.05 2059.7 62.42 418.79 2106.4 68.745 462.94 2147.6 74.273
1.525 431.75 2071.5 62.319 423.37 2118.7 68.922 466.44 2159.1 74.444
1.5333 436.5 2083.4 62.246 427.96 2131.2 69.111 469.93 2170.6 74.609
1.5417 441.29 2095.4 62.203 432.55 2143.8 69.313 473.4 2182.1 74.773
1.55 446.13 2107.6 62.186 437.13 2156.4 69.528 476.88 2193.7 74.939
1.5583 451.03 2119.9 62.195 441.69 2169.1 69.755 480.35 2205.4 75.109
1.5667 455.97 2132.3 62.223 446.23 2181.9 69.993 483.82 2217.3 75.286
1.575 460.95 2145 62.266 450.75 2194.8 70.24 487.31 2229.2 75.472
1.5833 465.93 2157.7 62.315 455.24 2207.7 70.494 490.81 2241.3 75.668
1.5917 470.89 2170.7 62.362 459.7 2220.7 70.753 494.34 2253.5 75.873
1.6 475.81 2183.9 62.398 464.13 2233.8 71.014 497.89 2265.9 76.086
1.6083 480.68 2197.3 62.416 468.51 2247 71.276 501.47 2278.5 76.304
1.6167 485.5 2210.9 62.408 472.86 2260.2 71.537 505.08 2291.1 76.526
1.625 490.29 2224.7 62.375 477.18 2273.6 71.794 508.71 2303.9 76.746
1.6333 495.07 2238.8 62.318 481.46 2287 72.046 512.38 2316.8 76.962
1.6417 499.88 2253.1 62.246 485.71 2300.5 72.292 516.06 2329.8 77.171
1.65 504.72 2267.5 62.172 489.94 2314.1 72.53 519.76 2342.9 77.368
1.6583 509.63 2282.1 62.116 494.15 2327.8 72.76 523.47 2356.1 77.554
1.6667 514.6 2296.8 62.102 498.36 2341.6 72.979 527.19 2369.3 77.727
1.675 519.61 2311.6 62.148 502.57 2355.4 73.188 530.9 2382.6 77.891
1.6833 524.64 2326.4 62.282 506.79 2369.2 73.382 534.61 2396 78.048
1.6917 529.64 2341.1 62.511 511.04 2383.1 73.563 538.31 2409.5 78.204
1.7 534.59 2355.8 62.85 515.34 2396.9 73.726 542 2423 78.366
1.7083 539.45 2370.4 63.299 519.7 2410.6 73.87 545.69 2436.7 78.54
1.7167 544.19 2384.8 63.844 524.12 2424.3 73.992 549.38 2450.4 78.734
1.725 548.79 2399 64.468 528.61 2437.8 74.09 553.08 2464.1 78.951
1.7333 553.23 2413 65.139 533.19 2451.2 74.16 556.79 2478 79.197
1.7417 557.5 2426.7 65.823 537.84 2464.4 74.201 560.54 2491.9 79.47
1.75 561.62 2440.2 66.484 542.56 2477.4 74.21 564.33 2505.8 79.77
1.7583 565.6 2453.4 67.092 547.34 2490.2 74.186 568.2 2519.7 80.09
1.7667 569.47 2466.4 67.629 552.16 2502.7 74.129 572.14 2533.6 80.424
1.775 573.28 2479.3 68.082 557.01 2515.1 74.039 576.19 2547.5 80.761
1.7833 577.06 2491.9 68.449 561.87 2527.2 73.918 580.36 2561.3 81.091
1.7917 580.85 2504.4 68.732 566.71 2539.1 73.769 584.66 2575 81.403
1.8 584.67 2516.9 68.943 571.54 2550.8 73.593 589.1 2588.7 81.689
1.8083 588.58 2529.2 69.097 576.33 2562.4 73.395 593.69 2602.2 81.94
1.8167 592.59 2541.4 69.215 581.09 2573.9 73.177 598.42 2615.6 82.152
1.825 596.72 2553.6 69.32 585.8 2585.3 72.942 603.3 2629 82.323
1.8333 600.96 2565.7 69.433 590.48 2596.6 72.694 608.31 2642.2 82.454
1.8417 605.32 2577.7 69.573 595.24 2608 72.428 612.45 2655 83.45
1.85 609.78 2589.6 69.753 599.89 2619.3 72.157 617.65 2668 83.536
1.8583 614.31 2601.5 69.983 604.55 2630.5 71.877 622.94 2680.9 83.601
1.8667 618.91 2613.2 70.264 609.23 2641.8 71.588 628.3 2693.8 83.651
1.875 623.54 2625 70.594 613.95 2653.1 71.29 633.71 2706.6 83.694
1.8833 628.2 2636.6 70.964 618.71 2664.5 70.985 639.17 2719.3 83.736
1.8917 632.84 2648.3 71.364 623.53 2675.8 70.675 644.66 2732.1 83.781
1.9 637.46 2659.9 71.781 628.41 2687.2 70.362 650.17 2744.7 83.83
1.9083 642.04 2671.5 72.202 633.35 2698.6 70.051 655.7 2757.4 83.885
1.9167 646.58 2683.1 72.616 638.33 2710.1 69.746 661.25 2769.9 83.943
1.925 651.08 2694.7 73.015 643.36 2721.6 69.453 666.82 2782.5 84.002
1.9333 655.55 2706.3 73.396 648.43 2733.2 69.178 672.41 2795 84.057
1.9417 660.01 2717.9 73.758 653.51 2744.8 68.926 678.03 2807.4 84.106
1.95 664.47 2729.5 74.104 658.61 2756.5 68.703 683.67 2819.8 84.145
1.9583 668.97 2741.2 74.44 663.72 2768.3 68.512 689.33 2832.1 84.172
1.9667 673.53 2753 74.77 668.83 2780.2 68.354 695.02 2844.4 84.187
1.975 678.18 2764.7 75.101 673.95 2792.2 68.231 700.74 2856.6 84.19
1.9833 682.94 2776.6 75.435 679.06 2804.3 68.139 706.49 2868.9 84.184
1.9917 687.82 2788.4 75.773 684.19 2816.5 68.077 712.26 2881 84.17
2 692.84 2800.4 76.11 689.33 2828.8 68.04 718.06 2893.2 84.152
2.0083 698 2812.3 76.442 694.5 2841.2 68.023 723.87 2905.4 84.133
2.0167 703.3 2824.4 76.76 699.69 2853.6 68.02 729.72 2917.5 84.115
2.025 708.74 2836.4 77.057 704.93 2866.2 68.028 735.58 2929.7 84.099
2.0333 714.3 2848.6 77.322 710.22 2878.7 68.04 741.48 2941.9 84.087
2.0417 720 2860.8 77.565 715.57 2891.4 68.059 747.4 2954.1 84.079
2.05 725.83 2873 77.776 720.98 2904 68.08 753.35 2966.4 84.074
2.0583 731.78 2885.4 77.963 726.47 2916.7 68.103 759.33 2978.7 84.07
2.0667 737.86 2897.9 78.135 732.03 2929.4 68.129 765.34 2991 84.068
2.075 744.03 2910.5 78.299 737.67 2942.2 68.16 771.38 3003.3 84.067
2.0833 750.27 2923.2 78.462 743.39 2955 68.196 777.45 3015.7 84.069
2.0917 756.55 2936.1 78.629 749.21 2967.9 68.238 783.54 3028 84.075
2.1 762.87 2949.2 78.801 755.12 2980.8 68.285 789.64 3040.4 84.089
2.1083 769.23 2962.3 78.978 761.13 2993.9 68.336 795.74 3052.8 84.115
2.1167 775.64 2975.5 79.159 767.24 3007 68.386 801.84 3065.2 84.158
2.125 782.13 2988.9 79.34 773.45 3020.2 68.433 807.93 3077.7 84.222
2.1333 788.71 3002.4 79.517 779.77 3033.6 68.469 814 3090.1 84.312
2.1417 795.38 3016.1 79.682 786.19 3047 68.492 820.05 3102.6 84.432
2.15 802.15 3029.9 79.825 792.7 3060.5 68.496 826.07 3115.2 84.581
2.1583 808.99 3043.8 79.936 799.3 3074.1 68.478 832.06 3127.8 84.762
2.1667 815.89 3058 80.005 805.96 3087.7 68.437 838.01 3140.6 84.97
2.175 822.84 3072.3 80.019 812.67 3101.3 68.375 843.94 3153.4 85.2
2.1833 829.78 3086.6 79.974 819.39 3115 68.293 849.83 3166.3 85.448
2.1917 836.7 3101.1 79.862 826.1 3128.6 68.198 855.69 3179.4 85.703
2.2 843.55 3115.5 79.68 832.76 3142.3 68.098 861.51 3192.5 85.957
2.2083 850.32 3129.9 79.432 839.33 3155.9 68.001 867.3 3205.8 86.201
2.2167 856.98 3144.2 79.126 845.78 3169.5 67.915 873.03 3219.1 86.426
2.225 863.51 3158.2 78.775 852.07 3183 67.85 878.71 3232.4 86.625
2.2333 869.93 3172.1 78.393 858.17 3196.5 67.817 884.31 3245.8 86.793
2.2417 876.25 3185.7 78.003 864.06 3210 67.82 889.81 3259.2 86.928
2.25 882.48 3199 77.626 869.7 3223.4 67.866 895.2 3272.6 87.028
2.2583 888.66 3212.1 77.282 875.1 3236.7 67.96 900.46 3285.9 87.097
2.2667 894.81 3224.9 76.987 880.26 3250 68.103 905.56 3299.2 87.138
2.275 900.94 3237.4 76.751 885.16 3263.1 68.296 910.48 3312.4 87.159
2.2833 907.04 3249.8 76.575 889.83 3276.2 68.535 915.2 3325.6 87.169
2.2917 913.1 3262.1 76.455 894.29 3289.1 68.817 919.71 3338.8 87.178
2.3 918.57 3274.3 76.39 898.55 3301.9 69.14 923.99 3352 87.196
2.3083 923.73 3286.4 76.372 902.65 3314.5 69.498 928.03 3365.2 87.234
2.3167 928.85 3298.5 76.384 906.61 3327 69.887 931.83 3378.6 87.302
2.325 933.82 3310.6 76.414 910.45 3339.4 70.304 935.37 3391.9 87.41
2.3333 938.59 3322.6 76.455 914.2 3351.7 70.746 938.68 3405.4 87.565
2.3417 943.13 3334.6 76.496 917.87 3363.8 71.212 941.74 3419 87.771
2.35 947.45 3346.5 76.53 921.48 3375.9 71.7 944.58 3432.7 88.031
2.3583 951.55 3358.5 76.554 925.03 3387.9 72.209 947.2 3446.5 88.344
2.3667 955.46 3370.4 76.567 928.53 3399.9 72.739 949.62 3460.3 88.706
2.375 959.19 3382.3 76.572 931.98 3412 73.284 951.86 3474.1 89.111
2.3833 962.8 3394.2 76.569 935.38 3424 73.854 953.94 3487.8 89.547
2.3917 966.31 3406.1 76.568 938.71 3436.2 74.434 955.88 3501.6 90.007
2.4 969.76 3417.9 76.572 941.99 3448.3 75.023 957.7 3515.2 90.478
2.4083 973.16 3429.7 76.587 945.21 3460.6 75.618 959.41 3528.7 90.95
2.4167 976.54 3441.6 76.614 948.35 3472.9 76.215 961.05 3542 91.412
2.425 979.93 3453.4 76.652 951.43 3485.4 76.806 962.63 3555.2 91.856
2.4333 983.31 3465.2 76.698 954.45 3497.8 77.388 964.16 3568.3 92.276
2.4417 986.69 3476.9 76.747 957.41 3510.4 77.955 965.67 3581.3 92.671
2.45 990.05 3488.7 76.792 960.3 3523 78.504 967.15 3594.1 93.04
2.4583 993.38 3500.4 76.825 963.14 3535.7 79.033 968.62 3607 93.388
2.4667 996.66 3512.2 76.839 965.93 3548.5 79.538 970.09 3619.8 93.721
2.475 999.87 3523.9 76.831 968.67 3561.3 80.017 971.56 3632.5 94.045
2.4833 1003 3535.7 76.799 971.35 3574.2 80.47 973.04 3645.4 94.367
2.4917 1006.1 3547.5 76.746 973.99 3587.1 80.895 974.52 3658.2 94.695
2.5 1009.2 3559.4 76.678 976.57 3600.1 81.291 976.02 3671.2 95.034
2.5083 1012.2 3571.3 76.602 979.1 3613.2 81.655 977.52 3684.2 95.385
2.5167 1015.2 3583.3 76.528 981.56 3626.3 81.986 979.04 3697.2 95.748
2.525 1018.2 3595.4 76.466 983.96 3639.4 82.28 980.56 3710.3 96.118
2.5333 1021.2 3607.7 76.422 986.29 3652.7 82.535 982.09 3723.5 96.487
2.5417 1024.2 3620 76.399 988.56 3665.9 82.75 983.63 3736.7 96.849
2.55 1027.2 3632.4 76.396 990.75 3679.2 82.922 985.16 3749.9 97.194
2.5583 1030.1 3645.1 76.41 992.88 3692.6 83.051 986.67 3763.2 97.515
2.5667 1033 3657.9 76.434 994.93 3705.9 83.14 988.16 3776.5 97.806
2.575 1035.8 3670.9 76.463 996.91 3719.4 83.19 989.61 3789.8 98.066
2.5833 1038.4 3684 76.49 998.82 3732.9 83.208 991.01 3803.1 98.298
2.5917 1041 3697.3 76.504 1000.6 3746.5 83.199 992.33 3816.5 98.507
2.6 1043.5 3710.7 76.5 1002.4 3760.3 83.169 993.57 3829.9 98.702
2.6083 1045.8 3724.2 76.471 1004.1 3774.1 83.128 994.71 3843.4 98.893
2.6167 1048 3737.8 76.415 1005.6 3788.1 83.082 995.74 3857 99.092
2.625 1050.1 3751.7 76.331 1007.1 3802.2 83.04 996.65 3870.6 99.308
2.6333 1052 3765.6 76.222 1008.4 3816.5 83.007 997.43 3884.3 99.546
2.6417 1053.9 3779.8 76.093 1009.6 3831 82.99 998.08 3898 99.811
2.65 1055.6 3794.2 75.954 1010.6 3845.6 82.991 998.61 3911.9 100.1
2.6583 1057.3 3808.9 75.815 1011.5 3860.4 83.014 999.02 3925.9 100.41
2.6667 1058.9 3823.8 75.689 1012.2 3875.3 83.061 999.31 3940 100.72
2.675 1060.5 3839 75.594 1012.8 3890.3 83.131 999.5 3954.1 101.03
2.6833 1062.1 3854.5 75.549 1013.3 3905.3 83.223 999.59 3968.4 101.33
2.6917 1063.8 3870.1 75.571 1013.6 3920.5 83.336 999.58 3982.8 101.59
2.7 1065.4 3886 75.679 1013.8 3935.6 83.469 999.47 3997.2 101.82
2.7083 1066.9 3901.9 75.886 1013.9 3950.8 83.621 999.27 4011.8 102.01
2.7167 1068.4 3917.8 76.201 1014 3966 83.792 998.96 4026.4 102.16
2.725 1069.8 3933.7 76.622 1014 3981.1 83.983 998.55 4041.1 102.28
2.7333 1071 3949.5 77.153 1014 3996.1 84.195 998.03 4055.8 102.39
2.7417 1072 3965.1 77.778 1014.1 4011 84.43 997.39 4070.6 102.49
2.75 1072.9 3980.5 78.481 1014.2 4025.8 84.689 996.63 4085.3 102.61
2.7583 1073.6 3995.6 79.242 1014.4 4040.5 84.975 995.77 4100 102.77
2.7667 1074 4010.4 80.036 1014.7 4054.9 85.285 994.8 4114.7 102.97
2.775 1074.3 4024.9 80.843 1015 4069.2 85.621 993.75 4129.3 103.23
2.7833 1074.4 4039.1 81.648 1015.5 4083.2 85.977 992.64 4143.7 103.54
2.7917 1074.4 4053.2 82.444 1016 4097 86.35 991.5 4158 103.91
2.8 1074.2 4067 83.226 1016.5 4110.5 86.733 990.36 4172.2 104.33
2.8083 1073.9 4080.8 83.995 1017.1 4123.7 87.12 989.26 4186.3 104.78
2.8167 1073.5 4094.5 84.746 1017.7 4136.7 87.505 988.22 4200.2 105.23
2.825 1073 4108.1 85.491 1018.2 4149.5 87.881 987.28 4213.9 105.68
2.8333 1072.5 4121.8 86.227 1018.8 4162 88.246 986.45 4227.6 106.1
2.8417 1071.9 4135.4 86.966 1019.2 4174.3 88.597 985.77 4241 106.49
2.85 1071.3 4149 87.716 1019.6 4186.4 88.935 985.22 4254.4 106.82
2.8583 1070.6 4162.6 88.484 1019.9 4198.4 89.263 984.82 4267.7 107.11
2.8667 1070 4176.1 89.278 1020.1 4210.3 89.587 984.55 4280.8 107.34
2.875 1069.3 4189.6 90.103 1020.2 4222.1 89.911 984.39 4293.9 107.53
2.8833 1068.7 4203 90.964 1020.3 4233.9 90.243 984.33 4306.9 107.69
2.8917 1068.1 4216.3 91.863 1020.3 4245.7 90.586 984.34 4319.8 107.83
2.9 1067.6 4229.5 92.8 1020.3 4257.5 90.947 984.39 4332.6 107.96
2.9083 1067.1 4242.7 93.774 1020.2 4269.3 91.329 984.47 4345.4 108.1
2.9167 1066.7 4255.8 94.78 1020.1 4281.3 91.733 984.54 4358 108.25
2.925 1066.3 4268.9 95.811 1020 4293.3 92.159 984.6 4370.6 108.42
2.9333 1065.8 4281.9 96.862 1019.8 4305.3 92.606 984.62 4383.1 108.63
2.9417 1065.4 4294.8 97.923 1019.7 4317.5 93.072 984.61 4395.6 108.85
2.95 1065 4307.7 98.988 1019.5 4329.8 93.553 984.56 4407.9 109.09
2.9583 1064.5 4320.6 100.05 1019.3 4342.1 94.048 984.46 4420.3 109.35
2.9667 1064.1 4333.4 101.11 1019.1 4354.6 94.552 984.32 4432.6 109.61
2.975 1063.6 4346.2 102.16 1018.8 4367.2 95.064 984.14 4444.9 109.87
2.9833 1063 4358.9 103.19 1018.5 4379.8 95.581 983.93 4457.1 110.12
2.9917 1062.5 4371.6 104.22 1018.2 4392.6 96.103 983.68 4469.4 110.36
3 1062.1 4384.3 105.22 1017.8 4405.4 96.627 983.39 4481.7 110.58
3.0083 1061.6 4397 106.22 1017.3 4418.3 97.154 983.05 4494 110.8
3.0167 1061.2 4409.7 107.19 1016.8 4431.3 97.682 982.67 4506.4 111
3.025 1060.9 4422.5 108.14 1016.2 4444.4 98.21 982.24 4518.8 111.21
3.0333 1060.7 4435.4 109.06 1015.6 4457.5 98.735 981.75 4531.2 111.42
3.0417 1060.5 4448.3 109.93 1014.9 4470.7 99.255 981.2 4543.7 111.64
3.05 1060.4 4461.5 110.75 1014.2 4484 99.766 980.58 4556.2 111.88
3.0583 1060.3 4474.7 111.5 1013.4 4497.3 100.26 979.89 4568.7 112.14
3.0667 1060.2 4488 112.17 1012.6 4510.7 100.74 979.15 4581.3 112.4
3.075 1060.1 4501.5 112.75 1011.7 4524.1 101.2 978.37 4593.9 112.68
3.0833 1060 4515.2 113.25 1010.8 4537.6 101.63 977.54 4606.6 112.97
3.0917 1059.8 4529 113.65 1009.8 4551.2 102.04 976.69 4619.3 113.25
3.1 1059.7 4542.9 113.97 1008.8 4564.9 102.41 975.83 4632 113.52
3.1083 1059.5 4557 114.23 1007.8 4578.6 102.75 974.96 4644.7 113.77
3.1167 1059.3 4571.3 114.43 1006.7 4592.4 103.06 974.1 4657.5 113.99
3.125 1059 4585.8 114.61 1005.5 4606.3 103.34 973.24 4670.4 114.19
3.1333 1058.5 4600.4 114.76 1004.4 4620.2 103.58 972.38 4683.3 114.37
3.1417 1058 4615.1 114.9 1003.2 4634.3 103.79 971.5 4696.3 114.52
3.15 1057.3 4630 115.05 1002.1 4648.3 103.97 970.59 4709.3 114.67
3.1583 1056.6 4645 115.2 1000.9 4662.5 104.13 969.63 4722.4 114.81
3.1667 1055.7 4660.2 115.36 999.77 4676.7 104.25 968.61 4735.6 114.96
3.175 1054.7 4675.5 115.53 998.66 4690.9 104.34 967.49 4748.9 115.14
3.1833 1053.5 4690.9 115.7 997.59 4705.2 104.42 966.28 4762.2 115.34
3.1917 1052.2 4706.4 115.87 996.54 4719.6 104.47 964.96 4775.6 115.59
3.2 1050.8 4722.1 116.03 995.51 4733.9 104.51 963.52 4789.1 115.88
3.2083 1049.1 4737.7 116.16 994.48 4748.3 104.53 961.97 4802.7 116.21
3.2167 1047.3 4753.5 116.26 993.42 4762.8 104.56 960.32 4816.3 116.56
3.225 1045.4 4769.1 116.32 992.3 4777.2 104.58 958.59 4830 116.95
3.2333 1043.3 4784.7 116.34 991.09 4791.7 104.62 956.79 4843.8 117.33
3.2417 1041.2 4800.1 116.31 989.75 4806.1 104.68 954.94 4857.6 117.71
3.25 1039 4815.2 116.25 988.25 4820.5 104.76 953.06 4871.5 118.06
3.2583 1036.8 4830.2 116.14 986.55 4834.8 104.89 951.15 4885.4 118.36
3.2667 1034.7 4844.7 116.01 984.64 4849.1 105.05 949.21 4899.3 118.61
3.275 1032.5 4858.9 115.87 982.5 4863.2 105.26 947.22 4913.1 118.8
3.2833 1030.4 4872.8 115.74 980.12 4877.2 105.51 945.18 4927 118.93
3.2917 1028.3 4886.3 115.64 977.51 4891 105.82 943.03 4940.8 119
3.3 1026.3 4899.5 115.57 974.69 4904.6 106.18 940.74 4954.6 119.01
3.3083 1024.4 4912.5 115.55 971.68 4918 106.59 938.27 4968.3 119
3.3167 1022.5 4925.2 115.57 968.5 4931.1 107.05 935.58 4981.9 118.97
3.325 1020.7 4937.9 115.63 965.19 4943.9 107.54 932.61 4995.4 118.94
3.3333 1018.8 4950.3 115.72 961.77 4956.5 108.08 929.35 5008.9 118.93
3.3417 1016.5 4962.6 115.83 958.27 4968.9 108.65 925.76 5022.3 118.97
3.35 1013.9 4974.5 115.96 954.72 4981 109.24 921.83 5035.6 119.05
3.3583 1011.1 4986.3 116.11 951.12 4993 109.86 917.56 5048.8 119.19
3.3667 1008 4997.9 116.26 947.48 5004.9 110.5 912.97 5061.9 119.4
3.375 1004.8 5009.3 116.41 943.81 5016.7 111.15 908.09 5074.9 119.67
3.3833 1001.4 5020.6 116.54 940.1 5028.4 111.82 902.94 5087.8 119.99
3.3917 997.75 5031.7 116.67 936.33 5040 112.49 897.56 5100.5 120.36
3.4 993.98 5042.6 116.78 932.5 5051.7 113.18 892 5113.1 120.77
3.4083 990.07 5053.4 116.87 928.58 5063.4 113.87 886.29 5125.5 121.2
3.4167 986.05 5064 116.95 924.56 5075.1 114.58 880.47 5137.8 121.64
3.425 981.93 5074.6 117.02 920.44 5086.8 115.29 874.58 5150 122.1
3.4333 977.74 5085 117.08 916.2 5098.5 116.01 868.65 5161.9 122.56
3.4417 973.52 5095.5 117.13 911.85 5110.3 116.73 862.68 5173.8 123.02
3.45 969.27 5105.9 117.18 907.38 5122 117.44 856.7 5185.5 123.47
3.4583 965.04 5116.3 117.23 902.8 5133.7 118.15 850.72 5197 123.93
3.4667 960.81 5126.8 117.27 898.11 5145.4 118.84 844.75 5208.4 124.39
3.475 956.61 5137.3 117.3 893.32 5157.1 119.49 838.78 5219.8 124.85
3.4833 952.42 5147.9 117.34 888.43 5168.7 120.12 832.83 5231 125.31
3.4917 948.23 5158.6 117.36 883.47 5180.3 120.69 826.89 5242.2 125.77
3.5 944.03 5169.3 117.39 878.43 5191.9 121.22 820.96 5253.3 126.22
3.5083 939.79 5180 117.43 873.31 5203.5 121.68 815.04 5264.3 126.67
3.5167 935.51 5190.8 117.47 868.12 5215 122.08 809.13 5275.3 127.11
3.525 931.17 5201.7 117.53 862.86 5226.4 122.42 803.22 5286.3 127.52
3.5333 926.77 5212.6 117.61 857.54 5237.9 122.7 797.29 5297.3 127.92
3.5417 922.29 5223.5 117.72 852.15 5249.3 122.93 791.34 5308.2 128.28
3.55 917.73 5234.5 117.87 846.69 5260.8 123.12 785.35 5319.2 128.62
3.5583 913.08 5245.6 118.03 841.15 5272.2 123.27 779.31 5330.1 128.92
3.5667 908.3 5256.7 118.22 835.55 5283.5 123.4 773.2 5341 129.19
3.575 903.4 5267.8 118.42 829.86 5294.9 123.54 767 5351.9 129.44
3.5833 898.35 5279.1 118.62 824.09 5306.2 123.68 760.69 5362.8 129.67
3.5917 893.12 5290.4 118.8 818.22 5317.5 123.85 754.26 5373.6 129.89
3.6 887.71 5301.9 118.96 812.25 5328.7 124.05 747.7 5384.4 130.12
3.6083 882.11 5313.4 119.07 806.17 5339.9 124.3 741 5395.2 130.35
3.6167 876.32 5325 119.16 799.96 5351 124.59 734.15 5405.8 130.6
3.625 870.35 5336.7 119.2 793.63 5362.2 124.94 727.15 5416.4 130.87
3.6333 864.19 5348.4 119.21 787.15 5373.2 125.34 719.98 5426.9 131.17
3.6417 857.83 5360.2 119.18 780.52 5384.3 125.78 712.66 5437.3 131.49
3.65 851.24 5372.1 119.13 773.75 5395.3 126.28 705.17 5447.7 131.84
3.6583 844.38 5383.9 119.05 766.81 5406.4 126.82 697.5 5458 132.22
3.6667 837.22 5395.9 118.97 759.71 5417.4 127.4 689.65 5468.3 132.6
3.675 829.73 5407.9 118.87 752.46 5428.5 128.02 681.62 5478.6 133
3.6833 821.9 5420 118.78 745.04 5439.5 128.69 673.71 5489.6 132.67
3.6917 813.72 5432.3 118.71 737.48 5450.6 129.39 665.28 5499.8 133.05
3.7 805.2 5444.7 118.65 729.79 5461.8 130.12 656.66 5510.2 133.42
3.7083 796.36 5457.2 118.64 721.97 5473.1 130.88 647.86 5520.5 133.77
3.7167 787.24 5469.8 118.67 714.03 5484.4 131.68 638.87 5530.9 134.09
3.725 777.86 5482.4 118.78 705.97 5495.8 132.51 629.73 5541.4 134.4
3.7333 768.28 5495.2 118.98 697.82 5507.3 133.37 620.45 5551.9 134.7
3.7417 758.54 5507.9 119.28 689.58 5518.8 134.25 611.08 5562.5 135
3.75 748.69 5520.5 119.7 681.26 5530.4 135.14 601.65 5573.1 135.3
3.7583 738.79 5533 120.22 672.88 5542 136.03 592.19 5583.6 135.61
3.7667 728.89 5545.3 120.86 664.46 5553.6 136.91 582.75 5594.2 135.95
3.775 719.05 5557.4 121.6 656 5565.2 137.77 573.38 5604.7 136.3
3.7833 709.32 5569.3 122.41 647.54 5576.8 138.59 564.09 5615.2 136.68
3.7917 699.76 5580.8 123.28 639.1 5588.3 139.37 554.93 5625.6 137.08
3.8 690.4 5592.1 124.16 630.68 5599.6 140.07 545.9 5636 137.49
3.8083 681.28 5603 125.05 622.31 5610.9 140.71 537.03 5646.4 137.9
3.8167 672.37 5613.7 125.92 614.01 5622 141.26 528.31 5656.7 138.31
3.825 663.67 5624.2 126.77 605.8 5632.9 141.72 519.74 5667.1 138.69
3.8333 655.1 5634.6 127.6 597.68 5643.7 142.09 511.32 5677.5 139.03
3.8417 646.65 5644.9 128.39 589.65 5654.3 142.37 503.02 5688 139.32
3.85 638.27 5655.1 129.16 581.73 5664.8 142.56 494.83 5698.5 139.56
3.8583 629.93 5665.2 129.9 573.89 5675.1 142.68 486.74 5709.1 139.73
3.8667 621.61 5675.4 130.62 566.14 5685.3 142.73 478.74 5719.8 139.85
3.875 613.3 5685.5 131.32 558.45 5695.4 142.71 470.8 5730.6 139.92
3.8833 605.02 5695.5 132.01 550.8 5705.3 142.65 462.93 5741.4 139.95
