0.0083333 0.7062 2.8156 98.227 -21.409 126.39 86.853 12.994 224.86 76.737
0.016667 1.2323 11.155 98.329 -20.503 135.48 86.723 14.171 233.42 76.641
0.025 1.7879 19.857 98.474 -19.525 144.7 86.556 15.396 242.1 76.553
0.033333 2.3647 28.923 98.656 -18.476 154.04 86.357 16.662 250.91 76.481
0.041667 2.9492 38.35 98.866 -17.356 163.47 86.134 17.962 259.85 76.428
0.05 3.5247 48.125 99.092 -16.167 172.99 85.899 19.292 268.94 76.397
0.058333 4.0683 58.217 99.324 -14.917 182.6 85.661 20.643 278.17 76.388
0.066667 4.5646 68.601 99.538 -13.608 192.26 85.439 22.013 287.52 76.399
0.075 4.9944 79.226 99.725 -12.256 201.99 85.238 23.397 296.97 76.427
0.083333 5.3511 90.052 99.861 -10.87 211.77 85.072 24.792 306.5 76.464
0.091667 5.6328 101.02 99.937 -9.4687 221.61 84.945 26.195 316.08 76.504
0.1 5.8526 112.08 99.943 -8.0712 231.5 84.86 27.601 325.65 76.538
0.10833 6.0316 123.18 99.874 -6.6969 241.44 84.82 29.005 335.2 76.56
0.11667 6.2029 134.28 99.734 -5.368 251.43 84.821 30.399 344.69 76.563
0.125 6.4063 145.34 99.528 -4.1051 261.46 84.862 31.772 354.09 76.542
0.13333 6.683 156.32 99.268 -2.9262 271.51 84.938 33.11 363.4 76.497
0.14167 7.0683 167.21 98.968 -1.846 281.55 85.047 34.395 372.61 76.428
0.15 7.5856 178.01 98.639 -0.87484 291.56 85.184 35.61 381.72 76.34
0.15833 8.2446 188.71 98.297 -0.017548 301.51 85.35 36.733 390.76 76.239
0.16667 9.0388 199.32 97.951 0.72581 311.37 85.542 37.742 399.74 76.135
0.175 9.9529 209.86 97.61 1.3604 321.11 85.762 38.618 408.7 76.037
0.18333 10.965 220.35 97.28 1.8943 330.7 86.008 39.343 417.66 75.956
0.19167 12.053 230.82 96.962 2.3393 340.14 86.281 39.901 426.66 75.901
0.2 13.189 241.29 96.658 2.7079 349.42 86.578 40.282 435.71 75.881
0.20833 14.346 251.77 96.368 3.0129 358.54 86.897 40.481 444.83 75.904
0.21667 15.491 262.27 96.091 3.2662 367.53 87.236 40.494 454.04 75.972
0.225 16.589 272.77 95.829 3.4769 376.4 87.588 40.325 463.34 76.09
0.23333 17.612 283.26 95.583 3.6518 385.2 87.948 39.98 472.73 76.256
0.24167 18.536 293.71 95.353 3.7941 393.95 88.312 39.468 482.2 76.468
0.25 19.345 304.11 95.143 3.9052 402.7 88.675 38.8 491.75 76.724
0.25833 20.033 314.45 94.952 3.9831 411.47 89.033 37.987 501.36 77.017
0.26667 20.597 324.71 94.782 4.0241 420.29 89.385 37.041 511.03 77.344
0.275 21.045 334.88 94.632 4.026 429.18 89.731 35.975 520.74 77.698
0.28333 21.384 344.96 94.501 3.986 438.15 90.07 34.797 530.48 78.074
0.29167 21.626 354.98 94.386 3.9037 447.21 90.406 33.517 540.25 78.469
0.3 21.787 364.95 94.283 3.7798 456.35 90.742 32.144 550.03 78.878
0.30833 21.884 374.89 94.187 3.6157 465.58 91.082 30.686 559.83 79.298
0.31667 21.932 384.81 94.095 3.416 474.88 91.426 29.149 569.64 79.725
0.325 21.947 394.75 94 3.1836 484.26 91.777 27.542 579.45 80.158
0.33333 21.944 404.72 93.897 2.9222 493.71 92.135 25.871 589.26 80.594
0.34167 21.935 414.74 93.783 2.6332 503.22 92.498 24.144 599.08 81.032
0.35 21.926 424.79 93.655 2.3183 512.8 92.862 22.37 608.89 81.47
0.35833 21.92 434.9 93.511 1.9769 522.44 93.223 20.557 618.71 81.907
0.36667 21.911 445.05 93.35 1.6068 532.16 93.576 18.715 628.52 82.341
0.375 21.892 455.23 93.175 1.2037 541.96 93.915 16.852 638.34 82.772
0.38333 21.853 465.44 92.988 0.76086 551.85 94.233 14.977 648.18 83.198
0.39167 21.78 475.67 92.791 0.27442 561.84 94.531 13.098 658.04 83.619
0.4 21.665 485.9 92.591 -0.26505 571.94 94.802 11.221 667.94 84.034
0.40833 21.501 496.13 92.391 -0.86229 582.14 95.044 9.3539 677.89 84.442
0.41667 21.279 506.35 92.196 -1.5218 592.44 95.258 7.5011 687.9 84.842
0.425 21 516.57 92.008 -2.246 602.85 95.442 5.667 697.98 85.232
0.43333 20.659 526.78 91.831 -3.0364 613.35 95.601 3.8557 708.14 85.61
0.44167 20.266 537 91.664 -3.8913 623.94 95.733 2.0684 718.38 85.975
0.45 19.823 547.25 91.507 -4.8082 634.63 95.842 0.30665 728.7 86.323
0.45833 19.338 557.56 91.356 -5.7843 645.41 95.927 -1.4305 739.09 86.653
0.46667 18.818 567.96 91.205 -6.8158 656.28 95.991 -3.1447 749.55 86.962
0.475 18.27 578.5 91.048 -7.9001 667.26 96.033 -4.8396 760.07 87.251
0.48333 17.705 589.2 90.88 -9.0352 678.36 96.055 -6.5212 770.64 87.518
0.49167 17.123 600.1 90.697 -10.221 689.58 96.057 -8.1967 781.25 87.764
0.5 16.532 611.2 90.499 -11.458 700.94 96.04 -9.8753 791.9 87.992
0.50833 15.92 622.52 90.291 -12.749 712.44 96.007 -11.567 802.59 88.202
0.51667 15.276 634.04 90.079 -14.099 724.1 95.962 -13.283 813.33 88.399
0.525 14.588 645.75 89.87 -15.513 735.92 95.909 -15.034 824.14 88.583
0.53333 13.837 657.64 89.67 -16.997 747.9 95.855 -16.829 835.03 88.757
0.54167 13.008 669.71 89.486 -18.556 760.02 95.807 -18.677 846.02 88.92
0.55 12.09 681.96 89.317 -20.196 772.29 95.774 -20.583 857.13 89.074
0.55833 11.079 694.42 89.165 -21.924 784.69 95.763 -22.55 868.39 89.216
0.56667 9.9744 707.1 89.025 -23.741 797.22 95.779 -24.578 879.81 89.341
0.575 8.7803 720.03 88.897 -25.651 809.85 95.828 -26.665 891.42 89.447
0.58333 7.5029 733.23 88.777 -27.654 822.59 95.913 -28.805 903.2 89.529
0.59167 6.1689 746.71 88.663 -29.747 835.42 96.032 -30.99 915.18 89.584
0.6 4.7937 760.49 88.556 -31.925 848.33 96.182 -33.214 927.33 89.608
0.60833 3.396 774.55 88.46 -34.178 861.33 96.357 -35.469 939.64 89.602
0.61667 1.9893 788.85 88.385 -36.49 874.41 96.549 -37.747 952.1 89.567
0.625 0.58083 803.36 88.341 -38.846 887.56 96.748 -40.043 964.67 89.508
0.63333 -0.83968 818.02 88.34 -41.22 900.78 96.943 -42.35 977.35 89.433
0.64167 -2.2849 832.75 88.395 -43.586 914.04 97.124 -44.665 990.09 89.351
0.65 -3.7717 847.49 88.518 -45.92 927.35 97.28 -46.983 1002.9 89.273
0.65833 -5.3241 862.18 88.716 -48.19 940.67 97.405 -49.299 1015.7 89.21
0.66667 -6.9612 876.76 88.99 -50.368 953.97 97.49 -51.603 1028.5 89.171
0.675 -8.6963 891.18 89.339 -52.427 967.23 97.534 -53.886 1041.3 89.165
0.68333 -10.535 905.39 89.753 -54.344 980.41 97.535 -56.131 1054.1 89.195
0.69167 -12.474 919.36 90.216 -56.101 993.47 97.492 -58.319 1066.9 89.261
0.7 -14.497 933.06 90.709 -57.686 1006.4 97.409 -60.426 1079.6 89.359
0.70833 -16.584 946.5 91.215 -59.096 1019.1 97.289 -62.424 1092.3 89.484
0.71667 -18.708 959.71 91.719 -60.334 1031.7 97.137 -64.284 1105 89.621
0.725 -20.838 972.72 92.209 -61.412 1044.1 96.956 -65.977 1117.6 89.759
0.73333 -22.945 985.58 92.673 -62.348 1056.2 96.751 -67.476 1130.1 89.884
0.74167 -24.995 998.32 93.102 -63.166 1068.2 96.522 -68.758 1142.6 89.982
0.75 -26.96 1011 93.486 -63.89 1080 96.273 -69.808 1155 90.041
0.75833 -28.811 1023.6 93.819 -64.546 1091.7 96.001 -70.618 1167.3 90.055
0.76667 -30.53 1036.2 94.097 -65.158 1103.3 95.708 -71.19 1179.6 90.018
0.775 -32.101 1048.7 94.323 -65.745 1114.8 95.392 -71.534 1191.8 89.931
0.78333 -33.523 1061.2 94.503 -66.321 1126.3 95.052 -71.67 1204 89.797
0.79167 -34.795 1073.7 94.648 -66.896 1137.7 94.689 -71.623 1216.1 89.623
0.8 -35.932 1086.1 94.772 -67.474 1149.2 94.301 -71.424 1228.2 89.419
0.80833 -36.951 1098.5 94.892 -68.054 1160.7 93.893 -71.105 1240.2 89.196
0.81667 -37.885 1110.9 95.023 -68.632 1172.2 93.465 -70.696 1252.1 88.963
0.825 -38.757 1123.2 95.181 -69.198 1183.8 93.022 -70.225 1264.1 88.729
0.83333 -39.598 1135.4 95.379 -69.746 1195.4 92.569 -69.713 1276 88.5
0.84167 -40.433 1147.6 95.625 -70.266 1207.1 92.112 -69.176 1287.8 88.28
0.85 -41.277 1159.7 95.924 -70.753 1218.8 91.657 -68.621 1299.7 88.068
0.85833 -42.146 1171.7 96.272 -71.202 1230.5 91.211 -68.051 1311.5 87.863
0.86667 -43.039 1183.7 96.662 -71.613 1242.3 90.778 -67.462 1323.3 87.66
0.875 -43.954 1195.7 97.082 -71.99 1254.1 90.365 -66.846 1335.1 87.452
0.88333 -44.875 1207.7 97.519 -72.343 1265.9 89.975 -66.195 1346.9 87.235
0.89167 -45.786 1219.6 97.957 -72.68 1277.8 89.611 -65.501 1358.7 87.004
0.9 -46.664 1231.6 98.382 -73.01 1289.7 89.275 -64.76 1370.5 86.755
0.90833 -47.487 1243.6 98.781 -73.343 1301.7 88.968 -63.967 1382.4 86.487
0.91667 -48.235 1255.6 99.147 -73.687 1313.7 88.689 -63.128 1394.2 86.201
0.925 -48.892 1267.6 99.476 -74.046 1325.9 88.439 -62.247 1406.1 85.902
0.93333 -49.444 1279.7 99.768 -74.42 1338.1 88.215 -61.335 1418 85.594
0.94167 -49.889 1291.9 100.03 -74.808 1350.5 88.017 -60.402 1430 85.285
0.95 -50.23 1304.2 100.26 -75.205 1362.9 87.841 -59.461 1442 84.98
0.95833 -50.477 1316.6 100.47 -75.603 1375.5 87.688 -58.522 1454.1 84.686
0.96667 -50.642 1329.1 100.66 -75.993 1388.2 87.555 -57.593 1466.2 84.407
0.975 -50.742 1341.7 100.85 -76.365 1400.9 87.444 -56.676 1478.4 84.146
0.98333 -50.794 1354.5 101.03 -76.71 1413.8 87.353 -55.772 1490.6 83.902
0.99167 -50.812 1367.3 101.22 -77.018 1426.8 87.284 -54.875 1502.8 83.675
1 -50.805 1380.3 101.41 -77.281 1439.9 87.24 -53.978 1515.1 83.461
1.0083 -50.783 1393.5 101.61 -77.493 1453 87.221 -53.07 1527.4 83.255
1.0167 -50.755 1406.8 101.82 -77.651 1466.3 87.23 -52.142 1539.8 83.051
1.025 -50.74 1420.3 102.04 -77.749 1479.6 87.266 -51.183 1552.1 82.846
1.0333 -50.75 1433.9 102.25 -77.787 1493.1 87.331 -50.189 1564.5 82.637
1.0417 -50.802 1447.6 102.45 -77.761 1506.6 87.419 -49.154 1577 82.422
1.05 -50.9 1461.4 102.64 -77.668 1520.2 87.531 -48.081 1589.5 82.203
1.0583 -51.041 1475.2 102.81 -77.505 1533.9 87.655 -46.975 1602 81.983
1.0667 -51.227 1489.2 102.95 -77.266 1547.7 87.788 -45.844 1614.7 81.766
1.075 -51.456 1503.2 103.08 -76.945 1561.6 87.922 -44.698 1627.4 81.56
1.0833 -51.726 1517.3 103.2 -76.537 1575.6 88.045 -43.549 1640.2 81.372
1.0917 -52.046 1531.6 103.31 -76.035 1589.6 88.151 -42.408 1653.2 81.209
1.1 -52.42 1546.1 103.42 -75.434 1603.8 88.234 -41.285 1666.3 81.076
1.1083 -52.851 1560.8 103.53 -74.734 1618 88.289 -40.188 1679.5 80.977
1.1167 -53.344 1575.8 103.64 -73.938 1632.2 88.315 -39.119 1692.9 80.915
1.125 -53.895 1590.9 103.75 -73.058 1646.4 88.313 -38.082 1706.3 80.888
1.1333 -54.501 1606.3 103.83 -72.108 1660.7 88.29 -37.078 1719.8 80.895
1.1417 -55.153 1621.8 103.88 -71.112 1675 88.254 -36.104 1733.4 80.927
1.15 -55.843 1637.4 103.88 -70.101 1689.3 88.214 -35.161 1747.1 80.981
1.1583 -56.553 1652.9 103.83 -69.106 1703.5 88.182 -34.251 1760.7 81.046
1.1667 -57.257 1668.4 103.7 -68.164 1717.7 88.169 -33.378 1774.4 81.117
1.175 -57.925 1683.7 103.51 -67.311 1731.8 88.185 -32.55 1788 81.184
1.1833 -58.517 1698.8 103.25 -66.582 1745.8 88.239 -31.779 1801.5 81.243
1.1917 -59.003 1713.6 102.93 -66.006 1759.8 88.335 -31.08 1815.1 81.289
1.2 -59.365 1728.1 102.56 -65.605 1773.6 88.477 -30.472 1828.5 81.32
1.2083 -59.602 1742.4 102.16 -65.394 1787.2 88.663 -29.976 1842 81.337
1.2167 -59.72 1756.4 101.75 -65.378 1800.8 88.889 -29.612 1855.3 81.34
1.225 -59.729 1770.1 101.34 -65.552 1814.1 89.148 -29.4 1868.7 81.333
1.2333 -59.638 1783.6 100.95 -65.903 1827.2 89.432 -29.359 1881.9 81.322
1.2417 -59.449 1796.9 100.59 -66.409 1840.2 89.731 -29.502 1895.2 81.31
1.25 -59.167 1810.1 100.26 -67.043 1853 90.037 -29.838 1908.4 81.304
1.2583 -58.806 1823.3 99.973 -67.776 1865.5 90.341 -30.374 1921.7 81.307
1.2667 -58.39 1836.4 99.715 -68.578 1877.9 90.636 -31.108 1934.9 81.324
1.275 -57.946 1849.4 99.486 -69.423 1890.1 90.92 -32.037 1948.2 81.358
1.2833 -57.507 1862.5 99.279 -70.289 1902.2 91.189 -33.153 1961.5 81.41
1.2917 -57.104 1875.6 99.085 -71.161 1914.2 91.445 -34.447 1974.7 81.482
1.3 -56.766 1888.6 98.896 -72.031 1926.1 91.691 -35.907 1988 81.573
1.3083 -56.519 1901.6 98.705 -72.897 1938 91.93 -37.521 2001.3 81.685
1.3167 -56.38 1914.5 98.505 -73.764 1949.9 92.168 -39.276 2014.5 81.815
1.325 -56.363 1927.3 98.293 -74.639 1961.7 92.408 -41.16 2027.7 81.964
1.3333 -56.474 1940 98.066 -75.534 1973.7 92.656 -43.163 2040.9 82.129
1.3417 -56.707 1952.5 97.826 -76.457 1985.6 92.916 -45.272 2054 82.309
1.35 -57.05 1965 97.577 -77.418 1997.6 93.189 -47.477 2067 82.503
1.3583 -57.485 1977.4 97.321 -78.424 2009.7 93.476 -49.766 2079.9 82.711
1.3667 -57.99 1989.7 97.065 -79.476 2021.9 93.776 -52.127 2092.7 82.929
1.375 -58.541 2001.9 96.812 -80.575 2034.1 94.086 -54.547 2105.4 83.158
1.3833 -59.116 2014.1 96.566 -81.718 2046.4 94.403 -57.014 2117.9 83.394
1.3917 -59.696 2026.3 96.328 -82.899 2058.8 94.72 -59.512 2130.3 83.637
1.4 -60.269 2038.4 96.095 -84.111 2071.3 95.035 -62.029 2142.6 83.885
1.4083 -60.83 2050.6 95.866 -85.349 2083.8 95.341 -64.551 2154.8 84.136
1.4167 -61.382 2062.9 95.636 -86.608 2096.4 95.636 -67.066 2166.9 84.389
1.425 -61.933 2075.2 95.401 -87.885 2109.1 95.917 -69.563 2179 84.641
1.4333 -62.499 2087.5 95.159 -89.179 2121.9 96.183 -72.035 2191 84.892
1.4417 -63.098 2099.8 94.91 -90.492 2134.7 96.432 -74.475 2203 85.141
1.45 -63.75 2112.2 94.657 -91.826 2147.6 96.665 -76.881 2215 85.386
1.4583 -64.467 2124.6 94.405 -93.187 2160.6 96.883 -79.252 2227.1 85.627
1.4667 -65.27 2137 94.161 -94.577 2173.6 97.087 -81.588 2239.2 85.861
1.475 -66.162 2149.4 93.932 -96 2186.7 97.277 -83.893 2251.4 86.088
1.4833 -67.145 2161.9 93.722 -97.459 2199.8 97.457 -86.17 2263.6 86.307
1.4917 -68.214 2174.3 93.534 -98.956 2212.9 97.626 -88.424 2275.9 86.516
1.5 -69.37 2186.9 93.363 -100.49 2226.1 97.785 -90.661 2288.4 86.714
1.5083 -70.596 2199.5 93.201 -102.06 2239.3 97.934 -92.886 2300.8 86.9
1.5167 -71.891 2212.3 93.039 -103.68 2252.5 98.073 -95.104 2313.4 87.074
1.525 -73.234 2225.3 92.868 -105.32 2265.7 98.201 -97.32 2326 87.235
1.5333 -74.632 2238.4 92.685 -107.01 2279.1 98.319 -99.54 2338.7 87.384
1.5417 -76.085 2251.7 92.49 -108.74 2292.4 98.425 -101.77 2351.4 87.521
1.55 -77.601 2265.1 92.292 -110.51 2305.9 98.519 -104.01 2364.2 87.649
1.5583 -79.191 2278.7 92.096 -112.34 2319.4 98.603 -106.27 2377.1 87.767
1.5667 -80.87 2292.3 91.904 -114.23 2333 98.675 -108.55 2390 87.877
1.575 -82.645 2306.1 91.721 -116.19 2346.7 98.739 -110.85 2403.1 87.982
1.5833 -84.522 2320 91.548 -118.23 2360.5 98.794 -113.18 2416.3 88.079
1.5917 -86.499 2334 91.384 -120.36 2374.3 98.845 -115.54 2429.5 88.17
1.6 -88.579 2348.2 91.234 -122.59 2388.2 98.892 -117.93 2442.9 88.251
1.6083 -90.752 2362.7 91.096 -124.93 2402.2 98.936 -120.33 2456.3 88.32
1.6167 -93.013 2377.4 90.976 -127.37 2416.2 98.979 -122.75 2469.9 88.372
1.625 -95.344 2392.3 90.878 -129.92 2430.2 99.021 -125.18 2483.5 88.402
1.6333 -97.73 2407.5 90.811 -132.56 2444.2 99.061 -127.62 2497.1 88.406
1.6417 -100.17 2423 90.785 -135.28 2458.2 99.099 -130.05 2510.8 88.378
1.65 -102.64 2438.6 90.814 -138.07 2472.2 99.13 -132.47 2524.5 88.316
1.6583 -105.15 2454.3 90.912 -140.88 2486.2 99.153 -134.89 2538.1 88.219
1.6667 -107.68 2470 91.089 -143.71 2500.2 99.163 -137.29 2551.6 88.086
1.675 -110.25 2485.7 91.351 -146.5 2514.2 99.155 -139.68 2565.1 87.922
1.6833 -112.85 2501.3 91.697 -149.24 2528.2 99.126 -142.06 2578.5 87.734
1.6917 -115.47 2516.6 92.118 -151.89 2542.3 99.071 -144.44 2591.8 87.53
1.7 -118.11 2531.7 92.6 -154.41 2556.3 98.988 -146.83 2605.1 87.32
1.7083 -120.75 2546.5 93.116 -156.79 2570.3 98.873 -149.21 2618.2 87.116
1.7167 -123.37 2561 93.638 -159.01 2584.4 98.726 -151.61 2631.4 86.93
1.725 -125.94 2575 94.138 -161.05 2598.3 98.547 -154 2644.5 86.77
1.7333 -128.45 2588.8 94.591 -162.91 2612.2 98.338 -156.39 2657.7 86.645
1.7417 -130.89 2602.2 94.983 -164.6 2626 98.101 -158.75 2670.9 86.56
1.75 -133.26 2615.3 95.307 -166.13 2639.7 97.839 -161.07 2684.1 86.515
1.7583 -135.54 2628.3 95.557 -167.52 2653.2 97.558 -163.33 2697.5 86.507
1.7667 -137.76 2641.1 95.739 -168.78 2666.5 97.261 -165.5 2711 86.53
1.775 -139.9 2653.9 95.854 -169.94 2679.6 96.955 -167.54 2724.5 86.572
1.7833 -141.95 2666.5 95.914 -171.03 2692.6 96.644 -169.43 2738.2 86.623
1.7917 -143.92 2679.2 95.933 -172.07 2705.3 96.331 -171.15 2751.9 86.667
1.8 -145.79 2691.8 95.925 -173.07 2717.9 96.021 -172.67 2765.7 86.693
1.8083 -147.54 2704.4 95.909 -174.04 2730.4 95.715 -173.98 2779.4 86.69
1.8167 -149.18 2717 95.901 -175.01 2742.8 95.414 -175.07 2793.2 86.648
1.825 -150.69 2729.6 95.916 -175.96 2755.2 95.119 -175.94 2807 86.563
1.8333 -152.08 2742.3 95.969 -176.9 2767.5 94.828 -176.6 2820.6 86.433
1.8417 -153.36 2754.9 96.068 -177.83 2779.9 94.539 -177.07 2834.2 86.259
1.85 -154.54 2767.5 96.22 -178.74 2792.4 94.25 -177.35 2847.7 86.045
1.8583 -155.66 2780 96.426 -179.63 2805 93.96 -177.48 2861 85.797
1.8667 -156.71 2792.5 96.685 -180.48 2817.7 93.668 -177.47 2874.2 85.522
1.875 -157.74 2805 96.992 -181.31 2830.4 93.373 -177.35 2887.3 85.225
1.8833 -158.77 2817.4 97.341 -182.1 2843.3 93.076 -177.12 2900.3 84.914
1.8917 -159.79 2829.8 97.722 -182.86 2856.3 92.781 -176.82 2913.1 84.592
1.9 -160.83 2842.1 98.126 -183.59 2869.4 92.49 -176.45 2925.9 84.263
1.9083 -161.89 2854.3 98.549 -184.3 2882.6 92.209 -176.03 2938.7 83.928
1.9167 -162.95 2866.6 98.98 -185 2895.8 91.944 -175.57 2951.4 83.588
1.925 -164 2878.8 99.419 -185.7 2909.1 91.701 -175.07 2964.1 83.246
1.9333 -165.01 2891.1 99.86 -186.39 2922.4 91.483 -174.56 2976.8 82.901
1.9417 -165.96 2903.4 100.3 -187.08 2935.9 91.295 -174.02 2989.6 82.556
1.95 -166.84 2915.8 100.74 -187.78 2949.3 91.138 -173.49 3002.4 82.214
1.9583 -167.6 2928.2 101.18 -188.48 2962.9 91.012 -172.96 3015.3 81.877
1.9667 -168.25 2940.8 101.61 -189.18 2976.5 90.915 -172.44 3028.2 81.549
1.975 -168.77 2953.5 102.03 -189.86 2990.2 90.844 -171.93 3041.2 81.235
1.9833 -169.17 2966.2 102.43 -190.53 3003.9 90.793 -171.45 3054.2 80.937
1.9917 -169.46 2979.1 102.82 -191.18 3017.7 90.758 -170.98 3067.3 80.658
2 -169.66 2992.2 103.19 -191.8 3031.7 90.733 -170.52 3080.4 80.399
2.0083 -169.8 3005.3 103.54 -192.37 3045.6 90.714 -170.07 3093.5 80.157
2.0167 -169.87 3018.6 103.87 -192.89 3059.7 90.698 -169.6 3106.7 79.93
2.025 -169.93 3032.1 104.18 -193.36 3073.8 90.682 -169.11 3119.9 79.712
2.0333 -169.97 3045.7 104.48 -193.76 3087.9 90.665 -168.58 3133.1 79.498
2.0417 -170.04 3059.5 104.76 -194.08 3102.1 90.647 -168 3146.3 79.282
2.05 -170.15 3073.4 105.02 -194.33 3116.4 90.628 -167.36 3159.6 79.058
2.0583 -170.31 3087.4 105.26 -194.48 3130.7 90.608 -166.65 3173 78.824
2.0667 -170.51 3101.6 105.47 -194.54 3145 90.589 -165.86 3186.4 78.579
2.075 -170.76 3115.8 105.66 -194.49 3159.4 90.569 -165.02 3199.9 78.324
2.0833 -171.03 3130.2 105.81 -194.32 3173.9 90.548 -164.11 3213.4 78.064
2.0917 -171.33 3144.7 105.93 -194.05 3188.4 90.523 -163.16 3227 77.805
2.1 -171.66 3159.3 106.02 -193.65 3203 90.491 -162.17 3240.8 77.555
2.1083 -172.03 3174 106.08 -193.13 3217.7 90.449 -161.17 3254.6 77.322
2.1167 -172.45 3188.8 106.11 -192.5 3232.4 90.392 -160.15 3268.4 77.112
2.125 -172.94 3203.8 106.1 -191.77 3247.2 90.318 -159.13 3282.4 76.929
2.1333 -173.49 3218.9 106.03 -190.95 3262 90.225 -158.11 3296.5 76.772
2.1417 -174.11 3234.1 105.92 -190.06 3276.9 90.113 -157.08 3310.6 76.64
2.15 -174.78 3249.3 105.75 -189.12 3291.8 89.984 -156.05 3324.8 76.525
2.1583 -175.5 3264.6 105.52 -188.17 3306.7 89.842 -155.01 3339 76.418
2.1667 -176.23 3279.8 105.23 -187.23 3321.6 89.695 -153.94 3353.3 76.307
2.175 -176.93 3295 104.88 -186.32 3336.4 89.55 -152.86 3367.7 76.183
2.1833 -177.56 3310 104.47 -185.49 3351.1 89.416 -151.77 3382.1 76.034
2.1917 -178.09 3324.9 104.03 -184.74 3365.8 89.304 -150.67 3396.5 75.854
2.2 -178.46 3339.6 103.56 -184.12 3380.3 89.222 -149.57 3410.9 75.64
2.2083 -178.65 3354.2 103.07 -183.61 3394.6 89.178 -148.51 3425.3 75.394
2.2167 -178.66 3368.6 102.59 -183.25 3408.7 89.177 -147.51 3439.7 75.124
2.225 -178.48 3382.8 102.11 -183.03 3422.6 89.222 -146.61 3454.1 74.841
2.2333 -178.12 3396.9 101.66 -182.94 3436.2 89.313 -145.83 3468.5 74.559
2.2417 -177.59 3410.9 101.24 -182.99 3449.7 89.446 -145.21 3482.8 74.295
2.25 -176.91 3424.7 100.85 -183.14 3462.9 89.615 -144.79 3497 74.064
2.2583 -176.1 3438.5 100.48 -183.39 3475.8 89.813 -144.57 3511.1 73.877
2.2667 -175.19 3452.2 100.13 -183.71 3488.7 90.03 -144.57 3525.2 73.745
2.275 -174.23 3465.8 99.803 -184.09 3501.3 90.258 -144.78 3539.2 73.671
2.2833 -173.27 3479.4 99.482 -184.5 3513.8 90.489 -145.2 3553 73.652
2.2917 -172.36 3492.8 99.165 -184.93 3526.2 90.715 -145.79 3566.8 73.683
2.3 -171.55 3506.2 98.853 -185.36 3538.6 90.939 -146.54 3580.5 73.751
2.3083 -170.86 3519.5 98.54 -185.78 3551 91.152 -147.39 3594.2 73.844
2.3167 -170.31 3532.6 98.226 -186.2 3563.3 91.357 -148.33 3607.7 73.944
2.325 -169.91 3545.7 97.914 -186.61 3575.7 91.555 -149.32 3621.2 74.038
2.3333 -169.64 3558.7 97.606 -187.01 3588.1 91.75 -150.31 3634.7 74.112
2.3417 -169.49 3571.6 97.306 -187.42 3600.6 91.943 -151.31 3648.1 74.158
2.35 -169.43 3584.4 97.014 -187.85 3613.2 92.138 -152.28 3661.5 74.17
2.3583 -169.44 3597.2 96.733 -188.3 3625.8 92.338 -153.23 3674.8 74.148
2.3667 -169.49 3610 96.461 -188.77 3638.4 92.541 -154.16 3688.2 74.096
2.375 -169.55 3622.7 96.193 -189.29 3651.1 92.746 -155.08 3701.5 74.021
2.3833 -169.62 3635.4 95.924 -189.84 3663.9 92.952 -156 3714.8 73.934
2.3917 -169.68 3648.1 95.645 -190.44 3676.6 93.154 -156.93 3728.1 73.844
2.4 -169.75 3660.7 95.349 -191.07 3689.4 93.347 -157.89 3741.3 73.759
2.4083 -169.84 3673.4 95.026 -191.74 3702.2 93.526 -158.88 3754.5 73.688
2.4167 -169.96 3686 94.668 -192.43 3715 93.686 -159.91 3767.7 73.633
2.425 -170.15 3698.6 94.271 -193.15 3727.9 93.824 -160.96 3780.9 73.593
2.4333 -170.41 3711.3 93.834 -193.88 3740.8 93.936 -162.02 3794.1 73.564
2.4417 -170.76 3724 93.362 -194.62 3753.6 94.021 -163.07 3807.2 73.54
2.45 -171.2 3736.8 92.864 -195.37 3766.6 94.08 -164.11 3820.4 73.51
2.4583 -171.73 3749.6 92.352 -196.12 3779.6 94.115 -165.09 3833.5 73.465
2.4667 -172.34 3762.4 91.842 -196.87 3792.6 94.129 -166.01 3846.7 73.396
2.475 -173.01 3775.3 91.352 -197.63 3805.8 94.126 -166.86 3859.8 73.296
2.4833 -173.72 3788.3 90.895 -198.39 3819 94.111 -167.62 3873 73.16
2.4917 -174.45 3801.3 90.483 -199.16 3832.3 94.089 -168.3 3886.2 72.988
2.5 -175.18 3814.4 90.121 -199.94 3845.8 94.063 -168.91 3899.4 72.785
2.5083 -175.91 3827.5 89.808 -200.73 3859.3 94.038 -169.46 3912.6 72.555
2.5167 -176.64 3840.8 89.538 -201.54 3873 94.015 -169.98 3925.8 72.31
2.525 -177.37 3854.2 89.301 -202.37 3886.8 93.998 -170.49 3939 72.059
2.5333 -178.1 3867.7 89.085 -203.21 3900.7 93.985 -171.02 3952.2 71.812
2.5417 -178.84 3881.3 88.883 -204.07 3914.7 93.978 -171.57 3965.5 71.576
2.55 -179.6 3895 88.687 -204.96 3928.8 93.974 -172.17 3978.8 71.358
2.5583 -180.41 3908.9 88.493 -205.87 3943 93.972 -172.83 3992.1 71.157
2.5667 -181.26 3922.8 88.298 -206.8 3957.3 93.972 -173.54 4005.5 70.972
2.575 -182.18 3936.8 88.1 -207.78 3971.6 93.972 -174.29 4018.9 70.796
2.5833 -183.16 3951 87.9 -208.79 3985.9 93.972 -175.08 4032.4 70.619
2.5917 -184.22 3965.3 87.697 -209.85 4000.2 93.971 -175.88 4046 70.432
2.6 -185.35 3979.8 87.497 -210.97 4014.6 93.971 -176.69 4059.7 70.223
2.6083 -186.54 3994.5 87.307 -212.15 4028.9 93.972 -177.48 4073.5 69.983
2.6167 -187.78 4009.4 87.138 -213.4 4043.3 93.976 -178.25 4087.4 69.706
2.625 -189.05 4024.6 86.999 -214.72 4057.7 93.983 -178.99 4101.3 69.389
2.6333 -190.33 4040 86.907 -216.1 4072.1 93.993 -179.7 4115.4 69.035
2.6417 -191.62 4055.6 86.871 -217.54 4086.6 94.008 -180.4 4129.5 68.651
2.65 -192.88 4071.3 86.906 -219.01 4101.1 94.027 -181.11 4143.7 68.25
2.6583 -194.12 4087.2 87.022 -220.51 4115.6 94.048 -181.84 4157.9 67.848
2.6667 -195.34 4103 87.226 -221.99 4130.3 94.068 -182.62 4172.2 67.462
2.675 -196.55 4118.8 87.518 -223.44 4144.9 94.086 -183.46 4186.5 67.111
2.6833 -197.75 4134.5 87.895 -224.82 4159.6 94.098 -184.37 4200.8 66.81
2.6917 -198.95 4149.9 88.346 -226.09 4174.3 94.1 -185.36 4215.1 66.572
2.7 -200.16 4165 88.851 -227.23 4188.9 94.088 -186.41 4229.4 66.405
2.7083 -201.38 4179.8 89.387 -228.22 4203.5 94.057 -187.52 4243.7 66.311
2.7167 -202.62 4194.3 89.923 -229.03 4218 94.004 -188.64 4258 66.286
2.725 -203.86 4208.4 90.434 -229.67 4232.4 93.925 -189.75 4272.3 66.322
2.7333 -205.11 4222.1 90.898 -230.12 4246.6 93.817 -190.81 4286.6 66.403
2.7417 -206.35 4235.6 91.305 -230.41 4260.6 93.678 -191.77 4300.8 66.514
2.75 -207.57 4248.8 91.653 -230.55 4274.3 93.508 -192.59 4315.1 66.638
2.7583 -208.77 4261.8 91.941 -230.55 4287.9 93.305 -193.24 4329.3 66.756
2.7667 -209.94 4274.8 92.175 -230.44 4301.2 93.072 -193.7 4343.5 66.854
2.775 -211.04 4287.7 92.362 -230.25 4314.4 92.809 -193.96 4357.7 66.92
2.7833 -212.06 4300.6 92.511 -229.99 4327.4 92.519 -194 4371.9 66.947
2.7917 -212.98 4313.4 92.636 -229.67 4340.2 92.207 -193.84 4386 66.933
2.8 -213.77 4326.3 92.751 -229.31 4353 91.876 -193.5 4400.2 66.88
2.8083 -214.41 4339.2 92.869 -228.92 4365.7 91.53 -193 4414.3 66.795
2.8167 -214.91 4352.1 93.005 -228.5 4378.4 91.175 -192.37 4428.3 66.686
2.825 -215.24 4364.9 93.168 -228.03 4391.1 90.814 -191.63 4442.3 66.561
2.8333 -215.43 4377.8 93.37 -227.53 4403.9 90.451 -190.82 4456.2 66.432
2.8417 -215.48 4390.6 93.612 -226.98 4416.8 90.089 -189.96 4470.1 66.304
2.85 -215.43 4403.4 93.899 -226.39 4429.7 89.73 -189.06 4483.9 66.183
2.8583 -215.29 4416.2 94.226 -225.75 4442.7 89.377 -188.13 4497.5 66.071
2.8667 -215.1 4428.9 94.59 -225.06 4455.8 89.03 -187.17 4511.1 65.965
2.875 -214.88 4441.5 94.982 -224.34 4468.9 88.692 -186.19 4524.6 65.863
2.8833 -214.66 4454.1 95.395 -223.59 4482.1 88.365 -185.17 4537.9 65.758
2.8917 -214.44 4466.6 95.819 -222.82 4495.4 88.052 -184.11 4551.2 65.642
2.9 -214.24 4479 96.248 -222.05 4508.8 87.755 -183 4564.4 65.509
2.9083 -214.05 4491.4 96.675 -221.29 4522.1 87.48 -181.82 4577.6 65.354
2.9167 -213.86 4503.8 97.097 -220.54 4535.5 87.228 -180.59 4590.7 65.175
2.925 -213.65 4516.1 97.514 -219.81 4549 87.003 -179.29 4603.8 64.971
2.9333 -213.4 4528.5 97.924 -219.1 4562.4 86.808 -177.94 4617 64.746
2.9417 -213.09 4540.9 98.33 -218.39 4576 86.644 -176.54 4630.1 64.506
2.95 -212.7 4553.3 98.731 -217.69 4589.5 86.511 -175.09 4643.3 64.259
2.9583 -212.22 4565.9 99.126 -216.98 4603.2 86.408 -173.62 4656.6 64.015
2.9667 -211.62 4578.5 99.51 -216.24 4616.9 86.331 -172.12 4669.9 63.783
2.975 -210.91 4591.2 99.878 -215.46 4630.6 86.276 -170.61 4683.3 63.572
2.9833 -210.09 4604.1 100.22 -214.64 4644.5 86.239 -169.08 4696.8 63.386
2.9917 -209.16 4617.1 100.53 -213.75 4658.4 86.213 -167.54 4710.3 63.23
3 -208.12 4630.2 100.8 -212.79 4672.4 86.196 -165.98 4723.9 63.104
3.0083 -206.99 4643.4 101.02 -211.75 4686.5 86.182 -164.39 4737.5 63.004
3.0167 -205.77 4656.8 101.19 -210.63 4700.6 86.169 -162.75 4751.2 62.924
3.025 -204.48 4670.3 101.32 -209.43 4714.8 86.154 -161.06 4764.9 62.856
3.0333 -203.12 4684 101.4 -208.15 4729.1 86.136 -159.3 4778.6 62.791
3.0417 -201.72 4697.9 101.46 -206.78 4743.4 86.116 -157.45 4792.4 62.721
3.05 -200.32 4711.9 101.48 -205.32 4757.8 86.092 -155.52 4806.2 62.638
3.0583 -198.92 4726.1 101.48 -203.77 4772.2 86.065 -153.48 4820 62.538
3.0667 -197.54 4740.4 101.46 -202.13 4786.6 86.035 -151.35 4833.9 62.42
3.075 -196.17 4754.8 101.43 -200.38 4801.2 85.998 -149.11 4847.9 62.284
3.0833 -194.79 4769.3 101.39 -198.52 4815.7 85.954 -146.78 4861.9 62.136
3.0917 -193.41 4784 101.35 -196.55 4830.3 85.899 -144.37 4876 61.982
3.1 -192.01 4798.8 101.3 -194.45 4845 85.831 -141.88 4890.1 61.83
3.1083 -190.62 4813.7 101.25 -192.22 4859.7 85.744 -139.32 4904.4 61.686
3.1167 -189.23 4828.8 101.18 -189.86 4874.5 85.637 -136.7 4918.7 61.56
3.125 -187.87 4844 101.09 -187.37 4889.4 85.507 -134.04 4933 61.455
3.1333 -186.53 4859.3 100.97 -184.76 4904.2 85.353 -131.34 4947.4 61.376
3.1417 -185.23 4874.8 100.79 -182.06 4919.1 85.176 -128.6 4961.8 61.32
3.15 -183.94 4890.3 100.55 -179.28 4934 84.98 -125.83 4976.2 61.285
3.1583 -182.64 4905.9 100.23 -176.46 4949 84.767 -123.04 4990.6 61.265
3.1667 -181.31 4921.4 99.812 -173.62 4963.9 84.545 -120.23 5005 61.251
3.175 -179.92 4936.8 99.306 -170.82 4978.7 84.322 -117.4 5019.3 61.234
3.1833 -178.42 4952.1 98.715 -168.08 4993.5 84.107 -114.57 5033.6 61.204
3.1917 -176.8 4967.3 98.049 -165.43 5008.2 83.908 -111.73 5047.8 61.153
3.2 -175.02 4982.2 97.33 -162.92 5022.7 83.733 -108.92 5062 61.074
3.2083 -173.08 4996.9 96.578 -160.56 5037.2 83.591 -106.13 5076.2 60.966
3.2167 -170.96 5011.5 95.819 -158.36 5051.4 83.486 -103.39 5090.3 60.829
3.225 -168.7 5025.8 95.078 -156.34 5065.5 83.423 -100.73 5104.3 60.668
3.2333 -166.29 5039.9 94.374 -154.48 5079.3 83.401 -98.151 5118.4 60.488
3.2417 -163.76 5053.8 93.719 -152.78 5092.9 83.418 -95.691 5132.3 60.3
3.25 -161.12 5067.6 93.121 -151.21 5106.3 83.469 -93.36 5146.3 60.115
3.2583 -158.4 5081.3 92.581 -149.76 5119.5 83.546 -91.175 5160.2 59.941
3.2667 -155.62 5094.9 92.098 -148.4 5132.4 83.644 -89.143 5174.1 59.79
3.275 -152.83 5108.4 91.664 -147.11 5145.1 83.749 -87.269 5187.9 59.666
3.2833 -150.05 5121.8 91.27 -145.86 5157.7 83.853 -85.55 5201.6 59.576
3.2917 -147.32 5135.1 90.907 -144.63 5170.1 83.951 -83.978 5215.3 59.52
3.3 -144.66 5148.3 90.56 -143.4 5182.5 84.034 -82.54 5228.9 59.495
3.3083 -142.08 5161.4 90.22 -142.18 5194.7 84.098 -81.218 5242.4 59.498
3.3167 -139.61 5174.3 89.877 -140.94 5207 84.144 -79.995 5255.8 59.522
3.325 -137.25 5187.1 89.525 -139.7 5219.3 84.171 -78.849 5269.1 59.557
3.3333 -134.98 5199.9 89.159 -138.45 5231.6 84.183 -77.761 5282.4 59.595
3.3417 -132.8 5212.6 88.779 -137.2 5243.9 84.182 -76.717 5295.6 59.627
3.35 -130.7 5225.2 88.385 -135.94 5256.4 84.173 -75.702 5308.7 59.647
3.3583 -128.66 5237.7 87.978 -134.68 5268.9 84.159 -74.708 5321.7 59.648
3.3667 -126.66 5250.3 87.564 -133.42 5281.5 84.143 -73.729 5334.6 59.629
3.375 -124.68 5262.8 87.142 -132.15 5294.2 84.127 -72.764 5347.5 59.588
3.3833 -122.72 5275.3 86.717 -130.88 5307 84.109 -71.815 5360.3 59.528
3.3917 -120.77 5287.8 86.281 -129.59 5319.9 84.092 -70.882 5373.1 59.45
3.4 -118.83 5300.4 85.838 -128.29 5332.8 84.069 -69.967 5385.8 59.358
3.4083 -116.9 5312.9 85.379 -126.97 5345.8 84.038 -69.073 5398.5 59.259
3.4167 -114.99 5325.5 84.898 -125.63 5358.7 83.993 -68.195 5411.2 59.154
3.425 -113.11 5338.1 84.393 -124.27 5371.8 83.931 -67.328 5423.8 59.047
3.4333 -111.26 5350.7 83.857 -122.89 5384.8 83.849 -66.465 5436.5 58.939
3.4417 -109.47 5363.4 83.293 -121.5 5397.9 83.745 -65.593 5449.1 58.83
3.45 -107.73 5376 82.706 -120.11 5411 83.62 -64.7 5461.8 58.719
3.4583 -106.04 5388.8 82.103 -118.72 5424.1 83.476 -63.771 5474.5 58.604
3.4667 -104.42 5401.5 81.497 -117.34 5437.3 83.316 -62.794 5487.3 58.481
3.475 -102.85 5414.3 80.902 -115.97 5450.5 83.145 -61.76 5500.1 58.349
3.4833 -101.33 5427.2 80.331 -114.62 5463.7 82.969 -60.661 5513 58.206
3.4917 -99.848 5440 79.794 -113.27 5477 82.794 -59.498 5525.9 58.052
3.5 -98.4 5453 79.298 -111.92 5490.4 82.625 -58.27 5538.9 57.887
3.5083 -96.978 5466 78.844 -110.57 5503.8 82.467 -56.986 5551.9 57.714
3.5167 -95.576 5479.1 78.432 -109.21 5517.3 82.322 -55.657 5565 57.538
3.525 -94.203 5492.4 78.058 -107.83 5530.8 82.193 -54.292 5578.2 57.362
3.5333 -92.85 5505.8 77.721 -106.42 5544.5 82.08 -52.903 5591.4 57.191
3.5417 -91.522 5519.3 77.418 -105 5558.1 81.98 -51.501 5604.6 57.03
3.55 -90.218 5533 77.149 -103.55 5571.9 81.892 -50.09 5618 56.881
3.5583 -88.936 5546.9 76.913 -102.09 5585.6 81.814 -48.673 5631.4 56.745
3.5667 -87.672 5560.8 76.706 -100.63 5599.5 81.744 -47.246 5644.8 56.621
3.575 -86.422 5574.8 76.521 -99.173 5613.4 81.68 -45.802 5658.4 56.505
3.5833 -85.173 5589.1 76.351 -97.746 5627.3 81.621 -44.329 5672.1 56.392
3.5917 -83.915 5603.4 76.188 -96.352 5641.3 81.569 -42.815 5685.9 56.273
3.6 -82.637 5618 76.03 -95.011 5655.3 81.522 -41.249 5699.8 56.141
3.6083 -81.329 5632.8 75.874 -93.731 5669.3 81.483 -39.619 5713.9 55.989
3.6167 -79.969 5647.8 75.723 -92.517 5683.4 81.453 -37.922 5728 55.81
3.625 -78.574 5663 75.581 -91.362 5697.5 81.432 -36.159 5742.3 55.602
3.6333 -77.112 5678.4 75.459 -90.262 5711.6 81.418 -34.337 5756.6 55.362
3.6417 -75.591 5694 75.368 -89.201 5725.8 81.411 -32.471 5771 55.095
3.65 -74.015 5709.8 75.322 -88.157 5740 81.406 -30.579 5785.4 54.806
3.6583 -72.392 5725.5 75.334 -87.105 5754.2 81.397 -28.683 5799.7 54.503
3.6667 -70.744 5741.2 75.413 -86.016 5768.4 81.377 -26.806 5814 54.197
3.675 -69.089 5756.9 75.564 -84.861 5782.7 81.339 -24.968 5828.3 53.899
3.6833 -67.453 5772.3 75.784 -83.61 5797 81.274 -23.181 5842.4 53.618
3.6917 -65.854 5787.6 76.064 -82.238 5811.3 81.174 -21.454 5856.4 53.364
3.7 -64.305 5802.5 76.389 -80.724 5825.6 81.034 -19.781 5870.3 53.141
3.7083 -62.815 5817.1 76.734 -79.052 5839.9 80.85 -18.15 5884.1 52.953
3.7167 -61.38 5831.4 77.076 -77.215 5854.2 80.617 -16.537 5897.8 52.799
3.725 -59.993 5845.3 77.394 -75.21 5868.3 80.338 -14.908 5911.4 52.674
3.7333 -58.634 5859 77.672 -73.043 5882.4 80.014 -13.226 5925 52.571
3.7417 -57.284 5872.3 77.903 -70.725 5896.3 79.651 -11.451 5938.5 52.48
3.75 -55.922 5885.5 78.083 -68.273 5910 79.255 -9.5429 5952 52.392
3.7583 -54.521 5898.4 78.216 -65.703 5923.5 78.835 -7.4676 5965.4 52.296
3.7667 -53.07 5911.3 78.293 -63.045 5936.9 78.392 -5.2 5978.9 52.188
3.775 -51.535 5924 78.331 -60.31 5950 77.939 -2.7229 5992.4 52.061
3.7833 -49.893 5936.7 78.334 -57.519 5962.9 77.48 -0.031628 6005.9 51.913
3.7917 -48.122 5949.2 78.314 -54.686 5975.6 77.018 2.8676 6019.4 51.749
3.8 -46.207 5961.8 78.281 -51.82 5988.1 76.556 5.9586 6032.8 51.57
3.8083 -44.121 5974.2 78.249 -48.928 6000.5 76.094 9.2172 6046.2 51.385
3.8167 -41.876 5986.7 78.229 -46.007 6012.8 75.632 12.615 6059.4 51.2
3.825 -39.471 5999 78.23 -43.054 6025 75.169 16.122 6072.6 51.02
3.8333 -36.921 6011.3 78.259 -40.064 6037.2 74.704 19.71 6085.7 50.849
3.8417 -34.251 6023.5 78.32 -37.029 6049.5 74.238 23.353 6098.6 50.691
3.85 -31.487 6035.7 78.415 -33.94 6061.7 73.772 27.034 6111.3 50.542
3.8583 -28.662 6047.7 78.541 -30.793 6074 73.307 30.739 6123.9 50.401
3.8667 -25.801 6059.7 78.695 -27.581 6086.4 72.848 34.464 6136.3 50.259
3.875 -22.934 6071.7 78.871 -24.304 6098.9 72.399 38.211 6148.5 50.109
3.8833 -20.078 6083.5 79.06 -20.961 6111.5 71.964 41.985 6160.6 49.943
3.8917 -17.246 6095.3 79.257 -17.554 6124.1 71.548 45.792 6172.6 49.751
3.9 -14.436 6107 79.456 -14.085 6136.8 71.154 49.641 6184.6 49.529
3.9083 -11.642 6118.7 79.651 -10.558 6149.6 70.784 53.536 6196.4 49.274
3.9167 -8.8486 6130.4 79.841 -6.9771 6162.5 70.439 57.48 6208.2 48.985
3.925 -6.033 6142.1 80.025 -3.3442 6175.4 70.116 61.468 6219.9 48.666
3.9333 -3.1689 6153.8 80.204 0.33977 6188.4 69.814 65.492 6231.6 48.326
3.9417 -0.2278 6165.6 80.379 4.0755 6201.5 69.528 69.541 6243.3 47.972
3.95 2.8139 6177.4 80.55 7.8656 6214.6 69.253 73.601 6255.1 47.615
3.9583 5.976 6189.3 80.719 11.714 6227.7 68.985 77.657 6266.8 47.266
3.9667 9.2748 6201.3 80.88 15.624 6240.9 68.724 81.698 6278.5 46.935
3.975 12.719 6213.3 81.043 19.604 6254.2 68.459 85.714 6290.2 46.628
3.9833 16.314 6225.5 81.197 23.654 6267.5 68.199 89.706 6302 46.348
3.9917 20.063 6237.7 81.342 27.776 6280.9 67.941 93.677 6313.7 46.097
4 23.964 6250 81.477 31.972 6294.3 67.689 97.641 6325.5 45.871
4.0083 28.012 6262.4 81.598 36.24 6307.6 67.446 101.62 6337.3 45.666
4.0167 32.188 6274.9 81.701 40.578 6321 67.217 105.64 6349 45.475
4.025 36.464 6287.5 81.777 44.985 6334.3 67.005 109.73 6360.9 45.288
4.0333 40.8 6300.2 81.817 49.46 6347.6 66.814 113.93 6372.7 45.098
4.0417 45.162 6313 81.815 54.005 6360.8 66.642 118.27 6384.7 44.9
4.05 49.521 6325.8 81.764 58.623 6373.9 66.489 122.77 6396.7 44.69
4.0583 53.858 6338.7 81.662 63.321 6387 66.352 127.47 6408.7 44.466
4.0667 58.16 6351.8 81.508 68.111 6399.9 66.224 132.37 6420.9 44.232
4.075 62.428 6364.9 81.307 73.002 6412.8 66.101 137.49 6433.2 43.991
4.0833 66.657 6378.2 81.066 78.008 6425.6 65.974 142.82 6445.5 43.752
4.0917 70.847 6391.6 80.791 83.141 6438.3 65.837 148.34 6458 43.522
4.1 75.004 6405.1 80.489 88.409 6451 65.682 154.04 6470.5 43.308
4.1083 79.135 6418.8 80.166 93.814 6463.7 65.506 159.9 6483.1 43.117
4.1167 83.254 6432.7 79.823 99.352 6476.3 65.307 165.88 6495.7 42.954
4.125 87.367 6446.7 79.462 105.01 6488.9 65.081 171.96 6508.4 42.821
4.1333 91.493 6460.7 79.08 110.77 6501.5 64.836 178.09 6521.1 42.715
4.1417 95.639 6474.7 78.672 116.6 6514.1 64.573 184.27 6533.8 42.635
4.15 99.816 6488.7 78.235 122.47 6526.7 64.302 190.46 6546.4 42.573
4.1583 104.04 6502.5 77.766 128.33 6539.3 64.028 196.64 6559.1 42.522
4.1667 108.32 6516.1 77.267 134.15 6551.9 63.761 202.8 6571.7 42.474
4.175 112.68 6529.5 76.737 139.87 6564.4 63.509 208.94 6584.2 42.42
4.1833 117.16 6542.6 76.178 145.47 6576.9 63.277 215.03 6596.6 42.353
4.1917 121.77 6555.4 75.593 150.92 6589.3 63.071 221.08 6609 42.267
4.2 126.51 6567.9 74.989 156.18 6601.5 62.893 227.08 6621.3 42.159
4.2083 131.4 6580.1 74.37 161.24 6613.7 62.741 233.02 6633.6 42.026
4.2167 136.41 6592.2 73.739 166.11 6625.7 62.613 238.91 6645.7 41.87
4.225 141.57 6604 73.097 170.78 6637.6 62.503 244.73 6657.9 41.695
4.2333 146.87 6615.7 72.446 175.29 6649.4 62.404 250.48 6669.9 41.505
4.2417 152.31 6627.3 71.784 179.65 6660.9 62.31 256.14 6681.9 41.304
4.25 157.89 6638.9 71.11 183.9 6672.4 62.211 261.71 6693.9 41.1
4.2583 163.59 6650.5 70.424 188.07 6683.7 62.102 267.19 6705.9 40.898
4.2667 169.39 6662 69.729 192.19 6694.9 61.978 272.55 6717.8 40.702
4.275 175.26 6673.5 69.025 196.31 6706 61.837 277.8 6729.7 40.515
4.2833 181.16 6684.9 68.316 200.45 6717 61.681 282.94 6741.5 40.34
4.2917 187.06 6696.3 67.606 204.64 6727.9 61.51 287.96 6753.3 40.178
4.3 192.94 6707.7 66.901 208.89 6738.8 61.331 292.88 6765.2 40.027
4.3083 198.76 6719 66.206 213.22 6749.8 61.149 297.68 6776.9 39.886
4.3167 204.49 6730.2 65.531 217.63 6760.7 60.969 302.39 6788.7 39.752
4.325 210.12 6741.3 64.88 222.12 6771.7 60.796 307.01 6800.4 39.621
4.3333 215.66 6752.4 64.258 226.69 6782.7 60.635 311.55 6812.1 39.491
4.3417 221.1 6763.4 63.664 231.34 6793.8 60.487 316.03 6823.8 39.359
4.35 226.45 6774.3 63.099 236.05 6805 60.351 320.44 6835.4 39.221
4.3583 231.74 6785.2 62.556 240.82 6816.3 60.225 324.81 6847 39.077
4.3667 236.98 6796.1 62.03 245.65 6827.6 60.104 329.14 6858.5 38.925
4.375 242.2 6806.9 61.508 250.53 6839 59.981 333.45 6869.9 38.767
4.3833 247.4 6817.8 60.981 255.46 6850.5 59.852 337.73 6881.3 38.603
4.3917 252.6 6828.7 60.434 260.44 6862.1 59.711 342 6892.7 38.436
4.4 257.8 6839.6 59.859 265.45 6873.7 59.552 346.27 6904 38.268
4.4083 262.99 6850.5 59.249 270.52 6885.4 59.375 350.55 6915.3 38.102
4.4167 268.19 6861.5 58.601 275.63 6897.1 59.178 354.84 6926.5 37.94
4.425 273.36 6872.6 57.921 280.79 6908.9 58.965 359.16 6937.8 37.785
4.4333 278.51 6883.8 57.218 286 6920.7 58.74 363.51 6949 37.637
4.4417 283.63 6895 56.507 291.25 6932.5 58.51 367.91 6960.2 37.497
4.45 288.72 6906.3 55.802 296.54 6944.4 58.282 372.37 6971.5 37.362
4.4583 293.77 6917.7 55.12 301.88 6956.2 58.064 376.89 6982.8 37.232
4.4667 298.81 6929.2 54.474 307.26 6968.1 57.862 381.47 6994 37.102
4.475 303.85 6940.8 53.868 312.66 6980.1 57.68 386.13 7005.3 36.971
4.4833 308.93 6952.5 53.306 318.1 6992.1 57.522 390.86 7016.7 36.832
4.4917 314.08 6964.3 52.782 323.57 7004.2 57.385 395.66 7028 36.685
4.5 319.31 6976.2 52.292 329.05 7016.2 57.269 400.53 7039.4 36.525
4.5083 324.66 6988.3 51.829 334.55 7028.4 57.165 405.47 7050.7 36.352
4.5167 330.1 7000.5 51.389 340.07 7040.5 57.067 410.48 7062.1 36.165
4.525 335.63 7012.8 50.969 345.58 7052.7 56.968 415.55 7073.5 35.966
4.5333 341.22 7025.2 50.567 351.11 7064.9 56.859 420.69 7085 35.758
4.5417 346.85 7037.6 50.181 356.63 7077.1 56.733 425.88 7096.5 35.542
4.55 352.52 7050.2 49.808 362.15 7089.3 56.587 431.13 7108 35.324
4.5583 358.23 7062.9 49.446 367.66 7101.4 56.418 436.45 7119.6 35.105
4.5667 363.96 7075.8 49.097 373.18 7113.6 56.227 441.83 7131.3 34.887
4.575 369.75 7088.8 48.767 378.69 7125.7 56.017 447.28 7143 34.673
4.5833 375.6 7101.9 48.467 384.2 7137.8 55.795 452.79 7154.8 34.461
4.5917 381.51 7115.2 48.209 389.73 7149.9 55.569 458.38 7166.7 34.251
4.6 387.52 7128.7 48.008 395.27 7162 55.345 464.04 7178.6 34.039
4.6083 393.62 7142.3 47.882 400.83 7174.2 55.131 469.77 7190.6 33.823
4.6167 399.8 7156 47.84 406.44 7186.4 54.933 475.56 7202.6 33.598
4.625 406.07 7169.8 47.898 412.09 7198.6 54.754 481.41 7214.7 33.363
4.6333 412.39 7183.4 48.053 417.82 7210.9 54.593 487.32 7226.7 33.115
4.6417 418.73 7197 48.305 423.63 7223.2 54.447 493.26 7238.7 32.856
4.65 425.05 7210.4 48.636 429.54 7235.5 54.311 499.26 7250.7 32.586
4.6583 431.31 7223.5 49.024 435.56 7247.8 54.175 505.29 7262.6 32.31
4.6667 437.48 7236.4 49.432 441.7 7260.1 54.029 511.37 7274.5 32.032
4.675 443.52 7248.9 49.824 447.97 7272.3 53.861 517.5 7286.3 31.76
4.6833 449.42 7261.1 50.16 454.37 7284.4 53.661 523.69 7298.1 31.502
4.6917 455.17 7272.9 50.404 460.89 7296.4 53.42 529.97 7309.8 31.263
4.7 460.78 7284.4 50.534 467.54 7308.1 53.13 536.35 7321.4 31.05
4.7083 466.3 7295.6 50.539 474.3 7319.7 52.787 542.86 7332.9 30.867
4.7167 471.79 7306.5 50.423 481.16 7331 52.388 549.52 7344.5 30.715
4.725 477.31 7317.2 50.202 488.1 7342.1 51.936 556.35 7355.9 30.594
4.7333 482.93 7327.7 49.899 495.1 7352.9 51.433 563.38 7367.3 30.5
4.7417 488.69 7338 49.545 502.15 7363.6 50.887 570.61 7378.6 30.426
4.75 494.66 7348.2 49.173 509.24 7374 50.305 578.05 7389.8 30.363
4.7583 500.84 7358.2 48.816 516.35 7384.3 49.696 585.69 7401 30.302
4.7667 507.27 7368.1 48.501 523.47 7394.5 49.067 593.54 7411.9 30.233
4.775 513.91 7377.7 48.251 530.62 7404.5 48.429 601.56 7422.8 30.144
4.7833 520.74 7387.2 48.077 537.78 7414.4 47.786 609.73 7433.4 30.029
4.7917 527.74 7396.5 47.983 544.96 7424.2 47.145 618.03 7443.9 29.879
4.8 534.85 7405.6 47.96 552.18 7434 46.508 626.41 7454.1 29.691
4.8083 542.06 7414.4 47.997 559.44 7443.7 45.88 634.85 7464.2 29.462
4.8167 549.3 7423 48.075 566.77 7453.4 45.258 643.31 7474 29.193
4.825 556.57 7431.5 48.176 574.16 7463 44.646 651.76 7483.5 28.887
4.8333 563.81 7439.8 48.283 581.64 7472.5 44.042 660.19 7492.9 28.547
4.8417 571.02 7448.1 48.381 589.2 7482 43.449 668.58 7502.1 28.179
4.85 578.15 7456.3 48.467 596.87 7491.4 42.865 676.92 7511.1 27.792
4.8583 585.2 7464.5 48.534 604.66 7500.8 42.291 685.2 7519.9 27.389
4.8667 592.18 7472.8 48.58 612.55 7510.2 41.737 693.43 7528.7 26.978
4.875 599.1 7481.1 48.61 620.56 7519.5 41.205 701.63 7537.4 26.566
4.8833 605.98 7489.5 48.63 628.68 7528.8 40.702 709.8 7546 26.157
4.8917 612.85 7497.9 48.646 636.92 7538.2 40.232 717.95 7554.6 25.756
4.9 619.72 7506.5 48.665 645.28 7547.6 39.8 726.11 7563.1 25.365
4.9083 626.62 7515 48.693 653.75 7557 39.41 734.28 7571.7 24.987
4.9167 633.57 7523.6 48.731 662.34 7566.4 39.067 742.49 7580.2 24.623
4.925 640.61 7532.1 48.782 671.04 7575.9 38.766 750.76 7588.7 24.272
4.9333 647.74 7540.6 48.842 679.85 7585.4 38.511 759.09 7597.3 23.934
4.9417 655 7549.1 48.907 688.76 7594.9 38.3 767.5 7605.8 23.607
4.95 662.39 7557.5 48.975 697.78 7604.4 38.128 776 7614.3 23.291
4.9583 669.95 7565.7 49.044 706.91 7614 37.993 784.62 7622.7 22.982
4.9667 677.69 7574 49.111 716.14 7623.4 37.888 793.36 7631.1 22.683
4.975 685.65 7582.1 49.182 725.48 7632.9 37.812 802.24 7639.5 22.389
4.9833 693.86 7590.2 49.263 734.94 7642.3 37.761 811.27 7647.9 22.102
4.9917 702.34 7598.4 49.36 744.52 7651.6 37.73 820.47 7656.2 21.821
5 711.11 7606.6 49.491 754.22 7660.8 37.719 829.84 7664.5 21.546
5.0083 720.17 7614.9 49.651 764.05 7669.9 37.724 839.39 7672.7 21.279
5.0167 729.48 7623.3 49.852 774.02 7678.9 37.744 849.13 7680.9 21.02
5.025 739.01 7631.8 50.081 784.14 7687.8 37.775 859.06 7689 20.77
5.0333 748.72 7640.5 50.334 794.41 7696.7 37.816 869.17 7697.1 20.53
5.0417 758.57 7649.4 50.601 804.83 7705.5 37.862 879.47 7705.1 20.301
5.05 768.55 7658.4 50.876 815.43 7714.1 37.909 889.93 7713 20.082
5.0583 778.67 7667.5 51.147 826.19 7722.7 37.953 900.56 7720.9 19.874
5.0667 788.93 7676.7 51.409 837.14 7731.3 37.989 911.33 7728.6 19.675
5.075 799.36 7686.1 51.656 848.26 7739.7 38.011 922.23 7736.2 19.485
5.0833 809.98 7695.5 51.882 859.57 7748.1 38.013 933.24 7743.7 19.301
5.0917 820.8 7704.9 52.083 871.06 7756.4 37.993 944.36 7751.1 19.122
5.1 831.83 7714.4 52.254 882.72 7764.6 37.946 955.56 7758.4 18.946
5.1083 843.06 7724 52.389 894.53 7772.7 37.872 966.83 7765.6 18.77
5.1167 854.46 7733.6 52.479 906.48 7780.8 37.772 978.17 7772.7 18.597
5.125 866.01 7743.1 52.514 918.53 7788.7 37.644 989.56 7779.8 18.422
5.1333 877.67 7752.7 52.484 930.65 7796.7 37.499 1001 7786.8 18.248
5.1417 889.39 7762.2 52.383 942.79 7804.5 37.336 1012.5 7793.7 18.074
5.15 901.14 7771.6 52.202 954.9 7812.3 37.168 1024 7800.7 17.902
5.1583 912.86 7780.9 51.944 966.93 7820.1 36.999 1035.5 7807.6 17.737
5.1667 924.52 7790.1 51.615 978.82 7827.7 36.837 1047 7814.6 17.577
5.175 936.1 7799.1 51.221 990.52 7835.3 36.693 1058.5 7821.5 17.428
5.1833 947.56 7807.8 50.777 1002 7842.8 36.57 1069.9 7828.5 17.289
5.1917 958.9 7816.3 50.294 1013.1 7850.2 36.475 1081.3 7835.6 17.164
5.2 970.13 7824.5 49.781 1023.9 7857.6 36.41 1092.6 7842.7 17.052
5.2083 981.27 7832.5 49.243 1034.4 7864.8 36.377 1103.8 7849.8 16.955
5.2167 992.34 7840.2 48.685 1044.5 7871.9 36.375 1114.9 7856.9 16.87
5.225 1003.4 7847.8 48.107 1054.3 7878.8 36.398 1125.9 7864.1 16.798
5.2333 1014.4 7855.2 47.513 1063.7 7885.7 36.443 1136.7 7871.3 16.735
5.2417 1025.4 7862.5 46.905 1072.7 7892.4 36.502 1147.3 7878.5 16.682
5.25 1036.4 7869.7 46.291 1081.6 7899 36.569 1157.7 7885.7 16.636
5.2583 1047.5 7876.9 45.676 1090.2 7905.5 36.635 1167.9 7892.9 16.597
