0.0083333 -25.502 3.6665 95.568 -51.331 101.92 86.633 -21.087 198.93 81.936
0.016667 -24.878 11.291 95.534 -50.544 111.14 86.501 -19.887 208.46 81.897
0.025 -24.156 19.142 95.526 -49.676 120.5 86.356 -18.625 218.09 81.856
0.033333 -23.343 27.23 95.541 -48.72 130.01 86.194 -17.296 227.81 81.807
0.041667 -22.451 35.569 95.575 -47.666 139.66 86.022 -15.894 237.65 81.748
0.05 -21.5 44.174 95.622 -46.511 149.44 85.839 -14.416 247.59 81.68
0.058333 -20.516 53.064 95.678 -45.252 159.35 85.648 -12.862 257.65 81.604
0.066667 -19.523 62.253 95.737 -43.89 169.38 85.45 -11.234 267.84 81.523
0.075 -18.539 71.757 95.795 -42.428 179.55 85.252 -9.5368 278.17 81.442
0.083333 -17.588 81.582 95.85 -40.874 189.85 85.05 -7.7757 288.65 81.365
0.091667 -16.663 91.733 95.895 -39.236 200.29 84.852 -5.9585 299.28 81.299
0.1 -15.771 102.2 95.93 -37.531 210.86 84.657 -4.0939 310.06 81.246
0.10833 -14.9 112.97 95.951 -35.772 221.56 84.465 -2.1914 321 81.209
0.11667 -14.032 124.01 95.955 -33.977 232.38 84.282 -0.26121 332.07 81.189
0.125 -13.154 135.3 95.94 -32.168 243.31 84.106 1.6856 343.26 81.183
0.13333 -12.249 146.78 95.903 -30.364 254.33 83.941 3.6371 354.53 81.188
0.14167 -11.302 158.42 95.842 -28.587 265.42 83.787 5.58 365.86 81.199
0.15 -10.3 170.15 95.756 -26.858 276.56 83.65 7.5002 377.2 81.212
0.15833 -9.2372 181.93 95.647 -25.195 287.71 83.532 9.3817 388.52 81.219
0.16667 -8.1078 193.72 95.517 -23.615 298.85 83.438 11.208 399.76 81.218
0.175 -6.9148 205.47 95.371 -22.131 309.94 83.376 12.96 410.89 81.204
0.18333 -5.667 217.15 95.212 -20.755 320.96 83.35 14.619 421.89 81.175
0.19167 -4.3809 228.73 95.046 -19.493 331.89 83.368 16.167 432.73 81.132
0.2 -3.0788 240.2 94.877 -18.348 342.71 83.433 17.584 443.39 81.079
0.20833 -1.7842 251.54 94.708 -17.321 353.4 83.549 18.855 453.9 81.018
0.21667 -0.51881 262.76 94.537 -16.411 363.97 83.719 19.964 464.25 80.957
0.225 0.70295 273.87 94.362 -15.614 374.42 83.942 20.898 474.48 80.902
0.23333 1.876 284.89 94.18 -14.924 384.76 84.215 21.65 484.62 80.86
0.24167 3.0042 295.84 93.986 -14.335 395 84.533 22.214 494.7 80.84
0.25 4.0966 306.73 93.78 -13.84 405.17 84.891 22.587 504.77 80.846
0.25833 5.1652 317.59 93.565 -13.434 415.28 85.281 22.77 514.86 80.884
0.26667 6.2171 328.4 93.346 -13.108 425.35 85.697 22.768 524.99 80.957
0.275 7.2608 339.19 93.13 -12.857 435.39 86.13 22.586 535.21 81.067
0.28333 8.2958 349.94 92.926 -12.676 445.43 86.577 22.231 545.52 81.213
0.29167 9.3155 360.66 92.74 -12.559 455.46 87.031 21.714 555.93 81.393
0.3 10.306 371.34 92.579 -12.503 465.49 87.491 21.043 566.44 81.605
0.30833 11.247 381.98 92.448 -12.505 475.53 87.953 20.229 577.03 81.842
0.31667 12.114 392.58 92.347 -12.561 485.56 88.416 19.282 587.71 82.101
0.325 12.88 403.13 92.276 -12.671 495.6 88.882 18.212 598.44 82.376
0.33333 13.523 413.63 92.228 -12.833 505.64 89.348 17.029 609.21 82.662
0.34167 14.023 424.09 92.198 -13.044 515.67 89.816 15.745 619.99 82.954
0.35 14.374 434.5 92.177 -13.305 525.69 90.285 14.369 630.78 83.251
0.35833 14.576 444.87 92.156 -13.614 535.72 90.753 12.912 641.55 83.549
0.36667 14.643 455.2 92.129 -13.972 545.75 91.218 11.384 652.3 83.847
0.375 14.595 465.52 92.09 -14.377 555.8 91.677 9.7958 663.01 84.143
0.38333 14.46 475.82 92.035 -14.83 565.87 92.126 8.1565 673.68 84.439
0.39167 14.265 486.13 91.965 -15.329 575.98 92.561 6.4763 684.32 84.732
0.4 14.04 496.44 91.879 -15.875 586.14 92.979 4.7643 694.91 85.025
0.40833 13.807 506.76 91.779 -16.465 596.35 93.375 3.0292 705.48 85.316
0.41667 13.583 517.1 91.67 -17.096 606.64 93.748 1.279 716.01 85.606
0.425 13.374 527.46 91.556 -17.767 617 94.095 -0.47872 726.53 85.894
0.43333 13.178 537.85 91.442 -18.473 627.45 94.416 -2.2371 737.04 86.178
0.44167 12.987 548.26 91.335 -19.212 637.97 94.712 -3.99 747.55 86.457
0.45 12.785 558.71 91.238 -19.984 648.58 94.983 -5.7322 758.08 86.729
0.45833 12.557 569.18 91.157 -20.788 659.27 95.23 -7.4592 768.62 86.993
0.46667 12.285 579.68 91.097 -21.624 670.03 95.455 -9.1674 779.2 87.247
0.475 11.955 590.24 91.058 -22.494 680.86 95.657 -10.855 789.82 87.489
0.48333 11.559 600.85 91.041 -23.4 691.76 95.839 -12.522 800.48 87.718
0.49167 11.09 611.53 91.044 -24.343 702.72 96.001 -14.169 811.19 87.933
0.5 10.546 622.3 91.061 -25.325 713.74 96.144 -15.8 821.94 88.135
0.50833 9.9417 633.19 91.085 -26.348 724.83 96.27 -17.422 832.74 88.324
0.51667 9.274 644.23 91.107 -27.412 736 96.381 -19.044 843.58 88.503
0.525 8.5691 655.42 91.118 -28.522 747.24 96.481 -20.677 854.44 88.673
0.53333 7.8324 666.78 91.112 -29.679 758.58 96.573 -22.333 865.32 88.837
0.54167 7.0794 678.31 91.083 -30.888 770.01 96.661 -24.025 876.23 88.998
0.55 6.3131 690.02 91.03 -32.154 781.54 96.749 -25.768 887.15 89.157
0.55833 5.5238 701.9 90.951 -33.483 793.17 96.841 -27.574 898.09 89.317
0.56667 4.7021 713.95 90.849 -34.882 804.91 96.941 -29.455 909.06 89.478
0.575 3.8245 726.18 90.725 -36.358 816.76 97.052 -31.419 920.07 89.639
0.58333 2.8745 738.6 90.58 -37.921 828.71 97.178 -33.47 931.14 89.8
0.59167 1.8378 751.25 90.418 -39.577 840.77 97.317 -35.611 942.28 89.958
0.6 0.70945 764.14 90.241 -41.335 852.92 97.47 -37.839 953.52 90.109
0.60833 -0.5244 777.3 90.055 -43.198 865.17 97.636 -40.149 964.87 90.249
0.61667 -1.8412 790.76 89.865 -45.17 877.53 97.811 -42.532 976.36 90.374
0.625 -3.2413 804.52 89.682 -47.249 889.99 97.991 -44.98 987.98 90.481
0.63333 -4.7038 818.57 89.516 -49.429 902.57 98.172 -47.48 999.74 90.567
0.64167 -6.2153 832.89 89.382 -51.7 915.25 98.349 -50.024 1011.6 90.631
0.65 -7.7623 847.42 89.296 -54.045 928.05 98.517 -52.601 1023.6 90.673
0.65833 -9.336 862.11 89.272 -56.445 940.96 98.673 -55.205 1035.7 90.696
0.66667 -10.937 876.88 89.324 -58.873 953.99 98.811 -57.827 1047.8 90.704
0.675 -12.57 891.65 89.463 -61.303 967.11 98.93 -60.465 1060 90.705
0.68333 -14.248 906.36 89.695 -63.704 980.31 99.026 -63.114 1072.1 90.705
0.69167 -15.985 920.92 90.016 -66.048 993.57 99.099 -65.77 1084.2 90.712
0.7 -17.788 935.3 90.422 -68.307 1006.9 99.147 -68.43 1096.3 90.736
0.70833 -19.671 949.46 90.899 -70.457 1020.1 99.172 -71.087 1108.2 90.783
0.71667 -21.631 963.35 91.429 -72.481 1033.4 99.173 -73.732 1120.1 90.859
0.725 -23.662 976.99 91.993 -74.366 1046.5 99.153 -76.352 1132 90.968
0.73333 -25.753 990.36 92.574 -76.106 1059.5 99.111 -78.931 1143.8 91.111
0.74167 -27.892 1003.5 93.16 -77.705 1072.4 99.049 -81.451 1155.6 91.285
0.75 -30.07 1016.5 93.745 -79.169 1085.1 98.969 -83.889 1167.4 91.485
0.75833 -32.278 1029.3 94.326 -80.513 1097.7 98.872 -86.223 1179.3 91.704
0.76667 -34.5 1042 94.901 -81.755 1110 98.757 -88.43 1191.2 91.932
0.775 -36.723 1054.6 95.469 -82.915 1122.2 98.626 -90.488 1203.2 92.156
0.78333 -38.922 1067.2 96.028 -84.012 1134.2 98.478 -92.381 1215.3 92.366
0.79167 -41.082 1079.7 96.578 -85.066 1146 98.315 -94.096 1227.5 92.551
0.8 -43.18 1092.1 97.12 -86.093 1157.7 98.137 -95.626 1239.7 92.702
0.80833 -45.199 1104.4 97.654 -87.106 1169.3 97.946 -96.974 1252 92.813
0.81667 -47.12 1116.7 98.18 -88.115 1180.9 97.743 -98.146 1264.4 92.88
0.825 -48.938 1128.9 98.699 -89.124 1192.3 97.529 -99.157 1276.7 92.904
0.83333 -50.646 1141.1 99.208 -90.134 1203.8 97.308 -100.03 1289.1 92.887
0.84167 -52.247 1153.2 99.707 -91.145 1215.2 97.081 -100.77 1301.4 92.836
0.85 -53.75 1165.3 100.19 -92.152 1226.7 96.85 -101.42 1313.7 92.759
0.85833 -55.167 1177.4 100.66 -93.152 1238.1 96.618 -102 1325.9 92.663
0.86667 -56.524 1189.5 101.12 -94.138 1249.6 96.386 -102.53 1338 92.558
0.875 -57.837 1201.6 101.55 -95.107 1261 96.157 -103.02 1350.1 92.452
0.88333 -59.132 1213.7 101.98 -96.057 1272.5 95.934 -103.49 1362.1 92.35
0.89167 -60.426 1225.9 102.38 -96.985 1284.1 95.718 -103.95 1374 92.257
0.9 -61.732 1238 102.78 -97.895 1295.7 95.512 -104.39 1385.9 92.174
0.90833 -63.058 1250.2 103.16 -98.791 1307.3 95.318 -104.83 1397.8 92.1
0.91667 -64.405 1262.3 103.54 -99.678 1319 95.14 -105.24 1409.6 92.03
0.925 -65.768 1274.3 103.91 -100.56 1330.7 94.978 -105.63 1421.3 91.961
0.93333 -67.135 1286.3 104.29 -101.46 1342.5 94.836 -105.99 1433.1 91.886
0.94167 -68.491 1298.3 104.67 -102.36 1354.5 94.713 -106.32 1444.8 91.8
0.95 -69.82 1310.2 105.05 -103.29 1366.5 94.613 -106.61 1456.5 91.697
0.95833 -71.104 1322.1 105.43 -104.25 1378.6 94.533 -106.87 1468.2 91.576
0.96667 -72.326 1334.1 105.81 -105.22 1390.8 94.475 -107.09 1479.9 91.434
0.975 -73.475 1346.1 106.19 -106.23 1403.1 94.437 -107.28 1491.5 91.274
0.98333 -74.543 1358.2 106.56 -107.26 1415.5 94.418 -107.47 1503.2 91.099
0.99167 -75.525 1370.5 106.91 -108.32 1428 94.417 -107.64 1514.9 90.915
1 -76.424 1382.9 107.24 -109.39 1440.6 94.43 -107.82 1526.7 90.727
1.0083 -77.251 1395.5 107.54 -110.47 1453.3 94.457 -108.01 1538.5 90.542
1.0167 -78.015 1408.3 107.81 -111.56 1466 94.496 -108.22 1550.4 90.366
1.025 -78.735 1421.2 108.05 -112.66 1478.7 94.545 -108.45 1562.3 90.203
1.0333 -79.43 1434.4 108.27 -113.75 1491.5 94.604 -108.69 1574.3 90.055
1.0417 -80.119 1447.7 108.46 -114.83 1504.4 94.674 -108.95 1586.4 89.922
1.05 -80.83 1461.1 108.63 -115.91 1517.3 94.751 -109.2 1598.6 89.801
1.0583 -81.591 1474.6 108.8 -116.97 1530.3 94.837 -109.46 1610.8 89.689
1.0667 -82.421 1488.3 108.95 -118.01 1543.4 94.932 -109.7 1623.2 89.582
1.075 -83.332 1501.9 109.09 -119.02 1556.5 95.032 -109.92 1635.6 89.475
1.0833 -84.315 1515.7 109.22 -120.01 1569.8 95.136 -110.12 1648.1 89.364
1.0917 -85.359 1529.4 109.33 -120.96 1583.1 95.242 -110.31 1660.6 89.248
1.1 -86.436 1543.3 109.42 -121.86 1596.6 95.343 -110.48 1673.2 89.128
1.1083 -87.533 1557.2 109.48 -122.71 1610.2 95.436 -110.65 1685.9 89.007
1.1167 -88.641 1571.2 109.51 -123.49 1624 95.515 -110.83 1698.7 88.89
1.125 -89.765 1585.3 109.52 -124.19 1637.9 95.577 -111.04 1711.5 88.784
1.1333 -90.917 1599.7 109.5 -124.81 1652 95.615 -111.29 1724.5 88.698
1.1417 -92.12 1614.2 109.45 -125.35 1666.2 95.628 -111.58 1737.5 88.639
1.15 -93.397 1629 109.37 -125.79 1680.5 95.615 -111.93 1750.7 88.611
1.1583 -94.769 1644 109.25 -126.16 1694.9 95.577 -112.35 1763.9 88.619
1.1667 -96.244 1659.1 109.1 -126.46 1709.4 95.517 -112.83 1777.3 88.66
1.175 -97.821 1674.4 108.9 -126.71 1724 95.441 -113.35 1790.8 88.731
1.1833 -99.486 1689.7 108.66 -126.94 1738.6 95.355 -113.93 1804.4 88.823
1.1917 -101.21 1705 108.36 -127.17 1753.2 95.269 -114.53 1818 88.926
1.2 -102.96 1720.2 108.03 -127.45 1767.7 95.19 -115.15 1831.6 89.027
1.2083 -104.67 1735.3 107.66 -127.81 1782.2 95.129 -115.78 1845.3 89.113
1.2167 -106.31 1750.3 107.26 -128.28 1796.5 95.092 -116.41 1858.9 89.171
1.225 -107.82 1765 106.86 -128.88 1810.8 95.088 -117.05 1872.5 89.192
1.2333 -109.17 1779.6 106.46 -129.65 1824.9 95.12 -117.7 1886 89.17
1.2417 -110.36 1794 106.07 -130.59 1838.8 95.193 -118.38 1899.5 89.104
1.25 -111.4 1808.1 105.72 -131.71 1852.5 95.307 -119.1 1912.8 88.997
1.2583 -112.32 1822.1 105.4 -133 1866.1 95.462 -119.89 1926.1 88.856
1.2667 -113.13 1836 105.12 -134.45 1879.4 95.653 -120.79 1939.3 88.692
1.275 -113.86 1849.7 104.89 -136.04 1892.5 95.876 -121.82 1952.4 88.518
1.2833 -114.52 1863.3 104.69 -137.74 1905.3 96.125 -123.01 1965.5 88.347
1.2917 -115.14 1876.8 104.53 -139.52 1918 96.393 -124.38 1978.4 88.193
1.3 -115.74 1890.3 104.38 -141.36 1930.5 96.675 -125.95 1991.4 88.066
1.3083 -116.35 1903.8 104.26 -143.23 1942.8 96.963 -127.73 2004.3 87.977
1.3167 -116.99 1917.1 104.14 -145.11 1955 97.252 -129.72 2017.1 87.928
1.325 -117.7 1930.4 104.03 -147 1967.1 97.547 -131.92 2030 87.923
1.3333 -118.5 1943.6 103.9 -148.87 1979 97.838 -134.31 2042.8 87.959
1.3417 -119.4 1956.7 103.77 -150.75 1991 98.127 -136.87 2055.7 88.032
1.35 -120.43 1969.6 103.63 -152.63 2002.9 98.416 -139.59 2068.5 88.136
1.3583 -121.58 1982.4 103.46 -154.52 2014.8 98.706 -142.43 2081.3 88.263
1.3667 -122.87 1995.1 103.29 -156.45 2026.8 98.999 -145.38 2094.1 88.406
1.375 -124.29 2007.7 103.1 -158.42 2038.8 99.296 -148.42 2106.8 88.558
1.3833 -125.82 2020.2 102.91 -160.45 2050.8 99.595 -151.52 2119.4 88.714
1.3917 -127.44 2032.6 102.71 -162.54 2062.9 99.896 -154.66 2132 88.87
1.4 -129.14 2045 102.5 -164.7 2075.1 100.2 -157.84 2144.6 89.026
1.4083 -130.88 2057.3 102.3 -166.92 2087.3 100.49 -161.05 2157 89.182
1.4167 -132.65 2069.6 102.09 -169.21 2099.6 100.78 -164.28 2169.4 89.338
1.425 -134.44 2081.9 101.87 -171.55 2111.9 101.05 -167.52 2181.6 89.498
1.4333 -136.23 2094.2 101.64 -173.93 2124.2 101.3 -170.76 2193.8 89.665
1.4417 -138.02 2106.4 101.4 -176.33 2136.7 101.53 -174.02 2205.9 89.839
1.45 -139.82 2118.7 101.13 -178.76 2149.1 101.73 -177.27 2217.9 90.022
1.4583 -141.65 2131 100.85 -181.21 2161.6 101.9 -180.52 2229.8 90.215
1.4667 -143.52 2143.3 100.54 -183.66 2174.2 102.04 -183.75 2241.7 90.415
1.475 -145.46 2155.6 100.22 -186.12 2186.8 102.14 -186.96 2253.6 90.621
1.4833 -147.48 2167.9 99.89 -188.59 2199.4 102.22 -190.14 2265.4 90.828
1.4917 -149.59 2180.3 99.557 -191.07 2212.2 102.27 -193.29 2277.3 91.031
1.5 -151.81 2192.7 99.233 -193.58 2224.9 102.29 -196.4 2289.2 91.226
1.5083 -154.13 2205.1 98.93 -196.1 2237.8 102.31 -199.45 2301.2 91.406
1.5167 -156.55 2217.5 98.654 -198.66 2250.6 102.31 -202.46 2313.2 91.568
1.525 -159.05 2229.9 98.411 -201.24 2263.6 102.31 -205.41 2325.2 91.708
1.5333 -161.63 2242.4 98.201 -203.87 2276.6 102.31 -208.32 2337.3 91.824
1.5417 -164.26 2254.9 98.019 -206.53 2289.6 102.31 -211.18 2349.5 91.915
1.55 -166.94 2267.6 97.86 -209.24 2302.7 102.32 -214.02 2361.7 91.983
1.5583 -169.64 2280.3 97.714 -211.99 2315.9 102.33 -216.82 2373.9 92.029
1.5667 -172.36 2293.2 97.574 -214.78 2329.1 102.35 -219.62 2386.2 92.056
1.575 -175.11 2306.2 97.437 -217.62 2342.4 102.38 -222.42 2398.5 92.067
1.5833 -177.9 2319.3 97.303 -220.52 2355.7 102.41 -225.23 2410.8 92.064
1.5917 -180.73 2332.6 97.174 -223.47 2369.1 102.44 -228.06 2423.2 92.051
1.6 -183.65 2346 97.049 -226.49 2382.5 102.47 -230.92 2435.6 92.026
1.6083 -186.67 2359.5 96.93 -229.58 2396 102.51 -233.82 2448 91.989
1.6167 -189.81 2373.2 96.813 -232.75 2409.6 102.55 -236.76 2460.6 91.939
1.625 -193.08 2387.1 96.701 -236.01 2423.2 102.59 -239.73 2473.2 91.871
1.6333 -196.5 2401.2 96.594 -239.37 2436.8 102.64 -242.74 2485.9 91.782
1.6417 -200.05 2415.5 96.494 -242.82 2450.5 102.69 -245.79 2498.7 91.667
1.65 -203.73 2430.1 96.406 -246.36 2464.2 102.75 -248.87 2511.7 91.525
1.6583 -207.54 2444.8 96.335 -249.99 2477.9 102.82 -251.97 2524.8 91.353
1.6667 -211.44 2459.8 96.295 -253.7 2491.6 102.89 -255.11 2537.9 91.154
1.675 -215.42 2475 96.29 -257.46 2505.4 102.97 -258.26 2551.2 90.93
1.6833 -219.44 2490.2 96.338 -261.27 2519.2 103.05 -261.45 2564.5 90.69
1.6917 -223.49 2505.5 96.448 -265.08 2533 103.12 -264.66 2577.8 90.441
1.7 -227.55 2520.7 96.628 -268.88 2546.8 103.19 -267.91 2591.1 90.195
1.7083 -231.59 2535.8 96.882 -272.64 2560.7 103.25 -271.18 2604.4 89.963
1.7167 -235.59 2550.6 97.206 -276.32 2574.6 103.29 -274.49 2617.6 89.759
1.725 -239.55 2565.3 97.588 -279.9 2588.6 103.3 -277.82 2630.8 89.591
1.7333 -243.45 2579.6 98.012 -283.35 2602.6 103.28 -281.16 2643.9 89.469
1.7417 -247.27 2593.7 98.45 -286.67 2616.5 103.23 -284.5 2656.9 89.395
1.75 -251.02 2607.4 98.879 -289.82 2630.5 103.13 -287.83 2669.9 89.371
1.7583 -254.68 2620.9 99.277 -292.81 2644.4 102.99 -291.11 2682.8 89.392
1.7667 -258.28 2634.1 99.627 -295.64 2658.2 102.8 -294.33 2695.8 89.448
1.775 -261.81 2647.1 99.925 -298.31 2671.9 102.57 -297.44 2708.8 89.527
1.7833 -265.29 2660 100.16 -300.83 2685.4 102.3 -300.43 2721.9 89.614
1.7917 -268.72 2672.8 100.35 -303.22 2698.8 101.99 -303.25 2735.1 89.694
1.8 -272.09 2685.5 100.48 -305.5 2712 101.64 -305.9 2748.5 89.751
1.8083 -275.37 2698.1 100.56 -307.67 2725 101.27 -308.35 2761.9 89.775
1.8167 -278.55 2710.7 100.61 -309.77 2737.8 100.87 -310.61 2775.5 89.758
1.825 -281.61 2723.2 100.63 -311.79 2750.5 100.45 -312.65 2789.2 89.698
1.8333 -284.51 2735.7 100.64 -313.75 2763 100.02 -314.51 2803 89.598
1.8417 -287.24 2748.1 100.64 -315.67 2775.4 99.579 -316.18 2816.8 89.464
1.85 -289.79 2760.6 100.65 -317.53 2787.8 99.131 -317.69 2830.7 89.305
1.8583 -292.16 2773 100.67 -319.36 2800.1 98.678 -319.06 2844.5 89.131
1.8667 -294.35 2785.4 100.71 -321.13 2812.4 98.221 -320.31 2858.2 88.955
1.875 -296.38 2797.7 100.77 -322.85 2824.7 97.76 -321.47 2871.8 88.784
1.8833 -298.29 2810.1 100.85 -324.53 2837.1 97.297 -322.56 2885.4 88.627
1.8917 -300.11 2822.5 100.95 -326.14 2849.5 96.832 -323.58 2898.8 88.484
1.9 -301.88 2834.9 101.07 -327.71 2861.9 96.365 -324.55 2912.1 88.357
1.9083 -303.65 2847.3 101.21 -329.22 2874.5 95.901 -325.46 2925.3 88.24
1.9167 -305.45 2859.7 101.37 -330.69 2887 95.441 -326.33 2938.3 88.126
1.925 -307.29 2872 101.55 -332.11 2899.7 94.99 -327.14 2951.3 88.005
1.9333 -309.2 2884.2 101.76 -333.51 2912.4 94.553 -327.88 2964.1 87.867
1.9417 -311.17 2896.5 101.98 -334.88 2925.1 94.136 -328.56 2977 87.703
1.95 -313.17 2908.7 102.23 -336.24 2937.9 93.744 -329.17 2989.7 87.507
1.9583 -315.19 2920.8 102.49 -337.58 2950.8 93.384 -329.7 3002.4 87.275
1.9667 -317.19 2932.9 102.78 -338.92 2963.7 93.061 -330.16 3015.1 87.007
1.975 -319.12 2945.1 103.08 -340.26 2976.6 92.777 -330.55 3027.8 86.707
1.9833 -320.96 2957.3 103.4 -341.6 2989.6 92.535 -330.89 3040.4 86.384
1.9917 -322.67 2969.6 103.73 -342.92 3002.7 92.336 -331.19 3053.1 86.047
2 -324.23 2982 104.05 -344.24 3015.8 92.179 -331.45 3065.7 85.707
2.0083 -325.64 2994.5 104.37 -345.55 3029 92.061 -331.7 3078.2 85.376
2.0167 -326.9 3007.1 104.68 -346.84 3042.2 91.979 -331.93 3090.8 85.065
2.025 -328.02 3019.9 104.96 -348.1 3055.5 91.927 -332.17 3103.4 84.779
2.0333 -329.03 3032.8 105.21 -349.33 3068.8 91.902 -332.4 3115.9 84.523
2.0417 -329.94 3045.8 105.43 -350.53 3082.1 91.899 -332.63 3128.5 84.298
2.05 -330.8 3059 105.63 -351.69 3095.6 91.912 -332.86 3141.1 84.098
2.0583 -331.64 3072.4 105.8 -352.81 3109 91.939 -333.07 3153.7 83.918
2.0667 -332.48 3085.8 105.95 -353.88 3122.6 91.976 -333.25 3166.3 83.748
2.075 -333.35 3099.4 106.07 -354.88 3136.2 92.02 -333.39 3179 83.579
2.0833 -334.27 3113 106.18 -355.82 3149.8 92.069 -333.49 3191.7 83.405
2.0917 -335.24 3126.7 106.25 -356.69 3163.6 92.118 -333.54 3204.4 83.22
2.1 -336.25 3140.5 106.31 -357.47 3177.5 92.167 -333.54 3217.2 83.021
2.1083 -337.3 3154.3 106.33 -358.15 3191.5 92.214 -333.49 3230.1 82.812
2.1167 -338.37 3168.1 106.34 -358.72 3205.6 92.254 -333.4 3243.1 82.599
2.125 -339.47 3182.1 106.32 -359.19 3219.8 92.284 -333.27 3256.1 82.39
2.1333 -340.58 3196.3 106.27 -359.53 3234.1 92.303 -333.13 3269.2 82.199
2.1417 -341.72 3210.6 106.21 -359.76 3248.5 92.305 -332.99 3282.4 82.035
2.15 -342.9 3225.2 106.11 -359.87 3263 92.289 -332.85 3295.7 81.912
2.1583 -344.11 3239.9 105.98 -359.88 3277.6 92.252 -332.73 3309.1 81.836
2.1667 -345.35 3254.9 105.81 -359.79 3292.2 92.195 -332.63 3322.6 81.811
2.175 -346.61 3270 105.59 -359.64 3306.8 92.116 -332.55 3336.2 81.837
2.1833 -347.88 3285.2 105.31 -359.43 3321.4 92.02 -332.5 3349.9 81.907
2.1917 -349.13 3300.4 104.98 -359.21 3336 91.91 -332.45 3363.6 82.01
2.2 -350.36 3315.7 104.58 -359 3350.5 91.791 -332.4 3377.5 82.13
2.2083 -351.52 3330.8 104.12 -358.83 3365 91.67 -332.35 3391.3 82.251
2.2167 -352.6 3345.7 103.62 -358.74 3379.3 91.554 -332.28 3405.3 82.356
2.225 -353.55 3360.5 103.09 -358.74 3393.5 91.45 -332.18 3419.2 82.429
2.2333 -354.34 3374.9 102.55 -358.87 3407.6 91.365 -332.07 3433.2 82.46
2.2417 -354.97 3389.1 102.03 -359.12 3421.5 91.305 -331.95 3447.1 82.441
2.25 -355.44 3403 101.53 -359.51 3435.3 91.275 -331.82 3461.1 82.37
2.2583 -355.74 3416.6 101.08 -360.04 3448.9 91.277 -331.72 3474.9 82.253
2.2667 -355.9 3430.1 100.67 -360.7 3462.3 91.311 -331.66 3488.7 82.097
2.275 -355.92 3443.3 100.31 -361.47 3475.4 91.374 -331.67 3502.4 81.915
2.2833 -355.8 3456.4 99.996 -362.34 3488.4 91.462 -331.78 3516.1 81.72
2.2917 -355.57 3469.5 99.711 -363.28 3501.1 91.569 -332.01 3529.7 81.528
2.3 -355.23 3482.6 99.447 -364.28 3513.7 91.689 -332.39 3543.2 81.351
2.3083 -354.81 3495.6 99.191 -365.32 3526.1 91.814 -332.94 3556.7 81.201
2.3167 -354.36 3508.6 98.937 -366.37 3538.3 91.941 -333.66 3570.2 81.085
2.325 -353.9 3521.7 98.67 -367.43 3550.4 92.063 -334.55 3583.6 81.005
2.3333 -353.49 3534.7 98.39 -368.49 3562.4 92.182 -335.6 3597.1 80.961
2.3417 -353.14 3547.6 98.088 -369.55 3574.3 92.295 -336.81 3610.6 80.95
2.35 -352.89 3560.5 97.769 -370.6 3586.2 92.408 -338.15 3624.1 80.965
2.3583 -352.76 3573.3 97.435 -371.65 3598.1 92.522 -339.6 3637.6 80.999
2.3667 -352.76 3586.1 97.094 -372.7 3610.1 92.644 -341.14 3651.1 81.044
2.375 -352.88 3598.7 96.755 -373.77 3622.2 92.777 -342.75 3664.6 81.096
2.3833 -353.11 3611.2 96.423 -374.85 3634.3 92.925 -344.4 3678 81.148
2.3917 -353.42 3623.6 96.106 -375.95 3646.5 93.088 -346.09 3691.4 81.2
2.4 -353.79 3635.9 95.805 -377.07 3658.8 93.266 -347.81 3704.8 81.251
2.4083 -354.18 3648.1 95.521 -378.21 3671.1 93.454 -349.54 3718 81.304
2.4167 -354.59 3660.3 95.248 -379.36 3683.6 93.646 -351.28 3731.2 81.363
2.425 -354.99 3672.5 94.981 -380.51 3696.1 93.833 -353.04 3744.2 81.43
2.4333 -355.37 3684.6 94.709 -381.67 3708.6 94.007 -354.82 3757.1 81.51
2.4417 -355.75 3696.8 94.422 -382.82 3721.3 94.157 -356.6 3770 81.605
2.45 -356.13 3709 94.113 -383.96 3733.9 94.276 -358.4 3782.7 81.715
2.4583 -356.54 3721.2 93.776 -385.08 3746.6 94.356 -360.19 3795.4 81.838
2.4667 -356.99 3733.5 93.412 -386.18 3759.3 94.394 -361.98 3808 81.972
2.475 -357.52 3745.8 93.025 -387.27 3772.1 94.391 -363.74 3820.6 82.108
2.4833 -358.15 3758.1 92.625 -388.34 3784.9 94.349 -365.45 3833.2 82.241
2.4917 -358.88 3770.5 92.226 -389.4 3797.8 94.264 -367.11 3845.9 82.362
2.5 -359.71 3782.8 91.843 -390.44 3810.7 94.117 -368.69 3858.5 82.464
2.5083 -360.64 3795.3 91.492 -391.46 3823.5 93.9 -370.18 3871.1 82.54
2.5167 -361.65 3807.7 91.179 -392.41 3836.6 93.715 -371.57 3883.8 82.584
2.525 -362.7 3820.2 90.922 -393.34 3849.8 93.579 -372.86 3896.5 82.597
2.5333 -363.76 3832.6 90.724 -394.54 3863 93.417 -374.02 3909.1 82.561
2.5417 -364.87 3845.3 90.565 -395.21 3876.9 93.496 -375.14 3921.8 82.522
2.55 -365.96 3858.1 90.449 -396.22 3890.6 93.508 -376.18 3934.4 82.449
2.5583 -367.03 3871 90.368 -397.23 3904.4 93.562 -377.14 3947.1 82.349
2.5667 -368.09 3884 90.309 -398.29 3918.2 93.638 -378.07 3959.7 82.239
2.575 -369.15 3897.2 90.272 -399.39 3932 93.734 -378.99 3972.3 82.124
2.5833 -370.24 3910.6 90.244 -400.57 3945.6 93.805 -379.92 3985 82.006
2.5917 -371.35 3924.1 90.22 -401.79 3959.2 93.874 -380.88 3997.7 81.894
2.6 -372.52 3937.8 90.198 -403.05 3972.7 93.935 -381.87 4010.5 81.787
2.6083 -373.75 3951.6 90.175 -404.33 3986.2 94.015 -382.93 4023.4 81.694
2.6167 -375.05 3965.5 90.147 -405.74 3999.4 94 -384.04 4036.3 81.599
2.625 -376.38 3979.5 90.11 -407.22 4012.7 93.991 -385.18 4049.4 81.496
2.6333 -377.84 3994.1 90.088 -408.65 4026 94.067 -386.43 4062.5 81.426
2.6417 -379.37 4008.4 90.074 -410.18 4039.2 94.068 -387.71 4075.8 81.34
2.65 -380.88 4023.1 90.088 -411.77 4052.4 94.068 -389.03 4089.1 81.243
2.6583 -382.46 4037.9 90.138 -413.36 4065.6 94.077 -390.4 4102.4 81.141
2.6667 -384.07 4052.6 90.236 -414.97 4078.9 94.085 -391.8 4115.8 81.033
2.675 -385.68 4067.4 90.392 -416.61 4092.1 94.078 -393.23 4129.1 80.91
2.6833 -387.3 4082.1 90.602 -418.2 4105.4 94.093 -394.68 4142.4 80.786
2.6917 -388.91 4096.7 90.86 -419.7 4118.9 94.118 -396.16 4155.6 80.668
2.7 -390.58 4111 91.152 -421.19 4132.3 94.111 -397.65 4168.8 80.553
2.7083 -392.08 4125.3 91.483 -422.56 4145.7 94.115 -399.15 4181.9 80.454
2.7167 -393.64 4139.2 91.798 -423.8 4159.2 94.108 -400.65 4194.9 80.383
2.725 -395.26 4152.7 92.101 -424.94 4172.7 94.067 -402.15 4207.9 80.344
2.7333 -396.65 4166 92.32 -425.99 4186.1 93.988 -403.6 4220.8 80.333
2.7417 -398.09 4179 92.49 -426.88 4199.5 93.895 -405.01 4233.8 80.368
2.75 -399.59 4191.6 92.617 -427.66 4212.9 93.743 -406.35 4246.7 80.439
2.7583 -400.83 4204.1 92.593 -428.39 4226 93.591 -407.61 4259.7 80.546
2.7667 -402.15 4216.4 92.554 -429.02 4239.1 93.396 -408.75 4272.7 80.679
2.775 -403.4 4228.5 92.431 -429.6 4252.1 93.206 -409.75 4285.8 80.828
2.7833 -404.63 4240.6 92.309 -429.98 4264.8 92.894 -410.6 4299 80.984
2.7917 -405.81 4252.7 92.186 -430.28 4277.3 92.53 -411.27 4312.2 81.135
2.8 -406.92 4264.7 92.089 -430.54 4289.6 92.138 -411.78 4325.5 81.267
2.8083 -407.94 4276.7 92.039 -430.74 4301.7 91.732 -412.1 4338.8 81.372
2.8167 -408.85 4288.7 92.052 -430.91 4313.7 91.322 -412.25 4352.1 81.441
2.825 -409.63 4300.7 92.139 -431.02 4325.7 90.914 -412.24 4365.5 81.469
2.8333 -410.25 4312.7 92.3 -431.09 4337.6 90.514 -412.09 4378.8 81.457
2.8417 -410.71 4324.7 92.528 -431.11 4349.6 90.125 -411.81 4392 81.405
2.85 -411.03 4336.7 92.811 -431.08 4361.5 89.747 -411.42 4405.2 81.319
2.8583 -411.21 4348.7 93.13 -430.99 4373.4 89.381 -410.96 4418.3 81.208
2.8667 -411.28 4360.7 93.468 -430.86 4385.4 89.025 -410.44 4431.4 81.079
2.875 -411.27 4372.6 93.808 -430.68 4397.5 88.679 -409.89 4444.3 80.943
2.8833 -411.22 4384.6 94.136 -430.46 4409.6 88.342 -409.31 4457.1 80.806
2.8917 -411.16 4396.5 94.446 -430.21 4421.7 88.015 -408.71 4469.9 80.676
2.9 -411.1 4408.4 94.733 -429.93 4433.8 87.7 -408.11 4482.5 80.557
2.9083 -411.06 4420.2 94.999 -429.63 4446 87.399 -407.5 4495 80.45
2.9167 -411.04 4432 95.249 -429.33 4458.3 87.117 -406.89 4507.5 80.355
2.925 -411.04 4443.8 95.494 -429.02 4470.5 86.859 -406.27 4519.8 80.269
2.9333 -411.01 4455.5 95.74 -428.71 4482.9 86.628 -405.63 4532.1 80.188
2.9417 -410.93 4467.2 95.996 -428.4 4495.2 86.429 -404.96 4544.3 80.107
2.95 -410.75 4478.9 96.263 -428.09 4507.6 86.264 -404.27 4556.4 80.022
2.9583 -410.45 4490.7 96.544 -427.78 4520.1 86.136 -403.54 4568.5 79.928
2.9667 -409.97 4502.5 96.832 -427.47 4532.7 86.043 -402.78 4580.6 79.822
2.975 -409.32 4514.5 97.121 -427.14 4545.4 85.984 -401.97 4592.7 79.705
2.9833 -408.46 4526.5 97.4 -426.8 4558.3 85.956 -401.13 4604.8 79.576
2.9917 -407.43 4538.7 97.66 -426.43 4571.2 85.955 -400.25 4617 79.438
3 -406.23 4551 97.892 -426.05 4584.3 85.975 -399.33 4629.3 79.296
3.0083 -404.91 4563.4 98.092 -425.63 4597.4 86.011 -398.38 4641.6 79.153
3.0167 -403.51 4576 98.258 -425.18 4610.7 86.059 -397.39 4653.9 79.013
3.025 -402.06 4588.8 98.395 -424.68 4624 86.115 -396.37 4666.4 78.882
3.0333 -400.63 4601.7 98.506 -424.14 4637.3 86.176 -395.3 4678.9 78.76
3.0417 -399.26 4614.7 98.598 -423.54 4650.7 86.239 -394.2 4691.4 78.65
3.05 -397.97 4627.9 98.673 -422.88 4664.1 86.303 -393.05 4704 78.55
3.0583 -396.8 4641 98.728 -422.14 4677.4 86.366 -391.85 4716.7 78.461
3.0667 -395.74 4654.2 98.763 -421.31 4690.7 86.424 -390.61 4729.4 78.38
3.075 -394.78 4667.5 98.779 -420.38 4704 86.477 -389.31 4742.2 78.306
3.0833 -393.89 4680.7 98.775 -419.33 4717.3 86.522 -387.96 4755 78.238
3.0917 -393.04 4693.9 98.749 -418.16 4730.6 86.552 -386.57 4767.8 78.177
3.1 -392.19 4707.2 98.705 -416.86 4743.8 86.562 -385.12 4780.8 78.126
3.1083 -391.34 4720.6 98.639 -415.42 4757.1 86.55 -383.64 4793.8 78.087
3.1167 -390.45 4734 98.554 -413.84 4770.4 86.507 -382.11 4806.9 78.067
3.125 -389.53 4747.7 98.444 -412.12 4783.8 86.429 -380.56 4820 78.07
3.1333 -388.56 4761.5 98.306 -410.28 4797.3 86.313 -378.98 4833.3 78.101
3.1417 -387.57 4775.5 98.132 -408.32 4810.8 86.154 -377.37 4846.7 78.165
3.15 -386.55 4789.7 97.916 -406.26 4824.3 85.955 -375.75 4860.2 78.262
3.1583 -385.51 4804 97.648 -404.12 4838 85.717 -374.1 4873.7 78.391
3.1667 -384.48 4818.4 97.321 -401.93 4851.6 85.448 -372.42 4887.2 78.548
3.175 -383.46 4832.8 96.932 -399.71 4865.4 85.147 -370.72 4900.7 78.724
3.1833 -382.46 4847.1 96.485 -397.5 4879.1 84.829 -368.98 4914.3 78.909
3.1917 -381.46 4861.4 95.988 -395.31 4892.8 84.507 -367.2 4927.8 79.089
3.2 -380.45 4875.4 95.453 -393.18 4906.5 84.191 -365.38 4941.2 79.251
3.2083 -379.41 4889.3 94.897 -391.13 4920.2 83.894 -363.51 4954.5 79.381
3.2167 -378.3 4902.9 94.335 -389.17 4933.8 83.628 -361.6 4967.8 79.469
3.225 -377.1 4916.3 93.784 -387.34 4947.2 83.405 -359.66 4981 79.505
3.2333 -375.83 4929.4 93.258 -385.63 4960.6 83.234 -357.7 4994.1 79.487
3.2417 -374.49 4942.2 92.766 -384.06 4973.8 83.121 -355.73 5007.2 79.415
3.25 -373.07 4954.9 92.314 -382.62 4986.8 83.071 -353.78 5020.3 79.298
3.2583 -371.6 4967.3 91.9 -381.33 4999.7 83.083 -351.87 5033.4 79.145
3.2667 -370.07 4979.6 91.519 -380.17 5012.4 83.156 -350.03 5046.6 78.972
3.275 -368.49 4991.8 91.159 -379.12 5024.9 83.284 -348.28 5059.8 78.794
3.2833 -366.84 5003.9 90.813 -378.18 5037.2 83.461 -346.65 5073 78.628
3.2917 -365.17 5015.9 90.469 -377.33 5049.4 83.678 -345.16 5086.4 78.488
3.3 -363.49 5027.9 90.122 -376.55 5061.4 83.928 -343.82 5099.8 78.386
3.3083 -361.83 5039.8 89.766 -375.82 5073.2 84.202 -342.64 5113.2 78.328
3.3167 -360.23 5051.6 89.397 -375.11 5085 84.49 -341.64 5126.7 78.316
3.325 -358.71 5063.3 89.019 -374.42 5096.7 84.793 -340.8 5140.2 78.348
3.3333 -357.29 5074.9 88.632 -373.73 5108.3 85.101 -340.11 5153.7 78.417
3.3417 -355.99 5086.4 88.246 -373.04 5119.9 85.408 -339.57 5167.2 78.516
3.35 -354.8 5097.8 87.867 -372.34 5131.5 85.711 -339.16 5180.6 78.632
3.3583 -353.73 5109 87.505 -371.63 5143.1 86.008 -338.86 5194 78.758
3.3667 -352.76 5120.2 87.167 -370.93 5154.7 86.295 -338.66 5207.4 78.885
3.375 -351.88 5131.3 86.861 -370.24 5166.4 86.57 -338.54 5220.6 79.006
3.3833 -351.07 5142.4 86.589 -369.56 5178.1 86.832 -338.48 5233.8 79.119
3.3917 -350.31 5153.5 86.353 -368.91 5189.9 87.076 -338.49 5246.9 79.226
3.4 -349.59 5164.6 86.148 -368.29 5201.7 87.302 -338.55 5260 79.331
3.4083 -348.88 5175.7 85.969 -367.71 5213.6 87.508 -338.65 5273 79.439
3.4167 -348.19 5186.9 85.804 -367.15 5225.6 87.692 -338.8 5285.9 79.557
3.425 -347.5 5198.1 85.646 -366.62 5237.5 87.854 -338.97 5298.8 79.693
3.4333 -346.82 5209.4 85.484 -366.12 5249.6 87.992 -339.18 5311.6 79.852
3.4417 -346.16 5220.8 85.31 -365.63 5261.7 88.107 -339.41 5324.3 80.035
3.45 -345.53 5232.2 85.121 -365.15 5273.8 88.199 -339.64 5337 80.241
3.4583 -344.94 5243.6 84.914 -364.67 5286 88.27 -339.88 5349.7 80.466
3.4667 -344.38 5255.1 84.696 -364.19 5298.2 88.321 -340.1 5362.3 80.701
3.475 -343.88 5266.6 84.472 -363.71 5310.5 88.353 -340.29 5374.9 80.936
3.4833 -343.41 5278.1 84.255 -363.23 5322.9 88.37 -340.44 5387.4 81.156
3.4917 -342.99 5289.7 84.053 -362.76 5335.3 88.373 -340.54 5400 81.352
3.5 -342.59 5301.3 83.878 -362.3 5347.8 88.365 -340.57 5412.5 81.511
3.5083 -342.22 5312.9 83.737 -361.85 5360.3 88.35 -340.55 5425.1 81.628
3.5167 -341.87 5324.6 83.631 -361.42 5372.8 88.328 -340.47 5437.6 81.699
3.525 -341.55 5336.5 83.559 -361.03 5385.4 88.303 -340.35 5450.2 81.728
3.5333 -341.24 5348.4 83.513 -360.66 5397.9 88.275 -340.2 5462.7 81.721
3.5417 -340.97 5360.5 83.483 -360.32 5410.6 88.259 -340.05 5475.3 81.689
3.55 -340.71 5372.8 83.458 -360.03 5423.2 88.238 -339.92 5487.8 81.646
3.5583 -340.5 5385.2 83.431 -359.75 5435.9 88.245 -339.84 5500.4 81.609
3.5667 -340.33 5397.8 83.391 -359.54 5448.6 88.275 -339.82 5512.9 81.59
3.575 -340.21 5410.6 83.337 -359.37 5461.5 88.329 -339.89 5525.4 81.6
3.5833 -340.14 5423.5 83.264 -359.28 5474.4 88.42 -340.06 5537.9 81.648
3.5917 -340.13 5436.6 83.176 -359.23 5487.4 88.529 -340.33 5550.3 81.736
3.6 -340.18 5449.7 83.066 -359.2 5500.5 88.651 -340.71 5562.8 81.861
3.6083 -340.28 5463 82.938 -359.21 5513.7 88.798 -341.18 5575.2 82.015
3.6167 -340.44 5476.5 82.792 -359.28 5527 88.969 -341.73 5587.6 82.187
3.625 -340.64 5490.1 82.629 -359.39 5540.5 89.16 -342.36 5600.1 82.362
3.6333 -340.88 5504 82.457 -359.55 5554.1 89.371 -343.03 5612.5 82.525
3.6417 -341.14 5518.1 82.281 -359.78 5567.7 89.599 -343.74 5625 82.664
3.65 -341.41 5532.4 82.11 -360.08 5581.6 89.842 -344.47 5637.5 82.766
3.6583 -341.69 5547 81.956 -360.45 5595.5 90.096 -345.22 5650 82.825
3.6667 -341.94 5561.7 81.83 -360.89 5609.5 90.357 -345.98 5662.6 82.841
3.675 -342.18 5576.6 81.746 -361.39 5623.7 90.619 -346.74 5675.1 82.819
3.6833 -342.39 5591.5 81.715 -361.94 5637.9 90.878 -347.52 5687.7 82.767
3.6917 -342.58 5606.5 81.747 -362.53 5652.1 91.128 -348.31 5700.3 82.701
3.7 -342.78 5621.5 81.849 -363.15 5666.3 91.363 -349.13 5712.9 82.635
3.7083 -342.98 5636.4 82.025 -363.76 5680.6 91.579 -349.98 5725.4 82.588
3.7167 -343.23 5651.1 82.272 -364.36 5694.8 91.772 -350.85 5737.9 82.574
3.725 -343.52 5665.7 82.59 -364.93 5709 91.936 -351.75 5750.4 82.604
3.7333 -343.87 5680 82.969 -365.44 5723.1 92.07 -352.67 5762.9 82.686
3.7417 -344.29 5694 83.404 -365.89 5737 92.172 -353.59 5775.3 82.819
3.75 -344.76 5707.8 83.889 -366.26 5750.8 92.241 -354.49 5787.7 82.999
3.7583 -345.29 5721.3 84.413 -366.55 5764.4 92.277 -355.35 5800.1 83.214
3.7667 -345.84 5734.5 84.974 -366.76 5777.7 92.282 -356.16 5812.6 83.451
3.775 -346.43 5747.6 85.565 -366.9 5790.8 92.258 -356.88 5825 83.69
3.7833 -347.04 5760.5 86.182 -366.97 5803.6 92.209 -357.51 5837.5 83.916
3.7917 -347.67 5773.3 86.819 -366.97 5816 92.137 -358.04 5850 84.112
3.8 -348.31 5786 87.468 -366.91 5828.1 92.047 -358.45 5862.5 84.267
3.8083 -348.94 5798.7 88.117 -366.8 5840 91.942 -358.75 5875.1 84.373
3.8167 -349.57 5811.2 88.755 -366.65 5851.5 91.826 -358.94 5887.6 84.428
3.825 -350.17 5823.8 89.371 -366.46 5862.7 91.701 -359.04 5900.1 84.436
3.8333 -350.74 5836.3 89.954 -366.23 5873.8 91.572 -359.05 5912.5 84.404
3.8417 -351.26 5848.7 90.494 -365.96 5884.6 91.438 -359 5924.7 84.344
3.85 -351.72 5861 90.99 -365.66 5895.3 91.304 -358.89 5936.9 84.268
3.8583 -352.12 5873.2 91.439 -365.33 5905.9 91.171 -358.74 5948.9 84.187
3.8667 -352.43 5885.4 91.842 -364.96 5916.5 91.04 -358.56 5960.8 84.112
3.875 -352.65 5897.4 92.204 -364.56 5927.1 90.911 -358.35 5972.5 84.05
3.8833 -352.76 5909.3 92.53 -364.13 5937.8 90.783 -358.12 5984 84.006
