0.0083333 -28.107 5.8839 97.817 -53.112 140.66 85.065 -9.4629 267.33 79.741
0.016667 -27.416 14.514 98.042 -52.589 150.21 85.211 -8.741 275.81 79.648
0.025 -26.745 23.433 98.269 -51.973 159.93 85.336 -8.0098 284.42 79.561
0.033333 -26.109 32.655 98.491 -51.259 169.81 85.437 -7.279 293.2 79.489
0.041667 -25.519 42.179 98.704 -50.444 179.88 85.514 -6.5577 302.15 79.442
0.05 -24.991 52.006 98.9 -49.527 190.12 85.563 -5.8535 311.31 79.431
0.058333 -24.533 62.127 99.077 -48.511 200.56 85.583 -5.1713 320.69 79.465
0.066667 -24.152 72.519 99.231 -47.402 211.19 85.572 -4.5129 330.27 79.548
0.075 -23.849 83.161 99.361 -46.208 221.99 85.53 -3.877 340.07 79.683
0.083333 -23.618 94.024 99.465 -44.944 232.96 85.457 -3.26 350.05 79.867
0.091667 -23.444 105.07 99.542 -43.628 244.07 85.355 -2.6562 360.2 80.095
0.1 -23.307 116.25 99.59 -42.285 255.29 85.224 -2.0598 370.47 80.354
0.10833 -23.184 127.53 99.611 -40.941 266.57 85.075 -1.4658 380.82 80.632
0.11667 -23.043 138.87 99.604 -39.626 277.85 84.915 -0.87117 391.21 80.912
0.125 -22.851 150.23 99.567 -38.375 289.1 84.753 -0.27766 401.59 81.179
0.13333 -22.577 161.57 99.499 -37.219 300.25 84.6 0.30914 411.93 81.419
0.14167 -22.197 172.87 99.395 -36.19 311.25 84.47 0.8774 422.17 81.62
0.15 -21.699 184.11 99.251 -35.315 322.06 84.374 1.4103 432.3 81.776
0.15833 -21.087 195.27 99.063 -34.614 332.64 84.322 1.8859 442.3 81.884
0.16667 -20.376 206.33 98.827 -34.103 342.97 84.322 2.2788 452.15 81.945
0.175 -19.592 217.3 98.544 -33.787 353.04 84.379 2.5609 461.86 81.965
0.18333 -18.762 228.18 98.217 -33.664 362.84 84.494 2.7041 471.43 81.953
0.19167 -17.907 238.98 97.852 -33.722 372.41 84.665 2.681 480.89 81.921
0.2 -17.041 249.72 97.459 -33.944 381.75 84.886 2.4673 490.25 81.88
0.20833 -16.175 260.42 97.048 -34.306 390.9 85.15 2.0433 499.53 81.844
0.21667 -15.321 271.09 96.635 -34.78 399.9 85.448 1.3937 508.79 81.824
0.225 -14.492 281.75 96.236 -35.34 408.79 85.772 0.50962 518.03 81.83
0.23333 -13.703 292.39 95.867 -35.959 417.59 86.114 -0.6123 527.29 81.869
0.24167 -12.969 303 95.546 -36.614 426.34 86.468 -1.9701 536.59 81.947
0.25 -12.305 313.59 95.284 -37.288 435.06 86.831 -3.5563 545.96 82.068
0.25833 -11.722 324.12 95.09 -37.97 443.77 87.201 -5.3597 555.42 82.233
0.26667 -11.233 334.61 94.969 -38.656 452.48 87.581 -7.3657 564.97 82.441
0.275 -10.854 345.03 94.917 -39.347 461.21 87.972 -9.5573 574.62 82.692
0.28333 -10.595 355.4 94.927 -40.048 469.96 88.381 -11.917 584.37 82.983
0.29167 -10.471 365.71 94.988 -40.768 478.74 88.811 -14.425 594.22 83.311
0.3 -10.49 375.98 95.084 -41.517 487.55 89.267 -17.064 604.16 83.673
0.30833 -10.653 386.22 95.198 -42.306 496.41 89.754 -19.813 614.17 84.065
0.31667 -10.957 396.46 95.314 -43.141 505.32 90.273 -22.656 624.22 84.482
0.325 -11.387 406.71 95.42 -44.029 514.28 90.826 -25.575 634.31 84.921
0.33333 -11.928 417.01 95.503 -44.97 523.32 91.41 -28.553 644.39 85.375
0.34167 -12.555 427.35 95.558 -45.966 532.44 92.023 -31.575 654.45 85.839
0.35 -13.241 437.76 95.584 -47.013 541.64 92.659 -34.627 664.46 86.308
0.35833 -13.963 448.23 95.58 -48.107 550.93 93.313 -37.695 674.38 86.775
0.36667 -14.7 458.77 95.553 -49.244 560.31 93.977 -40.769 684.21 87.237
0.375 -15.436 469.37 95.51 -50.418 569.78 94.644 -43.84 693.92 87.69
0.38333 -16.163 480.02 95.458 -51.627 579.33 95.306 -46.899 703.52 88.129
0.39167 -16.878 490.7 95.407 -52.868 588.95 95.958 -49.941 713.01 88.555
0.4 -17.587 501.4 95.365 -54.141 598.64 96.593 -52.962 722.39 88.966
0.40833 -18.3 512.12 95.34 -55.45 608.4 97.206 -55.961 731.68 89.364
0.41667 -19.033 522.83 95.337 -56.799 618.23 97.793 -58.936 740.9 89.751
0.425 -19.803 533.53 95.361 -58.196 628.13 98.352 -61.889 750.08 90.129
0.43333 -20.634 544.23 95.415 -59.649 638.11 98.876 -64.821 759.25 90.5
0.44167 -21.54 554.92 95.497 -61.167 648.17 99.364 -67.734 768.42 90.867
0.45 -22.546 565.61 95.605 -62.76 658.33 99.813 -70.631 777.63 91.231
0.45833 -23.658 576.32 95.734 -64.435 668.6 100.22 -73.515 786.88 91.592
0.46667 -24.897 587.08 95.876 -66.198 678.99 100.58 -76.39 796.2 91.949
0.475 -26.259 597.92 96.021 -68.054 689.51 100.89 -79.261 805.6 92.301
0.48333 -27.749 608.89 96.159 -70.002 700.17 101.15 -82.133 815.07 92.643
0.49167 -29.358 620.01 96.276 -72.044 710.96 101.37 -85.013 824.62 92.975
0.5 -31.072 631.31 96.366 -74.178 721.89 101.54 -87.906 834.25 93.293
0.50833 -32.869 642.81 96.424 -76.402 732.95 101.68 -90.824 843.95 93.594
0.51667 -34.743 654.5 96.447 -78.717 744.13 101.78 -93.773 853.74 93.877
0.525 -36.689 666.38 96.439 -81.123 755.43 101.86 -96.763 863.61 94.141
0.53333 -38.705 678.42 96.404 -83.622 766.83 101.92 -99.802 873.57 94.385
0.54167 -40.804 690.61 96.348 -86.221 778.33 101.98 -102.9 883.64 94.61
0.55 -42.999 702.94 96.276 -88.927 789.93 102.04 -106.07 893.83 94.816
0.55833 -45.312 715.42 96.19 -91.748 801.62 102.11 -109.3 904.16 95.004
0.56667 -47.761 728.05 96.098 -94.693 813.4 102.19 -112.61 914.65 95.172
0.575 -50.362 740.85 96.003 -97.772 825.29 102.29 -116 925.32 95.321
0.58333 -53.13 753.84 95.91 -100.99 837.29 102.42 -119.47 936.17 95.449
0.59167 -56.067 767.03 95.827 -104.36 849.4 102.56 -123.02 947.2 95.555
0.6 -59.174 780.45 95.761 -107.86 861.65 102.72 -126.65 958.43 95.639
0.60833 -62.437 794.09 95.722 -111.51 874.03 102.89 -130.36 969.82 95.699
0.61667 -65.838 807.94 95.721 -115.28 886.55 103.07 -134.14 981.37 95.737
0.625 -69.362 821.96 95.768 -119.15 899.2 103.24 -138 993.04 95.756
0.63333 -72.981 836.13 95.877 -123.11 911.97 103.41 -141.94 1004.8 95.761
0.64167 -76.68 850.37 96.055 -127.12 924.83 103.56 -145.95 1016.7 95.759
0.65 -80.437 864.63 96.311 -131.14 937.77 103.69 -150.03 1028.5 95.759
0.65833 -84.236 878.84 96.648 -135.15 950.74 103.8 -154.18 1040.4 95.771
0.66667 -88.059 892.94 97.062 -139.09 963.72 103.89 -158.39 1052.3 95.805
0.675 -91.891 906.87 97.546 -142.95 976.66 103.96 -162.64 1064.1 95.871
0.68333 -95.717 920.59 98.087 -146.67 989.53 104.01 -166.93 1075.9 95.976
0.69167 -99.521 934.06 98.665 -150.25 1002.3 104.04 -171.23 1087.7 96.125
0.7 -103.29 947.26 99.26 -153.65 1014.9 104.05 -175.51 1099.4 96.318
0.70833 -107.01 960.18 99.849 -156.86 1027.4 104.05 -179.75 1111.1 96.551
0.71667 -110.68 972.85 100.42 -159.89 1039.7 104.05 -183.91 1122.7 96.817
0.725 -114.29 985.29 100.96 -162.74 1051.8 104.03 -187.96 1134.4 97.104
0.73333 -117.85 997.55 101.46 -165.41 1063.7 104.01 -191.87 1146 97.398
0.74167 -121.36 1009.7 101.93 -167.94 1075.4 103.98 -195.61 1157.7 97.684
0.75 -124.83 1021.7 102.36 -170.35 1087 103.95 -199.16 1169.4 97.948
0.75833 -128.26 1033.7 102.75 -172.66 1098.4 103.91 -202.51 1181 98.176
0.76667 -131.63 1045.7 103.12 -174.9 1109.7 103.87 -205.64 1192.7 98.36
0.775 -134.96 1057.6 103.46 -177.09 1120.9 103.82 -208.56 1204.4 98.493
0.78333 -138.22 1069.6 103.79 -179.26 1132.1 103.77 -211.27 1216 98.574
0.79167 -141.41 1081.5 104.11 -181.42 1143.2 103.71 -213.8 1227.6 98.605
0.8 -144.52 1093.4 104.42 -183.58 1154.3 103.64 -216.17 1239.3 98.593
0.80833 -147.55 1105.3 104.74 -185.76 1165.4 103.56 -218.39 1250.9 98.546
0.81667 -150.5 1117.2 105.06 -187.94 1176.5 103.46 -220.49 1262.4 98.475
0.825 -153.37 1129 105.39 -190.14 1187.6 103.36 -222.5 1274 98.39
0.83333 -156.17 1140.8 105.74 -192.35 1198.7 103.24 -224.43 1285.5 98.3
0.84167 -158.91 1152.5 106.11 -194.57 1209.9 103.1 -226.3 1297 98.213
0.85 -161.61 1164.1 106.5 -196.8 1221.2 102.94 -228.12 1308.4 98.131
0.85833 -164.28 1175.7 106.92 -199.03 1232.4 102.77 -229.89 1319.9 98.057
0.86667 -166.95 1187.3 107.36 -201.26 1243.8 102.59 -231.61 1331.4 97.987
0.875 -169.63 1198.8 107.82 -203.49 1255.1 102.39 -233.29 1342.9 97.918
0.88333 -172.32 1210.3 108.31 -205.73 1266.6 102.19 -234.91 1354.4 97.841
0.89167 -175.03 1221.8 108.81 -207.99 1278.1 102 -236.48 1365.9 97.751
0.9 -177.76 1233.3 109.32 -210.26 1289.7 101.8 -238 1377.5 97.64
0.90833 -180.5 1244.8 109.84 -212.56 1301.3 101.62 -239.47 1389 97.502
0.91667 -183.24 1256.2 110.36 -214.88 1313 101.46 -240.9 1400.6 97.336
0.925 -185.96 1267.7 110.87 -217.25 1324.8 101.32 -242.31 1412.1 97.139
0.93333 -188.63 1279.3 111.36 -219.66 1336.6 101.2 -243.71 1423.7 96.914
0.94167 -191.24 1290.8 111.83 -222.11 1348.6 101.1 -245.12 1435.3 96.667
0.95 -193.77 1302.5 112.27 -224.61 1360.6 101.03 -246.56 1446.9 96.402
0.95833 -196.21 1314.3 112.67 -227.16 1372.7 100.98 -248.03 1458.5 96.129
0.96667 -198.57 1326.2 113.03 -229.74 1384.8 100.95 -249.55 1470.1 95.856
0.975 -200.84 1338.2 113.34 -232.36 1397.1 100.94 -251.12 1481.8 95.59
0.98333 -203.04 1350.4 113.61 -235.01 1409.4 100.94 -252.74 1493.5 95.337
0.99167 -205.2 1362.7 113.83 -237.67 1421.8 100.95 -254.41 1505.2 95.1
1 -207.33 1375.2 114.02 -240.35 1434.3 100.96 -256.1 1517 94.881
1.0083 -209.45 1387.9 114.18 -243.02 1446.8 100.99 -257.8 1528.8 94.677
1.0167 -211.6 1400.7 114.33 -245.69 1459.4 101.02 -259.49 1540.7 94.485
1.025 -213.8 1413.7 114.46 -248.34 1472.1 101.06 -261.14 1552.7 94.298
1.0333 -216.06 1426.9 114.6 -250.97 1484.8 101.1 -262.75 1564.8 94.109
1.0417 -218.39 1440.2 114.75 -253.57 1497.6 101.15 -264.29 1576.9 93.911
1.05 -220.81 1453.6 114.89 -256.14 1510.5 101.2 -265.77 1589.2 93.698
1.0583 -223.31 1467 115.05 -258.68 1523.4 101.25 -267.17 1601.5 93.466
1.0667 -225.85 1480.4 115.2 -261.18 1536.5 101.3 -268.52 1613.8 93.213
1.075 -228.41 1493.9 115.34 -263.65 1549.7 101.34 -269.82 1626.3 92.94
1.0833 -230.99 1507.4 115.46 -266.07 1563 101.36 -271.1 1638.9 92.65
1.0917 -233.56 1521 115.57 -268.44 1576.4 101.37 -272.38 1651.5 92.351
1.1 -236.15 1534.6 115.66 -270.75 1590 101.34 -273.67 1664.2 92.052
1.1083 -238.76 1548.4 115.73 -273.01 1603.7 101.29 -275.01 1677 91.76
1.1167 -241.43 1562.4 115.78 -275.21 1617.5 101.19 -276.4 1690 91.487
1.125 -244.17 1576.5 115.81 -277.36 1631.5 101.06 -277.86 1703 91.24
1.1333 -247.02 1590.8 115.81 -279.44 1645.6 100.89 -279.38 1716.1 91.025
1.1417 -249.98 1605.3 115.77 -281.47 1659.8 100.68 -280.96 1729.3 90.844
1.15 -253.05 1620 115.69 -283.46 1674.1 100.45 -282.59 1742.6 90.697
1.1583 -256.23 1634.7 115.56 -285.44 1688.4 100.21 -284.27 1756 90.579
1.1667 -259.48 1649.5 115.36 -287.42 1702.7 99.958 -285.96 1769.5 90.483
1.175 -262.79 1664.2 115.09 -289.43 1716.9 99.715 -287.66 1783.1 90.396
1.1833 -266.09 1678.9 114.76 -291.5 1731.1 99.493 -289.36 1796.7 90.307
1.1917 -269.34 1693.4 114.36 -293.65 1745.2 99.3 -291.04 1810.3 90.204
1.2 -272.5 1707.8 113.92 -295.91 1759.2 99.148 -292.72 1823.9 90.075
1.2083 -275.51 1721.9 113.44 -298.31 1772.9 99.044 -294.41 1837.5 89.911
1.2167 -278.34 1735.9 112.94 -300.85 1786.5 98.993 -296.13 1851.1 89.708
1.225 -281 1749.7 112.43 -303.55 1799.9 98.997 -297.9 1864.5 89.465
1.2333 -283.48 1763.2 111.94 -306.39 1813.1 99.055 -299.75 1877.8 89.184
1.2417 -285.82 1776.6 111.48 -309.38 1826 99.165 -301.73 1891.1 88.874
1.25 -288.03 1789.8 111.06 -312.5 1838.8 99.323 -303.87 1904.2 88.546
1.2583 -290.16 1803 110.68 -315.73 1851.3 99.524 -306.21 1917.2 88.213
1.2667 -292.23 1816 110.35 -319.03 1863.6 99.761 -308.76 1930 87.89
1.275 -294.27 1829.1 110.06 -322.4 1875.7 100.03 -311.55 1942.8 87.591
1.2833 -296.33 1842 109.81 -325.8 1887.7 100.32 -314.58 1955.4 87.329
1.2917 -298.44 1855 109.6 -329.21 1899.5 100.64 -317.87 1968 87.113
1.3 -300.61 1867.9 109.41 -332.63 1911.2 100.97 -321.41 1980.5 86.949
1.3083 -302.87 1880.7 109.23 -336.04 1922.9 101.33 -325.16 1993 86.839
1.3167 -305.23 1893.5 109.07 -339.43 1934.4 101.7 -329.13 2005.5 86.78
1.325 -307.67 1906.1 108.9 -342.82 1945.9 102.08 -333.27 2018 86.767
1.3333 -310.21 1918.6 108.73 -346.21 1957.4 102.49 -337.57 2030.4 86.791
1.3417 -312.83 1931 108.55 -349.61 1968.8 102.9 -342 2042.9 86.841
1.35 -315.53 1943.2 108.36 -353.04 1980.3 103.33 -346.53 2055.3 86.908
1.3583 -318.29 1955.2 108.17 -356.5 1991.8 103.78 -351.14 2067.7 86.98
1.3667 -321.1 1967.2 107.97 -360.01 2003.3 104.23 -355.81 2080.1 87.05
1.375 -323.97 1979 107.79 -363.57 2014.8 104.68 -360.53 2092.4 87.112
1.3833 -326.88 1990.8 107.61 -367.19 2026.4 105.13 -365.29 2104.6 87.164
1.3917 -329.84 2002.5 107.45 -370.86 2037.9 105.58 -370.08 2116.7 87.206
1.4 -332.84 2014.2 107.3 -374.58 2049.6 106 -374.9 2128.7 87.24
1.4083 -335.9 2025.9 107.17 -378.34 2061.2 106.41 -379.74 2140.6 87.272
1.4167 -339.03 2037.6 107.06 -382.14 2072.9 106.79 -384.59 2152.3 87.308
1.425 -342.23 2049.4 106.96 -385.96 2084.6 107.14 -389.45 2164 87.352
1.4333 -345.5 2061.3 106.86 -389.81 2096.4 107.46 -394.31 2175.6 87.409
1.4417 -348.86 2073.2 106.76 -393.66 2108.2 107.75 -399.16 2187.1 87.481
1.45 -352.31 2085.2 106.66 -397.53 2120.1 107.99 -403.99 2198.6 87.57
1.4583 -355.84 2097.2 106.55 -401.42 2132 108.21 -408.8 2210.1 87.673
1.4667 -359.46 2109.3 106.43 -405.31 2144 108.4 -413.58 2221.6 87.785
1.475 -363.15 2121.4 106.32 -409.23 2156.1 108.56 -418.32 2233.1 87.902
1.4833 -366.91 2133.5 106.21 -413.17 2168.2 108.7 -423.03 2244.7 88.014
1.4917 -370.72 2145.6 106.12 -417.14 2180.4 108.82 -427.69 2256.3 88.117
1.5 -374.6 2157.7 106.04 -421.15 2192.6 108.94 -432.33 2268 88.202
1.5083 -378.54 2169.9 105.99 -425.2 2205 109.05 -436.94 2279.8 88.265
1.5167 -382.56 2182.1 105.95 -429.31 2217.3 109.16 -441.52 2291.6 88.304
1.525 -386.65 2194.3 105.93 -433.49 2229.8 109.27 -446.1 2303.5 88.318
1.5333 -390.83 2206.7 105.91 -437.74 2242.3 109.39 -450.68 2315.4 88.309
1.5417 -395.11 2219.1 105.88 -442.07 2254.9 109.51 -455.28 2327.4 88.281
1.55 -399.5 2231.8 105.84 -446.49 2267.6 109.63 -459.89 2339.4 88.239
1.5583 -404 2244.5 105.77 -451 2280.3 109.76 -464.52 2351.4 88.188
1.5667 -408.62 2257.4 105.69 -455.63 2293.1 109.89 -469.18 2363.6 88.131
1.575 -413.36 2270.4 105.59 -460.37 2305.9 110.03 -473.87 2375.7 88.072
1.5833 -418.23 2283.5 105.47 -465.23 2318.8 110.16 -478.59 2388 88.01
1.5917 -423.23 2296.7 105.33 -470.21 2331.7 110.29 -483.33 2400.3 87.941
1.6 -428.37 2310.1 105.18 -475.32 2344.6 110.42 -488.1 2412.8 87.862
1.6083 -433.63 2323.5 105.02 -480.56 2357.5 110.56 -492.89 2425.4 87.763
1.6167 -439.02 2337.1 104.86 -485.93 2370.5 110.69 -497.71 2438.1 87.636
1.625 -444.53 2350.9 104.72 -491.41 2383.5 110.83 -502.54 2450.9 87.472
1.6333 -450.16 2364.8 104.6 -497.01 2396.5 110.98 -507.41 2463.9 87.265
1.6417 -455.88 2378.9 104.52 -502.7 2409.6 111.13 -512.31 2477 87.01
1.65 -461.68 2393.2 104.5 -508.48 2422.7 111.29 -517.25 2490.2 86.708
1.6583 -467.55 2407.5 104.55 -514.31 2435.8 111.45 -522.25 2503.4 86.364
1.6667 -473.46 2421.9 104.69 -520.19 2448.9 111.61 -527.32 2516.6 85.988
1.675 -479.41 2436.3 104.91 -526.08 2462.2 111.77 -532.47 2529.8 85.596
1.6833 -485.39 2450.7 105.22 -531.94 2475.5 111.93 -537.7 2542.9 85.206
1.6917 -491.36 2464.9 105.63 -537.76 2488.8 112.08 -543.02 2556 84.837
1.7 -497.32 2478.9 106.11 -543.5 2502.2 112.2 -548.43 2569 84.509
1.7083 -503.24 2492.7 106.66 -549.13 2515.7 112.31 -553.91 2581.9 84.241
1.7167 -509.09 2506.2 107.25 -554.61 2529.1 112.38 -559.46 2594.7 84.047
1.725 -514.86 2519.3 107.85 -559.93 2542.6 112.43 -565.05 2607.4 83.936
1.7333 -520.51 2532.2 108.43 -565.07 2555.9 112.44 -570.65 2620.2 83.909
1.7417 -526.06 2544.7 108.96 -570 2569.2 112.41 -576.23 2632.9 83.961
1.75 -531.49 2557 109.42 -574.72 2582.4 112.34 -581.74 2645.7 84.082
1.7583 -536.83 2569.1 109.82 -579.24 2595.4 112.24 -587.15 2658.5 84.253
1.7667 -542.1 2581 110.14 -583.56 2608.2 112.1 -592.43 2671.4 84.454
1.775 -547.3 2592.9 110.39 -587.7 2620.7 111.92 -597.54 2684.4 84.661
1.7833 -552.42 2604.7 110.57 -591.67 2633 111.71 -602.45 2697.4 84.852
1.7917 -557.47 2616.5 110.69 -595.5 2645.1 111.47 -607.15 2710.6 85.006
1.8 -562.44 2628.3 110.77 -599.23 2657 111.2 -611.63 2723.8 85.109
1.8083 -567.3 2640.1 110.82 -602.88 2668.7 110.9 -615.88 2737 85.155
1.8167 -572.04 2652 110.86 -606.49 2680.3 110.57 -619.92 2750.1 85.141
1.825 -576.66 2663.9 110.91 -610.06 2691.7 110.21 -623.76 2763.2 85.072
1.8333 -581.14 2675.8 110.97 -613.62 2703.1 109.82 -627.42 2776.2 84.96
1.8417 -585.5 2687.8 111.08 -617.19 2714.5 109.41 -630.92 2789.1 84.816
1.85 -589.72 2699.7 111.22 -620.76 2725.9 108.97 -634.29 2801.9 84.655
1.8583 -593.83 2711.6 111.4 -624.35 2737.4 108.52 -637.56 2814.5 84.491
1.8667 -597.85 2723.5 111.64 -627.93 2748.9 108.05 -640.74 2826.9 84.333
1.875 -601.81 2735.3 111.92 -631.51 2760.6 107.57 -643.84 2839.2 84.189
1.8833 -605.71 2747.1 112.23 -635.08 2772.3 107.08 -646.88 2851.4 84.059
1.8917 -609.6 2758.8 112.58 -638.63 2784.1 106.6 -649.86 2863.6 83.942
1.9 -613.47 2770.5 112.96 -642.15 2796 106.14 -652.78 2875.6 83.831
1.9083 -617.36 2782 113.35 -645.65 2808.1 105.69 -655.64 2887.6 83.718
1.9167 -621.26 2793.5 113.74 -649.11 2820.2 105.27 -658.44 2899.6 83.593
1.925 -625.18 2804.9 114.14 -652.56 2832.4 104.88 -661.18 2911.5 83.446
1.9333 -629.09 2816.3 114.54 -655.99 2844.7 104.53 -663.86 2923.4 83.27
1.9417 -633 2827.7 114.92 -659.41 2857 104.21 -666.47 2935.3 83.058
1.95 -636.87 2839 115.29 -662.84 2869.4 103.92 -669.03 2947.2 82.81
1.9583 -640.69 2850.5 115.65 -666.28 2881.9 103.67 -671.53 2959.1 82.528
1.9667 -644.43 2862 115.98 -669.73 2894.4 103.46 -673.98 2971 82.217
1.975 -648.07 2873.7 116.29 -673.2 2907 103.27 -676.39 2982.8 81.884
1.9833 -651.6 2885.6 116.57 -676.7 2919.7 103.1 -678.76 2994.7 81.538
1.9917 -655.01 2897.6 116.82 -680.2 2932.4 102.96 -681.1 3006.6 81.187
2 -658.3 2909.9 117.04 -683.72 2945.1 102.85 -683.4 3018.6 80.836
2.0083 -661.48 2922.3 117.22 -687.25 2957.9 102.75 -685.67 3030.6 80.492
2.0167 -664.57 2934.9 117.38 -690.77 2970.7 102.69 -687.9 3042.7 80.153
2.025 -667.59 2947.7 117.52 -694.28 2983.5 102.64 -690.08 3054.9 79.819
2.0333 -670.57 2960.7 117.65 -697.78 2996.4 102.63 -692.21 3067.2 79.485
2.0417 -673.54 2973.8 117.77 -701.26 3009.3 102.64 -694.27 3079.6 79.145
2.05 -676.55 2987 117.91 -704.71 3022.3 102.68 -696.27 3092.1 78.792
2.0583 -679.63 3000.4 118.05 -708.13 3035.3 102.74 -698.19 3104.7 78.418
2.0667 -682.81 3013.7 118.2 -711.54 3048.4 102.81 -700.05 3117.3 78.02
2.075 -686.11 3027.1 118.36 -714.9 3061.6 102.9 -701.84 3130.1 77.593
2.0833 -689.52 3040.5 118.51 -718.23 3074.9 103 -703.57 3142.9 77.138
2.0917 -693.02 3053.9 118.65 -721.51 3088.3 103.08 -705.25 3155.8 76.658
2.1 -696.6 3067.2 118.78 -724.75 3101.9 103.16 -706.89 3168.7 76.16
2.1083 -700.24 3080.7 118.88 -727.94 3115.6 103.2 -708.51 3181.7 75.65
2.1167 -703.95 3094.2 118.97 -731.05 3129.4 103.22 -710.11 3194.7 75.14
2.125 -707.71 3107.9 119.03 -734.09 3143.4 103.19 -711.7 3207.8 74.638
2.1333 -711.52 3121.8 119.08 -737.05 3157.5 103.12 -713.29 3221 74.152
2.1417 -715.39 3136 119.1 -739.93 3171.7 103 -714.87 3234.3 73.691
2.15 -719.31 3150.4 119.09 -742.71 3185.9 102.83 -716.44 3247.7 73.258
2.1583 -723.27 3165.1 119.04 -745.41 3200.2 102.61 -717.99 3261.2 72.855
2.1667 -727.26 3180 118.95 -748.04 3214.5 102.36 -719.53 3274.9 72.479
2.175 -731.27 3195.1 118.8 -750.62 3228.9 102.07 -721.03 3288.6 72.128
2.1833 -735.3 3210.2 118.58 -753.16 3243.1 101.76 -722.5 3302.3 71.794
2.1917 -739.3 3225.3 118.29 -755.71 3257.4 101.44 -723.92 3316.1 71.468
2.2 -743.27 3240.3 117.92 -758.28 3271.5 101.12 -725.31 3329.9 71.141
2.2083 -747.16 3255.2 117.49 -760.91 3285.6 100.82 -726.66 3343.6 70.804
2.2167 -750.92 3269.9 117 -763.63 3299.6 100.53 -728 3357.2 70.447
2.225 -754.53 3284.3 116.46 -766.46 3313.4 100.27 -729.35 3370.6 70.066
2.2333 -757.97 3298.5 115.89 -769.41 3327.2 100.04 -730.73 3383.9 69.655
2.2417 -761.21 3312.5 115.31 -772.5 3340.7 99.853 -732.18 3397 69.216
2.25 -764.28 3326.2 114.73 -775.7 3354.1 99.7 -733.73 3410 68.752
2.2583 -767.18 3339.7 114.17 -779.03 3367.3 99.585 -735.43 3422.7 68.269
2.2667 -769.92 3353 113.63 -782.44 3380.3 99.509 -737.3 3435.3 67.776
2.275 -772.54 3366.2 113.12 -785.93 3393.1 99.469 -739.38 3447.8 67.287
2.2833 -775.04 3379.4 112.64 -789.47 3405.8 99.463 -741.7 3460.3 66.814
2.2917 -777.46 3392.5 112.18 -793.03 3418.2 99.488 -744.28 3472.7 66.37
2.3 -779.82 3405.6 111.76 -796.58 3430.4 99.541 -747.13 3485.1 65.971
2.3083 -782.17 3418.7 111.36 -800.12 3442.5 99.619 -750.26 3497.5 65.626
2.3167 -784.52 3431.8 110.97 -803.62 3454.4 99.718 -753.65 3510 65.347
2.325 -786.91 3444.9 110.61 -807.08 3466.3 99.835 -757.29 3522.6 65.138
2.3333 -789.37 3457.9 110.25 -810.51 3478 99.966 -761.16 3535.3 65.004
2.3417 -791.92 3470.9 109.9 -813.92 3489.7 100.11 -765.24 3548.1 64.942
2.35 -794.56 3483.7 109.54 -817.31 3501.4 100.26 -769.5 3560.9 64.948
2.3583 -797.31 3496.4 109.18 -820.71 3513.1 100.43 -773.9 3573.7 65.013
2.3667 -800.16 3509 108.83 -824.12 3524.8 100.59 -778.42 3586.6 65.128
2.375 -803.11 3521.4 108.47 -827.56 3536.6 100.77 -783.04 3599.4 65.28
2.3833 -806.13 3533.6 108.11 -831.05 3548.3 100.95 -787.73 3612.2 65.458
2.3917 -809.21 3545.7 107.75 -834.57 3560.2 101.13 -792.47 3625 65.65
2.4 -812.34 3557.7 107.4 -838.14 3572.1 101.32 -797.25 3637.6 65.847
2.4083 -815.5 3569.7 107.06 -841.75 3584.1 101.52 -802.06 3650.2 66.043
2.4167 -818.68 3581.6 106.73 -845.39 3596.1 101.72 -806.9 3662.7 66.232
2.425 -821.87 3593.5 106.4 -849.06 3608.2 101.92 -811.77 3675.1 66.411
2.4333 -825.07 3605.3 106.06 -852.76 3620.4 102.11 -816.67 3687.5 66.58
2.4417 -828.29 3617.2 105.72 -856.46 3632.7 102.31 -821.58 3699.7 66.74
2.45 -831.52 3629.2 105.35 -860.18 3645 102.49 -826.52 3712 66.891
2.4583 -834.78 3641.2 104.96 -863.91 3657.4 102.67 -831.47 3724.2 67.033
2.4667 -838.07 3653.2 104.55 -867.66 3669.8 102.83 -836.43 3736.3 67.168
2.475 -841.4 3665.3 104.11 -871.43 3682.4 102.98 -841.39 3748.5 67.293
2.4833 -844.77 3677.4 103.65 -875.24 3695 103.1 -846.34 3760.7 67.408
2.4917 -848.17 3689.5 103.18 -879.08 3707.7 103.21 -851.26 3772.9 67.511
2.5 -851.62 3701.6 102.71 -882.96 3720.5 103.3 -856.15 3785.1 67.6
2.5083 -855.1 3713.7 102.26 -886.89 3733.3 103.37 -861 3797.3 67.672
2.5167 -858.63 3725.8 101.84 -890.86 3746.2 103.43 -865.81 3809.6 67.728
2.525 -862.21 3737.9 101.47 -894.89 3759.2 103.48 -870.58 3822 67.768
2.5333 -865.84 3750 101.13 -898.96 3772.3 103.52 -875.3 3834.3 67.795
2.5417 -869.54 3762.2 100.84 -903.07 3785.4 103.55 -880 3846.8 67.811
2.55 -873.31 3774.5 100.59 -907.23 3798.6 103.59 -884.66 3859.3 67.822
2.5583 -877.16 3787 100.36 -911.43 3811.9 103.62 -889.31 3871.9 67.83
2.5667 -881.11 3799.7 100.16 -915.66 3825.2 103.65 -893.95 3884.6 67.84
2.575 -885.14 3812.5 99.966 -919.94 3838.5 103.68 -898.59 3897.3 67.853
2.5833 -889.27 3825.4 99.779 -924.27 3851.9 103.71 -903.23 3910.2 67.868
2.5917 -893.5 3838.6 99.594 -928.66 3865.4 103.72 -907.87 3923.2 67.882
2.6 -897.85 3851.8 99.401 -933.11 3878.8 103.73 -912.5 3936.3 67.889
2.6083 -902.31 3865.2 99.2 -937.64 3892.3 103.73 -917.12 3949.6 67.88
2.6167 -906.87 3878.8 98.99 -942.25 3905.8 103.72 -921.72 3963 67.849
2.625 -911.52 3892.5 98.775 -946.95 3919.3 103.7 -926.3 3976.5 67.785
2.6333 -916.25 3906.4 98.567 -951.73 3932.9 103.67 -930.85 3990.2 67.684
2.6417 -921.05 3920.4 98.382 -956.6 3946.5 103.64 -935.38 4004 67.541
2.65 -925.89 3934.6 98.237 -961.54 3960.2 103.61 -939.9 4018 67.36
2.6583 -930.75 3948.9 98.152 -966.54 3973.9 103.59 -944.41 4032.1 67.147
2.6667 -935.62 3963.2 98.149 -971.57 3987.7 103.57 -948.94 4046.2 66.913
2.675 -940.48 3977.7 98.242 -976.61 4001.5 103.58 -953.5 4060.5 66.675
2.6833 -945.33 3992.1 98.444 -981.63 4015.4 103.59 -958.11 4074.9 66.451
2.6917 -950.15 4006.5 98.758 -986.57 4029.3 103.62 -962.79 4089.3 66.261
2.7 -954.96 4020.7 99.181 -991.41 4043.3 103.66 -967.55 4103.7 66.124
2.7083 -959.75 4034.8 99.697 -996.1 4057.3 103.71 -972.38 4118.1 66.055
2.7167 -964.53 4048.7 100.29 -1000.6 4071.3 103.76 -977.27 4132.5 66.063
2.725 -969.28 4062.4 100.91 -1004.9 4085.2 103.8 -982.2 4146.9 66.155
2.7333 -974 4075.8 101.54 -1009 4099 103.82 -987.12 4161.2 66.326
2.7417 -978.68 4088.9 102.13 -1012.8 4112.7 103.82 -992 4175.4 66.567
2.75 -983.3 4101.8 102.65 -1016.4 4126.2 103.78 -996.77 4189.5 66.862
2.7583 -987.84 4114.4 103.06 -1019.8 4139.5 103.7 -1001.4 4203.6 67.189
2.7667 -992.29 4126.9 103.35 -1022.9 4152.7 103.58 -1005.8 4217.5 67.524
2.775 -996.64 4139.2 103.52 -1025.8 4165.6 103.41 -1009.9 4231.4 67.842
2.7833 -1000.9 4151.4 103.57 -1028.6 4178.3 103.19 -1013.7 4245.1 68.121
2.7917 -1004.9 4163.6 103.53 -1031.2 4190.7 102.92 -1017.1 4258.7 68.34
2.8 -1008.8 4175.8 103.4 -1033.7 4203.1 102.62 -1020.1 4272.3 68.487
2.8083 -1012.5 4187.9 103.23 -1036.2 4215.3 102.27 -1022.8 4285.8 68.553
2.8167 -1016 4200.1 103.03 -1038.5 4227.3 101.89 -1025.1 4299.1 68.538
2.825 -1019.2 4212.2 102.86 -1040.9 4239.4 101.49 -1027.1 4312.4 68.445
2.8333 -1022.2 4224.2 102.72 -1043.2 4251.4 101.05 -1028.8 4325.6 68.283
2.8417 -1024.9 4236.3 102.64 -1045.5 4263.4 100.59 -1030.2 4338.6 68.064
2.85 -1027.5 4248.3 102.63 -1047.7 4275.4 100.11 -1031.4 4351.6 67.798
2.8583 -1029.8 4260.2 102.7 -1049.9 4287.5 99.611 -1032.4 4364.5 67.497
2.8667 -1032 4272.1 102.83 -1052.1 4299.7 99.088 -1033.3 4377.2 67.169
2.875 -1034 4283.9 103.03 -1054.2 4311.9 98.545 -1034.1 4389.9 66.818
2.8833 -1036 4295.8 103.27 -1056.2 4324.1 97.985 -1034.8 4402.4 66.448
2.8917 -1037.8 4307.6 103.53 -1058.2 4336.4 97.411 -1035.4 4414.9 66.057
2.9 -1039.7 4319.3 103.8 -1060.1 4348.7 96.828 -1035.9 4427.2 65.644
2.9083 -1041.5 4331.1 104.06 -1061.9 4361.1 96.242 -1036.5 4439.4 65.204
2.9167 -1043.4 4342.8 104.3 -1063.6 4373.4 95.662 -1037 4451.5 64.737
2.925 -1045.3 4354.6 104.52 -1065.3 4385.8 95.099 -1037.4 4463.5 64.24
2.9333 -1047.3 4366.3 104.71 -1066.9 4398.1 94.561 -1037.9 4475.4 63.714
2.9417 -1049.4 4378 104.88 -1068.4 4410.5 94.057 -1038.3 4487.3 63.164
2.95 -1051.5 4389.6 105.03 -1069.9 4422.9 93.595 -1038.7 4499.1 62.596
2.9583 -1053.6 4401.3 105.18 -1071.4 4435.3 93.18 -1039.1 4510.8 62.019
2.9667 -1055.8 4412.9 105.33 -1072.8 4447.7 92.816 -1039.5 4522.5 61.444
2.975 -1057.9 4424.5 105.49 -1074.2 4460.3 92.502 -1039.9 4534.3 60.881
2.9833 -1059.9 4436.2 105.67 -1075.6 4472.9 92.236 -1040.3 4546 60.34
2.9917 -1061.9 4447.9 105.85 -1076.9 4485.6 92.013 -1040.7 4557.8 59.831
3 -1063.8 4459.8 106.04 -1078.2 4498.3 91.826 -1041.2 4569.7 59.358
3.0083 -1065.5 4471.7 106.22 -1079.5 4511.2 91.669 -1041.6 4581.6 58.924
3.0167 -1067.2 4483.7 106.4 -1080.7 4524.2 91.534 -1042.1 4593.6 58.529
3.025 -1068.6 4495.9 106.56 -1081.8 4537.2 91.413 -1042.5 4605.7 58.168
3.0333 -1070 4508.2 106.7 -1082.9 4550.4 91.302 -1042.9 4617.9 57.836
3.0417 -1071.2 4520.7 106.81 -1083.9 4563.6 91.197 -1043.2 4630.2 57.526
3.05 -1072.3 4533.4 106.9 -1084.9 4576.8 91.095 -1043.5 4642.5 57.231
3.0583 -1073.3 4546.4 106.97 -1085.8 4590.1 90.996 -1043.7 4655 56.942
3.0667 -1074.3 4559.5 107.04 -1086.5 4603.5 90.902 -1043.9 4667.5 56.652
3.075 -1075.1 4572.9 107.1 -1087.2 4616.8 90.815 -1043.9 4680.1 56.358
3.0833 -1076 4586.5 107.18 -1087.7 4630.2 90.734 -1043.9 4692.8 56.056
3.0917 -1076.8 4600.2 107.26 -1088.2 4643.6 90.664 -1043.8 4705.5 55.744
3.1 -1077.6 4614.1 107.34 -1088.5 4657.1 90.604 -1043.6 4718.2 55.422
3.1083 -1078.4 4628.1 107.44 -1088.7 4670.6 90.554 -1043.3 4731.1 55.093
3.1167 -1079.2 4642.2 107.55 -1088.7 4684.1 90.51 -1042.9 4743.9 54.759
3.125 -1079.9 4656.4 107.67 -1088.6 4697.8 90.468 -1042.3 4756.9 54.424
3.1333 -1080.6 4670.7 107.78 -1088.4 4711.5 90.425 -1041.7 4769.9 54.091
3.1417 -1081.2 4685.2 107.87 -1088.1 4725.3 90.372 -1041 4783.1 53.765
3.15 -1081.8 4699.8 107.94 -1087.6 4739.1 90.305 -1040.2 4796.3 53.449
3.1583 -1082.3 4714.5 107.97 -1087 4753.1 90.217 -1039.2 4809.6 53.145
3.1667 -1082.7 4729.4 107.94 -1086.3 4767.1 90.104 -1038.2 4823 52.858
3.175 -1083.1 4744.5 107.84 -1085.5 4781.2 89.963 -1037 4836.5 52.587
3.1833 -1083.5 4759.6 107.65 -1084.6 4795.4 89.793 -1035.7 4850.1 52.334
3.1917 -1083.8 4774.7 107.36 -1083.7 4809.6 89.596 -1034.4 4863.8 52.097
3.2 -1084.1 4789.9 106.97 -1082.7 4823.8 89.377 -1033 4877.5 51.877
3.2083 -1084.2 4805 106.48 -1081.7 4838 89.141 -1031.5 4891.3 51.669
3.2167 -1084.3 4820 105.9 -1080.8 4852.2 88.895 -1030 4905 51.469
3.225 -1084.3 4834.9 105.25 -1079.9 4866.3 88.65 -1028.5 4918.8 51.273
3.2333 -1084.1 4849.5 104.55 -1079 4880.4 88.413 -1027 4932.5 51.075
3.2417 -1083.7 4864 103.82 -1078.3 4894.3 88.196 -1025.5 4946.2 50.868
3.25 -1083.2 4878.2 103.09 -1077.7 4908.1 88.005 -1024.1 4959.8 50.65
3.2583 -1082.5 4892.2 102.37 -1077.3 4921.7 87.849 -1022.8 4973.4 50.414
3.2667 -1081.6 4906 101.69 -1076.9 4935.1 87.733 -1021.5 4986.9 50.16
3.275 -1080.6 4919.6 101.05 -1076.7 4948.3 87.658 -1020.3 5000.2 49.886
3.2833 -1079.5 4933 100.47 -1076.6 4961.2 87.624 -1019.3 5013.6 49.596
3.2917 -1078.3 4946.3 99.934 -1076.6 4973.9 87.627 -1018.3 5026.8 49.293
3.3 -1077.1 4959.4 99.446 -1076.7 4986.3 87.661 -1017.5 5039.9 48.985
3.3083 -1075.8 4972.5 98.992 -1076.9 4998.5 87.719 -1016.8 5053 48.679
3.3167 -1074.5 4985.5 98.569 -1077 5010.4 87.794 -1016.3 5066 48.387
3.325 -1073.2 4998.4 98.158 -1077.2 5022.2 87.875 -1015.9 5079 48.116
3.3333 -1072 5011.1 97.751 -1077.3 5033.9 87.955 -1015.7 5091.9 47.877
3.3417 -1070.9 5023.8 97.335 -1077.4 5045.4 88.03 -1015.6 5104.7 47.676
3.35 -1069.9 5036.4 96.904 -1077.4 5056.9 88.094 -1015.6 5117.5 47.517
3.3583 -1069 5048.8 96.451 -1077.4 5068.4 88.146 -1015.8 5130.2 47.402
3.3667 -1068.3 5061.1 95.975 -1077.3 5079.9 88.184 -1016 5142.9 47.33
3.375 -1067.6 5073.4 95.474 -1077.3 5091.5 88.209 -1016.4 5155.5 47.292
3.3833 -1067 5085.5 94.953 -1077.1 5103.2 88.224 -1016.8 5168.1 47.28
3.3917 -1066.5 5097.6 94.417 -1077 5114.9 88.228 -1017.2 5180.7 47.283
3.4 -1066.1 5109.7 93.874 -1076.9 5126.7 88.224 -1017.7 5193.1 47.288
3.4083 -1065.6 5121.7 93.332 -1076.7 5138.5 88.212 -1018.2 5205.6 47.281
3.4167 -1065.2 5133.7 92.796 -1076.6 5150.5 88.193 -1018.6 5217.9 47.249
3.425 -1064.7 5145.6 92.273 -1076.6 5162.4 88.164 -1019.1 5230.2 47.183
3.4333 -1064.3 5157.6 91.763 -1076.5 5174.4 88.123 -1019.5 5242.5 47.075
3.4417 -1063.8 5169.5 91.264 -1076.5 5186.4 88.067 -1019.9 5254.6 46.923
3.45 -1063.2 5181.5 90.773 -1076.5 5198.3 87.991 -1020.3 5266.8 46.727
3.4583 -1062.7 5193.4 90.28 -1076.6 5210.3 87.893 -1020.7 5278.8 46.492
3.4667 -1062.1 5205.4 89.78 -1076.7 5222.2 87.771 -1021.1 5290.8 46.227
3.475 -1061.6 5217.4 89.264 -1076.8 5234.2 87.625 -1021.5 5302.7 45.943
3.4833 -1061.1 5229.4 88.73 -1076.9 5246.2 87.456 -1021.9 5314.7 45.652
3.4917 -1060.6 5241.4 88.174 -1077 5258.2 87.268 -1022.2 5326.5 45.368
3.5 -1060.2 5253.5 87.603 -1077.1 5270.3 87.068 -1022.6 5338.4 45.102
3.5083 -1059.9 5265.7 87.022 -1077.2 5282.5 86.862 -1023 5350.2 44.862
3.5167 -1059.6 5277.8 86.442 -1077.3 5294.8 86.659 -1023.3 5362.1 44.653
3.525 -1059.4 5290.1 85.874 -1077.4 5307.1 86.465 -1023.7 5374 44.478
3.5333 -1059.3 5302.4 85.328 -1077.4 5319.5 86.287 -1023.9 5385.9 44.333
3.5417 -1059.2 5314.8 84.81 -1077.4 5332 86.127 -1024.2 5397.9 44.212
3.55 -1059.1 5327.2 84.324 -1077.4 5344.5 85.989 -1024.4 5409.9 44.107
3.5583 -1059.1 5339.8 83.869 -1077.3 5357.1 85.871 -1024.5 5422 44.007
3.5667 -1059.2 5352.5 83.442 -1077.3 5369.7 85.771 -1024.5 5434.1 43.902
3.575 -1059.3 5365.4 83.041 -1077.2 5382.3 85.683 -1024.5 5446.3 43.783
3.5833 -1059.3 5378.4 82.662 -1077.1 5394.9 85.603 -1024.5 5458.5 43.641
3.5917 -1059.4 5391.5 82.306 -1077 5407.6 85.526 -1024.4 5470.7 43.472
3.6 -1059.5 5404.7 81.976 -1076.9 5420.2 85.447 -1024.2 5483 43.274
3.6083 -1059.7 5418 81.672 -1076.8 5432.8 85.362 -1024.1 5495.3 43.049
3.6167 -1059.8 5431.4 81.392 -1076.8 5445.5 85.272 -1023.9 5507.6 42.8
3.625 -1059.9 5444.9 81.135 -1076.7 5458.2 85.175 -1023.7 5520 42.533
3.6333 -1060.1 5458.4 80.893 -1076.7 5470.9 85.074 -1023.5 5532.3 42.252
3.6417 -1060.2 5472.1 80.665 -1076.7 5483.6 84.973 -1023.2 5544.8 41.962
3.65 -1060.4 5486 80.448 -1076.8 5496.3 84.874 -1022.9 5557.3 41.668
3.6583 -1060.5 5500.1 80.238 -1076.8 5509.1 84.783 -1022.6 5569.8 41.369
3.6667 -1060.7 5514.3 80.039 -1076.9 5521.9 84.701 -1022.1 5582.4 41.066
3.675 -1060.8 5528.9 79.853 -1076.9 5534.7 84.63 -1021.6 5595 40.754
3.6833 -1060.9 5543.6 79.686 -1077 5547.6 84.568 -1021 5607.7 40.428
3.6917 -1061 5558.5 79.549 -1077 5560.4 84.51 -1020.3 5620.5 40.085
3.7 -1061 5573.5 79.445 -1077 5573.3 84.455 -1019.5 5633.2 39.718
3.7083 -1061 5588.5 79.388 -1077 5586.2 84.389 -1018.6 5646 39.323
3.7167 -1060.9 5603.5 79.38 -1076.9 5599.1 84.306 -1017.6 5658.7 38.898
3.725 -1060.7 5618.3 79.42 -1076.7 5612.1 84.195 -1016.6 5671.4 38.445
3.7333 -1060.6 5632.9 79.5 -1076.5 5625 84.045 -1015.6 5683.9 37.964
3.7417 -1060.4 5647.3 79.608 -1076.1 5638 83.849 -1014.6 5696.3 37.461
3.75 -1060.2 5661.2 79.729 -1075.7 5651.1 83.601 -1013.7 5708.6 36.943
3.7583 -1059.9 5674.9 79.84 -1075 5664.2 83.296 -1012.7 5720.8 36.414
3.7667 -1059.7 5688.1 79.92 -1074.3 5677.3 82.932 -1011.8 5732.8 35.884
3.775 -1059.4 5701.1 79.948 -1073.3 5690.4 82.511 -1010.8 5744.7 35.356
3.7833 -1059.2 5713.7 79.909 -1072.2 5703.5 82.037 -1009.9 5756.4 34.834
3.7917 -1058.9 5726.1 79.8 -1070.9 5716.6 81.514 -1008.9 5768.1 34.321
3.8 -1058.6 5738.2 79.622 -1069.4 5729.6 80.95 -1007.8 5779.7 33.817
3.8083 -1058.2 5750.2 79.382 -1067.8 5742.5 80.35 -1006.5 5791.2 33.323
3.8167 -1057.6 5762 79.095 -1066 5755.2 79.721 -1005.1 5802.6 32.835
3.825 -1056.9 5773.7 78.774 -1064 5767.8 79.067 -1003.5 5814.1 32.352
3.8333 -1055.9 5785.2 78.439 -1062 5780.1 78.391 -1001.6 5825.5 31.872
3.8417 -1054.6 5796.5 78.107 -1059.9 5792.2 77.697 -999.38 5836.9 31.393
3.85 -1053 5807.7 77.794 -1057.6 5804.1 76.982 -996.93 5848.2 30.914
3.8583 -1051 5818.6 77.515 -1055.4 5815.8 76.247 -994.22 5859.6 30.434
3.8667 -1048.8 5829.4 77.281 -1053 5827.3 75.489 -991.25 5870.8 29.955
3.875 -1046.3 5839.9 77.097 -1050.6 5838.6 74.708 -988.05 5881.9 29.475
3.8833 -1043.6 5850.3 76.965 -1048.1 5849.8 73.902 -984.66 5893 28.995
3.8917 -1040.7 5860.5 76.879 -1045.5 5860.9 73.073 -981.1 5903.9 28.513
3.9 -1037.6 5870.6 76.824 -1042.9 5872 72.224 -977.41 5914.6 28.027
3.9083 -1034.4 5880.5 76.791 -1040.1 5883 71.36 -973.62 5925.2 27.534
3.9167 -1031.1 5890.3 76.762 -1037.1 5894 70.489 -969.75 5935.6 27.028
3.925 -1027.8 5900.1 76.728 -1034.1 5905 69.618 -965.82 5945.8 26.505
3.9333 -1024.4 5909.8 76.682 -1030.8 5916 68.759 -961.84 5955.9 25.96
3.9417 -1021 5919.5 76.618 -1027.5 5927 67.922 -957.81 5965.8 25.39
3.95 -1017.7 5929.2 76.541 -1023.9 5938 67.117 -953.73 5975.6 24.791
3.9583 -1014.5 5938.9 76.454 -1020.2 5948.9 66.35 -949.6 5985.3 24.165
3.9667 -1011.4 5948.7 76.367 -1016.4 5959.8 65.629 -945.42 5994.9 23.514
3.975 -1008.3 5958.4 76.291 -1012.5 5970.6 64.956 -941.17 6004.4 22.841
3.9833 -1005.2 5968.2 76.238 -1008.4 5981.4 64.332 -936.85 6013.8 22.154
3.9917 -1002.2 5977.9 76.219 -1004.3 5992.1 63.755 -932.46 6023.2 21.461
4 -999.15 5987.7 76.242 -1000.1 6002.7 63.221 -928 6032.6 20.77
4.0083 -996.01 5997.5 76.31 -995.79 6013.2 62.727 -923.46 6041.9 20.088
4.0167 -992.75 6007.3 76.42 -991.43 6023.7 62.266 -918.84 6051.2 19.422
4.025 -989.33 6017.1 76.564 -987 6034.2 61.835 -914.16 6060.5 18.775
4.0333 -985.73 6026.9 76.728 -982.48 6044.6 61.43 -909.41 6069.8 18.148
4.0417 -981.93 6036.8 76.898 -977.87 6055 61.048 -904.59 6079 17.543
4.05 -977.92 6046.7 77.056 -973.16 6065.3 60.691 -899.7 6088.2 16.955
4.0583 -973.69 6056.7 77.19 -968.32 6075.7 60.358 -894.74 6097.4 16.382
4.0667 -969.23 6066.7 77.288 -963.35 6086 60.053 -889.7 6106.6 15.82
4.075 -964.56 6076.9 77.345 -958.24 6096.2 59.78 -884.58 6115.7 15.266
4.0833 -959.67 6087.2 77.372 -952.99 6106.4 59.539 -879.37 6124.8 14.719
4.0917 -954.6 6097.6 77.363 -947.58 6116.5 59.337 -874.05 6133.8 14.179
4.1 -949.39 6108.2 77.335 -942.02 6126.6 59.171 -868.62 6142.8 13.646
4.1083 -944.09 6118.9 77.286 -936.31 6136.5 59.045 -863.06 6151.7 13.125
4.1167 -938.73 6129.7 77.229 -930.44 6146.4 58.953 -857.39 6160.6 12.618
4.125 -933.33 6140.5 77.162 -924.42 6156.2 58.893 -851.57 6169.5 12.127
4.1333 -927.88 6151.4 77.088 -918.26 6165.9 58.856 -845.63 6178.3 11.656
4.1417 -922.39 6162.4 77.011 -911.95 6175.6 58.832 -839.54 6187 11.204
4.15 -916.83 6173.4 76.926 -905.5 6185.2 58.813 -833.33 6195.7 10.769
4.1583 -911.19 6184.5 76.826 -898.9 6194.7 58.786 -826.99 6204.3 10.347
4.1667 -905.47 6195.6 76.709 -892.17 6204.2 58.742 -820.52 6212.8 9.9345
4.175 -899.66 6206.8 76.555 -885.3 6213.7 58.672 -813.93 6221.2 9.523
4.1833 -893.74 6218 76.344 -878.3 6223.1 58.567 -807.23 6229.5 9.1054
4.1917 -887.7 6229.3 76.062 -871.17 6232.4 58.422 -800.42 6237.7 8.6754
4.2 -881.54 6240.6 75.682 -863.93 6241.8 58.237 -793.5 6245.9 8.2278
4.2083 -875.22 6251.9 75.189 -856.59 6251.1 58.009 -786.49 6253.9 7.7587
4.2167 -868.73 6263.1 74.569 -849.16 6260.3 57.741 -779.38 6261.8 7.2671
4.225 -862.09 6274.1 73.833 -841.67 6269.5 57.437 -772.17 6269.6 6.7555
4.2333 -855.27 6284.9 72.979 -834.13 6278.7 57.101 -764.88 6277.3 6.2272
4.2417 -848.31 6295.5 72.034 -826.58 6287.8 56.738 -757.49 6285 5.6888
4.25 -841.21 6305.8 71.022 -819.05 6296.9 56.352 -750.02 6292.6 5.1464
4.2583 -833.98 6315.7 69.964 -811.56 6306 55.948 -742.47 6300.1 4.6075
4.2667 -826.66 6325.3 68.894 -804.15 6315 55.527 -734.85 6307.5 4.0778
4.275 -819.27 6334.4 67.835 -796.84 6323.9 55.09 -727.17 6314.9 3.5609
4.2833 -811.84 6343.2 66.808 -789.66 6332.8 54.638 -719.45 6322.2 3.0572
4.2917 -804.39 6351.7 65.827 -782.64 6341.6 54.169 -711.69 6329.4 2.5661
4.3 -796.94 6360 64.895 -775.8 6350.2 53.68 -703.92 6336.6 2.0846
4.3083 -789.48 6368 64.01 -769.13 6358.7 53.17 -696.15 6343.7 1.607
4.3167 -782.02 6375.8 63.16 -762.66 6367.1 52.63 -688.41 6350.8 1.1284
4.325 -774.53 6383.5 62.334 -756.37 6375.3 52.059 -680.72 6357.9 0.64518
4.3333 -767 6391.1 61.516 -750.24 6383.2 51.453 -673.08 6364.9 0.15267
4.3417 -759.44 6398.6 60.689 -744.27 6391 50.811 -665.52 6371.8 359.65
4.35 -751.83 6406.1 59.841 -738.42 6398.5 50.123 -658.06 6378.8 359.14
4.3583 -744.19 6413.4 58.958 -732.66 6405.8 49.396 -650.69 6385.7 358.62
4.3667 -736.54 6420.7 58.033 -726.95 6413 48.628 -643.43 6392.5 358.1
4.375 -728.88 6427.9 57.06 -721.24 6419.9 47.827 -636.28 6399.4 357.59
4.3833 -721.24 6435 56.044 -715.51 6426.8 46.988 -629.24 6406.2 357.08
4.3917 -713.65 6441.9 54.987 -709.72 6433.6 46.128 -622.32 6412.9 356.59
4.4 -706.11 6448.7 53.895 -703.83 6440.3 45.253 -615.5 6419.6 356.12
4.4083 -698.63 6455.4 52.778 -697.83 6447 44.374 -608.78 6426.2 355.66
4.4167 -691.22 6462 51.644 -691.7 6453.6 43.491 -602.16 6432.7 355.23
4.425 -683.86 6468.5 50.503 -685.43 6460.3 42.62 -595.63 6439.2 354.8
4.4333 -676.55 6474.8 49.362 -679.03 6467 41.764 -589.18 6445.5 354.38
4.4417 -669.27 6481.1 48.225 -672.49 6473.8 40.927 -582.8 6451.8 353.96
4.45 -661.99 6487.3 47.096 -665.83 6480.5 40.11 -576.49 6457.9 353.52
4.4583 -654.69 6493.5 45.976 -659.07 6487.3 39.313 -570.25 6463.9 353.07
4.4667 -647.38 6499.6 44.861 -652.21 6494 38.535 -564.05 6469.8 352.6
4.475 -640.03 6505.7 43.746 -645.28 6500.8 37.771 -557.89 6475.6 352.1
4.4833 -632.64 6511.8 42.628 -638.28 6507.5 37.018 -551.77 6481.3 351.57
4.4917 -625.23 6517.9 41.498 -631.22 6514.2 36.274 -545.66 6486.9 351.01
4.5 -617.79 6524 40.351 -624.1 6520.8 35.535 -539.57 6492.5 350.43
4.5083 -610.35 6530.1 39.189 -616.91 6527.4 34.803 -533.47 6498 349.83
4.5167 -602.9 6536.3 38.01 -609.65 6534 34.077 -527.36 6503.4 349.22
4.525 -595.46 6542.5 36.813 -602.31 6540.4 33.362 -521.22 6508.8 348.61
4.5333 -588.03 6548.8 35.616 -594.88 6546.9 32.662 -515.05 6514.2 348
4.5417 -580.61 6555.1 34.427 -587.36 6553.2 31.983 -508.84 6519.6 347.39
4.55 -573.19 6561.4 33.264 -579.73 6559.5 31.333 -502.58 6525 346.8
4.5583 -565.78 6567.8 32.141 -571.99 6565.8 30.717 -496.26 6530.4 346.22
4.5667 -558.36 6574.2 31.081 -564.15 6572 30.14 -489.88 6535.8 345.66
4.575 -550.92 6580.7 30.096 -556.2 6578.2 29.605 -483.44 6541.2 345.11
4.5833 -543.45 6587.2 29.194 -548.16 6584.3 29.112 -476.93 6546.6 344.57
4.5917 -535.95 6593.7 28.379 -540.03 6590.4 28.66 -470.35 6552 344.05
4.6 -528.39 6600.4 27.651 -531.81 6596.5 28.243 -463.7 6557.4 343.53
4.6083 -520.75 6607 26.999 -523.53 6602.5 27.856 -456.97 6562.7 343.03
4.6167 -513.02 6613.8 26.414 -515.2 6608.4 27.492 -450.15 6568.1 342.53
4.625 -505.16 6620.5 25.879 -506.82 6614.3 27.142 -443.25 6573.4 342.05
4.6333 -497.17 6627.2 25.382 -498.4 6620.2 26.8 -436.25 6578.7 341.58
4.6417 -489.03 6633.8 24.912 -489.95 6626 26.459 -429.16 6584 341.12
4.65 -480.75 6640.3 24.463 -481.49 6631.8 26.115 -421.97 6589.2 340.67
4.6583 -472.33 6646.8 24.027 -473.01 6637.6 25.767 -414.66 6594.4 340.24
4.6667 -463.77 6653.1 23.6 -464.52 6643.3 25.413 -407.25 6599.6 339.81
4.675 -455.08 6659.3 23.174 -456.03 6649 25.055 -399.73 6604.8 339.38
4.6833 -446.26 6665.4 22.747 -447.54 6654.6 24.696 -392.1 6609.8 338.95
4.6917 -437.28 6671.5 22.313 -439.04 6660.2 24.339 -384.36 6614.8 338.5
4.7 -428.16 6677.6 21.87 -430.56 6665.8 23.986 -376.51 6619.7 338.04
4.7083 -418.88 6683.6 21.417 -422.07 6671.3 23.64 -368.57 6624.5 337.56
4.7167 -409.45 6689.7 20.953 -413.57 6676.7 23.3 -360.52 6629.1 337.04
4.725 -399.87 6695.9 20.48 -405.07 6682.2 22.963 -352.39 6633.6 336.5
4.7333 -390.14 6702.1 20.002 -396.54 6687.5 22.625 -344.17 6638 335.92
4.7417 -380.33 6708.3 19.519 -387.97 6692.9 22.283 -335.87 6642.3 335.32
4.75 -370.44 6714.5 19.041 -379.35 6698.2 21.924 -327.5 6646.4 334.69
4.7583 -360.55 6720.6 18.564 -370.66 6703.5 21.542 -319.06 6650.4 334.04
4.7667 -350.69 6726.5 18.093 -361.88 6708.7 21.126 -310.56 6654.3 333.37
4.775 -340.93 6732.3 17.622 -352.99 6713.9 20.666 -302 6658 332.7
4.7833 -331.32 6737.9 17.145 -343.99 6719 20.154 -293.41 6661.7 332.02
4.7917 -321.93 6743.2 16.648 -334.86 6724 19.585 -284.78 6665.3 331.34
4.8 -312.76 6748.3 16.123 -325.61 6728.8 18.952 -276.13 6668.9 330.66
4.8083 -303.86 6753.1 15.559 -316.23 6733.5 18.252 -267.47 6672.3 329.98
4.8167 -295.23 6757.6 14.945 -306.75 6738 17.484 -258.79 6675.7 329.29
4.825 -286.88 6761.8 14.278 -297.16 6742.3 16.648 -250.11 6678.9 328.59
4.8333 -278.78 6765.8 13.553 -287.5 6746.3 15.743 -241.43 6682.1 327.87
4.8417 -270.91 6769.6 12.772 -277.79 6750.1 14.773 -232.74 6685.1 327.14
4.85 -263.25 6773.2 11.94 -268.06 6753.7 13.741 -224.05 6687.9 326.39
4.8583 -255.75 6776.6 11.064 -258.32 6757.1 12.647 -215.36 6690.5 325.62
4.8667 -248.37 6779.9 10.153 -248.59 6760.2 11.492 -206.64 6692.9 324.82
4.875 -241.09 6783 9.214 -238.89 6763 10.279 -197.91 6695 324.01
4.8833 -233.86 6785.9 8.2579 -229.24 6765.6 9.0118 -189.14 6696.9 323.18
4.8917 -226.66 6788.6 7.2918 -219.65 6768.1 7.6932 -180.33 6698.5 322.35
4.9 -219.48 6791.1 6.3211 -210.11 6770.2 6.324 -171.49 6699.8 321.51
4.9083 -212.32 6793.3 5.3495 -200.62 6772.2 4.9078 -162.6 6700.8 320.67
4.9167 -205.18 6795.2 4.3789 -191.19 6774 3.4484 -153.67 6701.5 319.83
4.925 -198.07 6796.7 3.4089 -181.82 6775.5 1.9505 -144.71 6701.9 319
4.9333 -191 6798 2.4388 -172.5 6776.8 0.41983 -135.73 6702 318.18
4.9417 -183.97 6798.9 1.4671 -163.23 6777.9 358.86 -126.74 6701.8 317.37
4.95 -176.98 6799.7 0.49276 -154.03 6778.8 357.29 -117.76 6701.4 316.57
4.9583 -170.01 6800.2 359.51 -144.9 6779.4 355.7 -108.8 6700.8 315.78
4.9667 -163.07 6800.5 358.53 -135.85 6779.8 354.11 -99.896 6699.9 315
4.975 -156.14 6800.7 357.55 -126.87 6779.9 352.53 -91.058 6698.8 314.23
4.9833 -149.2 6800.7 356.57 -117.99 6779.8 350.97 -82.305 6697.5 313.46
4.9917 -142.26 6800.7 355.59 -109.23 6779.4 349.44 -73.655 6696 312.69
5 -135.29 6800.6 354.63 -100.52 6778.9 347.92 -65.124 6694.3 311.93
5.0083 -128.29 6800.6 353.68 -91.925 6778.1 346.45 -56.721 6692.4 311.16
5.0167 -121.27 6800.7 352.75 -83.424 6777.1 345.02 -48.455 6690.3 310.39
5.025 -114.21 6800.8 351.85 -75.022 6776 343.65 -40.33 6688.1 309.63
5.0333 -107.11 6800.9 350.98 -66.661 6774.6 342.31 -32.347 6685.7 308.86
5.0417 -99.984 6801 350.13 -58.376 6773.1 341.04 -24.503 6683.2 308.09
5.05 -92.819 6801.2 349.31 -50.144 6771.4 339.81 -16.794 6680.5 307.31
5.0583 -85.622 6801.3 348.51 -41.949 6769.5 338.63 -9.2122 6677.6 306.54
5.0667 -78.394 6801.3 347.73 -33.789 6767.5 337.51 -1.7507 6674.6 305.77
5.075 -71.137 6801.1 346.95 -25.655 6765.2 336.43 5.5985 6671.4 305.01
5.0833 -63.851 6800.8 346.18 -17.542 6762.8 335.39 12.842 6668 304.25
5.0917 -56.532 6800.2 345.41 -9.4495 6760.2 334.38 19.985 6664.5 303.49
5.1 -49.171 6799.5 344.63 -1.377 6757.4 333.41 27.032 6660.9 302.74
5.1083 -41.759 6798.5 343.84 6.6688 6754.3 332.47 33.983 6657.1 302
5.1167 -34.282 6797.2 343.05 14.689 6751.1 331.55 40.838 6653.2 301.26
5.125 -26.729 6795.7 342.26 22.679 6747.8 330.65 47.596 6649.1 300.53
5.1333 -19.09 6794 341.49 30.631 6744.2 329.77 54.255 6645 299.8
5.1417 -11.358 6791.9 340.73 38.544 6740.4 328.9 60.811 6640.7 299.07
5.15 -3.5328 6789.6 340 46.41 6736.5 328.05 67.265 6636.4 298.34
5.1583 4.3896 6786.9 339.31 54.221 6732.3 327.21 73.619 6631.9 297.6
5.1667 12.405 6784 338.67 61.971 6728 326.39 79.875 6627.4 296.85
5.175 20.515 6780.8 338.07 69.65 6723.5 325.58 86.044 6622.7 296.1
5.1833 28.722 6777.3 337.52 77.245 6718.8 324.81 92.134 6618 295.34
5.1917 37.029 6773.5 337.01 84.745 6713.9 324.06 98.159 6613.1 294.58
5.2 45.44 6769.4 336.54 92.138 6708.8 323.34 104.13 6608 293.82
5.2083 53.956 6765.1 336.1 99.413 6703.5 322.66 110.07 6602.8 293.06
5.2167 62.569 6760.4 335.67 106.56 6698 322.02 115.99 6597.3 292.31
5.225 71.262 6755.6 335.22 113.59 6692.3 321.42 121.89 6591.7 291.57
5.2333 80 6750.5 334.76 120.48 6686.4 320.86 127.77 6585.8 290.86
5.2417 88.739 6745.2 334.25 127.26 6680.3 320.32 133.65 6579.7 290.16
5.25 97.421 6739.9 333.67 133.94 6674.1 319.82 139.5 6573.5 289.49
5.2583 105.98 6734.4 333.01 140.53 6667.6 319.33 145.32 6567.1 288.85
5.2667 114.35 6728.8 332.26 147.06 6661 318.84 151.09 6560.5 288.22
5.275 122.46 6723.2 331.42 153.54 6654.3 318.35 156.79 6553.9 287.62
5.2833 130.27 6717.4 330.48 160 6647.5 317.84 162.4 6547.3 287.02
5.2917 137.73 6711.7 329.48 166.46 6640.6 317.3 167.91 6540.6 286.43
5.3 144.81 6705.9 328.43 172.93 6633.6 316.72 173.29 6533.9 285.83
5.3083 151.52 6700.1 327.34 179.4 6626.5 316.09 178.55 6527.3 285.23
5.3167 157.87 6694.3 326.23 185.87 6619.5 315.41 183.68 6520.7 284.62
5.325 163.9 6688.6 325.11 192.33 6612.4 314.67 188.69 6514.2 283.99
5.3333 169.69 6683 323.97 198.75 6605.4 313.88 193.6 6507.6 283.34
5.3417 175.3 6677.4 322.83 205.1 6598.4 313.05 198.43 6501.1 282.69
5.35 180.81 6671.9 321.67 211.34 6591.6 312.18 203.19 6494.5 282.03
5.3583 186.28 6666.4 320.47 217.44 6584.8 311.29 207.92 6488 281.37
5.3667 191.75 6660.9 319.24 223.38 6578.2 310.37 212.64 6481.3 280.71
5.375 197.24 6655.3 317.96 229.14 6571.8 309.45 217.37 6474.6 280.08
5.3833 202.75 6649.5 316.63 234.7 6565.5 308.54 222.12 6467.8 279.47
5.3917 208.25 6643.6 315.24 240.07 6559.3 307.63 226.89 6460.9 278.9
5.4 213.71 6637.6 313.81 245.25 6553.3 306.72 231.68 6454 278.36
5.4083 219.09 6631.5 312.33 250.27 6547.3 305.83 236.48 6446.9 277.86
5.4167 224.37 6625.3 310.81 255.14 6541.3 304.93 241.27 6439.8 277.39
5.425 229.51 6619 309.28 259.89 6535.3 304.05 246.04 6432.7 276.96
5.4333 234.49 6612.6 307.73 264.54 6529.2 303.15 250.74 6425.6 276.56
5.4417 239.33 6606.2 306.17 269.11 6522.9 302.25 255.36 6418.4 276.17
5.45 244.02 6599.8 304.63 273.6 6516.5 301.35 259.87 6411.2 275.8
5.4583 248.61 6593.4 303.1 278.04 6509.8 300.42 264.26 6404 275.43
5.4667 253.11 6587 301.6 282.43 6503 299.5 268.5 6396.8 275.06
5.475 257.56 6580.6 300.11 286.77 6495.9 298.56 272.6 6389.5 274.67
5.4833 262.01 6574.2 298.65 291.07 6488.7 297.62 276.54 6382.3 274.28
5.4917 266.47 6567.7 297.2 295.31 6481.4 296.67 280.35 6375.1 273.87
5.5 270.96 6561.2 295.77 299.51 6473.9 295.72 284.03 6367.8 273.45
5.5083 275.47 6554.6 294.35 303.66 6466.3 294.78 287.61 6360.5 273.02
5.5167 280.04 6548 292.94 307.75 6458.7 293.84 291.09 6353.2 272.58
5.525 284.63 6541.3 291.53 311.78 6451.1 292.9 294.5 6345.9 272.14
5.5333 289.24 6534.6 290.15 315.77 6443.4 291.96 297.86 6338.6 271.71
5.5417 293.86 6527.9 288.78 319.71 6435.6 291.03 301.19 6331.2 271.28
5.55 298.46 6521.1 287.43 323.61 6427.8 290.1 304.49 6323.8 270.87
5.5583 303.02 6514.3 286.13 327.46 6420 289.17 307.78 6316.3 270.48
5.5667 307.54 6507.4 284.88 331.27 6412 288.25 311.06 6308.7 270.11
5.575 312 6500.5 283.69 335.04 6403.9 287.34 314.33 6301 269.76
5.5833 316.39 6493.6 282.57 338.77 6395.6 286.44 317.59 6293.2 269.43
5.5917 320.72 6486.6 281.53 342.46 6387.2 285.57 320.84 6285.3 269.12
5.6 325 6479.5 280.58 346.12 6378.7 284.73 324.07 6277.2 268.82
5.6083 329.24 6472.4 279.72 349.73 6370.1 283.93 327.28 6269.1 268.53
5.6167 333.44 6465.1 278.95 353.31 6361.4 283.17 330.45 6260.8 268.25
5.625 337.63 6457.8 278.26 356.87 6352.6 282.46 333.6 6252.5 267.95
5.6333 341.8 6450.3 277.64 360.41 6343.7 281.81 336.72 6244 267.65
5.6417 345.99 6442.8 277.09 363.94 6334.9 281.2 339.79 6235.5 267.33
5.65 350.17 6435.1 276.59 367.47 6326.1 280.64 342.84 6227 267
5.6583 354.34 6427.3 276.12 371 6317.2 280.12 345.86 6218.4 266.65
5.6667 358.49 6419.3 275.68 374.54 6308.3 279.64 348.86 6209.7 266.28
5.675 362.61 6411.2 275.25 378.09 6299.3 279.18 351.85 6201 265.91
5.6833 366.68 6402.8 274.81 381.64 6290.2 278.74 354.83 6192.3 265.54
5.6917 370.7 6394.1 274.38 385.18 6280.9 278.32 357.83 6183.4 265.17
5.7 374.66 6385.2 273.93 388.7 6271.5 277.92 360.85 6174.5 264.82
5.7083 378.55 6376 273.48 392.2 6261.8 277.53 363.92 6165.5 264.49
5.7167 382.38 6366.6 273.03 395.67 6251.9 277.16 367.04 6156.4 264.19
5.725 386.13 6356.9 272.59 399.1 6241.7 276.81 370.23 6147.2 263.93
5.7333 389.8 6347 272.14 402.52 6231.4 276.49 373.49 6137.9 263.7
5.7417 393.39 6337 271.71 405.91 6220.9 276.2 376.85 6128.5 263.5
5.75 396.9 6326.8 271.27 409.29 6210.2 275.94 380.29 6119 263.34
5.7583 400.32 6316.3 270.84 412.69 6199.3 275.72 383.83 6109.5 263.2
5.7667 403.64 6305.8 270.4 416.12 6188.4 275.53 387.44 6099.8 263.07
5.775 406.87 6295 269.95 419.6 6177.4 275.37 391.12 6090.1 262.95
5.7833 410.01 6284 269.49 423.14 6166.3 275.23 394.85 6080.3 262.82
5.7917 413.03 6272.7 269.01 426.76 6155.1 275.12 398.62 6070.4 262.67
5.8 415.92 6261.2 268.53 430.46 6143.7 275.01 402.39 6060.3 262.5
5.8083 418.67 6249.5 268.05 434.22 6132.2 274.9 406.16 6050.2 262.29
5.8167 421.27 6237.4 267.58 438.03 6120.5 274.79 409.91 6039.9 262.06
5.825 423.72 6225.1 267.16 441.87 6108.6 274.66 413.62 6029.4 261.8
5.8333 426.01 6212.5 266.78 445.71 6096.5 274.53 417.28 6018.7 261.51
5.8417 428.17 6199.7 266.46 449.5 6084.2 274.38 420.9 6008 261.21
5.85 430.23 6186.8 266.23 453.2 6071.8 274.21 424.47 5997.1 260.91
5.8583 432.22 6173.8 266.08 456.79 6059.3 274.04 427.99 5986.2 260.63
5.8667 434.21 6160.8 266.03 460.23 6046.9 273.86 431.47 5975.2 260.37
5.875 436.24 6147.8 266.07 463.48 6034.5 273.67 434.91 5964.4 260.15
5.8833 438.37 6135 266.19 466.53 6022.3 273.49 438.3 5953.6 259.98
5.8917 440.65 6122.4 266.38 469.36 6010.5 273.3 441.65 5942.9 259.87
5.9 443.1 6110 266.62 471.98 5998.9 273.12 444.92 5932.4 259.81
5.9083 445.74 6097.8 266.91 474.38 5987.7 272.94 448.11 5922.1 259.81
5.9167 448.54 6085.8 267.23 476.59 5976.9 272.75 451.19 5911.8 259.84
5.925 451.47 6074 267.56 478.62 5966.3 272.57 454.12 5901.7 259.92
5.9333 454.47 6062.3 267.9 480.49 5956.1 272.38 456.88 5891.7 260.01
5.9417 457.46 6050.7 268.24 482.23 5946 272.19 459.44 5881.6 260.11
5.95 460.38 6039.1 268.57 483.86 5936 271.99 461.77 5871.6 260.2
5.9583 463.15 6027.4 268.89 485.41 5926.1 271.79 463.87 5861.6 260.27
5.9667 465.72 6015.7 269.2 486.88 5916.2 271.58 465.72 5851.5 260.31
5.975 468.05 6003.9 269.48 488.29 5906.4 271.36 467.34 5841.5 260.31
5.9833 470.16 5992.1 269.73 489.66 5896.5 271.13 468.75 5831.5 260.28
5.9917 472.02 5980.4 269.97 490.99 5886.6 270.89 469.98 5821.6 260.21
6 473.7 5968.7 270.18 492.28 5876.8 270.64 471.05 5811.9 260.11
6.0083 475.22 5957.1 270.38 493.54 5867 270.38 472.01 5802.4 259.98
6.0167 476.61 5945.7 270.57 494.76 5857.4 270.1 472.89 5793.1 259.83
6.025 477.91 5934.4 270.76 495.94 5847.8 269.8 473.71 5784 259.67
6.0333 479.17 5923.3 270.94 497.08 5838.4 269.47 474.51 5775.1 259.5
6.0417 480.38 5912.2 271.13 498.17 5829 269.12 475.29 5766.3 259.34
6.05 481.59 5901.3 271.32 499.2 5819.6 268.73 476.06 5757.7 259.17
