0.0083333 -4.428 3.8209 99.191 -33.052 132.18 86.931 -6.0366 272.2 84.058
0.016667 -3.7244 12.98 99.389 -32.251 141.89 86.953 -4.6939 280.26 83.938
0.025 -3.0633 22.432 99.591 -31.358 151.78 86.955 -3.3327 288.52 83.81
0.033333 -2.4483 32.17 99.789 -30.368 161.83 86.938 -1.9587 297 83.683
0.041667 -1.8844 42.181 99.972 -29.279 172.08 86.899 -0.57822 305.74 83.566
0.05 -1.3753 52.444 100.13 -28.096 182.52 86.838 0.80109 314.73 83.467
0.058333 -0.91914 62.935 100.26 -26.823 193.15 86.759 2.1712 324 83.396
0.066667 -0.51661 73.626 100.35 -25.475 203.99 86.661 3.5237 333.53 83.359
0.075 -0.15629 84.493 100.39 -24.064 215 86.549 4.8501 343.33 83.359
0.083333 0.17715 95.515 100.39 -22.612 226.17 86.426 6.1415 353.35 83.397
0.091667 0.50628 106.67 100.33 -21.139 237.47 86.297 7.3896 363.58 83.471
0.1 0.85902 117.94 100.23 -19.667 248.87 86.168 8.5852 373.98 83.573
0.10833 1.2654 129.3 100.08 -18.222 260.31 86.043 9.7195 384.49 83.695
0.11667 1.7545 140.74 99.897 -16.828 271.75 85.931 10.783 395.08 83.827
0.125 2.3492 152.23 99.686 -15.508 283.12 85.838 11.764 405.69 83.958
0.13333 3.063 163.75 99.454 -14.284 294.39 85.771 12.653 416.28 84.081
0.14167 3.8956 175.28 99.208 -13.174 305.5 85.738 13.438 426.8 84.188
0.15 4.8308 186.77 98.954 -12.193 316.39 85.745 14.106 437.21 84.275
0.15833 5.8385 198.21 98.698 -11.35 327.05 85.797 14.644 447.48 84.343
0.16667 6.8786 209.55 98.442 -10.652 337.44 85.899 15.039 457.59 84.393
0.175 7.9095 220.78 98.188 -10.099 347.56 86.051 15.281 467.52 84.431
0.18333 8.896 231.89 97.933 -9.6847 357.41 86.254 15.358 477.27 84.463
0.19167 9.814 242.87 97.673 -9.4007 367 86.503 15.261 486.85 84.499
0.2 10.651 253.73 97.403 -9.234 376.36 86.794 14.985 496.26 84.544
0.20833 11.404 264.49 97.121 -9.1692 385.53 87.122 14.526 505.52 84.607
0.21667 12.076 275.17 96.825 -9.1896 394.55 87.478 13.884 514.67 84.692
0.225 12.679 285.77 96.518 -9.2794 403.47 87.856 13.062 523.71 84.801
0.23333 13.229 296.31 96.206 -9.4241 412.33 88.252 12.068 532.7 84.936
0.24167 13.739 306.8 95.894 -9.613 421.17 88.658 10.91 541.64 85.095
0.25 14.229 317.27 95.592 -9.84 430.02 89.074 9.5994 550.57 85.275
0.25833 14.702 327.71 95.306 -10.102 438.9 89.495 8.1508 559.51 85.472
0.26667 15.167 338.13 95.046 -10.403 447.84 89.92 6.5786 568.48 85.68
0.275 15.616 348.55 94.817 -10.746 456.84 90.349 4.8984 577.5 85.896
0.28333 16.035 358.95 94.619 -11.136 465.88 90.78 3.1258 586.57 86.115
0.29167 16.405 369.33 94.453 -11.579 474.97 91.213 1.2756 595.71 86.334
0.3 16.705 379.7 94.313 -12.078 484.1 91.647 -0.6376 604.9 86.551
0.30833 16.916 390.05 94.191 -12.633 493.25 92.083 -2.6016 614.14 86.764
0.31667 17.021 400.37 94.078 -13.244 502.41 92.518 -4.6045 623.44 86.973
0.325 17.014 410.67 93.963 -13.907 511.59 92.951 -6.6375 632.77 87.177
0.33333 16.894 420.95 93.838 -14.618 520.78 93.38 -8.6933 642.13 87.379
0.34167 16.669 431.21 93.691 -15.369 529.98 93.8 -10.765 651.5 87.577
0.35 16.355 441.46 93.518 -16.155 539.19 94.209 -12.85 660.88 87.773
0.35833 15.975 451.72 93.316 -16.97 548.44 94.601 -14.945 670.25 87.967
0.36667 15.553 462.01 93.087 -17.81 557.73 94.973 -17.047 679.6 88.16
0.375 15.113 472.35 92.832 -18.672 567.07 95.322 -19.156 688.92 88.352
0.38333 14.675 482.75 92.56 -19.558 576.48 95.645 -21.27 698.21 88.543
0.39167 14.251 493.23 92.28 -20.47 585.96 95.942 -23.386 707.47 88.734
0.4 13.844 503.81 92.003 -21.412 595.54 96.21 -25.502 716.69 88.925
0.40833 13.451 514.5 91.742 -22.392 605.23 96.452 -27.612 725.88 89.115
0.41667 13.051 525.29 91.51 -23.418 615.02 96.666 -29.71 735.05 89.305
0.425 12.622 536.18 91.32 -24.499 624.92 96.852 -31.788 744.2 89.491
0.43333 12.141 547.16 91.183 -25.64 634.94 97.01 -33.838 753.35 89.672
0.44167 11.583 558.22 91.105 -26.851 645.07 97.14 -35.85 762.5 89.844
0.45 10.928 569.35 91.091 -28.134 655.31 97.239 -37.819 771.68 90.003
0.45833 10.164 580.55 91.135 -29.493 665.66 97.308 -39.737 780.9 90.144
0.46667 9.2882 591.85 91.229 -30.927 676.11 97.345 -41.604 790.17 90.263
0.475 8.3077 603.25 91.359 -32.434 686.65 97.35 -43.42 799.51 90.353
0.48333 7.2381 614.8 91.508 -34.011 697.3 97.325 -45.194 808.93 90.413
0.49167 6.1037 626.5 91.662 -35.653 708.03 97.273 -46.938 818.45 90.439
0.5 4.9243 638.36 91.81 -37.357 718.85 97.199 -48.671 828.07 90.433
0.50833 3.7141 650.38 91.949 -39.119 729.75 97.109 -50.414 837.82 90.395
0.51667 2.4742 662.53 92.08 -40.939 740.74 97.013 -52.194 847.71 90.332
0.525 1.2036 674.77 92.205 -42.82 751.81 96.919 -54.037 857.74 90.25
0.53333 -0.10673 687.08 92.326 -44.765 762.97 96.838 -55.971 867.93 90.158
0.54167 -1.4601 699.48 92.436 -46.785 774.22 96.779 -58.02 878.29 90.064
0.55 -2.8664 711.95 92.536 -48.888 785.57 96.752 -60.203 888.83 89.977
0.55833 -4.3341 724.51 92.621 -51.087 797.02 96.764 -62.535 899.56 89.904
0.56667 -5.869 737.2 92.684 -53.394 808.58 96.818 -65.023 910.49 89.85
0.575 -7.4877 750.04 92.723 -55.818 820.27 96.918 -67.668 921.62 89.818
0.58333 -9.1936 763.08 92.734 -58.368 832.09 97.061 -70.462 932.95 89.807
0.59167 -10.997 776.33 92.716 -61.047 844.06 97.246 -73.395 944.47 89.814
0.6 -12.908 789.81 92.676 -63.854 856.18 97.466 -76.451 956.18 89.834
0.60833 -14.933 803.52 92.622 -66.782 868.45 97.714 -79.612 968.04 89.861
0.61667 -17.077 817.42 92.569 -69.816 880.88 97.982 -82.86 980.05 89.888
0.625 -19.341 831.48 92.532 -72.94 893.45 98.261 -86.175 992.16 89.911
0.63333 -21.727 845.64 92.53 -76.128 906.17 98.545 -89.544 1004.3 89.924
0.64167 -24.227 859.85 92.577 -79.355 919.02 98.827 -92.954 1016.6 89.928
0.65 -26.834 874.04 92.682 -82.591 931.97 99.101 -96.396 1028.8 89.924
0.65833 -29.54 888.16 92.849 -85.806 945 99.365 -99.862 1041 89.916
0.66667 -32.328 902.15 93.078 -88.973 958.08 99.615 -103.35 1053.1 89.911
0.675 -35.185 915.97 93.364 -92.065 971.18 99.85 -106.85 1065.1 89.918
0.68333 -38.095 929.59 93.696 -95.062 984.26 100.07 -110.36 1077.1 89.946
0.69167 -41.043 942.98 94.062 -97.945 997.28 100.27 -113.87 1089 90.001
0.7 -44.016 956.13 94.448 -100.71 1010.2 100.46 -117.36 1100.8 90.091
0.70833 -47.002 969.04 94.843 -103.34 1023 100.63 -120.83 1112.6 90.217
0.71667 -49.997 981.72 95.239 -105.84 1035.6 100.77 -124.26 1124.3 90.379
0.725 -53 994.2 95.634 -108.22 1048.1 100.9 -127.62 1136 90.57
0.73333 -56.018 1006.5 96.03 -110.5 1060.3 101 -130.9 1147.7 90.783
0.74167 -59.059 1018.7 96.433 -112.67 1072.3 101.07 -134.06 1159.4 91.006
0.75 -62.128 1030.9 96.849 -114.77 1084 101.11 -137.09 1171.2 91.225
0.75833 -65.225 1043 97.284 -116.81 1095.6 101.13 -139.96 1183 91.427
0.76667 -68.348 1055.1 97.741 -118.8 1106.9 101.12 -142.68 1194.8 91.598
0.775 -71.486 1067.3 98.225 -120.77 1118 101.09 -145.22 1206.7 91.727
0.78333 -74.626 1079.4 98.732 -122.73 1129 101.04 -147.59 1218.6 91.807
0.79167 -77.744 1091.5 99.266 -124.68 1139.8 100.97 -149.79 1230.5 91.833
0.8 -80.819 1103.7 99.825 -126.65 1150.5 100.89 -151.85 1242.4 91.807
0.80833 -83.826 1115.8 100.41 -128.63 1161.2 100.81 -153.76 1254.2 91.733
0.81667 -86.75 1127.9 101.01 -130.64 1171.8 100.73 -155.57 1266 91.617
0.825 -89.572 1139.9 101.62 -132.67 1182.4 100.65 -157.28 1277.7 91.468
0.83333 -92.284 1151.9 102.25 -134.73 1192.9 100.58 -158.93 1289.3 91.297
0.84167 -94.886 1163.8 102.89 -136.82 1203.6 100.52 -160.53 1300.9 91.112
0.85 -97.385 1175.7 103.55 -138.92 1214.2 100.46 -162.11 1312.3 90.924
0.85833 -99.793 1187.5 104.21 -141.05 1225 100.41 -163.69 1323.6 90.737
0.86667 -102.13 1199.2 104.89 -143.2 1235.8 100.37 -165.26 1334.8 90.558
0.875 -104.42 1210.9 105.59 -145.36 1246.7 100.34 -166.86 1345.8 90.389
0.88333 -106.67 1222.5 106.3 -147.54 1257.6 100.31 -168.48 1356.9 90.231
0.89167 -108.91 1234.1 107.03 -149.74 1268.7 100.29 -170.13 1367.8 90.081
0.9 -111.15 1245.6 107.78 -151.96 1279.9 100.27 -171.8 1378.6 89.937
0.90833 -113.38 1257.1 108.54 -154.2 1291.2 100.26 -173.5 1389.4 89.797
0.91667 -115.62 1268.6 109.31 -156.46 1302.5 100.26 -175.23 1400.2 89.657
0.925 -117.85 1280 110.09 -158.75 1314 100.28 -176.98 1411 89.515
0.93333 -120.07 1291.5 110.85 -161.07 1325.6 100.31 -178.74 1421.7 89.368
0.94167 -122.25 1302.9 111.6 -163.43 1337.2 100.37 -180.52 1432.5 89.216
0.95 -124.4 1314.4 112.32 -165.84 1349 100.45 -182.31 1443.3 89.057
0.95833 -126.51 1326 113 -168.28 1360.9 100.56 -184.1 1454.1 88.893
0.96667 -128.57 1337.6 113.63 -170.78 1372.8 100.69 -185.89 1465 88.724
0.975 -130.6 1349.4 114.2 -173.32 1384.9 100.85 -187.66 1476 88.55
0.98333 -132.6 1361.3 114.71 -175.91 1397 101.03 -189.42 1487.1 88.372
0.99167 -134.6 1373.3 115.15 -178.54 1409.2 101.23 -191.16 1498.4 88.189
1 -136.61 1385.5 115.53 -181.2 1421.4 101.44 -192.86 1509.7 88.001
1.0083 -138.66 1397.9 115.83 -183.9 1433.8 101.67 -194.52 1521.1 87.805
1.0167 -140.76 1410.5 116.08 -186.61 1446.2 101.91 -196.14 1532.7 87.601
1.025 -142.93 1423.2 116.27 -189.33 1458.6 102.15 -197.72 1544.4 87.386
1.0333 -145.18 1436 116.42 -192.06 1471.2 102.38 -199.25 1556.1 87.157
1.0417 -147.53 1449 116.53 -194.79 1483.8 102.62 -200.74 1568 86.914
1.05 -149.98 1462.1 116.62 -197.5 1496.6 102.85 -202.2 1579.9 86.656
1.0583 -152.52 1475.2 116.69 -200.2 1509.5 103.06 -203.63 1591.9 86.383
1.0667 -155.13 1488.3 116.73 -202.89 1522.5 103.26 -205.04 1603.9 86.098
1.075 -157.8 1501.5 116.76 -205.55 1535.6 103.42 -206.45 1616 85.804
1.0833 -160.52 1514.7 116.78 -208.18 1548.9 103.55 -207.86 1628.1 85.505
1.0917 -163.29 1528 116.8 -210.78 1562.4 103.64 -209.29 1640.2 85.206
1.1 -166.11 1541.3 116.82 -213.34 1576 103.68 -210.75 1652.4 84.914
1.1083 -169.01 1554.8 116.85 -215.85 1589.7 103.67 -212.24 1664.6 84.632
1.1167 -172.02 1568.4 116.89 -218.3 1603.6 103.61 -213.77 1676.8 84.367
1.125 -175.18 1582.1 116.94 -220.7 1617.5 103.5 -215.34 1689.1 84.121
1.1333 -178.51 1595.9 116.99 -223.05 1631.5 103.33 -216.94 1701.3 83.895
1.1417 -182.04 1609.9 117.04 -225.35 1645.6 103.11 -218.57 1713.7 83.69
1.15 -185.77 1623.9 117.07 -227.59 1659.7 102.87 -220.21 1726.1 83.503
1.1583 -189.67 1638.1 117.07 -229.81 1673.7 102.6 -221.85 1738.5 83.329
1.1667 -193.72 1652.3 117.03 -232.02 1687.7 102.32 -223.49 1750.9 83.163
1.175 -197.85 1666.4 116.93 -234.24 1701.5 102.06 -225.11 1763.4 82.996
1.1833 -201.99 1680.5 116.78 -236.49 1715.2 101.81 -226.7 1775.9 82.823
1.1917 -206.09 1694.5 116.58 -238.8 1728.8 101.6 -228.26 1788.4 82.634
1.2 -210.06 1708.4 116.33 -241.21 1742.2 101.44 -229.81 1800.9 82.425
1.2083 -213.86 1722.2 116.04 -243.72 1755.4 101.33 -231.34 1813.4 82.192
1.2167 -217.44 1735.8 115.72 -246.35 1768.4 101.29 -232.88 1825.9 81.933
1.225 -220.81 1749.3 115.39 -249.11 1781.1 101.31 -234.46 1838.3 81.651
1.2333 -223.98 1762.6 115.06 -252 1793.7 101.4 -236.1 1850.7 81.35
1.2417 -226.99 1775.7 114.75 -255.02 1806 101.55 -237.84 1863.1 81.038
1.25 -229.88 1788.7 114.48 -258.14 1818 101.76 -239.72 1875.4 80.725
1.2583 -232.69 1801.6 114.25 -261.35 1829.8 102.02 -241.76 1887.7 80.421
1.2667 -235.48 1814.3 114.07 -264.62 1841.4 102.31 -244.01 1899.8 80.139
1.275 -238.27 1827 113.94 -267.92 1852.8 102.64 -246.47 1911.9 79.89
1.2833 -241.09 1839.6 113.86 -271.24 1864 103 -249.17 1923.9 79.683
1.2917 -243.95 1852.1 113.81 -274.56 1875 103.37 -252.11 1935.8 79.524
1.3 -246.87 1864.6 113.77 -277.85 1885.9 103.75 -255.3 1947.6 79.417
1.3083 -249.85 1877 113.74 -281.13 1896.6 104.14 -258.71 1959.3 79.363
1.3167 -252.9 1889.4 113.71 -284.39 1907.3 104.53 -262.34 1970.9 79.358
1.325 -256.01 1901.6 113.65 -287.64 1917.9 104.93 -266.14 1982.4 79.397
1.3333 -259.17 1913.8 113.56 -290.9 1928.5 105.33 -270.11 1993.7 79.469
1.3417 -262.37 1925.8 113.44 -294.2 1939.1 105.72 -274.2 2005 79.565
1.35 -265.6 1937.6 113.29 -297.54 1949.7 106.12 -278.38 2016.3 79.674
1.3583 -268.86 1949.4 113.11 -300.95 1960.4 106.52 -282.64 2027.4 79.782
1.3667 -272.14 1961 112.91 -304.45 1971.1 106.92 -286.95 2038.5 79.88
1.375 -275.45 1972.6 112.69 -308.03 1981.9 107.32 -291.3 2049.5 79.958
1.3833 -278.77 1984 112.47 -311.71 1992.7 107.72 -295.67 2060.4 80.012
1.3917 -282.11 1995.4 112.25 -315.47 2003.6 108.11 -300.06 2071.2 80.038
1.4 -285.48 2006.7 112.04 -319.32 2014.5 108.49 -304.49 2082 80.035
1.4083 -288.89 2017.9 111.82 -323.23 2025.5 108.87 -308.94 2092.7 80.008
1.4167 -292.34 2029.1 111.61 -327.2 2036.5 109.22 -313.43 2103.3 79.961
1.425 -295.83 2040.3 111.4 -331.21 2047.6 109.56 -317.96 2113.8 79.9
1.4333 -299.4 2051.4 111.18 -335.26 2058.7 109.88 -322.53 2124.3 79.833
1.4417 -303.03 2062.5 110.94 -339.34 2069.9 110.17 -327.16 2134.6 79.765
1.45 -306.74 2073.6 110.7 -343.45 2081.1 110.44 -331.83 2144.9 79.702
1.4583 -310.54 2084.6 110.43 -347.6 2092.3 110.68 -336.53 2155.1 79.647
1.4667 -314.42 2095.7 110.17 -351.79 2103.6 110.89 -341.27 2165.2 79.601
1.475 -318.37 2106.8 109.9 -356.03 2115 111.08 -346.03 2175.3 79.562
1.4833 -322.39 2117.9 109.66 -360.34 2126.4 111.24 -350.79 2185.4 79.527
1.4917 -326.47 2129 109.44 -364.71 2137.9 111.38 -355.55 2195.4 79.492
1.5 -330.59 2140.2 109.26 -369.15 2149.5 111.5 -360.29 2205.5 79.45
1.5083 -334.74 2151.5 109.13 -373.65 2161.1 111.6 -365 2215.7 79.397
1.5167 -338.93 2162.8 109.05 -378.22 2172.7 111.69 -369.69 2225.9 79.328
1.525 -343.17 2174.2 109.02 -382.85 2184.4 111.77 -374.36 2236.2 79.24
1.5333 -347.48 2185.8 109.02 -387.53 2196.1 111.84 -379 2246.5 79.134
1.5417 -351.89 2197.4 109.04 -392.25 2207.8 111.9 -383.63 2257 79.01
1.55 -356.4 2209.2 109.06 -397 2219.6 111.96 -388.25 2267.5 78.871
1.5583 -361.05 2221.1 109.09 -401.79 2231.3 112.01 -392.88 2278.1 78.721
1.5667 -365.83 2233.1 109.11 -406.61 2243.1 112.07 -397.53 2288.7 78.565
1.575 -370.76 2245.1 109.12 -411.46 2254.9 112.12 -402.2 2299.4 78.407
1.5833 -375.85 2257 109.13 -416.36 2266.7 112.18 -406.91 2310.1 78.248
1.5917 -381.07 2269 109.12 -421.33 2278.5 112.24 -411.66 2320.9 78.089
1.6 -386.44 2281 109.09 -426.36 2290.4 112.32 -416.44 2331.6 77.927
1.6083 -391.94 2293 109.05 -431.49 2302.3 112.4 -421.26 2342.5 77.757
1.6167 -397.57 2305 109 -436.72 2314.3 112.5 -426.1 2353.4 77.573
1.625 -403.31 2317.2 108.93 -442.07 2326.2 112.61 -430.97 2364.3 77.367
1.6333 -409.17 2329.6 108.86 -447.53 2338.3 112.74 -435.84 2375.3 77.132
1.6417 -415.13 2342.3 108.79 -453.11 2350.3 112.88 -440.72 2386.4 76.861
1.65 -421.19 2355.1 108.73 -458.8 2362.4 113.04 -445.6 2397.7 76.552
1.6583 -427.34 2368.3 108.7 -464.59 2374.4 113.2 -450.49 2409 76.203
1.6667 -433.59 2381.6 108.7 -470.45 2386.5 113.37 -455.38 2420.5 75.819
1.675 -439.91 2395.2 108.74 -476.36 2398.6 113.55 -460.28 2432 75.408
1.6833 -446.31 2408.9 108.85 -482.3 2410.6 113.71 -465.2 2443.7 74.981
1.6917 -452.77 2422.6 109.02 -488.23 2422.7 113.87 -470.15 2455.5 74.55
1.7 -459.26 2436.2 109.26 -494.13 2434.7 114 -475.14 2467.3 74.13
1.7083 -465.78 2449.7 109.56 -499.98 2446.8 114.11 -480.18 2479.1 73.735
1.7167 -472.28 2463 109.91 -505.74 2458.8 114.19 -485.26 2490.9 73.374
1.725 -478.74 2476 110.29 -511.39 2470.9 114.23 -490.38 2502.8 73.055
1.7333 -485.12 2488.7 110.69 -516.92 2483 114.25 -495.53 2514.5 72.782
1.7417 -491.38 2501 111.09 -522.31 2495.1 114.22 -500.69 2526.3 72.553
1.75 -497.51 2513 111.46 -527.56 2507.2 114.17 -505.85 2537.9 72.364
1.7583 -503.48 2524.7 111.78 -532.65 2519.4 114.08 -510.96 2549.5 72.207
1.7667 -509.32 2536 112.05 -537.57 2531.5 113.96 -516.02 2561.1 72.071
1.775 -515.02 2547.2 112.27 -542.34 2543.5 113.81 -520.97 2572.6 71.948
1.7833 -520.62 2558.2 112.43 -546.94 2555.5 113.64 -525.8 2584.1 71.827
1.7917 -526.13 2569.1 112.54 -551.39 2567.4 113.45 -530.49 2595.7 71.701
1.8 -531.56 2579.9 112.61 -555.71 2579.2 113.23 -535 2607.3 71.566
1.8083 -536.9 2590.7 112.65 -559.89 2590.8 112.98 -539.34 2619.1 71.42
1.8167 -542.15 2601.5 112.67 -563.97 2602.3 112.72 -543.49 2630.9 71.265
1.825 -547.29 2612.2 112.68 -567.95 2613.6 112.44 -547.45 2642.8 71.104
1.8333 -552.29 2623 112.69 -571.85 2624.8 112.13 -551.23 2654.9 70.942
1.8417 -557.14 2633.8 112.73 -575.7 2635.9 111.8 -554.83 2667.1 70.786
1.85 -561.82 2644.6 112.79 -579.5 2646.9 111.44 -558.27 2679.3 70.638
1.8583 -566.3 2655.4 112.89 -583.28 2657.8 111.06 -561.57 2691.7 70.501
1.8667 -570.59 2666.3 113.03 -587.05 2668.7 110.66 -564.72 2704 70.374
1.875 -574.68 2677.1 113.22 -590.82 2679.6 110.24 -567.74 2716.4 70.25
1.8833 -578.59 2687.9 113.45 -594.58 2690.6 109.81 -570.63 2728.8 70.124
1.8917 -582.35 2698.6 113.73 -598.35 2701.6 109.37 -573.41 2741.1 69.984
1.9 -585.97 2709.4 114.04 -602.12 2712.7 108.92 -576.06 2753.4 69.818
1.9083 -589.49 2720.1 114.38 -605.88 2723.9 108.48 -578.61 2765.5 69.617
1.9167 -592.94 2730.9 114.74 -609.64 2735.2 108.05 -581.03 2777.6 69.369
1.925 -596.35 2741.5 115.11 -613.39 2746.6 107.65 -583.35 2789.5 69.068
1.9333 -599.74 2752.2 115.49 -617.12 2758.1 107.27 -585.56 2801.3 68.71
1.9417 -603.12 2762.8 115.86 -620.83 2769.7 106.93 -587.69 2813 68.294
1.95 -606.51 2773.4 116.23 -624.52 2781.3 106.63 -589.74 2824.6 67.824
1.9583 -609.91 2784 116.58 -628.19 2793 106.36 -591.72 2836 67.308
1.9667 -613.3 2794.6 116.92 -631.84 2804.8 106.13 -593.67 2847.4 66.756
1.975 -616.69 2805.2 117.24 -635.48 2816.6 105.94 -595.6 2858.7 66.179
1.9833 -620.05 2815.9 117.54 -639.1 2828.4 105.77 -597.54 2869.9 65.589
1.9917 -623.38 2826.7 117.83 -642.7 2840.2 105.63 -599.5 2881.1 64.998
2 -626.67 2837.6 118.1 -646.28 2852.1 105.51 -601.49 2892.3 64.416
2.0083 -629.9 2848.6 118.34 -649.84 2864 105.41 -603.53 2903.5 63.851
2.0167 -633.07 2859.8 118.56 -653.37 2876 105.32 -605.63 2914.6 63.307
2.025 -636.19 2871.2 118.75 -656.87 2888 105.24 -607.78 2925.8 62.788
2.0333 -639.25 2882.7 118.92 -660.31 2900 105.16 -609.98 2937 62.292
2.0417 -642.26 2894.4 119.06 -663.7 2912 105.1 -612.22 2948.3 61.819
2.05 -645.23 2906.2 119.19 -667.03 2924.2 105.04 -614.48 2959.6 61.365
2.0583 -648.18 2918.2 119.3 -670.27 2936.3 104.98 -616.76 2971 60.929
2.0667 -651.13 2930.4 119.41 -673.44 2948.6 104.94 -619.04 2982.4 60.505
2.075 -654.1 2942.7 119.52 -676.51 2960.8 104.92 -621.29 2993.8 60.093
2.0833 -657.1 2955.1 119.63 -679.49 2973.2 104.9 -623.52 3005.4 59.69
2.0917 -660.17 2967.6 119.74 -682.37 2985.7 104.9 -625.7 3016.9 59.296
2.1 -663.29 2980 119.84 -685.15 2998.2 104.91 -627.83 3028.6 58.91
2.1083 -666.49 2992.4 119.94 -687.85 3010.9 104.92 -629.9 3040.2 58.532
2.1167 -669.75 3004.8 120.03 -690.44 3023.6 104.94 -631.91 3052 58.161
2.125 -673.08 3017.2 120.11 -692.95 3036.5 104.95 -633.84 3063.7 57.799
2.1333 -676.48 3029.6 120.18 -695.37 3049.4 104.95 -635.7 3075.5 57.443
2.1417 -679.96 3042.1 120.23 -697.7 3062.5 104.94 -637.49 3087.3 57.094
2.15 -683.51 3054.8 120.28 -699.95 3075.6 104.89 -639.2 3099.2 56.749
2.1583 -687.13 3067.7 120.31 -702.12 3088.8 104.82 -640.83 3111.2 56.409
2.1667 -690.81 3080.8 120.32 -704.21 3102 104.72 -642.39 3123.2 56.073
2.175 -694.51 3094.2 120.29 -706.21 3115.2 104.59 -643.88 3135.3 55.74
2.1833 -698.22 3107.9 120.21 -708.14 3128.5 104.42 -645.3 3147.4 55.414
2.1917 -701.91 3121.8 120.07 -710 3141.8 104.22 -646.66 3159.7 55.096
2.2 -705.56 3135.9 119.86 -711.79 3155 104.01 -647.96 3172 54.789
2.2083 -709.15 3150.1 119.56 -713.54 3168.1 103.77 -649.22 3184.4 54.499
2.2167 -712.67 3164.2 119.19 -715.25 3181.2 103.53 -650.45 3196.9 54.229
2.225 -716.1 3178.4 118.74 -716.95 3194.3 103.28 -651.64 3209.4 53.982
2.2333 -719.39 3192.3 118.23 -718.65 3207.2 103.04 -652.82 3221.9 53.76
2.2417 -722.53 3206.1 117.67 -720.38 3220.1 102.81 -653.98 3234.4 53.562
2.25 -725.49 3219.7 117.07 -722.15 3232.8 102.59 -655.13 3247 53.385
2.2583 -728.25 3233 116.46 -723.98 3245.4 102.39 -656.28 3259.5 53.224
2.2667 -730.8 3246.1 115.85 -725.88 3257.9 102.21 -657.42 3272 53.071
2.275 -733.16 3259 115.25 -727.87 3270.3 102.04 -658.56 3284.4 52.918
2.2833 -735.33 3271.6 114.68 -729.93 3282.5 101.88 -659.68 3296.8 52.754
2.2917 -737.34 3284.1 114.14 -732.06 3294.5 101.73 -660.8 3309.1 52.57
2.3 -739.2 3296.5 113.62 -734.25 3306.4 101.59 -661.9 3321.4 52.361
2.3083 -740.93 3308.7 113.14 -736.48 3318.1 101.45 -663 3333.6 52.121
2.3167 -742.52 3320.9 112.68 -738.73 3329.6 101.31 -664.09 3345.7 51.85
2.325 -744.01 3333.1 112.23 -740.99 3341 101.16 -665.19 3357.8 51.552
2.3333 -745.4 3345.4 111.78 -743.22 3352.2 101 -666.31 3369.8 51.236
2.3417 -746.72 3357.6 111.32 -745.42 3363.3 100.83 -667.47 3381.8 50.911
2.35 -747.99 3369.8 110.85 -747.58 3374.3 100.65 -668.68 3393.7 50.592
2.3583 -749.23 3382 110.35 -749.68 3385.1 100.46 -669.96 3405.7 50.294
2.3667 -750.46 3394.2 109.82 -751.73 3395.9 100.26 -671.32 3417.7 50.032
2.375 -751.69 3406.3 109.25 -753.73 3406.6 100.05 -672.79 3429.6 49.819
2.3833 -752.95 3418.3 108.65 -755.69 3417.4 99.844 -674.36 3441.6 49.665
2.3917 -754.26 3430.2 108.02 -757.62 3428.1 99.641 -676.03 3453.7 49.577
2.4 -755.63 3442 107.35 -759.54 3438.8 99.446 -677.81 3465.7 49.555
2.4083 -757.05 3453.6 106.67 -761.45 3449.6 99.262 -679.68 3477.8 49.594
2.4167 -758.55 3465.1 105.98 -763.37 3460.3 99.093 -681.63 3489.9 49.686
2.425 -760.11 3476.6 105.29 -765.31 3471.2 98.941 -683.63 3501.9 49.816
2.4333 -761.73 3487.9 104.61 -767.27 3482 98.808 -685.68 3514 49.97
2.4417 -763.39 3499.1 103.93 -769.24 3492.9 98.693 -687.75 3526 50.127
2.45 -765.09 3510.4 103.27 -771.22 3503.9 98.595 -689.82 3538 50.27
2.4583 -766.81 3521.6 102.61 -773.21 3514.9 98.511 -691.88 3549.9 50.383
2.4667 -768.55 3532.7 101.95 -775.2 3526 98.437 -693.92 3561.7 50.45
2.475 -770.29 3543.9 101.29 -777.17 3537.1 98.37 -695.93 3573.4 50.461
2.4833 -772.05 3555.1 100.62 -779.14 3548.2 98.304 -697.92 3585 50.409
2.4917 -773.82 3566.2 99.932 -781.08 3559.5 98.237 -699.89 3596.4 50.289
2.5 -775.61 3577.4 99.222 -783 3570.8 98.165 -701.85 3607.7 50.103
2.5083 -777.44 3588.5 98.493 -784.9 3582.2 98.087 -703.79 3619 49.853
2.5167 -779.31 3599.6 97.755 -786.79 3593.7 98.003 -705.74 3630.1 49.544
2.525 -781.22 3610.8 97.017 -788.67 3605.3 97.912 -707.69 3641.1 49.183
2.5333 -783.18 3621.9 96.295 -790.54 3617 97.816 -709.65 3652.1 48.776
2.5417 -785.18 3633.1 95.606 -792.41 3628.9 97.718 -711.62 3663 48.333
2.55 -787.22 3644.3 94.966 -794.29 3640.8 97.619 -713.61 3673.9 47.861
2.5583 -789.28 3655.6 94.389 -796.18 3652.9 97.52 -715.61 3684.8 47.367
2.5667 -791.37 3667 93.884 -798.08 3665 97.424 -717.61 3695.7 46.858
2.575 -793.48 3678.5 93.453 -799.99 3677.2 97.331 -719.62 3706.7 46.342
2.5833 -795.62 3690.2 93.093 -801.9 3689.5 97.239 -721.64 3717.7 45.823
2.5917 -797.79 3702 92.796 -803.83 3701.9 97.147 -723.66 3728.8 45.309
2.6 -800 3714 92.55 -805.78 3714.4 97.055 -725.69 3740 44.802
2.6083 -802.24 3726.2 92.342 -807.73 3726.9 96.959 -727.72 3751.2 44.308
2.6167 -804.49 3738.5 92.16 -809.69 3739.4 96.856 -729.76 3762.5 43.829
2.625 -806.77 3751 91.994 -811.67 3752 96.745 -731.8 3773.9 43.366
2.6333 -809.06 3763.5 91.832 -813.66 3764.6 96.625 -733.83 3785.4 42.919
2.6417 -811.35 3776.2 91.665 -815.68 3777.3 96.495 -735.86 3796.9 42.486
2.65 -813.64 3789 91.486 -817.72 3790 96.356 -737.87 3808.5 42.063
2.6583 -815.92 3802 91.288 -819.79 3802.6 96.21 -739.85 3820.2 41.645
2.6667 -818.19 3815 91.072 -821.89 3815.3 96.06 -741.79 3832 41.226
2.675 -820.46 3828.2 90.842 -824.02 3827.9 95.91 -743.68 3843.8 40.799
2.6833 -822.74 3841.6 90.606 -826.19 3840.6 95.762 -745.51 3855.7 40.356
2.6917 -825.01 3855.1 90.374 -828.38 3853.2 95.62 -747.27 3867.6 39.894
2.7 -827.29 3868.9 90.161 -830.59 3865.8 95.485 -748.96 3879.6 39.409
2.7083 -829.57 3882.7 89.979 -832.81 3878.4 95.359 -750.59 3891.7 38.9
2.7167 -831.83 3896.7 89.835 -835.01 3891.1 95.241 -752.16 3903.8 38.369
2.725 -834.07 3910.7 89.743 -837.18 3903.7 95.13 -753.69 3916 37.822
2.7333 -836.26 3924.7 89.704 -839.28 3916.4 95.022 -755.2 3928.2 37.266
2.7417 -838.39 3938.7 89.717 -841.31 3929.1 94.912 -756.72 3940.4 36.71
2.75 -840.46 3952.5 89.772 -843.23 3941.9 94.795 -758.26 3952.6 36.164
2.7583 -842.46 3966.1 89.856 -845.02 3954.7 94.664 -759.85 3964.9 35.64
2.7667 -844.38 3979.4 89.951 -846.66 3967.5 94.513 -761.48 3977.1 35.147
2.775 -846.23 3992.5 90.031 -848.15 3980.4 94.334 -763.17 3989.4 34.691
2.7833 -848 4005.2 90.074 -849.48 3993.2 94.121 -764.89 4001.6 34.276
2.7917 -849.69 4017.6 90.052 -850.63 4006.1 93.867 -766.63 4013.9 33.905
2.8 -851.3 4029.6 89.947 -851.63 4018.8 93.568 -768.35 4026.1 33.573
2.8083 -852.83 4041.4 89.742 -852.47 4031.5 93.219 -770.01 4038.3 33.274
2.8167 -854.27 4052.9 89.436 -853.18 4044 92.817 -771.54 4050.4 32.998
2.825 -855.63 4064.2 89.037 -853.76 4056.3 92.361 -772.91 4062.6 32.732
2.8333 -856.87 4075.4 88.562 -854.22 4068.4 91.85 -774.06 4074.6 32.463
2.8417 -857.97 4086.5 88.035 -854.59 4080.4 91.285 -774.95 4086.7 32.176
2.85 -858.87 4097.5 87.482 -854.86 4092.1 90.668 -775.53 4098.7 31.859
2.8583 -859.55 4108.4 86.931 -855.05 4103.7 90.002 -775.8 4110.6 31.502
2.8667 -859.96 4119.3 86.406 -855.14 4115.1 89.288 -775.74 4122.4 31.098
2.875 -860.07 4130.1 85.929 -855.15 4126.4 88.529 -775.36 4134.2 30.644
2.8833 -859.87 4140.8 85.513 -855.07 4137.5 87.73 -774.68 4145.9 30.141
2.8917 -859.37 4151.3 85.169 -854.88 4148.6 86.893 -773.74 4157.5 29.595
2.9 -858.61 4161.8 84.894 -854.58 4159.6 86.022 -772.58 4168.9 29.013
2.9083 -857.6 4172 84.682 -854.16 4170.6 85.121 -771.25 4180.3 28.405
2.9167 -856.38 4182.1 84.52 -853.61 4181.5 84.197 -769.77 4191.6 27.782
2.925 -854.97 4192.1 84.395 -852.93 4192.5 83.255 -768.2 4202.8 27.152
2.9333 -853.4 4201.9 84.287 -852.11 4203.4 82.302 -766.56 4213.8 26.526
2.9417 -851.69 4211.5 84.181 -851.16 4214.3 81.347 -764.87 4224.8 25.91
2.95 -849.88 4221.1 84.064 -850.08 4225.1 80.398 -763.14 4235.8 25.308
2.9583 -848.01 4230.7 83.928 -848.87 4235.9 79.465 -761.38 4246.6 24.722
2.9667 -846.11 4240.2 83.768 -847.53 4246.7 78.557 -759.58 4257.4 24.153
2.975 -844.21 4249.7 83.585 -846.08 4257.4 77.685 -757.72 4268.2 23.595
2.9833 -842.32 4259.2 83.38 -844.52 4268 76.855 -755.79 4278.8 23.046
2.9917 -840.47 4268.7 83.162 -842.84 4278.6 76.075 -753.78 4289.4 22.499
3 -838.64 4278.2 82.938 -841.05 4289.2 75.348 -751.66 4300 21.95
3.0083 -836.85 4287.7 82.717 -839.15 4299.7 74.677 -749.43 4310.4 21.393
3.0167 -835.08 4297.2 82.508 -837.14 4310.1 74.061 -747.08 4320.8 20.828
3.025 -833.32 4306.8 82.319 -835 4320.6 73.498 -744.62 4331 20.254
3.0333 -831.55 4316.4 82.154 -832.73 4331 72.984 -742.04 4341.2 19.674
3.0417 -829.75 4326 82.014 -830.34 4341.5 72.511 -739.35 4351.2 19.092
3.05 -827.88 4335.7 81.896 -827.8 4351.9 72.073 -736.56 4361.2 18.515
3.0583 -825.92 4345.5 81.796 -825.13 4362.4 71.665 -733.67 4371 17.951
3.0667 -823.84 4355.3 81.707 -822.32 4372.8 71.279 -730.69 4380.8 17.41
3.075 -821.6 4365.2 81.62 -819.37 4383.3 70.912 -727.63 4390.5 16.898
3.0833 -819.17 4375.2 81.529 -816.29 4393.7 70.561 -724.47 4400.1 16.422
3.0917 -816.54 4385.3 81.428 -813.08 4404 70.225 -721.22 4409.7 15.986
3.1 -813.67 4395.5 81.319 -809.75 4414.3 69.908 -717.87 4419.3 15.591
3.1083 -810.55 4405.7 81.203 -806.31 4424.5 69.611 -714.41 4428.8 15.235
3.1167 -807.2 4416.1 81.088 -802.74 4434.6 69.338 -710.84 4438.4 14.915
3.125 -803.62 4426.5 80.982 -799.06 4444.7 69.095 -707.15 4447.9 14.623
3.1333 -799.88 4437 80.893 -795.25 4454.6 68.885 -703.33 4457.4 14.351
3.1417 -796.04 4447.6 80.826 -791.31 4464.5 68.709 -699.38 4466.8 14.088
3.15 -792.15 4458.3 80.787 -787.24 4474.3 68.566 -695.3 4476.3 13.825
3.1583 -788.24 4469 80.77 -783.02 4484.1 68.456 -691.09 4485.6 13.553
3.1667 -784.33 4479.7 80.773 -778.64 4493.9 68.372 -686.74 4494.9 13.265
3.175 -780.42 4490.5 80.79 -774.1 4503.6 68.308 -682.28 4504.1 12.955
3.1833 -776.48 4501.4 80.814 -769.38 4513.3 68.254 -677.68 4513.2 12.621
3.1917 -772.51 4512.4 80.843 -764.49 4523 68.201 -672.96 4522.2 12.264
3.2 -768.45 4523.5 80.871 -759.43 4532.8 68.138 -668.11 4531.1 11.888
3.2083 -764.27 4534.8 80.888 -754.2 4542.5 68.057 -663.12 4540 11.498
3.2167 -759.92 4546.2 80.887 -748.81 4552.1 67.95 -657.99 4548.7 11.101
3.225 -755.36 4557.9 80.856 -743.27 4561.8 67.811 -652.72 4557.4 10.706
3.2333 -750.55 4569.7 80.78 -737.6 4571.4 67.639 -647.3 4566.1 10.319
3.2417 -745.47 4581.6 80.645 -731.81 4581 67.435 -641.73 4574.8 9.9486
3.25 -740.11 4593.6 80.437 -725.92 4590.5 67.198 -636.02 4583.5 9.598
3.2583 -734.5 4605.6 80.146 -719.95 4599.9 66.936 -630.16 4592.2 9.2704
3.2667 -728.67 4617.5 79.768 -713.92 4609.3 66.652 -624.17 4600.8 8.9644
3.275 -722.65 4629.2 79.301 -707.85 4618.6 66.352 -618.08 4609.5 8.6757
3.2833 -716.49 4640.7 78.751 -701.76 4627.9 66.044 -611.89 4618.1 8.398
3.2917 -710.25 4651.9 78.131 -695.67 4637.1 65.729 -605.64 4626.7 8.1223
3.3 -703.97 4662.7 77.454 -689.6 4646.4 65.413 -599.36 4635.2 7.8383
3.3083 -697.67 4673.2 76.735 -683.58 4655.6 65.096 -593.05 4643.6 7.5356
3.3167 -691.38 4683.3 75.993 -677.62 4664.8 64.778 -586.76 4651.9 7.2055
3.325 -685.12 4693 75.242 -671.74 4674 64.456 -580.49 4660 6.8409
3.3333 -678.9 4702.4 74.498 -665.98 4683.1 64.128 -574.27 4668.1 6.4383
3.3417 -672.72 4711.4 73.767 -660.33 4692.3 63.788 -568.09 4676 5.9973
3.35 -666.55 4720.3 73.055 -654.8 4701.3 63.43 -561.96 4683.8 5.5224
3.3583 -660.38 4728.9 72.361 -649.42 4710.3 63.05 -555.88 4691.4 5.0203
3.3667 -654.16 4737.3 71.68 -644.17 4719.2 62.641 -549.85 4699.1 4.5018
3.375 -647.89 4745.7 71.007 -639.04 4728 62.2 -543.85 4706.7 3.978
3.3833 -641.54 4753.9 70.332 -634.01 4736.7 61.724 -537.88 4714.3 3.4613
3.3917 -635.11 4762.1 69.648 -629.07 4745.2 61.211 -531.93 4721.9 2.9636
3.4 -628.6 4770.2 68.942 -624.19 4753.5 60.661 -526 4729.6 2.4936
3.4083 -622.03 4778.2 68.205 -619.34 4761.7 60.077 -520.09 4737.3 2.058
3.4167 -615.42 4786.2 67.428 -614.49 4769.8 59.462 -514.21 4745.2 1.6595
3.425 -608.81 4794 66.605 -609.62 4777.8 58.821 -508.34 4753 1.2965
3.4333 -602.21 4801.7 65.732 -604.69 4785.6 58.16 -502.52 4761 0.96447
3.4417 -595.65 4809.3 64.81 -599.7 4793.4 57.486 -496.73 4769 0.6542
3.45 -589.14 4816.8 63.843 -594.63 4801.1 56.803 -491 4777 0.35575
3.4583 -582.7 4824.1 62.837 -589.47 4808.8 56.116 -485.34 4785 0.056636
3.4667 -576.31 4831.3 61.802 -584.23 4816.4 55.432 -479.73 4792.9 359.75
3.475 -569.97 4838.4 60.749 -578.91 4824.1 54.752 -474.19 4800.8 359.41
3.4833 -563.65 4845.3 59.687 -573.52 4831.8 54.078 -468.71 4808.5 359.05
3.4917 -557.35 4852.2 58.624 -568.06 4839.5 53.408 -463.28 4816.1 358.65
3.5 -551.04 4859 57.567 -562.55 4847.2 52.743 -457.89 4823.7 358.21
3.5083 -544.7 4865.7 56.514 -556.98 4855 52.075 -452.54 4831.1 357.75
3.5167 -538.33 4872.4 55.465 -551.35 4862.8 51.406 -447.19 4838.4 357.25
3.525 -531.94 4879.1 54.415 -545.66 4870.6 50.73 -441.85 4845.6 356.74
3.5333 -525.52 4885.8 53.356 -539.91 4878.4 50.045 -436.5 4852.7 356.22
3.5417 -519.1 4892.5 52.281 -534.07 4886.1 49.348 -431.12 4859.8 355.7
3.55 -512.68 4899.2 51.183 -528.15 4893.8 48.636 -425.71 4866.8 355.18
3.5583 -506.3 4906 50.059 -522.14 4901.4 47.907 -420.27 4873.8 354.68
3.5667 -499.96 4912.9 48.909 -516.01 4909 47.161 -414.78 4880.9 354.2
3.575 -493.68 4919.7 47.763 -509.8 4916.5 46.407 -409.26 4887.9 353.74
3.5833 -487.45 4926.7 46.569 -503.4 4924 45.7 -403.69 4895 353.29
3.5917 -481.28 4933.7 45.42 -496.9 4931.4 44.99 -398.09 4902 352.86
3.6 -475.16 4940.9 44.278 -490.35 4938.8 44.311 -392.45 4909.1 352.43
3.6083 -469.07 4948 43.162 -483.64 4946.1 43.687 -386.76 4916.1 352.01
3.6167 -463.01 4955.3 42.124 -476.98 4953.5 43.047 -381.02 4923.1 351.57
3.625 -456.93 4962.6 41.15 -470.16 4960.8 42.462 -375.23 4930.1 351.12
3.6333 -450.83 4970 40.267 -463.41 4968 41.871 -369.38 4937 350.64
3.6417 -444.71 4977.4 39.45 -456.56 4975.3 41.324 -363.44 4943.8 350.15
3.65 -438.53 4985 38.711 -449.72 4982.6 40.781 -357.42 4950.5 349.63
3.6583 -432.28 4992.6 38.041 -442.81 4989.8 40.261 -351.29 4957.2 349.08
3.6667 -425.93 5000.3 37.43 -435.93 4997.1 39.729 -345.05 4963.8 348.51
3.675 -419.48 5007.9 36.871 -428.95 5004.3 39.214 -338.68 4970.3 347.93
3.6833 -412.86 5015.5 36.344 -421.97 5011.5 38.674 -332.18 4976.7 347.34
3.6917 -406.09 5023.2 35.841 -414.96 5018.7 38.12 -325.56 4983.1 346.74
3.7 -399.18 5030.7 35.348 -407.91 5025.9 37.546 -318.79 4989.4 346.14
3.7083 -392.14 5038.2 34.869 -400.84 5033 36.967 -311.91 4995.7 345.54
3.7167 -384.95 5045.7 34.387 -393.74 5040.1 36.372 -304.9 5001.9 344.95
3.725 -377.63 5053.2 33.903 -386.62 5047.2 35.773 -297.78 5008.2 344.36
3.7333 -370.2 5060.7 33.415 -379.48 5054.2 35.175 -290.57 5014.4 343.77
3.7417 -362.66 5068.2 32.923 -372.33 5061.2 34.586 -283.27 5020.5 343.18
3.75 -355.03 5075.8 32.43 -365.17 5068.1 34.01 -275.91 5026.7 342.58
3.7583 -347.32 5083.6 31.936 -357.99 5074.9 33.451 -268.48 5032.8 341.97
3.7667 -339.56 5091.4 31.446 -350.79 5081.7 32.913 -261 5038.8 341.34
3.775 -331.76 5099.3 30.96 -343.56 5088.5 32.392 -253.48 5044.8 340.69
3.7833 -324.03 5107.2 30.494 -336.29 5095.3 31.82 -245.91 5050.6 340.03
3.7917 -316.16 5115.3 30.012 -328.88 5102 31.377 -238.33 5056.4 339.33
3.8 -308.35 5123.2 29.527 -321.47 5108.7 30.863 -230.72 5062 338.62
3.8083 -300.77 5130.9 29.059 -313.91 5115.3 30.261 -223.05 5067.5 337.89
3.8167 -293.08 5138.5 28.563 -306.18 5121.9 29.755 -215.41 5072.8 337.14
3.825 -285.6 5145.9 28.041 -298.4 5128.4 29.12 -207.72 5078 336.38
3.8333 -278.27 5153 27.48 -290.36 5134.8 28.456 -199.99 5083 335.62
3.8417 -271.1 5159.8 26.865 -282.26 5141.2 27.697 -192.22 5087.9 334.86
3.85 -264.1 5166.3 26.183 -273.94 5147.3 26.881 -184.42 5092.6 334.1
3.8583 -257.26 5172.5 25.408 -265.56 5153.4 25.983 -176.56 5097.1 333.35
3.8667 -250.59 5178.5 24.568 -257.02 5159.2 25.003 -168.65 5101.4 332.6
3.875 -244.06 5184.2 23.653 -248.43 5164.9 23.937 -160.67 5105.4 331.86
3.8833 -237.64 5189.7 22.666 -239.72 5170.4 22.809 -152.61 5109.2 331.12
3.8917 -231.3 5195 21.616 -230.96 5175.6 21.615 -144.47 5112.8 330.37
3.9 -225 5200 20.516 -222.21 5180.5 20.352 -136.24 5116 329.62
3.9083 -218.72 5204.8 19.38 -213.49 5185.2 19.026 -127.91 5119 328.86
3.9167 -212.42 5209.3 18.219 -204.81 5189.5 17.648 -119.49 5121.6 328.1
3.925 -206.09 5213.5 17.045 -196.18 5193.6 16.224 -110.97 5124 327.32
3.9333 -199.74 5217.4 15.867 -187.62 5197.4 14.763 -102.36 5125.9 326.53
3.9417 -193.37 5220.8 14.692 -179.12 5200.9 13.268 -93.686 5127.5 325.73
3.95 -187.01 5223.9 13.525 -170.68 5204.1 11.744 -84.953 5128.8 324.92
3.9583 -180.67 5226.7 12.369 -162.3 5207.1 10.194 -76.19 5129.7 324.1
3.9667 -174.38 5229.2 11.225 -153.97 5209.7 8.6217 -67.425 5130.2 323.29
3.975 -168.15 5231.5 10.092 -145.67 5212.1 7.0314 -58.687 5130.5 322.47
3.9833 -161.95 5233.7 8.9708 -137.41 5214.2 5.431 -50.01 5130.4 321.64
3.9917 -155.81 5235.6 7.8563 -129.17 5216 3.8267 -41.427 5130 320.82
4 -149.7 5237.5 6.7447 -120.95 5217.6 2.2237 -32.968 5129.3 319.99
4.0083 -143.62 5239.2 5.6355 -112.74 5218.9 0.63161 -24.66 5128.4 319.16
4.0167 -137.55 5240.8 4.5269 -104.56 5219.9 359.06 -16.528 5127.2 318.31
4.025 -131.47 5242.4 3.4214 -96.388 5220.7 357.51 -8.5881 5125.8 317.46
4.0333 -125.38 5244 2.3205 -88.246 5221.2 356 -0.85171 5124.1 316.58
4.0417 -119.26 5245.6 1.2277 -80.137 5221.5 354.53 6.6764 5122.3 315.69
4.05 -113.09 5247.3 0.14678 -72.066 5221.6 353.1 13.998 5120.3 314.79
4.0583 -106.85 5248.9 359.08 -64.035 5221.5 351.71 21.119 5118.1 313.87
4.0667 -100.53 5250.6 358.04 -56.05 5221.1 350.38 28.052 5115.7 312.93
4.075 -94.131 5252.2 357.03 -48.11 5220.6 349.09 34.81 5113.2 312
4.0833 -87.638 5253.8 356.04 -40.204 5219.9 347.84 41.41 5110.5 311.06
4.0917 -81.057 5255.3 355.1 -32.336 5219 346.64 47.867 5107.7 310.12
4.1 -74.397 5256.6 354.18 -24.492 5217.9 345.46 54.195 5104.8 309.19
4.1083 -67.669 5257.7 353.29 -16.667 5216.7 344.32 60.409 5101.8 308.27
4.1167 -60.885 5258.6 352.43 -8.8558 5215.3 343.21 66.518 5098.6 307.38
4.125 -54.059 5259.2 351.58 -1.0553 5213.7 342.12 72.531 5095.3 306.49
4.1333 -47.199 5259.6 350.75 6.7315 5212 341.05 78.453 5092 305.63
4.1417 -40.316 5259.7 349.92 14.498 5210.1 340 84.288 5088.6 304.78
4.15 -33.417 5259.4 349.08 22.233 5208 338.97 90.039 5085.1 303.95
4.1583 -26.507 5258.8 348.24 29.922 5205.7 337.96 95.709 5081.5 303.14
4.1667 -19.581 5257.9 347.37 37.538 5203.3 336.97 101.3 5077.9 302.34
4.175 -12.639 5256.5 346.49 45.063 5200.6 336 106.82 5074.3 301.56
4.1833 -5.6626 5254.9 345.59 52.476 5197.8 335.05 112.27 5070.6 300.8
4.1917 1.3763 5253 344.67 59.749 5194.7 334.13 117.67 5066.8 300.06
4.2 8.5051 5250.9 343.75 66.871 5191.5 333.23 123.01 5063 299.34
4.2083 15.764 5248.6 342.83 73.825 5188 332.36 128.31 5059 298.65
4.2167 23.185 5246.1 341.92 80.605 5184.4 331.51 133.58 5054.9 297.99
4.225 30.785 5243.6 341.03 87.219 5180.6 330.68 138.83 5050.7 297.36
4.2333 38.571 5240.9 340.18 93.671 5176.6 329.87 144.05 5046.3 296.75
4.2417 46.534 5238.2 339.35 99.978 5172.4 329.08 149.26 5041.7 296.17
4.25 54.634 5235.4 338.57 106.16 5168.1 328.3 154.46 5036.8 295.61
4.2583 62.812 5232.5 337.82 112.25 5163.6 327.53 159.63 5031.8 295.06
4.2667 71.008 5229.4 337.09 118.25 5158.9 326.76 164.77 5026.5 294.52
4.275 79.142 5226.1 336.38 124.21 5154.1 326 169.86 5021.1 293.98
4.2833 87.152 5222.5 335.67 130.13 5149.1 325.24 174.91 5015.4 293.44
4.2917 94.968 5218.6 334.97 136.03 5144.1 324.47 179.88 5009.7 292.88
4.3 102.54 5214.5 334.27 141.92 5138.9 323.71 184.77 5003.8 292.31
4.3083 109.85 5210 333.56 147.81 5133.7 322.94 189.58 4997.8 291.73
4.3167 116.84 5205.2 332.84 153.7 5128.3 322.19 194.28 4991.9 291.14
4.325 123.54 5200.1 332.1 159.57 5123 321.44 198.87 4985.9 290.54
4.3333 129.92 5195 331.33 165.41 5117.7 320.7 203.35 4980 289.93
4.3417 136.04 5189.7 330.52 171.21 5112.4 319.97 207.73 4974.1 289.33
4.35 141.93 5184.4 329.67 176.95 5107.1 319.26 212 4968.4 288.73
4.3583 147.66 5179.1 328.76 182.61 5101.9 318.57 216.18 4962.7 288.15
4.3667 153.28 5173.9 327.78 188.18 5096.8 317.9 220.27 4957 287.57
4.375 158.87 5168.9 326.74 193.65 5091.8 317.24 224.28 4951.4 287.02
4.3833 164.46 5164 325.63 199.02 5086.9 316.59 228.24 4945.9 286.48
4.3917 170.11 5159.3 324.45 204.28 5082 315.94 232.15 4940.3 285.95
4.4 175.81 5154.7 323.2 209.44 5077.2 315.28 236.03 4934.7 285.44
4.4083 181.56 5150.2 321.88 214.51 5072.4 314.6 239.89 4929.1 284.94
4.4167 187.32 5145.7 320.5 219.51 5067.6 313.89 243.73 4923.4 284.44
4.425 193.02 5141 319.07 224.43 5062.8 313.15 247.58 4917.6 283.95
4.4333 198.61 5136.2 317.61 229.29 5057.8 312.38 251.42 4911.8 283.47
4.4417 204.03 5131.1 316.12 234.1 5052.8 311.57 255.28 4905.9 282.99
4.45 209.24 5125.7 314.63 238.87 5047.6 310.73 259.15 4899.9 282.52
4.4583 214.19 5120.1 313.15 243.59 5042.3 309.87 263.02 4893.9 282.07
4.4667 218.87 5114.3 311.68 248.27 5036.8 308.98 266.9 4887.9 281.64
4.475 223.29 5108.3 310.22 252.92 5031.2 308.08 270.77 4881.8 281.23
4.4833 227.47 5102.2 308.78 257.53 5025.4 307.17 274.62 4875.8 280.84
4.4917 231.44 5095.9 307.35 262.1 5019.5 306.27 278.44 4869.7 280.47
4.5 235.27 5089.7 305.91 266.65 5013.4 305.37 282.21 4863.7 280.12
4.5083 239.02 5083.4 304.46 271.16 5007.2 304.48 285.93 4857.6 279.79
4.5167 242.73 5077.2 302.97 275.64 5000.9 303.59 289.56 4851.5 279.48
4.525 246.5 5071 301.46 280.08 4994.6 302.71 293.11 4845.4 279.16
4.5333 250.34 5064.9 299.9 284.49 4988.1 301.84 296.56 4839.3 278.84
4.5417 254.27 5058.9 298.32 288.85 4981.6 300.96 299.91 4833.2 278.51
4.55 258.34 5053 296.73 293.18 4975 300.08 303.17 4827 278.16
4.5583 262.44 5047.1 295.15 297.47 4968.3 299.18 306.34 4820.8 277.79
4.5667 266.6 5041.3 293.59 301.73 4961.4 298.28 309.43 4814.5 277.4
4.575 270.76 5035.5 292.09 305.94 4954.5 297.36 312.47 4808.2 277
4.5833 274.92 5029.7 290.65 310.11 4947.4 296.43 315.46 4801.8 276.58
4.5917 279.07 5023.8 289.3 314.25 4940.2 295.5 318.43 4795.5 276.15
4.6 283.2 5018 288.05 318.35 4932.8 294.56 321.41 4789 275.73
4.6083 287.33 5012.1 286.91 322.4 4925.2 293.63 324.39 4782.5 275.33
4.6167 291.47 5006.1 285.87 326.43 4917.5 292.71 327.41 4776 274.94
4.625 295.64 5000.2 284.94 330.41 4909.7 291.82 330.46 4769.4 274.58
4.6333 299.85 4994.1 284.1 334.36 4901.7 290.95 333.55 4762.7 274.25
4.6417 304.14 4988 283.34 338.28 4893.7 290.11 336.67 4755.9 273.95
4.65 308.49 4981.8 282.66 342.16 4885.4 289.32 339.83 4748.9 273.68
4.6583 312.93 4975.4 282.03 346.01 4877.1 288.56 343.01 4741.9 273.43
4.6667 317.38 4969 281.45 349.84 4868.7 287.85 346.2 4734.7 273.19
4.675 321.9 4962.3 280.9 353.62 4860.1 287.18 349.4 4727.3 272.97
4.6833 326.46 4955.5 280.38 357.38 4851.4 286.55 352.6 4719.8 272.75
4.6917 331.03 4948.6 279.88 361.12 4842.6 285.95 355.79 4712.2 272.52
4.7 335.61 4941.4 279.39 364.82 4833.6 285.4 358.99 4704.4 272.29
4.7083 340.18 4934 278.91 368.5 4824.5 284.87 362.2 4696.6 272.06
4.7167 344.7 4926.3 278.43 372.16 4815.2 284.38 365.43 4688.6 271.83
4.725 349.18 4918.4 277.96 375.81 4805.8 283.91 368.68 4680.5 271.6
4.7333 353.6 4910.3 277.49 379.45 4796.2 283.48 371.96 4672.4 271.38
4.7417 357.94 4901.9 277.02 383.1 4786.5 283.07 375.3 4664.2 271.19
4.75 362.23 4893.2 276.55 386.76 4776.7 282.68 378.69 4655.9 271.01
4.7583 366.44 4884.3 276.09 390.46 4766.8 282.32 382.13 4647.5 270.86
4.7667 370.61 4875.2 275.62 394.19 4756.8 281.99 385.62 4639.1 270.73
4.775 374.73 4865.8 275.14 397.98 4746.6 281.67 389.17 4630.6 270.63
4.7833 378.82 4856.2 274.66 401.84 4736.4 281.38 392.75 4621.9 270.55
4.7917 382.85 4846.2 274.18 405.78 4726.1 281.12 396.37 4613.2 270.48
4.8 386.86 4836.1 273.68 409.8 4715.6 280.87 400.01 4604.3 270.4
4.8083 390.8 4825.6 273.18 413.9 4705 280.64 403.66 4595.3 270.31
4.8167 394.67 4814.9 272.68 418.1 4694.3 280.44 407.32 4586.1 270.19
4.825 398.46 4803.9 272.18 422.37 4683.3 280.25 410.99 4576.8 270.04
4.8333 402.12 4792.6 271.7 426.72 4672.2 280.08 414.67 4567.4 269.85
4.8417 405.65 4781.1 271.26 431.12 4660.9 279.92 418.35 4557.8 269.62
4.85 409.04 4769.4 270.86 435.54 4649.4 279.77 422.05 4548.1 269.36
4.8583 412.3 4757.4 270.52 439.97 4637.7 279.63 425.77 4538.3 269.07
4.8667 415.45 4745.4 270.24 444.38 4626 279.49 429.51 4528.4 268.76
4.875 418.52 4733.2 270.04 448.72 4614.1 279.34 433.28 4518.5 268.45
4.8833 421.53 4721 269.92 452.97 4602.2 279.19 437.07 4508.4 268.16
4.8917 424.52 4708.7 269.87 457.11 4590.4 279.03 440.87 4498.4 267.88
4.9 427.52 4696.4 269.9 461.09 4578.6 278.85 444.65 4488.3 267.64
4.9083 430.58 4684.1 270 464.91 4567.1 278.65 448.41 4478.1 267.45
4.9167 433.71 4672 270.15 468.53 4555.7 278.42 452.1 4468 267.3
4.925 436.93 4660 270.34 471.95 4544.7 278.17 455.71 4457.8 267.2
4.9333 440.26 4648.1 270.54 475.16 4533.9 277.9 459.19 4447.7 267.14
4.9417 443.66 4636.4 270.75 478.17 4523.4 277.62 462.52 4437.6 267.1
4.95 447.12 4625 270.96 480.97 4513.1 277.31 465.67 4427.6 267.08
4.9583 450.59 4613.7 271.15 483.59 4503.1 277.01 468.63 4417.6 267.07
4.9667 454.02 4602.5 271.34 486.03 4493.4 276.69 471.38 4407.8 267.06
4.975 457.36 4591.5 271.52 488.32 4483.7 276.38 473.9 4398.1 267.02
4.9833 460.56 4580.7 271.7 490.47 4474.2 276.07 476.21 4388.5 266.96
4.9917 463.58 4569.9 271.87 492.51 4464.7 275.77 478.31 4379 266.87
5 466.4 4559.3 272.04 494.44 4455.3 275.47 480.21 4369.7 266.74
5.0083 469.01 4548.7 272.2 496.28 4445.8 275.18 481.92 4360.5 266.59
5.0167 471.43 4538.1 272.37 498.04 4436.3 274.89 483.47 4351.4 266.41
5.025 473.68 4527.6 272.55 499.74 4426.7 274.59 484.87 4342.4 266.21
5.0333 475.8 4517.1 272.73 501.37 4417.1 274.27 486.14 4333.4 266
5.0417 477.8 4506.5 272.91 502.95 4407.5 273.95 487.31 4324.5 265.79
5.05 479.73 4496 273.11 504.47 4397.9 273.6 488.38 4315.5 265.57
5.0583 481.6 4485.4 273.32 505.93 4388.4 273.22 489.38 4306.5 265.37
5.0667 483.41 4474.9 273.54 507.34 4378.8 272.83 490.32 4297.5 265.17
5.075 485.19 4464.4 273.78 508.69 4369.3 272.41 491.2 4288.5 264.99
5.0833 486.92 4453.8 274.03 509.98 4359.8 271.97 492.05 4279.4 264.81
5.0917 488.6 4443.3 274.3 511.22 4350.3 271.52 492.86 4270.3 264.65
5.1 490.23 4432.9 274.59 512.39 4340.9 271.06 493.65 4261.1 264.49
5.1083 491.79 4422.4 274.89 513.51 4331.5 270.61 494.42 4251.9 264.34
5.1167 493.27 4412 275.2 514.57 4322 270.17 495.17 4242.7 264.19
5.125 494.68 4401.5 275.52 515.57 4312.5 269.75 495.91 4233.5 264.04
