0.0083333 -4.6054 0.26855 101.57 -23.67 91.645 92.354 25.506 169.85 69.064
0.016667 -3.9019 7.7129 101.63 -22.644 99.319 92.439 27.801 176.74 68.502
0.025 -3.2785 15.382 101.68 -21.505 107.09 92.529 30.189 183.75 67.944
0.033333 -2.7377 23.296 101.74 -20.244 114.97 92.615 32.666 190.87 67.392
0.041667 -2.2778 31.475 101.81 -18.853 122.95 92.693 35.231 198.1 66.849
0.05 -1.8993 39.938 101.9 -17.322 131.03 92.758 37.887 205.44 66.311
0.058333 -1.5993 48.699 102.02 -15.644 139.2 92.806 40.639 212.88 65.775
0.066667 -1.3771 57.761 102.17 -13.811 147.46 92.835 43.497 220.42 65.237
0.075 -1.2304 67.11 102.35 -11.82 155.8 92.846 46.472 228.05 64.693
0.083333 -1.1565 76.721 102.55 -9.6713 164.22 92.84 49.578 235.78 64.137
0.091667 -1.1507 86.549 102.75 -7.3692 172.72 92.82 52.825 243.61 63.565
0.1 -1.2048 96.541 102.96 -4.9242 181.3 92.79 56.225 251.52 62.974
0.10833 -1.3055 106.63 103.13 -2.3527 189.96 92.753 59.784 259.51 62.36
0.11667 -1.4335 116.74 103.25 0.32363 198.72 92.71 63.506 267.58 61.723
0.125 -1.5612 126.82 103.31 3.0784 207.57 92.662 67.388 275.72 61.063
0.13333 -1.6539 136.8 103.28 5.882 216.54 92.607 71.42 283.89 60.38
0.14167 -1.6687 146.63 103.16 8.7028 225.6 92.54 75.588 292.1 59.674
0.15 -1.5593 156.3 102.95 11.51 234.76 92.455 79.873 300.3 58.947
0.15833 -1.2674 165.77 102.67 14.274 243.99 92.347 84.251 308.48 58.198
0.16667 -0.73518 175.06 102.33 16.972 253.28 92.207 88.692 316.61 57.43
0.175 0.095322 184.19 101.94 19.585 262.58 92.029 93.169 324.66 56.641
0.18333 1.2666 193.19 101.51 22.103 271.87 91.81 97.65 332.61 55.834
0.19167 2.7888 202.1 101.06 24.524 281.09 91.546 102.1 340.43 55.01
0.2 4.6426 210.95 100.59 26.855 290.21 91.239 106.5 348.13 54.172
0.20833 6.7784 219.78 100.1 29.109 299.17 90.894 110.81 355.68 53.325
0.21667 9.136 228.59 99.603 31.307 307.93 90.518 115.02 363.1 52.476
0.225 11.655 237.37 99.103 33.471 316.46 90.12 119.1 370.39 51.631
0.23333 14.283 246.14 98.601 35.625 324.72 89.711 123.04 377.56 50.801
0.24167 16.986 254.86 98.092 37.795 332.7 89.302 126.83 384.63 49.994
0.25 19.742 263.54 97.571 40 340.39 88.899 130.46 391.62 49.221
0.25833 22.544 272.15 97.028 42.261 347.81 88.508 133.93 398.53 48.49
0.26667 25.401 280.66 96.454 44.592 354.97 88.131 137.26 405.4 47.81
0.275 28.333 289.07 95.837 47.008 361.89 87.765 140.45 412.23 47.186
0.28333 31.375 297.36 95.17 49.516 368.62 87.403 143.52 419.03 46.622
0.29167 34.56 305.53 94.448 52.122 375.17 87.04 146.48 425.81 46.119
0.3 37.893 313.56 93.666 54.828 381.59 86.665 149.37 432.55 45.674
0.30833 41.343 321.46 92.826 57.632 387.91 86.268 152.21 439.26 45.284
0.31667 44.854 329.21 91.936 60.528 394.14 85.843 155.02 445.93 44.941
0.325 48.399 336.81 91.002 63.505 400.31 85.379 157.84 452.54 44.636
0.33333 51.944 344.29 90.037 66.557 406.44 84.872 160.68 459.1 44.36
0.34167 55.471 351.67 89.047 69.672 412.56 84.317 163.57 465.58 44.102
0.35 58.97 358.98 88.042 72.845 418.67 83.714 166.53 471.98 43.85
0.35833 62.431 366.24 87.026 76.073 424.79 83.063 169.59 478.3 43.598
0.36667 65.861 373.49 85.998 79.355 430.92 82.367 172.75 484.52 43.335
0.375 69.257 380.75 84.962 82.695 437.08 81.633 176.02 490.66 43.057
0.38333 72.634 388.03 83.912 86.101 443.27 80.865 179.41 496.72 42.759
0.39167 76.001 395.33 82.844 89.58 449.5 80.071 182.93 502.7 42.439
0.4 79.371 402.65 81.755 93.141 455.76 79.255 186.57 508.61 42.098
0.40833 82.752 409.96 80.641 96.792 462.06 78.424 190.32 514.47 41.737
0.41667 86.153 417.26 79.5 100.54 468.39 77.581 194.2 520.28 41.36
0.425 89.576 424.5 78.329 104.39 474.76 76.73 198.17 526.07 40.972
0.43333 93.019 431.67 77.129 108.34 481.16 75.872 202.25 531.83 40.577
0.44167 96.474 438.76 75.904 112.38 487.58 75.009 206.43 537.59 40.179
0.45 99.935 445.76 74.657 116.53 494.03 74.142 210.7 543.35 39.784
0.45833 103.39 452.67 73.395 120.76 500.49 73.273 215.05 549.11 39.394
0.46667 106.84 459.51 72.127 125.08 506.97 72.403 219.48 554.89 39.014
0.475 110.28 466.28 70.861 129.47 513.45 71.532 223.98 560.67 38.644
0.48333 113.71 473.02 69.608 133.94 519.93 70.663 228.56 566.48 38.284
0.49167 117.13 479.77 68.378 138.46 526.42 69.797 233.21 572.29 37.936
0.5 120.55 486.54 67.181 143.06 532.92 68.935 237.93 578.12 37.597
0.50833 123.97 493.37 66.026 147.71 539.43 68.077 242.73 583.95 37.267
0.51667 127.42 500.27 64.922 152.44 545.95 67.224 247.59 589.79 36.943
0.525 130.91 507.27 63.877 157.24 552.49 66.377 252.53 595.64 36.624
0.53333 134.47 514.37 62.896 162.12 559.05 65.536 257.55 601.5 36.31
0.54167 138.1 521.56 61.981 167.1 565.64 64.703 262.64 607.37 36.001
0.55 141.84 528.86 61.133 172.17 572.25 63.881 267.82 613.25 35.696
0.55833 145.68 536.24 60.35 177.35 578.88 63.072 273.09 619.17 35.399
0.56667 149.64 543.72 59.631 182.64 585.52 62.282 278.43 625.12 35.111
0.575 153.71 551.28 58.973 188.04 592.17 61.518 283.86 631.11 34.835
0.58333 157.87 558.92 58.374 193.54 598.85 60.784 289.37 637.15 34.574
0.59167 162.14 566.6 57.835 199.13 605.51 60.091 294.96 643.24 34.329
0.6 166.5 574.31 57.355 204.82 612.19 59.445 300.61 649.38 34.1
0.60833 170.95 582.01 56.929 210.58 618.88 58.852 306.32 655.58 33.887
0.61667 175.5 589.67 56.556 216.41 625.59 58.317 312.1 661.84 33.687
0.625 180.18 597.28 56.224 222.3 632.32 57.845 317.94 668.14 33.497
0.63333 184.99 604.81 55.921 228.24 639.1 57.434 323.83 674.5 33.311
0.64167 189.97 612.29 55.633 234.24 645.92 57.082 329.79 680.91 33.124
0.65 195.13 619.7 55.34 240.28 652.84 56.78 335.82 687.36 32.93
0.65833 200.49 627.08 55.028 246.37 659.83 56.523 341.94 693.87 32.725
0.66667 206.07 634.45 54.68 252.51 666.92 56.299 348.17 700.44 32.505
0.675 211.89 641.85 54.282 258.7 674.11 56.096 354.52 707.09 32.269
0.68333 217.94 649.3 53.821 264.96 681.39 55.903 361.01 713.81 32.018
0.69167 224.23 656.82 53.29 271.28 688.77 55.706 367.65 720.64 31.755
0.7 230.75 664.41 52.683 277.67 696.23 55.497 374.45 727.57 31.486
0.70833 237.5 672.06 52.002 284.14 703.76 55.267 381.43 734.62 31.217
0.71667 244.44 679.76 51.252 290.69 711.33 55.007 388.57 741.78 30.957
0.725 251.55 687.47 50.44 297.32 718.94 54.714 395.86 749.07 30.712
0.73333 258.76 695.14 49.579 304.05 726.55 54.382 403.28 756.45 30.489
0.74167 266.04 702.74 48.68 310.86 734.15 54.011 410.81 763.91 30.292
0.75 273.32 710.23 47.756 317.78 741.73 53.595 418.41 771.42 30.123
0.75833 280.55 717.55 46.817 324.8 749.27 53.133 426.06 778.95 29.982
0.76667 287.7 724.69 45.874 331.93 756.76 52.622 433.72 786.45 29.865
0.775 294.71 731.6 44.932 339.17 764.19 52.057 441.38 793.88 29.767
0.78333 301.59 738.27 43.996 346.53 771.55 51.433 449.01 801.21 29.683
0.79167 308.32 744.7 43.068 353.99 778.83 50.746 456.61 808.4 29.604
0.8 314.92 750.89 42.148 361.57 786.03 49.989 464.19 815.42 29.525
0.80833 321.41 756.88 41.235 369.25 793.12 49.159 471.76 822.27 29.44
0.81667 327.82 762.68 40.328 377.02 800.09 48.253 479.36 828.93 29.346
0.825 334.18 768.34 39.429 384.88 806.93 47.269 487.02 835.4 29.24
0.83333 340.53 773.88 38.542 392.81 813.61 46.208 494.78 841.7 29.122
0.84167 346.92 779.34 37.678 400.78 820.11 45.076 502.69 847.83 28.994
0.85 353.36 784.75 36.847 408.79 826.41 43.88 510.78 853.8 28.857
0.85833 359.88 790.11 36.063 416.8 832.49 42.628 519.08 859.65 28.716
0.86667 366.49 795.45 35.339 424.81 838.34 41.334 527.62 865.37 28.573
0.875 373.21 800.76 34.684 432.8 843.95 40.012 536.4 870.97 28.431
0.88333 380.03 806.02 34.106 440.76 849.33 38.674 545.42 876.46 28.292
0.89167 386.98 811.22 33.604 448.69 854.47 37.338 554.67 881.83 28.157
0.9 394.05 816.3 33.171 456.6 859.39 36.012 564.11 887.07 28.025
0.90833 401.26 821.25 32.792 464.48 864.1 34.712 573.7 892.16 27.898
0.91667 408.6 826.03 32.448 472.36 868.62 33.444 583.42 897.1 27.773
0.925 416.08 830.62 32.113 480.25 872.97 32.213 593.2 901.88 27.653
0.93333 423.7 835.03 31.763 488.17 877.16 31.027 603.02 906.47 27.537
0.94167 431.43 839.25 31.374 496.14 881.21 29.882 612.82 910.88 27.428
0.95 439.28 843.32 30.927 504.18 885.14 28.78 622.58 915.11 27.329
0.95833 447.24 847.26 30.411 512.28 888.95 27.72 632.27 919.15 27.243
0.96667 455.27 851.13 29.823 520.48 892.65 26.7 641.88 923.03 27.174
0.975 463.37 854.95 29.168 528.76 896.26 25.716 651.39 926.74 27.126
0.98333 471.52 858.76 28.459 537.13 899.76 24.768 660.81 930.31 27.102
0.99167 479.69 862.58 27.716 545.6 903.17 23.852 670.15 933.74 27.105
1 487.86 866.44 26.96 554.16 906.49 22.97 679.4 937.05 27.134
1.0083 496.03 870.33 26.217 563.05 909.69 22.115 687.27 941.02 28.151
1.0167 504.2 874.25 25.509 571.81 912.84 21.295 696.4 944.14 28.256
1.025 512.36 878.19 24.854 580.67 915.9 20.508 705.49 947.17 28.38
1.0333 520.52 882.14 24.267 589.64 918.9 19.751 714.57 950.1 28.519
1.0417 528.7 886.07 23.753 598.72 921.82 19.022 723.65 952.93 28.668
1.05 536.93 889.97 23.312 607.92 924.68 18.319 732.74 955.67 28.826
1.0583 545.24 893.81 22.937 617.24 927.49 17.641 741.85 958.32 28.988
1.0667 553.64 897.57 22.617 626.69 930.24 16.987 750.98 960.88 29.155
1.075 562.17 901.22 22.337 636.27 932.95 16.353 760.15 963.36 29.326
1.0833 570.87 904.76 22.083 645.98 935.6 15.74 769.35 965.76 29.503
1.0917 579.75 908.16 21.843 655.8 938.21 15.146 778.6 968.1 29.687
1.1 588.84 911.42 21.609 665.75 940.77 14.574 787.88 970.37 29.88
1.1083 598.17 914.55 21.381 675.8 943.26 14.025 797.21 972.58 30.081
1.1167 607.75 917.53 21.161 685.95 945.7 13.502 806.58 974.73 30.291
1.125 617.61 920.38 20.958 696.18 948.05 13.013 815.98 976.81 30.507
1.1333 627.73 923.1 20.78 706.51 950.34 12.549 825.42 978.82 30.727
1.1417 638.13 925.7 20.637 716.91 952.53 12.13 834.89 980.74 30.947
1.15 648.78 928.18 20.537 727.39 954.64 11.743 844.39 982.58 31.164
1.1583 659.66 930.54 20.482 737.95 956.64 11.399 853.93 984.31 31.373
1.1667 670.75 932.78 20.471 748.59 958.54 11.098 863.5 985.95 31.572
1.175 682.03 934.89 20.502 759.3 960.33 10.837 873.11 987.48 31.761
1.1833 693.48 936.86 20.566 770.1 962 10.609 882.78 988.93 31.94
1.1917 705.1 938.68 20.653 781.01 963.57 10.41 892.51 990.29 32.115
1.2 716.86 940.34 20.749 792 965.02 10.235 902.32 991.59 32.29
1.2083 728.76 941.85 20.837 803.09 966.36 10.078 912.23 992.85 32.471
1.2167 740.75 943.21 20.901 814.28 967.59 9.9269 922.25 994.09 32.667
1.225 752.84 944.44 20.924 825.55 968.73 9.7792 932.41 995.34 32.882
1.2333 764.99 945.54 20.893 836.9 969.77 9.628 942.72 996.6 33.12
1.2417 777.18 946.54 20.796 848.3 970.74 9.4695 953.17 997.9 33.381
1.25 789.4 947.46 20.627 859.75 971.65 9.3018 963.78 999.24 33.662
1.2583 801.62 948.31 20.383 871.21 972.53 9.1252 974.52 1000.6 33.954
1.2667 813.82 949.12 20.067 882.66 973.41 8.9411 985.39 1002 34.247
1.275 825.95 949.88 19.686 894.07 974.3 8.7534 996.35 1003.4 34.528
1.2833 838.01 950.62 19.255 905.42 975.26 8.5669 1007.4 1004.9 34.783
1.2917 849.96 951.34 18.786 916.66 976.29 8.3872 1018.4 1006.3 34.998
1.3 861.77 952.03 18.3 927.78 977.43 8.2207 1029.4 1007.7 35.163
1.3083 873.43 952.72 17.815 938.73 978.69 8.0731 1040.3 1009.1 35.269
1.3167 884.94 953.4 17.347 949.5 980.1 7.9501 1051.1 1010.4 35.316
1.325 896.28 954.1 16.912 960.05 981.65 7.856 1061.7 1011.8 35.307
1.3333 907.46 954.83 16.519 970.35 983.35 7.7945 1072.1 1013.2 35.249
1.3417 918.49 955.62 16.174 980.39 985.18 7.7677 1082.3 1014.7 35.159
1.35 929.38 956.47 15.877 990.15 987.13 7.7763 1092.2 1016.2 35.051
1.3583 940.12 957.43 15.627 999.62 989.18 7.8199 1101.8 1018 34.947
1.3667 950.71 958.51 15.421 1008.8 991.31 7.8969 1111.2 1019.9 34.865
1.375 961.13 959.74 15.254 1017.7 993.5 8.0052 1120.4 1022 34.824
1.3833 971.36 961.13 15.119 1026.4 995.72 8.142 1129.3 1024.3 34.839
1.3917 981.39 962.71 15.008 1034.8 997.97 8.3052 1138 1027 34.922
1.4 991.2 964.49 14.918 1043 1000.2 8.4927 1146.5 1029.9 35.077
1.4083 1000.8 966.48 14.841 1051.1 1002.5 8.7033 1154.9 1033 35.307
1.4167 1010.1 968.65 14.776 1059.1 1004.8 8.9362 1163.2 1036.4 35.606
1.425 1019.3 971.01 14.709 1067 1007 9.1939 1171.3 1040.1 35.968
1.4333 1028.2 973.52 14.653 1074.9 1009.4 9.4748 1179.4 1043.9 36.381
1.4417 1037 976.17 14.598 1082.8 1011.7 9.7804 1187.3 1047.9 36.833
1.45 1045.6 978.91 14.554 1090.7 1014.1 10.113 1195.2 1052 37.313
1.4583 1054.1 981.72 14.512 1098.7 1016.6 10.471 1203 1056.2 37.809
1.4667 1062.5 984.55 14.478 1106.7 1019.1 10.855 1210.8 1060.5 38.313
1.475 1070.8 987.36 14.452 1114.8 1021.8 11.262 1218.5 1064.8 38.817
1.4833 1079.1 990.14 14.436 1123 1024.5 11.688 1226.1 1069.1 39.318
1.4917 1087.3 992.87 14.432 1131.2 1027.3 12.128 1233.6 1073.4 39.814
1.5 1095.5 995.56 14.439 1139.4 1030.3 12.577 1241 1077.8 40.305
1.5083 1103.6 998.22 14.455 1147.6 1033.3 13.028 1248.4 1082.2 40.792
1.5167 1111.7 1000.9 14.478 1155.8 1036.4 13.471 1255.8 1086.6 41.275
1.525 1119.8 1003.5 14.505 1164 1039.7 13.902 1263.1 1091 41.754
1.5333 1127.8 1006.3 14.532 1172.1 1043 14.311 1270.4 1095.5 42.229
1.5417 1135.9 1009.1 14.555 1180.2 1046.5 14.695 1277.6 1100 42.698
1.55 1143.9 1011.9 14.574 1188.2 1050 15.047 1284.9 1104.6 43.16
1.5583 1152 1014.9 14.587 1196.2 1053.7 15.367 1292.2 1109.2 43.61
1.5667 1160.1 1018 14.598 1204.1 1057.5 15.653 1299.4 1113.8 44.046
1.575 1168.3 1021.1 14.609 1212 1061.4 15.909 1306.7 1118.5 44.465
1.5833 1176.6 1024.3 14.629 1219.9 1065.3 16.136 1313.9 1123.2 44.864
1.5917 1184.9 1027.7 14.668 1227.8 1069.4 16.342 1321.2 1128 45.242
1.6 1193.4 1031 14.736 1235.7 1073.7 16.53 1328.4 1132.8 45.598
1.6083 1201.9 1034.5 14.844 1243.6 1078 16.708 1335.5 1137.6 45.933
1.6167 1210.4 1038.1 15.003 1251.5 1082.4 16.88 1342.6 1142.5 46.249
1.625 1219 1041.7 15.22 1259.4 1086.9 17.051 1349.7 1147.5 46.546
1.6333 1227.6 1045.5 15.497 1267.2 1091.5 17.223 1356.7 1152.5 46.828
1.6417 1236.2 1049.4 15.831 1275 1096.2 17.397 1363.5 1157.6 47.096
1.65 1244.8 1053.5 16.212 1282.8 1101 17.571 1370.4 1162.7 47.352
1.6583 1253.5 1057.8 16.627 1290.5 1105.9 17.744 1377.1 1167.9 47.596
1.6667 1262.1 1062.4 17.055 1298.1 1111 17.914 1383.7 1173.2 47.83
1.675 1270.9 1067.1 17.479 1305.6 1116.1 18.078 1390.3 1178.5 48.054
1.6833 1279.7 1072 17.884 1313 1121.3 18.234 1396.8 1184 48.269
1.6917 1288.6 1077.1 18.265 1320.4 1126.6 18.384 1403.2 1189.5 48.478
1.7 1297.6 1082.3 18.629 1327.7 1132.1 18.531 1409.5 1195 48.682
1.7083 1306.5 1087.6 18.986 1334.9 1137.7 18.677 1415.8 1200.7 48.888
1.7167 1315.5 1093 19.343 1342.2 1143.4 18.832 1421.9 1206.4 49.098
1.725 1324.3 1098.5 19.714 1349.4 1149.2 19.003 1428 1212.3 49.319
1.7333 1333 1104.1 20.104 1356.6 1155.1 19.2 1434 1218.2 49.557
1.7417 1341.7 1109.7 20.511 1363.9 1161.1 19.43 1439.9 1224.2 49.818
1.75 1350.4 1115.4 20.93 1371.3 1167.3 19.703 1445.8 1230.4 50.108
1.7583 1359 1121.2 21.35 1378.7 1173.6 20.024 1451.6 1236.7 50.429
1.7667 1367.6 1127.2 21.759 1386.1 1180 20.396 1457.4 1243.1 50.783
1.775 1376.3 1133.3 22.144 1393.5 1186.4 20.818 1463.1 1249.7 51.169
1.7833 1385.1 1139.7 22.499 1401 1193 21.287 1468.9 1256.5 51.583
1.7917 1393.9 1146.3 22.823 1408.5 1199.7 21.796 1474.7 1263.4 52.019
1.8 1402.8 1153.3 23.12 1416 1206.5 22.337 1480.5 1270.5 52.47
1.8083 1411.7 1160.5 23.403 1423.5 1213.4 22.9 1486.4 1277.7 52.928
1.8167 1420.7 1167.9 23.684 1430.9 1220.3 23.475 1492.4 1285.1 53.384
1.825 1429.6 1175.7 23.979 1438.2 1227.4 24.053 1498.4 1292.6 53.832
1.8333 1438.5 1183.6 24.302 1445.5 1234.4 24.626 1504.5 1300.3 54.266
1.8417 1447.4 1191.7 24.668 1452.7 1241.5 25.189 1510.7 1307.9 54.686
1.85 1456.2 1200 25.084 1459.9 1248.6 25.74 1516.8 1315.7 55.093
1.8583 1464.9 1208.3 25.56 1467 1255.7 26.276 1522.9 1323.4 55.492
1.8667 1473.5 1216.6 26.094 1474.1 1262.8 26.802 1529 1331.1 55.891
1.875 1481.9 1224.9 26.685 1481.2 1269.8 27.317 1535 1338.7 56.298
1.8833 1490.2 1233.2 27.321 1488.2 1276.8 27.826 1540.9 1346.3 56.725
1.8917 1498.2 1241.3 27.989 1495.3 1283.7 28.332 1546.7 1353.8 57.179
1.9 1506.1 1249.3 28.675 1502.3 1290.5 28.835 1552.4 1361.1 57.669
1.9083 1513.7 1257.1 29.365 1509.3 1297.3 29.336 1557.9 1368.4 58.199
1.9167 1521 1264.7 30.046 1516.4 1303.9 29.834 1563.3 1375.6 58.772
1.925 1528.1 1272.2 30.715 1523.4 1310.5 30.326 1568.6 1382.7 59.384
1.9333 1535 1279.5 31.369 1530.3 1317 30.808 1573.9 1389.7 60.031
1.9417 1541.7 1286.7 32.014 1537.2 1323.4 31.279 1579.1 1396.7 60.704
1.95 1548.2 1293.8 32.654 1544 1329.7 31.734 1584.3 1403.7 61.392
1.9583 1554.6 1300.8 33.298 1550.6 1335.9 32.171 1589.6 1410.6 62.085
1.9667 1560.9 1307.9 33.956 1557.1 1342 32.59 1594.9 1417.6 62.771
1.975 1567.1 1314.9 34.639 1563.5 1348 32.994 1600.3 1424.5 63.442
1.9833 1573.2 1321.9 35.356 1569.6 1354 33.384 1605.8 1431.4 64.089
1.9917 1579.4 1329 36.115 1575.6 1359.8 33.765 1611.4 1438.4 64.709
2 1585.5 1336 36.924 1581.5 1365.6 34.141 1617 1445.3 65.3
2.0083 1591.6 1342.9 37.783 1587.2 1371.3 34.516 1622.6 1452.2 65.863
2.0167 1597.7 1349.9 38.692 1592.7 1377 34.894 1628.3 1459.1 66.403
2.025 1603.7 1356.7 39.648 1598.2 1382.6 35.277 1633.9 1465.9 66.924
2.0333 1607.6 1363.3 41.65 1603.6 1388.3 35.665 1639.5 1472.7 67.433
2.0417 1613.5 1369.9 42.676 1609 1394 36.058 1645 1479.4 67.935
2.05 1619.3 1376.3 43.708 1614.3 1399.7 36.453 1650.5 1486.1 68.436
2.0583 1625.1 1382.7 44.739 1619.7 1405.5 36.847 1655.8 1492.8 68.94
2.0667 1630.8 1389.1 45.765 1625.1 1411.4 37.239 1661 1499.3 69.449
2.075 1636.5 1395.4 46.784 1630.5 1417.5 37.626 1666.1 1505.8 69.964
2.0833 1642.1 1401.7 47.797 1636 1423.7 38.008 1671.2 1512.3 70.485
2.0917 1647.6 1408.1 48.805 1641.4 1430 38.386 1676.1 1518.7 71.01
2.1 1653 1414.5 49.812 1646.8 1436.4 38.766 1680.9 1525.1 71.538
2.1083 1658.4 1421 50.821 1652.3 1442.9 39.153 1685.6 1531.5 72.066
2.1167 1663.7 1427.6 51.834 1657.7 1449.5 39.553 1690.3 1537.8 72.591
2.125 1668.9 1434.3 52.852 1663 1456.2 39.973 1694.9 1544.1 73.111
2.1333 1674 1441 53.872 1668.3 1463 40.421 1699.5 1550.5 73.626
2.1417 1679.2 1447.7 54.892 1673.5 1469.8 40.899 1704 1556.8 74.135
2.15 1684.3 1454.4 55.904 1678.7 1476.6 41.412 1708.5 1563.1 74.638
2.1583 1689.4 1461.1 56.901 1683.8 1483.4 41.957 1713 1569.5 75.135
2.1667 1694.6 1467.8 57.876 1688.8 1490.3 42.532 1717.5 1576 75.626
2.175 1699.8 1474.4 58.82 1693.8 1497.3 43.131 1722 1582.5 76.114
2.1833 1705.1 1481.1 59.725 1698.8 1504.2 43.748 1726.4 1589 76.598
2.1917 1712.3 1489.7 59.392 1703.8 1511.3 44.373 1730.9 1595.7 77.08
2.2 1717.7 1496.5 60.214 1708.8 1518.5 45.001 1735.4 1602.5 77.558
2.2083 1723.1 1503.3 60.993 1713.9 1525.7 45.625 1739.8 1609.4 78.035
2.2167 1728.5 1510.2 61.719 1718.9 1533 46.241 1744.3 1616.3 78.508
2.225 1734 1517.2 62.384 1724 1540.5 46.847 1748.7 1623.4 78.98
2.2333 1739.6 1524.3 62.979 1729 1548 47.443 1753.1 1630.6 79.449
2.2417 1745.3 1531.5 63.499 1734.1 1555.6 48.033 1757.5 1637.8 79.916
2.25 1751 1538.8 63.939 1739.2 1563.3 48.62 1761.8 1645.2 80.382
2.2583 1756.9 1546.3 64.302 1744.2 1571 49.207 1766.1 1652.6 80.847
2.2667 1762.8 1553.9 64.591 1749.3 1578.7 49.797 1770.3 1660 81.313
2.275 1768.8 1561.7 64.82 1754.3 1586.5 50.395 1774.5 1667.5 81.782
2.2833 1774.9 1569.6 64.999 1759.3 1594.2 50.994 1778.7 1675.1 82.256
2.2917 1781 1577.6 65.143 1764.2 1602 51.595 1782.8 1682.7 82.738
2.3 1787 1585.8 65.266 1769.2 1609.7 52.19 1786.8 1690.4 83.23
2.3083 1792.9 1594.1 65.38 1774.1 1617.4 52.769 1790.8 1698.1 83.735
2.3167 1798.8 1602.5 65.494 1779 1625.2 53.322 1794.7 1705.9 84.256
2.325 1804.5 1611 65.619 1783.9 1632.9 53.837 1798.6 1713.8 84.795
2.3333 1810.1 1619.5 65.763 1788.9 1640.7 54.308 1802.5 1721.8 85.352
2.3417 1815.6 1628.1 65.933 1793.8 1648.6 54.724 1806.3 1729.9 85.93
2.35 1821 1636.8 66.134 1798.8 1656.5 55.081 1810 1738.2 86.526
2.3583 1828.6 1644.2 65.613 1803.9 1664.5 55.391 1813.7 1746.5 87.138
2.3667 1833.7 1653 65.865 1808.9 1672.5 55.644 1817.3 1755 87.763
2.375 1838.4 1662 66.169 1814 1680.6 55.853 1820.9 1763.5 88.395
2.3833 1843 1671.1 66.519 1819.1 1688.8 56.036 1824.5 1772.2 89.028
2.3917 1847.3 1680.2 66.912 1824.2 1697.1 56.2 1828 1780.8 89.655
2.4 1851.4 1689.3 67.336 1829.2 1705.5 56.364 1831.5 1789.5 90.27
2.4083 1855.3 1698.4 67.78 1834.2 1713.9 56.544 1834.9 1798.2 90.865
2.4167 1859.1 1707.4 68.234 1839 1722.3 56.754 1838.4 1806.9 91.435
2.425 1862.7 1716.2 68.689 1843.7 1730.8 57.006 1841.8 1815.6 91.976
2.4333 1866.3 1724.8 69.137 1848.3 1739.3 57.31 1845.2 1824.2 92.487
2.4417 1868.8 1733.8 69.866 1852.7 1747.8 57.672 1848.5 1832.7 92.969
2.45 1872.5 1741.9 70.251 1856.9 1756.3 58.093 1851.8 1841.2 93.427
2.4583 1876.1 1749.6 70.647 1860.8 1764.8 58.572 1855 1849.6 93.866
2.4667 1879.7 1757.1 71.062 1864.6 1773.2 59.106 1858.1 1858 94.295
2.475 1883.2 1764.4 71.504 1868.1 1781.6 59.687 1861.1 1866.3 94.725
2.4833 1886.6 1771.3 71.978 1871.4 1789.9 60.306 1863.8 1874.6 95.165
2.4917 1890 1778.2 72.483 1874.6 1798.2 60.956 1866.4 1882.8 95.626
2.5 1893.3 1784.8 73.014 1877.5 1806.3 61.627 1868.7 1891.1 96.117
2.5083 1896.4 1791.4 73.561 1880.2 1814.4 62.31 1870.8 1899.4 96.644
2.5167 1899.4 1797.9 74.11 1882.8 1822.4 62.999 1872.6 1907.7 97.21
2.525 1902.4 1804.4 74.641 1885.2 1830.3 63.687 1874.2 1916 97.817
2.5333 1905.2 1810.8 75.132 1887.5 1838.1 64.371 1875.4 1924.3 98.462
2.5417 1908 1817.3 75.564 1889.6 1845.7 65.048 1876.4 1932.6 99.141
2.55 1910.7 1823.7 75.923 1891.5 1853.3 65.714 1877.1 1941 99.847
2.5583 1913.2 1830.2 76.205 1893.3 1860.8 66.37 1877.6 1949.3 100.57
2.5667 1915.5 1836.6 76.413 1895 1868.2 67.013 1877.8 1957.6 101.31
2.575 1917.5 1842.9 76.559 1896.6 1875.6 67.641 1877.8 1965.9 102.06
2.5833 1919.2 1849.2 76.662 1898.1 1882.9 68.254 1877.7 1974.2 102.8
2.5917 1920.6 1855.4 76.745 1899.4 1890.2 68.849 1877.3 1982.4 103.55
2.6 1921.7 1861.4 76.833 1900.6 1897.4 69.421 1876.8 1990.5 104.29
2.6083 1922.5 1867.4 76.947 1901.7 1904.7 69.967 1876.1 1998.5 105.04
2.6167 1923.1 1873.2 77.105 1902.7 1912 70.481 1875.2 2006.4 105.78
2.625 1923.6 1879 77.32 1903.5 1919.3 70.958 1874.2 2014.2 106.53
2.6333 1924 1884.7 77.596 1904.3 1926.7 71.392 1873 2021.9 107.29
2.6417 1924.3 1890.4 77.933 1904.9 1934.1 71.78 1871.7 2029.4 108.05
2.65 1924.7 1896.1 78.321 1905.4 1941.5 72.117 1870.2 2036.8 108.81
2.6583 1925.1 1901.8 78.749 1905.7 1948.9 72.401 1868.6 2044 109.58
2.6667 1925.5 1907.6 79.198 1906 1956.3 72.633 1866.9 2051.1 110.34
2.675 1926 1913.4 79.652 1906.1 1963.7 72.813 1865.1 2058.1 111.1
2.6833 1926.5 1919.3 80.097 1906.1 1971 72.945 1863.2 2065 111.83
2.6917 1927.1 1925.2 80.518 1905.9 1978.4 73.035 1861.3 2071.7 112.54
2.7 1927.6 1931.1 80.91 1905.6 1985.7 73.09 1859.3 2078.4 113.22
2.7083 1928 1937.1 81.272 1905.1 1993 73.118 1857.3 2084.9 113.86
2.7167 1928.3 1943.1 81.606 1904.5 2000.2 73.128 1855.2 2091.4 114.46
2.725 1928.4 1949 81.922 1903.7 2007.3 73.128 1853.1 2097.8 115.02
2.7333 1928.4 1955 82.23 1902.7 2014.4 73.128 1850.9 2104.2 115.54
2.7417 1928.2 1961 82.544 1901.5 2021.5 73.134 1848.6 2110.4 116.04
2.75 1927.9 1967.1 82.874 1900.2 2028.4 73.155 1846.3 2116.6 116.51
2.7583 1927.4 1973.2 83.231 1898.7 2035.3 73.193 1843.7 2122.7 116.97
2.7667 1926.7 1979.3 83.623 1896.9 2042.2 73.254 1841 2128.8 117.41
2.775 1925.9 1985.5 84.054 1895 2048.9 73.338 1838.2 2134.8 117.86
2.7833 1924.9 1991.8 84.526 1892.9 2055.6 73.451 1835.1 2140.7 118.31
2.7917 1923.8 1998.1 85.038 1890.6 2062.2 73.586 1831.9 2146.5 118.76
2.8 1922.6 2004.5 85.586 1888.1 2068.8 73.756 1828.5 2152.2 119.22
2.8083 1921.2 2011 86.165 1885.4 2075.2 73.952 1825 2157.9 119.68
2.8167 1919.7 2017.6 86.776 1882.5 2081.5 74.184 1821.3 2163.4 120.14
2.825 1918 2024.2 87.413 1879.3 2087.6 74.452 1817.4 2168.9 120.59
2.8333 1916.1 2030.9 88.08 1876 2093.7 74.756 1813.4 2174.2 121.05
2.8417 1914.1 2037.7 88.774 1872.5 2099.7 75.099 1809.3 2179.4 121.5
2.85 1911.9 2044.5 89.514 1868.8 2105.5 75.495 1805.1 2184.5 121.96
2.8583 1909.7 2051.3 90.293 1864.9 2111.2 75.923 1800.7 2189.5 122.42
2.8667 1907.4 2058.1 91.116 1860.8 2116.9 76.419 1796.2 2194.3 122.9
2.875 1905 2065 91.988 1856.6 2122.4 76.977 1791.5 2199 123.4
2.8833 1902.8 2072 92.904 1852.1 2127.9 77.602 1786.6 2203.5 123.95
2.8917 1900.5 2079.1 93.863 1847.6 2133.3 78.298 1781.5 2207.8 124.54
2.9 1898.3 2086.3 94.858 1842.8 2138.7 79.069 1776.2 2211.9 125.2
2.9083 1896 2093.6 95.882 1837.9 2144 79.915 1770.5 2215.9 125.92
2.9167 1893.7 2101 96.927 1832.9 2149.2 80.836 1764.7 2219.7 126.7
2.925 1891.2 2108.4 97.992 1827.7 2154.5 81.832 1758.6 2223.4 127.55
2.9333 1888.4 2116 99.077 1822.4 2159.8 82.901 1752.3 2227 128.46
2.9417 1885.3 2123.5 100.18 1816.9 2165 84.041 1745.8 2230.6 129.42
2.95 1881.7 2130.9 101.32 1811.4 2170.2 85.251 1739.2 2234.1 130.41
2.9583 1877.7 2138.3 102.49 1805.7 2175.4 86.529 1732.5 2237.6 131.42
2.9667 1875.6 2144.7 103.25 1799.9 2180.5 87.875 1725.7 2241.1 132.44
2.975 1871 2151.8 104.48 1794.1 2185.6 89.288 1718.9 2244.6 133.46
2.9833 1866 2158.6 105.72 1788.2 2190.6 90.766 1712 2248.1 134.48
2.9917 1860.7 2165.1 106.97 1782.3 2195.6 92.305 1705.2 2251.6 135.48
3 1855.3 2171.4 108.2 1776.5 2200.4 93.903 1698.3 2255.1 136.49
3.0083 1846.8 2177.8 109.81 1770.6 2205.2 95.552 1691.4 2258.5 137.49
3.0167 1841.7 2183.6 110.94 1764.8 2209.9 97.245 1684.5 2261.8 138.51
3.025 1836.9 2189.2 112.01 1759.1 2214.5 98.97 1677.6 2265 139.56
3.0333 1832.5 2194.7 113.01 1753.4 2219 100.71 1670.6 2268 140.66
3.0417 1828.5 2200.2 113.96 1747.8 2223.3 102.46 1663.5 2270.8 141.82
3.05 1824.8 2205.5 114.87 1742.3 2227.5 104.21 1656.3 2273.3 143.04
3.0583 1821.3 2210.7 115.77 1736.9 2231.5 105.93 1649.1 2275.5 144.35
3.0667 1817.9 2215.8 116.7 1731.6 2235.3 107.62 1641.9 2277.5 145.72
3.075 1814.3 2220.8 117.71 1726.4 2238.9 109.29 1634.6 2279.2 147.18
3.0833 1810.4 2225.5 118.84 1721.3 2242.3 110.92 1627.4 2280.5 148.69
3.0917 1806 2230.1 120.14 1716.2 2245.5 112.51 1620.2 2281.6 150.26
3.1 1801.1 2234.4 121.63 1711.3 2248.5 114.08 1613.2 2282.5 151.87
3.1083 1795.5 2238.5 123.34 1706.3 2251.2 115.64 1606.3 2283.1 153.51
3.1167 1789.3 2242.3 125.29 1701.5 2253.7 117.19 1599.6 2283.5 155.16
3.125 1782.5 2245.9 127.45 1696.6 2256.1 118.75 1593 2283.7 156.82
3.1333 1775.4 2249.3 129.82 1691.8 2258.2 120.33 1586.7 2283.7 158.49
3.1417 1768 2252.6 132.36 1686.9 2260.2 121.93 1580.5 2283.5 160.16
3.15 1760.5 2255.8 135.02 1682 2262.1 123.57 1574.5 2283.1 161.82
3.1583 1753.2 2259 137.75 1677.1 2263.8 125.24 1568.7 2282.5 163.48
3.1667 1746.2 2262.2 140.49 1672.1 2265.5 126.96 1562.9 2281.6 165.14
3.175 1739.6 2265.4 143.17 1667 2267 128.73 1557.2 2280.6 166.81
3.1833 1733.5 2268.7 145.77 1661.8 2268.5 130.54 1551.5 2279.3 168.48
3.1917 1727.9 2272 148.23 1656.6 2269.9 132.41 1545.9 2277.8 170.15
3.2 1722.8 2275.4 150.58 1651.3 2271.2 134.32 1540.3 2276.1 171.83
3.2083 1718.1 2278.8 152.81 1645.9 2272.4 136.29 1534.6 2274.1 173.51
3.2167 1713.6 2282.2 154.97 1640.4 2273.6 138.31 1528.9 2271.9 175.18
3.225 1709.4 2285.5 157.1 1634.9 2274.6 140.38 1523.1 2269.6 176.85
3.2333 1705.2 2288.7 159.23 1629.3 2275.5 142.52 1517.3 2267 178.51
3.2417 1700.9 2291.7 161.4 1623.7 2276.3 144.71 1511.5 2264.3 180.16
3.25 1696.6 2294.6 163.65 1617.9 2276.9 146.98 1505.6 2261.4 181.79
3.2583 1692.1 2297.3 165.96 1612.2 2277.4 149.3 1499.7 2258.3 183.4
3.2667 1687.4 2299.9 168.34 1606.3 2277.8 151.69 1493.7 2255.2 184.98
3.275 1682.6 2302.3 170.78 1600.4 2278 154.12 1487.7 2251.8 186.54
3.2833 1677.6 2304.7 173.24 1594.4 2278 156.6 1481.5 2248.4 188.08
3.2917 1672.7 2306.9 175.68 1588.3 2277.8 159.11 1475.4 2244.8 189.58
3.3 1667.7 2309.2 178.09 1582.1 2277.5 161.63 1469.1 2241.1 191.05
3.3083 1662.7 2311.5 180.44 1575.9 2276.9 164.14 1462.7 2237.4 192.48
3.3167 1657.8 2313.8 182.7 1569.5 2276.2 166.63 1456.2 2233.6 193.86
3.325 1653 2316.2 184.86 1563.1 2275.4 169.07 1449.7 2229.7 195.2
3.3333 1648.2 2318.5 186.93 1556.6 2274.3 171.46 1443 2225.8 196.49
3.3417 1643.4 2320.9 188.9 1550 2273.1 173.76 1436.3 2222 197.73
3.35 1638.5 2323.2 190.8 1543.4 2271.8 175.99 1429.6 2218.1 198.91
3.3583 1633.5 2325.4 192.64 1536.7 2270.3 178.12 1422.8 2214.2 200.04
3.3667 1628.4 2327.5 194.42 1529.9 2268.7 180.15 1416 2210.4 201.12
3.375 1622.9 2329.5 196.16 1523.1 2266.9 182.08 1409.2 2206.7 202.14
3.3833 1617.2 2331.3 197.85 1516.3 2265.1 183.91 1402.5 2203 203.12
3.3917 1611.2 2333 199.51 1509.4 2263.3 185.64 1395.8 2199.3 204.06
3.4 1604.8 2334.5 201.12 1502.4 2261.3 187.28 1389.2 2195.7 204.95
3.4083 1598.1 2335.9 202.67 1495.5 2259.3 188.82 1382.6 2192.1 205.82
3.4167 1591.2 2337.1 204.16 1488.5 2257.2 190.27 1376.1 2188.7 206.65
3.425 1583.9 2338.2 205.58 1481.6 2255.1 191.63 1369.6 2185.2 207.45
3.4333 1576.5 2339.2 206.93 1474.6 2252.9 192.9 1363.2 2181.9 208.21
3.4417 1568.8 2340.2 208.22 1467.7 2250.7 194.08 1356.7 2178.6 208.94
3.45 1561 2341 209.44 1460.8 2248.4 195.19 1350.3 2175.4 209.64
3.4583 1553.1 2341.8 210.61 1453.8 2246 196.21 1344 2172.3 210.29
3.4667 1545 2342.4 211.75 1446.9 2243.6 197.16 1337.6 2169.2 210.89
3.475 1536.9 2342.9 212.85 1440 2241.1 198.05 1331.3 2166.3 211.45
3.4833 1528.7 2343.2 213.93 1433 2238.5 198.89 1324.9 2163.4 211.95
3.4917 1520.5 2343.3 215 1426 2235.8 199.67 1318.6 2160.6 212.41
3.5 1512.1 2343.1 216.04 1418.9 2233 200.42 1312.3 2157.9 212.82
3.5083 1503.7 2342.8 217.06 1411.7 2230.2 201.14 1306 2155.2 213.19
3.5167 1495.2 2342.2 218.04 1404.4 2227.3 201.84 1299.7 2152.5 213.54
3.525 1486.5 2341.3 218.99 1396.9 2224.3 202.51 1293.4 2149.8 213.86
3.5333 1477.6 2340.1 219.89 1389.4 2221.4 203.17 1287 2147 214.17
3.5417 1468.5 2338.6 220.72 1381.6 2218.4 203.82 1280.5 2144.1 214.48
3.55 1459.3 2336.7 221.48 1373.7 2215.3 204.46 1273.9 2141.1 214.81
3.5583 1449.8 2334.5 222.16 1365.6 2212.3 205.07 1267.2 2138 215.16
3.5667 1440.2 2331.9 222.76 1357.3 2209.4 205.68 1260.2 2134.7 215.55
3.575 1430.4 2328.9 223.28 1348.8 2206.4 206.28 1253.1 2131.3 215.97
3.5833 1420.4 2325.5 223.72 1340.1 2203.4 206.85 1245.8 2127.7 216.43
3.5917 1410.4 2321.8 224.1 1331.1 2200.5 207.41 1238.3 2124.1 216.92
3.6 1400.3 2317.7 224.41 1322.1 2197.5 207.96 1230.6 2120.4 217.44
3.6083 1390.2 2313.2 224.68 1312.8 2194.4 208.5 1222.8 2116.6 217.97
3.6167 1380.1 2308.5 224.91 1303.5 2191.3 209.04 1214.9 2112.9 218.51
3.625 1370.1 2303.5 225.12 1294.1 2188 209.58 1206.9 2109.2 219.05
3.6333 1360.2 2298.3 225.31 1284.6 2184.6 210.14 1198.8 2105.6 219.56
3.6417 1350.4 2293 225.5 1275.2 2181 210.73 1190.8 2102.1 220.03
3.65 1340.7 2287.7 225.7 1265.9 2177.3 211.34 1182.8 2098.7 220.46
3.6583 1331.1 2282.5 225.93 1256.6 2173.4 212 1174.9 2095.4 220.84
3.6667 1321.7 2277.4 226.19 1247.6 2169.4 212.69 1167.1 2092.2 221.15
3.675 1312.3 2272.5 226.47 1238.9 2165.2 213.44 1159.3 2089.1 221.41
3.6833 1302.9 2267.8 226.77 1230.4 2160.9 214.25 1151.7 2086.1 221.61
3.6917 1293.7 2263.3 227.08 1222.2 2156.6 215.1 1144.1 2083 221.77
3.7 1284.6 2258.9 227.39 1214.3 2152.2 216 1136.7 2079.9 221.89
3.7083 1275.7 2254.6 227.71 1206.8 2147.8 216.95 1129.3 2076.7 221.99
3.7167 1267 2250.4 228.03 1199.6 2143.5 217.93 1121.9 2073.3 222.08
3.725 1258.4 2246.1 228.36 1192.6 2139.1 218.95 1114.7 2069.8 222.17
3.7333 1249.9 2241.7 228.68 1185.9 2134.8 219.98 1107.5 2066.2 222.28
3.7417 1241.5 2237.3 229.01 1179.5 2130.5 221.04 1099.6 2062.6 221.74
3.75 1233.2 2232.8 229.35 1173.2 2126.2 222.1 1092.6 2058.5 221.91
3.7583 1224.9 2228.2 229.69 1167 2121.9 223.15 1085.6 2054.2 222.11
3.7667 1216.7 2223.4 230.04 1160.9 2117.7 224.2 1078.8 2049.7 222.34
3.775 1208.5 2218.5 230.38 1154.8 2113.3 225.24 1072 2045.1 222.6
3.7833 1200.4 2213.5 230.73 1148.7 2108.9 226.25 1065.4 2040.3 222.88
3.7917 1192.4 2208.3 231.07 1142.7 2104.4 227.25 1058.9 2035.4 223.17
3.8 1184.6 2203.1 231.42 1136.6 2099.9 228.23 1052.5 2030.5 223.47
3.8083 1176.8 2197.8 231.76 1130.5 2095.2 229.17 1046.2 2025.4 223.76
3.8167 1169.2 2192.4 232.1 1124.4 2090.4 230.09 1040.1 2020.3 224.05
3.825 1161.6 2187 232.44 1118.3 2085.5 230.99 1034 2015.1 224.32
3.8333 1154.2 2181.6 232.77 1112.2 2080.5 231.86 1028 2009.8 224.57
3.8417 1146.9 2176.1 233.1 1106 2075.3 232.7 1022.1 2004.5 224.8
3.85 1139.6 2170.6 233.43 1099.9 2070.1 233.51 1016.3 1999.2 225.01
3.8583 1132.3 2165 233.75 1093.8 2064.8 234.3 1010.6 1993.8 225.21
3.8667 1125.1 2159.2 234.07 1087.8 2059.4 235.06 1004.9 1988.4 225.38
3.875 1117.8 2153.3 234.39 1081.7 2053.9 235.78 999.23 1982.9 225.54
3.8833 1110.6 2147.3 234.71 1075.6 2048.3 236.48 993.62 1977.3 225.69
3.8917 1103.3 2141.1 235.01 1069.5 2042.6 237.14 988.03 1971.7 225.82
3.9 1096.1 2134.7 235.31 1063.4 2036.8 237.76 982.47 1966.1 225.94
3.9083 1088.8 2128.3 235.58 1057.4 2030.9 238.33 976.93 1960.4 226.05
3.9167 1081.6 2121.7 235.82 1051.2 2025 238.86 971.39 1954.7 226.15
3.925 1074.3 2115 236.03 1045.1 2018.9 239.35 965.87 1949 226.25
3.9333 1067 2108.3 236.2 1039 2012.7 239.77 960.34 1943.1 226.33
3.9417 1059.7 2101.6 236.32 1032.8 2006.4 240.15 954.81 1937.3 226.42
3.95 1052.3 2094.8 236.38 1026.6 2000.1 240.46 949.26 1931.3 226.5
3.9583 1045 2088 236.39 1020.4 1993.6 240.72 943.71 1925.3 226.59
3.9667 1037.6 2081.1 236.34 1014.2 1987 240.92 938.14 1919.2 226.69
3.975 1030.2 2074.1 236.25 1008 1980.4 241.06 932.57 1913 226.79
3.9833 1022.9 2067 236.12 1001.8 1973.6 241.14 927 1906.7 226.9
3.9917 1015.5 2059.8 235.96 995.66 1966.8 241.17 921.43 1900.3 227.03
4 1008.1 2052.4 235.79 989.51 1959.8 241.14 915.86 1893.8 227.17
4.0083 1000.8 2044.9 235.61 983.38 1952.7 241.06 910.31 1887.1 227.32
4.0167 993.45 2037.1 235.43 977.26 1945.5 240.93 904.77 1880.3 227.48
4.025 986.16 2029.1 235.25 971.17 1938.2 240.75 899.24 1873.4 227.64
4.0333 978.9 2020.8 235.07 965.1 1930.8 240.54 893.72 1866.4 227.79
4.0417 971.66 2012.3 234.87 959.03 1923.2 240.29 888.21 1859.3 227.93
4.05 964.42 2003.6 234.66 952.96 1915.5 240.02 882.7 1852 228.06
4.0583 957.17 1994.7 234.43 946.89 1907.7 239.74 877.2 1844.6 228.16
4.0667 949.91 1985.6 234.17 940.81 1899.6 239.44 871.68 1837.1 228.25
