0.0083333 79.865 5.1465 90.282 62.687 60.428 93.752 69.498 172.43 90.623
0.016667 78.543 13.959 90.22 60.635 68.419 93.802 66.542 180.31 90.683
0.025 77.161 22.985 90.169 58.522 76.503 93.846 63.539 188.23 90.748
0.033333 75.728 32.222 90.129 56.346 84.676 93.885 60.495 196.21 90.818
0.041667 74.239 41.66 90.099 54.111 92.921 93.917 57.422 204.26 90.891
0.05 72.703 51.284 90.081 51.82 101.23 93.946 54.327 212.39 90.965
0.058333 71.122 61.066 90.078 49.478 109.61 93.974 51.22 220.6 91.038
0.066667 69.498 70.978 90.091 47.097 118.03 94.005 48.107 228.89 91.107
0.075 67.835 80.98 90.123 44.687 126.49 94.045 44.998 237.26 91.169
0.083333 66.131 91.034 90.177 42.263 134.99 94.097 41.898 245.7 91.224
0.091667 64.387 101.1 90.252 39.842 143.51 94.165 38.814 254.19 91.27
0.1 62.603 111.13 90.347 37.441 152.06 94.25 35.751 262.71 91.31
0.10833 60.78 121.1 90.458 35.079 160.62 94.351 32.717 271.24 91.346
0.11667 58.924 130.98 90.579 32.773 169.18 94.467 29.716 279.76 91.383
0.125 57.045 140.72 90.704 30.54 177.73 94.592 26.757 288.25 91.427
0.13333 55.158 150.33 90.826 28.393 186.26 94.721 23.848 296.67 91.483
0.14167 53.28 159.77 90.939 26.343 194.76 94.847 20.998 305.02 91.558
0.15 51.43 169.04 91.037 24.396 203.2 94.965 18.218 313.28 91.655
0.15833 49.626 178.15 91.118 22.555 211.58 95.066 15.52 321.44 91.779
0.16667 47.881 187.1 91.18 20.82 219.88 95.146 12.917 329.48 91.932
0.175 46.202 195.89 91.226 19.186 228.09 95.201 10.422 337.42 92.113
0.18333 44.592 204.54 91.261 17.647 236.18 95.228 8.0473 345.24 92.321
0.19167 43.046 213.08 91.293 16.194 244.16 95.226 5.8042 352.97 92.552
0.2 41.561 221.52 91.328 14.82 252.01 95.195 3.7024 360.59 92.8
0.20833 40.133 229.87 91.376 13.516 259.73 95.138 1.7485 368.12 93.061
0.21667 38.759 238.16 91.442 12.275 267.32 95.058 -0.053697 375.58 93.328
0.225 37.438 246.38 91.534 11.092 274.78 94.956 -1.7035 382.95 93.595
0.23333 36.174 254.57 91.656 9.9632 282.12 94.839 -3.2037 390.26 93.858
0.24167 34.965 262.71 91.804 8.8882 289.34 94.707 -4.5601 397.49 94.114
0.25 33.822 270.81 91.983 7.8674 296.45 94.566 -5.7799 404.64 94.36
0.25833 32.751 278.88 92.186 6.904 303.48 94.42 -6.8727 411.71 94.596
0.26667 31.752 286.91 92.408 6.0021 310.42 94.271 -7.8491 418.69 94.823
0.275 30.828 294.88 92.641 5.1666 317.3 94.123 -8.7203 425.57 95.043
0.28333 29.978 302.78 92.879 4.4021 324.13 93.978 -9.4963 432.34 95.259
0.29167 29.195 310.61 93.113 3.7125 330.91 93.84 -10.188 438.99 95.476
0.3 28.47 318.36 93.34 3.101 337.66 93.711 -10.803 445.5 95.697
0.30833 27.788 326.01 93.556 2.5691 344.38 93.594 -11.35 451.87 95.926
0.31667 27.137 333.57 93.761 2.1165 351.07 93.491 -11.836 458.1 96.168
0.325 26.501 341.02 93.958 1.7415 357.73 93.406 -12.268 464.19 96.425
0.33333 25.87 348.38 94.149 1.4413 364.37 93.34 -12.649 470.13 96.701
0.34167 25.236 355.64 94.338 1.2114 370.99 93.295 -12.987 475.94 96.998
0.35 24.598 362.81 94.531 1.0471 377.57 93.273 -13.284 481.62 97.318
0.35833 23.963 369.91 94.729 0.94315 384.13 93.274 -13.546 487.19 97.662
0.36667 23.344 376.94 94.937 0.8945 390.65 93.298 -13.775 492.67 98.03
0.375 22.761 383.92 95.154 0.89671 397.14 93.347 -13.976 498.06 98.422
0.38333 22.241 390.87 95.381 1.0826 403.84 93.418 -15.22 502.41 99.829
0.39167 21.811 397.79 95.616 1.1739 410.27 93.513 -15.37 507.69 100.28
0.4 21.499 404.7 95.855 1.3077 416.67 93.629 -15.495 512.93 100.74
0.40833 21.326 411.61 96.098 1.4829 423.05 93.766 -15.595 518.15 101.23
0.41667 21.309 418.52 96.341 1.7 429.4 93.924 -15.669 523.35 101.74
0.425 21.457 425.44 96.586 1.9598 435.73 94.103 -15.715 528.54 102.27
0.43333 21.77 432.39 96.833 2.264 442.04 94.303 -15.731 533.71 102.81
0.44167 22.238 439.36 97.088 2.6143 448.32 94.523 -15.714 538.87 103.37
0.45 22.846 446.36 97.356 3.0129 454.58 94.766 -15.665 544 103.94
0.45833 23.574 453.42 97.647 3.4616 460.82 95.034 -15.582 549.11 104.53
0.46667 24.393 460.54 97.969 3.9614 467.03 95.326 -15.467 554.17 105.13
0.475 25.276 467.75 98.333 4.513 473.2 95.648 -15.323 559.17 105.76
0.48333 26.19 475.05 98.746 5.1159 479.33 96.001 -15.156 564.1 106.4
0.49167 27.102 482.45 99.213 5.7685 485.43 96.386 -14.972 568.95 107.07
0.5 27.985 489.95 99.737 6.4681 491.48 96.807 -14.779 573.7 107.76
0.50833 28.822 497.53 100.31 7.2111 497.49 97.265 -14.585 578.35 108.48
0.51667 29.614 505.18 100.94 7.9925 503.45 97.761 -14.398 582.89 109.24
0.525 30.378 512.86 101.6 8.8071 509.37 98.294 -14.228 587.31 110.04
0.53333 31.144 520.53 102.28 9.6483 515.25 98.866 -14.08 591.61 110.87
0.54167 31.944 528.18 102.98 10.51 521.08 99.473 -13.961 595.79 111.76
0.55 32.809 535.76 103.68 11.385 526.87 100.11 -13.874 599.86 112.68
0.55833 33.754 543.24 104.38 12.267 532.61 100.78 -13.822 603.82 113.65
0.56667 34.781 550.6 105.07 13.148 538.32 101.48 -13.807 607.68 114.67
0.575 35.874 557.8 105.76 14.022 543.97 102.2 -13.829 611.46 115.72
0.58333 37.006 564.83 106.44 14.879 549.58 102.94 -13.89 615.17 116.81
0.59167 38.141 571.65 107.11 15.711 555.14 103.7 -13.99 618.81 117.93
0.6 39.24 578.24 107.78 16.507 560.64 104.46 -14.132 622.41 119.08
0.60833 40.262 584.61 108.45 17.255 566.09 105.24 -14.322 625.97 120.24
0.61667 41.171 590.76 109.13 17.943 571.47 106.01 -14.566 629.51 121.4
0.625 41.934 596.68 109.81 18.555 576.79 106.8 -14.872 633.03 122.57
0.63333 42.525 602.39 110.51 19.077 582.05 107.58 -15.252 636.55 123.73
0.64167 42.926 607.9 111.22 19.493 587.25 108.37 -15.715 640.07 124.88
0.65 43.128 613.25 111.94 19.79 592.39 109.16 -16.275 643.59 126
0.65833 43.133 618.45 112.68 19.955 597.46 109.96 -16.943 647.12 127.1
0.66667 42.954 623.52 113.44 19.977 602.46 110.76 -17.731 650.66 128.18
0.675 42.614 628.5 114.2 19.848 607.4 111.56 -18.646 654.21 129.22
0.68333 42.139 633.4 114.98 19.565 612.27 112.37 -19.698 657.77 130.24
0.69167 41.562 638.25 115.77 19.126 617.07 113.18 -20.892 661.32 131.24
0.7 40.914 643.07 116.55 18.533 621.8 114.01 -22.23 664.87 132.21
0.70833 40.22 647.86 117.34 17.791 626.44 114.83 -23.715 668.41 133.15
0.71667 39.492 652.63 118.11 16.905 631.01 115.67 -25.344 671.91 134.08
0.725 38.724 657.37 118.88 15.883 635.47 116.5 -27.115 675.38 134.99
0.73333 37.899 662.06 119.63 14.734 639.85 117.35 -29.024 678.79 135.88
0.74167 36.989 666.68 120.38 13.462 644.14 118.2 -31.067 682.14 136.75
0.75 35.968 671.21 121.11 12.071 648.33 119.05 -33.238 685.39 137.6
0.75833 34.811 675.63 121.85 10.563 652.43 119.89 -35.531 688.55 138.43
0.76667 33.5 679.93 122.58 8.9384 656.45 120.74 -37.941 691.6 139.23
0.775 32.023 684.1 123.32 7.1929 660.39 121.57 -40.463 694.51 140
0.78333 30.378 688.15 124.06 5.3219 664.27 122.4 -43.09 697.3 140.75
0.79167 28.569 692.09 124.8 3.3192 668.08 123.22 -45.817 699.94 141.46
0.8 26.602 695.93 125.55 1.1786 671.84 124.03 -48.639 702.45 142.15
0.80833 24.493 699.69 126.29 -1.1061 675.54 124.83 -51.552 704.82 142.8
0.81667 22.249 703.39 127.02 -3.5389 679.2 125.61 -54.55 707.06 143.42
0.825 19.878 707.04 127.74 -6.1223 682.79 126.38 -57.63 709.19 144.02
0.83333 17.389 710.64 128.43 -8.8564 686.32 127.13 -60.787 711.2 144.59
0.84167 14.781 714.2 129.09 -11.739 689.77 127.86 -64.019 713.12 145.13
0.85 12.052 717.71 129.72 -14.766 693.13 128.57 -67.324 714.95 145.65
0.85833 9.1994 721.16 130.3 -17.931 696.39 129.25 -70.7 716.71 146.15
0.86667 6.2023 724.53 130.85 -21.23 699.54 129.9 -74.147 718.41 146.64
0.875 3.0654 727.81 131.34 -24.655 702.56 130.51 -77.667 720.04 147.1
0.88333 -0.22859 730.98 131.8 -28.204 705.44 131.08 -81.263 721.62 147.55
0.89167 -3.6823 734.01 132.21 -31.874 708.19 131.6 -84.936 723.13 147.98
0.9 -7.3069 736.91 132.58 -35.664 710.81 132.08 -88.693 724.58 148.39
0.90833 -11.092 739.67 132.92 -39.576 713.29 132.5 -92.535 725.97 148.79
0.91667 -15.037 742.28 133.21 -43.616 715.64 132.86 -96.469 727.28 149.18
0.925 -19.14 744.74 133.47 -47.788 717.89 133.17 -100.5 728.5 149.55
0.93333 -23.396 747.07 133.68 -52.1 720.03 133.43 -104.62 729.63 149.9
0.94167 -27.787 749.28 133.87 -56.558 722.08 133.63 -108.84 730.65 150.24
0.95 -32.318 751.37 134.02 -61.169 724.04 133.78 -113.16 731.58 150.57
0.95833 -36.979 753.35 134.13 -65.937 725.94 133.88 -117.57 732.39 150.88
0.96667 -41.772 755.24 134.22 -70.868 727.75 133.95 -122.07 733.1 151.18
0.975 -46.7 757.03 134.28 -75.962 729.5 133.98 -126.66 733.7 151.47
0.98333 -51.769 758.72 134.33 -81.221 731.17 133.98 -131.34 734.19 151.74
0.99167 -56.988 760.33 134.36 -86.641 732.75 133.96 -136.09 734.6 151.98
1 -62.378 761.84 134.38 -92.22 734.23 133.92 -140.93 734.91 152.21
1.0083 -67.955 763.24 134.39 -97.956 735.61 133.88 -145.84 735.14 152.41
1.0167 -73.737 764.54 134.39 -103.84 736.88 133.82 -150.84 735.3 152.58
1.025 -79.743 765.73 134.39 -109.88 738.01 133.75 -155.92 735.38 152.72
1.0333 -85.987 766.8 134.39 -116.06 739 133.67 -161.09 735.39 152.83
1.0417 -92.484 767.74 134.37 -122.39 739.86 133.58 -166.36 735.32 152.91
1.05 -99.235 768.56 134.34 -128.86 740.56 133.49 -171.74 735.17 152.96
1.0583 -106.24 769.26 134.3 -135.49 741.12 133.37 -177.23 734.93 152.98
1.0667 -113.5 769.83 134.23 -142.26 741.54 133.25 -182.83 734.59 152.98
1.075 -121 770.26 134.14 -149.18 741.81 133.11 -188.55 734.14 152.96
1.0833 -128.72 770.56 134.03 -156.27 741.95 132.95 -194.38 733.55 152.91
1.0917 -136.65 770.73 133.9 -163.51 741.97 132.77 -200.33 732.82 152.86
1.1 -144.76 770.75 133.75 -170.92 741.87 132.58 -206.37 731.95 152.8
1.1083 -153.04 770.63 133.59 -178.48 741.66 132.37 -212.51 730.91 152.73
1.1167 -161.46 770.36 133.41 -186.2 741.35 132.15 -218.74 729.72 152.65
1.125 -170.01 769.95 133.24 -194.06 740.95 131.93 -225.03 728.37 152.58
1.1333 -178.67 769.39 133.06 -202.05 740.46 131.69 -231.38 726.88 152.5
1.1417 -187.44 768.69 132.89 -210.16 739.89 131.46 -237.77 725.26 152.42
1.15 -196.3 767.85 132.72 -218.36 739.24 131.21 -244.22 723.52 152.33
1.1583 -205.24 766.89 132.55 -226.63 738.53 130.97 -250.7 721.69 152.24
1.1667 -214.24 765.82 132.37 -234.93 737.76 130.72 -257.22 719.79 152.14
1.175 -223.29 764.64 132.18 -243.25 736.93 130.46 -263.79 717.84 152.02
1.1833 -232.36 763.38 131.97 -251.55 736.06 130.19 -270.4 715.87 151.89
1.1917 -241.42 762.06 131.72 -259.8 735.16 129.92 -277.07 713.89 151.74
1.2 -250.45 760.68 131.44 -267.98 734.23 129.62 -283.79 711.92 151.56
1.2083 -259.42 759.27 131.12 -276.06 733.29 129.3 -290.58 709.98 151.36
1.2167 -268.28 757.86 130.75 -284.03 732.35 128.96 -297.42 708.06 151.14
1.225 -277 756.46 130.34 -291.87 731.41 128.59 -304.32 706.19 150.89
1.2333 -285.55 755.1 129.9 -299.58 730.49 128.2 -311.27 704.35 150.62
1.2417 -293.87 753.81 129.43 -307.14 729.6 127.77 -318.24 702.56 150.33
1.25 -301.95 752.59 128.93 -314.57 728.73 127.32 -325.24 700.81 150.02
1.2583 -309.72 751.47 128.43 -321.86 727.91 126.84 -332.23 699.11 149.7
1.2667 -317.18 750.45 127.94 -329.01 727.14 126.34 -339.2 697.45 149.37
1.275 -324.29 749.53 127.45 -336.03 726.41 125.81 -346.13 695.85 149.04
1.2833 -331.05 748.69 126.98 -342.92 725.72 125.26 -353 694.31 148.71
1.2917 -337.46 747.92 126.54 -349.68 725.09 124.7 -359.81 692.83 148.38
1.3 -343.54 747.21 126.12 -356.33 724.5 124.11 -366.52 691.43 148.07
1.3083 -349.3 746.55 125.72 -362.86 723.96 123.52 -373.15 690.12 147.76
1.3167 -354.78 745.92 125.33 -369.27 723.45 122.91 -379.68 688.9 147.46
1.325 -359.98 745.31 124.96 -375.56 722.98 122.29 -386.12 687.78 147.16
1.3333 -364.94 744.73 124.58 -381.74 722.53 121.67 -392.47 686.76 146.87
1.3417 -369.67 744.17 124.21 -387.79 722.11 121.04 -398.73 685.84 146.56
1.35 -374.18 743.63 123.82 -393.73 721.7 120.41 -404.9 685.03 146.24
1.3583 -378.49 743.12 123.42 -399.54 721.31 119.79 -410.99 684.32 145.89
1.3667 -382.62 742.63 123 -405.22 720.93 119.17 -417.01 683.71 145.5
1.375 -386.57 742.17 122.57 -410.78 720.56 118.56 -422.95 683.17 145.06
1.3833 -390.35 741.73 122.12 -416.2 720.2 117.97 -428.82 682.71 144.58
1.3917 -393.99 741.31 121.66 -421.48 719.85 117.39 -434.62 682.31 144.04
1.4 -397.49 740.9 121.2 -426.61 719.51 116.84 -440.34 681.96 143.45
1.4083 -400.87 740.5 120.74 -431.59 719.19 116.3 -445.98 681.65 142.81
1.4167 -404.15 740.09 120.28 -436.42 718.87 115.79 -451.54 681.38 142.13
1.425 -407.33 739.66 119.82 -441.07 718.57 115.3 -457.01 681.15 141.42
1.4333 -410.44 739.22 119.36 -445.54 718.27 114.84 -462.38 680.95 140.7
1.4417 -413.49 738.76 118.9 -449.83 717.97 114.38 -467.65 680.78 139.98
1.45 -416.51 738.28 118.44 -453.93 717.68 113.95 -472.81 680.65 139.27
1.4583 -419.49 737.77 117.97 -457.83 717.39 113.53 -477.86 680.56 138.59
1.4667 -422.45 737.24 117.48 -461.54 717.09 113.12 -482.77 680.52 137.95
1.475 -425.41 736.69 116.99 -465.06 716.77 112.71 -487.56 680.52 137.35
1.4833 -428.37 736.14 116.48 -468.38 716.45 112.31 -492.2 680.58 136.8
1.4917 -431.32 735.57 115.95 -471.52 716.11 111.91 -496.69 680.7 136.31
1.5 -434.28 735.01 115.4 -474.48 715.77 111.52 -501.01 680.88 135.86
1.5083 -437.22 734.45 114.85 -477.28 715.42 111.13 -505.18 681.12 135.46
1.5167 -440.14 733.89 114.29 -479.92 715.08 110.76 -509.17 681.43 135.09
1.525 -443.04 733.34 113.73 -482.42 714.74 110.39 -512.98 681.81 134.75
1.5333 -445.9 732.8 113.17 -484.79 714.43 110.04 -516.62 682.26 134.44
1.5417 -448.71 732.26 112.62 -487.03 714.14 109.7 -520.09 682.77 134.14
1.55 -451.47 731.72 112.08 -489.17 713.88 109.38 -523.39 683.36 133.84
1.5583 -454.17 731.15 111.55 -491.2 713.67 109.08 -526.53 684.01 133.54
1.5667 -456.8 730.57 111.04 -493.15 713.5 108.79 -529.52 684.74 133.24
1.575 -459.35 729.94 110.55 -495.01 713.38 108.51 -532.35 685.54 132.93
1.5833 -461.83 729.27 110.07 -496.8 713.3 108.25 -535.04 686.42 132.61
1.5917 -464.24 728.53 109.61 -498.54 713.28 108 -537.6 687.37 132.28
1.6 -466.57 727.73 109.15 -500.22 713.3 107.75 -540.02 688.39 131.94
1.6083 -468.83 726.85 108.71 -501.88 713.36 107.5 -542.31 689.49 131.58
1.6167 -471.01 725.9 108.27 -503.52 713.46 107.25 -544.48 690.66 131.2
1.625 -473.14 724.88 107.85 -505.16 713.6 107 -546.54 691.89 130.81
1.6333 -475.21 723.81 107.44 -506.83 713.78 106.74 -548.48 693.17 130.4
1.6417 -477.23 722.71 107.04 -508.54 714.01 106.47 -550.31 694.5 129.97
1.65 -479.21 721.59 106.66 -510.29 714.28 106.19 -552.05 695.88 129.52
1.6583 -481.18 720.47 106.3 -512.12 714.6 105.9 -553.7 697.29 129.04
1.6667 -483.14 719.37 105.96 -514.03 714.97 105.6 -555.29 698.73 128.54
1.675 -485.11 718.3 105.64 -516.03 715.4 105.29 -556.82 700.19 128.01
1.6833 -487.1 717.29 105.35 -518.13 715.88 104.98 -558.33 701.68 127.46
1.6917 -489.12 716.35 105.08 -520.31 716.41 104.65 -559.82 703.19 126.88
1.7 -491.18 715.48 104.82 -522.6 716.99 104.32 -561.33 704.73 126.27
1.7083 -493.29 714.71 104.58 -524.97 717.6 103.97 -562.87 706.32 125.64
1.7167 -492.19 714.55 104.24 -527.43 718.24 103.62 -564.45 707.96 124.97
1.725 -497.61 713.49 104.09 -529.96 718.91 103.25 -566.1 709.67 124.26
1.7333 -499.82 713.05 103.82 -532.58 719.59 102.87 -567.82 711.46 123.52
1.7417 -502.05 712.73 103.53 -535.27 720.28 102.47 -569.63 713.33 122.73
1.75 -504.3 712.52 103.21 -538.05 720.98 102.05 -571.51 715.31 121.89
1.7583 -506.56 712.42 102.86 -540.9 721.68 101.61 -573.48 717.39 121
1.7667 -508.83 712.42 102.48 -543.85 722.41 101.15 -575.52 719.58 120.05
1.775 -511.1 712.52 102.07 -546.88 723.16 100.68 -577.64 721.87 119.04
1.7833 -513.4 712.71 101.63 -550.02 723.95 100.18 -579.83 724.26 117.96
1.7917 -515.71 712.98 101.17 -553.26 724.81 99.675 -582.09 726.74 116.82
1.8 -518.07 713.35 100.69 -556.62 725.73 99.147 -584.41 729.28 115.61
1.8083 -520.49 713.81 100.2 -560.08 726.75 98.613 -586.8 731.89 114.35
1.8167 -522.99 714.36 99.695 -563.65 727.88 98.074 -589.26 734.55 113.05
1.825 -525.57 715.02 99.185 -567.32 729.12 97.531 -591.8 737.24 111.71
1.8333 -528.27 715.78 98.671 -571.1 730.47 96.985 -594.43 739.95 110.34
1.8417 -531.1 716.64 98.156 -574.96 731.95 96.439 -597.14 742.69 108.97
1.85 -534.05 717.61 97.641 -578.9 733.55 95.893 -599.96 745.45 107.6
1.8583 -537.15 718.68 97.129 -582.91 735.25 95.343 -602.87 748.24 106.24
1.8667 -540.39 719.85 96.621 -587.02 736.99 94.798 -605.35 751.36 104.13
1.875 -543.77 721.11 96.118 -591.17 738.87 94.241 -608.46 754.21 102.82
1.8833 -547.27 722.45 95.621 -595.38 740.83 93.676 -611.67 757.1 101.54
1.8917 -550.91 723.86 95.134 -599.65 742.86 93.102 -614.96 760.05 100.28
1.9 -554.66 725.33 94.656 -604 744.94 92.515 -618.34 763.05 99.052
1.9083 -558.53 726.85 94.192 -608.41 747.09 91.927 -621.77 766.1 97.839
1.9167 -562.5 728.41 93.74 -612.91 749.29 91.323 -625.27 769.21 96.639
1.925 -566.58 730.01 93.304 -617.49 751.55 90.717 -628.81 772.37 95.443
1.9333 -570.77 731.65 92.884 -622.16 753.88 90.113 -632.4 775.57 94.247
1.9417 -575.08 733.32 92.481 -626.92 756.28 89.502 -636.02 778.82 93.046
1.95 -579.53 735.04 92.096 -631.77 758.77 88.903 -639.68 782.1 91.839
1.9583 -584.13 736.82 91.731 -636.71 761.35 88.32 -643.39 785.41 90.626
1.9667 -588.92 738.66 91.385 -641.74 764.02 87.749 -647.15 788.75 89.413
1.975 -593.91 740.57 91.062 -646.85 766.8 87.199 -650.98 792.12 88.205
1.9833 -599.12 742.57 90.761 -652.04 769.68 86.668 -654.88 795.54 87.01
1.9917 -604.59 744.66 90.486 -657.32 772.68 86.17 -658.87 799.01 85.836
2 -610.33 746.84 90.236 -662.67 775.79 85.702 -662.95 802.53 84.689
2.0083 -616.33 749.14 90.013 -668.1 779.01 85.264 -667.13 806.13 83.574
2.0167 -622.59 751.53 89.817 -673.61 782.35 84.858 -671.41 809.8 82.494
2.025 -629.1 754.03 89.645 -679.19 785.79 84.484 -675.79 813.56 81.445
2.0333 -635.83 756.64 89.497 -684.85 789.34 84.144 -680.25 817.41 80.423
2.0417 -642.73 759.35 89.367 -690.58 792.99 83.84 -684.79 821.36 79.42
2.05 -649.77 762.16 89.25 -696.37 796.74 83.567 -689.39 825.39 78.427
2.0583 -656.89 765.06 89.14 -702.21 800.58 83.33 -694.04 829.51 77.432
2.0667 -664.04 768.05 89.03 -708.08 804.5 83.127 -698.72 833.7 76.427
2.075 -671.18 771.12 88.912 -713.94 808.49 82.963 -703.41 837.97 75.406
2.0833 -678.26 774.27 88.78 -719.78 812.53 82.835 -708.11 842.3 74.367
2.0917 -685.25 777.48 88.629 -725.55 816.62 82.745 -712.8 846.68 73.314
2.1 -692.13 780.74 88.453 -731.22 820.74 82.689 -717.49 851.12 72.254
2.1083 -698.88 784.04 88.254 -736.75 824.88 82.666 -722.16 855.62 71.201
2.1167 -705.5 787.36 88.031 -742.12 829.02 82.672 -726.82 860.18 70.171
2.125 -711.98 790.68 87.791 -747.29 833.14 82.701 -731.45 864.81 69.183
2.1333 -718.32 793.98 87.539 -752.25 837.24 82.749 -736.06 869.51 68.254
2.1417 -724.53 797.26 87.288 -756.99 841.31 82.807 -740.63 874.28 67.401
2.15 -730.59 800.5 87.047 -761.51 845.35 82.868 -745.16 879.13 66.635
2.1583 -736.52 803.7 86.83 -765.82 849.35 82.923 -749.62 884.06 65.96
2.1667 -742.28 806.87 86.649 -769.92 853.31 82.965 -753.99 889.05 65.376
2.175 -747.87 809.99 86.511 -773.84 857.24 82.987 -758.26 894.1 64.874
2.1833 -753.25 813.07 86.422 -777.59 861.15 82.983 -762.39 899.18 64.44
2.1917 -758.41 816.1 86.384 -781.2 865.03 82.946 -766.35 904.28 64.057
2.2 -763.29 819.09 86.394 -784.69 868.89 82.873 -770.13 909.36 63.702
2.2083 -767.86 821.99 86.437 -788.06 872.74 82.763 -773.69 914.42 63.354
2.2167 -772.08 824.82 86.507 -791.35 876.58 82.614 -777.01 919.42 62.993
2.225 -775.93 827.54 86.589 -794.54 880.42 82.427 -780.1 924.35 62.601
2.2333 -779.4 830.18 86.675 -797.64 884.27 82.203 -782.94 929.2 62.166
2.2417 -782.49 832.73 86.758 -800.65 888.12 81.945 -785.54 933.95 61.68
2.25 -785.23 835.2 86.836 -803.57 891.98 81.656 -787.9 938.61 61.14
2.2583 -787.66 837.62 86.904 -806.38 895.86 81.342 -790.05 943.18 60.552
2.2667 -789.83 839.98 86.957 -809.08 899.75 81.005 -791.99 947.67 59.921
2.275 -791.78 842.29 86.99 -811.65 903.67 80.65 -793.76 952.09 59.259
2.2833 -793.54 844.56 86.997 -814.09 907.62 80.28 -795.36 956.45 58.577
2.2917 -795.16 846.79 86.97 -816.4 911.6 79.899 -796.82 960.76 57.887
2.3 -796.66 848.99 86.903 -818.57 915.61 79.508 -798.15 965.04 57.199
2.3083 -798.06 851.17 86.792 -820.59 919.65 79.11 -799.37 969.3 56.52
2.3167 -799.38 853.34 86.631 -822.47 923.73 78.704 -800.47 973.54 55.853
2.325 -800.65 855.53 86.416 -824.21 927.85 78.291 -801.46 977.79 55.2
2.3333 -801.87 857.75 86.145 -825.81 932.01 77.869 -802.33 982.04 54.559
2.3417 -803.05 860.01 85.818 -827.26 936.21 77.437 -803.08 986.3 53.926
2.35 -804.22 862.34 85.435 -828.58 940.45 76.992 -803.69 990.59 53.298
2.3583 -805.36 864.74 85 -829.74 944.72 76.532 -804.17 994.91 52.671
2.3667 -806.49 867.21 84.517 -830.76 949.01 76.054 -804.5 999.26 52.041
2.375 -807.62 869.76 83.993 -831.64 953.34 75.556 -804.67 1003.7 51.407
2.3833 -808.74 872.38 83.437 -832.38 957.68 75.033 -804.67 1008.1 50.77
2.3917 -809.85 875.09 82.856 -832.97 962.05 74.484 -804.49 1012.6 50.131
2.4 -810.96 877.85 82.26 -833.42 966.44 73.907 -804.14 1017.2 49.495
2.4083 -812.04 880.69 81.657 -833.72 970.85 73.301 -803.61 1021.8 48.865
2.4167 -813.09 883.58 81.055 -833.9 975.28 72.663 -802.89 1026.5 48.246
2.425 -814.09 886.53 80.458 -833.93 979.73 71.993 -801.98 1031.2 47.642
2.4333 -815.03 889.53 79.868 -833.83 984.21 71.29 -800.88 1035.9 47.053
2.4417 -815.88 892.59 79.289 -833.6 988.72 70.558 -799.6 1040.6 46.48
2.45 -816.64 895.71 78.719 -833.24 993.26 69.798 -798.13 1045.4 45.923
2.4583 -817.27 898.9 78.155 -832.74 997.82 69.013 -796.48 1050.1 45.378
2.4667 -817.78 902.15 77.595 -832.1 1002.4 68.206 -794.65 1054.7 44.841
2.475 -818.15 905.46 77.037 -831.31 1007 67.383 -792.64 1059.3 44.308
2.4833 -818.38 908.85 76.477 -830.38 1011.6 66.55 -790.48 1063.8 43.775
2.4917 -818.49 912.3 75.914 -829.29 1016.3 65.713 -788.15 1068.3 43.237
2.5 -818.47 915.82 75.347 -828.05 1020.9 64.878 -785.68 1072.7 42.694
2.5083 -818.35 919.4 74.779 -826.65 1025.5 64.052 -783.07 1077 42.145
2.5167 -818.14 923.05 74.209 -825.09 1030.1 63.243 -780.33 1081.3 41.591
2.525 -817.85 926.75 73.64 -823.37 1034.7 62.454 -777.48 1085.5 41.034
2.5333 -817.5 930.5 73.076 -821.5 1039.2 61.692 -774.51 1089.7 40.478
2.5417 -817.09 934.31 72.516 -819.48 1043.7 60.959 -771.44 1093.9 39.928
2.55 -816.62 938.17 71.965 -817.31 1048.2 60.259 -768.26 1098.1 39.386
2.5583 -816.1 942.08 71.423 -815.01 1052.6 59.593 -764.98 1102.3 38.858
2.5667 -815.51 946.06 70.891 -812.56 1057 58.961 -761.6 1106.6 38.346
2.575 -814.83 950.1 70.371 -809.98 1061.3 58.363 -758.11 1110.8 37.852
2.5833 -814.05 954.21 69.863 -807.26 1065.7 57.797 -754.51 1115 37.377
2.5917 -813.14 958.41 69.368 -804.41 1070 57.264 -750.78 1119.2 36.919
2.6 -812.09 962.7 68.889 -801.42 1074.3 56.76 -746.94 1123.4 36.477
2.6083 -810.88 967.08 68.427 -798.3 1078.6 56.285 -742.96 1127.6 36.049
2.6167 -809.5 971.56 67.985 -795.04 1082.9 55.839 -738.85 1131.7 35.63
2.625 -807.92 976.15 67.564 -791.63 1087.2 55.42 -734.6 1135.7 35.219
2.6333 -806.15 980.83 67.17 -788.07 1091.5 55.029 -730.22 1139.7 34.811
2.6417 -804.18 985.61 66.803 -784.37 1095.9 54.667 -725.69 1143.6 34.404
2.65 -802.02 990.48 66.466 -780.51 1100.2 54.333 -721.03 1147.5 33.995
2.6583 -799.67 995.44 66.16 -776.51 1104.6 54.028 -716.23 1151.3 33.581
2.6667 -797.13 1000.5 65.887 -772.37 1109 53.752 -711.28 1155 33.162
2.675 -794.4 1005.6 65.646 -768.08 1113.4 53.505 -706.2 1158.6 32.734
2.6833 -791.5 1010.8 65.438 -763.65 1117.9 53.286 -700.97 1162.2 32.299
2.6917 -788.41 1016.1 65.261 -759.07 1122.3 53.093 -695.6 1165.7 31.854
2.7 -785.14 1021.4 65.115 -754.35 1126.7 52.924 -690.09 1169.2 31.4
2.7083 -781.7 1026.9 64.997 -749.48 1131.2 52.776 -684.43 1172.6 30.937
2.7167 -778.08 1032.5 64.907 -744.46 1135.6 52.647 -678.62 1175.9 30.466
2.725 -774.29 1038.2 64.842 -739.28 1140.1 52.533 -672.65 1179.3 29.986
2.7333 -770.32 1044 64.804 -733.94 1144.5 52.432 -666.53 1182.5 29.5
2.7417 -766.18 1049.9 64.79 -728.41 1149 52.34 -660.25 1185.7 29.009
2.75 -761.85 1056 64.8 -722.7 1153.5 52.256 -653.82 1188.9 28.515
2.7583 -757.32 1062.2 64.833 -716.79 1158.1 52.177 -647.23 1192.1 28.02
2.7667 -752.58 1068.6 64.888 -710.68 1162.6 52.102 -640.48 1195.2 27.527
2.775 -747.61 1075.1 64.962 -704.35 1167.2 52.029 -633.57 1198.3 27.038
2.7833 -742.39 1081.7 65.05 -697.81 1171.9 51.958 -626.51 1201.4 26.555
2.7917 -736.92 1088.5 65.146 -691.06 1176.6 51.884 -619.29 1204.5 26.079
2.8 -731.18 1095.4 65.242 -684.08 1181.3 51.807 -611.93 1207.6 25.612
2.8083 -725.17 1102.4 65.33 -676.88 1186.2 51.724 -604.41 1210.8 25.153
2.8167 -718.9 1109.5 65.398 -669.46 1191.1 51.63 -596.75 1214 24.702
2.825 -712.36 1116.7 65.437 -661.84 1196.1 51.522 -588.94 1217.2 24.259
2.8333 -705.58 1123.9 65.436 -654 1201.2 51.394 -581 1220.6 23.822
2.8417 -698.55 1131.3 65.388 -645.98 1206.3 51.243 -572.94 1223.9 23.39
2.85 -691.3 1138.7 65.286 -637.77 1211.6 51.065 -564.76 1227.4 22.962
2.8583 -683.84 1146.1 65.124 -629.39 1216.9 50.855 -556.47 1230.9 22.539
2.8667 -676.17 1153.6 64.899 -620.87 1222.3 50.613 -548.09 1234.5 22.121
2.875 -668.34 1161 64.616 -612.22 1227.8 50.337 -539.65 1238.2 21.709
2.8833 -660.35 1168.4 64.276 -603.47 1233.3 50.03 -531.14 1241.9 21.307
2.8917 -652.2 1175.7 63.884 -594.66 1238.9 49.694 -522.61 1245.8 20.917
2.9 -643.92 1182.9 63.45 -585.83 1244.4 49.336 -514.07 1249.6 20.543
2.9083 -635.52 1190 62.981 -576.99 1249.9 48.961 -505.54 1253.6 20.19
2.9167 -627.01 1197 62.489 -568.2 1255.4 48.579 -497.05 1257.6 19.861
2.925 -618.44 1203.8 61.987 -559.49 1260.7 48.197 -488.61 1261.7 19.559
2.9333 -609.82 1210.4 61.484 -550.89 1266 47.823 -480.25 1265.9 19.287
2.9417 -601.2 1216.8 60.988 -542.43 1271.2 47.466 -471.99 1270.1 19.044
2.95 -592.64 1223.1 60.507 -534.13 1276.3 47.13 -463.84 1274.4 18.833
2.9583 -584.18 1229.1 60.044 -526.02 1281.3 46.819 -455.81 1278.7 18.65
2.9667 -575.87 1235 59.592 -518.09 1286.1 46.535 -447.93 1283.1 18.494
2.975 -567.73 1240.7 59.145 -510.36 1290.9 46.277 -440.2 1287.5 18.362
2.9833 -559.79 1246.3 58.69 -502.81 1295.5 46.041 -432.62 1291.9 18.252
2.9917 -552.02 1251.8 58.215 -495.44 1300 45.824 -425.2 1296.3 18.159
3 -544.41 1257.2 57.709 -488.23 1304.4 45.621 -417.95 1300.7 18.081
3.0083 -536.93 1262.6 57.162 -481.16 1308.8 45.426 -410.86 1305.1 18.015
3.0167 -529.58 1268 56.574 -474.22 1313.1 45.235 -403.92 1309.5 17.96
3.025 -522.31 1273.3 55.944 -467.39 1317.3 45.044 -397.13 1313.8 17.914
3.0333 -515.09 1278.5 55.275 -460.65 1321.5 44.85 -390.48 1318.2 17.875
3.0417 -507.91 1283.7 54.572 -453.98 1325.7 44.653 -383.96 1322.5 17.843
3.05 -500.75 1288.9 53.844 -447.37 1329.8 44.453 -377.55 1326.8 17.817
3.0583 -493.59 1293.9 53.098 -440.81 1333.8 44.25 -371.24 1331 17.794
3.0667 -486.44 1298.9 52.341 -434.29 1337.9 44.048 -365.02 1335.3 17.775
3.075 -479.3 1303.9 51.588 -427.81 1341.9 43.842 -358.87 1339.5 17.756
3.0833 -472.17 1308.7 50.837 -421.34 1345.9 43.641 -352.77 1343.6 17.736
3.0917 -465.09 1313.5 50.093 -414.89 1349.9 43.441 -346.72 1347.8 17.713
3.1 -458.07 1318.2 49.359 -408.45 1353.9 43.247 -340.7 1351.9 17.687
3.1083 -451.1 1322.9 48.634 -402.01 1357.9 43.05 -334.72 1356 17.656
3.1167 -444.23 1327.6 47.917 -395.57 1361.9 42.849 -328.76 1360.1 17.621
3.125 -437.44 1332.3 47.194 -389.12 1366 42.645 -322.81 1364.1 17.581
3.1333 -430.73 1336.9 46.471 -382.66 1370 42.432 -316.89 1368.2 17.538
3.1417 -424.11 1341.6 45.739 -376.19 1374.1 42.205 -310.97 1372.2 17.493
3.15 -417.56 1346.3 44.996 -369.71 1378.3 41.961 -305.07 1376.3 17.449
3.1583 -411.06 1351 44.241 -363.21 1382.5 41.698 -299.17 1380.3 17.406
3.1667 -404.57 1355.7 43.475 -356.7 1386.7 41.413 -293.27 1384.4 17.366
3.175 -398.09 1360.3 42.698 -350.18 1391 41.108 -287.37 1388.5 17.329
3.1833 -391.58 1365 41.915 -343.64 1395.3 40.78 -281.45 1392.6 17.295
3.1917 -385.03 1369.6 41.124 -337.08 1399.7 40.429 -275.52 1396.7 17.262
3.2 -378.41 1374.2 40.342 -330.51 1404 40.063 -269.56 1400.9 17.23
3.2083 -371.72 1378.8 39.57 -323.91 1408.5 39.684 -263.56 1405 17.197
3.2167 -364.95 1383.3 38.813 -317.29 1412.9 39.293 -257.53 1409.3 17.16
3.225 -358.12 1387.8 38.077 -310.64 1417.4 38.894 -251.46 1413.5 17.119
3.2333 -351.23 1392.3 37.365 -303.95 1421.9 38.491 -245.33 1417.8 17.074
3.2417 -344.28 1396.7 36.67 -297.22 1426.4 38.079 -239.16 1422.2 17.026
