0.0083333 -40.009 4.1066 93.895 -60.438 103.77 84.005 -33.428 143.54 83.655
0.016667 -38.748 11.376 93.967 -59.098 111.61 84.027 -31.899 151.12 83.655
0.025 -37.385 18.918 94.045 -57.683 119.59 84.045 -30.337 158.73 83.656
0.033333 -35.914 26.756 94.126 -56.189 127.72 84.06 -28.739 166.38 83.657
0.041667 -34.341 34.903 94.21 -54.613 135.99 84.07 -27.103 174.06 83.658
0.05 -32.672 43.371 94.293 -52.952 144.39 84.078 -25.428 181.79 83.659
0.058333 -30.925 52.161 94.372 -51.204 152.9 84.083 -23.712 189.56 83.661
0.066667 -29.123 61.263 94.445 -49.371 161.52 84.086 -21.956 197.4 83.667
0.075 -27.291 70.661 94.505 -47.456 170.23 84.088 -20.162 205.31 83.679
0.083333 -25.46 80.323 94.551 -45.463 179.01 84.088 -18.33 213.3 83.7
0.091667 -23.653 90.221 94.576 -43.402 187.85 84.088 -16.465 221.39 83.733
0.1 -21.892 100.31 94.578 -41.283 196.75 84.085 -14.571 229.58 83.779
0.10833 -20.184 110.57 94.551 -39.119 205.71 84.08 -12.65 237.87 83.839
0.11667 -18.531 120.95 94.493 -36.926 214.73 84.072 -10.706 246.26 83.912
0.125 -16.92 131.41 94.405 -34.722 223.83 84.06 -8.7431 254.75 83.994
0.13333 -15.337 141.93 94.287 -32.526 232.98 84.045 -6.7642 263.3 84.08
0.14167 -13.751 152.47 94.145 -30.355 242.21 84.027 -4.7731 271.91 84.164
0.15 -12.137 163.02 93.983 -28.228 251.51 84.009 -2.7739 280.55 84.238
0.15833 -10.469 173.55 93.81 -26.159 260.88 83.993 -0.77207 289.2 84.295
0.16667 -8.7239 184.04 93.63 -24.162 270.3 83.985 1.2254 297.84 84.328
0.175 -6.889 194.49 93.451 -22.248 279.75 83.988 3.2093 306.45 84.334
0.18333 -4.9589 204.87 93.275 -20.423 289.21 84.01 5.1683 315.02 84.309
0.19167 -2.9391 215.19 93.103 -18.691 298.64 84.057 7.0883 323.56 84.256
0.2 -0.84515 225.44 92.936 -17.052 308 84.133 8.9542 332.06 84.179
0.20833 1.299 235.63 92.769 -15.505 317.26 84.243 10.749 340.55 84.085
0.21667 3.4631 245.76 92.601 -14.047 326.39 84.391 12.454 349.04 83.984
0.225 5.6141 255.84 92.426 -12.673 335.36 84.577 14.053 357.54 83.887
0.23333 7.719 265.85 92.241 -11.381 344.15 84.801 15.531 366.09 83.804
0.24167 9.7465 275.81 92.044 -10.167 352.77 85.059 16.874 374.71 83.747
0.25 11.669 285.69 91.835 -9.0289 361.21 85.348 18.072 383.42 83.722
0.25833 13.462 295.5 91.614 -7.9644 369.49 85.661 19.12 392.22 83.737
0.26667 15.111 305.22 91.385 -6.9734 377.64 85.993 20.015 401.13 83.791
0.275 16.608 314.85 91.153 -6.0565 385.68 86.336 20.759 410.15 83.884
0.28333 17.954 324.38 90.924 -5.2145 393.64 86.686 21.356 419.27 84.01
0.29167 19.159 333.83 90.702 -4.4485 401.56 87.037 21.813 428.47 84.164
0.3 20.236 343.18 90.493 -3.7589 409.46 87.386 22.137 437.74 84.337
0.30833 21.2 352.45 90.302 -3.1452 417.37 87.729 22.338 447.05 84.522
0.31667 22.065 361.64 90.132 -2.6054 425.3 88.066 22.422 456.39 84.713
0.325 22.838 370.76 89.986 -2.1363 433.27 88.395 22.395 465.74 84.906
0.33333 23.531 379.81 89.862 -1.7327 441.29 88.718 22.261 475.08 85.099
0.34167 24.143 388.79 89.759 -1.3887 449.35 89.035 22.024 484.4 85.293
0.35 24.674 397.7 89.673 -1.0984 457.46 89.346 21.686 493.69 85.491
0.35833 25.121 406.56 89.6 -0.85581 465.6 89.65 21.248 502.96 85.697
0.36667 25.481 415.36 89.534 -0.65578 473.79 89.947 20.714 512.2 85.913
0.375 25.75 424.11 89.47 -0.49503 482.01 90.235 20.086 521.42 86.144
0.38333 25.927 432.81 89.406 -0.37179 490.27 90.511 19.371 530.62 86.393
0.39167 26.016 441.46 89.337 -0.28606 498.57 90.773 18.576 539.82 86.658
0.4 26.026 450.08 89.262 -0.23932 506.91 91.018 17.712 549.01 86.939
0.40833 25.971 458.67 89.183 -0.23374 515.3 91.243 16.789 558.2 87.231
0.41667 25.868 467.22 89.102 -0.27242 523.76 91.445 15.823 567.4 87.528
0.425 25.735 475.74 89.02 -0.35818 532.28 91.624 14.826 576.59 87.824
0.43333 25.592 484.25 88.939 -0.49297 540.87 91.78 13.81 585.78 88.114
0.44167 25.453 492.73 88.863 -0.67812 549.54 91.915 12.787 594.96 88.391
0.45 25.326 501.21 88.79 -0.91399 558.29 92.031 11.764 604.14 88.654
0.45833 25.219 509.69 88.722 -1.2001 567.12 92.134 10.747 613.32 88.9
0.46667 25.126 518.17 88.658 -1.5355 576.02 92.226 9.7385 622.5 89.132
0.475 25.033 526.67 88.596 -1.9189 585 92.313 8.7373 631.68 89.35
0.48333 24.927 535.19 88.535 -2.3495 594.04 92.397 7.7408 640.88 89.56
0.49167 24.792 543.74 88.477 -2.8275 603.15 92.482 6.7439 650.09 89.766
0.5 24.605 552.33 88.42 -3.3534 612.32 92.569 5.7415 659.33 89.972
0.50833 24.35 560.98 88.368 -3.929 621.55 92.656 4.7278 668.61 90.18
0.51667 24.011 569.69 88.324 -4.5563 630.85 92.744 3.6978 677.93 90.393
0.525 23.587 578.48 88.289 -5.2377 640.21 92.829 2.6468 687.3 90.609
0.53333 23.067 587.37 88.269 -5.9753 649.64 92.908 1.5708 696.71 90.825
0.54167 22.457 596.39 88.264 -6.771 659.15 92.979 0.46668 706.17 91.037
0.55 21.759 605.54 88.28 -7.6256 668.74 93.04 -0.66928 715.68 91.24
0.55833 20.991 614.85 88.319 -8.5403 678.42 93.092 -1.8417 725.23 91.428
0.56667 20.163 624.31 88.383 -9.5157 688.2 93.136 -3.0561 734.81 91.597
0.575 19.287 633.93 88.473 -10.553 698.07 93.178 -4.3202 744.44 91.746
0.58333 18.382 643.7 88.591 -11.654 708.05 93.222 -5.6432 754.11 91.873
0.59167 17.448 653.62 88.728 -12.823 718.12 93.278 -7.0356 763.83 91.981
0.6 16.494 663.68 88.88 -14.064 728.29 93.351 -8.5096 773.63 92.076
0.60833 15.519 673.89 89.036 -15.386 738.55 93.451 -10.077 783.51 92.162
0.61667 14.521 684.27 89.182 -16.798 748.89 93.584 -11.748 793.5 92.248
0.625 13.497 694.83 89.306 -18.311 759.31 93.752 -13.533 803.63 92.34
0.63333 12.441 705.61 89.395 -19.935 769.79 93.957 -15.438 813.92 92.443
0.64167 11.338 716.63 89.444 -21.682 780.34 94.196 -17.464 824.38 92.561
0.65 10.193 727.92 89.447 -23.559 790.93 94.463 -19.611 835.03 92.695
0.65833 9.0021 739.5 89.408 -25.571 801.58 94.751 -21.875 845.86 92.843
0.66667 7.7648 751.38 89.34 -27.72 812.27 95.05 -24.246 856.88 93
0.675 6.4774 763.53 89.257 -29.998 823.02 95.349 -26.715 868.05 93.161
0.68333 5.1446 775.93 89.182 -32.395 833.81 95.638 -29.27 879.35 93.32
0.69167 3.7787 788.54 89.137 -34.894 844.65 95.908 -31.9 890.75 93.471
0.7 2.3765 801.3 89.143 -37.47 855.55 96.152 -34.595 902.2 93.611
0.70833 0.94145 814.14 89.218 -40.098 866.5 96.365 -37.346 913.65 93.737
0.71667 -0.52936 826.99 89.371 -42.748 877.51 96.546 -40.147 925.07 93.854
0.725 -2.0408 839.78 89.609 -45.39 888.57 96.695 -42.991 936.41 93.965
0.73333 -3.6025 852.44 89.926 -47.993 899.67 96.818 -45.874 947.65 94.077
0.74167 -5.2173 864.91 90.316 -50.532 910.79 96.919 -48.794 958.77 94.2
0.75 -6.8942 877.14 90.765 -52.984 921.93 97.006 -51.743 969.75 94.342
0.75833 -8.6341 889.09 91.258 -55.331 933.05 97.085 -54.716 980.6 94.511
0.76667 -10.437 900.75 91.78 -57.562 944.13 97.162 -57.7 991.34 94.715
0.775 -12.299 912.1 92.318 -59.674 955.14 97.242 -60.683 1002 94.955
0.78333 -14.227 923.19 92.862 -61.669 966.05 97.329 -63.644 1012.5 95.231
0.79167 -16.232 934.04 93.409 -63.556 976.83 97.424 -66.563 1023.1 95.536
0.8 -18.326 944.72 93.957 -65.348 987.45 97.526 -69.414 1033.6 95.863
0.80833 -20.519 955.27 94.509 -67.06 997.9 97.635 -72.175 1044.1 96.198
0.81667 -22.816 965.74 95.068 -68.711 1008.2 97.746 -74.82 1054.6 96.53
0.825 -25.203 976.18 95.636 -70.317 1018.2 97.858 -77.33 1065.1 96.845
0.83333 -27.668 986.6 96.216 -71.897 1028.1 97.967 -79.688 1075.7 97.13
0.84167 -30.181 997.03 96.812 -73.463 1037.8 98.071 -81.886 1086.4 97.376
0.85 -32.716 1007.5 97.424 -75.027 1047.4 98.171 -83.92 1097.1 97.578
0.85833 -35.242 1017.9 98.053 -76.6 1056.8 98.266 -85.794 1107.8 97.731
0.86667 -37.734 1028.3 98.698 -78.188 1066.1 98.357 -87.521 1118.5 97.839
0.875 -40.165 1038.7 99.359 -79.794 1075.4 98.448 -89.115 1129.2 97.904
0.88333 -42.521 1049 100.03 -81.423 1084.7 98.539 -90.599 1140 97.935
0.89167 -44.793 1059.2 100.72 -83.074 1093.9 98.633 -91.994 1150.7 97.938
0.9 -46.978 1069.4 101.41 -84.749 1103.2 98.733 -93.326 1161.5 97.923
0.90833 -49.084 1079.4 102.12 -86.447 1112.5 98.838 -94.616 1172.2 97.897
0.91667 -51.122 1089.4 102.83 -88.167 1121.9 98.951 -95.885 1182.9 97.866
0.925 -53.111 1099.3 103.56 -89.911 1131.4 99.07 -97.148 1193.6 97.836
0.93333 -55.073 1109.2 104.29 -91.677 1141 99.197 -98.421 1204.2 97.808
0.94167 -57.029 1119 105.04 -93.467 1150.6 99.331 -99.711 1214.9 97.782
0.95 -58.996 1128.8 105.8 -95.281 1160.3 99.472 -101.02 1225.5 97.758
0.95833 -60.988 1138.6 106.56 -97.121 1170.1 99.621 -102.36 1236.1 97.733
0.96667 -63.012 1148.5 107.34 -98.987 1180 99.779 -103.73 1246.6 97.705
0.975 -65.067 1158.3 108.13 -100.88 1189.9 99.948 -105.13 1257.2 97.671
0.98333 -67.146 1168.2 108.92 -102.81 1199.9 100.13 -106.55 1267.7 97.63
0.99167 -69.236 1178 109.71 -104.76 1210 100.32 -108.01 1278.3 97.58
1 -71.321 1187.9 110.49 -106.75 1220.1 100.53 -109.5 1288.8 97.522
1.0083 -73.385 1197.7 111.27 -108.77 1230.3 100.76 -111.03 1299.3 97.459
1.0167 -75.405 1207.6 112.03 -110.82 1240.6 101 -112.59 1309.8 97.39
1.025 -77.368 1217.5 112.76 -112.9 1251 101.26 -114.2 1320.3 97.319
1.0333 -79.26 1227.4 113.46 -115.01 1261.4 101.54 -115.84 1330.8 97.249
1.0417 -81.071 1237.4 114.12 -117.16 1272 101.82 -117.53 1341.4 97.181
1.05 -82.791 1247.4 114.73 -119.33 1282.6 102.12 -119.26 1351.9 97.116
1.0583 -84.419 1257.6 115.29 -121.55 1293.3 102.42 -121.02 1362.5 97.055
1.0667 -85.961 1267.9 115.77 -123.79 1304.1 102.72 -122.81 1373.2 96.996
1.075 -87.426 1278.3 116.19 -126.07 1315 103.03 -124.63 1383.8 96.94
1.0833 -88.83 1288.9 116.54 -128.38 1325.9 103.32 -126.45 1394.6 96.883
1.0917 -90.2 1299.7 116.82 -130.71 1336.9 103.63 -128.29 1405.3 96.823
1.1 -91.565 1310.7 117.04 -133.08 1347.9 103.92 -130.12 1416.2 96.758
1.1083 -92.959 1321.8 117.22 -135.47 1359 104.21 -131.96 1427.1 96.686
1.1167 -94.423 1333.1 117.35 -137.88 1370.1 104.5 -133.79 1438 96.606
1.125 -95.993 1344.5 117.46 -140.31 1381.2 104.77 -135.62 1449.1 96.518
1.1333 -97.69 1355.9 117.54 -142.74 1392.4 105.04 -137.45 1460.1 96.423
1.1417 -99.524 1367.4 117.59 -145.18 1403.7 105.3 -139.29 1471.3 96.323
1.15 -101.49 1378.8 117.63 -147.62 1415 105.53 -141.15 1482.5 96.221
1.1583 -103.58 1390.2 117.64 -150.04 1426.4 105.76 -143.04 1493.8 96.122
1.1667 -105.77 1401.6 117.64 -152.44 1437.9 105.95 -144.96 1505.2 96.029
1.175 -108.07 1413 117.64 -154.83 1449.5 106.12 -146.92 1516.7 95.949
1.1833 -110.47 1424.3 117.63 -157.18 1461.2 106.26 -148.94 1528.2 95.885
1.1917 -112.97 1435.8 117.63 -159.5 1473.1 106.35 -151.01 1539.8 95.843
1.2 -115.59 1447.3 117.64 -161.79 1485 106.42 -153.13 1551.4 95.825
1.2083 -118.32 1459.1 117.68 -164.03 1497.1 106.44 -155.3 1563.2 95.835
1.2167 -121.19 1471.1 117.74 -166.22 1509.2 106.43 -157.51 1575 95.872
1.225 -124.18 1483.4 117.82 -168.38 1521.5 106.39 -159.75 1586.8 95.936
1.2333 -127.31 1495.9 117.92 -170.51 1533.9 106.33 -162.03 1598.8 96.025
1.2417 -130.58 1508.7 118.02 -172.6 1546.3 106.25 -164.31 1610.7 96.132
1.25 -133.98 1521.7 118.12 -174.69 1558.8 106.16 -166.6 1622.7 96.251
1.2583 -137.51 1534.8 118.2 -176.78 1571.3 106.07 -168.88 1634.7 96.376
1.2667 -141.15 1548.1 118.25 -178.89 1583.9 105.98 -171.16 1646.7 96.497
1.275 -144.88 1561.3 118.26 -181.03 1596.4 105.91 -173.42 1658.7 96.605
1.2833 -148.66 1574.6 118.24 -183.23 1609 105.86 -175.66 1670.6 96.693
1.2917 -152.47 1587.7 118.19 -185.5 1621.6 105.83 -177.9 1682.5 96.754
1.3 -156.24 1600.7 118.1 -187.87 1634.1 105.83 -180.14 1694.3 96.781
1.3083 -159.92 1613.6 117.98 -190.33 1646.6 105.85 -182.39 1705.9 96.774
1.3167 -163.48 1626.3 117.85 -192.9 1659 105.91 -184.67 1717.4 96.73
1.325 -166.89 1638.8 117.72 -195.58 1671.2 106.01 -186.99 1728.8 96.655
1.3333 -170.14 1651.1 117.58 -198.36 1683.4 106.14 -189.38 1740.1 96.552
1.3417 -173.23 1663.3 117.45 -201.24 1695.3 106.32 -191.86 1751.2 96.43
1.35 -176.18 1675.3 117.33 -204.22 1707.1 106.53 -194.44 1762.2 96.298
1.3583 -179.01 1687.1 117.22 -207.26 1718.7 106.78 -197.15 1773 96.168
1.3667 -181.74 1698.8 117.12 -210.37 1730.1 107.07 -200.01 1783.8 96.051
1.375 -184.41 1710.4 117.03 -213.52 1741.2 107.41 -203.04 1794.6 95.957
1.3833 -187.04 1721.8 116.93 -216.7 1752.1 107.78 -206.24 1805.3 95.894
1.3917 -189.66 1733.3 116.84 -219.89 1762.8 108.18 -209.62 1816 95.871
1.4 -192.3 1744.6 116.73 -223.1 1773.2 108.62 -213.2 1826.7 95.892
1.4083 -195 1755.9 116.62 -226.3 1783.5 109.08 -216.98 1837.5 95.96
1.4167 -197.75 1767.1 116.49 -229.5 1793.6 109.56 -220.94 1848.2 96.074
1.425 -200.59 1778.2 116.35 -232.7 1803.5 110.06 -225.09 1859 96.233
1.4333 -203.5 1789.2 116.2 -235.9 1813.3 110.58 -229.41 1869.8 96.431
1.4417 -206.49 1800.1 116.03 -239.12 1823.1 111.1 -233.89 1880.6 96.663
1.45 -209.55 1810.9 115.86 -242.35 1832.8 111.62 -238.5 1891.4 96.924
1.4583 -212.65 1821.6 115.68 -245.61 1842.4 112.15 -243.23 1902.1 97.206
1.4667 -215.81 1832.1 115.51 -248.91 1852 112.67 -248.06 1912.7 97.504
1.475 -218.99 1842.5 115.34 -252.26 1861.6 113.18 -252.96 1923.2 97.811
1.4833 -222.21 1852.8 115.18 -255.66 1871.3 113.67 -257.91 1933.7 98.124
1.4917 -225.45 1862.9 115.04 -259.12 1880.9 114.15 -262.9 1944 98.436
1.5 -228.73 1873 114.91 -262.64 1890.5 114.61 -267.9 1954.1 98.745
1.5083 -232.03 1883 114.8 -266.22 1900.2 115.05 -272.9 1964.2 99.047
1.5167 -235.36 1892.9 114.7 -269.88 1909.9 115.45 -277.88 1974.2 99.339
1.525 -238.72 1902.8 114.61 -273.6 1919.6 115.83 -282.84 1984 99.616
1.5333 -242.12 1912.6 114.53 -277.38 1929.3 116.18 -287.78 1993.8 99.877
1.5417 -245.54 1922.4 114.46 -281.23 1939 116.49 -292.68 2003.5 100.12
1.55 -248.98 1932.1 114.38 -285.15 1948.8 116.76 -297.54 2013.2 100.34
1.5583 -252.44 1941.9 114.31 -289.13 1958.6 117 -302.36 2022.9 100.53
1.5667 -255.92 1951.6 114.22 -293.18 1968.4 117.21 -307.15 2032.6 100.7
1.575 -259.42 1961.3 114.12 -297.28 1978.3 117.39 -311.9 2042.3 100.84
1.5833 -262.95 1971.1 114.02 -301.45 1988.2 117.55 -316.61 2052.1 100.96
1.5917 -266.51 1980.8 113.91 -305.68 1998.1 117.68 -321.3 2061.9 101.05
1.6 -270.13 1990.6 113.79 -309.97 2008.1 117.8 -325.95 2071.7 101.12
1.6083 -273.81 2000.4 113.66 -314.31 2018.2 117.9 -330.58 2081.5 101.18
1.6167 -277.58 2010.2 113.55 -318.71 2028.3 118 -335.18 2091.4 101.21
1.625 -281.45 2020.1 113.44 -323.17 2038.4 118.08 -339.77 2101.4 101.24
1.6333 -285.43 2030 113.34 -327.68 2048.6 118.15 -344.34 2111.3 101.25
1.6417 -289.54 2039.9 113.27 -332.25 2058.8 118.21 -348.91 2121.4 101.25
1.65 -293.79 2049.9 113.21 -336.88 2069 118.26 -353.48 2131.5 101.25
1.6583 -298.18 2059.9 113.17 -341.57 2079.4 118.29 -358.06 2141.6 101.24
1.6667 -302.71 2069.9 113.14 -346.32 2089.7 118.31 -362.66 2151.7 101.23
1.675 -307.38 2080 113.12 -351.14 2100.1 118.3 -367.28 2161.9 101.21
1.6833 -312.16 2090.3 113.11 -356.02 2110.6 118.28 -371.94 2172.1 101.18
1.6917 -317.03 2100.5 113.09 -360.97 2121.2 118.24 -376.63 2182.4 101.16
1.7 -321.95 2110.9 113.07 -366 2131.8 118.18 -381.38 2192.6 101.12
1.7083 -326.92 2121.3 113.05 -371.11 2142.5 118.13 -386.17 2202.9 101.08
1.7167 -331.91 2131.8 113.04 -376.29 2153.3 118.07 -391.03 2213.2 101.03
1.725 -336.92 2142.3 113.02 -381.56 2164.2 118.02 -395.95 2223.5 100.97
1.7333 -341.96 2152.8 113.01 -386.93 2175.2 117.98 -400.93 2233.8 100.9
1.7417 -347.04 2163.4 112.97 -392.38 2186.2 117.97 -405.98 2244.1 100.82
1.75 -352.2 2174.1 112.92 -397.94 2197.3 117.98 -411.11 2254.4 100.73
1.7583 -357.47 2184.9 112.83 -403.59 2208.5 118.01 -416.3 2264.8 100.62
1.7667 -362.88 2195.8 112.71 -409.34 2219.7 118.07 -421.58 2275.3 100.5
1.775 -368.47 2207 112.54 -415.19 2231 118.15 -426.93 2285.9 100.36
1.7833 -374.25 2218.3 112.34 -421.14 2242.3 118.25 -432.35 2296.6 100.2
1.7917 -380.24 2229.9 112.1 -427.17 2253.5 118.34 -437.86 2307.4 100.03
1.8 -386.4 2241.7 111.83 -433.29 2264.8 118.44 -443.44 2318.3 99.852
1.8083 -392.73 2253.7 111.57 -439.47 2276.1 118.51 -449.1 2329.3 99.659
1.8167 -399.19 2265.9 111.32 -445.7 2287.3 118.57 -454.83 2340.5 99.459
1.825 -405.72 2278.3 111.12 -451.97 2298.6 118.59 -460.63 2351.8 99.257
1.8333 -412.28 2290.8 110.97 -458.26 2309.9 118.58 -466.48 2363.1 99.059
1.8417 -418.84 2303.3 110.9 -464.54 2321.2 118.53 -472.37 2374.4 98.869
1.85 -425.35 2315.7 110.9 -470.81 2332.6 118.44 -478.29 2385.8 98.693
1.8583 -431.8 2328.1 110.99 -477.02 2344.1 118.31 -484.23 2397.1 98.535
1.8667 -438.15 2340.3 111.15 -483.17 2355.5 118.16 -490.15 2408.3 98.399
1.875 -444.4 2352.3 111.36 -489.24 2367.1 117.97 -496.06 2419.5 98.288
1.8833 -450.53 2364.2 111.62 -495.2 2378.7 117.75 -501.91 2430.5 98.202
1.8917 -456.55 2375.7 111.88 -501.04 2390.4 117.5 -507.7 2441.5 98.14
1.9 -462.46 2387 112.14 -506.74 2402 117.23 -513.4 2452.4 98.099
1.9083 -468.26 2398.1 112.36 -512.29 2413.7 116.93 -518.99 2463.3 98.076
1.9167 -473.99 2408.9 112.54 -517.69 2425.3 116.61 -524.45 2474.2 98.065
1.925 -479.66 2419.5 112.67 -522.92 2436.8 116.25 -529.77 2485.1 98.059
1.9333 -485.29 2429.9 112.75 -528 2448.1 115.85 -534.94 2496 98.052
1.9417 -490.9 2440.2 112.78 -532.91 2459.4 115.42 -539.93 2507.1 98.036
1.95 -496.5 2450.4 112.78 -537.67 2470.4 114.96 -544.75 2518.2 98.005
1.9583 -502.07 2460.6 112.74 -542.28 2481.3 114.46 -549.39 2529.5 97.954
1.9667 -507.6 2470.7 112.69 -546.76 2492.1 113.92 -553.84 2540.9 97.878
1.975 -513.05 2480.8 112.64 -551.12 2502.6 113.36 -558.11 2552.4 97.775
1.9833 -518.41 2490.9 112.58 -555.36 2513 112.76 -562.2 2563.9 97.645
1.9917 -523.64 2501.1 112.54 -559.51 2523.4 112.15 -566.12 2575.5 97.488
2 -528.71 2511.2 112.52 -563.58 2533.6 111.52 -569.87 2587.1 97.307
2.0083 -533.6 2521.3 112.51 -567.58 2543.7 110.89 -573.48 2598.7 97.104
2.0167 -538.3 2531.4 112.52 -571.52 2553.9 110.25 -576.94 2610.2 96.885
2.025 -542.8 2541.5 112.54 -575.41 2564 109.62 -580.28 2621.7 96.651
2.0333 -547.11 2551.5 112.57 -579.26 2574.1 108.99 -583.51 2633 96.409
2.0417 -551.25 2561.4 112.61 -583.08 2584.3 108.38 -586.65 2644.2 96.161
2.05 -555.25 2571.3 112.64 -586.86 2594.6 107.78 -589.71 2655.3 95.911
2.0583 -559.12 2581.1 112.67 -590.6 2604.8 107.2 -592.7 2666.3 95.66
2.0667 -562.9 2590.8 112.69 -594.32 2615.2 106.65 -595.63 2677.2 95.413
2.075 -566.6 2600.5 112.71 -598 2625.6 106.11 -598.53 2688 95.168
2.0833 -570.26 2610.2 112.72 -601.64 2636 105.61 -601.39 2698.8 94.926
2.0917 -573.88 2619.8 112.74 -605.24 2646.5 105.14 -604.23 2709.6 94.686
2.1 -577.48 2629.3 112.76 -608.81 2657 104.7 -607.05 2720.3 94.45
2.1083 -581.05 2638.9 112.78 -612.34 2667.6 104.3 -609.85 2731.1 94.213
2.1167 -584.59 2648.4 112.82 -615.83 2678.3 103.94 -612.64 2741.8 93.977
2.125 -588.11 2657.9 112.86 -619.3 2689 103.62 -615.42 2752.5 93.739
2.1333 -591.59 2667.4 112.92 -622.74 2699.7 103.34 -618.19 2763.3 93.5
2.1417 -595.04 2676.9 112.99 -626.15 2710.5 103.09 -620.95 2774.1 93.26
2.15 -598.45 2686.5 113.07 -629.55 2721.4 102.89 -623.7 2784.9 93.019
2.1583 -601.82 2696.2 113.15 -632.93 2732.3 102.71 -626.44 2795.7 92.78
2.1667 -605.15 2706 113.23 -636.29 2743.3 102.56 -629.17 2806.5 92.544
2.175 -608.45 2715.9 113.32 -639.64 2754.4 102.44 -631.88 2817.3 92.315
2.1833 -611.71 2726 113.4 -642.96 2765.5 102.33 -634.57 2828.2 92.095
2.1917 -614.92 2736.2 113.47 -646.25 2776.6 102.24 -637.25 2839.1 91.887
2.2 -618.09 2746.7 113.54 -649.5 2787.8 102.17 -639.91 2850.1 91.694
2.2083 -621.2 2757.3 113.61 -652.7 2799 102.11 -642.55 2861.1 91.517
2.2167 -624.25 2768.1 113.67 -655.85 2810.3 102.06 -645.17 2872.2 91.357
2.225 -627.26 2779.2 113.74 -658.92 2821.5 102.02 -647.77 2883.3 91.212
2.2333 -630.22 2790.4 113.82 -661.92 2832.9 102.01 -650.34 2894.4 91.079
2.2417 -633.15 2801.8 113.92 -664.85 2844.2 102 -652.88 2905.6 90.957
2.25 -636.08 2813.3 114.03 -667.7 2855.6 102.02 -655.38 2916.8 90.841
2.2583 -639.03 2824.9 114.15 -670.46 2867 102.05 -657.84 2928 90.727
2.2667 -642.02 2836.5 114.27 -673.16 2878.5 102.09 -660.25 2939.2 90.612
2.275 -645.04 2848.2 114.39 -675.78 2890 102.14 -662.62 2950.4 90.494
2.2833 -648.11 2859.8 114.5 -678.34 2901.6 102.2 -664.92 2961.6 90.372
2.2917 -651.22 2871.5 114.59 -680.84 2913.3 102.26 -667.16 2972.9 90.246
2.3 -654.39 2883.2 114.67 -683.28 2925 102.31 -669.34 2984.1 90.119
2.3083 -657.61 2895 114.73 -685.68 2936.8 102.36 -671.44 2995.4 89.996
2.3167 -660.9 2906.9 114.78 -688.01 2948.7 102.38 -673.48 3006.7 89.881
2.325 -664.26 2919 114.8 -690.3 2960.7 102.39 -675.46 3018.1 89.779
2.3333 -667.69 2931.3 114.81 -692.52 2972.7 102.37 -677.37 3029.6 89.696
2.3417 -671.17 2943.8 114.8 -694.68 2984.8 102.34 -679.23 3041.1 89.635
2.35 -674.69 2956.6 114.77 -696.78 2997 102.28 -681.04 3052.8 89.597
2.3583 -678.24 2969.6 114.71 -698.82 3009.3 102.22 -682.81 3064.5 89.583
2.3667 -681.78 2982.7 114.63 -700.81 3021.6 102.15 -684.55 3076.3 89.587
2.375 -685.3 2995.9 114.5 -702.76 3033.9 102.09 -686.26 3088.2 89.602
2.3833 -688.77 3009 114.34 -704.69 3046.3 102.03 -687.96 3100 89.621
2.3917 -692.15 3022.1 114.14 -706.61 3058.7 102 -689.63 3111.9 89.633
2.4 -695.41 3035.1 113.9 -708.56 3071 101.99 -691.3 3123.7 89.627
2.4083 -698.52 3047.9 113.65 -710.54 3083.4 102.01 -692.96 3135.4 89.594
2.4167 -701.46 3060.5 113.37 -712.6 3095.6 102.08 -694.62 3147 89.528
2.425 -704.23 3072.9 113.09 -714.74 3107.8 102.18 -696.28 3158.5 89.426
2.4333 -706.82 3085.1 112.81 -716.98 3119.8 102.33 -697.95 3169.9 89.287
2.4417 -709.25 3097.1 112.55 -719.32 3131.7 102.52 -699.64 3181.2 89.117
2.45 -711.54 3108.9 112.3 -721.76 3143.4 102.74 -701.35 3192.4 88.923
2.4583 -713.69 3120.7 112.07 -724.29 3154.9 102.99 -703.12 3203.5 88.719
2.4667 -715.73 3132.3 111.86 -726.89 3166.2 103.27 -704.94 3214.5 88.517
2.475 -717.67 3144 111.66 -729.54 3177.3 103.57 -706.83 3225.5 88.332
2.4833 -719.53 3155.6 111.48 -732.22 3188.2 103.87 -708.82 3236.5 88.179
2.4917 -721.33 3167.3 111.3 -734.9 3198.9 104.18 -710.92 3247.4 88.067
2.5 -723.1 3179 111.11 -737.57 3209.3 104.49 -713.14 3258.4 88.005
2.5083 -724.85 3190.6 110.92 -740.19 3219.7 104.79 -715.5 3269.4 87.998
2.5167 -726.61 3202.3 110.72 -742.77 3229.8 105.07 -717.99 3280.4 88.044
2.525 -728.41 3213.8 110.5 -745.29 3239.9 105.34 -720.61 3291.4 88.139
2.5333 -730.27 3225.3 110.27 -747.76 3249.8 105.6 -723.38 3302.4 88.275
2.5417 -732.21 3236.6 110.01 -750.19 3259.7 105.83 -726.26 3313.3 88.441
2.55 -734.24 3247.7 109.74 -752.59 3269.6 106.05 -729.26 3324.2 88.627
2.5583 -736.36 3258.7 109.46 -754.97 3279.5 106.26 -732.35 3335 88.822
2.5667 -738.57 3269.4 109.16 -757.36 3289.3 106.44 -735.51 3345.7 89.016
2.575 -740.87 3280 108.86 -759.77 3299.2 106.62 -738.73 3356.3 89.202
2.5833 -743.24 3290.4 108.57 -762.22 3309.2 106.77 -741.99 3366.8 89.375
2.5917 -745.66 3300.6 108.27 -764.71 3319.2 106.92 -745.26 3377.1 89.535
2.6 -748.1 3310.8 107.97 -767.25 3329.2 107.04 -748.55 3387.3 89.681
2.6083 -750.55 3320.9 107.68 -769.84 3339.3 107.15 -751.82 3397.3 89.816
2.6167 -752.99 3330.9 107.38 -772.48 3349.5 107.23 -755.09 3407.2 89.943
2.625 -755.41 3341 107.07 -775.17 3359.8 107.3 -758.33 3417 90.067
2.6333 -757.78 3351 106.74 -777.89 3370.1 107.34 -761.54 3426.8 90.189
2.6417 -760.13 3361.1 106.39 -780.64 3380.5 107.36 -764.73 3436.4 90.31
2.65 -762.46 3371.3 106.02 -783.42 3391 107.36 -767.89 3446.1 90.43
2.6583 -764.78 3381.4 105.62 -786.22 3401.5 107.34 -771.01 3455.7 90.546
2.6667 -767.11 3391.6 105.2 -789.03 3412.1 107.3 -774.1 3465.3 90.653
2.675 -769.47 3401.8 104.75 -791.86 3422.7 107.24 -777.15 3474.9 90.746
2.6833 -771.88 3412 104.29 -794.71 3433.3 107.16 -780.17 3484.6 90.82
2.6917 -774.35 3422.2 103.83 -797.58 3444 107.08 -783.15 3494.3 90.868
2.7 -776.87 3432.4 103.38 -800.48 3454.8 106.99 -786.08 3504.1 90.886
2.7083 -779.46 3442.6 102.96 -803.41 3465.6 106.89 -788.99 3513.9 90.874
2.7167 -782.11 3452.8 102.56 -806.38 3476.4 106.8 -791.85 3523.8 90.83
2.725 -784.81 3463 102.2 -809.38 3487.2 106.7 -794.69 3533.8 90.759
2.7333 -787.57 3473.3 101.87 -812.43 3498.1 106.6 -797.51 3543.8 90.664
2.7417 -790.38 3483.6 101.56 -815.52 3509 106.5 -800.31 3553.9 90.553
2.75 -793.22 3494.1 101.27 -818.65 3520 106.4 -803.11 3564.1 90.433
2.7583 -796.1 3504.7 100.99 -821.82 3531 106.29 -805.91 3574.3 90.312
2.7667 -798.99 3515.3 100.72 -825.01 3542 106.17 -808.74 3584.6 90.194
2.775 -801.91 3526.1 100.45 -828.22 3553.1 106.05 -811.59 3594.9 90.084
2.7833 -804.85 3536.9 100.2 -831.46 3564.2 105.93 -814.47 3605.2 89.984
2.7917 -807.81 3547.8 99.944 -834.7 3575.3 105.79 -817.4 3615.6 89.894
2.8 -810.81 3558.7 99.703 -837.96 3586.5 105.66 -820.39 3626 89.81
2.8083 -813.85 3569.6 99.472 -841.22 3597.6 105.51 -823.42 3636.5 89.728
2.8167 -816.94 3580.6 99.25 -844.5 3608.8 105.37 -826.51 3647.1 89.643
2.825 -820.09 3591.6 99.043 -847.81 3619.9 105.24 -829.65 3657.7 89.549
2.8333 -823.3 3602.8 98.852 -851.13 3631.1 105.11 -832.85 3668.4 89.441
2.8417 -826.57 3614.1 98.684 -854.49 3642.2 104.99 -836.11 3679.2 89.316
2.85 -829.91 3625.6 98.541 -857.89 3653.3 104.87 -839.41 3690 89.174
2.8583 -833.3 3637.3 98.432 -861.33 3664.5 104.77 -842.76 3701 89.014
2.8667 -836.73 3649.1 98.361 -864.82 3675.6 104.68 -846.15 3712 88.841
2.875 -840.2 3661.2 98.333 -868.37 3686.7 104.6 -849.59 3723.1 88.66
2.8833 -843.7 3673.5 98.352 -871.94 3697.9 104.51 -853.07 3734.3 88.478
2.8917 -847.2 3685.8 98.418 -875.55 3709.2 104.44 -856.59 3745.6 88.302
2.9 -850.7 3698.2 98.532 -879.19 3720.4 104.36 -860.14 3756.8 88.139
2.9083 -854.19 3710.5 98.677 -882.8 3731.8 104.25 -863.72 3768.1 87.994
2.9167 -857.67 3722.8 98.857 -886.39 3743.2 104.16 -867.32 3779.4 87.874
2.925 -861.13 3734.9 99.044 -889.92 3754.6 104.01 -870.92 3790.8 87.776
2.9333 -864.55 3746.8 99.234 -893.34 3766.1 103.85 -874.52 3802.1 87.707
2.9417 -867.94 3758.5 99.406 -896.65 3777.6 103.66 -878.11 3813.4 87.664
2.95 -871.27 3769.9 99.548 -899.81 3789.1 103.43 -881.66 3824.7 87.642
2.9583 -874.54 3781.1 99.648 -902.84 3800.6 103.18 -885.16 3835.9 87.639
2.9667 -877.76 3792.1 99.699 -905.7 3812 102.91 -888.59 3847.2 87.649
2.975 -880.92 3802.9 99.698 -908.39 3823.4 102.59 -891.93 3858.5 87.669
2.9833 -884.03 3813.6 99.651 -910.92 3834.7 102.25 -895.15 3869.8 87.694
2.9917 -887.11 3824.1 99.566 -913.29 3845.8 101.88 -898.25 3881.1 87.719
3 -890.17 3834.6 99.456 -915.52 3856.9 101.48 -901.21 3892.5 87.741
3.0083 -893.21 3845.1 99.332 -917.64 3867.8 101.05 -904.01 3903.9 87.757
3.0167 -896.22 3855.5 99.21 -919.66 3878.6 100.61 -906.63 3915.3 87.763
3.025 -899.18 3865.9 99.103 -921.59 3889.4 100.14 -909.09 3926.8 87.758
3.0333 -902.07 3876.4 99.02 -923.46 3900 99.658 -911.35 3938.4 87.74
3.0417 -904.86 3886.8 98.973 -925.27 3910.6 99.156 -913.44 3950 87.706
3.05 -907.52 3897.2 98.968 -927.04 3921.1 98.639 -915.33 3961.6 87.654
3.0583 -910.03 3907.6 99.007 -928.76 3931.6 98.109 -917.05 3973.2 87.584
3.0667 -912.37 3917.9 99.088 -930.44 3942.1 97.568 -918.6 3984.8 87.493
3.075 -914.51 3928.2 99.207 -932.06 3952.6 97.019 -919.98 3996.4 87.381
3.0833 -916.47 3938.5 99.355 -933.64 3963.1 96.466 -921.21 4008 87.248
3.0917 -918.25 3948.7 99.522 -935.15 3973.6 95.913 -922.3 4019.5 87.094
3.1 -919.87 3958.8 99.698 -936.6 3984.1 95.365 -923.26 4030.9 86.921
3.1083 -921.35 3968.9 99.874 -937.98 3994.7 94.825 -924.11 4042.3 86.732
3.1167 -922.73 3978.9 100.04 -939.3 4005.3 94.301 -924.87 4053.5 86.53
3.125 -924.04 3988.9 100.2 -940.54 4015.9 93.795 -925.54 4064.7 86.318
3.1333 -925.3 3998.9 100.34 -941.73 4026.6 93.313 -926.13 4075.8 86.1
3.1417 -926.52 4008.8 100.47 -942.86 4037.3 92.858 -926.67 4086.8 85.879
3.15 -927.72 4018.7 100.58 -943.94 4048 92.433 -927.16 4097.8 85.658
3.1583 -928.89 4028.6 100.67 -944.98 4058.7 92.04 -927.59 4108.7 85.438
3.1667 -930.03 4038.5 100.76 -945.98 4069.5 91.677 -927.99 4119.5 85.22
3.175 -931.13 4048.4 100.85 -946.96 4080.3 91.345 -928.34 4130.3 85.002
3.1833 -932.16 4058.2 100.94 -947.92 4091.2 91.042 -928.65 4141.1 84.784
3.1917 -933.12 4068.2 101.03 -948.86 4102.2 90.767 -928.92 4151.8 84.563
3.2 -933.98 4078.1 101.14 -949.78 4113.2 90.516 -929.14 4162.6 84.337
3.2083 -934.74 4088.2 101.26 -950.67 4124.3 90.287 -929.32 4173.3 84.103
3.2167 -935.4 4098.3 101.39 -951.54 4135.4 90.079 -929.45 4184 83.861
3.225 -935.95 4108.5 101.52 -952.37 4146.6 89.891 -929.54 4194.8 83.609
3.2333 -936.4 4118.9 101.66 -953.16 4157.9 89.721 -929.57 4205.5 83.349
3.2417 -936.77 4129.3 101.8 -953.89 4169.3 89.572 -929.57 4216.2 83.082
3.25 -937.05 4139.9 101.93 -954.56 4180.7 89.444 -929.52 4227 82.813
3.2583 -937.26 4150.6 102.05 -955.16 4192.2 89.337 -929.43 4237.8 82.544
3.2667 -937.41 4161.5 102.16 -955.68 4203.7 89.254 -929.31 4248.5 82.282
3.275 -937.5 4172.5 102.25 -956.11 4215.3 89.195 -929.15 4259.3 82.032
3.2833 -937.57 4183.6 102.32 -956.45 4226.9 89.16 -928.96 4270.1 81.799
3.2917 -937.62 4194.9 102.37 -956.7 4238.6 89.147 -928.75 4280.9 81.587
3.3 -937.69 4206.2 102.39 -956.85 4250.3 89.154 -928.5 4291.7 81.401
3.3083 -937.79 4217.6 102.38 -956.9 4262 89.177 -928.22 4302.6 81.245
3.3167 -937.92 4229 102.34 -956.85 4273.8 89.21 -927.9 4313.5 81.118
3.325 -938.07 4240.5 102.28 -956.7 4285.5 89.246 -927.54 4324.4 81.023
3.3333 -938.23 4251.9 102.18 -956.44 4297.3 89.277 -927.12 4335.5 80.959
3.3417 -938.4 4263.4 102.06 -956.09 4309.1 89.3 -926.66 4346.6 80.924
3.35 -938.56 4275 101.91 -955.63 4321 89.304 -926.13 4357.8 80.917
3.3583 -938.71 4286.7 101.75 -955.07 4332.9 89.284 -925.53 4369 80.935
3.3667 -938.85 4298.6 101.57 -954.41 4344.7 89.237 -924.86 4380.4 80.972
3.375 -938.98 4310.6 101.37 -953.66 4356.7 89.162 -924.12 4391.8 81.025
3.3833 -939.09 4322.9 101.16 -952.81 4368.6 89.06 -923.3 4403.3 81.088
3.3917 -939.19 4335.3 100.94 -951.88 4380.6 88.932 -922.4 4414.9 81.155
3.4 -939.25 4347.9 100.69 -950.89 4392.5 88.781 -921.44 4426.6 81.218
3.4083 -939.28 4360.7 100.41 -949.84 4404.5 88.621 -920.41 4438.3 81.272
3.4167 -939.27 4373.5 100.09 -948.76 4416.5 88.459 -919.32 4450 81.309
3.425 -939.21 4386.3 99.742 -947.67 4428.5 88.306 -918.19 4461.7 81.325
3.4333 -939.09 4399.1 99.352 -946.6 4440.5 88.171 -917.02 4473.5 81.316
3.4417 -938.89 4411.7 98.93 -945.56 4452.4 88.065 -915.83 4485.3 81.278
3.45 -938.61 4424.1 98.486 -944.6 4464.3 87.998 -914.62 4497 81.214
3.4583 -938.24 4436.2 98.03 -943.72 4476.1 87.975 -913.43 4508.7 81.125
3.4667 -937.78 4448.1 97.576 -942.94 4487.8 88.003 -912.26 4520.4 81.015
3.475 -937.22 4459.7 97.135 -942.28 4499.4 88.083 -911.13 4532.1 80.891
3.4833 -936.59 4471.1 96.718 -941.74 4510.9 88.216 -910.05 4543.7 80.76
3.4917 -935.89 4482.2 96.331 -941.32 4522.2 88.398 -909.05 4555.2 80.63
3.5 -935.11 4493.2 95.973 -941 4533.3 88.624 -908.14 4566.7 80.507
3.5083 -934.27 4504 95.641 -940.79 4544.3 88.884 -907.34 4578.2 80.398
3.5167 -933.36 4514.8 95.33 -940.65 4555.2 89.178 -906.64 4589.7 80.306
3.525 -932.4 4525.5 95.032 -940.57 4565.8 89.484 -906.08 4601.1 80.235
3.5333 -931.41 4536.2 94.74 -940.53 4576.4 89.805 -905.65 4612.4 80.185
3.5417 -930.41 4546.9 94.447 -940.52 4586.8 90.122 -905.36 4623.8 80.156
3.55 -929.41 4557.5 94.144 -940.52 4597.1 90.432 -905.22 4635.1 80.147
3.5583 -928.45 4568.2 93.829 -940.51 4607.3 90.728 -905.22 4646.4 80.159
3.5667 -927.54 4578.8 93.497 -940.49 4617.5 91.008 -905.37 4657.6 80.19
3.575 -926.7 4589.3 93.152 -940.46 4627.6 91.271 -905.66 4668.8 80.243
3.5833 -925.96 4599.7 92.795 -940.42 4637.7 91.516 -906.08 4680 80.317
3.5917 -925.34 4610 92.436 -940.38 4647.9 91.747 -906.63 4691.1 80.418
3.6 -924.83 4620.2 92.079 -940.34 4658 91.967 -907.3 4702.1 80.549
3.6083 -924.45 4630.2 91.735 -940.32 4668.1 92.18 -908.07 4713.1 80.713
3.6167 -924.19 4640.1 91.407 -940.31 4678.3 92.389 -908.94 4724.1 80.912
3.625 -924.03 4649.9 91.099 -940.32 4688.5 92.596 -909.88 4734.9 81.149
3.6333 -923.97 4659.6 90.813 -940.36 4698.8 92.804 -910.89 4745.7 81.422
3.6417 -923.96 4669.2 90.545 -940.43 4709.1 93.012 -911.95 4756.4 81.726
3.65 -923.99 4678.8 90.288 -940.52 4719.4 93.217 -913.04 4767.1 82.054
3.6583 -924.03 4688.3 90.035 -940.62 4729.8 93.417 -914.14 4777.7 82.396
3.6667 -924.05 4697.9 89.774 -940.74 4740.2 93.608 -915.24 4788.2 82.741
3.675 -924.06 4707.5 89.498 -940.87 4750.6 93.784 -916.32 4798.6 83.076
3.6833 -924.02 4717.1 89.201 -941 4761.1 93.942 -917.37 4809 83.391
3.6917 -923.96 4726.8 88.88 -941.13 4771.7 94.078 -918.38 4819.4 83.673
3.7 -923.88 4736.6 88.538 -941.26 4782.2 94.189 -919.34 4829.7 83.916
3.7083 -923.77 4746.5 88.181 -941.39 4792.9 94.276 -920.25 4839.9 84.115
3.7167 -923.67 4756.4 87.82 -941.51 4803.5 94.339 -921.09 4850.2 84.269
3.725 -923.6 4766.3 87.472 -941.64 4814.2 94.381 -921.87 4860.5 84.379
3.7333 -923.56 4776.3 87.151 -941.77 4825 94.406 -922.58 4870.9 84.451
3.7417 -923.58 4786.4 86.872 -941.92 4835.8 94.418 -923.23 4881.3 84.492
3.75 -923.67 4796.5 86.645 -942.09 4846.6 94.421 -923.82 4891.7 84.51
3.7583 -923.83 4806.6 86.474 -942.29 4857.4 94.421 -924.35 4902.3 84.514
3.7667 -924.07 4816.9 86.356 -942.52 4868.3 94.419 -924.83 4913 84.51
3.775 -924.4 4827.2 86.281 -942.78 4879.2 94.416 -925.28 4923.7 84.503
3.7833 -924.81 4837.6 86.235 -943.09 4890.1 94.414 -925.7 4934.6 84.497
3.7917 -925.28 4848.2 86.195 -943.44 4901.1 94.408 -926.1 4945.6 84.493
3.8 -925.79 4858.9 86.148 -943.84 4912.1 94.399 -926.5 4956.6 84.491
3.8083 -926.33 4869.7 86.076 -944.29 4923.1 94.383 -926.91 4967.7 84.487
3.8167 -926.87 4880.7 85.966 -944.78 4934.2 94.354 -927.33 4978.9 84.481
3.825 -927.4 4891.7 85.817 -945.32 4945.4 94.316 -927.8 4990.1 84.471
3.8333 -927.91 4902.8 85.623 -945.91 4956.5 94.26 -928.31 5001.3 84.455
3.8417 -928.41 4914 85.391 -946.55 4967.8 94.193 -928.88 5012.5 84.435
3.85 -928.91 4925.3 85.129 -947.24 4979.1 94.114 -929.51 5023.7 84.412
3.8583 -929.4 4936.6 84.844 -948 4990.5 94.027 -930.22 5035 84.39
3.8667 -929.9 4948 84.548 -948.81 5002 93.935 -931.02 5046.2 84.371
3.875 -930.43 4959.5 84.254 -949.7 5013.6 93.844 -931.9 5057.5 84.358
3.8833 -930.99 4971.2 83.974 -950.66 5025.3 93.759 -932.87 5068.9 84.352
3.8917 -931.58 4983.1 83.721 -951.7 5037.2 93.683 -933.93 5080.3 84.352
3.9 -932.2 4995.2 83.507 -952.83 5049.2 93.62 -935.08 5091.8 84.355
3.9083 -932.83 5007.4 83.339 -954.04 5061.4 93.572 -936.33 5103.3 84.358
3.9167 -933.48 5019.9 83.224 -955.34 5073.6 93.537 -937.65 5115 84.354
3.925 -934.12 5032.5 83.168 -956.72 5086 93.514 -939.06 5126.6 84.337
3.9333 -934.74 5045.3 83.17 -958.17 5098.6 93.5 -940.55 5138.3 84.303
3.9417 -935.33 5058.1 83.232 -959.66 5111.2 93.491 -942.12 5150.1 84.249
3.95 -935.88 5071 83.352 -961.19 5123.8 93.483 -943.75 5161.8 84.175
3.9583 -936.39 5083.9 83.527 -962.73 5136.5 93.472 -945.44 5173.4 84.084
3.9667 -936.88 5096.7 83.751 -964.25 5149.1 93.455 -947.19 5185 83.982
3.975 -937.37 5109.4 84.021 -965.72 5161.7 93.43 -948.97 5196.6 83.88
3.9833 -937.87 5122 84.332 -967.14 5174.2 93.394 -950.78 5208 83.788
3.9917 -938.43 5134.5 84.677 -968.47 5186.6 93.35 -952.6 5219.4 83.72
4 -939.05 5146.8 85.051 -969.7 5198.8 93.296 -954.42 5230.8 83.684
4.0083 -939.75 5158.8 85.449 -970.81 5210.9 93.236 -956.21 5242.1 83.69
4.0167 -940.55 5170.8 85.868 -971.81 5222.8 93.169 -957.95 5253.5 83.739
4.025 -941.45 5182.5 86.304 -972.7 5234.4 93.098 -959.63 5264.8 83.831
4.0333 -942.44 5194 86.754 -973.47 5245.8 93.023 -961.22 5276.2 83.959
4.0417 -943.49 5205.4 87.218 -974.15 5257 92.944 -962.71 5287.6 84.109
4.05 -944.59 5216.7 87.69 -974.73 5268 92.862 -964.07 5299 84.268
4.0583 -945.7 5227.9 88.168 -975.24 5278.7 92.773 -965.29 5310.4 84.418
4.0667 -946.78 5238.9 88.646 -975.69 5289.1 92.679 -966.36 5321.8 84.545
4.075 -947.8 5249.9 89.115 -976.07 5299.4 92.576 -967.28 5333.2 84.635
4.0833 -948.71 5260.8 89.569 -976.41 5309.4 92.463 -968.04 5344.5 84.681
4.0917 -949.49 5271.6 90.002 -976.71 5319.2 92.34 -968.64 5355.6 84.68
4.1 -950.11 5282.4 90.406 -976.97 5328.9 92.204 -969.1 5366.6 84.634
4.1083 -950.58 5293.1 90.785 -977.18 5338.5 92.059 -969.43 5377.5 84.553
4.1167 -950.9 5303.8 91.138 -977.34 5348 91.905 -969.63 5388.2 84.447
4.125 -951.1 5314.5 91.469 -977.47 5357.4 91.744 -969.72 5398.8 84.331
4.1333 -951.19 5325.1 91.781 -977.54 5366.9 91.577 -969.72 5409.2 84.218
4.1417 -951.18 5335.8 92.078 -977.57 5376.4 91.406 -969.64 5419.6 84.121
