0.0083333 -11.531 0.3636 95.853 -52.925 108.47 86.501 -23.549 266.41 82.653
0.016667 -10.477 7.6356 95.766 -51.896 116.96 86.429 -22.216 275.36 82.606
0.025 -9.3697 15.176 95.7 -50.767 125.57 86.358 -20.819 284.37 82.562
0.033333 -8.2187 23.005 95.661 -49.531 134.28 86.289 -19.368 293.44 82.527
0.041667 -7.0344 31.136 95.654 -48.179 143.1 86.223 -17.872 302.58 82.502
0.05 -5.8332 39.572 95.676 -46.709 152.02 86.161 -16.335 311.82 82.489
0.058333 -4.6341 48.306 95.726 -45.118 161.05 86.103 -14.763 321.17 82.489
0.066667 -3.4576 57.32 95.796 -43.41 170.17 86.048 -13.157 330.65 82.503
0.075 -2.3223 66.591 95.878 -41.591 179.37 85.995 -11.517 340.27 82.53
0.083333 -1.2484 76.083 95.963 -39.674 188.66 85.941 -9.8439 350.03 82.571
0.091667 -0.24415 85.764 96.038 -37.676 198.03 85.885 -8.1361 359.95 82.624
0.1 0.68562 95.598 96.095 -35.617 207.48 85.826 -6.3948 369.99 82.688
0.10833 1.549 105.55 96.123 -33.523 217.02 85.762 -4.6223 380.15 82.761
0.11667 2.3576 115.58 96.116 -31.418 226.64 85.694 -2.8242 390.4 82.841
0.125 3.1427 125.67 96.07 -29.33 236.35 85.623 -1.0085 400.69 82.927
0.13333 3.9346 135.78 95.982 -27.286 246.15 85.553 0.8128 411 83.016
0.14167 4.7672 145.89 95.855 -25.31 256.03 85.488 2.6251 421.27 83.104
0.15 5.6694 155.97 95.692 -23.426 265.96 85.436 4.4112 431.49 83.19
0.15833 6.6641 166.01 95.497 -21.651 275.93 85.403 6.1514 441.62 83.271
0.16667 7.7595 176 95.277 -20.001 285.9 85.398 7.8245 451.63 83.344
0.175 8.9515 185.91 95.041 -18.485 295.84 85.427 9.4098 461.53 83.408
0.18333 10.221 195.77 94.793 -17.111 305.71 85.497 10.886 471.31 83.461
0.19167 11.537 205.57 94.543 -15.881 315.46 85.614 12.233 480.97 83.503
0.2 12.862 215.31 94.296 -14.794 325.07 85.778 13.431 490.54 83.536
0.20833 14.152 225.01 94.055 -13.846 334.51 85.99 14.465 500.03 83.562
0.21667 15.364 234.68 93.822 -13.034 343.76 86.247 15.319 509.48 83.582
0.225 16.46 244.31 93.6 -12.35 352.83 86.544 15.982 518.89 83.603
0.23333 17.412 253.92 93.389 -11.787 361.72 86.875 16.442 528.3 83.628
0.24167 18.203 263.49 93.19 -11.338 370.47 87.231 16.694 537.72 83.662
0.25 18.832 273.03 93.004 -10.993 379.09 87.606 16.73 547.16 83.711
0.25833 19.304 282.52 92.832 -10.747 387.63 87.994 16.548 556.62 83.779
0.26667 19.647 291.97 92.674 -10.592 396.13 88.389 16.147 566.1 83.87
0.275 19.886 301.37 92.532 -10.521 404.62 88.788 15.528 575.61 83.987
0.28333 20.055 310.72 92.409 -10.53 413.12 89.192 14.695 585.12 84.133
0.29167 20.179 320.03 92.304 -10.613 421.67 89.598 13.652 594.62 84.307
0.3 20.279 329.31 92.221 -10.765 430.27 90.01 12.408 604.11 84.51
0.30833 20.364 338.56 92.163 -10.985 438.93 90.43 10.972 613.56 84.741
0.31667 20.435 347.8 92.132 -11.269 447.66 90.858 9.3544 622.96 84.997
0.325 20.483 357.04 92.128 -11.615 456.44 91.295 7.5693 632.31 85.275
0.33333 20.496 366.29 92.152 -12.021 465.27 91.741 5.6312 641.59 85.572
0.34167 20.457 375.55 92.201 -12.488 474.13 92.194 3.5561 650.79 85.885
0.35 20.348 384.84 92.27 -13.015 483.02 92.651 1.3609 659.92 86.211
0.35833 20.157 394.15 92.358 -13.602 491.94 93.107 -0.93679 668.96 86.545
0.36667 19.873 403.48 92.457 -14.25 500.88 93.559 -3.3196 677.93 86.885
0.375 19.49 412.82 92.563 -14.961 509.85 94.001 -5.7707 686.81 87.229
0.38333 19.007 422.16 92.671 -15.735 518.87 94.43 -8.2744 695.63 87.574
0.39167 18.431 431.51 92.778 -16.575 527.93 94.842 -10.816 704.38 87.92
0.4 17.771 440.86 92.882 -17.483 537.05 95.235 -13.384 713.08 88.266
0.40833 17.039 450.2 92.982 -18.46 546.24 95.609 -15.967 721.74 88.61
0.41667 16.248 459.55 93.08 -19.509 555.5 95.963 -18.556 730.38 88.952
0.425 15.408 468.9 93.18 -20.63 564.82 96.297 -21.147 739.01 89.293
0.43333 14.528 478.26 93.287 -21.823 574.2 96.613 -23.733 747.66 89.63
0.44167 13.607 487.63 93.406 -23.09 583.63 96.913 -26.312 756.35 89.964
0.45 12.65 497.02 93.544 -24.429 593.11 97.197 -28.884 765.09 90.291
0.45833 11.648 506.45 93.705 -25.842 602.62 97.467 -31.448 773.9 90.611
0.46667 10.597 515.93 93.893 -27.33 612.16 97.724 -34.006 782.79 90.92
0.475 9.4836 525.48 94.108 -28.893 621.72 97.967 -36.561 791.75 91.216
0.48333 8.3031 535.11 94.348 -30.534 631.31 98.196 -39.117 800.81 91.497
0.49167 7.0398 544.84 94.606 -32.255 640.93 98.412 -41.679 809.94 91.76
0.5 5.6845 554.71 94.875 -34.059 650.59 98.615 -44.255 819.13 92.004
0.50833 4.2367 564.71 95.144 -35.949 660.29 98.805 -46.852 828.39 92.228
0.51667 2.6876 574.88 95.401 -37.929 670.05 98.983 -49.481 837.68 92.433
0.525 1.0424 585.21 95.64 -40.001 679.87 99.154 -52.154 847.01 92.62
0.53333 -0.69336 595.69 95.854 -42.169 689.76 99.32 -54.882 856.36 92.791
0.54167 -2.5141 606.3 96.041 -44.437 699.72 99.485 -57.679 865.73 92.948
0.55 -4.4185 617.04 96.201 -46.81 709.75 99.654 -60.557 875.12 93.095
0.55833 -6.4014 627.87 96.337 -49.292 719.85 99.832 -63.527 884.53 93.234
0.56667 -8.4735 638.8 96.45 -51.888 730.01 100.02 -66.601 893.99 93.367
0.575 -10.638 649.83 96.545 -54.605 740.22 100.23 -69.784 903.51 93.494
0.58333 -12.902 660.97 96.629 -57.448 750.48 100.45 -73.084 913.1 93.617
0.59167 -15.274 672.23 96.707 -60.422 760.8 100.69 -76.5 922.78 93.733
0.6 -17.756 683.64 96.791 -63.531 771.16 100.94 -80.033 932.57 93.842
0.60833 -20.344 695.2 96.891 -66.777 781.57 101.2 -83.679 942.47 93.942
0.61667 -23.029 706.93 97.021 -70.157 792.06 101.48 -87.432 952.48 94.03
0.625 -25.792 718.82 97.195 -73.667 802.61 101.76 -91.284 962.59 94.105
0.63333 -28.618 730.85 97.426 -77.295 813.26 102.05 -95.228 972.79 94.168
0.64167 -31.489 743.01 97.727 -81.025 824.01 102.33 -99.256 983.06 94.221
0.65 -34.405 755.23 98.104 -84.832 834.86 102.62 -103.36 993.37 94.266
0.65833 -37.356 767.48 98.562 -88.695 845.81 102.92 -107.54 1003.7 94.309
0.66667 -40.346 779.69 99.095 -92.581 856.85 103.21 -111.78 1014 94.357
0.675 -43.377 791.8 99.694 -96.46 867.96 103.52 -116.08 1024.3 94.417
0.68333 -46.448 803.76 100.34 -100.3 879.12 103.83 -120.44 1034.5 94.498
0.69167 -49.555 815.5 101.03 -104.08 890.29 104.15 -124.84 1044.7 94.605
0.7 -52.689 827 101.72 -107.76 901.41 104.49 -129.29 1054.8 94.743
0.70833 -55.841 838.24 102.42 -111.33 912.46 104.83 -133.76 1064.8 94.915
0.71667 -59.003 849.22 103.09 -114.78 923.37 105.19 -138.24 1074.9 95.12
0.725 -62.171 859.94 103.73 -118.1 934.11 105.56 -142.72 1084.9 95.353
0.73333 -65.352 870.47 104.34 -121.29 944.63 105.92 -147.17 1094.9 95.607
0.74167 -68.565 880.85 104.92 -124.36 954.92 106.29 -151.57 1105 95.873
0.75 -71.834 891.14 105.47 -127.33 964.95 106.64 -155.89 1115 96.14
0.75833 -75.184 901.38 106.02 -130.2 974.74 106.98 -160.1 1125.1 96.396
0.76667 -78.629 911.62 106.56 -133.02 984.28 107.29 -164.19 1135.2 96.63
0.775 -82.177 921.88 107.12 -135.78 993.62 107.59 -168.14 1145.3 96.835
0.78333 -85.819 932.16 107.69 -138.52 1002.8 107.86 -171.93 1155.4 97.004
0.79167 -89.539 942.45 108.29 -141.26 1011.8 108.12 -175.55 1165.4 97.134
0.8 -93.31 952.75 108.91 -144 1020.8 108.35 -179 1175.3 97.226
0.80833 -97.104 963.04 109.56 -146.77 1029.7 108.58 -182.29 1185.1 97.281
0.81667 -100.89 973.3 110.24 -149.57 1038.6 108.8 -185.42 1194.7 97.306
0.825 -104.64 983.51 110.95 -152.42 1047.5 109.02 -188.41 1204.3 97.305
0.83333 -108.33 993.67 111.68 -155.32 1056.5 109.24 -191.27 1213.6 97.287
0.84167 -111.95 1003.8 112.43 -158.28 1065.6 109.46 -194.02 1222.9 97.257
0.85 -115.48 1013.8 113.19 -161.29 1074.7 109.7 -196.69 1232 97.22
0.85833 -118.94 1023.9 113.96 -164.36 1084 109.95 -199.28 1240.9 97.179
0.86667 -122.32 1033.9 114.75 -167.49 1093.3 110.21 -201.82 1249.8 97.136
0.875 -125.64 1043.9 115.54 -170.69 1102.7 110.48 -204.32 1258.6 97.091
0.88333 -128.93 1054 116.33 -173.94 1112.2 110.77 -206.79 1267.3 97.043
0.89167 -132.2 1064 117.14 -177.26 1121.6 111.06 -209.24 1276.1 96.989
0.9 -135.47 1074.1 117.94 -180.63 1131.1 111.36 -211.68 1284.8 96.925
0.90833 -138.75 1084.2 118.75 -184.07 1140.7 111.67 -214.12 1293.5 96.852
0.91667 -142.04 1094.2 119.56 -187.57 1150.2 111.98 -216.56 1302.2 96.766
0.925 -145.34 1104.3 120.37 -191.13 1159.7 112.29 -219.01 1311 96.667
0.93333 -148.65 1114.4 121.17 -194.76 1169.2 112.61 -221.47 1319.7 96.557
0.94167 -151.95 1124.4 121.96 -198.45 1178.8 112.93 -223.95 1328.5 96.437
0.95 -155.22 1134.5 122.73 -202.2 1188.3 113.25 -226.45 1337.3 96.309
0.95833 -158.46 1144.6 123.49 -206.01 1197.9 113.57 -228.99 1346.1 96.176
0.96667 -161.64 1154.7 124.22 -209.89 1207.6 113.89 -231.56 1355 96.04
0.975 -164.77 1164.9 124.92 -213.82 1217.3 114.21 -234.16 1363.9 95.902
0.98333 -167.84 1175.2 125.58 -217.82 1227.1 114.52 -236.81 1372.8 95.763
0.99167 -170.85 1185.6 126.19 -221.86 1237 114.83 -239.49 1381.8 95.623
1 -173.82 1196.2 126.77 -225.95 1246.9 115.14 -242.21 1390.9 95.48
1.0083 -176.76 1206.9 127.29 -230.07 1257 115.44 -244.97 1400.1 95.332
1.0167 -179.7 1217.9 127.75 -234.22 1267.2 115.73 -247.76 1409.3 95.178
1.025 -182.66 1228.9 128.17 -238.4 1277.4 116.01 -250.59 1418.7 95.015
1.0333 -185.69 1240.2 128.53 -242.58 1287.8 116.29 -253.45 1428.1 94.844
1.0417 -188.79 1251.6 128.85 -246.76 1298.2 116.57 -256.34 1437.7 94.664
1.05 -192.01 1263.1 129.12 -250.94 1308.7 116.84 -259.26 1447.3 94.477
1.0583 -195.36 1274.6 129.35 -255.1 1319.3 117.1 -262.22 1457.1 94.285
1.0667 -198.84 1286.2 129.53 -259.25 1330 117.35 -265.21 1466.9 94.093
1.075 -202.44 1297.8 129.66 -263.37 1340.7 117.6 -268.24 1476.9 93.904
1.0833 -206.15 1309.3 129.75 -267.46 1351.5 117.83 -271.31 1486.9 93.721
1.0917 -209.96 1320.7 129.78 -271.51 1362.4 118.03 -274.43 1497.1 93.549
1.1 -213.88 1332.1 129.78 -275.53 1373.4 118.21 -277.59 1507.4 93.391
1.1083 -217.9 1343.5 129.74 -279.5 1384.5 118.36 -280.79 1517.8 93.249
1.1167 -222.04 1354.9 129.68 -283.42 1395.7 118.47 -284.03 1528.3 93.123
1.125 -226.34 1366.3 129.61 -287.29 1407 118.54 -287.31 1539 93.014
1.1333 -230.81 1377.7 129.55 -291.09 1418.4 118.58 -290.63 1549.9 92.922
1.1417 -235.47 1389.3 129.5 -294.82 1429.9 118.57 -293.97 1561 92.846
1.15 -240.34 1401 129.48 -298.48 1441.6 118.52 -297.34 1572.2 92.787
1.1583 -245.42 1412.8 129.47 -302.07 1453.3 118.45 -300.73 1583.6 92.744
1.1667 -250.69 1424.8 129.47 -305.6 1465.1 118.35 -304.14 1595.1 92.717
1.175 -256.12 1436.8 129.47 -309.08 1477 118.24 -307.55 1606.7 92.706
1.1833 -261.7 1448.9 129.46 -312.53 1489 118.13 -310.96 1618.4 92.71
1.1917 -267.38 1460.9 129.44 -315.97 1500.9 118.03 -314.37 1630.1 92.73
1.2 -273.12 1472.9 129.39 -319.42 1512.9 117.95 -317.78 1641.8 92.762
1.2083 -278.86 1484.8 129.31 -322.92 1524.8 117.89 -321.16 1653.4 92.804
1.2167 -284.53 1496.5 129.21 -326.47 1536.6 117.86 -324.53 1665 92.852
1.225 -290.09 1508.1 129.08 -330.12 1548.4 117.86 -327.87 1676.5 92.898
1.2333 -295.47 1519.5 128.93 -333.87 1560 117.89 -331.19 1687.8 92.937
1.2417 -300.66 1530.7 128.77 -337.74 1571.4 117.96 -334.49 1699.1 92.961
1.25 -305.64 1541.9 128.6 -341.73 1582.7 118.06 -337.77 1710.1 92.962
1.2583 -310.42 1552.9 128.45 -345.82 1593.7 118.18 -341.04 1721.1 92.934
1.2667 -315.02 1563.9 128.3 -350.02 1604.6 118.33 -344.32 1731.9 92.874
1.275 -319.49 1574.8 128.18 -354.3 1615.2 118.5 -347.62 1742.6 92.781
1.2833 -323.84 1585.6 128.09 -358.63 1625.6 118.69 -350.96 1753.2 92.656
1.2917 -328.13 1596.5 128.02 -362.98 1635.7 118.9 -354.38 1763.7 92.505
1.3 -332.38 1607.3 127.98 -367.34 1645.6 119.13 -357.89 1774.1 92.336
1.3083 -336.61 1618.3 127.96 -371.67 1655.2 119.37 -361.51 1784.4 92.161
1.3167 -340.87 1629.2 127.95 -375.96 1664.7 119.63 -365.27 1794.6 91.991
1.325 -345.16 1640.2 127.94 -380.21 1674 119.91 -369.19 1804.7 91.839
1.3333 -349.52 1651.3 127.93 -384.4 1683.1 120.22 -373.28 1814.7 91.716
1.3417 -353.95 1662.3 127.91 -388.54 1692.1 120.55 -377.53 1824.6 91.629
1.35 -358.46 1673.2 127.87 -392.64 1701.1 120.89 -381.95 1834.5 91.585
1.3583 -363.04 1684.1 127.8 -396.71 1709.9 121.26 -386.53 1844.2 91.585
1.3667 -367.7 1694.8 127.71 -400.78 1718.7 121.65 -391.24 1853.8 91.626
1.375 -372.41 1705.3 127.6 -404.86 1727.5 122.05 -396.07 1863.3 91.703
1.3833 -377.17 1715.7 127.47 -408.97 1736.3 122.46 -400.98 1872.7 91.805
1.3917 -381.96 1725.8 127.33 -413.13 1745 122.88 -405.96 1882.1 91.923
1.4 -386.77 1735.8 127.17 -417.34 1753.8 123.28 -410.97 1891.3 92.045
1.4083 -391.59 1745.6 127.01 -421.63 1762.6 123.68 -415.99 1900.4 92.16
1.4167 -396.41 1755.4 126.85 -425.98 1771.4 124.06 -421 1909.4 92.259
1.425 -401.25 1765 126.69 -430.41 1780.2 124.42 -425.99 1918.4 92.335
1.4333 -406.09 1774.6 126.55 -434.91 1789 124.75 -430.95 1927.2 92.383
1.4417 -410.97 1784.1 126.4 -439.48 1797.8 125.04 -435.88 1936 92.403
1.45 -415.87 1793.7 126.25 -444.12 1806.7 125.31 -440.78 1944.7 92.395
1.4583 -420.82 1803.2 126.09 -448.82 1815.5 125.53 -445.66 1953.4 92.364
1.4667 -425.83 1812.8 125.92 -453.59 1824.4 125.73 -450.53 1961.9 92.312
1.475 -430.91 1822.4 125.73 -458.42 1833.4 125.89 -455.4 1970.4 92.246
1.4833 -436.07 1832 125.52 -463.3 1842.3 126.03 -460.27 1978.9 92.169
1.4917 -441.3 1841.6 125.28 -468.25 1851.4 126.14 -465.15 1987.2 92.086
1.5 -446.61 1851.1 125.02 -473.26 1860.4 126.22 -470.04 1995.6 91.999
1.5083 -451.98 1860.7 124.75 -478.33 1869.6 126.29 -474.95 2003.9 91.909
1.5167 -457.4 1870.1 124.48 -483.46 1878.8 126.34 -479.87 2012.2 91.816
1.525 -462.87 1879.6 124.22 -488.65 1888 126.37 -484.82 2020.5 91.719
1.5333 -468.38 1889 123.97 -493.9 1897.4 126.39 -489.77 2028.8 91.616
1.5417 -473.93 1898.4 123.75 -499.2 1906.7 126.39 -494.75 2037.2 91.506
1.55 -479.55 1907.8 123.55 -504.55 1916.1 126.38 -499.73 2045.6 91.388
1.5583 -485.23 1917.3 123.38 -509.94 1925.5 126.35 -504.73 2054.1 91.262
1.5667 -491.02 1926.7 123.23 -515.38 1935 126.3 -509.75 2062.6 91.127
1.575 -496.92 1936.3 123.08 -520.85 1944.5 126.22 -514.78 2071.3 90.984
1.5833 -502.95 1945.9 122.93 -526.36 1953.9 126.13 -519.84 2079.9 90.834
1.5917 -509.1 1955.5 122.78 -531.91 1963.4 126.01 -524.92 2088.6 90.678
1.6 -515.39 1965.2 122.61 -537.5 1972.9 125.86 -530.03 2097.4 90.515
1.6083 -521.8 1974.9 122.44 -543.14 1982.4 125.68 -535.17 2106.2 90.346
1.6167 -528.31 1984.7 122.24 -548.83 1991.9 125.49 -540.32 2115.1 90.167
1.625 -534.92 1994.4 122.03 -554.58 2001.4 125.27 -545.5 2124 89.976
1.6333 -541.62 2004.1 121.8 -560.39 2011 125.04 -550.68 2132.9 89.769
1.6417 -548.39 2013.8 121.54 -566.27 2020.6 124.79 -555.87 2141.9 89.54
1.65 -555.23 2023.6 121.28 -572.21 2030.2 124.54 -561.05 2151 89.287
1.6583 -562.14 2033.4 121 -578.22 2039.8 124.28 -566.22 2160.2 89.004
1.6667 -569.12 2043.2 120.72 -584.3 2049.5 124.03 -571.37 2169.5 88.691
1.675 -576.2 2053.1 120.46 -590.44 2059.2 123.78 -576.51 2178.9 88.346
1.6833 -583.36 2063.1 120.22 -596.65 2068.9 123.53 -581.63 2188.5 87.971
1.6917 -590.62 2073.1 120.01 -602.91 2078.7 123.3 -586.74 2198.2 87.572
1.7 -597.97 2083.2 119.84 -609.23 2088.5 123.06 -591.86 2208.1 87.154
1.7083 -605.39 2093.3 119.71 -615.58 2098.3 122.83 -596.98 2218.2 86.726
1.7167 -612.86 2103.3 119.63 -621.95 2108.1 122.6 -602.12 2228.4 86.296
1.725 -620.33 2113.4 119.58 -628.33 2118 122.36 -607.28 2238.7 85.873
1.7333 -627.76 2123.4 119.56 -634.69 2128 122.11 -612.47 2249.2 85.465
1.7417 -635.1 2133.2 119.55 -641.02 2138 121.85 -617.68 2259.7 85.077
1.75 -642.32 2143 119.53 -647.29 2148.1 121.55 -622.9 2270.3 84.714
1.7583 -649.36 2152.7 119.47 -653.48 2158.3 121.23 -628.12 2280.9 84.376
1.7667 -656.2 2162.2 119.37 -659.57 2168.5 120.87 -633.3 2291.5 84.064
1.775 -662.82 2171.6 119.19 -665.53 2178.9 120.46 -638.42 2302.2 83.771
1.7833 -669.22 2180.8 118.93 -671.34 2189.2 120.01 -643.45 2312.8 83.494
1.7917 -675.38 2189.9 118.57 -677 2199.7 119.5 -648.34 2323.4 83.223
1.8 -681.33 2198.9 118.11 -682.48 2210.1 118.93 -653.07 2334.1 82.952
1.8083 -687.06 2207.9 117.56 -687.78 2220.6 118.31 -657.6 2344.7 82.673
1.8167 -692.59 2216.7 116.94 -692.89 2231 117.64 -661.9 2355.4 82.378
1.825 -697.9 2225.5 116.26 -697.83 2241.4 116.9 -665.95 2366.1 82.061
1.8333 -702.98 2234.3 115.54 -702.59 2251.8 116.11 -669.73 2376.8 81.719
1.8417 -707.82 2243.1 114.82 -707.18 2262 115.27 -673.24 2387.6 81.348
1.85 -712.39 2251.8 114.1 -711.62 2272.3 114.38 -676.46 2398.4 80.95
1.8583 -716.7 2260.7 113.41 -715.9 2282.4 113.45 -679.42 2409.2 80.523
1.8667 -720.75 2269.5 112.77 -720.04 2292.6 112.48 -682.11 2420.1 80.071
1.875 -724.55 2278.4 112.19 -724.04 2302.7 111.47 -684.55 2431 79.595
1.8833 -728.13 2287.2 111.67 -727.92 2312.7 110.45 -686.75 2441.9 79.097
1.8917 -731.48 2296.1 111.2 -731.65 2322.8 109.41 -688.73 2452.8 78.578
1.9 -734.64 2305 110.78 -735.25 2332.9 108.35 -690.49 2463.6 78.041
1.9083 -737.6 2313.9 110.4 -738.72 2343 107.3 -692.06 2474.4 77.485
1.9167 -740.39 2322.7 110.04 -742.03 2353.2 106.25 -693.43 2485 76.911
1.925 -743.03 2331.5 109.68 -745.2 2363.4 105.21 -694.63 2495.6 76.32
1.9333 -745.55 2340.3 109.31 -748.21 2373.6 104.19 -695.67 2506.1 75.713
1.9417 -748 2349 108.93 -751.07 2383.9 103.18 -696.55 2516.5 75.089
1.95 -750.42 2357.7 108.53 -753.77 2394.3 102.2 -697.28 2526.8 74.451
1.9583 -752.83 2366.2 108.1 -756.31 2404.6 101.25 -697.89 2536.9 73.802
1.9667 -755.25 2374.8 107.66 -758.71 2415 100.33 -698.37 2547 73.143
1.975 -757.69 2383.3 107.2 -760.96 2425.4 99.443 -698.75 2557.1 72.478
1.9833 -760.14 2391.8 106.74 -763.09 2435.8 98.581 -699.03 2567.1 71.812
1.9917 -762.6 2400.4 106.29 -765.08 2446.2 97.746 -699.23 2577 71.147
2 -765.04 2409 105.86 -766.96 2456.6 96.94 -699.34 2587 70.486
2.0083 -767.43 2417.7 105.44 -768.72 2467.1 96.159 -699.38 2596.9 69.833
2.0167 -769.74 2426.5 105.05 -770.36 2477.5 95.403 -699.36 2606.9 69.188
2.025 -771.94 2435.4 104.68 -771.88 2487.9 94.671 -699.26 2616.8 68.554
2.0333 -774 2444.4 104.33 -773.29 2498.4 93.962 -699.08 2626.8 67.93
2.0417 -775.9 2453.5 103.99 -774.57 2508.8 93.278 -698.83 2636.8 67.317
2.05 -777.63 2462.8 103.65 -775.72 2519.2 92.618 -698.5 2646.8 66.714
2.0583 -779.17 2472.1 103.3 -776.73 2529.7 91.985 -698.08 2656.7 66.121
2.0667 -780.53 2481.6 102.94 -777.59 2540.1 91.379 -697.57 2666.7 65.537
2.075 -781.72 2491.1 102.56 -778.29 2550.6 90.803 -696.95 2676.6 64.965
2.0833 -782.74 2500.8 102.16 -778.82 2561 90.255 -696.24 2686.4 64.405
2.0917 -783.62 2510.5 101.75 -779.16 2571.4 89.736 -695.42 2696.2 63.86
2.1 -784.38 2520.5 101.32 -779.32 2581.8 89.244 -694.5 2706 63.333
2.1083 -785.06 2530.6 100.87 -779.28 2592.3 88.777 -693.47 2715.7 62.827
2.1167 -785.69 2540.8 100.42 -779.04 2602.6 88.333 -692.32 2725.3 62.344
2.125 -786.3 2551.2 99.965 -778.58 2613 87.907 -691.05 2735 61.889
2.1333 -786.89 2561.9 99.512 -777.92 2623.4 87.495 -689.65 2744.5 61.462
2.1417 -787.49 2572.6 99.066 -777.05 2633.7 87.094 -688.12 2754.1 61.062
2.15 -788.09 2583.6 98.632 -775.97 2644 86.698 -686.43 2763.6 60.688
2.1583 -788.69 2594.8 98.209 -774.7 2654.2 86.305 -684.59 2773.2 60.335
2.1667 -789.28 2606 97.798 -773.25 2664.4 85.913 -682.58 2782.7 59.998
2.175 -789.85 2617.4 97.39 -771.63 2674.6 85.518 -680.38 2792.1 59.666
2.1833 -790.38 2628.9 96.978 -769.87 2684.6 85.12 -678.01 2801.6 59.332
2.1917 -790.85 2640.3 96.547 -767.99 2694.7 84.718 -675.45 2810.9 58.984
2.2 -791.2 2651.8 96.086 -766 2704.7 84.311 -672.71 2820.1 58.612
2.2083 -791.39 2663.1 95.585 -763.95 2714.7 83.899 -669.8 2829.1 58.207
2.2167 -791.39 2674.2 95.039 -761.85 2724.7 83.483 -666.74 2838 57.759
2.225 -791.15 2685.2 94.449 -759.73 2734.7 83.061 -663.55 2846.6 57.264
2.2333 -790.65 2696 93.82 -757.62 2744.7 82.634 -660.24 2855 56.717
2.2417 -789.87 2706.5 93.16 -755.53 2754.7 82.2 -656.86 2863.2 56.118
2.25 -788.82 2716.7 92.473 -753.49 2764.8 81.76 -653.41 2871.2 55.47
2.2583 -787.51 2726.7 91.764 -751.51 2774.9 81.311 -649.93 2879 54.779
2.2667 -785.98 2736.5 91.035 -749.59 2784.9 80.855 -646.43 2886.6 54.054
2.275 -784.24 2746.1 90.288 -747.73 2794.9 80.391 -642.92 2894.1 53.306
2.2833 -782.33 2755.5 89.522 -745.94 2804.9 79.92 -639.43 2901.6 52.546
2.2917 -780.3 2764.7 88.736 -744.2 2814.7 79.442 -635.95 2909 51.788
2.3 -778.16 2773.9 87.928 -742.49 2824.3 78.958 -632.48 2916.5 51.043
2.3083 -775.94 2782.9 87.093 -740.81 2833.8 78.468 -629.04 2924.1 50.323
2.3167 -773.64 2792 86.229 -739.13 2843 77.972 -625.62 2931.7 49.637
2.325 -771.27 2801.1 85.331 -737.43 2851.9 77.471 -622.23 2939.5 48.993
2.3333 -768.8 2810.1 84.398 -735.69 2860.6 76.957 -618.85 2947.3 48.394
2.3417 -766.25 2819.1 83.43 -733.9 2869 76.432 -615.51 2955.3 47.844
2.35 -763.61 2828.1 82.429 -732.03 2877.2 75.892 -612.19 2963.3 47.341
2.3583 -760.89 2837.1 81.399 -730.08 2885.2 75.332 -608.91 2971.4 46.882
2.3667 -758.08 2845.9 80.35 -728.01 2893 74.75 -605.67 2979.4 46.464
2.375 -755.2 2854.7 79.289 -725.82 2900.7 74.144 -602.47 2987.4 46.08
2.3833 -752.28 2863.3 78.224 -723.5 2908.4 73.514 -599.3 2995.3 45.721
2.3917 -749.33 2871.8 77.163 -721.03 2916 72.86 -596.17 3003.1 45.382
2.4 -746.39 2880.1 76.108 -718.43 2923.7 72.185 -593.04 3010.7 45.054
2.4083 -743.46 2888.2 75.059 -715.68 2931.5 71.491 -589.91 3018.2 44.729
2.4167 -740.56 2896.2 74.013 -712.79 2939.3 70.782 -586.76 3025.6 44.401
2.425 -737.69 2904.1 72.963 -709.77 2947.2 70.062 -583.55 3032.8 44.063
2.4333 -734.86 2911.9 71.902 -706.62 2955.3 69.335 -580.27 3039.9 43.712
2.4417 -732.05 2919.6 70.82 -703.35 2963.4 68.605 -576.88 3046.9 43.344
2.45 -729.27 2927.2 69.711 -699.97 2971.6 67.874 -573.37 3053.8 42.956
2.4583 -726.49 2934.8 68.569 -696.49 2979.9 67.144 -569.72 3060.7 42.551
2.4667 -723.7 2942.4 67.391 -692.91 2988.2 66.412 -565.92 3067.5 42.127
2.475 -720.9 2949.9 66.179 -689.23 2996.5 65.677 -561.97 3074.3 41.688
2.4833 -718.09 2957.4 64.939 -685.45 3004.8 64.935 -557.87 3081.1 41.237
2.4917 -715.24 2964.9 63.68 -681.57 3013.1 64.181 -553.63 3088 40.779
2.5 -712.38 2972.4 62.413 -677.59 3021.5 63.411 -549.26 3094.8 40.318
2.5083 -709.49 2979.9 61.152 -673.5 3029.8 62.62 -544.78 3101.7 39.858
2.5167 -706.57 2987.4 59.911 -669.3 3038 61.806 -540.2 3108.6 39.404
2.525 -703.64 2994.9 58.703 -664.98 3046.3 60.969 -535.55 3115.6 38.96
2.5333 -700.69 3002.3 57.539 -660.54 3054.6 60.11 -530.82 3122.7 38.529
2.5417 -697.72 3009.8 56.428 -655.98 3062.8 59.233 -526.02 3129.8 38.114
2.55 -694.74 3017.3 55.376 -651.29 3071.1 58.343 -521.15 3137 37.717
2.5583 -691.75 3024.9 54.384 -646.48 3079.4 57.45 -516.22 3144.3 37.337
2.5667 -688.74 3032.4 53.452 -641.55 3087.7 56.561 -511.2 3151.7 36.976
2.575 -685.71 3040 52.576 -636.51 3096 55.684 -506.1 3159.2 36.632
2.5833 -682.65 3047.6 51.752 -631.35 3104.3 54.828 -500.91 3166.7 36.304
2.5917 -679.57 3055.2 50.974 -626.08 3112.7 54 -495.64 3174.4 35.991
2.6 -676.44 3063 50.235 -620.71 3121.1 53.204 -490.28 3182.2 35.691
2.6083 -673.26 3070.8 49.527 -615.23 3129.6 52.443 -484.84 3190 35.402
2.6167 -670 3078.7 48.843 -609.65 3138.1 51.721 -479.33 3197.9 35.123
2.625 -666.65 3086.7 48.176 -603.99 3146.8 51.036 -473.78 3205.8 34.85
2.6333 -663.17 3094.8 47.515 -598.22 3155.5 50.386 -468.2 3213.7 34.583
2.6417 -659.55 3103.1 46.859 -592.36 3164.3 49.772 -462.61 3221.7 34.318
2.65 -655.76 3111.4 46.204 -586.42 3173.3 49.192 -457.02 3229.7 34.053
2.6583 -651.77 3119.9 45.549 -580.41 3182.3 48.642 -451.46 3237.7 33.786
2.6667 -647.57 3128.4 44.892 -574.32 3191.3 48.124 -445.92 3245.7 33.514
2.675 -643.14 3137 44.236 -568.17 3200.5 47.638 -440.4 3253.8 33.234
2.6833 -638.45 3145.7 43.585 -561.97 3209.8 47.184 -434.91 3261.9 32.944
2.6917 -633.51 3154.4 42.941 -555.73 3219.1 46.763 -429.43 3270.1 32.642
2.7 -628.29 3163.2 42.309 -549.47 3228.5 46.373 -423.94 3278.3 32.326
2.7083 -622.8 3172 41.692 -543.2 3237.9 46.017 -418.44 3286.6 31.995
2.7167 -617.03 3180.8 41.094 -536.91 3247.4 45.694 -412.9 3295.1 31.649
2.725 -610.98 3189.7 40.517 -530.61 3257 45.4 -407.32 3303.6 31.289
2.7333 -604.65 3198.7 39.966 -524.3 3266.7 45.133 -401.7 3312.2 30.915
2.7417 -598.03 3207.8 39.447 -517.97 3276.5 44.889 -396.04 3321 30.53
2.75 -591.16 3216.9 38.96 -511.61 3286.4 44.663 -390.36 3329.8 30.137
2.7583 -584.02 3226.1 38.515 -505.21 3296.3 44.45 -384.67 3338.7 29.74
2.7667 -576.64 3235.4 38.114 -498.75 3306.4 44.243 -379.01 3347.7 29.343
2.775 -569.04 3244.7 37.761 -492.21 3316.5 44.038 -373.41 3356.7 28.95
2.7833 -561.25 3254 37.459 -485.57 3326.7 43.828 -367.88 3365.7 28.566
2.7917 -553.31 3263.2 37.207 -478.83 3336.9 43.611 -362.46 3374.7 28.196
2.8 -545.25 3272.4 37.004 -471.98 3347.1 43.382 -357.15 3383.7 27.845
2.8083 -537.14 3281.6 36.844 -465.01 3357.2 43.14 -351.97 3392.7 27.518
2.8167 -529.04 3290.7 36.724 -457.94 3367.2 42.885 -346.9 3401.6 27.218
2.825 -521.02 3299.7 36.634 -450.76 3377.1 42.616 -341.94 3410.4 26.948
2.8333 -513.12 3308.6 36.567 -443.51 3386.7 42.334 -337.04 3419.1 26.712
2.8417 -505.42 3317.6 36.517 -436.22 3396.1 42.041 -332.17 3427.7 26.509
2.85 -497.93 3326.4 36.478 -428.91 3405.2 41.738 -327.3 3436.2 26.338
2.8583 -490.68 3335.3 36.446 -421.61 3413.9 41.426 -322.38 3444.5 26.199
2.8667 -483.65 3344.1 36.421 -414.37 3422.4 41.106 -317.36 3452.7 26.087
2.875 -476.82 3353 36.402 -407.21 3430.5 40.78 -312.22 3460.8 25.997
2.8833 -470.14 3361.8 36.391 -400.15 3438.2 40.446 -306.91 3468.6 25.922
2.8917 -463.57 3370.7 36.387 -393.22 3445.7 40.106 -301.43 3476.3 25.858
2.9 -457.02 3379.6 36.393 -386.41 3452.9 39.759 -295.77 3483.7 25.795
2.9083 -450.45 3388.4 36.401 -379.71 3459.9 39.399 -289.92 3491 25.729
2.9167 -443.79 3397.1 36.413 -373.12 3466.7 39.032 -283.89 3498 25.654
2.925 -437.01 3405.6 36.414 -366.6 3473.3 38.647 -277.7 3504.7 25.565
2.9333 -430.06 3413.9 36.406 -360.14 3479.8 38.249 -271.37 3511.3 25.462
2.9417 -422.95 3421.9 36.381 -353.69 3486.2 37.834 -264.92 3517.6 25.343
2.95 -415.67 3429.6 36.339 -347.23 3492.6 37.398 -258.37 3523.7 25.209
2.9583 -408.25 3437.1 36.282 -340.72 3498.8 36.942 -251.75 3529.6 25.063
2.9667 -400.69 3444.3 36.216 -334.13 3505 36.466 -245.07 3535.3 24.909
2.975 -393.02 3451.3 36.146 -327.46 3511.1 35.97 -238.36 3540.9 24.75
2.9833 -385.28 3458 36.085 -320.68 3517.2 35.456 -231.61 3546.3 24.59
2.9917 -377.5 3464.6 36.038 -313.79 3523.2 34.927 -224.85 3551.7 24.43
3 -369.69 3471 36.014 -306.79 3529.2 34.387 -218.08 3556.9 24.273
3.0083 -361.89 3477.4 36.018 -299.7 3535 33.841 -211.31 3562 24.119
3.0167 -354.09 3483.6 36.058 -292.52 3540.9 33.296 -204.54 3567 23.966
3.025 -346.31 3489.9 36.13 -285.27 3546.7 32.757 -197.78 3572 23.814
3.0333 -338.53 3496.1 36.243 -277.95 3552.4 32.23 -191.02 3576.9 23.66
3.0417 -330.74 3502.3 36.386 -270.59 3558.1 31.722 -184.26 3581.8 23.502
3.05 -322.93 3508.6 36.553 -263.2 3563.8 31.239 -177.5 3586.5 23.34
3.0583 -315.09 3514.8 36.739 -255.75 3569.4 30.781 -170.74 3591.3 23.171
3.0667 -307.21 3521.1 36.933 -248.26 3575 30.358 -163.96 3595.9 22.997
3.075 -299.29 3527.3 37.127 -240.74 3580.6 29.97 -157.16 3600.6 22.819
