0.0083333 -29.174 5.469 97.092 -56.656 106.52 85.984 -14.951 244.22 81.151
0.016667 -27.899 13.571 97.129 -55.766 115.83 85.96 -13.706 253.15 81.091
0.025 -26.599 21.953 97.166 -54.789 125.29 85.902 -12.423 262.16 81.037
0.033333 -25.297 30.621 97.204 -53.719 134.88 85.804 -11.101 271.27 80.99
0.041667 -24.017 39.578 97.248 -52.549 144.6 85.663 -9.742 280.51 80.954
0.05 -22.782 48.826 97.295 -51.277 154.42 85.48 -8.3504 289.9 80.928
0.058333 -21.606 58.361 97.344 -49.904 164.31 85.263 -6.9331 299.45 80.914
0.066667 -20.501 68.172 97.392 -48.437 174.27 85.014 -5.4984 309.16 80.915
0.075 -19.462 78.249 97.43 -46.886 184.26 84.751 -4.0566 319.03 80.929
0.083333 -18.481 88.565 97.449 -45.268 194.28 84.481 -2.6194 329.03 80.958
0.091667 -17.537 99.088 97.439 -43.603 204.32 84.215 -1.1988 339.13 81.001
0.1 -16.603 109.79 97.39 -41.914 214.35 83.967 0.19289 349.3 81.055
0.10833 -15.649 120.61 97.293 -40.227 224.4 83.748 1.5435 359.49 81.119
0.11667 -14.646 131.52 97.143 -38.567 234.44 83.563 2.8418 369.65 81.189
0.125 -13.566 142.47 96.94 -36.959 244.47 83.418 4.0774 379.73 81.264
0.13333 -12.396 153.41 96.686 -35.426 254.48 83.315 5.2408 389.71 81.339
0.14167 -11.129 164.31 96.387 -33.986 264.47 83.256 6.3227 399.55 81.411
0.15 -9.7749 175.12 96.052 -32.656 274.41 83.237 7.3146 409.24 81.478
0.15833 -8.3627 185.83 95.692 -31.445 284.28 83.258 8.2083 418.78 81.539
0.16667 -6.9319 196.41 95.319 -30.36 294.06 83.315 8.9956 428.18 81.592
0.175 -5.5277 206.87 94.942 -29.4 303.73 83.404 9.6677 437.45 81.638
0.18333 -4.1932 217.18 94.569 -28.563 313.27 83.523 10.215 446.62 81.678
0.19167 -2.9602 227.39 94.205 -27.841 322.65 83.669 10.63 455.73 81.716
0.2 -1.846 237.5 93.853 -27.223 331.86 83.84 10.902 464.8 81.755
0.20833 -0.85442 247.54 93.514 -26.699 340.91 84.033 11.022 473.88 81.798
0.21667 0.025103 257.53 93.186 -26.256 349.8 84.247 10.982 482.97 81.851
0.225 0.81288 267.49 92.868 -25.884 358.54 84.482 10.774 492.11 81.916
0.23333 1.5366 277.43 92.561 -25.574 367.16 84.734 10.391 501.3 81.999
0.24167 2.2273 287.35 92.263 -25.318 375.69 85.004 9.8287 510.54 82.102
0.25 2.9122 297.25 91.974 -25.114 384.15 85.29 9.0853 519.85 82.227
0.25833 3.6137 307.13 91.697 -24.959 392.58 85.592 8.1605 529.2 82.375
0.26667 4.3388 316.99 91.434 -24.853 401.01 85.909 7.0575 538.6 82.547
0.275 5.0806 326.81 91.19 -24.798 409.46 86.241 5.7826 548.02 82.742
0.28333 5.8177 336.59 90.971 -24.796 417.96 86.589 4.3443 557.47 82.958
0.29167 6.518 346.33 90.78 -24.848 426.52 86.951 2.7542 566.92 83.193
0.3 7.1454 356.02 90.62 -24.957 435.15 87.329 1.0263 576.38 83.445
0.30833 7.6644 365.66 90.495 -25.122 443.85 87.719 -0.82382 585.84 83.71
0.31667 8.0469 375.26 90.402 -25.341 452.62 88.121 -2.7791 595.29 83.987
0.325 8.2733 384.83 90.337 -25.612 461.45 88.533 -4.822 604.73 84.272
0.33333 8.3433 394.38 90.297 -25.932 470.35 88.95 -6.9351 614.16 84.565
0.34167 8.2659 403.9 90.274 -26.297 479.3 89.369 -9.1014 623.59 84.862
0.35 8.0646 413.43 90.261 -26.704 488.31 89.786 -11.306 633 85.163
0.35833 7.7729 422.96 90.251 -27.151 497.37 90.196 -13.535 642.4 85.467
0.36667 7.4271 432.51 90.237 -27.639 506.48 90.595 -15.778 651.78 85.773
0.375 7.0632 442.09 90.215 -28.167 515.66 90.98 -18.026 661.16 86.079
0.38333 6.7097 451.7 90.181 -28.738 524.89 91.347 -20.274 670.52 86.386
0.39167 6.3844 461.35 90.135 -29.356 534.2 91.695 -22.516 679.87 86.691
0.4 6.092 471.03 90.081 -30.025 543.57 92.025 -24.752 689.23 86.994
0.40833 5.8209 480.75 90.021 -30.751 553.02 92.336 -26.981 698.6 87.293
0.41667 5.5475 490.51 89.965 -31.538 562.55 92.63 -29.203 707.99 87.586
0.425 5.2465 500.3 89.919 -32.392 572.16 92.91 -31.418 717.42 87.871
0.43333 4.8828 510.11 89.894 -33.318 581.85 93.177 -33.627 726.9 88.144
0.44167 4.4198 519.96 89.895 -34.319 591.62 93.434 -35.829 736.45 88.404
0.45 3.8378 529.84 89.928 -35.401 601.46 93.681 -38.025 746.08 88.647
0.45833 3.1237 539.75 89.992 -36.566 611.37 93.918 -40.214 755.8 88.871
0.46667 2.2671 549.72 90.084 -37.819 621.36 94.143 -42.397 765.61 89.073
0.475 1.2818 559.78 90.195 -39.161 631.42 94.355 -44.574 775.53 89.251
0.48333 0.17923 569.94 90.314 -40.594 641.55 94.551 -46.746 785.54 89.406
0.49167 -1.0092 580.25 90.43 -42.119 651.76 94.73 -48.92 795.65 89.537
0.5 -2.2663 590.72 90.531 -43.738 662.05 94.889 -51.1 805.84 89.644
0.50833 -3.5518 601.36 90.613 -45.452 672.42 95.029 -53.297 816.1 89.73
0.51667 -4.8642 612.16 90.677 -47.26 682.86 95.152 -55.521 826.43 89.797
0.525 -6.1928 623.12 90.726 -49.165 693.4 95.262 -57.785 836.82 89.848
0.53333 -7.5464 634.22 90.767 -51.168 704.02 95.365 -60.101 847.25 89.885
0.54167 -8.9381 645.44 90.809 -53.27 714.72 95.466 -62.482 857.73 89.91
0.55 -10.386 656.79 90.856 -55.473 725.51 95.575 -64.938 868.24 89.926
0.55833 -11.91 668.27 90.913 -57.78 736.39 95.698 -67.478 878.8 89.932
0.56667 -13.528 679.91 90.982 -60.194 747.36 95.845 -70.106 889.41 89.928
0.575 -15.253 691.74 91.065 -62.715 758.42 96.019 -72.824 900.06 89.912
0.58333 -17.095 703.78 91.162 -65.346 769.57 96.224 -75.628 910.78 89.882
0.59167 -19.048 716.07 91.276 -68.086 780.81 96.462 -78.513 921.55 89.834
0.6 -21.106 728.62 91.41 -70.934 792.15 96.73 -81.471 932.39 89.765
0.60833 -23.252 741.41 91.567 -73.885 803.58 97.024 -84.492 943.3 89.674
0.61667 -25.472 754.44 91.756 -76.931 815.11 97.339 -87.566 954.28 89.559
0.625 -27.745 767.66 91.986 -80.059 826.72 97.668 -90.685 965.31 89.42
0.63333 -30.055 781.02 92.267 -83.252 838.43 98.004 -93.841 976.4 89.261
0.64167 -32.394 794.44 92.609 -86.491 850.22 98.342 -97.031 987.53 89.086
0.65 -34.754 807.87 93.017 -89.752 862.07 98.676 -100.25 998.68 88.902
0.65833 -37.139 821.24 93.494 -93.01 873.98 99.005 -103.5 1009.9 88.717
0.66667 -39.561 834.46 94.037 -96.236 885.91 99.327 -106.78 1021 88.539
0.675 -42.029 847.5 94.638 -99.404 897.85 99.644 -110.08 1032.2 88.379
0.68333 -44.559 860.31 95.289 -102.49 909.76 99.957 -113.41 1043.4 88.242
0.69167 -47.157 872.86 95.977 -105.47 921.62 100.27 -116.75 1054.5 88.136
0.7 -49.834 885.14 96.689 -108.33 933.39 100.59 -120.09 1065.6 88.063
0.70833 -52.592 897.15 97.41 -111.06 945.03 100.91 -123.41 1076.7 88.024
0.71667 -55.432 908.92 98.128 -113.65 956.54 101.24 -126.69 1087.7 88.016
0.725 -58.357 920.47 98.833 -116.11 967.87 101.58 -129.91 1098.7 88.034
0.73333 -61.367 931.86 99.52 -118.44 979.01 101.93 -133.04 1109.7 88.068
0.74167 -64.466 943.13 100.19 -120.67 989.96 102.29 -136.04 1120.7 88.111
0.75 -67.65 954.34 100.83 -122.81 1000.7 102.65 -138.9 1131.6 88.151
0.75833 -70.909 965.5 101.46 -124.88 1011.3 103 -141.58 1142.5 88.178
0.76667 -74.221 976.65 102.07 -126.9 1021.7 103.34 -144.08 1153.4 88.182
0.775 -77.558 987.79 102.66 -128.9 1031.9 103.67 -146.37 1164.2 88.156
0.78333 -80.891 998.9 103.24 -130.9 1042 103.97 -148.45 1175 88.094
0.79167 -84.187 1010 103.8 -132.91 1052 104.26 -150.32 1185.7 87.992
0.8 -87.418 1021 104.37 -134.95 1061.9 104.51 -151.99 1196.4 87.848
0.80833 -90.567 1032 104.95 -137.03 1071.8 104.75 -153.48 1207.1 87.663
0.81667 -93.615 1042.8 105.53 -139.15 1081.7 104.96 -154.81 1217.7 87.438
0.825 -96.561 1053.6 106.14 -141.32 1091.6 105.15 -155.98 1228.3 87.177
0.83333 -99.406 1064.3 106.78 -143.54 1101.5 105.32 -157.04 1238.8 86.884
0.84167 -102.17 1074.9 107.46 -145.81 1111.5 105.48 -158 1249.2 86.562
0.85 -104.86 1085.4 108.17 -148.13 1121.5 105.61 -158.88 1259.6 86.215
0.85833 -107.5 1095.8 108.93 -150.49 1131.6 105.74 -159.71 1270 85.848
0.86667 -110.12 1106.3 109.72 -152.9 1141.8 105.85 -160.5 1280.3 85.464
0.875 -112.74 1116.7 110.55 -155.35 1152.1 105.96 -161.28 1290.5 85.067
0.88333 -115.38 1127.2 111.41 -157.82 1162.5 106.06 -162.04 1300.8 84.66
0.89167 -118.04 1137.6 112.28 -160.33 1172.9 106.15 -162.82 1311 84.246
0.9 -120.73 1148.1 113.17 -162.87 1183.4 106.25 -163.61 1321.3 83.829
0.90833 -123.46 1158.7 114.05 -165.43 1193.9 106.34 -164.43 1331.5 83.41
0.91667 -126.21 1169.2 114.92 -168.02 1204.5 106.44 -165.28 1341.8 82.991
0.925 -128.97 1179.8 115.77 -170.64 1215.2 106.55 -166.16 1352 82.573
0.93333 -131.72 1190.4 116.58 -173.29 1225.9 106.67 -167.09 1362.3 82.157
0.94167 -134.43 1201 117.35 -175.98 1236.7 106.8 -168.05 1372.7 81.741
0.95 -137.09 1211.6 118.07 -178.7 1247.5 106.94 -169.06 1383.1 81.324
0.95833 -139.68 1222.2 118.73 -181.46 1258.4 107.09 -170.1 1393.5 80.903
0.96667 -142.2 1232.9 119.34 -184.27 1269.4 107.25 -171.17 1403.9 80.476
0.975 -144.63 1243.7 119.88 -187.12 1280.4 107.42 -172.27 1414.5 80.04
0.98333 -146.99 1254.5 120.35 -190.02 1291.6 107.6 -173.39 1425 79.594
0.99167 -149.28 1265.5 120.76 -192.97 1302.8 107.78 -174.53 1435.6 79.136
1 -151.53 1276.7 121.1 -195.96 1314.1 107.95 -175.69 1446.3 78.667
1.0083 -153.74 1288.1 121.37 -198.98 1325.5 108.13 -176.86 1457 78.191
1.0167 -155.94 1299.6 121.59 -202.03 1337 108.3 -178.05 1467.8 77.709
1.025 -158.16 1311.4 121.77 -205.09 1348.5 108.46 -179.26 1478.6 77.228
1.0333 -160.42 1323.5 121.9 -208.16 1360.2 108.6 -180.49 1489.5 76.754
1.0417 -162.74 1335.7 122 -211.21 1371.8 108.75 -181.75 1500.4 76.29
1.05 -165.15 1348.1 122.09 -214.23 1383.6 108.89 -183.03 1511.4 75.843
1.0583 -167.65 1360.6 122.15 -217.23 1395.4 109.01 -184.35 1522.4 75.416
1.0667 -170.26 1373.1 122.2 -220.18 1407.3 109.13 -185.7 1533.6 75.009
1.075 -172.96 1385.7 122.23 -223.08 1419.2 109.24 -187.08 1544.8 74.623
1.0833 -175.78 1398.2 122.26 -225.93 1431.2 109.35 -188.48 1556 74.254
1.0917 -178.68 1410.7 122.27 -228.72 1443.4 109.44 -189.9 1567.4 73.899
1.1 -181.68 1423.2 122.28 -231.45 1455.6 109.52 -191.34 1578.8 73.553
1.1083 -184.79 1435.7 122.29 -234.13 1467.9 109.58 -192.79 1590.3 73.21
1.1167 -188.04 1448.3 122.29 -236.76 1480.3 109.62 -194.24 1601.9 72.866
1.125 -191.43 1460.9 122.29 -239.33 1492.8 109.63 -195.71 1613.6 72.519
1.1333 -194.98 1473.5 122.28 -241.85 1505.4 109.62 -197.2 1625.4 72.169
1.1417 -198.71 1486.4 122.27 -244.33 1518.1 109.57 -198.71 1637.3 71.818
1.15 -202.61 1499.3 122.24 -246.77 1530.8 109.49 -200.24 1649.2 71.47
1.1583 -206.66 1512.4 122.19 -249.18 1543.6 109.38 -201.83 1661.2 71.131
1.1667 -210.85 1525.6 122.11 -251.56 1556.4 109.25 -203.47 1673.2 70.808
1.175 -215.15 1538.8 122 -253.93 1569.3 109.1 -205.17 1685.2 70.509
1.1833 -219.5 1552 121.85 -256.31 1582 108.93 -206.96 1697.3 70.237
1.1917 -223.86 1565.2 121.66 -258.69 1594.8 108.77 -208.82 1709.4 69.996
1.2 -228.18 1578.3 121.43 -261.12 1607.4 108.62 -210.76 1721.4 69.787
1.2083 -232.41 1591.3 121.18 -263.59 1619.9 108.49 -212.78 1733.4 69.607
1.2167 -236.48 1604 120.91 -266.12 1632.3 108.39 -214.86 1745.4 69.449
1.225 -240.38 1616.6 120.62 -268.74 1644.5 108.33 -217 1757.3 69.307
1.2333 -244.09 1628.9 120.33 -271.43 1656.6 108.32 -219.2 1769.1 69.171
1.2417 -247.6 1641.1 120.04 -274.22 1668.5 108.36 -221.43 1780.8 69.032
1.25 -250.94 1653.1 119.76 -277.09 1680.2 108.46 -223.69 1792.5 68.882
1.2583 -254.13 1664.9 119.51 -280.05 1691.7 108.61 -226 1804 68.717
1.2667 -257.19 1676.5 119.27 -283.09 1703 108.8 -228.35 1815.5 68.535
1.275 -260.14 1688.1 119.05 -286.18 1714.2 109.03 -230.76 1827 68.338
1.2833 -263 1699.7 118.84 -289.32 1725.2 109.29 -233.25 1838.3 68.132
1.2917 -265.8 1711.3 118.65 -292.5 1736 109.57 -235.83 1849.7 67.927
1.3 -268.54 1722.9 118.45 -295.69 1746.7 109.86 -238.55 1861 67.733
1.3083 -271.26 1734.6 118.25 -298.89 1757.2 110.14 -241.41 1872.3 67.562
1.3167 -273.95 1746.3 118.03 -302.09 1767.7 110.42 -244.44 1883.6 67.427
1.325 -276.65 1758.1 117.79 -305.27 1778.1 110.67 -247.66 1894.8 67.336
1.3333 -279.37 1769.8 117.51 -308.45 1788.4 110.9 -251.08 1906.1 67.296
1.3417 -282.12 1781.4 117.21 -311.61 1798.6 111.11 -254.69 1917.3 67.311
1.35 -284.92 1792.9 116.88 -314.77 1808.8 111.3 -258.49 1928.5 67.377
1.3583 -287.77 1804.2 116.52 -317.94 1819 111.47 -262.46 1939.6 67.491
1.3667 -290.69 1815.4 116.15 -321.12 1829.2 111.62 -266.57 1950.7 67.642
1.375 -293.69 1826.4 115.77 -324.33 1839.4 111.76 -270.81 1961.7 67.819
1.3833 -296.76 1837.2 115.39 -327.56 1849.6 111.89 -275.14 1972.7 68.01
1.3917 -299.9 1847.9 115.03 -330.84 1859.8 112.02 -279.54 1983.5 68.201
1.4 -303.1 1858.4 114.68 -334.15 1870.1 112.15 -283.97 1994.3 68.38
1.4083 -306.36 1868.8 114.35 -337.5 1880.4 112.27 -288.41 2004.9 68.538
1.4167 -309.66 1879.2 114.04 -340.89 1890.8 112.39 -292.86 2015.5 68.668
1.425 -313.01 1889.5 113.75 -344.32 1901.2 112.51 -297.29 2025.9 68.765
1.4333 -316.4 1899.9 113.47 -347.8 1911.7 112.62 -301.69 2036.3 68.83
1.4417 -319.84 1910.3 113.19 -351.31 1922.3 112.71 -306.08 2046.6 68.864
1.45 -323.32 1920.7 112.89 -354.86 1932.9 112.79 -310.44 2056.8 68.87
1.4583 -326.85 1931.2 112.59 -358.46 1943.6 112.84 -314.79 2067 68.855
1.4667 -330.45 1941.8 112.26 -362.09 1954.4 112.87 -319.12 2077.1 68.823
1.475 -334.11 1952.4 111.91 -365.78 1965.2 112.87 -323.45 2087.2 68.779
1.4833 -337.85 1963 111.54 -369.51 1976.1 112.86 -327.77 2097.2 68.728
1.4917 -341.65 1973.6 111.17 -373.29 1987 112.81 -332.1 2107.3 68.674
1.5 -345.52 1984.3 110.8 -377.13 1997.9 112.76 -336.42 2117.4 68.618
1.5083 -349.46 1994.9 110.45 -381.01 2008.9 112.68 -340.75 2127.5 68.562
1.5167 -353.45 2005.6 110.13 -384.95 2019.9 112.6 -345.08 2137.6 68.505
1.525 -357.5 2016.3 109.84 -388.93 2031 112.52 -349.4 2147.9 68.446
1.5333 -361.6 2027 109.6 -392.96 2042 112.43 -353.72 2158.1 68.385
1.5417 -365.76 2037.9 109.4 -397.03 2053.1 112.34 -358.03 2168.5 68.319
1.55 -369.98 2048.8 109.24 -401.14 2064.2 112.26 -362.34 2178.9 68.248
1.5583 -374.27 2059.9 109.1 -405.28 2075.3 112.17 -366.64 2189.3 68.171
1.5667 -378.64 2071.2 109 -409.44 2086.4 112.09 -370.94 2199.9 68.087
1.575 -383.08 2082.5 108.91 -413.64 2097.6 112.01 -375.22 2210.5 67.997
1.5833 -387.6 2094 108.85 -417.87 2108.8 111.93 -379.5 2221.2 67.9
1.5917 -392.2 2105.5 108.79 -422.13 2120.1 111.84 -383.78 2231.9 67.797
1.6 -396.89 2117.1 108.74 -426.41 2131.3 111.76 -388.05 2242.7 67.689
1.6083 -401.65 2128.7 108.7 -430.72 2142.7 111.68 -392.31 2253.6 67.574
1.6167 -406.48 2140.3 108.64 -435.07 2154 111.61 -396.57 2264.6 67.455
1.625 -411.4 2152 108.59 -439.45 2165.4 111.54 -400.83 2275.7 67.331
1.6333 -416.38 2163.9 108.52 -443.86 2176.8 111.49 -405.08 2286.9 67.203
1.6417 -421.45 2175.8 108.45 -448.31 2188.1 111.45 -409.34 2298.2 67.072
1.65 -426.6 2187.9 108.39 -452.78 2199.5 111.44 -413.61 2309.6 66.94
1.6583 -431.83 2200.1 108.34 -457.29 2210.9 111.44 -417.88 2321.2 66.807
1.6667 -437.14 2212.4 108.31 -461.82 2222.3 111.47 -422.18 2332.8 66.677
1.675 -442.52 2225 108.32 -466.36 2233.6 111.52 -426.5 2344.6 66.552
1.6833 -447.96 2237.6 108.36 -470.91 2245 111.59 -430.86 2356.4 66.435
1.6917 -453.42 2250.3 108.46 -475.45 2256.4 111.66 -435.25 2368.2 66.329
1.7 -458.88 2263 108.6 -479.97 2267.9 111.74 -439.69 2380.1 66.237
1.7083 -464.31 2275.6 108.79 -484.46 2279.4 111.82 -444.18 2392 66.161
1.7167 -469.68 2288.2 109.01 -488.9 2291 111.88 -448.71 2403.8 66.102
1.725 -474.97 2300.5 109.25 -493.26 2302.7 111.92 -453.28 2415.5 66.06
1.7333 -480.14 2312.7 109.49 -497.54 2314.5 111.93 -457.87 2427.2 66.035
1.7417 -485.17 2324.6 109.71 -501.71 2326.4 111.9 -462.47 2438.7 66.025
1.75 -490.04 2336.2 109.89 -505.76 2338.4 111.82 -467.05 2450.1 66.027
1.7583 -494.75 2347.6 110.01 -509.67 2350.4 111.7 -471.6 2461.5 66.039
1.7667 -499.3 2358.7 110.05 -513.44 2362.5 111.53 -476.08 2472.8 66.055
1.775 -503.71 2369.6 110.01 -517.05 2374.5 111.31 -480.45 2484 66.072
1.7833 -507.98 2380.3 109.89 -520.5 2386.5 111.04 -484.7 2495.3 66.085
1.7917 -512.15 2390.8 109.7 -523.79 2398.4 110.73 -488.77 2506.5 66.089
1.8 -516.2 2401.2 109.44 -526.93 2410.1 110.37 -492.65 2517.9 66.08
1.8083 -520.14 2411.6 109.13 -529.92 2421.8 109.98 -496.3 2529.3 66.055
1.8167 -523.95 2421.9 108.8 -532.79 2433.3 109.54 -499.7 2540.9 66.01
1.825 -527.61 2432.2 108.46 -535.54 2444.6 109.08 -502.82 2552.6 65.942
1.8333 -531.1 2442.5 108.13 -538.18 2455.8 108.58 -505.64 2564.4 65.847
1.8417 -534.39 2452.8 107.82 -540.74 2466.9 108.05 -508.15 2576.3 65.725
1.85 -537.47 2463.1 107.55 -543.23 2477.8 107.49 -510.36 2588.3 65.572
1.8583 -540.32 2473.4 107.32 -545.65 2488.8 106.9 -512.25 2600.4 65.388
1.8667 -542.93 2483.8 107.14 -548.01 2499.7 106.28 -513.84 2612.5 65.171
1.875 -545.32 2494.1 106.99 -550.31 2510.6 105.63 -515.14 2624.6 64.921
1.8833 -547.51 2504.4 106.88 -552.56 2521.6 104.95 -516.17 2636.6 64.637
1.8917 -549.52 2514.7 106.79 -554.75 2532.6 104.25 -516.95 2648.5 64.319
1.9 -551.36 2525 106.71 -556.88 2543.7 103.53 -517.51 2660.3 63.967
1.9083 -553.08 2535.2 106.63 -558.94 2554.8 102.79 -517.88 2672 63.582
1.9167 -554.7 2545.3 106.55 -560.92 2566 102.06 -518.08 2683.6 63.164
1.925 -556.24 2555.5 106.46 -562.83 2577.3 101.32 -518.16 2694.9 62.714
1.9333 -557.72 2565.5 106.35 -564.65 2588.6 100.6 -518.12 2706.2 62.234
1.9417 -559.15 2575.6 106.23 -566.39 2600 99.904 -518.01 2717.3 61.727
1.95 -560.55 2585.6 106.08 -568.04 2611.3 99.237 -517.83 2728.2 61.193
1.9583 -561.91 2595.5 105.93 -569.62 2622.7 98.604 -517.61 2739.1 60.636
1.9667 -563.23 2605.5 105.76 -571.11 2634 98.011 -517.35 2749.8 60.06
1.975 -564.51 2615.5 105.59 -572.53 2645.4 97.458 -517.07 2760.5 59.468
1.9833 -565.73 2625.5 105.42 -573.88 2656.8 96.945 -516.76 2771.1 58.864
1.9917 -566.89 2635.5 105.25 -575.15 2668.2 96.469 -516.42 2781.7 58.253
2 -567.97 2645.6 105.09 -576.36 2679.6 96.025 -516.07 2792.3 57.639
2.0083 -568.96 2655.8 104.93 -577.48 2691.1 95.61 -515.68 2802.8 57.027
2.0167 -569.86 2666.2 104.78 -578.52 2702.7 95.218 -515.27 2813.3 56.423
2.025 -570.64 2676.7 104.63 -579.47 2714.3 94.846 -514.84 2823.8 55.834
2.0333 -571.32 2687.3 104.49 -580.31 2726 94.49 -514.39 2834.4 55.263
2.0417 -571.87 2698.1 104.35 -581.05 2737.7 94.149 -513.91 2845 54.716
2.05 -572.3 2709.1 104.21 -581.66 2749.5 93.824 -513.42 2855.5 54.197
2.0583 -572.62 2720.3 104.07 -582.13 2761.3 93.518 -512.91 2866.2 53.71
2.0667 -572.83 2731.6 103.94 -582.47 2773.1 93.228 -512.38 2876.8 53.257
2.075 -572.94 2743.1 103.8 -582.66 2784.9 92.959 -511.84 2887.5 52.837
2.0833 -572.99 2754.8 103.67 -582.68 2796.7 92.721 -511.28 2898.2 52.451
2.0917 -573.02 2766.6 103.55 -582.55 2808.5 92.507 -510.69 2908.9 52.095
2.1 -573.05 2778.6 103.42 -582.24 2820.2 92.325 -510.05 2919.6 51.767
2.1083 -573.12 2790.5 103.29 -581.76 2831.9 92.171 -509.35 2930.3 51.462
2.1167 -573.24 2802.6 103.14 -581.11 2843.6 92.044 -508.57 2941.1 51.176
2.125 -573.41 2814.6 102.98 -580.29 2855.3 91.938 -507.69 2951.8 50.904
2.1333 -573.63 2826.7 102.8 -579.29 2867 91.845 -506.69 2962.6 50.642
2.1417 -573.89 2838.8 102.61 -578.11 2878.7 91.76 -505.56 2973.4 50.389
2.15 -574.2 2851 102.41 -576.75 2890.4 91.672 -504.27 2984.2 50.141
2.1583 -574.55 2863.3 102.2 -575.22 2902.1 91.573 -502.83 2995 49.898
2.1667 -574.91 2875.8 102.01 -573.53 2913.9 91.459 -501.22 3005.9 49.662
2.175 -575.27 2888.4 101.81 -571.67 2925.7 91.319 -499.46 3016.8 49.434
2.1833 -575.57 2901.1 101.62 -569.66 2937.4 91.153 -497.54 3027.7 49.215
2.1917 -575.77 2914.1 101.42 -567.52 2949.3 90.959 -495.47 3038.6 49.006
2.2 -575.82 2927.1 101.19 -565.26 2961.1 90.737 -493.29 3049.6 48.808
2.2083 -575.67 2940.2 100.93 -562.92 2972.8 90.49 -490.99 3060.6 48.621
2.2167 -575.28 2953.2 100.63 -560.5 2984.6 90.222 -488.59 3071.5 48.444
2.225 -574.65 2966.2 100.29 -558.05 2996.3 89.936 -486.12 3082.4 48.271
2.2333 -573.76 2979.1 99.898 -555.59 3008 89.637 -483.58 3093.2 48.099
2.2417 -572.61 2991.8 99.461 -553.15 3019.5 89.33 -480.98 3104 47.922
2.25 -571.2 3004.2 98.981 -550.76 3031 89.019 -478.33 3114.7 47.734
2.2583 -569.55 3016.4 98.463 -548.43 3042.5 88.704 -475.63 3125.2 47.529
2.2667 -567.69 3028.4 97.913 -546.19 3053.8 88.388 -472.89 3135.7 47.3
2.275 -565.66 3040 97.332 -544.03 3065 88.07 -470.1 3146.1 47.045
2.2833 -563.5 3051.5 96.725 -541.97 3076.1 87.749 -467.26 3156.3 46.763
2.2917 -561.24 3062.8 96.092 -540 3087 87.421 -464.38 3166.5 46.452
2.3 -558.9 3073.9 95.431 -538.11 3097.8 87.084 -461.45 3176.6 46.116
2.3083 -556.46 3085 94.739 -536.27 3108.4 86.734 -458.5 3186.6 45.76
2.3167 -553.92 3096 94.012 -534.49 3118.8 86.37 -455.51 3196.6 45.388
2.325 -551.24 3106.9 93.246 -532.72 3129 85.986 -452.5 3206.6 45.008
2.3333 -548.4 3117.9 92.438 -530.96 3139.1 85.582 -449.49 3216.6 44.626
2.3417 -545.4 3128.8 91.586 -529.18 3148.9 85.154 -446.48 3226.5 44.249
2.35 -542.22 3139.7 90.688 -527.36 3158.6 84.705 -443.48 3236.4 43.883
2.3583 -538.91 3150.4 89.75 -525.5 3168.2 84.224 -440.5 3246.3 43.531
2.3667 -535.46 3161.1 88.77 -523.57 3177.7 83.72 -437.55 3256.1 43.195
2.375 -531.92 3171.6 87.756 -521.57 3187.1 83.189 -434.63 3265.9 42.876
2.3833 -528.35 3181.8 86.712 -519.49 3196.5 82.632 -431.74 3275.7 42.574
2.3917 -524.76 3191.9 85.647 -517.32 3205.8 82.046 -428.86 3285.3 42.285
2.4 -521.22 3201.8 84.568 -515.07 3215.2 81.434 -426 3294.9 42.008
2.4083 -517.75 3211.4 83.48 -512.74 3224.6 80.794 -423.13 3304.3 41.737
2.4167 -514.36 3220.8 82.387 -510.32 3234 80.124 -420.26 3313.7 41.47
2.425 -511.06 3230.1 81.291 -507.82 3243.4 79.426 -417.36 3323 41.202
2.4333 -507.83 3239.2 80.192 -505.23 3252.9 78.697 -414.43 3332.1 40.931
2.4417 -504.66 3248.2 79.09 -502.57 3262.5 77.938 -411.45 3341.2 40.653
2.45 -501.52 3257.1 77.977 -499.83 3272 77.149 -408.42 3350.2 40.367
2.4583 -498.36 3266 76.849 -497 3281.6 76.331 -405.32 3359.2 40.069
2.4667 -495.18 3274.9 75.701 -494.1 3291.1 75.486 -402.14 3368 39.759
2.475 -491.95 3283.7 74.525 -491.11 3300.7 74.615 -398.88 3376.8 39.435
2.4833 -488.67 3292.6 73.319 -488.02 3310.2 73.721 -395.54 3385.5 39.094
2.4917 -485.34 3301.5 72.082 -484.85 3319.7 72.804 -392.1 3394.2 38.736
2.5 -481.97 3310.5 70.817 -481.6 3329.2 71.858 -388.56 3402.9 38.357
2.5083 -478.6 3319.5 69.533 -478.3 3338.7 70.853 -384.91 3411.5 37.957
2.5167 -475.22 3328.5 68.24 -474.92 3348.1 69.823 -381.15 3420.1 37.534
2.525 -471.87 3337.6 66.97 -471.42 3357.5 68.777 -377.26 3428.6 37.085
2.5333 -468.53 3346.8 65.706 -467.73 3367.1 67.766 -373.26 3437.2 36.613
2.5417 -465.22 3356 64.48 -463.8 3376.8 66.81 -369.13 3445.7 36.119
2.55 -461.95 3365.1 63.326 -460.05 3386.6 65.821 -364.83 3454.2 35.59
2.5583 -458.65 3374.4 62.214 -455.67 3396.6 65.033 -360.5 3462.8 35.062
2.5667 -455.37 3383.7 61.208 -451.39 3406.7 64.208 -356.01 3471.3 34.51
2.575 -452.06 3393.1 60.291 -447.14 3416.7 63.374 -351.42 3479.8 33.945
2.5833 -448.73 3402.5 59.443 -442.83 3426.8 62.571 -346.73 3488.3 33.371
2.5917 -445.35 3411.9 58.675 -438.48 3436.8 61.777 -341.96 3496.8 32.791
2.6 -441.91 3421.4 57.961 -434.06 3446.8 61.01 -337.12 3505.3 32.209
2.6083 -438.4 3431 57.298 -429.62 3456.7 60.236 -332.21 3513.9 31.627
2.6167 -434.97 3440.2 56.688 -425.27 3466.7 59.444 -327.24 3522.4 31.039
2.625 -431.18 3450.1 56.017 -420.69 3476.6 58.8 -322.26 3531 30.463
2.6333 -427.38 3459.8 55.384 -415.8 3486.6 58.186 -317.19 3539.6 29.898
2.6417 -423.47 3469.5 54.725 -410.98 3496.6 57.566 -312.06 3548.2 29.335
2.65 -419.43 3479.3 54.049 -406.2 3506.5 56.928 -306.84 3557 28.768
2.6583 -415.3 3489.2 53.367 -401.37 3516.4 56.301 -301.52 3565.7 28.199
2.6667 -411 3499.1 52.665 -396.42 3526.4 55.688 -296.09 3574.6 27.633
2.675 -406.57 3509.1 51.971 -391.64 3536.3 55.072 -290.49 3583.5 27.059
2.6833 -402.02 3519.2 51.286 -386.76 3546.2 54.454 -284.76 3592.5 26.48
2.6917 -397.36 3529.3 50.635 -381.9 3556.2 53.828 -278.85 3601.6 25.894
2.7 -392.59 3539.6 50.024 -376.91 3566.2 53.248 -272.8 3610.7 25.305
2.7083 -387.74 3549.9 49.458 -372.01 3576.2 52.624 -266.57 3619.8 24.708
2.7167 -382.81 3560.3 48.937 -367.07 3586.2 51.994 -260.2 3629 24.107
2.725 -377.81 3570.7 48.45 -362.08 3596.1 51.362 -253.7 3638 23.504
2.7333 -372.78 3581 47.978 -357.01 3606.1 50.714 -247.09 3647.1 22.902
2.7417 -367.73 3591.2 47.496 -351.9 3616 50.029 -240.38 3656 22.302
2.75 -362.75 3601.1 46.969 -346.69 3625.8 49.264 -233.59 3664.8 21.708
2.7583 -357.7 3610.8 46.396 -341.44 3635.5 48.506 -226.74 3673.5 21.112
2.7667 -352.75 3620.4 45.695 -335.66 3645.2 47.797 -219.86 3682.1 20.55
2.775 -347.91 3629.6 44.9 -329.68 3654.8 47.031 -212.91 3690.5 19.995
2.7833 -343.13 3638.5 43.984 -323.71 3664.2 46.148 -205.88 3698.8 19.453
2.7917 -338.46 3647.2 42.952 -317.42 3673.6 45.252 -198.75 3706.9 18.928
2.8 -333.85 3655.6 41.814 -310.79 3682.7 44.308 -191.52 3714.9 18.423
2.8083 -329.28 3663.7 40.59 -304.08 3691.5 43.228 -184.14 3722.8 17.935
2.8167 -324.71 3671.7 39.308 -297.28 3699.9 42.057 -176.59 3730.4 17.463
2.825 -320.08 3679.4 38.001 -290.39 3708.2 40.822 -168.85 3737.9 17.006
2.8333 -315.34 3687 36.703 -283.42 3716.2 39.535 -160.91 3745.2 16.561
2.8417 -310.45 3694.4 35.45 -276.43 3723.9 38.21 -152.75 3752.3 16.123
2.85 -305.38 3701.6 34.27 -269.41 3731.4 36.858 -144.4 3759.2 15.69
2.8583 -300.1 3708.5 33.19 -262.38 3738.6 35.492 -135.86 3765.9 15.258
2.8667 -294.61 3715.1 32.224 -255.35 3745.6 34.125 -127.16 3772.2 14.821
2.875 -288.94 3721.4 31.376 -248.32 3752.4 32.766 -118.35 3778.3 14.378
2.8833 -283.1 3727.5 30.64 -241.28 3759 31.424 -109.46 3784.2 13.923
2.8917 -277.15 3733.2 29.997 -234.19 3765.4 30.106 -100.52 3789.7 13.457
2.9 -271.12 3738.6 29.426 -227.06 3771.6 28.814 -91.587 3794.9 12.976
2.9083 -265.05 3743.7 28.898 -219.84 3777.6 27.552 -82.679 3799.9 12.482
2.9167 -258.96 3748.7 28.389 -212.53 3783.5 26.323 -73.823 3804.6 11.975
2.925 -252.86 3753.5 27.875 -205.09 3789.3 25.124 -65.035 3809.1 11.457
2.9333 -246.77 3758.1 27.339 -197.52 3794.9 23.959 -56.317 3813.3 10.932
2.9417 -240.69 3762.8 26.774 -189.81 3800.3 22.83 -47.669 3817.3 10.403
2.95 -234.61 3767.3 26.179 -181.96 3805.7 21.738 -39.081 3821.2 9.8754
2.9583 -228.53 3772 25.558 -173.96 3810.9 20.686 -30.541 3824.9 9.3522
2.9667 -222.44 3776.6 24.922 -165.83 3815.9 19.679 -22.033 3828.5 8.8382
2.975 -216.34 3781.3 24.284 -157.57 3820.9 18.72 -13.544 3831.9 8.3377
2.9833 -210.21 3786 23.657 -149.2 3825.7 17.812 -5.0632 3835.2 7.8531
2.9917 -204.05 3790.8 23.054 -140.74 3830.4 16.963 3.4178 3838.5 7.3862
3 -197.86 3795.6 22.485 -132.21 3834.9 16.175 11.904 3841.6 6.9372
3.0083 -191.64 3800.3 21.955 -123.6 3839.4 15.437 20.398 3844.6 6.5054
3.0167 -185.38 3805.1 21.465 -114.94 3843.7 14.763 28.902 3847.6 6.0888
3.025 -179.1 3809.8 21.012 -106.25 3847.9 14.147 37.416 3850.4 5.6846
3.0333 -172.78 3814.4 20.589 -97.524 3852 13.587 45.943 3853.1 5.2889
3.0417 -166.43 3819 20.186 -88.77 3856.1 13.078 54.488 3855.8 4.8982
3.05 -160.04 3823.6 19.794 -79.985 3860 12.613 63.058 3858.3 4.5094
3.0583 -153.59 3828 19.405 -71.165 3863.9 12.19 71.665 3860.8 4.1201
3.0667 -147.07 3832.3 19.015 -62.303 3867.6 11.801 80.318 3863.2 3.7284
3.075 -140.44 3836.5 18.627 -53.385 3871.3 11.441 89.031 3865.5 3.3346
3.0833 -133.68 3840.6 18.246 -44.393 3874.9 11.105 97.812 3867.7 2.94
3.0917 -126.76 3844.6 17.885 -35.314 3878.5 10.789 106.67 3869.9 2.5458
3.1 -119.64 3848.4 17.557 -26.125 3881.9 10.488 115.61 3872 2.1561
3.1083 -112.31 3852 17.277 -16.811 3885.2 10.2 124.63 3874 1.7743
3.1167 -104.74 3855.6 17.057 -7.3493 3888.4 9.9216 133.72 3876 1.4037
3.125 -96.938 3859 16.905 2.2716 3891.5 9.6521 142.89 3877.9 1.0484
3.1333 -88.906 3862.3 16.82 12.067 3894.5 9.3885 152.11 3879.8 0.71067
3.1417 -80.653 3865.5 16.795 22.045 3897.4 9.1296 161.39 3881.6 0.39169
3.15 -72.19 3868.7 16.817 32.212 3900.2 8.8734 170.72 3883.3 0.091672
3.1583 -63.523 3871.7 16.869 42.565 3902.8 8.6214 180.11 3884.9 359.81
3.1667 -54.651 3874.7 16.93 53.12 3905.3 8.3627 189.57 3886.5 359.54
3.175 -45.567 3877.6 16.981 63.859 3907.7 8.104 199.11 3888 359.29
3.1833 -36.253 3880.4 17.005 74.786 3910 7.8404 208.76 3889.4 359.04
3.1917 -26.689 3883.1 16.989 85.892 3912.2 7.5733 218.54 3890.7 358.8
3.2 -16.85 3885.7 16.928 97.194 3914.3 7.2922 228.49 3891.9 358.56
3.2083 -6.7109 3888.2 16.82 108.67 3916.2 7.0055 238.62 3893 358.32
3.2167 3.7484 3890.6 16.671 120.32 3918 6.7124 248.95 3894 358.08
3.225 14.534 3892.8 16.492 132.15 3919.7 6.4049 259.5 3894.9 357.85
3.2333 25.653 3895 16.291 144.14 3921.2 6.0912 270.25 3895.8 357.63
3.2417 37.091 3897.1 16.083 156.29 3922.5 5.7702 281.2 3896.5 357.42
3.25 48.833 3899.2 15.873 168.56 3923.6 5.4454 292.32 3897.2 357.23
3.2583 60.835 3901.2 15.672 180.95 3924.6 5.1119 303.56 3897.8 357.05
3.2667 73.069 3903.1 15.478 193.4 3925.5 4.7789 314.88 3898.4 356.89
3.275 85.493 3904.9 15.288 205.88 3926.2 4.4502 326.23 3898.9 356.76
3.2833 98.034 3906.7 15.101 218.34 3926.8 4.122 337.56 3899.4 356.65
3.2917 110.65 3908.5 14.904 230.72 3927.3 3.8057 348.83 3899.9 356.55
3.3 123.28 3910.1 14.688 242.97 3927.7 3.5043 359.99 3900.4 356.46
3.3083 135.85 3911.7 14.444 255.03 3928.2 3.2231 371.02 3900.9 356.37
3.3167 148.31 3913.1 14.161 266.85 3928.6 2.9677 381.9 3901.4 356.27
3.325 160.6 3914.5 13.834 278.4 3929.2 2.7433 392.62 3901.9 356.15
3.3333 172.69 3915.7 13.454 289.64 3929.8 2.5547 403.18 3902.4 356.01
3.3417 184.55 3916.9 13.018 300.55 3930.5 2.4048 413.58 3902.9 355.84
3.35 196.19 3918 12.522 311.13 3931.3 2.2957 423.85 3903.4 355.64
3.3583 207.63 3919.1 11.971 321.38 3932.2 2.2266 433.97 3904 355.41
3.3667 218.91 3920.2 11.369 331.34 3933.3 2.1961 443.98 3904.6 355.17
3.375 230.08 3921.3 10.724 341.03 3934.4 2.2008 453.86 3905.1 354.91
3.3833 241.18 3922.3 10.051 350.48 3935.5 2.2356 463.63 3905.8 354.66
3.3917 252.25 3923.4 9.3655 359.75 3936.7 2.294 473.27 3906.4 354.41
3.4 263.32 3924.5 8.6856 368.86 3938 2.3708 482.79 3907.1 354.18
3.4083 274.4 3925.5 8.0253 377.86 3939.2 2.4596 492.19 3907.8 353.98
3.4167 285.49 3926.6 7.3975 386.78 3940.4 2.5541 501.46 3908.6 353.82
3.425 296.58 3927.7 6.8116 395.66 3941.6 2.6502 510.61 3909.4 353.68
3.4333 307.66 3928.7 6.275 404.5 3942.8 2.7455 519.64 3910.3 353.58
3.4417 318.71 3929.8 5.7896 413.33 3943.9 2.8349 528.57 3911.3 353.52
3.45 329.71 3930.7 5.358 422.16 3945.1 2.9213 537.41 3912.3 353.47
3.4583 340.63 3931.7 4.9781 430.99 3946.2 3.0056 546.2 3913.3 353.44
3.4667 351.47 3932.6 4.6452 439.83 3947.3 3.0878 554.96 3914.4 353.42
3.475 362.2 3933.5 4.3546 448.68 3948.4 3.1713 563.71 3915.5 353.4
3.4833 372.85 3934.3 4.0997 457.55 3949.5 3.2576 572.47 3916.7 353.38
3.4917 383.42 3935 3.8734 466.45 3950.7 3.3511 581.27 3917.9 353.36
3.5 393.93 3935.7 3.6679 475.38 3951.8 3.4495 590.12 3919.1 353.33
3.5083 404.41 3936.4 3.4756 484.35 3952.9 3.5523 599.02 3920.4 353.29
3.5167 414.88 3937.1 3.2884 493.39 3954.1 3.66 607.98 3921.6 353.26
