0.0083333 -16.039 0.031143 98.341 -42.036 63.894 90.495 -15.246 160.65 82.445
0.016667 -15.332 7.5264 98.498 -41.71 71.575 90.484 -14.891 168.31 82.442
0.025 -14.577 15.267 98.688 -41.339 79.308 90.482 -14.517 175.98 82.438
0.033333 -13.785 23.251 98.908 -40.919 87.088 90.489 -14.123 183.69 82.437
0.041667 -12.97 31.469 99.15 -40.451 94.911 90.506 -13.708 191.44 82.441
0.05 -12.136 39.906 99.402 -39.934 102.78 90.534 -13.272 199.26 82.453
0.058333 -11.295 48.537 99.651 -39.37 110.7 90.574 -12.816 207.18 82.475
0.066667 -10.448 57.338 99.883 -38.764 118.68 90.627 -12.343 215.21 82.51
0.075 -9.6014 66.281 100.09 -38.121 126.73 90.692 -11.858 223.38 82.558
0.083333 -8.7611 75.335 100.25 -37.449 134.85 90.769 -11.368 231.72 82.62
0.091667 -7.9347 84.474 100.36 -36.761 143.07 90.857 -10.882 240.22 82.693
0.1 -7.1304 93.672 100.43 -36.068 151.36 90.955 -10.41 248.89 82.775
0.10833 -6.3553 102.9 100.46 -35.389 159.75 91.062 -9.9648 257.71 82.865
0.11667 -5.6112 112.15 100.46 -34.74 168.21 91.176 -9.5601 266.66 82.957
0.125 -4.9032 121.37 100.43 -34.14 176.73 91.302 -9.2096 275.7 83.049
0.13333 -4.2185 130.56 100.39 -33.609 185.3 91.437 -8.9277 284.79 83.137
0.14167 -3.5489 139.69 100.36 -33.166 193.9 91.587 -8.7281 293.89 83.218
0.15 -2.883 148.74 100.35 -32.825 202.5 91.753 -8.6232 302.96 83.29
0.15833 -2.2109 157.69 100.38 -32.6 211.08 91.942 -8.6255 311.95 83.353
0.16667 -1.5288 166.52 100.45 -32.501 219.62 92.157 -8.7449 320.85 83.409
0.175 -0.83706 175.22 100.58 -32.531 228.1 92.406 -8.9902 329.63 83.458
0.18333 -0.14429 183.79 100.76 -32.691 236.5 92.691 -9.3685 338.29 83.505
0.19167 0.53461 192.22 101 -32.978 244.81 93.017 -9.8855 346.84 83.552
0.2 1.175 200.53 101.29 -33.386 253.03 93.386 -10.546 355.29 83.605
0.20833 1.7432 208.72 101.61 -33.903 261.16 93.799 -11.353 363.66 83.667
0.21667 2.1931 216.8 101.95 -34.522 269.19 94.255 -12.308 371.97 83.743
0.225 2.4768 224.77 102.3 -35.23 277.14 94.752 -13.416 380.26 83.837
0.23333 2.5565 232.63 102.64 -36.017 285.02 95.286 -14.675 388.55 83.949
0.24167 2.42 240.36 102.96 -36.876 292.83 95.853 -16.09 396.85 84.082
0.25 2.0723 247.99 103.26 -37.8 300.59 96.447 -17.66 405.17 84.237
0.25833 1.5195 255.5 103.54 -38.786 308.3 97.065 -19.39 413.52 84.414
0.26667 0.77562 262.9 103.81 -39.835 315.98 97.701 -21.281 421.9 84.61
0.275 -0.13997 270.2 104.07 -40.948 323.63 98.354 -23.334 430.3 84.825
0.28333 -1.2087 277.4 104.32 -42.13 331.25 99.02 -25.551 438.71 85.057
0.29167 -2.4014 284.51 104.59 -43.388 338.86 99.7 -27.935 447.12 85.304
0.3 -3.705 291.53 104.89 -44.727 346.45 100.39 -30.483 455.52 85.563
0.30833 -5.0971 298.47 105.21 -46.154 354.02 101.1 -33.194 463.9 85.832
0.31667 -6.5755 305.32 105.57 -47.675 361.58 101.82 -36.065 472.27 86.11
0.325 -8.1558 312.11 105.97 -49.295 369.13 102.56 -39.089 480.61 86.394
0.33333 -9.8338 318.82 106.42 -51.018 376.67 103.31 -42.26 488.93 86.681
0.34167 -11.612 325.5 106.9 -52.847 384.2 104.07 -45.567 497.23 86.969
0.35 -13.484 332.17 107.4 -54.783 391.72 104.85 -49 505.52 87.256
0.35833 -15.427 338.84 107.92 -56.827 399.23 105.63 -52.548 513.8 87.539
0.36667 -17.422 345.57 108.44 -58.98 406.74 106.42 -56.2 522.08 87.815
0.375 -19.451 352.36 108.96 -61.242 414.25 107.21 -59.944 530.35 88.082
0.38333 -21.498 359.24 109.47 -63.611 421.76 107.98 -63.771 538.61 88.338
0.39167 -23.55 366.21 109.96 -66.088 429.28 108.75 -67.673 546.84 88.581
0.4 -25.597 373.28 110.43 -68.672 436.81 109.49 -71.645 555.05 88.812
0.40833 -27.634 380.44 110.88 -71.363 444.34 110.22 -75.683 563.22 89.03
0.41667 -29.659 387.69 111.31 -74.162 451.89 110.92 -79.785 571.34 89.236
0.425 -31.674 395 111.72 -77.071 459.46 111.59 -83.953 579.39 89.433
0.43333 -33.689 402.35 112.11 -80.09 467.03 112.24 -88.187 587.38 89.622
0.44167 -35.715 409.74 112.49 -83.221 474.61 112.86 -92.489 595.29 89.805
0.45 -37.774 417.15 112.85 -86.463 482.21 113.45 -96.86 603.14 89.985
0.45833 -39.89 424.57 113.21 -89.812 489.8 114.01 -101.3 610.91 90.163
0.46667 -42.09 432 113.55 -93.268 497.4 114.55 -105.81 618.63 90.338
0.475 -44.401 439.43 113.88 -96.824 505.01 115.06 -110.39 626.3 90.51
0.48333 -46.848 446.88 114.21 -100.48 512.62 115.55 -115.02 633.94 90.676
0.49167 -49.456 454.35 114.52 -104.23 520.23 116.02 -119.72 641.56 90.833
0.5 -52.235 461.87 114.81 -108.07 527.86 116.47 -124.47 649.18 90.978
0.50833 -55.196 469.45 115.1 -112.01 535.51 116.9 -129.26 656.8 91.106
0.51667 -58.337 477.1 115.37 -116.04 543.18 117.3 -134.09 664.44 91.213
0.525 -61.661 484.84 115.63 -120.17 550.88 117.68 -138.96 672.1 91.297
0.53333 -65.162 492.69 115.89 -124.41 558.62 118.03 -143.87 679.79 91.354
0.54167 -68.844 500.64 116.12 -128.76 566.42 118.37 -148.82 687.5 91.386
0.55 -72.706 508.71 116.36 -133.24 574.27 118.67 -153.82 695.24 91.393
0.55833 -76.752 516.88 116.58 -137.85 582.18 118.96 -158.86 702.99 91.379
0.56667 -80.987 525.16 116.8 -142.59 590.16 119.22 -163.97 710.74 91.346
0.575 -85.42 533.53 117.02 -147.48 598.21 119.47 -169.13 718.51 91.299
0.58333 -90.059 541.97 117.23 -152.52 606.33 119.69 -174.37 726.29 91.243
0.59167 -94.913 550.48 117.44 -157.71 614.5 119.9 -179.69 734.07 91.179
0.6 -99.993 559.03 117.65 -163.04 622.74 120.11 -185.08 741.86 91.11
0.60833 -105.31 567.63 117.86 -168.52 631.02 120.3 -190.56 749.68 91.034
0.61667 -110.87 576.27 118.06 -174.13 639.34 120.48 -196.1 757.53 90.947
0.625 -116.68 584.95 118.24 -179.87 647.69 120.66 -201.71 765.44 90.845
0.63333 -122.75 593.69 118.41 -185.73 656.06 120.83 -207.38 773.41 90.722
0.64167 -129.08 602.5 118.55 -191.7 664.45 121 -213.09 781.47 90.569
0.65 -135.65 611.39 118.67 -197.78 672.86 121.16 -218.84 789.63 90.381
0.65833 -142.46 620.37 118.76 -203.95 681.27 121.32 -224.62 797.91 90.151
0.66667 -149.48 629.45 118.83 -210.22 689.71 121.47 -230.41 806.31 89.878
0.675 -156.7 638.6 118.88 -216.58 698.17 121.61 -236.23 814.84 89.56
0.68333 -164.09 647.83 118.93 -223.02 706.66 121.73 -242.06 823.49 89.202
0.69167 -171.62 657.11 118.98 -229.54 715.2 121.84 -247.91 832.26 88.811
0.7 -179.27 666.41 119.06 -236.12 723.78 121.93 -253.78 841.14 88.397
0.70833 -187.01 675.7 119.16 -242.77 732.43 122.01 -259.68 850.1 87.971
0.71667 -194.82 684.93 119.29 -249.45 741.15 122.05 -265.59 859.12 87.547
0.725 -202.67 694.09 119.47 -256.16 749.94 122.07 -271.53 868.18 87.138
0.73333 -210.53 703.13 119.68 -262.86 758.81 122.05 -277.49 877.25 86.752
0.74167 -218.36 712.04 119.92 -269.54 767.75 122 -283.44 886.32 86.399
0.75 -226.12 720.8 120.17 -276.14 776.74 121.91 -289.38 895.36 86.081
0.75833 -233.76 729.41 120.43 -282.66 785.79 121.78 -295.27 904.36 85.798
0.76667 -241.22 737.87 120.65 -289.05 794.87 121.6 -301.09 913.32 85.545
0.775 -248.43 746.2 120.84 -295.3 803.97 121.38 -306.79 922.22 85.314
0.78333 -255.33 754.43 120.97 -301.37 813.07 121.11 -312.36 931.07 85.094
0.79167 -261.86 762.59 121.03 -307.25 822.14 120.79 -317.75 939.88 84.871
0.8 -267.99 770.72 121.02 -312.93 831.18 120.42 -322.92 948.66 84.634
0.80833 -273.76 778.84 120.95 -318.4 840.17 120.01 -327.87 957.42 84.369
0.81667 -279.23 786.97 120.82 -323.68 849.08 119.56 -332.56 966.19 84.066
0.825 -284.43 795.12 120.65 -328.77 857.93 119.07 -336.98 974.96 83.716
0.83333 -289.38 803.28 120.45 -333.68 866.7 118.54 -341.14 983.76 83.315
0.84167 -294.12 811.44 120.22 -338.44 875.39 117.98 -345.03 992.58 82.861
0.85 -298.66 819.61 119.97 -343.05 884.01 117.39 -348.66 1001.4 82.353
0.85833 -303.02 827.77 119.71 -347.55 892.58 116.77 -352.05 1010.3 81.796
0.86667 -307.23 835.92 119.46 -351.95 901.1 116.13 -355.21 1019.2 81.194
0.875 -311.3 844.05 119.22 -356.25 909.6 115.47 -358.16 1028.1 80.551
0.88333 -315.26 852.18 118.98 -360.47 918.09 114.79 -360.92 1037 79.874
0.89167 -319.11 860.3 118.75 -364.6 926.59 114.11 -363.5 1045.9 79.168
0.9 -322.87 868.41 118.53 -368.63 935.11 113.41 -365.92 1054.7 78.438
0.90833 -326.54 876.51 118.31 -372.57 943.66 112.7 -368.19 1063.5 77.688
0.91667 -330.13 884.6 118.09 -376.41 952.27 112 -370.32 1072.3 76.921
0.925 -333.66 892.68 117.84 -380.12 960.92 111.29 -372.32 1081 76.14
0.93333 -337.13 900.72 117.58 -383.7 969.63 110.6 -374.19 1089.6 75.35
0.94167 -340.56 908.74 117.28 -387.14 978.38 109.9 -375.94 1098.1 74.552
0.95 -343.94 916.72 116.94 -390.43 987.18 109.22 -377.58 1106.7 73.749
0.95833 -347.29 924.66 116.57 -393.59 996.02 108.55 -379.11 1115.1 72.946
0.96667 -350.62 932.58 116.15 -396.61 1004.9 107.89 -380.52 1123.6 72.144
0.975 -353.95 940.48 115.71 -399.5 1013.8 107.23 -381.84 1132 71.348
0.98333 -357.29 948.37 115.24 -402.28 1022.7 106.59 -383.05 1140.4 70.56
0.99167 -360.65 956.29 114.76 -404.95 1031.6 105.96 -384.17 1148.7 69.784
1 -364.04 964.26 114.27 -407.53 1040.5 105.33 -385.2 1157.1 69.021
1.0083 -367.44 972.3 113.8 -410.02 1049.4 104.71 -386.13 1165.5 68.273
1.0167 -370.85 980.43 113.35 -412.44 1058.4 104.1 -386.98 1173.9 67.54
1.025 -374.24 988.68 112.93 -414.79 1067.3 103.49 -387.74 1182.2 66.824
1.0333 -377.58 997.04 112.54 -417.05 1076.2 102.89 -388.42 1190.6 66.123
1.0417 -380.82 1005.5 112.19 -419.24 1085.2 102.29 -389 1199 65.438
1.05 -383.95 1014.2 111.86 -421.33 1094.2 101.7 -389.51 1207.3 64.768
1.0583 -386.91 1022.9 111.56 -423.32 1103.1 101.13 -389.92 1215.7 64.112
1.0667 -389.7 1031.8 111.27 -425.19 1112.1 100.58 -390.25 1224 63.47
1.075 -392.3 1040.8 110.97 -426.92 1121.1 100.05 -390.49 1232.3 62.841
1.0833 -394.71 1049.9 110.66 -428.51 1130.1 99.544 -390.65 1240.6 62.227
1.0917 -396.95 1059.1 110.33 -429.93 1139.1 99.072 -390.72 1248.9 61.626
1.1 -399.08 1068.4 109.98 -431.18 1148.1 98.63 -390.7 1257.2 61.04
1.1083 -401.13 1077.8 109.59 -432.26 1157.1 98.221 -390.59 1265.5 60.467
1.1167 -403.17 1087.4 109.16 -433.16 1166 97.841 -390.39 1273.7 59.908
1.125 -405.25 1097 108.7 -433.88 1175 97.488 -390.09 1282 59.363
1.1333 -407.4 1106.8 108.22 -434.43 1183.9 97.156 -389.68 1290.4 58.83
1.1417 -409.63 1116.6 107.71 -434.82 1192.8 96.838 -389.16 1298.7 58.308
1.15 -411.95 1126.6 107.19 -435.04 1201.6 96.53 -388.51 1307 57.796
1.1583 -414.33 1136.7 106.68 -435.12 1210.4 96.22 -387.73 1315.4 57.291
1.1667 -416.74 1147 106.18 -435.05 1219.3 95.907 -386.82 1323.8 56.791
1.175 -419.12 1157.4 105.7 -434.85 1228.1 95.587 -385.76 1332.1 56.292
1.1833 -421.45 1168 105.25 -434.53 1236.8 95.256 -384.56 1340.5 55.793
1.1917 -423.66 1178.7 104.84 -434.1 1245.6 94.915 -383.23 1348.8 55.29
1.2 -425.73 1189.5 104.46 -433.57 1254.4 94.564 -381.75 1357.1 54.778
1.2083 -427.61 1200.4 104.11 -432.96 1263.2 94.207 -380.15 1365.3 54.255
1.2167 -429.29 1211.2 103.79 -432.28 1272 93.847 -378.42 1373.4 53.717
1.225 -430.77 1221.9 103.48 -431.56 1280.8 93.488 -376.59 1381.4 53.159
1.2333 -432.06 1232.4 103.17 -430.82 1289.6 93.132 -374.67 1389.3 52.577
1.2417 -433.17 1242.8 102.85 -430.08 1298.4 92.782 -372.67 1397.1 51.969
1.25 -434.11 1253 102.51 -429.36 1307.2 92.436 -370.59 1404.7 51.33
1.2583 -434.9 1262.9 102.15 -428.69 1316 92.094 -368.45 1412.2 50.659
1.2667 -435.55 1272.5 101.75 -428.09 1324.8 91.749 -366.26 1419.5 49.955
1.275 -436.08 1281.9 101.31 -427.57 1333.5 91.398 -364.02 1426.8 49.221
1.2833 -436.49 1291.1 100.83 -427.14 1342.2 91.032 -361.73 1433.9 48.458
1.2917 -436.8 1300.1 100.31 -426.8 1350.8 90.644 -359.41 1441 47.671
1.3 -436.99 1309 99.736 -426.53 1359.4 90.225 -357.05 1448 46.865
1.3083 -437.05 1317.8 99.109 -426.33 1367.9 89.768 -354.65 1454.9 46.048
1.3167 -436.96 1326.6 98.428 -426.18 1376.3 89.268 -352.22 1461.9 45.224
1.325 -436.68 1335.4 97.688 -426.05 1384.6 88.721 -349.76 1468.8 44.401
1.3333 -436.2 1344.1 96.893 -425.91 1392.8 88.126 -347.28 1475.8 43.584
1.3417 -435.5 1352.9 96.044 -425.74 1400.9 87.484 -344.79 1482.8 42.776
1.35 -434.59 1361.7 95.147 -425.52 1408.9 86.799 -342.29 1489.9 41.981
1.3583 -433.49 1370.5 94.207 -425.22 1416.8 86.075 -339.78 1496.9 41.2
1.3667 -432.22 1379.3 93.234 -424.82 1424.7 85.318 -337.29 1503.9 40.434
1.375 -430.82 1388 92.235 -424.32 1432.5 84.536 -334.8 1511 39.681
1.3833 -429.34 1396.6 91.219 -423.7 1440.2 83.734 -332.33 1517.9 38.939
1.3917 -427.82 1405.1 90.196 -422.97 1447.9 82.921 -329.88 1524.9 38.207
1.4 -426.28 1413.5 89.168 -422.12 1455.6 82.097 -327.45 1531.7 37.482
1.4083 -424.76 1421.7 88.141 -421.16 1463.4 81.267 -325.04 1538.5 36.761
1.4167 -423.26 1429.8 87.115 -420.09 1471.1 80.432 -322.65 1545.2 36.044
1.425 -421.78 1437.7 86.088 -418.91 1478.9 79.591 -320.27 1551.8 35.33
1.4333 -420.3 1445.6 85.056 -417.62 1486.7 78.742 -317.91 1558.3 34.618
1.4417 -418.82 1453.4 84.013 -416.22 1494.5 77.882 -315.54 1564.6 33.908
1.45 -417.3 1461.2 82.954 -414.71 1502.5 77.008 -313.18 1570.9 33.201
1.4583 -415.74 1468.9 81.873 -413.07 1510.4 76.119 -310.81 1577.2 32.496
1.4667 -414.12 1476.7 80.764 -411.32 1518.5 75.212 -308.43 1583.3 31.794
1.475 -412.44 1484.6 79.626 -409.44 1526.6 74.288 -306.03 1589.5 31.095
1.4833 -410.71 1492.5 78.458 -407.44 1534.7 73.344 -303.61 1595.5 30.395
1.4917 -408.97 1500.4 77.265 -405.32 1542.8 72.383 -301.17 1601.6 29.695
1.5 -407.24 1508.5 76.051 -403.08 1550.9 71.4 -298.71 1607.6 28.992
1.5083 -405.55 1516.5 74.827 -400.76 1559.1 70.391 -296.22 1613.7 28.284
1.5167 -403.93 1524.6 73.598 -398.41 1567.1 69.329 -293.7 1619.7 27.569
1.525 -402.39 1532.7 72.375 -395.96 1575.1 68.281 -291.14 1625.7 26.847
1.5333 -400.95 1540.8 71.171 -393.44 1583.2 67.223 -288.56 1631.7 26.116
1.5417 -399.56 1548.9 69.952 -390.82 1591.4 66.26 -285.95 1637.8 25.382
1.55 -398.22 1556.9 68.762 -388.06 1599.7 65.361 -283.3 1643.8 24.642
1.5583 -396.89 1565 67.59 -385.18 1608 64.435 -280.61 1649.9 23.902
1.5667 -395.49 1573.1 66.411 -382.22 1616.2 63.513 -277.88 1656 23.164
1.575 -394.01 1581.2 65.248 -379.19 1624.5 62.609 -275.1 1662.1 22.433
1.5833 -392.39 1589.3 64.103 -376.17 1632.6 61.647 -272.26 1668.2 21.715
1.5917 -390.61 1597.4 62.962 -373.13 1640.7 60.689 -269.35 1674.4 21.007
1.6 -388.68 1605.4 61.843 -370.1 1648.7 59.691 -266.35 1680.5 20.311
1.6083 -386.6 1613.5 60.743 -367.03 1656.8 58.717 -263.25 1686.8 19.628
1.6167 -384.4 1621.5 59.678 -363.98 1664.8 57.702 -260.02 1693 18.956
1.625 -382.11 1629.5 58.651 -360.92 1672.8 56.691 -256.64 1699.3 18.292
1.6333 -379.75 1637.5 57.658 -357.85 1680.8 55.678 -253.1 1705.5 17.632
1.6417 -377.35 1645.4 56.703 -354.8 1688.7 54.654 -249.38 1711.8 16.974
1.65 -374.96 1653.3 55.795 -351.88 1696.4 53.557 -245.48 1718.1 16.32
1.6583 -372.61 1661 54.966 -349 1703.9 52.403 -241.35 1724.5 15.666
1.6667 -370.28 1668.8 54.117 -345.69 1712 51.589 -237.12 1730.8 15.008
1.675 -368.01 1676.4 53.342 -342.62 1719.6 50.58 -232.69 1737.1 14.354
1.6833 -365.77 1683.9 52.603 -339.77 1726.8 49.423 -228.04 1743.4 13.713
1.6917 -363.51 1691.3 51.888 -336.52 1734.2 48.45 -223.39 1749.7 13.076
1.7 -361.36 1698.6 51.144 -333.25 1741.5 47.504 -218.63 1756 12.46
1.7083 -359.04 1705.7 50.43 -329.74 1748.8 46.523 -213.76 1762.3 11.852
1.7167 -356.84 1712.8 49.648 -326.09 1755.8 45.576 -208.88 1768.5 11.281
1.725 -354.44 1719.7 48.873 -322.05 1763.1 44.669 -203.96 1774.7 10.717
1.7333 -352.11 1726.5 48.011 -317.75 1770.2 43.815 -199.08 1780.8 10.192
1.7417 -349.69 1733.2 47.121 -313.16 1777.2 42.916 -194.13 1786.8 9.686
1.75 -347.21 1739.9 46.179 -308.63 1784.3 41.975 -189.17 1792.7 9.1929
1.7583 -344.7 1746.5 45.194 -303.95 1791.4 40.995 -184.17 1798.5 8.7111
1.7667 -342.14 1753 44.167 -299.12 1798.3 39.981 -179.11 1804.1 8.2336
1.775 -339.52 1759.6 43.118 -294.17 1805.1 38.926 -173.93 1809.5 7.7556
1.7833 -336.82 1766.2 42.062 -289.12 1811.7 37.849 -168.62 1814.7 7.273
1.7917 -334 1772.8 41.017 -283.97 1818.3 36.735 -163.13 1819.7 6.7839
1.8 -331.02 1779.4 40 -278.74 1824.6 35.608 -157.45 1824.6 6.2873
1.8083 -327.86 1785.9 39.016 -273.47 1830.8 34.496 -151.55 1829.2 5.7862
1.8167 -324.49 1792.3 38.078 -268.11 1836.7 33.394 -145.41 1833.7 5.282
1.825 -320.89 1798.6 37.188 -262.69 1842.4 32.291 -139.06 1838 4.7824
1.8333 -317.07 1804.7 36.338 -257.25 1847.9 31.187 -132.48 1842.2 4.2911
1.8417 -313.02 1810.5 35.52 -251.73 1853.1 30.103 -125.7 1846.2 3.815
1.85 -308.78 1816.1 34.723 -246.13 1858.1 29.037 -118.74 1850.2 3.359
1.8583 -304.36 1821.3 33.937 -240.41 1862.9 27.994 -111.64 1854 2.9268
1.8667 -299.8 1826.3 33.152 -234.55 1867.5 26.977 -104.42 1857.7 2.5207
1.875 -295.13 1831 32.365 -228.54 1871.9 25.984 -97.121 1861.3 2.1406
1.8833 -290.36 1835.5 31.574 -222.36 1876.2 25.018 -89.757 1864.8 1.7849
1.8917 -285.53 1839.8 30.782 -216.03 1880.3 24.074 -82.353 1868.2 1.4505
1.9 -280.63 1844 29.992 -209.53 1884.3 23.153 -74.924 1871.4 1.1332
1.9083 -275.69 1848.1 29.214 -202.88 1888.1 22.256 -67.48 1874.5 0.82813
1.9167 -270.71 1852.1 28.456 -196.09 1891.8 21.382 -60.024 1877.5 0.53088
1.925 -265.69 1856.1 27.725 -189.19 1895.4 20.534 -52.558 1880.4 0.23742
1.9333 -260.63 1860 27.027 -182.17 1898.9 19.712 -45.078 1883.1 359.95
1.9417 -255.54 1864 26.367 -175.05 1902.2 18.917 -37.582 1885.7 359.65
1.95 -250.41 1867.9 25.744 -167.83 1905.5 18.149 -30.064 1888.2 359.36
1.9583 -245.23 1871.7 25.158 -160.52 1908.7 17.41 -22.524 1890.5 359.06
1.9667 -240 1875.6 24.603 -153.13 1911.8 16.698 -14.959 1892.8 358.77
1.975 -234.71 1879.3 24.073 -145.64 1914.8 16.012 -7.3685 1895 358.48
1.9833 -229.35 1883 23.562 -138.06 1917.7 15.352 0.24656 1897.2 358.2
1.9917 -223.91 1886.6 23.062 -130.38 1920.6 14.714 7.8859 1899.3 357.91
2 -218.38 1890 22.567 -122.61 1923.4 14.097 15.549 1901.4 357.64
2.0083 -212.77 1893.4 22.073 -114.75 1926.2 13.501 23.235 1903.4 357.37
2.0167 -207.05 1896.5 21.578 -106.8 1929 12.925 30.947 1905.4 357.1
2.025 -201.22 1899.6 21.084 -98.781 1931.7 12.37 38.688 1907.3 356.83
2.0333 -195.28 1902.5 20.595 -90.699 1934.4 11.837 46.462 1909.2 356.56
2.0417 -189.23 1905.3 20.117 -82.563 1937 11.329 54.272 1911 356.29
2.05 -183.04 1908 19.657 -74.38 1939.6 10.849 62.125 1912.8 356.01
2.0583 -176.72 1910.6 19.224 -66.152 1942.2 10.399 70.023 1914.5 355.73
2.0667 -170.26 1913.1 18.826 -57.877 1944.6 9.9823 77.971 1916.1 355.44
2.075 -163.64 1915.7 18.47 -49.547 1947.1 9.601 85.97 1917.6 355.15
2.0833 -156.86 1918.1 18.162 -41.142 1949.5 9.2546 94.024 1919.1 354.86
2.0917 -149.9 1920.6 17.906 -32.646 1951.8 8.9435 102.13 1920.5 354.56
2.1 -142.75 1923 17.702 -24.031 1954 8.6643 110.3 1921.8 354.27
2.1083 -135.39 1925.3 17.55 -15.277 1956.1 8.4147 118.53 1923 353.98
2.1167 -127.82 1927.6 17.445 -6.3561 1958.2 8.1894 126.82 1924.1 353.69
2.125 -120.02 1929.8 17.383 2.7487 1960.2 7.9843 135.2 1925.2 353.4
2.1333 -111.97 1932 17.355 12.054 1962 7.7942 143.68 1926.2 353.11
2.1417 -103.65 1934.1 17.354 21.57 1963.8 7.6145 152.27 1927.1 352.83
2.15 -95.043 1936.1 17.373 31.298 1965.4 7.4432 161.01 1927.9 352.54
2.1583 -86.131 1938 17.405 41.254 1966.8 7.2704 169.91 1928.6 352.27
2.1667 -76.889 1939.8 17.443 51.422 1968.2 7.1006 179.02 1929.2 351.99
2.175 -67.298 1941.5 17.483 61.806 1969.3 6.9292 188.34 1929.8 351.73
2.1833 -57.344 1943.1 17.523 72.401 1970.3 6.7567 197.92 1930.2 351.48
2.1917 -47.019 1944.6 17.56 83.205 1971 6.583 207.75 1930.5 351.25
2.2 -36.326 1946 17.592 94.214 1971.6 6.4094 217.87 1930.8 351.04
2.2083 -25.275 1947.4 17.62 105.43 1972.1 6.2364 228.25 1930.9 350.86
2.2167 -13.886 1948.7 17.64 116.84 1972.4 6.0665 238.9 1931 350.71
2.225 -2.1907 1949.9 17.651 128.45 1972.5 5.9005 249.78 1931 350.59
2.2333 9.7788 1951.1 17.647 140.23 1972.5 5.7405 260.87 1931 350.5
2.2417 21.978 1952.3 17.624 152.18 1972.4 5.5877 272.13 1930.9 350.45
2.25 34.365 1953.3 17.574 164.27 1972.2 5.4439 283.51 1930.7 350.42
2.2583 46.897 1954.3 17.491 176.45 1972 5.3108 294.96 1930.5 350.41
2.2667 59.528 1955.1 17.368 188.7 1971.7 5.1906 306.44 1930.3 350.4
2.275 72.214 1955.8 17.201 200.95 1971.4 5.0856 317.91 1930.1 350.4
2.2833 84.91 1956.3 16.986 213.16 1971.2 4.9985 329.33 1929.8 350.4
2.2917 97.57 1956.6 16.726 225.27 1970.9 4.9321 340.67 1929.5 350.38
2.3 110.15 1956.7 16.422 237.24 1970.8 4.8891 351.9 1929.3 350.34
