0.0083333 -15.767 6.5766 100.13 -42.349 77.078 91.863 -11.621 134.15 78.252
0.016667 -15.141 14.186 100.2 -41.672 84.957 91.838 -10.381 141.59 78.086
0.025 -14.453 22.067 100.25 -40.936 92.977 91.809 -9.1307 149.08 77.915
0.033333 -13.708 30.218 100.29 -40.138 101.15 91.777 -7.8679 156.61 77.738
0.041667 -12.92 38.631 100.31 -39.276 109.49 91.74 -6.5884 164.2 77.555
0.05 -12.105 47.297 100.31 -38.347 118.01 91.7 -5.2861 171.87 77.367
0.058333 -11.282 56.203 100.27 -37.353 126.7 91.653 -3.9553 179.63 77.176
0.066667 -10.471 65.337 100.21 -36.294 135.58 91.595 -2.5905 187.48 76.983
0.075 -9.6888 74.684 100.13 -35.173 144.63 91.522 -1.188 195.45 76.79
0.083333 -8.9485 84.233 100.04 -33.995 153.85 91.43 0.25211 203.54 76.599
0.091667 -8.2574 93.975 99.94 -32.765 163.2 91.315 1.7279 211.75 76.412
0.1 -7.6206 103.9 99.846 -31.493 172.68 91.174 3.2329 220.08 76.232
0.10833 -7.0289 113.98 99.766 -30.192 182.25 91.005 4.7578 228.53 76.059
0.11667 -6.4819 124.22 99.708 -28.872 191.87 90.811 6.2907 237.07 75.893
0.125 -5.9653 134.58 99.678 -27.55 201.53 90.598 7.818 245.69 75.736
0.13333 -5.463 145.04 99.679 -26.24 211.18 90.374 9.3261 254.36 75.585
0.14167 -4.9525 155.56 99.711 -24.958 220.79 90.146 10.801 263.07 75.441
0.15 -4.4116 166.1 99.772 -23.72 230.34 89.929 12.229 271.78 75.3
0.15833 -3.8183 176.63 99.857 -22.539 239.8 89.734 13.602 280.48 75.162
0.16667 -3.1538 187.12 99.96 -21.426 249.15 89.574 14.909 289.13 75.025
0.175 -2.4119 197.53 100.07 -20.389 258.37 89.46 16.145 297.72 74.887
0.18333 -1.5962 207.83 100.18 -19.433 267.45 89.398 17.306 306.23 74.748
0.19167 -0.72099 218.01 100.27 -18.561 276.38 89.395 18.388 314.66 74.609
0.2 0.19014 228.04 100.34 -17.77 285.17 89.45 19.392 323.01 74.471
0.20833 1.1125 237.92 100.37 -17.058 293.81 89.561 20.316 331.28 74.337
0.21667 2.0254 247.64 100.36 -16.418 302.31 89.722 21.161 339.48 74.208
0.225 2.9159 257.21 100.3 -15.842 310.69 89.925 21.926 347.63 74.09
0.23333 3.7809 266.65 100.19 -15.324 318.94 90.16 22.613 355.73 73.984
0.24167 4.6236 275.97 100.04 -14.854 327.08 90.418 23.22 363.82 73.895
0.25 5.446 285.19 99.84 -14.427 335.11 90.689 23.751 371.89 73.825
0.25833 6.2501 294.32 99.608 -14.038 343.06 90.965 24.206 379.97 73.774
0.26667 7.0308 303.38 99.35 -13.683 350.92 91.241 24.587 388.08 73.741
0.275 7.7815 312.35 99.074 -13.361 358.71 91.513 24.9 396.21 73.727
0.28333 8.4934 321.25 98.792 -13.072 366.44 91.776 25.146 404.38 73.726
0.29167 9.1556 330.06 98.512 -12.818 374.11 92.032 25.333 412.59 73.736
0.3 9.7566 338.78 98.241 -12.601 381.73 92.279 25.466 420.83 73.752
0.30833 10.281 347.4 97.986 -12.421 389.32 92.518 25.548 429.12 73.769
0.31667 10.712 355.93 97.75 -12.282 396.89 92.748 25.586 437.44 73.784
0.325 11.034 364.35 97.535 -12.183 404.44 92.97 25.583 445.79 73.793
0.33333 11.237 372.68 97.341 -12.125 411.98 93.182 25.542 454.16 73.793
0.34167 11.318 380.91 97.165 -12.108 419.53 93.382 25.466 462.55 73.782
0.35 11.28 389.07 97.004 -12.129 427.09 93.567 25.356 470.95 73.761
0.35833 11.139 397.16 96.856 -12.186 434.67 93.734 25.212 479.35 73.729
0.36667 10.918 405.21 96.717 -12.278 442.27 93.881 25.035 487.76 73.688
0.375 10.641 413.23 96.578 -12.399 449.92 94.003 24.825 496.17 73.637
0.38333 10.338 421.24 96.44 -12.548 457.6 94.1 24.584 504.58 73.579
0.39167 10.033 429.24 96.299 -12.722 465.33 94.172 24.313 512.98 73.513
0.4 9.7501 437.24 96.153 -12.918 473.11 94.218 24.016 521.37 73.441
0.40833 9.5043 445.25 96.001 -13.132 480.94 94.241 23.696 529.75 73.362
0.41667 9.3004 453.26 95.843 -13.365 488.84 94.242 23.36 538.13 73.275
0.425 9.1371 461.27 95.68 -13.614 496.79 94.227 23.013 546.51 73.18
0.43333 9.0048 469.29 95.512 -13.878 504.81 94.197 22.662 554.89 73.074
0.44167 8.8836 477.3 95.341 -14.157 512.89 94.158 22.316 563.27 72.958
0.45 8.7495 485.33 95.17 -14.45 521.03 94.111 21.98 571.66 72.829
0.45833 8.5668 493.38 94.999 -14.758 529.23 94.058 21.662 580.06 72.685
0.46667 8.315 501.48 94.829 -15.081 537.49 93.999 21.366 588.47 72.525
0.475 7.9603 509.63 94.663 -15.421 545.8 93.935 21.098 596.9 72.346
0.48333 7.489 517.86 94.501 -15.777 554.16 93.863 20.859 605.35 72.146
0.49167 6.8856 526.19 94.343 -16.151 562.57 93.782 20.651 613.81 71.924
0.5 6.1527 534.63 94.191 -16.544 571.03 93.688 20.473 622.27 71.675
0.50833 5.2936 543.19 94.041 -16.956 579.55 93.579 20.323 630.74 71.398
0.51667 4.3291 551.86 93.894 -17.387 588.11 93.452 20.195 639.2 71.091
0.525 3.2867 560.67 93.747 -17.837 596.73 93.308 20.083 647.64 70.75
0.53333 2.1979 569.59 93.594 -18.305 605.41 93.141 19.981 656.05 70.375
0.54167 1.0948 578.62 93.435 -18.791 614.15 92.955 19.879 664.44 69.965
0.55 0.0061038 587.77 93.263 -19.294 622.96 92.748 19.77 672.79 69.519
0.55833 -1.0452 597.01 93.076 -19.813 631.85 92.521 19.645 681.1 69.038
0.56667 -2.0485 606.35 92.87 -20.349 640.81 92.273 19.498 689.37 68.525
0.575 -3.0015 615.81 92.643 -20.902 649.85 92.01 19.324 697.62 67.981
0.58333 -3.9221 625.37 92.392 -21.472 658.97 91.729 19.121 705.85 67.408
0.59167 -4.8343 635.07 92.117 -22.063 668.15 91.431 18.892 714.08 66.808
0.6 -5.7691 644.9 91.816 -22.676 677.4 91.117 18.641 722.31 66.184
0.60833 -6.7621 654.9 91.493 -23.314 686.7 90.791 18.378 730.57 65.536
0.61667 -7.8451 665.07 91.149 -23.98 696.03 90.452 18.115 738.87 64.865
0.625 -9.0435 675.41 90.789 -24.674 705.4 90.101 17.867 747.22 64.167
0.63333 -10.372 685.93 90.419 -25.396 714.78 89.743 17.652 755.63 63.443
0.64167 -11.834 696.6 90.043 -26.145 724.17 89.373 17.486 764.1 62.69
0.65 -13.418 707.41 89.67 -26.915 733.57 88.999 17.387 772.64 61.904
0.65833 -15.099 718.33 89.308 -27.697 742.98 88.625 17.369 781.25 61.085
0.66667 -16.845 729.31 88.96 -28.48 752.41 88.244 17.443 789.92 60.231
0.675 -18.611 740.3 88.632 -29.25 761.86 87.865 17.616 798.64 59.344
0.68333 -20.351 751.26 88.325 -29.988 771.34 87.485 17.891 807.4 58.426
0.69167 -22.019 762.14 88.038 -30.677 780.88 87.102 18.267 816.19 57.481
0.7 -23.576 772.88 87.766 -31.296 790.49 86.713 18.739 825 56.514
0.70833 -24.995 783.44 87.499 -31.825 800.17 86.313 19.3 833.82 55.533
0.71667 -26.258 793.77 87.225 -32.244 809.93 85.894 19.941 842.65 54.544
0.725 -27.361 803.85 86.93 -32.537 819.79 85.451 20.655 851.47 53.554
0.73333 -28.313 813.66 86.602 -32.689 829.72 84.972 21.436 860.29 52.569
0.74167 -29.133 823.19 86.226 -32.691 839.71 84.451 22.283 869.1 51.595
0.75 -29.845 832.47 85.793 -32.536 849.75 83.877 23.196 877.91 50.636
0.75833 -30.477 841.51 85.297 -32.221 859.8 83.245 24.185 886.71 49.697
0.76667 -31.057 850.35 84.737 -31.746 869.84 82.549 25.261 895.52 48.778
0.775 -31.604 859.02 84.117 -31.115 879.82 81.787 26.443 904.35 47.883
0.78333 -32.124 867.56 83.446 -30.331 889.7 80.956 27.752 913.19 47.011
0.79167 -32.605 876 82.737 -29.402 899.46 80.061 29.214 922.06 46.164
0.8 -33.013 884.34 82.003 -28.332 909.06 79.106 30.852 930.95 45.34
0.80833 -33.293 892.59 81.257 -27.127 918.49 78.098 32.694 939.87 44.54
0.81667 -33.384 900.74 80.51 -25.791 927.73 77.046 34.761 948.83 43.762
0.825 -33.224 908.74 79.769 -24.325 936.77 75.957 37.071 957.8 43.003
0.83333 -32.781 916.56 79.038 -22.731 945.64 74.843 39.639 966.78 42.261
0.84167 -32.052 924.17 78.316 -21.007 954.33 73.71 42.47 975.77 41.531
0.85 -31.065 931.54 77.602 -19.148 962.87 72.566 45.565 984.73 40.809
0.85833 -29.861 938.66 76.889 -17.149 971.28 71.418 48.916 993.64 40.089
0.86667 -28.475 945.53 76.173 -15.003 979.59 70.269 52.511 1002.5 39.365
0.875 -26.94 952.16 75.447 -12.7 987.82 69.123 56.332 1011.2 38.632
0.88333 -25.28 958.57 74.703 -10.232 995.98 67.982 60.355 1019.9 37.887
0.89167 -23.504 964.78 73.936 -7.5896 1004.1 66.847 64.558 1028.4 37.125
0.9 -21.626 970.84 73.144 -4.7647 1012.2 65.722 68.913 1036.7 36.347
0.90833 -19.651 976.77 72.325 -1.7498 1020.2 64.607 73.399 1044.8 35.553
0.91667 -17.596 982.64 71.483 1.4597 1028.1 63.505 77.99 1052.8 34.748
0.925 -15.482 988.5 70.621 4.8653 1036 62.418 82.671 1060.6 33.934
0.93333 -13.315 994.38 69.746 8.4657 1043.8 61.35 87.425 1068.2 33.12
0.94167 -11.096 1000.3 68.865 12.255 1051.6 60.304 92.242 1075.6 32.312
0.95 -8.8262 1006.3 67.986 16.226 1059.2 59.281 97.117 1082.9 31.515
0.95833 -6.4952 1012.5 67.114 20.366 1066.6 58.286 102.05 1090 30.737
0.96667 -4.0909 1018.7 66.257 24.661 1074 57.318 107.03 1097 29.981
0.975 -1.6039 1025 65.417 29.098 1081.2 56.378 112.07 1103.8 29.25
0.98333 0.98485 1031.3 64.599 33.662 1088.3 55.465 117.17 1110.5 28.543
0.99167 3.6784 1037.7 63.803 38.337 1095.2 54.578 122.32 1117.1 27.858
1 6.485 1044.1 63.029 43.113 1102 53.714 127.55 1123.5 27.192
1.0083 9.4114 1050.5 62.276 47.979 1108.7 52.871 132.83 1129.8 26.541
1.0167 12.464 1056.8 61.542 52.927 1115.3 52.047 138.19 1136 25.899
1.025 15.648 1063.1 60.827 57.952 1121.9 51.24 143.6 1142 25.263
1.0333 18.978 1069.3 60.127 63.054 1128.3 50.448 149.08 1147.9 24.63
1.0417 22.464 1075.5 59.444 68.234 1134.7 49.673 154.63 1153.6 24
1.05 26.116 1081.6 58.777 73.495 1141 48.916 160.23 1159.2 23.372
1.0583 29.948 1087.6 58.129 78.843 1147.2 48.178 165.9 1164.7 22.75
1.0667 33.969 1093.5 57.502 84.283 1153.4 47.463 171.62 1170.1 22.137
1.075 38.188 1099.5 56.899 89.823 1159.5 46.773 177.41 1175.3 21.536
1.0833 42.602 1105.4 56.324 95.471 1165.5 46.112 183.26 1180.4 20.951
1.0917 47.21 1111.3 55.78 101.23 1171.5 45.483 189.18 1185.4 20.383
1.1 52.003 1117.3 55.267 107.11 1177.3 44.883 195.17 1190.3 19.834
1.1083 56.969 1123.4 54.784 113.11 1183.1 44.316 201.23 1195.1 19.302
1.1167 62.094 1129.6 54.327 119.24 1188.9 43.778 207.37 1199.8 18.786
1.125 67.371 1135.8 53.889 125.5 1194.5 43.267 213.58 1204.4 18.283
1.1333 72.792 1142.2 53.463 131.9 1200 42.776 219.88 1209 17.79
1.1417 78.368 1148.7 53.041 138.44 1205.5 42.305 226.26 1213.4 17.303
1.15 84.101 1155.2 52.618 145.12 1210.8 41.844 232.73 1217.8 16.822
1.1583 90.017 1161.8 52.187 151.95 1216.1 41.391 239.29 1222 16.344
1.1667 96.131 1168.5 51.746 158.93 1221.2 40.94 245.96 1226.2 15.87
1.175 102.47 1175.2 51.291 166.07 1226.3 40.488 252.73 1230.3 15.403
1.1833 109.07 1181.9 50.819 173.37 1231.2 40.032 259.62 1234.3 14.945
1.1917 115.92 1188.7 50.33 180.82 1236.1 39.569 266.62 1238.3 14.499
1.2 123.05 1195.4 49.82 188.44 1240.8 39.099 273.76 1242.2 14.07
1.2083 130.46 1202 49.285 196.21 1245.4 38.621 281.02 1246.1 13.659
1.2167 138.15 1208.5 48.722 204.13 1250 38.134 288.4 1249.9 13.267
1.225 146.08 1214.9 48.129 212.18 1254.6 37.639 295.91 1253.7 12.891
1.2333 154.21 1221.1 47.507 220.34 1259 37.135 303.53 1257.4 12.527
1.2417 162.52 1227.1 46.856 228.59 1263.5 36.623 311.24 1261.1 12.17
1.25 170.93 1232.9 46.18 236.92 1268 36.103 319.02 1264.8 11.811
1.2583 179.4 1238.4 45.483 245.29 1272.4 35.574 326.85 1268.4 11.443
1.2667 187.86 1243.7 44.769 253.67 1277 35.035 334.71 1272 11.058
1.275 196.26 1248.7 44.042 262.04 1281.5 34.488 342.57 1275.5 10.65
1.2833 204.57 1253.4 43.304 270.38 1286 33.932 350.39 1278.9 10.217
1.2917 212.76 1258 42.552 278.65 1290.6 33.367 358.18 1282.3 9.7588
1.3 220.82 1262.4 41.786 286.83 1295.2 32.796 365.89 1285.7 9.2799
1.3083 228.77 1266.7 40.997 294.92 1299.7 32.219 373.54 1289.1 8.7869
1.3167 236.62 1270.9 40.188 302.89 1304.2 31.638 381.13 1292.4 8.29
1.325 244.37 1275 39.356 310.74 1308.6 31.057 388.64 1295.7 7.8009
1.3333 252.06 1279.2 38.506 318.46 1312.9 30.476 396.11 1299.1 7.3309
1.3417 259.73 1283.3 37.636 326.07 1317 29.898 403.55 1302.4 6.8913
1.35 267.41 1287.5 36.746 333.56 1321 29.323 410.97 1305.8 6.4906
1.3583 275.14 1291.7 35.837 340.96 1324.8 28.753 418.41 1309.3 6.1343
1.3667 282.92 1295.9 34.912 348.27 1328.5 28.187 425.89 1312.7 5.8243
1.375 290.75 1300.1 33.977 355.51 1332 27.625 433.41 1316.2 5.5586
1.3833 298.64 1304.4 33.037 362.7 1335.3 27.068 440.98 1319.7 5.3322
1.3917 306.56 1308.8 32.099 369.87 1338.5 26.516 448.62 1323.2 5.1366
1.4 314.5 1313.1 31.169 377.04 1341.7 25.969 456.33 1326.6 4.962
1.4083 322.45 1317.4 30.251 384.21 1344.8 25.43 464.08 1330 4.798
1.4167 330.39 1321.6 29.347 391.41 1347.8 24.901 471.88 1333.3 4.6347
1.425 338.31 1325.8 28.458 398.65 1350.8 24.383 479.7 1336.5 4.4641
1.4333 346.2 1329.9 27.579 405.95 1353.8 23.878 487.53 1339.6 4.2801
1.4417 354.04 1333.9 26.707 413.31 1356.8 23.388 495.36 1342.6 4.0799
1.45 361.82 1337.9 25.835 420.74 1359.9 22.913 503.18 1345.5 3.8628
1.4583 369.56 1341.7 24.955 428.25 1362.9 22.451 510.98 1348.2 3.6301
1.4667 377.23 1345.4 24.061 435.83 1366 21.999 518.76 1350.9 3.3851
1.475 384.84 1349 23.149 443.49 1369 21.552 526.52 1353.5 3.1316
1.4833 392.4 1352.5 22.216 451.24 1372.1 21.106 534.28 1356 2.874
1.4917 399.9 1356 21.262 459.06 1375.1 20.654 542.05 1358.4 2.6158
1.5 407.35 1359.5 20.29 466.97 1378.2 20.189 549.84 1360.9 2.3594
1.5083 414.74 1363 19.307 474.96 1381.2 19.705 557.68 1363.3 2.1068
1.5167 422.09 1366.4 18.321 483.05 1384.2 19.199 565.57 1365.6 1.8589
1.525 429.39 1369.9 17.343 491.24 1387.2 18.668 573.54 1368 1.6152
1.5333 436.64 1373.3 16.385 499.53 1390.1 18.11 581.59 1370.4 1.3756
1.5417 443.85 1376.8 15.453 507.93 1393.1 17.527 589.74 1372.8 1.1392
1.55 451.03 1380.2 14.559 516.44 1396.1 16.924 597.99 1375.2 0.90562
1.5583 458.18 1383.6 13.706 525.08 1399 16.304 606.34 1377.6 0.67507
1.5667 465.32 1387 12.897 533.83 1402 15.673 614.79 1380 0.44797
1.575 472.48 1390.3 12.13 542.69 1405 15.037 623.34 1382.4 0.22537
1.5833 479.67 1393.6 11.401 551.67 1407.9 14.402 631.99 1384.9 0.0083751
1.5917 486.92 1396.9 10.706 560.74 1410.9 13.771 640.74 1387.3 359.8
1.6 494.25 1400.1 10.036 569.89 1413.9 13.146 649.57 1389.8 359.59
1.6083 501.67 1403.3 9.3876 579.13 1416.8 12.528 658.49 1392.4 359.4
1.6167 509.2 1406.4 8.7598 588.42 1419.8 11.915 667.5 1394.9 359.21
1.625 516.85 1409.6 8.1506 597.78 1422.7 11.306 676.59 1397.5 359.02
1.6333 524.61 1412.8 7.5599 607.18 1425.7 10.698 685.74 1400.1 358.83
1.6417 532.5 1416.1 6.9914 616.63 1428.6 10.089 694.96 1402.7 358.63
1.65 540.5 1419.3 6.4474 626.13 1431.5 9.4777 704.22 1405.4 358.43
1.6583 548.61 1422.7 5.9295 635.69 1434.4 8.8655 713.52 1408.1 358.22
1.6667 556.83 1426.1 5.4384 645.32 1437.3 8.2553 722.85 1410.8 358
1.675 565.16 1429.5 4.9713 655.03 1440.2 7.6516 732.18 1413.5 357.77
1.6833 573.61 1432.9 4.5235 664.84 1443.1 7.061 741.5 1416.2 357.54
1.6917 582.18 1436.3 4.0888 674.76 1446 6.4908 750.8 1419 357.3
1.7 590.89 1439.6 3.6598 684.81 1448.9 5.9483 760.09 1421.9 357.05
1.7083 599.76 1442.9 3.2284 694.99 1451.8 5.4407 769.34 1424.8 356.82
1.7167 608.8 1446.2 2.7875 705.3 1454.7 4.9731 778.58 1427.7 356.59
1.725 618.04 1449.3 2.3321 715.75 1457.7 4.549 787.8 1430.7 356.38
1.7333 627.52 1452.4 1.8599 726.31 1460.7 4.1712 797.04 1433.8 356.18
1.7417 637.23 1455.3 1.3675 737.01 1463.7 3.8321 806.31 1437 356
1.75 647.22 1458.2 0.86209 747.8 1466.8 3.5363 815.63 1440.2 355.84
1.7583 657.5 1461.1 0.34657 758.7 1469.9 3.2725 825.04 1443.5 355.68
1.7667 668.08 1463.9 359.83 769.69 1473.1 3.035 834.55 1446.8 355.53
1.775 678.95 1466.6 359.33 780.75 1476.3 2.8214 844.19 1450.2 355.37
1.7833 690.11 1469.4 358.85 791.88 1479.7 2.6246 853.96 1453.6 355.2
1.7917 701.54 1472.1 358.42 803.07 1483 2.4418 863.88 1457 355.01
1.8 713.21 1474.8 358.05 814.35 1486.4 2.2674 873.95 1460.4 354.8
1.8083 725.07 1477.5 357.75 825.69 1489.9 2.1051 884.14 1463.8 354.56
1.8167 737.08 1480.2 357.53 837.1 1493.4 1.9549 894.45 1467.1 354.3
1.825 749.2 1482.9 357.4 848.59 1496.8 1.8196 904.85 1470.5 354.02
1.8333 761.38 1485.4 357.36 860.15 1500.3 1.7025 915.32 1473.8 353.74
1.8417 773.59 1488 357.39 871.76 1503.6 1.6063 925.82 1477.2 353.45
1.85 785.78 1490.4 357.49 883.42 1506.9 1.5328 936.34 1480.5 353.19
1.8583 797.94 1492.8 357.63 895.1 1510.1 1.4823 946.86 1483.8 352.95
1.8667 810.03 1495.2 357.8 906.77 1513.1 1.4528 957.35 1487 352.75
1.875 822.04 1497.5 357.98 918.38 1516 1.44 967.82 1490.3 352.6
1.8833 833.94 1499.8 358.14 929.9 1518.7 1.4374 978.25 1493.5 352.51
1.8917 845.72 1502.1 358.28 941.29 1521.2 1.4367 988.64 1496.6 352.47
1.9 857.37 1504.4 358.38 952.51 1523.6 1.4285 999 1499.7 352.48
1.9083 868.89 1506.7 358.45 963.52 1525.8 1.4031 1009.3 1502.7 352.53
1.9167 880.27 1509.1 358.5 974.29 1527.8 1.3514 1019.6 1505.5 352.62
1.925 891.53 1511.5 358.53 984.81 1529.8 1.2657 1029.9 1508.2 352.72
1.9333 902.67 1513.9 358.56 995.08 1531.6 1.1406 1040.2 1510.7 352.84
1.9417 913.7 1516.4 358.59 1005.1 1533.2 0.97285 1050.5 1513 352.94
1.95 924.64 1518.8 358.63 1014.9 1534.8 0.76126 1060.8 1515.1 353.02
1.9583 935.5 1521.3 358.7 1024.5 1536.3 0.50808 1071 1517 353.08
1.9667 946.28 1523.7 358.78 1033.9 1537.8 0.21643 1081.3 1518.7 353.11
1.975 957 1526.1 358.89 1043.2 1539.1 359.89 1091.4 1520.1 353.1
1.9833 967.66 1528.3 359.01 1052.4 1540.4 359.54 1101.6 1521.3 353.06
1.9917 978.26 1530.4 359.13 1061.6 1541.5 359.16 1111.7 1522.4 352.99
2 988.81 1532.3 359.25 1070.8 1542.6 358.77 1121.7 1523.3 352.9
2.0083 999.31 1534.1 359.37 1079.9 1543.6 358.37 1131.6 1524.1 352.79
2.0167 1009.7 1535.7 359.48 1089.1 1544.6 357.96 1141.5 1524.8 352.67
2.025 1020.1 1537 359.57 1098.4 1545.4 357.55 1151.3 1525.4 352.55
2.0333 1030.4 1538.2 359.65 1107.7 1546.2 357.13 1161.1 1525.9 352.44
2.0417 1040.6 1539.1 359.73 1117 1546.9 356.72 1170.8 1526.4 352.32
2.05 1050.7 1539.9 359.81 1126.4 1547.5 356.3 1180.4 1526.9 352.21
2.0583 1060.7 1540.4 359.9 1135.8 1548.1 355.89 1190 1527.3 352.1
2.0667 1070.6 1540.9 0.00097823 1145.3 1548.7 355.49 1199.5 1527.8 351.99
2.075 1080.4 1541.1 0.12971 1154.8 1549.1 355.1 1209 1528.1 351.89
2.0833 1090.1 1541.3 0.28701 1164.3 1549.6 354.73 1218.5 1528.5 351.78
2.0917 1099.7 1541.4 0.47403 1173.9 1550 354.38 1228 1528.8 351.67
