0.0083333 -43.147 2.0225 98.93 -71.79 92.924 90.314 -58.917 113.12 88.052
0.016667 -42.63 8.4185 98.999 -71.34 100.63 90.226 -58.262 120.95 87.985
0.025 -42.094 15.029 99.082 -70.862 108.43 90.154 -57.527 128.86 87.909
0.033333 -41.53 21.872 99.18 -70.349 116.36 90.098 -56.709 136.85 87.822
0.041667 -40.925 28.976 99.298 -69.799 124.43 90.051 -55.812 144.92 87.724
0.05 -40.263 36.361 99.438 -69.205 132.63 90.01 -54.838 153.08 87.614
0.058333 -39.534 44.052 99.601 -68.563 140.98 89.966 -53.791 161.32 87.495
0.066667 -38.729 52.064 99.786 -67.865 149.46 89.917 -52.679 169.64 87.371
0.075 -37.845 60.41 99.991 -67.104 158.08 89.857 -51.505 178.05 87.245
0.083333 -36.889 69.097 100.21 -66.274 166.81 89.784 -50.277 186.55 87.123
0.091667 -35.874 78.123 100.44 -65.371 175.67 89.695 -48.997 195.12 87.007
0.1 -34.819 87.479 100.67 -64.39 184.63 89.591 -47.671 203.78 86.903
0.10833 -33.751 97.146 100.89 -63.331 193.7 89.473 -46.299 212.5 86.813
0.11667 -32.695 107.1 101.1 -62.193 202.86 89.344 -44.883 221.29 86.738
0.125 -31.675 117.31 101.28 -60.98 212.13 89.207 -43.422 230.13 86.677
0.13333 -30.711 127.75 101.44 -59.701 221.49 89.066 -41.917 239.01 86.628
0.14167 -29.812 138.38 101.56 -58.365 230.95 88.924 -40.368 247.94 86.587
0.15 -28.978 149.17 101.65 -56.986 240.51 88.784 -38.776 256.88 86.549
0.15833 -28.199 160.08 101.71 -55.578 250.17 88.652 -37.146 265.85 86.51
0.16667 -27.458 171.09 101.75 -54.159 259.91 88.531 -35.482 274.83 86.462
0.175 -26.729 182.17 101.77 -52.747 269.71 88.427 -33.793 283.82 86.402
0.18333 -25.986 193.27 101.78 -51.361 279.57 88.344 -32.088 292.81 86.324
0.19167 -25.2 204.37 101.79 -50.017 289.44 88.287 -30.38 301.8 86.227
0.2 -24.344 215.44 101.8 -48.731 299.3 88.264 -28.681 310.79 86.108
0.20833 -23.4 226.47 101.82 -47.518 309.12 88.28 -27.008 319.77 85.968
0.21667 -22.356 237.43 101.83 -46.388 318.86 88.341 -25.374 328.75 85.811
0.225 -21.213 248.32 101.84 -45.348 328.49 88.45 -23.794 337.73 85.638
0.23333 -19.98 259.14 101.84 -44.404 337.98 88.611 -22.283 346.7 85.458
0.24167 -18.68 269.9 101.81 -43.556 347.31 88.825 -20.853 355.66 85.274
0.25 -17.334 280.59 101.75 -42.801 356.48 89.089 -19.517 364.62 85.095
0.25833 -15.973 291.23 101.64 -42.135 365.48 89.399 -18.284 373.58 84.928
0.26667 -14.624 301.8 101.48 -41.548 374.33 89.749 -17.165 382.55 84.779
0.275 -13.317 312.33 101.26 -41.032 383.03 90.13 -16.166 391.52 84.655
0.28333 -12.083 322.79 100.99 -40.576 391.62 90.533 -15.294 400.5 84.561
0.29167 -10.947 333.18 100.68 -40.169 400.11 90.947 -14.554 409.52 84.502
0.3 -9.9294 343.5 100.33 -39.801 408.53 91.366 -13.948 418.56 84.48
0.30833 -9.0403 353.74 99.965 -39.462 416.91 91.782 -13.48 427.65 84.498
0.31667 -8.2813 363.89 99.602 -39.147 425.27 92.19 -13.147 436.79 84.554
0.325 -7.6461 373.95 99.257 -38.851 433.62 92.589 -12.947 446 84.649
0.33333 -7.1225 383.91 98.947 -38.569 441.98 92.978 -12.876 455.27 84.779
0.34167 -6.6991 393.79 98.68 -38.3 450.35 93.361 -12.928 464.61 84.939
0.35 -6.3615 403.56 98.467 -38.043 458.73 93.741 -13.092 474.02 85.125
0.35833 -6.0999 413.24 98.308 -37.801 467.14 94.123 -13.358 483.49 85.329
0.36667 -5.9078 422.82 98.201 -37.575 475.56 94.51 -13.716 493.02 85.545
0.375 -5.7811 432.3 98.138 -37.368 483.99 94.906 -14.152 502.59 85.766
0.38333 -5.7204 441.69 98.107 -37.185 492.43 95.312 -14.655 512.2 85.986
0.39167 -5.7238 450.99 98.097 -37.031 500.88 95.725 -15.211 521.83 86.197
0.4 -5.7939 460.21 98.095 -36.91 509.34 96.143 -15.812 531.47 86.396
0.40833 -5.9321 469.37 98.091 -36.828 517.83 96.56 -16.446 541.11 86.579
0.41667 -6.1365 478.47 98.077 -36.789 526.34 96.97 -17.107 550.73 86.743
0.425 -6.4023 487.52 98.051 -36.796 534.9 97.366 -17.789 560.33 86.886
0.43333 -6.721 496.55 98.011 -36.851 543.51 97.742 -18.488 569.91 87.009
0.44167 -7.0802 505.55 97.962 -36.955 552.18 98.092 -19.2 579.46 87.111
0.45 -7.4662 514.54 97.907 -37.106 560.94 98.414 -19.925 588.98 87.194
0.45833 -7.8639 523.52 97.854 -37.301 569.78 98.707 -20.66 598.5 87.259
0.46667 -8.2606 532.51 97.806 -37.535 578.73 98.972 -21.405 608 87.307
0.475 -8.6464 541.5 97.766 -37.803 587.76 99.212 -22.16 617.5 87.34
0.48333 -9.0189 550.5 97.734 -38.1 596.9 99.43 -22.921 627.01 87.357
0.49167 -9.3811 559.51 97.706 -38.422 606.13 99.631 -23.688 636.53 87.359
0.5 -9.7399 568.53 97.678 -38.766 615.44 99.818 -24.458 646.09 87.345
0.50833 -10.109 577.55 97.643 -39.129 624.83 99.993 -25.229 655.67 87.314
0.51667 -10.505 586.59 97.594 -39.514 634.29 100.16 -25.995 665.3 87.264
0.525 -10.953 595.65 97.524 -39.921 643.8 100.31 -26.756 674.98 87.193
0.53333 -11.465 604.73 97.428 -40.354 653.37 100.45 -27.506 684.7 87.099
0.54167 -12.06 613.86 97.305 -40.818 662.98 100.57 -28.243 694.48 86.98
0.55 -12.748 623.05 97.155 -41.318 672.65 100.67 -28.963 704.32 86.833
0.55833 -13.532 632.33 96.983 -41.857 682.38 100.75 -29.665 714.22 86.657
0.56667 -14.403 641.71 96.796 -42.438 692.17 100.81 -30.345 724.17 86.45
0.575 -15.345 651.22 96.603 -43.063 702.03 100.84 -31.002 734.19 86.212
0.58333 -16.335 660.86 96.416 -43.731 711.97 100.84 -31.634 744.27 85.941
0.59167 -17.348 670.66 96.243 -44.441 722 100.83 -32.239 754.41 85.637
0.6 -18.367 680.61 96.094 -45.189 732.13 100.8 -32.819 764.61 85.3
0.60833 -19.384 690.73 95.974 -45.971 742.36 100.76 -33.371 774.88 84.931
0.61667 -20.402 700.99 95.881 -46.782 752.67 100.71 -33.898 785.21 84.529
0.625 -21.437 711.41 95.812 -47.621 763.08 100.67 -34.401 795.61 84.096
0.63333 -22.509 722 95.757 -48.484 773.56 100.63 -34.884 806.07 83.633
0.64167 -23.645 732.75 95.706 -49.374 784.12 100.6 -35.35 816.61 83.141
0.65 -24.869 743.69 95.644 -50.29 794.72 100.58 -35.803 827.22 82.622
0.65833 -26.207 754.81 95.56 -51.237 805.37 100.57 -36.248 837.91 82.08
0.66667 -27.674 766.14 95.444 -52.22 816.06 100.56 -36.689 848.67 81.515
0.675 -29.277 777.7 95.291 -53.24 826.78 100.55 -37.129 859.52 80.932
0.68333 -31.01 789.46 95.101 -54.303 837.53 100.53 -37.571 870.45 80.334
0.69167 -32.855 801.43 94.878 -55.404 848.32 100.5 -38.016 881.46 79.723
0.7 -34.784 813.61 94.633 -56.54 859.16 100.46 -38.463 892.55 79.103
0.70833 -36.762 825.95 94.378 -57.7 870.05 100.39 -38.909 903.7 78.476
0.71667 -38.75 838.4 94.127 -58.871 880.99 100.28 -39.349 914.92 77.847
0.725 -40.717 850.91 93.894 -60.036 892 100.15 -39.779 926.17 77.219
0.73333 -42.635 863.42 93.687 -61.172 903.08 99.972 -40.193 937.45 76.595
0.74167 -44.484 875.86 93.51 -62.258 914.24 99.754 -40.582 948.75 75.978
0.75 -46.252 888.16 93.358 -63.269 925.47 99.49 -40.94 960.03 75.373
0.75833 -47.933 900.28 93.219 -64.18 936.77 99.177 -41.257 971.28 74.783
0.76667 -49.522 912.16 93.081 -64.971 948.12 98.81 -41.525 982.49 74.21
0.775 -51.02 923.79 92.924 -65.621 959.51 98.388 -41.734 993.64 73.658
0.78333 -52.431 935.14 92.731 -66.117 970.9 97.906 -41.87 1004.7 73.128
0.79167 -53.756 946.22 92.486 -66.45 982.28 97.362 -41.92 1015.8 72.621
0.8 -55.001 957.05 92.179 -66.616 993.61 96.753 -41.866 1026.7 72.135
0.80833 -56.166 967.67 91.806 -66.617 1004.9 96.079 -41.69 1037.7 71.672
0.81667 -57.249 978.13 91.372 -66.461 1016 95.34 -41.369 1048.6 71.227
0.825 -58.23 988.48 90.885 -66.155 1027 94.54 -40.881 1059.5 70.799
0.83333 -59.092 998.75 90.359 -65.715 1037.9 93.684 -40.203 1070.4 70.382
0.84167 -59.794 1009 89.808 -65.151 1048.7 92.78 -39.312 1081.3 69.974
0.85 -60.303 1019.2 89.252 -64.478 1059.3 91.834 -38.191 1092.2 69.569
0.85833 -60.581 1029.3 88.704 -63.707 1069.8 90.857 -36.825 1103.2 69.164
0.86667 -60.605 1039.5 88.177 -62.848 1080.2 89.859 -35.207 1114.1 68.756
0.875 -60.369 1049.6 87.682 -61.907 1090.5 88.847 -33.335 1125.1 68.341
0.88333 -59.885 1059.6 87.22 -60.885 1100.7 87.829 -31.217 1136.1 67.918
0.89167 -59.182 1069.5 86.792 -59.783 1110.8 86.811 -28.867 1147.1 67.485
0.9 -58.291 1079.2 86.39 -58.598 1120.9 85.797 -26.305 1157.9 67.041
0.90833 -57.248 1088.9 86.004 -57.324 1130.9 84.789 -23.558 1168.8 66.587
0.91667 -56.075 1098.3 85.624 -55.955 1141 83.788 -20.654 1179.5 66.124
0.925 -54.801 1107.6 85.239 -54.483 1151 82.794 -17.623 1190.1 65.654
0.93333 -53.448 1116.8 84.841 -52.902 1161.1 81.807 -14.494 1200.5 65.177
0.94167 -52.045 1125.9 84.425 -51.206 1171.1 80.828 -11.292 1210.8 64.697
0.95 -50.62 1134.9 83.99 -49.393 1181.2 79.858 -8.0376 1221 64.215
0.95833 -49.193 1143.8 83.54 -47.459 1191.2 78.901 -4.7455 1231.1 63.734
0.96667 -47.778 1152.7 83.079 -45.405 1201.3 77.959 -1.4238 1241 63.256
0.975 -46.384 1161.7 82.616 -43.23 1211.4 77.04 1.9246 1250.9 62.784
0.98333 -45.001 1170.6 82.155 -40.939 1221.5 76.148 5.3023 1260.7 62.319
0.99167 -43.618 1179.5 81.705 -38.535 1231.6 75.29 8.7152 1270.4 61.864
1 -42.217 1188.5 81.271 -36.02 1241.7 74.472 12.172 1280.2 61.42
1.0083 -40.777 1197.5 80.855 -33.399 1251.8 73.698 15.68 1289.9 60.988
1.0167 -39.28 1206.5 80.46 -30.674 1261.9 72.975 19.248 1299.6 60.568
1.025 -37.704 1215.4 80.085 -27.848 1272.1 72.3 22.882 1309.3 60.162
1.0333 -36.035 1224.4 79.727 -24.922 1282.3 71.679 26.585 1319.1 59.77
1.0417 -34.26 1233.4 79.382 -21.898 1292.5 71.106 30.357 1328.9 59.39
1.05 -32.37 1242.4 79.047 -18.777 1302.7 70.584 34.196 1338.7 59.024
1.0583 -30.354 1251.4 78.717 -15.558 1313 70.106 38.099 1348.4 58.671
1.0667 -28.204 1260.4 78.39 -12.241 1323.3 69.672 42.06 1358.2 58.331
1.075 -25.909 1269.5 78.066 -8.8275 1333.6 69.279 46.074 1368 58.005
1.0833 -23.456 1278.7 77.747 -5.3149 1343.9 68.922 50.137 1377.8 57.694
1.0917 -20.832 1287.9 77.438 -1.7018 1354.2 68.605 54.247 1387.6 57.397
1.1 -18.022 1297.3 77.151 2.0096 1364.6 68.316 58.401 1397.4 57.117
1.1083 -15.017 1306.7 76.895 5.8246 1375 68.064 62.602 1407.2 56.854
1.1167 -11.818 1316.3 76.68 9.744 1385.5 67.844 66.851 1417 56.609
1.125 -8.4406 1326.1 76.518 13.771 1395.9 67.656 71.154 1426.8 56.382
1.1333 -4.9132 1335.9 76.412 17.907 1406.4 67.499 75.517 1436.6 56.173
1.1417 -1.2716 1345.9 76.362 22.159 1417 67.369 79.946 1446.3 55.98
1.15 2.4503 1355.9 76.364 26.529 1427.5 67.262 84.447 1456.1 55.803
1.1583 6.2268 1366 76.407 31.025 1438.2 67.174 89.027 1465.8 55.639
1.1667 10.044 1376.2 76.477 35.651 1448.8 67.098 93.692 1475.5 55.486
1.175 13.894 1386.3 76.561 40.416 1459.5 67.026 98.447 1485.1 55.344
1.1833 17.78 1396.6 76.646 45.325 1470.3 66.95 103.3 1494.8 55.211
1.1917 21.712 1406.8 76.719 50.387 1481 66.86 108.25 1504.4 55.087
1.2 25.711 1417.2 76.769 55.607 1491.8 66.75 113.3 1514.1 54.972
1.2083 29.799 1427.7 76.788 60.989 1502.7 66.609 118.45 1523.7 54.867
1.2167 34.012 1438.4 76.772 66.537 1513.5 66.435 123.71 1533.3 54.775
1.225 38.388 1449.2 76.715 72.248 1524.4 66.223 129.09 1543 54.697
1.2333 42.968 1460.3 76.615 78.117 1535.2 65.971 134.57 1552.7 54.635
1.2417 47.786 1471.6 76.466 84.133 1546.1 65.682 140.16 1562.5 54.591
1.25 52.861 1483.1 76.265 90.278 1557 65.358 145.86 1572.3 54.562
1.2583 58.198 1494.8 76.005 96.532 1567.9 65.006 151.66 1582.2 54.548
1.2667 63.79 1506.6 75.683 102.87 1578.8 64.632 157.56 1592.1 54.545
1.275 69.619 1518.4 75.296 109.25 1589.7 64.246 163.55 1602.1 54.547
1.2833 75.658 1530.2 74.846 115.65 1600.5 63.856 169.61 1612 54.548
1.2917 81.881 1542 74.337 122.03 1611.4 63.472 175.73 1622.1 54.542
1.3 88.253 1553.6 73.776 128.35 1622.1 63.103 181.9 1632.1 54.521
1.3083 94.739 1565 73.173 134.58 1632.9 62.758 188.09 1642.1 54.481
1.3167 101.29 1576.2 72.539 140.69 1643.5 62.441 194.27 1652.1 54.419
1.325 107.87 1587.1 71.886 146.66 1654 62.159 200.43 1662.1 54.334
1.3333 114.42 1597.8 71.222 152.47 1664.4 61.915 206.54 1672.1 54.229
1.3417 120.89 1608.3 70.554 158.1 1674.6 61.709 212.58 1682 54.109
1.35 127.27 1618.6 69.888 163.57 1684.7 61.541 218.53 1691.9 53.983
1.3583 133.55 1628.7 69.224 168.87 1694.5 61.407 224.37 1701.9 53.859
1.3667 139.74 1638.8 68.566 174.02 1704.2 61.303 230.08 1711.8 53.749
1.375 145.86 1648.8 67.92 179.04 1713.8 61.223 235.65 1721.7 53.664
1.3833 151.93 1658.7 67.292 183.96 1723.1 61.161 241.08 1731.7 53.613
1.3917 157.99 1668.7 66.689 188.8 1732.3 61.112 246.36 1741.6 53.604
1.4 164.03 1678.6 66.115 193.61 1741.4 61.07 251.51 1751.7 53.643
1.4083 170.09 1688.5 65.574 198.39 1750.3 61.031 256.52 1761.7 53.732
1.4167 176.15 1698.4 65.067 203.19 1759.2 60.994 261.41 1771.8 53.871
1.425 182.22 1708.3 64.589 208 1768.1 60.958 266.19 1781.9 54.059
1.4333 188.29 1718.1 64.137 212.86 1776.9 60.923 270.87 1792.1 54.288
1.4417 194.34 1727.8 63.703 217.76 1785.7 60.893 275.49 1802.3 54.554
1.45 200.37 1737.5 63.279 222.71 1794.5 60.869 280.06 1812.6 54.849
1.4583 206.36 1747.1 62.855 227.7 1803.4 60.855 284.58 1822.9 55.165
1.4667 212.32 1756.6 62.426 232.72 1812.3 60.852 289.09 1833.3 55.496
1.475 218.23 1766.1 61.985 237.78 1821.3 60.862 293.59 1843.7 55.836
1.4833 224.11 1775.5 61.529 242.85 1830.3 60.886 298.09 1854.2 56.18
1.4917 229.95 1784.9 61.057 247.94 1839.3 60.922 302.61 1864.6 56.527
1.5 235.76 1794.3 60.572 253.04 1848.3 60.966 307.14 1875.2 56.873
1.5083 241.54 1803.6 60.074 258.15 1857.4 61.015 311.68 1885.7 57.22
1.5167 247.29 1813 59.568 263.27 1866.5 61.063 316.24 1896.2 57.568
1.525 253.03 1822.4 59.055 268.42 1875.6 61.105 320.8 1906.8 57.92
1.5333 258.75 1831.8 58.535 273.59 1884.8 61.137 325.37 1917.3 58.276
1.5417 264.45 1841.2 58.008 278.81 1894 61.154 329.94 1927.8 58.64
1.55 270.15 1850.7 57.472 284.07 1903.2 61.153 334.51 1938.2 59.014
1.5583 275.84 1860.2 56.926 289.38 1912.5 61.135 339.07 1948.6 59.398
1.5667 281.51 1869.7 56.369 294.75 1921.8 61.098 343.64 1959 59.795
1.575 287.16 1879.3 55.805 300.18 1931.2 61.046 348.2 1969.3 60.203
1.5833 292.77 1888.9 55.24 305.66 1940.7 60.98 352.79 1979.7 60.622
1.5917 298.35 1898.5 54.682 311.2 1950.3 60.906 357.39 1990 61.05
1.6 303.89 1908.2 54.146 316.79 1959.9 60.826 362.03 2000.2 61.484
1.6083 309.4 1917.9 53.645 322.42 1969.6 60.744 366.72 2010.6 61.92
1.6167 314.88 1927.7 53.192 328.08 1979.3 60.663 371.47 2020.9 62.353
1.625 320.33 1937.5 52.798 333.77 1989.2 60.585 376.3 2031.3 62.777
1.6333 325.79 1947.4 52.471 339.48 1999.1 60.509 381.2 2041.7 63.188
1.6417 331.27 1957.4 52.21 345.21 2009.1 60.437 386.18 2052.1 63.581
1.65 336.8 1967.4 52.011 350.96 2019.2 60.366 391.26 2062.5 63.951
1.6583 342.39 1977.7 51.866 356.74 2029.4 60.296 396.41 2073 64.296
1.6667 348.07 1988 51.766 362.54 2039.6 60.223 401.64 2083.5 64.615
1.675 353.83 1998.5 51.703 368.37 2050 60.154 406.93 2094 64.906
1.6833 359.67 2009.1 51.671 374.26 2060.3 60.059 411.66 2104.5 65.848
1.6917 365.57 2019.9 51.664 380.17 2070.9 60.003 417.07 2115 66.093
1.7 371.52 2030.7 51.674 386.11 2081.4 59.962 422.51 2125.5 66.319
1.7083 377.52 2041.7 51.688 392.12 2092.1 59.954 428 2136 66.53
1.7167 383.59 2052.7 51.695 398.17 2102.9 59.972 433.52 2146.5 66.728
1.725 389.76 2063.8 51.682 404.24 2113.8 60.036 439.08 2157.1 66.918
1.7333 396.05 2075 51.64 410.34 2124.7 60.132 444.68 2167.8 67.1
1.7417 402.48 2086.4 51.563 416.4 2135.7 60.267 450.31 2178.5 67.276
1.75 409.08 2098 51.452 422.44 2146.8 60.435 456 2189.4 67.443
1.7583 415.87 2109.7 51.311 428.44 2157.9 60.638 461.74 2200.3 67.6
1.7667 422.83 2121.7 51.153 434.41 2169.1 60.842 467.53 2211.4 67.747
1.775 429.95 2133.8 50.995 440.31 2180.2 61.03 473.37 2222.5 67.879
1.7833 437.22 2146 50.857 446.18 2191.4 61.208 479.26 2233.8 67.996
1.7917 444.58 2158.4 50.758 452.03 2202.7 61.363 485.19 2245.1 68.099
1.8 451.98 2170.8 50.718 457.89 2213.9 61.49 491.13 2256.4 68.189
1.8083 459.38 2183.2 50.746 463.78 2225.2 61.582 497.09 2267.7 68.269
1.8167 466.71 2195.6 50.847 469.73 2236.6 61.635 503.04 2279 68.347
1.825 473.95 2207.9 51.017 475.77 2248 61.644 508.98 2290.3 68.426
1.8333 481.07 2220 51.246 481.9 2259.3 61.609 514.88 2301.5 68.517
1.8417 488.04 2231.9 51.516 488.16 2270.7 61.529 520.74 2312.7 68.624
1.85 494.87 2243.7 51.805 494.53 2282.1 61.406 526.57 2323.7 68.754
1.8583 501.55 2255.2 52.09 501.01 2293.3 61.241 532.37 2334.8 68.91
1.8667 508.1 2266.4 52.35 507.59 2304.4 61.037 538.16 2345.7 69.094
1.875 514.52 2277.5 52.571 514.26 2315.4 60.798 543.94 2356.6 69.304
1.8833 520.82 2288.3 52.745 520.98 2326.2 60.527 549.76 2367.4 69.535
1.8917 527.01 2299 52.873 527.73 2336.8 60.225 555.63 2378.2 69.78
1.9 533.13 2309.6 52.965 534.48 2347.1 59.895 561.58 2388.9 70.03
1.9083 539.16 2320.1 53.025 541.21 2357.2 59.538 567.64 2399.6 70.275
1.9167 545.14 2330.5 53.073 547.9 2367.1 59.156 573.83 2410.2 70.504
1.925 551.08 2340.9 53.119 554.54 2376.8 58.749 580.17 2420.7 70.708
1.9333 557.01 2351.2 53.176 561.12 2386.4 58.321 586.66 2431.2 70.879
1.9417 562.93 2361.4 53.254 567.66 2395.8 57.874 593.31 2441.5 71.014
1.95 568.88 2371.5 53.361 574.16 2405.1 57.411 600.12 2451.8 71.11
1.9583 574.88 2381.5 53.499 580.63 2414.3 56.937 607.06 2462 71.168
1.9667 580.95 2391.3 53.671 587.09 2423.4 56.456 614.13 2472 71.191
1.975 587.11 2401 53.873 593.55 2432.5 55.973 621.31 2481.9 71.184
1.9833 593.37 2410.6 54.099 600.04 2441.6 55.495 628.58 2491.7 71.153
1.9917 599.72 2420 54.344 606.56 2450.7 55.025 635.92 2501.4 71.102
2 606.17 2429.3 54.603 613.12 2459.8 54.568 643.31 2510.9 71.037
2.0083 612.71 2438.4 54.87 619.73 2468.8 54.126 650.74 2520.4 70.963
2.0167 619.31 2447.5 55.141 626.4 2477.9 53.702 658.21 2529.7 70.879
2.025 625.96 2456.6 55.414 633.11 2486.9 53.295 665.7 2539 70.789
2.0333 632.63 2465.5 55.689 639.87 2496 52.908 673.22 2548.2 70.691
2.0417 639.31 2474.5 55.964 646.67 2505 52.54 680.76 2557.3 70.585
2.05 645.97 2483.4 56.241 653.52 2514.1 52.191 688.33 2566.3 70.468
2.0583 652.6 2492.3 56.519 660.41 2523.2 51.861 695.93 2575.3 70.339
2.0667 659.22 2501.2 56.799 667.35 2532.3 51.551 703.56 2584.1 70.199
2.075 665.82 2510 57.079 674.34 2541.5 51.262 711.22 2592.9 70.047
2.0833 672.44 2518.8 57.361 681.38 2550.7 50.996 718.91 2601.7 69.888
2.0917 679.11 2527.6 57.64 688.47 2560 50.754 726.62 2610.4 69.723
2.1 685.84 2536.4 57.915 695.63 2569.4 50.537 734.34 2619.1 69.559
2.1083 692.68 2545.1 58.184 702.84 2578.9 50.348 742.07 2627.7 69.401
2.1167 699.65 2553.9 58.442 710.12 2588.4 50.188 749.81 2636.4 69.255
2.125 706.76 2562.6 58.687 717.46 2598 50.059 757.54 2645 69.125
2.1333 714.03 2571.3 58.917 724.87 2607.6 49.961 765.28 2653.7 69.016
2.1417 721.47 2580.1 59.133 732.35 2617.3 49.893 773.01 2662.4 68.928
2.15 729.06 2588.9 59.334 739.89 2627 49.856 780.75 2671.2 68.861
2.1583 736.81 2597.7 59.525 747.5 2636.8 49.847 788.49 2680 68.813
2.1667 744.71 2606.6 59.71 755.19 2646.5 49.865 796.25 2688.8 68.78
2.175 752.74 2615.5 59.895 762.96 2656.2 49.907 804.04 2697.7 68.757
2.1833 760.89 2624.5 60.082 770.81 2665.9 49.97 811.87 2706.6 68.739
2.1917 769.12 2633.6 60.272 778.76 2675.6 50.052 819.74 2715.5 68.721
2.2 777.39 2642.7 60.461 786.81 2685.3 50.149 827.67 2724.4 68.701
2.2083 785.67 2651.9 60.642 794.96 2695 50.256 835.65 2733.4 68.678
2.2167 793.94 2661.2 60.804 803.22 2704.7 50.369 843.69 2742.4 68.655
2.225 802.2 2670.5 60.937 811.59 2714.3 50.481 851.78 2751.4 68.637
2.2333 810.46 2679.8 61.033 820.07 2723.9 50.592 859.93 2760.5 68.632
2.2417 818.75 2689.1 61.083 828.65 2733.6 50.694 868.12 2769.6 68.65
2.25 827.09 2698.5 61.084 837.33 2743.2 50.778 876.35 2778.7 68.7
2.2583 835.51 2707.9 61.035 846.11 2752.7 50.845 884.61 2787.9 68.791
2.2667 844.05 2717.5 60.938 854.96 2762.3 50.884 892.9 2797.3 68.928
2.275 852.72 2727.2 60.799 863.89 2771.8 50.896 901.21 2806.7 69.115
2.2833 861.53 2737 60.625 872.87 2781.3 50.875 909.56 2816.2 69.347
2.2917 870.48 2747 60.424 881.9 2790.8 50.823 917.94 2825.8 69.618
2.3 879.55 2757.2 60.2 890.97 2800.3 50.737 926.36 2835.5 69.917
2.3083 888.71 2767.5 59.957 900.06 2809.8 50.624 934.82 2845.2 70.225
2.3167 897.92 2778 59.697 909.16 2819.2 50.481 943.33 2855 70.527
2.325 907.13 2788.4 59.42 918.24 2828.7 50.323 951.9 2864.8 70.8
2.3333 916.3 2798.8 59.132 927.3 2838.2 50.147 960.51 2874.6 71.03
2.3417 925.41 2809.2 58.836 936.3 2847.7 49.974 969.16 2884.4 71.199
2.35 934.42 2819.3 58.54 945.22 2857.3 49.801 977.84 2894.1 71.3
2.3583 943.34 2829.3 58.25 954.03 2866.9 49.65 986.51 2903.8 71.329
2.3667 952.17 2839.1 57.972 962.72 2876.5 49.529 995.14 2913.4 71.288
2.375 960.91 2848.6 57.711 971.24 2886.1 49.448 1003.7 2922.9 71.189
2.3833 969.58 2857.9 57.47 979.58 2895.7 49.417 1012.2 2932.3 71.044
2.3917 978.18 2867.1 57.249 987.71 2905.2 49.446 1020.5 2941.7 70.873
2.4 986.73 2876 57.046 995.64 2914.7 49.541 1028.7 2951.1 70.696
2.4083 995.24 2884.8 56.857 1003.3 2924.2 49.704 1036.6 2960.5 70.534
2.4167 1003.7 2893.6 56.675 1010.8 2933.5 49.938 1044.4 2969.8 70.403
2.425 1012.2 2902.3 56.497 1018.1 2942.7 50.239 1051.9 2979.3 70.32
2.4333 1020.7 2910.9 56.316 1025.2 2951.8 50.601 1059.2 2988.8 70.294
2.4417 1029.2 2919.6 56.132 1032.2 2960.8 51.023 1066.2 2998.4 70.329
2.45 1037.6 2928.3 55.944 1039 2969.7 51.499 1073.1 3008 70.425
2.4583 1045.9 2936.9 55.749 1045.8 2978.5 52.008 1079.7 3017.8 70.579
2.4667 1054 2945.7 55.548 1052.4 2987.2 52.558 1086.2 3027.7 70.778
2.475 1062 2954.4 55.341 1059 2995.9 53.128 1092.5 3037.6 71.015
2.4833 1069.8 2963.1 55.13 1065.6 3004.6 53.715 1098.7 3047.6 71.278
2.4917 1077.4 2971.9 54.917 1072.2 3013.3 54.313 1104.7 3057.7 71.559
2.5 1084.7 2980.6 54.705 1078.7 3022 54.916 1110.6 3067.8 71.849
2.5083 1091.9 2989.4 54.494 1085.3 3030.8 55.519 1116.4 3077.9 72.146
2.5167 1098.8 2998.1 54.289 1091.7 3039.6 56.116 1122.1 3088 72.448
2.525 1105.5 3006.9 54.093 1098.2 3048.5 56.703 1127.7 3098.1 72.758
2.5333 1112.1 3015.7 53.906 1104.6 3057.3 57.275 1133.1 3108.2 73.079
2.5417 1118.6 3024.5 53.733 1111 3066.3 57.829 1138.5 3118.3 73.416
2.55 1125 3033.2 53.572 1117.2 3075.2 58.358 1143.7 3128.3 73.772
2.5583 1131.4 3042 53.426 1123.5 3084.2 58.86 1148.8 3138.3 74.153
2.5667 1137.7 3050.9 53.293 1129.6 3093.1 59.331 1153.8 3148.2 74.558
2.575 1144 3059.7 53.169 1135.8 3102.1 59.766 1158.8 3158.1 74.986
2.5833 1150.2 3068.5 53.051 1141.9 3111.1 60.164 1163.7 3168 75.435
2.5917 1156.5 3077.4 52.934 1147.9 3120.1 60.523 1168.6 3177.7 75.901
2.6 1162.9 3086.3 52.813 1154 3129.2 60.843 1173.5 3187.5 76.378
2.6083 1169.2 3095.2 52.685 1160.1 3138.3 61.122 1178.4 3197.2 76.859
2.6167 1175.5 3104.2 52.549 1166.2 3147.5 61.364 1183.3 3206.8 77.342
2.625 1181.9 3113.2 52.406 1172.3 3156.7 61.57 1188.3 3216.4 77.821
2.6333 1188.2 3122.3 52.26 1178.4 3166 61.743 1193.2 3226 78.296
2.6417 1194.6 3131.4 52.118 1184.5 3175.4 61.886 1198.2 3235.6 78.765
2.65 1201 3140.5 51.988 1190.7 3184.9 62.002 1203.3 3245.2 79.23
2.6583 1207.3 3149.7 51.876 1196.8 3194.5 62.094 1208.3 3254.8 79.692
2.6667 1213.7 3158.9 51.791 1202.9 3204.1 62.165 1213.4 3264.4 80.152
2.675 1220 3168.1 51.734 1209.1 3213.8 62.219 1218.5 3273.9 80.613
2.6833 1226.3 3177.5 51.706 1215.1 3223.6 62.257 1223.6 3283.5 81.073
2.6917 1232.6 3187 51.705 1221.2 3233.5 62.281 1228.8 3293.1 81.532
2.7 1238.9 3196.6 51.729 1227.2 3243.4 62.295 1233.9 3302.7 81.987
2.7083 1245.3 3206.4 51.772 1233.1 3253.4 62.302 1239 3312.3 82.433
2.7167 1251.6 3216.4 51.835 1239.1 3263.4 62.305 1244.2 3322 82.868
2.725 1257.9 3226.5 51.918 1245 3273.5 62.308 1249.3 3331.7 83.287
2.7333 1264.1 3236.7 52.019 1250.8 3283.6 62.318 1254.5 3341.4 83.688
2.7417 1270.4 3247 52.134 1256.7 3293.8 62.34 1259.7 3351.1 84.069
2.75 1276.6 3257.5 52.26 1262.5 3304.1 62.381 1264.9 3360.9 84.43
2.7583 1282.9 3268.1 52.391 1268.2 3314.4 62.447 1270.1 3370.8 84.774
2.7667 1289.1 3278.8 52.52 1274 3324.7 62.543 1275.4 3380.8 85.103
2.775 1295.4 3289.7 52.642 1279.7 3335.1 62.674 1280.6 3390.9 85.421
2.7833 1301.7 3300.7 52.754 1285.3 3345.6 62.841 1285.8 3401.1 85.734
2.7917 1308.2 3312 52.858 1290.9 3356 63.044 1290.9 3411.4 86.044
2.8 1314.7 3323.4 52.958 1296.4 3366.6 63.28 1296 3421.8 86.355
2.8083 1321.2 3335 53.061 1301.8 3377.1 63.545 1301 3432.4 86.669
2.8167 1327.9 3346.8 53.182 1307.1 3387.7 63.831 1306 3443 86.985
2.825 1334.6 3358.8 53.329 1312.4 3398.3 64.132 1310.9 3453.6 87.304
2.8333 1341.3 3370.8 53.522 1317.6 3408.9 64.439 1315.8 3464.4 87.624
2.8417 1348 3382.9 53.772 1322.8 3419.6 64.744 1320.5 3475.1 87.944
2.85 1354.7 3394.9 54.086 1328 3430.3 65.04 1325.2 3485.9 88.264
2.8583 1361.2 3406.9 54.468 1333.1 3441 65.32 1329.9 3496.7 88.584
2.8667 1367.5 3418.8 54.911 1338.3 3451.8 65.582 1334.5 3507.4 88.908
2.875 1373.7 3430.5 55.406 1343.5 3462.6 65.822 1339 3518 89.238
2.8833 1379.6 3442 55.934 1348.7 3473.3 66.042 1343.5 3528.6 89.58
2.8917 1385.3 3453.4 56.478 1354 3484.1 66.242 1348 3539.2 89.94
2.9 1390.9 3464.5 57.014 1359.3 3494.8 66.423 1352.4 3549.7 90.321
2.9083 1396.2 3475.4 57.525 1364.7 3505.4 66.59 1356.7 3560.2 90.728
2.9167 1401.4 3486.1 57.997 1370 3515.9 66.746 1361.1 3570.6 91.161
2.925 1406.5 3496.6 58.426 1375.4 3526.4 66.892 1365.4 3581 91.618
2.9333 1411.3 3507.1 58.814 1380.7 3536.6 67.031 1369.7 3591.3 92.096
2.9417 1416.1 3517.5 59.172 1386 3546.7 67.165 1374.1 3601.7 92.584
2.95 1420.8 3527.8 59.504 1391.2 3556.7 67.294 1378.4 3612.1 93.073
2.9583 1425.4 3538.2 59.831 1396.3 3566.5 67.418 1382.9 3622.5 93.552
2.9667 1429.8 3548.5 60.167 1401.2 3576.1 67.537 1387.3 3632.8 94.007
2.975 1434.3 3558.8 60.528 1406.1 3585.6 67.65 1391.9 3643.2 94.428
2.9833 1438.6 3569.1 60.922 1410.9 3594.9 67.758 1396.6 3653.5 94.808
2.9917 1442.9 3579.3 61.365 1415.5 3604.2 67.859 1401.3 3663.8 95.141
3 1447.2 3589.5 61.856 1420.1 3613.3 67.954 1406.1 3674 95.428
3.0083 1451.6 3599.5 62.4 1424.6 3622.4 68.044 1411 3684.2 95.671
3.0167 1455.9 3609.5 62.99 1429.1 3631.5 68.128 1416 3694.3 95.877
3.025 1460.2 3619.3 63.619 1433.5 3640.6 68.21 1421 3704.4 96.055
3.0333 1464.6 3629 64.276 1437.9 3649.7 68.29 1426 3714.3 96.215
3.0417 1469 3638.6 64.95 1442.3 3658.8 68.371 1431 3724.2 96.369
3.05 1473.5 3648.1 65.632 1446.8 3667.9 68.454 1436 3734 96.526
3.0583 1477.9 3657.5 66.312 1451.2 3677.1 68.543 1440.9 3743.7 96.693
3.0667 1482.3 3666.9 66.986 1455.6 3686.3 68.639 1445.8 3753.3 96.875
3.075 1486.7 3676.2 67.65 1460.1 3695.6 68.744 1450.7 3762.9 97.074
3.0833 1491.1 3685.5 68.305 1464.5 3705 68.86 1455.4 3772.4 97.288
3.0917 1495.4 3694.8 68.951 1469 3714.4 68.987 1460.2 3781.8 97.514
3.1 1499.7 3704.1 69.592 1473.4 3723.9 69.126 1464.9 3791.2 97.747
3.1083 1503.9 3713.4 70.232 1477.8 3733.5 69.278 1469.5 3800.4 97.981
3.1167 1508.1 3722.6 70.87 1482.2 3743.1 69.444 1474.2 3809.7 98.212
3.125 1512.3 3731.9 71.509 1486.6 3752.9 69.623 1478.8 3818.9 98.434
3.1333 1516.6 3741.2 72.145 1490.9 3762.7 69.816 1483.4 3828 98.645
3.1417 1521 3750.5 72.776 1495.3 3772.5 70.024 1488 3837.1 98.845
3.15 1525.6 3759.8 73.396 1499.6 3782.5 70.245 1492.7 3846.2 99.033
3.1583 1530.3 3769.1 73.999 1504 3792.5 70.48 1497.3 3855.3 99.211
3.1667 1535.1 3778.5 74.577 1508.3 3802.5 70.729 1502 3864.4 99.383
3.175 1540.2 3787.9 75.124 1512.7 3812.6 70.99 1506.6 3873.6 99.55
3.1833 1545.4 3797.3 75.638 1517 3822.7 71.263 1511.3 3882.7 99.717
3.1917 1550.7 3806.8 76.116 1521.4 3832.8 71.544 1515.9 3891.9 99.883
3.2 1556.2 3816.5 76.555 1525.8 3843 71.831 1520.5 3901.2 100.05
3.2083 1561.7 3826.2 76.965 1530.2 3853.1 72.133 1525 3910.5 100.22
3.2167 1567.2 3836.1 77.34 1534.6 3863.2 72.434 1529.5 3919.8 100.4
3.225 1572.8 3846 77.681 1539 3873.4 72.738 1534 3929.3 100.57
3.2333 1578.2 3856.1 77.987 1543.4 3883.5 73.041 1538.4 3938.7 100.75
3.2417 1583.6 3866.2 78.255 1547.9 3893.7 73.341 1542.8 3948.3 100.93
3.25 1588.9 3876.4 78.481 1552.3 3903.8 73.635 1547.1 3957.9 101.11
3.2583 1594.1 3886.5 78.662 1556.7 3914 73.922 1551.4 3967.5 101.3
3.2667 1599.2 3896.7 78.798 1561.2 3924.2 74.195 1555.6 3977.2 101.51
3.275 1604.2 3906.9 78.892 1565.6 3934.4 74.453 1559.8 3987 101.72
3.2833 1609.2 3917 78.944 1570 3944.6 74.701 1563.9 3996.9 101.95
3.2917 1614.1 3927.2 78.963 1574.4 3954.8 74.929 1567.9 4006.9 102.21
3.3 1619.1 3937.5 78.957 1578.8 3965 75.138 1571.9 4017 102.48
3.3083 1624.1 3947.9 78.935 1583.3 3975.2 75.328 1575.7 4027.2 102.78
3.3167 1629.2 3958.4 78.903 1587.7 3985.3 75.502 1579.6 4037.5 103.11
3.325 1634.3 3969.1 78.872 1592.1 3995.5 75.661 1583.3 4048 103.45
3.3333 1639.4 3980 78.848 1596.4 4005.7 75.807 1587 4058.5 103.8
3.3417 1644.5 3991 78.842 1600.8 4015.8 75.944 1590.6 4069.1 104.16
3.35 1649.5 4002.3 78.859 1605.1 4026 76.078 1594.2 4079.8 104.52
3.3583 1654.5 4013.6 78.896 1609.4 4036.2 76.215 1597.8 4090.5 104.87
3.3667 1659.3 4025.1 78.96 1613.7 4046.4 76.362 1601.3 4101.2 105.21
3.375 1664.1 4036.5 79.053 1617.8 4056.6 76.529 1604.7 4111.9 105.53
3.3833 1668.6 4047.9 79.184 1621.9 4066.9 76.721 1608.2 4122.4 105.83
3.3917 1673 4059.3 79.355 1625.9 4077.2 76.946 1611.6 4132.9 106.12
3.4 1677.2 4070.4 79.572 1629.7 4087.6 77.214 1614.9 4143.3 106.38
3.4083 1681.3 4081.4 79.838 1633.4 4098 77.529 1618.2 4153.5 106.62
3.4167 1685.3 4092.2 80.157 1636.9 4108.5 77.899 1621.4 4163.6 106.85
3.425 1689.2 4102.8 80.528 1640.2 4119 78.325 1624.5 4173.6 107.07
3.4333 1693 4113.2 80.951 1643.4 4129.5 78.813 1627.5 4183.4 107.28
3.4417 1696.7 4123.4 81.421 1646.3 4140 79.359 1630.4 4193.2 107.5
3.45 1700.4 4133.5 81.926 1649.1 4150.4 79.966 1633.1 4202.9 107.73
3.4583 1704 4143.5 82.455 1651.7 4160.8 80.628 1635.6 4212.6 107.98
3.4667 1707.6 4153.3 82.991 1654.1 4171 81.336 1637.9 4222.4 108.24
3.475 1711.2 4163.1 83.521 1656.3 4181.1 82.098 1639.9 4232.1 108.52
3.4833 1714.6 4172.9 84.029 1658.4 4191.1 82.912 1641.7 4242 108.84
3.4917 1718 4182.7 84.503 1660.3 4200.9 83.756 1643.1 4252 109.18
3.5 1721.2 4192.4 84.933 1662.1 4210.5 84.634 1644.3 4262 109.55
3.5083 1724.1 4202.2 85.317 1663.7 4220.1 85.541 1645.2 4272.2 109.96
3.5167 1726.8 4211.9 85.655 1665.3 4229.5 86.475 1645.8 4282.4 110.4
3.525 1729.1 4221.6 85.955 1666.7 4238.8 87.432 1646 4292.7 110.87
3.5333 1731.1 4231.3 86.231 1668 4248.1 88.409 1646 4303 111.37
3.5417 1732.7 4240.8 86.501 1669.2 4257.3 89.403 1645.7 4313.3 111.91
3.55 1734 4250.2 86.782 1670.3 4266.5 90.411 1645.2 4323.6 112.47
3.5583 1734.9 4259.5 87.09 1671.3 4275.7 91.429 1644.4 4333.9 113.06
3.5667 1735.6 4268.6 87.429 1672.1 4284.9 92.453 1643.4 4344 113.68
3.575 1736 4277.7 87.804 1672.9 4294.2 93.473 1642.3 4354.1 114.3
3.5833 1736.3 4286.6 88.221 1673.5 4303.5 94.486 1641 4364 114.94
3.5917 1736.4 4295.4 88.67 1674 4312.9 95.483 1639.7 4373.9 115.59
3.6 1736.4 4304.2 89.144 1674.5 4322.3 96.456 1638.2 4383.6 116.23
3.6083 1736.3 4312.9 89.638 1674.8 4331.7 97.398 1636.7 4393.2 116.86
3.6167 1736.2 4321.6 90.136 1674.9 4341.2 98.302 1635.2 4402.8 117.47
3.625 1736.1 4330.4 90.631 1675 4350.7 99.161 1633.6 4412.2 118.07
3.6333 1736 4339.2 91.114 1675 4360.2 99.971 1632.1 4421.6 118.65
3.6417 1735.9 4348 91.583 1674.8 4369.7 100.73 1630.5 4431 119.2
3.65 1735.9 4357 92.037 1674.6 4379.3 101.43 1629 4440.4 119.73
3.6583 1735.9 4366 92.48 1674.2 4388.8 102.09 1627.5 4449.7 120.24
3.6667 1735.9 4375 92.918 1673.6 4398.4 102.69 1625.9 4459.1 120.73
3.675 1735.9 4384.2 93.361 1673 4408 103.25 1624.4 4468.5 121.2
3.6833 1735.9 4393.3 93.819 1672.2 4417.5 103.76 1622.9 4477.8 121.66
3.6917 1735.9 4402.6 94.302 1671.2 4427.1 104.24 1621.4 4487.2 122.1
3.7 1735.8 4411.8 94.816 1670.1 4436.8 104.69 1619.8 4496.5 122.53
3.7083 1735.7 4421.1 95.363 1668.8 4446.4 105.1 1618.3 4505.7 122.95
3.7167 1735.5 4430.5 95.94 1667.4 4456.1 105.49 1616.8 4515 123.35
3.725 1735.1 4439.9 96.541 1665.9 4465.9 105.86 1615.3 4524.1 123.73
3.7333 1734.6 4449.4 97.154 1664.2 4475.7 106.21 1613.8 4533.2 124.09
3.7417 1733.9 4459 97.767 1662.3 4485.5 106.55 1612.2 4542.2 124.42
3.75 1733 4468.6 98.369 1660.4 4495.4 106.86 1610.7 4551.1 124.72
3.7583 1732 4478.4 98.949 1658.3 4505.4 107.17 1609.2 4560 124.99
3.7667 1730.8 4488.3 99.501 1656 4515.4 107.46 1607.6 4568.9 125.22
3.775 1729.5 4498.2 100.02 1653.7 4525.5 107.75 1605.9 4577.7 125.43
3.7833 1728 4508.2 100.5 1651.3 4535.5 108.03 1604.2 4586.5 125.61
3.7917 1726.5 4518.3 100.94 1648.7 4545.6 108.32 1602.3 4595.3 125.78
3.8 1724.7 4528.4 101.34 1646.1 4555.7 108.61 1600.3 4604.1 125.95
3.8083 1722.9 4538.7 101.71 1643.3 4565.8 108.92 1598.1 4613 126.12
3.8167 1720.9 4549 102.06 1640.5 4575.8 109.25 1595.8 4621.9 126.3
3.825 1718.8 4559.4 102.4 1637.5 4585.8 109.59 1593.2 4630.8 126.5
3.8333 1716.6 4570 102.74 1634.4 4595.8 109.96 1590.5 4639.7 126.73
3.8417 1714.2 4580.6 103.11 1631.2 4605.7 110.36 1587.5 4648.7 126.98
3.85 1711.8 4591.4 103.5 1627.8 4615.6 110.77 1584.4 4657.6 127.26
3.8583 1709.1 4602.3 103.95 1624.4 4625.4 111.21 1581.1 4666.6 127.56
3.8667 1706.3 4613.3 104.45 1620.8 4635.2 111.68 1577.6 4675.5 127.86
3.875 1703.3 4624.2 105.02 1617.1 4645 112.15 1574 4684.4 128.17
3.8833 1700.2 4635.2 105.65 1613.3 4654.8 112.64 1570.3 4693.3 128.48
3.8917 1696.9 4646.1 106.35 1609.5 4664.5 113.14 1566.5 4702.1 128.78
3.9 1693.4 4656.8 107.1 1605.6 4674.3 113.63 1562.6 4710.9 129.06
3.9083 1689.7 4667.4 107.89 1601.8 4684 114.11 1558.6 4719.7 129.32
3.9167 1686 4677.8 108.71 1597.9 4693.6 114.57 1554.6 4728.5 129.57
3.925 1682.3 4687.9 109.55 1594.2 4703.2 115.02 1550.5 4737.4 129.81
3.9333 1678.4 4697.8 110.39 1590.5 4712.7 115.43 1546.3 4746.2 130.03
3.9417 1674.6 4707.5 111.23 1586.9 4722 115.81 1542.2 4755.1 130.26
3.95 1670.8 4717.1 112.07 1583.5 4731.2 116.17 1538 4763.9 130.49
3.9583 1666.9 4726.4 112.92 1580.2 4740.3 116.49 1533.7 4772.9 130.72
3.9667 1662.9 4735.7 113.78 1577 4749.1 116.78 1529.5 4781.8 130.96
3.975 1658.8 4744.8 114.65 1573.9 4757.7 117.05 1525.3 4790.8 131.21
3.9833 1654.6 4753.8 115.55 1570.9 4766 117.31 1521.1 4799.7 131.46
3.9917 1650.3 4762.7 116.45 1568 4774.2 117.55 1516.9 4808.6 131.71
4 1645.8 4771.5 117.38 1565.1 4782.1 117.79 1512.8 4817.5 131.95
4.0083 1641.3 4780.1 118.33 1562.1 4789.9 118.04 1508.8 4826.3 132.18
4.0167 1636.6 4788.6 119.28 1559.1 4797.6 118.29 1504.9 4835 132.38
4.025 1632 4797 120.25 1556 4805.1 118.56 1501 4843.6 132.56
4.0333 1627.3 4805.3 121.23 1552.8 4812.6 118.85 1497.2 4852.2 132.71
4.0417 1622.7 4813.4 122.21 1549.5 4820.2 119.16 1493.5 4860.6 132.84
4.05 1618.2 4821.4 123.19 1546.1 4827.7 119.5 1489.7 4869 132.94
4.0583 1613.7 4829.3 124.18 1542.5 4835.3 119.86 1486 4877.3 133.03
4.0667 1609.4 4837.2 125.17 1538.8 4843 120.25 1482.2 4885.5 133.11
4.075 1605.3 4845 126.18 1534.9 4850.8 120.65 1478.3 4893.7 133.19
4.0833 1601.2 4852.7 127.2 1530.9 4858.6 121.08 1474.3 4901.8 133.28
4.0917 1597.2 4860.5 128.25 1526.8 4866.6 121.52 1470.2 4909.8 133.39
4.1 1593.3 4868.1 129.32 1522.6 4874.6 121.98 1466 4917.8 133.52
4.1083 1589.4 4875.8 130.43 1518.3 4882.6 122.45 1461.6 4925.8 133.67
4.1167 1585.6 4883.4 131.56 1513.8 4890.7 122.93 1457.1 4933.7 133.84
4.125 1581.7 4890.9 132.71 1509.2 4898.7 123.42 1452.5 4941.6 134.02
4.1333 1577.8 4898.5 133.88 1504.5 4906.7 123.92 1447.7 4949.4 134.21
4.1417 1574 4906 135.05 1499.7 4914.8 124.43 1442.9 4957.2 134.4
4.15 1570.1 4913.5 136.2 1494.7 4922.7 124.96 1437.9 4965 134.58
4.1583 1566.2 4921 137.32 1489.5 4930.7 125.5 1432.9 4972.7 134.75
4.1667 1562.4 4928.6 138.38 1484.2 4938.6 126.05 1427.8 4980.4 134.89
4.175 1558.6 4936.2 139.38 1478.8 4946.5 126.6 1422.7 4988.1 135.01
4.1833 1554.8 4943.8 140.28 1473.2 4954.3 127.17 1417.8 4996.6 134.35
4.1917 1551 4951.5 141.09 1467.5 4962.2 127.74 1412.6 5004.3 134.44
4.2 1547.3 4959.3 141.79 1461.7 4970.2 128.31 1407.3 5012.1 134.51
4.2083 1543.5 4967.1 142.4 1455.7 4978.2 128.87 1401.9 5019.8 134.57
4.2167 1539.8 4975.1 142.91 1449.6 4986.3 129.42 1396.5 5027.6 134.63
4.225 1535.9 4983.2 143.35 1443.4 4994.5 129.96 1391 5035.4 134.7
4.2333 1532 4991.3 143.72 1437.2 5002.7 130.49 1385.4 5043.2 134.77
4.2417 1528 4999.5 144.06 1430.8 5010.9 130.99 1379.8 5051 134.86
4.25 1523.8 5007.7 144.38 1424.4 5019.2 131.48 1374.1 5058.8 134.97
4.2583 1519.5 5016 144.7 1417.9 5027.5 131.95 1368.4 5066.7 135.09
4.2667 1515 5024.4 145.04 1411.3 5035.9 132.41 1362.7 5074.5 135.22
4.275 1510.2 5032.8 145.4 1404.8 5044.2 132.85 1356.9 5082.4 135.36
4.2833 1505.3 5041.3 145.78 1398.2 5052.6 133.28 1351.1 5090.3 135.5
4.2917 1500.2 5049.8 146.2 1391.6 5060.9 133.69 1345.3 5098.2 135.63
4.3 1494.9 5058.4 146.64 1385 5069.2 134.1 1339.4 5106.1 135.76
4.3083 1489.4 5067.1 147.1 1378.3 5077.6 134.48 1333.6 5114.1 135.88
4.3167 1483.7 5075.8 147.56 1371.7 5086 134.85 1327.8 5122.2 135.99
4.325 1477.8 5084.5 148.02 1365.1 5094.4 135.2 1321.9 5130.4 136.08
4.3333 1471.7 5093.3 148.46 1358.5 5102.8 135.54 1316.1 5138.6 136.16
4.3417 1465.3 5102.1 148.86 1351.9 5111.3 135.85 1310.2 5147 136.23
4.35 1458.7 5110.9 149.23 1345.3 5120 136.14 1304.3 5155.5 136.29
4.3583 1451.8 5119.6 149.54 1338.6 5128.7 136.4 1298.3 5164.1 136.35
4.3667 1444.7 5128.3 149.8 1331.8 5137.5 136.64 1292.3 5172.7 136.42
4.375 1437.2 5136.9 149.99 1324.9 5146.5 136.85 1286.2 5181.5 136.49
4.3833 1429.5 5145.5 150.12 1317.9 5155.6 137.04 1280.1 5190.4 136.57
4.3917 1421.5 5153.9 150.19 1310.8 5164.9 137.19 1273.9 5199.4 136.65
4.4 1413.2 5162.4 150.2 1303.6 5174.3 137.32 1267.7 5208.5 136.74
4.4083 1404.7 5170.8 150.16 1296.2 5183.8 137.43 1261.3 5217.6 136.84
4.4167 1396 5179.1 150.07 1288.6 5193.4 137.51 1254.9 5226.9 136.92
4.425 1387.1 5187.5 149.94 1281 5203.1 137.56 1248.3 5236.2 137.01
4.4333 1378 5195.8 149.78 1273.2 5212.8 137.6 1241.7 5245.6 137.07
4.4417 1368.9 5204.2 149.58 1265.4 5222.5 137.61 1234.9 5255.1 137.12
4.45 1359.7 5212.6 149.37 1257.5 5232.2 137.62 1228.1 5264.7 137.15
4.4583 1350.6 5221 149.13 1249.6 5241.7 137.62 1221.1 5274.2 137.16
4.4667 1341.6 5229.4 148.89 1241.7 5251.1 137.63 1214.1 5283.8 137.14
4.475 1332.7 5237.8 148.64 1233.9 5260.3 137.65 1207 5293.3 137.1
4.4833 1323.9 5246.3 148.4 1226.2 5269.2 137.69 1199.9 5302.6 137.04
4.4917 1315.3 5254.7 148.17 1218.6 5277.9 137.78 1192.7 5311.9 136.97
4.5 1306.9 5263.1 147.95 1211.2 5286.3 137.9 1185.5 5320.9 136.9
4.5083 1298.7 5271.4 147.73 1203.8 5294.3 138.07 1178.3 5329.7 136.82
4.5167 1290.6 5279.7 147.51 1196.7 5302.1 138.29 1171.1 5338.2 136.76
4.525 1282.7 5287.9 147.28 1189.6 5309.6 138.56 1164 5346.4 136.72
4.5333 1274.8 5296 147.05 1182.6 5316.8 138.86 1156.8 5354.3 136.7
4.5417 1266.9 5304 146.8 1175.7 5323.8 139.2 1149.6 5361.9 136.71
4.55 1259.1 5312 146.54 1168.9 5330.7 139.57 1142.5 5369.1 136.75
4.5583 1251.3 5319.9 146.27 1162.1 5337.4 139.94 1135.3 5376.1 136.81
4.5667 1243.5 5327.9 145.99 1155.3 5344.1 140.31 1128.1 5382.8 136.9
4.575 1235.7 5335.8 145.71 1148.5 5350.6 140.66 1120.9 5389.3 137.02
4.5833 1227.9 5343.8 145.44 1141.7 5357.1 141 1113.6 5395.6 137.16
4.5917 1220 5351.7 145.18 1134.8 5363.6 141.31 1106.3 5401.8 137.31
4.6 1212.2 5359.6 144.94 1127.8 5370 141.6 1099 5407.8 137.48
4.6083 1204.3 5367.5 144.72 1120.9 5376.3 141.86 1091.5 5413.8 137.66
4.6167 1196.4 5375.2 144.53 1113.8 5382.6 142.11 1084 5419.7 137.84
4.625 1188.6 5382.8 144.37 1106.7 5388.7 142.35 1076.4 5425.6 138.03
4.6333 1180.7 5390.1 144.23 1099.5 5394.9 142.58 1068.7 5431.5 138.21
4.6417 1173 5397.2 144.12 1092.3 5400.9 142.83 1061 5437.3 138.4
4.65 1165.2 5404.1 144.02 1084.9 5406.9 143.09 1053.1 5443.1 138.59
4.6583 1157.4 5410.7 143.94 1077.6 5412.8 143.36 1045.3 5448.9 138.79
4.6667 1149.7 5417.1 143.85 1070.1 5418.7 143.66 1037.3 5454.6 138.99
4.675 1141.8 5423.3 143.76 1062.6 5424.5 143.98 1029.3 5460.4 139.2
4.6833 1134 5429.3 143.66 1054.9 5430.4 144.31 1021.2 5466.1 139.42
4.6917 1126 5435.2 143.53 1047.3 5436.3 144.65 1013.1 5471.8 139.64
4.7 1118 5441.1 143.39 1039.5 5442.1 144.99 1004.9 5477.5 139.88
4.7083 1109.9 5447 143.24 1031.7 5448 145.3 996.62 5483.1 140.12
4.7167 1101.7 5452.8 143.06 1023.8 5454 145.59 988.3 5488.8 140.36
