0.0083333 3.9883 0.45514 98.604 -12.051 40.836 89.593 34.219 122.89 70.825
0.016667 5.0865 7.1802 98.568 -10.722 47.088 89.668 35.927 128.44 70.489
0.025 6.2047 13.882 98.527 -9.4543 53.307 89.757 37.613 133.91 70.139
0.033333 7.3226 20.58 98.475 -8.2452 59.468 89.857 39.28 139.35 69.777
0.041667 8.4228 27.292 98.406 -7.0883 65.546 89.966 40.932 144.77 69.406
0.05 9.494 34.033 98.311 -5.976 71.523 90.08 42.569 150.21 69.028
0.058333 10.532 40.809 98.181 -4.9006 77.386 90.194 44.196 155.67 68.648
0.066667 11.541 47.623 98.01 -3.8549 83.129 90.305 45.813 161.17 68.269
0.075 12.53 54.466 97.793 -2.8329 88.758 90.406 47.42 166.72 67.893
0.083333 13.508 61.327 97.525 -1.8308 94.288 90.494 49.014 172.32 67.523
0.091667 14.487 68.185 97.208 -0.84676 99.739 90.566 50.591 177.95 67.16
0.1 15.469 75.017 96.846 0.11885 105.14 90.617 52.143 183.62 66.805
0.10833 16.45 81.799 96.446 1.0633 110.51 90.647 53.662 189.32 66.46
0.11667 17.421 88.508 96.02 1.9856 115.88 90.655 55.137 195.03 66.122
0.125 18.365 95.124 95.581 2.8799 121.29 90.642 56.559 200.75 65.793
0.13333 19.262 101.63 95.144 3.7426 126.74 90.611 57.919 206.47 65.473
0.14167 20.09 108.03 94.721 4.5747 132.24 90.559 59.21 212.18 65.159
0.15 20.832 114.32 94.324 5.3727 137.81 90.491 60.429 217.89 64.851
0.15833 21.473 120.5 93.956 6.138 143.45 90.408 61.575 223.58 64.547
0.16667 22.005 126.6 93.619 6.8764 149.15 90.305 62.654 229.26 64.245
0.175 22.432 132.63 93.308 7.5898 154.91 90.186 63.673 234.92 63.941
0.18333 22.765 138.61 93.012 8.2843 160.72 90.048 64.645 240.55 63.633
0.19167 23.026 144.57 92.72 8.9655 166.57 89.888 65.582 246.17 63.316
0.2 23.245 150.51 92.416 9.6383 172.48 89.705 66.5 251.75 62.987
0.20833 23.457 156.45 92.086 10.307 178.43 89.495 67.413 257.3 62.64
0.21667 23.696 162.41 91.717 10.972 184.44 89.259 68.335 262.82 62.271
0.225 23.995 168.38 91.3 11.634 190.51 88.996 69.275 268.3 61.876
0.23333 24.379 174.38 90.832 12.292 196.65 88.706 70.239 273.76 61.453
0.24167 24.862 180.4 90.313 12.942 202.88 88.39 71.23 279.19 60.999
0.25 25.447 186.45 89.749 13.579 209.19 88.051 72.245 284.6 60.515
0.25833 26.123 192.53 89.154 14.199 215.59 87.691 73.28 290 60.002
0.26667 26.867 198.64 88.541 14.799 222.08 87.313 74.327 295.41 59.463
0.275 27.648 204.79 87.927 15.375 228.66 86.92 75.377 300.82 58.902
0.28333 28.43 210.97 87.329 15.928 235.3 86.514 76.422 306.26 58.323
0.29167 29.174 217.2 86.762 16.46 242 86.097 77.454 311.72 57.731
0.3 29.848 223.48 86.234 16.973 248.74 85.669 78.471 317.21 57.133
0.30833 30.426 229.8 85.751 17.476 255.51 85.235 79.469 322.74 56.53
0.31667 30.896 236.18 85.311 17.974 262.28 84.789 80.452 328.3 55.928
0.325 31.259 242.61 84.908 18.476 269.06 84.332 81.422 333.89 55.328
0.33333 31.526 249.11 84.532 18.99 275.83 83.871 82.387 339.52 54.731
0.34167 31.72 255.66 84.168 19.523 282.59 83.397 83.353 345.18 54.137
0.35 31.871 262.27 83.803 20.079 289.36 82.919 84.328 350.86 53.545
0.35833 32.011 268.95 83.423 20.662 296.13 82.434 85.318 356.57 52.953
0.36667 32.173 275.69 83.018 21.271 302.93 81.945 86.328 362.29 52.36
0.375 32.38 282.51 82.579 21.904 309.76 81.453 87.359 368.04 51.763
0.38333 32.653 289.42 82.106 22.559 316.65 80.96 88.412 373.81 51.16
0.39167 32.992 296.41 81.599 23.23 323.59 80.461 89.485 379.6 50.551
0.4 33.392 303.51 81.062 23.913 330.6 79.956 90.574 385.42 49.935
0.40833 33.835 310.73 80.504 24.605 337.68 79.449 91.676 391.27 49.311
0.41667 34.291 318.08 79.933 25.303 344.82 78.935 92.787 397.16 48.681
0.425 34.723 325.57 79.357 26.007 352.02 78.412 93.907 403.08 48.045
0.43333 35.088 333.22 78.785 26.718 359.28 77.878 95.036 409.03 47.403
0.44167 35.349 341.01 78.224 27.439 366.56 77.332 96.179 415.02 46.757
0.45 35.473 348.95 77.675 28.174 373.86 76.775 97.341 421.04 46.106
0.45833 35.436 356.99 77.141 28.928 381.17 76.198 98.534 427.08 45.449
0.46667 35.239 365.15 76.618 29.706 388.47 75.617 99.77 433.14 44.785
0.475 34.883 373.34 76.103 30.512 395.77 75.019 101.06 439.22 44.112
0.48333 34.403 381.56 75.588 31.352 403.05 74.418 102.42 445.3 43.427
0.49167 33.839 389.76 75.067 32.228 410.32 73.814 103.86 451.38 42.726
0.5 33.241 397.88 74.531 33.144 417.6 73.208 105.4 457.45 42.007
0.50833 32.667 405.88 73.973 34.105 424.88 72.602 107.03 463.5 41.265
0.51667 32.171 413.73 73.386 35.115 432.19 71.994 108.77 469.52 40.5
0.525 31.797 421.38 72.767 36.183 439.53 71.382 110.62 475.51 39.708
0.53333 31.579 428.81 72.115 37.319 446.91 70.76 112.57 481.46 38.89
0.54167 31.532 436.01 71.431 38.537 454.34 70.12 114.63 487.36 38.047
0.55 31.651 442.98 70.719 39.85 461.81 69.453 116.79 493.22 37.181
0.55833 31.921 449.73 69.984 41.279 469.31 68.751 119.04 499.04 36.296
0.56667 32.309 456.28 69.231 42.841 476.83 68.003 121.4 504.8 35.396
0.575 32.783 462.66 68.467 44.554 484.33 67.202 123.85 510.52 34.487
0.58333 33.308 468.9 67.695 46.432 491.79 66.344 126.41 516.21 33.574
0.59167 33.859 475.05 66.92 48.487 499.17 65.426 129.09 521.85 32.664
0.6 34.418 481.13 66.144 50.724 506.46 64.449 131.88 527.47 31.762
0.60833 34.984 487.18 65.372 53.141 513.6 63.419 134.82 533.05 30.873
0.61667 35.575 493.22 64.604 55.73 520.58 62.344 137.9 538.61 29.999
0.625 36.227 499.27 63.843 58.477 527.37 61.233 141.16 544.15 29.143
0.63333 36.996 505.33 63.088 61.365 533.97 60.098 144.58 549.64 28.306
0.64167 37.95 511.36 62.337 64.375 540.37 58.95 148.19 555.1 27.488
0.65 39.156 517.33 61.583 67.491 546.56 57.797 151.99 560.49 26.687
0.65833 40.662 523.18 60.821 70.698 552.58 56.648 155.98 565.82 25.9
0.66667 42.487 528.88 60.042 73.992 558.41 55.507 160.15 571.05 25.127
0.675 44.614 534.38 59.242 77.37 564.1 54.375 164.49 576.16 24.363
0.68333 47.015 539.69 58.415 80.841 569.64 53.252 168.99 581.14 23.607
0.69167 49.64 544.79 57.561 84.416 575.06 52.134 173.63 585.95 22.858
0.7 52.439 549.69 56.678 88.111 580.36 51.017 178.4 590.59 22.113
0.70833 55.373 554.39 55.767 91.943 585.55 49.896 183.27 595.04 21.374
0.71667 58.4 558.9 54.831 95.927 590.64 48.767 188.24 599.28 20.64
0.725 61.49 563.23 53.87 100.08 595.6 47.625 193.29 603.32 19.912
0.73333 64.608 567.41 52.888 104.4 600.45 46.469 198.42 607.15 19.192
0.74167 67.729 571.46 51.89 108.9 605.18 45.301 203.62 610.78 18.48
0.75 70.83 575.42 50.88 113.57 609.78 44.123 208.89 614.21 17.776
0.75833 73.901 579.31 49.861 118.4 614.24 42.94 214.25 617.45 17.081
0.76667 76.944 583.16 48.838 123.37 618.56 41.759 219.68 620.51 16.394
0.775 79.973 586.99 47.813 128.48 622.74 40.586 225.2 623.41 15.716
0.78333 83.012 590.78 46.788 133.7 626.78 39.429 230.82 626.15 15.046
0.79167 86.088 594.55 45.765 139.02 630.68 38.294 236.54 628.74 14.385
0.8 89.23 598.26 44.745 144.42 634.44 37.183 242.35 631.19 13.731
0.80833 92.461 601.91 43.73 149.9 638.06 36.102 248.26 633.5 13.087
0.81667 95.799 605.47 42.72 155.46 641.54 35.05 254.27 635.68 12.454
0.825 99.255 608.92 41.717 161.1 644.87 34.027 260.37 637.73 11.834
0.83333 102.84 612.27 40.721 166.82 648.05 33.033 266.54 639.65 11.228
0.84167 106.55 615.48 39.735 172.63 651.09 32.064 272.79 641.46 10.639
0.85 110.38 618.58 38.761 178.54 653.96 31.12 279.09 643.14 10.069
0.85833 114.35 621.55 37.8 184.56 656.67 30.197 285.45 644.71 9.5185
0.86667 118.45 624.4 36.857 190.69 659.22 29.294 291.84 646.17 8.9892
0.875 122.69 627.14 35.935 196.95 661.62 28.41 298.28 647.52 8.4804
0.88333 127.06 629.79 35.042 203.32 663.86 27.546 304.75 648.76 7.9914
0.89167 131.58 632.34 34.18 209.81 665.96 26.702 311.26 649.91 7.5209
0.9 136.26 634.83 33.356 216.42 667.92 25.881 317.8 650.95 7.0676
0.90833 141.08 637.24 32.578 223.13 669.75 25.083 324.38 651.88 6.6304
0.91667 146.07 639.61 31.85 229.94 671.46 24.31 331 652.72 6.2087
0.925 151.24 641.93 31.179 236.83 673.05 23.568 337.67 653.45 5.8031
0.93333 156.58 644.2 30.567 243.79 674.52 22.856 344.39 654.07 5.415
0.94167 162.13 646.41 30.017 250.81 675.88 22.178 351.16 654.58 5.0465
0.95 167.88 648.57 29.525 257.89 677.12 21.531 357.99 654.98 4.7005
0.95833 173.85 650.67 29.089 265.02 678.23 20.919 364.89 655.27 4.3804
0.96667 180.04 652.69 28.699 272.19 679.2 20.338 371.85 655.45 4.0888
0.975 186.47 654.64 28.347 279.42 680.02 19.786 378.87 655.51 3.8276
0.98333 193.12 656.49 28.02 286.7 680.7 19.262 385.97 655.48 3.5977
0.99167 200.02 658.23 27.705 294.04 681.22 18.762 393.14 655.35 3.3983
1 207.14 659.87 27.388 301.45 681.59 18.279 400.38 655.12 3.2267
1.0083 214.5 661.37 27.057 308.94 681.82 17.812 407.7 654.8 3.0797
1.0167 222.09 662.73 26.702 316.52 681.9 17.353 415.12 654.41 2.9527
1.025 229.92 663.93 26.314 324.2 681.85 16.901 422.62 653.96 2.8409
1.0333 237.98 664.96 25.89 332 681.69 16.452 430.23 653.44 2.7404
1.0417 246.28 665.79 25.427 339.89 681.43 16.003 437.94 652.87 2.6478
1.05 254.8 666.42 24.928 347.9 681.09 15.552 445.75 652.26 2.5617
1.0583 263.54 666.83 24.395 356 680.68 15.102 453.67 651.62 2.4824
1.0667 272.48 667.04 23.832 364.19 680.21 14.653 461.7 650.95 2.4117
1.075 281.61 667.02 23.244 372.45 679.71 14.209 469.81 650.27 2.3527
1.0833 290.9 666.81 22.634 380.76 679.17 13.774 478 649.58 2.3094
1.0917 300.31 666.39 22.009 389.11 678.61 13.351 486.24 648.89 2.2852
1.1 309.83 665.8 21.369 397.47 678.02 12.947 494.51 648.21 2.2831
1.1083 319.41 665.05 20.72 405.82 677.43 12.565 502.79 647.55 2.3044
1.1167 329.01 664.17 20.067 414.15 676.82 12.21 511.05 646.9 2.3481
1.125 338.58 663.19 19.413 422.44 676.22 11.884 519.25 646.29 2.4112
1.1333 348.07 662.15 18.764 430.68 675.61 11.589 527.38 645.71 2.4889
1.1417 357.39 661.11 18.131 438.86 675.02 11.325 535.4 645.16 2.575
1.15 366.46 660.16 17.525 446.97 674.45 11.09 543.32 644.65 2.6628
1.1583 375.22 659.35 16.953 455.01 673.9 10.881 551.12 644.19 2.746
1.1667 383.63 658.7 16.425 462.98 673.39 10.695 558.81 643.78 2.8202
1.175 391.78 658.18 15.917 470.86 672.92 10.526 566.38 643.43 2.8825
1.1833 399.71 657.76 15.42 478.66 672.5 10.369 573.87 643.14 2.933
1.1917 407.46 657.46 14.935 486.38 672.13 10.22 581.28 642.91 2.9742
1.2 415.05 657.26 14.456 494.01 671.81 10.073 588.64 642.76 3.0115
1.2083 422.54 657.17 13.98 501.56 671.55 9.9259 595.98 642.68 3.0512
1.2167 429.96 657.18 13.505 509.02 671.33 9.7774 603.31 642.69 3.1011
1.225 437.35 657.27 13.027 516.39 671.16 9.6271 610.65 642.78 3.1687
1.2333 444.75 657.44 12.541 523.67 671.03 9.4761 618.02 642.96 3.2597
1.2417 452.18 657.67 12.046 530.88 670.94 9.3271 625.41 643.23 3.3791
1.25 459.67 657.95 11.537 538.01 670.89 9.1838 632.83 643.58 3.5285
1.2583 467.22 658.26 11.012 545.07 670.87 9.0499 640.26 644.01 3.707
1.2667 474.83 658.58 10.47 552.08 670.87 8.9294 647.7 644.51 3.9114
1.275 482.5 658.9 9.9115 559.05 670.91 8.826 655.12 645.08 4.1368
1.2833 490.19 659.21 9.3412 565.99 670.98 8.7425 662.52 645.72 4.377
1.2917 497.9 659.51 8.7633 572.92 671.07 8.6806 669.88 646.41 4.6259
1.3 505.61 659.83 8.1832 579.85 671.19 8.6406 677.17 647.15 4.878
1.3083 513.29 660.15 7.6076 586.78 671.35 8.6212 684.41 647.93 5.1288
1.3167 520.96 660.51 7.0413 593.74 671.53 8.6198 691.56 648.76 5.3756
1.325 528.62 660.9 6.4916 600.72 671.75 8.6328 698.65 649.64 5.6172
1.3333 536.27 661.33 5.9639 607.74 672 8.6562 705.66 650.57 5.854
1.3417 543.93 661.8 5.4611 614.79 672.27 8.6853 712.61 651.55 6.087
1.35 551.62 662.29 4.9859 621.87 672.57 8.7162 719.5 652.57 6.3173
1.3583 559.34 662.79 4.5379 628.99 672.89 8.7457 726.35 653.66 6.5462
1.3667 567.1 663.29 4.1145 636.15 673.24 8.7715 733.16 654.79 6.7741
1.375 574.9 663.78 3.7133 643.35 673.61 8.7929 739.95 655.98 7.0009
1.3833 582.73 664.24 3.3294 650.58 674.01 8.8105 746.73 657.2 7.2258
1.3917 590.58 664.67 2.9565 657.84 674.42 8.8258 753.5 658.47 7.4478
1.4 598.43 665.07 2.5937 665.14 674.86 8.8412 760.27 659.75 7.666
1.4083 606.27 665.48 2.2347 672.47 675.33 8.8595 767.04 661.06 7.8802
1.4167 614.08 665.88 1.884 679.84 675.83 8.8834 773.82 662.37 8.0913
1.425 621.85 666.29 1.5467 687.35 676.3 8.911 780.08 664.35 8.9931
1.4333 629.61 666.77 1.224 694.78 676.88 8.9513 786.88 665.65 9.208
1.4417 637.36 667.3 0.93159 702.23 677.5 9.0008 793.69 666.94 9.4283
1.45 645.12 667.9 0.67706 709.7 678.18 9.0586 800.52 668.21 9.6579
1.4583 652.92 668.61 0.47203 717.21 678.92 9.123 807.37 669.47 9.9003
1.4667 660.8 669.4 0.32731 724.73 679.72 9.1917 814.25 670.73 10.157
1.475 668.78 670.31 0.24788 732.28 680.59 9.2624 821.15 671.99 10.427
1.4833 676.91 671.32 0.23719 739.85 681.53 9.3333 828.08 673.26 10.708
1.4917 685.2 672.43 0.29308 747.45 682.54 9.4036 835.03 674.54 10.994
1.5 693.68 673.63 0.41078 755.07 683.61 9.474 842.02 675.86 11.278
1.5083 702.33 674.9 0.58251 762.73 684.75 9.5465 849.03 677.2 11.55
1.5167 711.15 676.24 0.79887 770.43 685.95 9.6253 856.06 678.58 11.802
1.525 720.11 677.63 1.0497 778.18 687.2 9.7155 863.12 679.98 12.025
1.5333 729.19 679.05 1.324 785.97 688.5 9.823 870.19 681.42 12.215
1.5417 738.35 680.49 1.6106 793.82 689.84 9.9539 877.3 682.89 12.368
1.55 747.58 681.93 1.8973 801.74 691.22 10.114 884.42 684.39 12.487
1.5583 756.87 683.34 2.1723 809.72 692.63 10.305 891.58 685.91 12.577
1.5667 766.23 684.72 2.4239 817.76 694.09 10.531 898.78 687.44 12.648
1.575 775.68 686.06 2.6419 825.88 695.59 10.789 906.03 688.99 12.71
1.5833 785.24 687.34 2.8188 834.06 697.13 11.075 913.35 690.56 12.776
1.5917 794.95 688.57 2.9503 842.3 698.73 11.383 920.74 692.16 12.857
1.6 804.85 689.76 3.0373 850.61 700.4 11.704 928.22 693.77 12.963
1.6083 815 690.81 3.0714 858.96 702.13 12.029 935.8 695.41 13.098
1.6167 825.36 692.03 3.0873 867.37 703.94 12.349 943.5 697.08 13.265
1.625 835.97 693.25 3.086 875.82 705.82 12.655 951.3 698.79 13.461
1.6333 846.8 694.49 3.0838 884.3 707.78 12.943 959.21 700.54 13.681
1.6417 857.86 695.74 3.096 892.81 709.79 13.209 967.22 702.33 13.915
1.65 869.04 696.88 3.1503 901.34 711.84 13.454 975.33 704.15 14.154
1.6583 880.38 698.22 3.2373 909.89 713.92 13.682 983.5 706.01 14.389
1.6667 891.76 699.63 3.3778 918.46 716 13.898 991.74 707.91 14.612
1.675 903.13 701.11 3.5766 927.04 718.06 14.111 1000 709.83 14.819
1.6833 914.4 702.64 3.8335 935.63 720.07 14.329 1008.3 711.77 15.011
1.6917 925.51 704.23 4.1435 944.22 722.03 14.558 1016.6 713.71 15.191
1.7 936.4 705.85 4.5002 952.81 723.92 14.807 1024.9 715.66 15.365
1.7083 947.04 707.49 4.8952 961.4 725.73 15.076 1033.2 717.6 15.543
1.7167 957.38 709.14 5.3209 969.97 727.46 15.367 1041.5 719.52 15.735
1.725 967.41 710.81 5.7715 978.53 729.11 15.676 1049.8 721.41 15.95
1.7333 977.13 712.49 6.2437 987.06 730.69 15.997 1058.1 723.27 16.198
1.7417 986.56 714.2 6.7369 995.54 732.22 16.322 1066.4 725.09 16.482
1.75 995.74 715.95 7.2552 1003.7 733.79 16.647 1075.8 726.12 15.931
1.7583 1004.7 717.76 7.8047 1012.1 735.26 16.954 1084.2 727.86 16.284
1.7667 1013.5 719.65 8.3924 1020.3 736.7 17.242 1092.8 729.55 16.666
1.775 1022.2 721.64 9.0264 1028.5 738.12 17.507 1101.4 731.19 17.067
1.7833 1030.8 723.75 9.7115 1036.5 739.51 17.749 1110.1 732.79 17.479
1.7917 1039.3 725.99 10.451 1044.3 740.88 17.973 1118.8 734.35 17.891
1.8 1047.9 728.34 11.243 1052.1 742.2 18.185 1127.6 735.86 18.295
1.8083 1056.5 730.8 12.084 1059.7 743.46 18.396 1136.5 737.33 18.686
1.8167 1065 733.34 12.967 1067.1 744.65 18.618 1145.4 738.78 19.061
1.825 1073.6 735.94 13.883 1074.4 745.76 18.861 1154.3 740.18 19.421
1.8333 1082.1 738.57 14.82 1081.7 746.78 19.138 1163.2 741.57 19.769
1.8417 1090.7 741.18 15.766 1088.8 747.72 19.457 1172 742.92 20.108
1.85 1099.2 743.76 16.712 1095.9 748.57 19.823 1180.8 744.25 20.445
1.8583 1107.6 746.28 17.647 1102.9 749.37 20.24 1189.5 745.55 20.783
1.8667 1116 748.71 18.565 1110 750.12 20.701 1198.1 746.82 21.128
1.875 1124.4 751.07 19.464 1117.1 750.86 21.217 1206.6 748.06 21.479
1.8833 1132.8 753.34 20.34 1124.3 751.62 21.766 1215.1 749.27 21.836
1.8917 1141.1 755.54 21.198 1131.5 752.41 22.346 1223.5 750.44 22.195
1.9 1149.4 757.7 22.042 1138.8 753.26 22.948 1231.9 751.59 22.553
1.9083 1157.6 759.83 22.877 1146.2 754.18 23.564 1240.1 752.7 22.902
1.9167 1165.8 761.97 23.71 1153.7 755.19 24.192 1248.4 753.77 23.237
1.925 1174 764.13 24.546 1161.3 756.28 24.827 1256.6 754.83 23.552
1.9333 1182.2 766.32 25.389 1168.9 757.44 25.468 1264.8 755.86 23.842
1.9417 1190.4 768.55 26.24 1176.6 758.66 26.12 1273 756.89 24.107
1.95 1198.5 770.8 27.098 1184.4 759.92 26.781 1281.2 757.92 24.346
1.9583 1206.6 773.08 27.961 1192.2 761.21 27.458 1289.4 758.96 24.563
1.9667 1214.8 775.35 28.823 1200 762.51 28.153 1297.5 760.02 24.763
1.975 1222.9 777.6 29.678 1207.8 763.81 28.871 1305.7 761.12 24.954
1.9833 1231.1 779.82 30.52 1215.7 765.11 29.61 1313.8 762.26 25.143
1.9917 1239.3 782 31.346 1223.6 766.4 30.367 1321.9 763.46 25.34
2 1247.5 784.12 32.151 1231.6 767.7 31.141 1330 764.7 25.553
2.0083 1255.9 786.19 32.934 1239.6 769.01 31.925 1338.1 766.01 25.791
2.0167 1264.3 788.21 33.696 1247.7 770.34 32.711 1346.2 767.38 26.059
2.025 1272.9 790.21 34.439 1255.8 771.72 33.491 1354.4 768.82 26.366
2.0333 1281.5 792.18 35.166 1264 773.13 34.256 1362.5 770.33 26.714
2.0417 1290.3 794.15 35.879 1272.3 774.59 34.999 1370.7 771.9 27.109
2.05 1299.3 796.11 36.579 1280.7 776.09 35.714 1378.9 773.56 27.553
2.0583 1308.4 798.08 37.266 1289.1 777.63 36.402 1387.2 775.29 28.048
2.0667 1317.6 800.07 37.94 1297.6 779.19 37.063 1395.5 777.11 28.594
2.075 1326.9 802.06 38.6 1306.2 780.76 37.701 1403.8 779.03 29.191
2.0833 1336.4 804.06 39.248 1314.9 782.33 38.32 1412.2 781.05 29.837
2.0917 1346.1 806.09 39.884 1323.6 783.88 38.932 1420.6 783.17 30.529
2.1 1355.9 808.13 40.513 1332.3 785.42 39.542 1429 785.4 31.266
2.1083 1365.9 810.19 41.14 1341.1 786.94 40.155 1437.4 787.74 32.041
2.1167 1376 812.29 41.771 1350 788.45 40.79 1445.8 790.2 32.85
2.125 1386.3 814.42 42.41 1358.9 789.97 41.439 1454.2 792.77 33.688
2.1333 1396.7 816.57 43.058 1367.9 791.51 42.106 1462.5 795.44 34.551
2.1417 1407.2 818.73 43.714 1377 793.09 42.789 1470.8 798.22 35.436
2.15 1417.9 820.89 44.377 1386.1 794.74 43.478 1479.1 801.11 36.341
2.1583 1428.6 823.02 45.035 1395.3 796.46 44.183 1487.3 804.1 37.267
2.1667 1439.3 825.11 45.688 1404.6 798.26 44.877 1495.5 807.19 38.218
2.175 1450.1 827.12 46.325 1414 800.14 45.557 1503.8 810.4 39.198
2.1833 1461 829.05 46.941 1423.5 802.1 46.215 1512.1 813.73 40.215
2.1917 1471.8 830.89 47.529 1433.1 804.12 46.844 1520.4 817.2 41.278
2.2 1482.6 832.62 48.086 1442.7 806.18 47.44 1528.8 820.82 42.396
2.2083 1493.3 834.27 48.609 1452.3 808.26 48 1537.2 824.61 43.576
2.2167 1504 835.84 49.101 1462 810.33 48.53 1545.7 828.59 44.824
2.225 1514.5 837.36 49.565 1471.6 812.39 49.033 1554.3 832.77 46.142
2.2333 1524.9 838.84 50.006 1481.2 814.41 49.519 1562.9 837.16 47.528
2.2417 1535.1 840.31 50.434 1490.8 816.41 49.998 1571.6 841.78 48.977
2.25 1545.1 841.79 50.857 1500.3 818.38 50.483 1580.2 846.62 50.477
2.2583 1554.7 843.3 51.284 1510.1 820.43 50.986 1587 851.72 53.186
2.2667 1564 844.85 51.723 1519.4 822.41 51.517 1595.4 856.96 54.789
2.275 1572.9 846.46 52.181 1528.6 824.43 52.084 1603.8 862.39 56.395
2.2833 1581.5 848.12 52.663 1537.6 826.53 52.697 1612.1 867.99 57.987
2.2917 1589.6 849.84 53.17 1546.5 828.72 53.357 1620.2 873.73 59.551
2.3 1597.4 851.63 53.703 1555.2 831.04 54.065 1628.2 879.59 61.075
2.3083 1604.8 853.48 54.257 1563.7 833.51 54.817 1635.9 885.56 62.553
2.3167 1611.8 855.4 54.826 1572.1 836.13 55.609 1643.5 891.61 63.985
2.325 1618.4 857.39 55.405 1580.3 838.9 56.432 1650.9 897.73 65.372
2.3333 1624.7 859.43 55.985 1588.3 841.83 57.279 1658.1 903.91 66.721
2.3417 1630.6 861.5 56.562 1596.2 844.91 58.141 1665 910.11 68.04
2.35 1636.3 863.59 57.13 1603.8 848.11 59.013 1671.7 916.35 69.337
2.3583 1641.6 865.69 57.692 1611.3 851.43 59.888 1678.1 922.59 70.621
2.3667 1646.7 867.79 58.238 1618.6 854.84 60.763 1684.3 928.82 71.902
2.375 1651.6 869.88 58.775 1625.7 858.35 61.636 1690.1 935.04 73.185
2.3833 1656.2 871.95 59.31 1632.7 861.95 62.508 1695.7 941.22 74.477
2.3917 1660.6 874.02 59.843 1639.4 865.63 63.376 1701 947.36 75.778
2.4 1664.8 876.06 60.379 1646 869.4 64.262 1706 953.44 77.091
2.4083 1668.8 878.09 60.924 1652.4 873.27 65.147 1710.7 959.47 78.416
2.4167 1672.7 880.11 61.475 1658.7 877.24 66.04 1715.1 965.43 79.751
2.425 1676.4 882.11 62.036 1664.9 881.32 66.942 1719.1 971.33 81.094
2.4333 1680 884.11 62.602 1670.8 885.53 67.852 1723 977.18 82.443
2.4417 1683.6 886.1 63.175 1676.7 889.87 68.767 1726.5 982.99 83.793
2.45 1687.1 888.09 63.753 1682.3 894.33 69.682 1729.9 988.77 85.143
2.4583 1690.6 890.1 64.336 1687.9 898.91 70.591 1733 994.55 86.488
2.4667 1694.1 892.14 64.923 1693.2 903.61 71.488 1735.9 1000.3 87.822
2.475 1697.6 894.24 65.517 1698.4 908.41 72.366 1738.6 1006.2 89.143
2.4833 1701.2 896.42 66.118 1703.4 913.28 73.221 1741.2 1012 90.444
2.4917 1704.7 898.7 66.731 1708.2 918.22 74.05 1743.5 1017.9 91.72
2.5 1708.2 901.09 67.359 1712.7 923.2 74.852 1745.7 1023.9 92.968
2.5083 1711.6 903.6 68.006 1717.1 928.2 75.629 1747.7 1029.9 94.183
2.5167 1715 906.23 68.674 1721.2 933.21 76.385 1749.5 1036 95.363
2.525 1718.4 908.98 69.363 1725.1 938.2 77.124 1751.1 1042.2 96.509
2.5333 1721.7 911.84 70.073 1728.8 943.18 77.853 1752.5 1048.4 97.621
2.5417 1724.9 914.81 70.799 1732.3 948.13 78.581 1753.8 1054.5 98.703
2.55 1728 917.88 71.539 1735.5 953.05 79.312 1754.8 1060.7 99.761
2.5583 1731 921.05 72.288 1738.6 957.94 80.052 1755.5 1066.8 100.8
2.5667 1733.8 924.32 73.044 1741.4 962.8 80.802 1756.1 1072.8 101.84
2.575 1736.5 927.7 73.803 1744 967.64 81.574 1756.5 1078.8 102.87
2.5833 1739 931.18 74.567 1746.4 972.46 82.356 1756.6 1084.7 103.91
2.5917 1741.5 934.77 75.336 1748.6 977.28 83.152 1756.5 1090.5 104.96
2.6 1743.7 938.49 76.115 1750.6 982.09 83.958 1756.3 1096.2 106.02
2.6083 1745.9 942.34 76.909 1752.3 986.91 84.77 1755.8 1101.7 107.1
2.6167 1748 946.34 77.727 1753.9 991.74 85.585 1755.1 1107.2 108.2
2.625 1750.1 950.5 78.575 1755.3 996.6 86.398 1754.2 1112.6 109.31
2.6333 1752.1 954.82 79.462 1756.5 1001.5 87.21 1753.1 1117.9 110.43
2.6417 1754 959.32 80.391 1757.4 1006.4 88.021 1751.8 1123.1 111.55
2.65 1755.9 963.99 81.366 1758.2 1011.3 88.831 1750.3 1128.1 112.66
2.6583 1757.7 968.84 82.387 1758.7 1016.3 89.646 1748.5 1133.1 113.76
2.6667 1759.4 973.86 83.45 1759 1021.3 90.469 1746.6 1138 114.84
2.675 1761 979.03 84.552 1759.2 1026.3 91.306 1744.4 1142.8 115.9
2.6833 1762.6 984.36 85.683 1759.1 1031.4 92.163 1742 1147.5 116.94
2.6917 1763.9 989.81 86.836 1758.8 1036.5 93.043 1739.4 1152.1 117.95
2.7 1765.2 995.4 88.001 1758.3 1041.7 93.951 1736.7 1156.5 118.95
2.7083 1766.3 1001.1 89.168 1757.7 1046.8 94.887 1733.7 1160.8 119.93
2.7167 1767.2 1006.9 90.326 1756.8 1052 95.852 1730.5 1165 120.9
2.725 1768 1012.9 91.466 1755.8 1057.2 96.843 1727.2 1169 121.86
2.7333 1768.6 1018.9 92.577 1754.6 1062.3 97.858 1723.7 1172.9 122.83
2.7417 1769 1025.1 93.656 1753.2 1067.5 98.892 1720.1 1176.7 123.8
2.75 1769.3 1031.4 94.699 1751.7 1072.7 99.941 1716.3 1180.5 124.79
2.7583 1769.3 1037.8 95.707 1750 1077.8 101 1712.4 1184.1 125.78
2.7667 1769.2 1044.3 96.683 1748.2 1082.9 102.07 1708.3 1187.7 126.79
2.775 1768.8 1051 97.638 1746.3 1088 103.14 1704.1 1191.3 127.8
2.7833 1768.2 1057.7 98.58 1744.2 1093 104.21 1699.8 1194.8 128.82
2.7917 1767.3 1064.5 99.523 1742.1 1097.9 105.29 1695.4 1198.3 129.83
2.8 1766.1 1071.3 100.48 1739.8 1102.9 106.37 1690.8 1201.9 130.84
2.8083 1764.6 1078.1 101.46 1737.5 1107.7 107.45 1686.3 1205.4 131.83
2.8167 1762.8 1084.8 102.47 1735.1 1112.6 108.53 1681.7 1209 132.81
2.825 1760.7 1091.5 103.52 1732.6 1117.3 109.62 1677.1 1212.5 133.75
2.8333 1758.4 1098.1 104.62 1730 1122.1 110.72 1672.5 1216 134.65
2.8417 1755.8 1104.6 105.77 1727.4 1126.7 111.82 1667.9 1219.5 135.52
2.85 1753.2 1110.9 106.95 1724.7 1131.4 112.92 1663.3 1223 136.34
2.8583 1750.5 1116.9 108.17 1721.9 1136 114.02 1658.9 1226.4 137.13
2.8667 1747.8 1122.8 109.41 1719.1 1140.5 115.12 1654.5 1229.8 137.87
2.875 1745.2 1128.5 110.67 1716.2 1145.1 116.21 1650.2 1233 138.58
2.8833 1742.7 1133.9 111.93 1713.3 1149.6 117.3 1645.9 1236.2 139.26
2.8917 1740.4 1139.2 113.18 1710.3 1154.1 118.38 1641.7 1239.3 139.92
2.9 1738.3 1144.3 114.41 1707.3 1158.6 119.44 1637.5 1242.4 140.58
2.9083 1736.4 1149.2 115.63 1704.2 1163.1 120.49 1633.4 1245.3 141.22
2.9167 1734.7 1154.1 116.84 1701.2 1167.6 121.53 1629.3 1248.2 141.88
2.925 1733.1 1159 118.04 1698.1 1172 122.55 1625.1 1251.1 142.55
2.9333 1731.5 1163.8 119.25 1695 1176.5 123.56 1620.9 1253.9 143.24
2.9417 1730 1168.7 120.46 1691.9 1180.9 124.55 1616.7 1256.7 143.95
2.95 1728.4 1173.6 121.67 1688.8 1185.2 125.54 1612.3 1259.4 144.68
2.9583 1726.8 1178.5 122.91 1685.8 1189.5 126.52 1608 1262.2 145.42
2.9667 1721.3 1184.5 125.76 1682.7 1193.8 127.49 1603.6 1265 146.18
2.975 1719.6 1189.3 126.92 1679.7 1197.9 128.46 1599.1 1267.8 146.95
2.9833 1717.7 1194.2 128.12 1676.7 1202 129.44 1594.6 1270.6 147.71
2.9917 1718.7 1198.5 128.08 1673.6 1206.1 130.42 1590.1 1273.4 148.45
3 1716.2 1203.6 129.44 1670.5 1210 131.41 1585.6 1276.3 149.17
3.0083 1713.6 1208.6 130.83 1667.4 1213.9 132.4 1581.1 1279.1 149.87
3.0167 1710.8 1213.5 132.24 1664.3 1217.7 133.41 1576.6 1282 150.53
3.025 1707.8 1218.4 133.66 1661 1221.5 134.42 1572.2 1284.9 151.15
3.0333 1704.7 1223.3 135.1 1657.7 1225.2 135.45 1567.8 1287.8 151.74
3.0417 1701.5 1228 136.54 1654.3 1228.9 136.48 1563.4 1290.8 152.3
3.05 1698.1 1232.7 137.97 1650.7 1232.5 137.52 1559 1293.7 152.83
3.0583 1694.7 1237.3 139.4 1647.1 1236.2 138.56 1554.7 1296.6 153.34
3.0667 1691.3 1241.9 140.82 1643.3 1239.9 139.6 1550.3 1299.5 153.83
3.075 1687.8 1246.4 142.22 1639.4 1243.6 140.63 1546 1302.3 154.3
3.0833 1684.3 1250.8 143.61 1635.4 1247.3 141.65 1541.7 1305.2 154.77
3.0917 1680.9 1255.3 144.98 1631.2 1251 142.66 1537.3 1308 155.23
3.1 1677.4 1259.7 146.33 1626.9 1254.8 143.65 1532.9 1310.8 155.69
3.1083 1674 1264.1 147.67 1622.4 1258.6 144.62 1528.4 1313.6 156.15
3.1167 1670.7 1268.5 148.99 1617.8 1262.5 145.57 1523.9 1316.3 156.6
3.125 1667.3 1273 150.28 1613.1 1266.3 146.51 1519.4 1319 157.05
3.1333 1664 1277.4 151.55 1608.3 1270.2 147.42 1514.7 1321.7 157.5
3.1417 1660.7 1281.9 152.79 1603.4 1274.1 148.32 1510 1324.4 157.93
3.15 1657.3 1286.4 153.99 1598.3 1278 149.2 1505.2 1327.1 158.36
3.1583 1654 1290.9 155.15 1593.1 1282 150.06 1500.3 1329.8 158.77
3.1667 1650.6 1295.4 156.26 1587.8 1285.9 150.92 1495.3 1332.5 159.18
3.175 1647.1 1300 157.32 1582.5 1289.8 151.76 1490.2 1335.3 159.57
3.1833 1643.6 1304.5 158.31 1577 1293.7 152.6 1485.1 1338 159.96
3.1917 1640.1 1309 159.25 1571.4 1297.6 153.43 1479.8 1340.7 160.35
3.2 1636.4 1313.5 160.12 1565.8 1301.5 154.25 1474.4 1343.5 160.73
3.2083 1632.7 1318.1 160.94 1560 1305.3 155.06 1469 1346.3 161.12
3.2167 1628.8 1322.6 161.7 1554.2 1309.2 155.86 1463.5 1349.1 161.5
3.225 1624.9 1327.2 162.4 1548.3 1313 156.64 1457.9 1351.9 161.88
3.2333 1620.8 1331.7 163.06 1542.3 1316.8 157.41 1452.2 1354.8 162.25
3.2417 1616.6 1336.3 163.67 1536.2 1320.6 158.16 1446.4 1357.6 162.63
3.25 1612.4 1340.9 164.24 1530 1324.4 158.89 1440.5 1360.5 163
3.2583 1608 1345.5 164.78 1523.7 1328.2 159.59 1434.5 1363.5 163.35
3.2667 1603.4 1350.2 165.29 1517.4 1331.8 160.26 1428.4 1367.3 163.03
3.275 1598.7 1354.8 165.78 1511 1335.6 160.92 1422.2 1370.3 163.37
3.2833 1593.9 1359.4 166.24 1504.4 1339.4 161.55 1416 1373.3 163.7
3.2917 1588.8 1364 166.69 1497.8 1343.1 162.14 1409.7 1376.5 164.02
3.3 1583.6 1368.6 167.13 1491 1346.9 162.72 1403.3 1379.6 164.32
3.3083 1578.2 1373.1 167.55 1484.2 1350.7 163.29 1396.8 1382.9 164.62
3.3167 1572.5 1377.6 167.98 1477.3 1354.6 163.82 1390.3 1386.1 164.91
3.325 1566.7 1382 168.4 1470.3 1358.4 164.34 1383.8 1389.5 165.19
3.3333 1560.6 1386.5 168.82 1463.2 1362.3 164.84 1377.2 1392.8 165.48
3.3417 1554.4 1390.8 169.25 1456 1366.3 165.33 1370.6 1396.3 165.76
3.35 1547.9 1395.2 169.69 1448.7 1370.2 165.8 1364 1399.7 166.05
3.3583 1541.3 1399.5 170.14 1441.4 1374.3 166.25 1357.5 1403.2 166.35
3.3667 1534.5 1403.7 170.6 1433.9 1378.3 166.7 1350.9 1406.7 166.64
3.375 1527.5 1407.9 171.09 1426.4 1382.4 167.13 1344.4 1410.3 166.93
3.3833 1520.3 1412.2 171.59 1418.8 1386.6 167.56 1337.9 1413.9 167.22
3.3917 1512.8 1416.4 172.12 1411.2 1390.8 167.98 1331.3 1417.6 167.51
3.4 1505.2 1420.5 172.67 1403.4 1395.1 168.41 1324.8 1421.3 167.79
3.4083 1497.3 1424.7 173.23 1395.7 1399.4 168.83 1318.3 1425.1 168.07
3.4167 1489.1 1428.8 173.81 1387.9 1403.8 169.26 1311.6 1429 168.33
3.425 1480.7 1432.8 174.39 1380 1408.2 169.7 1305 1433 168.59
3.4333 1472 1436.8 174.97 1372.1 1412.7 170.15 1298.2 1437.1 168.84
3.4417 1463 1440.7 175.53 1364.1 1417.2 170.61 1291.4 1441.3 169.1
3.45 1453.9 1444.4 176.07 1356 1421.8 171.08 1284.4 1445.5 169.35
3.4583 1444.6 1448.1 176.57 1347.9 1426.4 171.56 1277.4 1449.8 169.61
3.4667 1435.1 1451.6 177.02 1339.6 1431 172.05 1270.3 1454.2 169.87
3.475 1425.6 1455 177.4 1331.2 1435.5 172.55 1263.1 1458.7 170.14
3.4833 1416.1 1458.4 177.73 1322.8 1440.1 173.05 1255.9 1463.1 170.41
3.4917 1406.6 1461.7 177.99 1314.2 1444.6 173.57 1248.6 1467.6 170.68
3.5 1397.3 1464.9 178.18 1305.6 1448.9 174.09 1241.3 1472.1 170.94
3.5083 1388.1 1468.2 178.33 1297 1453.2 174.63 1234.1 1476.5 171.2
3.5167 1379 1471.4 178.44 1288.3 1457.4 175.18 1226.8 1480.9 171.43
3.525 1370.1 1474.7 178.53 1279.7 1461.4 175.76 1219.7 1485.3 171.63
3.5333 1361.5 1478 178.62 1271.1 1465.2 176.36 1212.5 1489.6 171.79
3.5417 1353 1481.3 178.73 1262.6 1469 176.98 1205.5 1493.9 171.92
3.55 1344.8 1484.7 178.87 1254.3 1472.5 177.64 1198.5 1498.1 172.01
3.5583 1336.7 1488.1 179.05 1246.1 1476 178.33 1191.6 1502.2 172.06
3.5667 1328.7 1491.5 179.3 1238.2 1479.2 179.05 1184.8 1506.2 172.08
3.575 1320.8 1494.9 179.59 1230.4 1482.4 179.81 1178 1510.1 172.08
3.5833 1312.9 1498.3 179.93 1222.8 1485.5 180.59 1171.3 1513.9 172.06
3.5917 1305.1 1501.6 180.3 1215.4 1488.4 181.39 1164.7 1517.6 172.04
3.6 1297.4 1504.9 180.71 1208.3 1491.2 182.21 1158.1 1521.1 172.04
3.6083 1289.6 1508.1 181.13 1201.2 1494 183.04 1151.5 1524.4 172.06
3.6167 1281.9 1511.1 181.56 1194.4 1496.7 183.87 1145 1527.6 172.1
3.625 1274.2 1514.2 181.97 1187.6 1499.2 184.7 1138.5 1530.6 172.18
3.6333 1266.6 1517.1 182.36 1181 1501.7 185.51 1132 1533.4 172.3
3.6417 1259 1520 182.71 1174.5 1504.2 186.31 1125.6 1536.1 172.45
3.65 1251.4 1522.8 183.02 1168 1506.5 187.1 1119.3 1538.5 172.63
3.6583 1243.9 1525.6 183.28 1161.6 1508.7 187.86 1113 1540.8 172.84
3.6667 1236.4 1528.3 183.51 1155.2 1510.9 188.61 1106.8 1543 173.06
3.675 1229 1530.9 183.7 1148.8 1513 189.34 1100.6 1545.1 173.29
3.6833 1221.5 1533.4 183.86 1142.4 1515.1 190.05 1094.5 1547 173.51
3.6917 1214.1 1536.5 184.03 1136.1 1517.1 190.75 1088.5 1548.9 173.73
3.7 1206.8 1538.9 184.18 1129.7 1519 191.42 1082.5 1550.6 173.94
3.7083 1199.5 1541.3 184.32 1123.4 1520.9 192.07 1076.6 1552.3 174.13
3.7167 1192.2 1543.5 184.45 1117 1522.8 192.7 1070.8 1553.9 174.31
3.725 1184.8 1545.6 184.57 1110.7 1524.6 193.3 1065 1555.4 174.48
3.7333 1177.5 1547.6 184.68 1104.3 1526.4 193.86 1059.2 1556.9 174.63
3.7417 1170.2 1549.5 184.78 1097.8 1528.1 194.38 1053.4 1558.2 174.78
3.75 1162.9 1551.2 184.87 1091.4 1529.7 194.86 1047.6 1559.5 174.92
3.7583 1155.7 1552.8 184.95 1084.9 1531.3 195.3 1041.8 1560.7 175.07
3.7667 1148.5 1554.3 185 1078.3 1532.7 195.68 1035.9 1561.7 175.21
3.775 1141.4 1555.7 185.04 1071.8 1534.1 196.01 1030.1 1562.7 175.35
3.7833 1134.3 1557.1 185.05 1065.1 1535.4 196.28 1024.1 1563.5 175.49
3.7917 1127.2 1558.4 185.03 1058.5 1536.5 196.52 1018.1 1564.3 175.62
3.8 1120.2 1559.6 184.99 1051.7 1537.6 196.71 1012 1564.9 175.74
3.8083 1113.2 1560.9 184.93 1045 1538.5 196.86 1005.8 1565.5 175.85
3.8167 1106.1 1562.1 184.85 1038.1 1539.4 196.99 999.59 1566.1 175.96
3.825 1099 1563.3 184.74 1031.3 1540.1 197.09 993.26 1566.6 176.05
3.8333 1091.9 1564.5 184.62 1024.4 1540.9 197.17 986.85 1567 176.13
3.8417 1084.7 1565.6 184.49 1017.4 1541.5 197.24 980.37 1567.4 176.21
3.85 1077.4 1566.7 184.35 1010.4 1542.2 197.3 973.82 1567.8 176.29
3.8583 1070 1567.8 184.21 1003.4 1542.8 197.35 967.21 1568.1 176.37
3.8667 1062.6 1568.7 184.06 996.28 1543.4 197.38 960.55 1568.4 176.47
3.875 1055.1 1569.6 183.91 989.15 1543.9 197.4 953.84 1568.6 176.57
3.8833 1047.6 1570.4 183.77 981.96 1544.5 197.39 947.08 1568.8 176.69
3.8917 1040.1 1571.1 183.63 974.73 1544.9 197.37 940.27 1568.9 176.82
