0.0083333 -1.3455 6.7391 91.777 -22.888 96.76 84.227 -1.3413 192.04 82.9
0.016667 0.36992 15.35 91.575 -21.094 104.9 84.164 0.52803 200.64 83.023
0.025 2.1247 24.048 91.376 -19.342 113.06 84.114 2.4151 209.16 83.119
0.033333 3.921 32.804 91.186 -17.643 121.24 84.083 4.3089 217.59 83.185
0.041667 5.7583 41.588 91.006 -16.008 129.4 84.076 6.1928 225.9 83.221
0.05 7.6316 50.372 90.836 -14.446 137.54 84.099 8.0468 234.07 83.227
0.058333 9.5309 59.126 90.676 -12.97 145.63 84.154 9.8476 242.11 83.209
0.066667 11.442 67.826 90.522 -11.59 153.67 84.245 11.571 250.02 83.174
0.075 13.346 76.453 90.37 -10.314 161.65 84.368 13.195 257.81 83.128
0.083333 15.224 84.997 90.214 -9.1514 169.55 84.523 14.698 265.53 83.079
0.091667 17.057 93.454 90.049 -8.1059 177.38 84.704 16.064 273.19 83.034
0.1 18.82 101.83 89.868 -7.1796 185.14 84.904 17.279 280.84 82.999
0.10833 20.499 110.14 89.667 -6.371 192.83 85.118 18.336 288.5 82.979
0.11667 22.074 118.41 89.443 -5.6749 200.46 85.338 19.23 296.21 82.977
0.125 23.535 126.64 89.196 -5.0839 208.04 85.557 19.96 303.98 82.995
0.13333 24.878 134.85 88.929 -4.5883 215.58 85.772 20.528 311.85 83.033
0.14167 26.104 143.07 88.646 -4.1777 223.08 85.978 20.937 319.81 83.092
0.15 27.222 151.31 88.355 -3.8422 230.56 86.177 21.188 327.86 83.17
0.15833 28.243 159.58 88.061 -3.5727 238.04 86.368 21.285 336 83.268
0.16667 29.18 167.88 87.773 -3.362 245.51 86.554 21.227 344.21 83.385
0.175 30.035 176.21 87.497 -3.2052 253 86.74 21.015 352.47 83.522
0.18333 30.813 184.56 87.24 -3.0994 260.51 86.931 20.648 360.78 83.68
0.19167 31.513 192.92 87.008 -3.0435 268.06 87.133 20.126 369.1 83.862
0.2 32.121 201.26 86.804 -3.0383 275.66 87.349 19.448 377.43 84.068
0.20833 32.628 209.59 86.629 -3.0846 283.32 87.582 18.618 385.74 84.301
0.21667 33.027 217.87 86.483 -3.1842 291.06 87.835 17.639 394.04 84.56
0.225 33.305 226.11 86.362 -3.3385 298.87 88.104 16.521 402.32 84.844
0.23333 33.468 234.29 86.264 -3.548 306.77 88.386 15.271 410.57 85.154
0.24167 33.514 242.43 86.183 -3.8124 314.75 88.677 13.904 418.8 85.484
0.25 33.452 250.51 86.116 -4.1312 322.83 88.969 12.433 427.01 85.833
0.25833 33.298 258.57 86.054 -4.5026 330.99 89.255 10.873 435.21 86.196
0.26667 33.065 266.61 85.996 -4.9257 339.24 89.529 9.2404 443.4 86.569
0.275 32.774 274.65 85.937 -5.3994 347.56 89.785 7.548 451.61 86.947
0.28333 32.445 282.69 85.876 -5.9232 355.96 90.021 5.8085 459.83 87.327
0.29167 32.095 290.75 85.809 -6.4978 364.42 90.234 4.0315 468.07 87.707
0.3 31.744 298.84 85.74 -7.1248 372.95 90.425 2.2251 476.36 88.085
0.30833 31.4 306.97 85.663 -7.8062 381.52 90.596 0.39367 484.68 88.461
0.31667 31.066 315.14 85.582 -8.5453 390.14 90.751 -1.4594 493.07 88.834
0.325 30.738 323.35 85.501 -9.3445 398.79 90.893 -3.332 501.52 89.205
0.33333 30.41 331.59 85.424 -10.206 407.47 91.026 -5.2237 510.04 89.575
0.34167 30.068 339.86 85.354 -11.13 416.19 91.152 -7.1338 518.64 89.942
0.35 29.695 348.16 85.296 -12.115 424.93 91.273 -9.0622 527.33 90.307
0.35833 29.276 356.5 85.257 -13.16 433.71 91.388 -11.009 536.11 90.668
0.36667 28.784 364.88 85.239 -14.259 442.53 91.497 -12.974 544.97 91.023
0.375 28.208 373.31 85.247 -15.409 451.39 91.598 -14.958 553.93 91.369
0.38333 27.543 381.81 85.285 -16.602 460.31 91.688 -16.963 562.96 91.704
0.39167 26.772 390.41 85.352 -17.835 469.3 91.766 -18.993 572.07 92.026
0.4 25.913 399.1 85.447 -19.106 478.37 91.832 -21.052 581.24 92.333
0.40833 24.977 407.92 85.566 -20.415 487.51 91.888 -23.149 590.47 92.625
0.41667 23.967 416.87 85.704 -21.766 496.75 91.935 -25.293 599.73 92.902
0.425 22.916 425.97 85.855 -23.166 506.07 91.979 -27.496 609.02 93.166
0.43333 21.831 435.23 86.011 -24.628 515.48 92.026 -29.77 618.33 93.421
0.44167 20.72 444.65 86.165 -26.168 524.97 92.083 -32.13 627.66 93.669
0.45 19.596 454.22 86.311 -27.805 534.53 92.158 -34.589 637.02 93.914
0.45833 18.445 463.96 86.443 -29.56 544.14 92.256 -37.16 646.4 94.159
0.46667 17.271 473.87 86.556 -31.453 553.81 92.383 -39.854 655.82 94.405
0.475 16.064 483.95 86.649 -33.501 563.51 92.542 -42.682 665.3 94.655
0.48333 14.819 494.2 86.724 -35.718 573.25 92.732 -45.652 674.86 94.907
0.49167 13.518 504.64 86.784 -38.111 583.03 92.953 -48.769 684.5 95.162
0.5 12.157 515.27 86.84 -40.68 592.84 93.201 -52.038 694.25 95.418
0.50833 10.729 526.09 86.902 -43.416 602.7 93.471 -55.464 704.12 95.674
0.51667 9.2245 537.09 86.984 -46.303 612.61 93.758 -59.047 714.11 95.93
0.525 7.6424 548.28 87.102 -49.321 622.59 94.057 -62.789 724.21 96.188
0.53333 5.9797 559.62 87.27 -52.443 632.65 94.363 -66.689 734.43 96.449
0.54167 4.2324 571.09 87.501 -55.641 642.8 94.675 -70.746 744.73 96.719
0.55 2.3944 582.66 87.803 -58.885 653.05 94.992 -74.954 755.09 97.003
0.55833 0.45791 594.29 88.18 -62.144 663.38 95.314 -79.306 765.48 97.309
0.56667 -1.5811 605.94 88.63 -65.394 673.8 95.645 -83.789 775.86 97.644
0.575 -3.735 617.57 89.145 -68.608 684.27 95.988 -88.388 786.19 98.014
0.58333 -6.0051 629.14 89.712 -71.769 694.77 96.346 -93.081 796.44 98.424
0.59167 -8.3923 640.62 90.314 -74.864 705.27 96.722 -97.843 806.59 98.877
0.6 -10.898 651.96 90.93 -77.881 715.72 97.117 -102.65 816.6 99.371
0.60833 -13.515 663.15 91.543 -80.82 726.06 97.53 -107.46 826.45 99.904
0.61667 -16.234 674.16 92.134 -83.68 736.27 97.958 -112.25 836.15 100.47
0.625 -19.041 684.99 92.692 -86.469 746.29 98.396 -116.99 845.69 101.05
0.63333 -21.927 695.65 93.211 -89.192 756.11 98.838 -121.64 855.08 101.65
0.64167 -24.885 706.17 93.694 -91.863 765.68 99.277 -126.2 864.32 102.25
0.65 -27.91 716.56 94.149 -94.491 775.01 99.706 -130.65 873.44 102.83
0.65833 -31.007 726.87 94.591 -97.088 784.11 100.12 -134.97 882.45 103.4
0.66667 -34.183 737.12 95.035 -99.667 792.98 100.51 -139.16 891.38 103.94
0.675 -37.443 747.34 95.497 -102.24 801.66 100.89 -143.24 900.23 104.45
0.68333 -40.79 757.53 95.99 -104.81 810.18 101.25 -147.21 909.02 104.94
0.69167 -44.222 767.69 96.524 -107.4 818.59 101.59 -151.1 917.76 105.39
0.7 -47.729 777.83 97.107 -110.02 826.9 101.92 -154.91 926.46 105.82
0.70833 -51.297 787.92 97.74 -112.67 835.17 102.25 -158.67 935.11 106.24
0.71667 -54.906 797.95 98.422 -115.36 843.42 102.59 -162.39 943.73 106.63
0.725 -58.531 807.9 99.147 -118.1 851.67 102.93 -166.09 952.3 107.02
0.73333 -62.148 817.76 99.909 -120.89 859.93 103.28 -169.78 960.84 107.41
0.74167 -65.733 827.5 100.7 -123.75 868.21 103.64 -173.46 969.33 107.79
0.75 -69.267 837.13 101.52 -126.68 876.51 104.02 -177.15 977.77 108.16
0.75833 -72.74 846.64 102.35 -129.66 884.83 104.42 -180.83 986.18 108.54
0.76667 -76.15 856.05 103.2 -132.72 893.15 104.84 -184.52 994.54 108.9
0.775 -79.5 865.37 104.07 -135.83 901.49 105.27 -188.21 1002.9 109.25
0.78333 -82.808 874.6 104.96 -139.01 909.84 105.71 -191.91 1011.2 109.59
0.79167 -86.097 883.78 105.87 -142.24 918.19 106.17 -195.61 1019.4 109.91
0.8 -89.389 892.91 106.81 -145.54 926.56 106.65 -199.32 1027.7 110.22
0.80833 -92.708 902 107.79 -148.88 934.95 107.15 -203.05 1035.9 110.5
0.81667 -96.069 911.06 108.8 -152.29 943.37 107.67 -206.81 1044.2 110.76
0.825 -99.481 920.08 109.85 -155.76 951.83 108.22 -210.59 1052.4 111.01
0.83333 -102.94 929.07 110.93 -159.29 960.34 108.8 -214.41 1060.6 111.23
0.84167 -106.44 938.02 112.04 -162.88 968.92 109.41 -218.28 1068.9 111.45
0.85 -109.97 946.93 113.17 -166.56 977.56 110.04 -222.19 1077.1 111.66
0.85833 -113.49 955.81 114.31 -170.31 986.26 110.71 -226.16 1085.4 111.86
0.86667 -116.99 964.68 115.45 -174.15 995.03 111.4 -230.17 1093.6 112.05
0.875 -120.44 973.54 116.58 -178.08 1003.9 112.11 -234.24 1101.9 112.25
0.88333 -123.85 982.43 117.69 -182.1 1012.7 112.83 -238.36 1110.2 112.44
0.89167 -127.21 991.36 118.76 -186.22 1021.6 113.56 -242.53 1118.6 112.63
0.9 -130.51 1000.4 119.79 -190.42 1030.6 114.28 -246.75 1127 112.82
0.90833 -133.78 1009.5 120.78 -194.71 1039.5 114.99 -251.01 1135.4 113
0.91667 -137.02 1018.7 121.73 -199.07 1048.4 115.68 -255.32 1143.9 113.19
0.925 -140.26 1028 122.62 -203.51 1057.3 116.35 -259.67 1152.5 113.37
0.93333 -143.51 1037.5 123.46 -208.01 1066.3 117 -264.06 1161.1 113.54
0.94167 -146.79 1047.2 124.25 -212.57 1075.2 117.63 -268.49 1169.7 113.71
0.95 -150.14 1057 124.99 -217.19 1084.2 118.23 -272.94 1178.4 113.87
0.95833 -153.57 1066.9 125.69 -221.85 1093.1 118.82 -277.42 1187.2 114.01
0.96667 -157.11 1076.9 126.33 -226.56 1102.2 119.38 -281.92 1196 114.14
0.975 -160.77 1087 126.93 -231.33 1111.2 119.93 -286.42 1204.8 114.26
0.98333 -164.56 1097.1 127.47 -236.14 1120.4 120.47 -290.93 1213.7 114.35
0.99167 -168.49 1107.3 127.98 -241 1129.6 120.98 -295.43 1222.6 114.43
1 -172.55 1117.5 128.43 -245.91 1138.8 121.48 -299.94 1231.5 114.48
1.0083 -176.73 1127.7 128.84 -250.87 1148.2 121.95 -304.45 1240.5 114.52
1.0167 -181.04 1137.9 129.19 -255.87 1157.6 122.38 -308.98 1249.5 114.54
1.025 -185.48 1148.1 129.51 -260.9 1167.1 122.78 -313.54 1258.6 114.55
1.0333 -190.07 1158.3 129.79 -265.96 1176.6 123.13 -318.15 1267.8 114.56
1.0417 -194.81 1168.6 130.04 -271.02 1186.2 123.43 -322.84 1277.1 114.57
1.05 -199.75 1179 130.27 -276.09 1195.8 123.68 -327.62 1286.4 114.59
1.0583 -204.92 1189.5 130.5 -281.14 1205.4 123.87 -332.53 1295.9 114.63
1.0667 -210.35 1200 130.72 -286.18 1215.1 124.01 -337.56 1305.5 114.69
1.075 -216.06 1210.6 130.96 -291.2 1224.8 124.1 -342.74 1315.2 114.78
1.0833 -222.08 1221.3 131.21 -296.21 1234.6 124.16 -348.06 1325 114.89
1.0917 -228.4 1232.1 131.47 -301.22 1244.4 124.18 -353.5 1335 115.03
1.1 -235.02 1242.8 131.76 -306.25 1254.3 124.19 -359.06 1345.1 115.19
1.1083 -241.88 1253.4 132.05 -311.32 1264.3 124.21 -364.69 1355.2 115.35
1.1167 -248.95 1264 132.34 -316.47 1274.3 124.24 -370.37 1365.3 115.51
1.125 -256.15 1274.5 132.64 -321.7 1284.3 124.3 -376.06 1375.5 115.66
1.1333 -263.42 1284.8 132.93 -327.06 1294.4 124.4 -381.72 1385.7 115.78
1.1417 -270.68 1295 133.22 -332.56 1304.5 124.55 -387.33 1395.8 115.87
1.15 -277.86 1305 133.51 -338.2 1314.6 124.76 -392.88 1405.8 115.92
1.1583 -284.91 1314.8 133.8 -344 1324.7 125.03 -398.35 1415.8 115.92
1.1667 -291.8 1324.6 134.1 -349.95 1334.6 125.37 -403.75 1425.6 115.89
1.175 -298.51 1334.1 134.4 -356.03 1344.4 125.77 -409.11 1435.3 115.81
1.1833 -305.06 1343.6 134.72 -362.22 1354.1 126.24 -414.44 1444.8 115.7
1.1917 -311.47 1353 135.06 -368.5 1363.5 126.76 -419.79 1454.2 115.56
1.2 -317.78 1362.3 135.41 -374.83 1372.8 127.33 -425.2 1463.6 115.4
1.2083 -324.04 1371.5 135.79 -381.18 1381.8 127.95 -430.73 1472.8 115.24
1.2167 -330.26 1380.6 136.17 -387.55 1390.6 128.6 -436.4 1481.9 115.08
1.225 -336.5 1389.7 136.56 -393.9 1399.2 129.29 -442.26 1491 114.93
1.2333 -342.75 1398.7 136.95 -400.22 1407.5 130.02 -448.33 1500 114.8
1.2417 -349.04 1407.6 137.33 -406.52 1415.7 130.76 -454.64 1509 114.69
1.25 -355.37 1416.5 137.69 -412.81 1423.7 131.53 -461.19 1517.9 114.6
1.2583 -361.75 1425.2 138.02 -419.08 1431.6 132.31 -467.97 1526.7 114.53
1.2667 -368.19 1433.9 138.32 -425.37 1439.4 133.11 -474.98 1535.5 114.48
1.275 -374.71 1442.3 138.58 -431.69 1447.1 133.92 -482.2 1544.2 114.46
1.2833 -381.31 1450.6 138.8 -438.06 1454.7 134.74 -489.59 1552.8 114.45
1.2917 -388.01 1458.7 139 -444.5 1462.3 135.55 -497.15 1561.3 114.46
1.3 -394.8 1466.5 139.18 -451.03 1469.7 136.35 -504.83 1569.7 114.48
1.3083 -401.68 1474.1 139.36 -457.64 1477.2 137.16 -512.62 1578 114.51
1.3167 -408.66 1481.5 139.53 -464.35 1484.6 137.93 -520.5 1586.1 114.54
1.325 -415.73 1488.7 139.71 -471.15 1491.9 138.69 -528.44 1594.1 114.58
1.3333 -422.88 1495.8 139.91 -478.04 1499.1 139.4 -536.43 1601.9 114.63
1.3417 -430.11 1502.7 140.13 -485.02 1506.3 140.09 -544.47 1609.7 114.67
1.35 -437.4 1509.6 140.36 -492.08 1513.4 140.73 -552.53 1617.3 114.7
1.3583 -444.74 1516.4 140.61 -499.21 1520.5 141.34 -560.61 1624.8 114.73
1.3667 -452.11 1523.2 140.86 -506.4 1527.5 141.9 -568.71 1632.2 114.75
1.375 -459.5 1529.9 141.12 -513.68 1534.5 142.41 -576.83 1639.5 114.75
1.3833 -466.89 1536.7 141.36 -521.03 1541.4 142.89 -584.95 1646.7 114.74
1.3917 -474.27 1543.6 141.6 -528.46 1548.3 143.32 -593.09 1653.9 114.71
1.4 -481.64 1550.4 141.81 -535.98 1555.2 143.72 -601.23 1661 114.65
1.4083 -489 1557.3 142.01 -543.59 1562.2 144.08 -609.38 1668 114.59
1.4167 -496.37 1564.2 142.17 -551.29 1569.1 144.41 -617.53 1675 114.5
1.425 -503.76 1571.1 142.31 -559.09 1576 144.72 -625.7 1681.9 114.4
1.4333 -511.19 1578 142.42 -567 1582.9 145 -633.88 1688.9 114.28
1.4417 -518.68 1584.9 142.51 -574.99 1589.7 145.26 -642.07 1695.8 114.15
1.45 -526.27 1591.8 142.58 -583.08 1596.6 145.49 -650.27 1702.7 114
1.4583 -533.96 1598.7 142.64 -591.26 1603.4 145.7 -658.5 1709.6 113.84
1.4667 -541.79 1605.5 142.68 -599.52 1610.2 145.89 -666.74 1716.5 113.67
1.475 -549.75 1612.4 142.72 -607.87 1617 146.06 -675 1723.4 113.49
1.4833 -557.88 1619.2 142.75 -616.29 1623.7 146.21 -683.28 1730.4 113.28
1.4917 -566.16 1626 142.77 -624.8 1630.5 146.35 -691.58 1737.4 113.06
1.5 -574.61 1632.8 142.78 -633.39 1637.2 146.46 -699.9 1744.3 112.83
1.5083 -583.24 1639.5 142.78 -642.08 1643.9 146.56 -708.24 1751.3 112.57
1.5167 -592.04 1646.2 142.76 -650.85 1650.7 146.65 -716.6 1758.2 112.29
1.525 -601.01 1652.8 142.73 -659.73 1657.5 146.72 -724.99 1765.2 112
1.5333 -610.14 1659.4 142.7 -668.72 1664.3 146.79 -733.42 1772.1 111.69
1.5417 -619.44 1665.9 142.65 -677.81 1671.1 146.84 -741.89 1778.9 111.38
1.55 -628.9 1672.3 142.6 -687 1677.9 146.89 -750.4 1785.8 111.05
1.5583 -638.55 1678.7 142.55 -696.3 1684.7 146.94 -758.98 1792.7 110.71
1.5667 -648.39 1685.1 142.5 -705.7 1691.5 146.97 -767.62 1799.5 110.36
1.575 -658.45 1691.5 142.45 -715.19 1698.2 147 -776.34 1806.4 110.01
1.5833 -668.75 1697.9 142.41 -724.77 1705 147.03 -785.13 1813.3 109.65
1.5917 -679.3 1704.3 142.38 -734.43 1711.6 147.04 -794.01 1820.3 109.28
1.6 -690.11 1710.8 142.37 -744.18 1718.2 147.05 -802.96 1827.4 108.89
1.6083 -701.17 1717.3 142.39 -754.01 1724.7 147.05 -811.99 1834.5 108.48
1.6167 -712.44 1723.8 142.43 -763.93 1731.2 147.05 -821.08 1841.7 108.06
1.625 -723.87 1730.4 142.51 -773.94 1737.6 147.05 -830.22 1849 107.61
1.6333 -735.42 1736.9 142.62 -784.04 1744.1 147.03 -839.4 1856.4 107.14
1.6417 -747 1743.4 142.76 -794.23 1750.6 147.02 -848.6 1863.7 106.65
1.65 -758.55 1749.9 142.92 -804.51 1757.2 147 -857.81 1871.1 106.14
1.6583 -769.97 1756.4 143.1 -814.86 1763.8 146.96 -867 1878.4 105.63
1.6667 -781.22 1762.7 143.28 -825.26 1770.6 146.92 -876.18 1885.6 105.11
1.675 -792.23 1768.9 143.44 -835.68 1777.6 146.85 -885.32 1892.8 104.6
1.6833 -802.96 1775 143.57 -846.1 1784.6 146.76 -894.42 1899.8 104.11
1.6917 -813.38 1781 143.66 -856.47 1791.8 146.63 -903.46 1906.8 103.63
1.7 -823.52 1786.9 143.7 -866.74 1799.1 146.45 -912.45 1913.7 103.18
1.7083 -833.39 1792.7 143.68 -876.87 1806.5 146.23 -921.36 1920.6 102.76
1.7167 -843.03 1798.5 143.6 -886.82 1813.9 145.95 -930.19 1927.5 102.36
1.725 -852.51 1804.2 143.48 -896.55 1821.3 145.6 -938.93 1934.4 101.98
1.7333 -861.86 1809.9 143.31 -906.02 1828.7 145.19 -947.56 1941.4 101.62
1.7417 -871.12 1815.7 143.12 -915.24 1836 144.71 -956.08 1948.6 101.26
1.75 -880.3 1821.6 142.91 -924.18 1843.2 144.17 -964.45 1955.9 100.91
1.7583 -889.39 1827.5 142.69 -932.87 1850.3 143.58 -972.68 1963.5 100.54
1.7667 -898.36 1833.6 142.47 -941.33 1857.4 142.94 -980.73 1971.2 100.17
1.775 -907.19 1839.8 142.24 -949.58 1864.3 142.26 -988.6 1979.2 99.774
1.7833 -915.85 1846.1 142.03 -957.67 1871.2 141.56 -996.26 1987.3 99.359
1.7917 -924.3 1852.6 141.81 -965.63 1878.1 140.84 -1003.7 1995.5 98.921
1.8 -932.55 1859.1 141.6 -973.51 1885.1 140.11 -1011 2003.9 98.462
1.8083 -940.58 1865.8 141.4 -981.32 1892.1 139.38 -1018 2012.3 97.984
1.8167 -948.39 1872.6 141.2 -989.1 1899.1 138.66 -1024.8 2020.8 97.489
1.825 -956.01 1879.4 141 -996.85 1906.3 137.95 -1031.3 2029.2 96.98
1.8333 -963.44 1886.4 140.79 -1004.6 1913.6 137.24 -1037.7 2037.5 96.458
1.8417 -970.74 1893.3 140.58 -1012.3 1921 136.55 -1043.9 2045.8 95.925
1.85 -977.91 1900.3 140.36 -1020 1928.5 135.87 -1049.9 2053.9 95.381
1.8583 -985.01 1907.3 140.14 -1027.6 1936.1 135.19 -1055.8 2061.9 94.826
1.8667 -992.07 1914.3 139.91 -1035.1 1943.8 134.52 -1061.5 2069.9 94.26
1.875 -999.1 1921.2 139.67 -1042.6 1951.6 133.86 -1067.1 2077.7 93.68
1.8833 -1006.1 1928.1 139.43 -1050 1959.4 133.22 -1072.6 2085.4 93.088
1.8917 -1013.1 1935 139.19 -1057.3 1967.2 132.58 -1078 2093.1 92.484
1.9 -1020.2 1941.8 138.95 -1064.5 1975.1 131.96 -1083.4 2100.8 91.869
1.9083 -1027.2 1948.5 138.71 -1071.6 1983 131.36 -1088.7 2108.5 91.247
1.9167 -1034.3 1955.3 138.47 -1078.7 1991 130.79 -1094 2116.2 90.623
1.925 -1041.3 1962.1 138.25 -1085.7 1999 130.25 -1099.3 2123.9 90.001
1.9333 -1048.3 1968.9 138.05 -1092.6 2007 129.74 -1104.5 2131.7 89.388
1.9417 -1055.4 1975.8 137.86 -1099.5 2015.1 129.26 -1109.7 2139.5 88.791
1.95 -1062.4 1982.8 137.69 -1106.3 2023.3 128.83 -1115 2147.4 88.214
1.9583 -1069.4 1990 137.55 -1113.1 2031.6 128.43 -1120.2 2155.4 87.663
1.9667 -1076.3 1997.4 137.43 -1119.8 2039.9 128.07 -1125.4 2163.4 87.139
1.975 -1083.3 2004.9 137.33 -1126.5 2048.4 127.74 -1130.6 2171.5 86.645
1.9833 -1090.2 2012.7 137.24 -1133.2 2056.9 127.44 -1135.8 2179.5 86.178
1.9917 -1097 2020.7 137.16 -1139.8 2065.5 127.17 -1140.9 2187.7 85.737
2 -1103.8 2028.9 137.07 -1146.3 2074.2 126.93 -1146 2195.8 85.316
2.0083 -1110.5 2037.3 136.98 -1152.7 2082.9 126.71 -1151.1 2204 84.911
2.0167 -1117.2 2045.9 136.86 -1158.9 2091.7 126.5 -1156.1 2212.1 84.514
2.025 -1123.9 2054.6 136.72 -1165.1 2100.6 126.32 -1161.1 2220.3 84.122
2.0333 -1130.5 2063.5 136.55 -1171.2 2109.5 126.14 -1165.9 2228.5 83.728
2.0417 -1137.2 2072.6 136.33 -1177.1 2118.5 125.97 -1170.7 2236.8 83.33
2.05 -1143.9 2081.6 136.08 -1182.9 2127.5 125.8 -1175.3 2245 82.926
2.0583 -1150.6 2090.8 135.78 -1188.6 2136.6 125.64 -1179.9 2253.4 82.517
2.0667 -1157.4 2099.9 135.45 -1194.1 2145.7 125.47 -1184.3 2261.8 82.103
2.075 -1164.2 2109.1 135.08 -1199.5 2155 125.29 -1188.7 2270.2 81.69
2.0833 -1171.1 2118.4 134.69 -1204.8 2164.3 125.1 -1192.9 2278.8 81.281
2.0917 -1178 2127.7 134.29 -1210 2173.8 124.9 -1197.1 2287.4 80.881
2.1 -1185 2137.2 133.89 -1215 2183.3 124.68 -1201.1 2296.2 80.494
2.1083 -1192.1 2146.7 133.5 -1219.9 2192.9 124.45 -1205.1 2305.1 80.124
2.1167 -1199.2 2156.3 133.14 -1224.7 2202.6 124.2 -1208.9 2314 79.772
2.125 -1206.4 2166 132.8 -1229.4 2212.4 123.94 -1212.8 2323 79.439
2.1333 -1213.5 2175.8 132.49 -1234 2222.3 123.66 -1216.5 2332.1 79.121
2.1417 -1220.6 2185.6 132.19 -1238.5 2232.2 123.37 -1220.2 2341.2 78.815
2.15 -1227.6 2195.4 131.9 -1242.9 2242.2 123.07 -1223.8 2350.3 78.514
2.1583 -1234.3 2205.3 131.62 -1247.2 2252.2 122.77 -1227.3 2359.3 78.211
2.1667 -1240.9 2215 131.33 -1251.6 2262.1 122.47 -1230.7 2368.4 77.897
2.175 -1247.2 2224.8 131.02 -1255.9 2272.1 122.16 -1234 2377.4 77.566
2.1833 -1253.2 2234.4 130.69 -1260.2 2281.9 121.84 -1237.3 2386.3 77.21
2.1917 -1258.8 2243.9 130.34 -1264.5 2291.7 121.52 -1240.3 2395.2 76.825
2.2 -1264.2 2253.3 129.97 -1268.9 2301.3 121.2 -1243.3 2404.1 76.409
2.2083 -1269.3 2262.5 129.57 -1273.3 2310.8 120.87 -1246.1 2412.9 75.963
2.2167 -1274.1 2271.7 129.14 -1277.7 2320 120.53 -1248.9 2421.7 75.489
2.225 -1278.8 2280.9 128.68 -1282.2 2329.2 120.17 -1251.5 2430.5 74.992
2.2333 -1283.3 2290 128.18 -1286.6 2338.1 119.79 -1254 2439.3 74.48
2.2417 -1287.6 2299.2 127.64 -1291 2346.8 119.39 -1256.4 2448.2 73.959
2.25 -1291.8 2308.5 127.06 -1295.3 2355.3 118.97 -1258.7 2457 73.436
2.2583 -1295.9 2317.9 126.45 -1299.5 2363.7 118.53 -1261 2465.8 72.92
2.2667 -1299.9 2327.5 125.79 -1303.6 2372 118.06 -1263.3 2474.7 72.413
2.275 -1303.7 2337.1 125.09 -1307.5 2380.1 117.57 -1265.6 2483.5 71.92
2.2833 -1307.3 2346.9 124.36 -1311.4 2388.1 117.05 -1267.9 2492.3 71.44
2.2917 -1310.7 2356.8 123.61 -1315.1 2396.1 116.53 -1270.1 2501.1 70.972
2.3 -1314 2366.7 122.83 -1318.6 2404.1 115.98 -1272.4 2509.7 70.511
2.3083 -1317.2 2376.5 122.03 -1322.1 2412.1 115.43 -1274.6 2518.3 70.052
2.3167 -1320.2 2386.2 121.22 -1325.4 2420.1 114.87 -1276.8 2526.7 69.59
2.325 -1323 2395.8 120.4 -1328.6 2428.2 114.31 -1279 2535.1 69.119
2.3333 -1325.8 2405.2 119.59 -1331.8 2436.4 113.73 -1281.1 2543.3 68.634
2.3417 -1328.5 2414.4 118.77 -1334.8 2444.6 113.16 -1283.1 2551.4 68.132
2.35 -1331.2 2423.4 117.95 -1337.8 2452.8 112.59 -1285 2559.4 67.612
2.3583 -1333.8 2432.2 117.12 -1340.7 2461.2 112 -1286.8 2567.3 67.075
2.3667 -1336.4 2440.9 116.28 -1343.6 2469.6 111.42 -1288.5 2575.2 66.524
2.375 -1338.9 2449.6 115.42 -1346.3 2478.1 110.82 -1290.1 2583 65.963
2.3833 -1341.3 2458.2 114.53 -1349 2486.6 110.21 -1291.6 2590.8 65.396
2.3917 -1343.7 2466.9 113.6 -1351.7 2495.3 109.59 -1293.1 2598.6 64.83
2.4 -1345.9 2475.6 112.63 -1354.2 2503.9 108.95 -1294.4 2606.4 64.269
2.4083 -1348.1 2484.3 111.62 -1356.6 2512.7 108.3 -1295.7 2614.2 63.717
2.4167 -1350.3 2493.1 110.55 -1358.9 2521.4 107.63 -1297 2622 63.176
2.425 -1352.4 2502 109.43 -1361 2530.2 106.91 -1298.2 2629.9 62.649
2.4333 -1354.6 2510.9 108.28 -1363 2538.9 106.11 -1299.3 2637.8 62.135
2.4417 -1356.7 2519.9 107.1 -1364.9 2547.6 105.31 -1300.4 2645.7 61.636
2.45 -1359 2528.9 105.89 -1366.5 2556.4 104.52 -1301.4 2653.7 61.148
2.4583 -1361.3 2537.9 104.69 -1368.2 2565.4 103.77 -1302.4 2661.6 60.662
2.4667 -1363.7 2546.8 103.54 -1369.7 2574.3 102.94 -1303.3 2669.6 60.2
2.475 -1366.1 2555.7 102.4 -1371.2 2583.3 102.18 -1304.1 2677.5 59.726
2.4833 -1368.8 2564.9 101.2 -1372.6 2592.6 101.53 -1304.9 2685.4 59.265
2.4917 -1371.3 2573.7 100.19 -1373.8 2601.9 100.8 -1305.6 2693.4 58.812
2.5 -1374 2582.7 99.142 -1375 2611.2 100.16 -1306.2 2701.2 58.346
2.5083 -1376.6 2591.9 98.093 -1376.2 2620.6 99.564 -1306.8 2709.1 57.884
2.5167 -1379.3 2600.9 97.149 -1377.1 2630.2 98.935 -1307.3 2716.9 57.427
2.525 -1381.9 2610.2 96.181 -1378.2 2639.7 98.403 -1307.8 2724.7 56.966
2.5333 -1384.4 2619.4 95.301 -1379 2649.5 97.833 -1308.3 2732.4 56.511
2.5417 -1386.9 2629.1 94.356 -1379.8 2659.5 97.456 -1308.8 2740.2 56.068
2.55 -1389.2 2638.3 93.569 -1380.6 2669.1 96.78 -1309.2 2748 55.608
2.5583 -1391.4 2647.7 92.777 -1381.4 2678.8 96.212 -1309.6 2755.8 55.169
2.5667 -1393.5 2657.9 91.887 -1382.1 2688.8 95.773 -1309.9 2763.6 54.726
2.575 -1395.5 2667.7 91.115 -1382.8 2698.5 95.18 -1310.2 2771.6 54.283
2.5833 -1397.3 2677.7 90.352 -1383.5 2708.1 94.586 -1310.4 2779.6 53.845
2.5917 -1399 2687.8 89.62 -1384.2 2717.5 93.935 -1310.5 2787.7 53.398
2.6 -1400.6 2698 88.904 -1385 2726.9 93.339 -1310.5 2795.9 52.946
2.6083 -1402.1 2708.3 88.208 -1385.8 2736.2 92.725 -1310.4 2804.1 52.486
2.6167 -1403.5 2718.8 87.535 -1386.6 2745.3 92.077 -1310.1 2812.5 52.012
2.625 -1404.9 2729.2 86.879 -1387.5 2754.2 91.442 -1309.8 2820.8 51.515
2.6333 -1406.2 2739.7 86.23 -1388.4 2763.1 90.801 -1309.3 2829.2 51.003
2.6417 -1407.4 2750.1 85.588 -1389.4 2772 90.152 -1308.8 2837.5 50.468
2.65 -1408.5 2760.5 84.925 -1390.3 2780.7 89.479 -1308.2 2845.8 49.908
2.6583 -1409.5 2770.8 84.244 -1391.2 2789.7 88.823 -1307.5 2854.1 49.319
2.6667 -1410.4 2781 83.563 -1392 2798.5 88.031 -1306.8 2862.3 48.701
2.675 -1411.3 2791 82.814 -1392.8 2807.5 87.236 -1306.1 2870.4 48.071
2.6833 -1412 2800.7 82.061 -1393.4 2816.7 86.404 -1305.4 2878.5 47.447
2.6917 -1412.6 2810.2 81.187 -1394.1 2825.7 85.466 -1304.6 2886.4 46.785
2.7 -1413.2 2819.5 80.309 -1394.2 2835.5 84.62 -1303.9 2894.3 46.157
2.7083 -1413.6 2828.6 79.4 -1394.2 2845.1 83.597 -1303 2902.3 45.531
2.7167 -1414.1 2837.3 78.399 -1394.2 2855 82.676 -1302.2 2910.2 44.927
2.725 -1414.2 2846 77.501 -1394 2864.5 81.405 -1301.1 2918.3 44.354
2.7333 -1414.5 2854.5 76.483 -1394 2873.9 80.092 -1299.8 2926.4 43.79
2.7417 -1414.5 2862.9 75.566 -1393.3 2883.6 78.829 -1298.4 2934.7 43.296
2.75 -1414.6 2871.3 74.554 -1392.9 2893.2 77.531 -1296.8 2943.1 42.818
2.7583 -1414.5 2879.6 73.676 -1391.9 2902.6 76.184 -1294.9 2951.6 42.394
2.7667 -1414.2 2887.8 72.793 -1390.8 2912.4 75.053 -1292.7 2960.3 41.991
2.775 -1413.9 2896.1 71.969 -1389.6 2921.8 73.853 -1290.3 2969.1 41.64
2.7833 -1413.3 2904.2 71.233 -1387.9 2931.2 72.701 -1287.5 2978 41.303
2.7917 -1412.5 2912.3 70.564 -1386 2940.1 71.457 -1284.5 2987 40.988
2.8 -1411.4 2920.2 69.959 -1384.1 2948.6 70.157 -1281.3 2996 40.689
2.8083 -1410.1 2928 69.409 -1382 2957 68.875 -1277.8 3005 40.404
2.8167 -1408.4 2935.6 68.902 -1379.6 2965.3 67.62 -1274.1 3014 40.13
2.825 -1406.5 2943 68.424 -1377.1 2973.6 66.396 -1270.3 3022.9 39.864
2.8333 -1404.4 2950.2 67.961 -1374.3 2981.8 65.207 -1266.3 3031.7 39.605
2.8417 -1402.1 2957.3 67.502 -1371.3 2989.9 64.057 -1262.2 3040.4 39.352
2.85 -1399.6 2964.1 67.037 -1368.2 2998.1 62.95 -1258 3049 39.106
2.8583 -1397.1 2970.9 66.561 -1364.8 3006.2 61.889 -1253.7 3057.5 38.863
2.8667 -1394.4 2977.5 66.067 -1361.2 3014.4 60.88 -1249.3 3065.8 38.622
2.875 -1391.7 2984.1 65.555 -1357.5 3022.5 59.927 -1244.9 3074 38.381
2.8833 -1388.9 2990.6 65.023 -1353.6 3030.7 59.04 -1240.3 3082.1 38.137
2.8917 -1386 2997.2 64.473 -1349.5 3038.8 58.206 -1235.7 3090.1 37.886
2.9 -1383.1 3003.7 63.908 -1345.3 3047 57.437 -1231 3098 37.625
2.9083 -1380.1 3010.2 63.329 -1340.9 3055.1 56.721 -1226.3 3105.8 37.351
2.9167 -1377.1 3016.8 62.741 -1336.3 3063.3 56.069 -1221.5 3113.4 37.063
2.925 -1374 3023.3 62.147 -1331.6 3071.4 55.474 -1216.5 3121 36.759
2.9333 -1370.9 3029.8 61.552 -1326.7 3079.6 54.913 -1211.6 3128.6 36.443
2.9417 -1367.7 3036.3 60.96 -1321.7 3087.7 54.393 -1206.5 3136 36.116
2.95 -1364.5 3042.9 60.376 -1316.6 3095.8 53.9 -1201.4 3143.5 35.783
2.9583 -1361.3 3049.4 59.805 -1311.3 3103.9 53.427 -1196.2 3150.8 35.451
2.9667 -1358.1 3055.8 59.252 -1305.9 3112 52.965 -1191 3158.1 35.124
2.975 -1354.8 3062.3 58.72 -1300.5 3120 52.507 -1185.7 3165.4 34.81
2.9833 -1351.4 3068.8 58.215 -1295 3128 52.05 -1180.4 3172.7 34.512
2.9917 -1348 3075.3 57.741 -1289.4 3135.9 51.589 -1175 3180 34.234
3 -1344.5 3081.9 57.301 -1283.7 3143.8 51.125 -1169.5 3187.3 33.976
3.0083 -1340.9 3088.4 56.898 -1278 3151.6 50.658 -1164 3194.6 33.739
3.0167 -1337.1 3094.9 56.536 -1272.2 3159.4 50.191 -1158.3 3201.8 33.52
3.025 -1333.1 3101.5 56.216 -1266.4 3167.2 49.724 -1152.7 3209.1 33.313
3.0333 -1328.8 3108 55.941 -1260.4 3175 49.263 -1146.9 3216.4 33.116
3.0417 -1324.3 3114.6 55.712 -1254.4 3182.8 48.811 -1141.1 3223.6 32.923
3.05 -1319.6 3121.2 55.527 -1248.2 3190.6 48.368 -1135.2 3230.8 32.73
3.0583 -1314.5 3127.8 55.387 -1241.8 3198.4 47.938 -1129.2 3238 32.535
3.0667 -1309.2 3134.5 55.287 -1235.2 3206.2 47.523 -1123.2 3245.1 32.337
3.075 -1303.7 3141.2 55.226 -1228.5 3214 47.124 -1117 3252.1 32.138
3.0833 -1297.9 3147.9 55.196 -1221.6 3221.8 46.742 -1110.8 3259.1 31.941
3.0917 -1291.8 3154.8 55.193 -1214.4 3229.5 46.383 -1104.5 3266 31.752
3.1 -1285.5 3161.8 55.208 -1207.1 3237.1 46.039 -1098.1 3272.8 31.577
3.1083 -1279 3168.8 55.234 -1199.5 3244.7 45.713 -1091.5 3279.6 31.422
3.1167 -1272.2 3176 55.261 -1191.8 3252.1 45.413 -1084.9 3286.4 31.292
3.125 -1265.2 3183.3 55.278 -1183.8 3259.5 45.136 -1078 3293.1 31.194
3.1333 -1257.9 3190.8 55.278 -1175.6 3266.8 44.883 -1071.1 3299.9 31.129
3.1417 -1250.4 3198.4 55.249 -1167.2 3273.9 44.659 -1064 3306.6 31.097
3.15 -1242.7 3206 55.186 -1158.7 3281 44.457 -1056.7 3313.4 31.096
3.1583 -1234.7 3213.8 55.081 -1149.9 3288.1 44.281 -1049.3 3320.1 31.123
3.1667 -1226.5 3221.6 54.928 -1140.9 3295.1 44.13 -1041.8 3326.9 31.17
3.175 -1218.1 3229.5 54.724 -1131.8 3302.1 44 -1034.1 3333.7 31.23
3.1833 -1209.5 3237.3 54.47 -1122.6 3309.1 43.89 -1026.4 3340.4 31.297
3.1917 -1200.7 3245.1 54.169 -1113.2 3316.1 43.796 -1018.7 3347.1 31.362
3.2 -1191.8 3252.8 53.827 -1103.9 3323.1 43.717 -1011 3353.7 31.423
3.2083 -1182.8 3260.5 53.452 -1094.5 3330.1 43.65 -1003.2 3360.3 31.474
3.2167 -1173.7 3268 53.052 -1085.3 3337.1 43.596 -995.57 3366.7 31.514
3.225 -1164.6 3275.3 52.639 -1076.2 3344 43.555 -987.99 3373.1 31.545
3.2333 -1155.5 3282.5 52.222 -1067.2 3350.9 43.528 -980.49 3379.4 31.568
3.2417 -1146.4 3289.6 51.808 -1058.5 3357.6 43.516 -973.1 3385.6 31.587
3.25 -1137.3 3296.4 51.401 -1050.1 3364.3 43.524 -965.83 3391.7 31.606
3.2583 -1128.4 3303.2 51.001 -1041.9 3370.8 43.552 -958.68 3397.8 31.629
3.2667 -1119.5 3309.8 50.603 -1034.1 3377.1 43.603 -951.64 3403.9 31.659
