0.0083333 -29.389 7.2274 95.883 -45.811 131.59 86.442 -12.021 303.59 81.468
0.016667 -28.648 15.059 95.938 -44.548 140.45 86.329 -10.249 312.33 81.371
0.025 -27.832 23.189 95.996 -43.222 149.47 86.188 -8.4474 321.15 81.276
0.033333 -26.943 31.629 96.057 -41.836 158.65 86.016 -6.6191 330.04 81.184
0.041667 -25.99 40.39 96.118 -40.388 167.98 85.822 -4.7672 339.02 81.102
0.05 -24.984 49.474 96.173 -38.877 177.45 85.612 -2.8958 348.09 81.031
0.058333 -23.949 58.874 96.221 -37.307 187.07 85.384 -1.0097 357.28 80.977
0.066667 -22.897 68.579 96.254 -35.672 196.83 85.154 0.88506 366.57 80.942
0.075 -21.857 78.562 96.27 -33.977 206.72 84.919 2.7829 375.96 80.928
0.083333 -20.841 88.796 96.261 -32.223 216.75 84.69 4.6772 385.45 80.935
0.091667 -19.865 99.243 96.222 -30.414 226.91 84.468 6.5615 395.02 80.961
0.1 -18.933 109.87 96.149 -28.559 237.19 84.259 8.4299 404.63 81.004
0.10833 -18.046 120.62 96.04 -26.675 247.58 84.06 10.277 414.25 81.059
0.11667 -17.194 131.47 95.894 -24.778 258.07 83.872 12.097 423.86 81.121
0.125 -16.352 142.38 95.709 -22.892 268.62 83.699 13.886 433.4 81.182
0.13333 -15.497 153.32 95.492 -21.043 279.22 83.539 15.638 442.85 81.236
0.14167 -14.6 164.25 95.246 -19.261 289.83 83.394 17.347 452.16 81.278
0.15 -13.631 175.16 94.98 -17.576 300.42 83.264 19.005 461.32 81.301
0.15833 -12.569 186.02 94.699 -16.015 310.93 83.154 20.603 470.31 81.302
0.16667 -11.401 196.83 94.41 -14.603 321.35 83.068 22.13 479.12 81.279
0.175 -10.126 207.56 94.118 -13.357 331.64 83.01 23.573 487.79 81.231
0.18333 -8.7542 218.23 93.826 -12.287 341.76 82.986 24.913 496.31 81.161
0.19167 -7.3022 228.83 93.536 -11.397 351.71 83 26.136 504.73 81.073
0.2 -5.7915 239.37 93.247 -10.68 361.46 83.056 27.221 513.09 80.972
0.20833 -4.2428 249.87 92.954 -10.122 371.02 83.158 28.149 521.42 80.865
0.21667 -2.6755 260.33 92.655 -9.7061 380.4 83.305 28.905 529.77 80.759
0.225 -1.1099 270.77 92.346 -9.4082 389.6 83.498 29.473 538.18 80.663
0.23333 0.4351 281.19 92.027 -9.2055 398.65 83.732 29.841 546.66 80.584
0.24167 1.9341 291.61 91.704 -9.0713 407.57 84.008 30.003 555.25 80.528
0.25 3.3725 302 91.377 -8.9883 416.4 84.316 29.954 563.95 80.502
0.25833 4.734 312.37 91.055 -8.9388 425.15 84.653 29.697 572.75 80.51
0.26667 6.0075 322.7 90.747 -8.9116 433.86 85.014 29.238 581.65 80.554
0.275 7.1865 332.98 90.463 -8.9009 442.55 85.395 28.586 590.62 80.636
0.28333 8.268 343.22 90.21 -8.906 451.24 85.792 27.753 599.65 80.757
0.29167 9.2517 353.41 89.996 -8.9294 459.96 86.204 26.756 608.7 80.915
0.3 10.14 363.55 89.823 -8.9773 468.71 86.628 25.608 617.76 81.109
0.30833 10.938 373.63 89.694 -9.0558 477.52 87.065 24.326 626.79 81.335
0.31667 11.646 383.68 89.604 -9.1722 486.39 87.514 22.927 635.78 81.589
0.325 12.277 393.69 89.548 -9.3305 495.32 87.975 21.426 644.71 81.867
0.33333 12.84 403.67 89.517 -9.5334 504.32 88.448 19.835 653.57 82.166
0.34167 13.341 413.64 89.501 -9.7812 513.4 88.931 18.169 662.36 82.479
0.35 13.795 423.61 89.491 -10.071 522.54 89.421 16.441 671.06 82.802
0.35833 14.208 433.57 89.477 -10.4 531.76 89.914 14.66 679.69 83.13
0.36667 14.586 443.54 89.453 -10.761 541.04 90.406 12.839 688.24 83.459
0.375 14.933 453.51 89.415 -11.151 550.38 90.891 10.987 696.73 83.786
0.38333 15.249 463.5 89.361 -11.564 559.79 91.363 9.114 705.16 84.107
0.39167 15.534 473.5 89.292 -11.997 569.25 91.817 7.2303 713.55 84.42
0.4 15.78 483.5 89.211 -12.449 578.76 92.249 5.3445 721.9 84.724
0.40833 15.984 493.52 89.123 -12.918 588.32 92.653 3.4647 730.23 85.019
0.41667 16.138 503.55 89.034 -13.407 597.94 93.029 1.5986 738.55 85.305
0.425 16.237 513.58 88.951 -13.918 607.6 93.375 -0.24766 746.88 85.583
0.43333 16.271 523.63 88.879 -14.456 617.31 93.692 -2.0687 755.25 85.854
0.44167 16.237 533.68 88.827 -15.026 627.08 93.982 -3.8604 763.66 86.12
0.45 16.128 543.74 88.798 -15.633 636.91 94.247 -5.6199 772.13 86.38
0.45833 15.943 553.82 88.797 -16.285 646.81 94.488 -7.3451 780.68 86.635
0.46667 15.678 563.93 88.827 -16.984 656.77 94.709 -9.0351 789.31 86.884
0.475 15.335 574.08 88.888 -17.735 666.81 94.908 -10.69 798.04 87.125
0.48333 14.91 584.31 88.975 -18.538 676.91 95.089 -12.31 806.87 87.356
0.49167 14.417 594.63 89.086 -19.392 687.09 95.25 -13.898 815.79 87.575
0.5 13.862 605.08 89.213 -20.294 697.34 95.393 -15.457 824.8 87.776
0.50833 13.256 615.7 89.347 -21.239 707.68 95.518 -16.99 833.89 87.96
0.51667 12.619 626.5 89.482 -22.226 718.09 95.628 -18.503 843.06 88.122
0.525 11.966 637.48 89.613 -23.249 728.59 95.724 -20.004 852.3 88.263
0.53333 11.297 648.65 89.734 -24.308 739.18 95.811 -21.501 861.6 88.382
0.54167 10.613 659.99 89.846 -25.401 749.86 95.892 -23.004 870.96 88.482
0.55 9.9 671.47 89.945 -26.53 760.64 95.974 -24.524 880.4 88.565
0.55833 9.1423 683.1 90.03 -27.7 771.52 96.063 -26.071 889.91 88.635
0.56667 8.3314 694.85 90.094 -28.916 782.5 96.163 -27.657 899.53 88.695
0.575 7.4409 706.73 90.139 -30.188 793.6 96.281 -29.29 909.27 88.751
0.58333 6.4664 718.73 90.157 -31.52 804.81 96.423 -30.977 919.16 88.803
0.59167 5.3943 730.89 90.149 -32.924 816.14 96.589 -32.725 929.22 88.856
0.6 4.2248 743.22 90.113 -34.407 827.59 96.781 -34.534 939.46 88.909
0.60833 2.9443 755.74 90.053 -35.971 839.16 96.999 -36.406 949.91 88.963
0.61667 1.574 768.48 89.975 -37.619 850.86 97.24 -38.335 960.57 89.016
0.625 0.11386 781.46 89.888 -39.347 862.66 97.497 -40.317 971.44 89.066
0.63333 -1.4256 794.66 89.808 -41.147 874.59 97.764 -42.345 982.49 89.111
0.64167 -3.0343 808.09 89.751 -43.007 886.61 98.034 -44.41 993.71 89.149
0.65 -4.7067 821.71 89.734 -44.909 898.73 98.297 -46.504 1005.1 89.182
0.65833 -6.4387 835.48 89.773 -46.832 910.93 98.545 -48.618 1016.5 89.209
0.66667 -8.2303 849.34 89.878 -48.753 923.19 98.77 -50.744 1027.9 89.234
0.675 -10.08 863.25 90.056 -50.647 935.5 98.964 -52.875 1039.4 89.26
0.68333 -11.988 877.14 90.304 -52.49 947.84 99.12 -55.002 1050.8 89.294
0.69167 -13.947 890.95 90.613 -54.26 960.17 99.235 -57.118 1062.1 89.341
0.7 -15.951 904.62 90.967 -55.938 972.49 99.304 -59.214 1073.3 89.405
0.70833 -17.984 918.12 91.348 -57.508 984.77 99.328 -61.278 1084.3 89.491
0.71667 -20.028 931.39 91.732 -58.96 996.99 99.305 -63.297 1095.3 89.6
0.725 -22.064 944.42 92.098 -60.29 1009.1 99.238 -65.256 1106.1 89.733
0.73333 -24.071 957.17 92.427 -61.499 1021.2 99.129 -67.137 1116.7 89.885
0.74167 -26.034 969.67 92.711 -62.592 1033.1 98.981 -68.922 1127.4 90.051
0.75 -27.95 981.94 92.948 -63.578 1044.9 98.797 -70.589 1137.9 90.224
0.75833 -29.82 994.03 93.145 -64.471 1056.5 98.581 -72.12 1148.5 90.392
0.76667 -31.649 1006 93.314 -65.287 1068 98.335 -73.496 1159 90.547
0.775 -33.438 1017.8 93.465 -66.038 1079.4 98.061 -74.704 1169.6 90.677
0.78333 -35.19 1029.6 93.613 -66.742 1090.6 97.761 -75.733 1180.2 90.775
0.79167 -36.902 1041.4 93.768 -67.41 1101.7 97.437 -76.579 1190.9 90.835
0.8 -38.567 1053.1 93.942 -68.054 1112.7 97.09 -77.241 1201.6 90.852
0.80833 -40.18 1064.8 94.144 -68.681 1123.7 96.721 -77.728 1212.4 90.825
0.81667 -41.72 1076.4 94.379 -69.297 1134.5 96.333 -78.049 1223.2 90.757
0.825 -43.181 1088.1 94.648 -69.905 1145.3 95.928 -78.222 1234 90.651
0.83333 -44.55 1099.7 94.95 -70.504 1156.1 95.51 -78.264 1244.8 90.514
0.84167 -45.817 1111.2 95.281 -71.095 1166.8 95.081 -78.197 1255.5 90.353
0.85 -46.977 1122.7 95.634 -71.674 1177.6 94.645 -78.041 1266.2 90.175
0.85833 -48.034 1134.1 96.001 -72.238 1188.4 94.208 -77.814 1276.8 89.987
0.86667 -48.994 1145.5 96.377 -72.785 1199.2 93.773 -77.535 1287.3 89.793
0.875 -49.869 1156.8 96.756 -73.31 1210.1 93.346 -77.217 1297.7 89.599
0.88333 -50.673 1168 97.132 -73.812 1221 92.931 -76.871 1308 89.408
0.89167 -51.424 1179.3 97.504 -74.29 1232 92.533 -76.505 1318.3 89.22
0.9 -52.135 1190.5 97.87 -74.743 1243 92.156 -76.123 1328.5 89.035
0.90833 -52.824 1201.7 98.23 -75.174 1254.1 91.803 -75.726 1338.6 88.853
0.91667 -53.502 1212.9 98.586 -75.585 1265.2 91.476 -75.314 1348.7 88.671
0.925 -54.175 1224.1 98.938 -75.981 1276.4 91.176 -74.885 1358.7 88.487
0.93333 -54.845 1235.2 99.289 -76.365 1287.7 90.906 -74.438 1368.8 88.3
0.94167 -55.506 1246.4 99.639 -76.744 1299 90.665 -73.969 1378.9 88.105
0.95 -56.153 1257.6 99.989 -77.121 1310.3 90.454 -73.477 1389 87.903
0.95833 -56.77 1268.9 100.34 -77.501 1321.8 90.271 -72.959 1399.1 87.69
0.96667 -57.343 1280.1 100.67 -77.889 1333.3 90.116 -72.414 1409.3 87.466
0.975 -57.864 1291.5 101 -78.287 1344.9 89.989 -71.844 1419.5 87.232
0.98333 -58.318 1302.9 101.32 -78.697 1356.6 89.891 -71.247 1429.7 86.987
0.99167 -58.695 1314.4 101.6 -79.119 1368.4 89.82 -70.626 1440.1 86.733
1 -58.992 1326.1 101.86 -79.552 1380.3 89.778 -69.983 1450.4 86.472
1.0083 -59.206 1337.9 102.07 -79.994 1392.3 89.766 -69.32 1460.9 86.206
1.0167 -59.34 1349.8 102.25 -80.439 1404.4 89.783 -68.639 1471.4 85.938
1.025 -59.398 1362 102.39 -80.881 1416.6 89.829 -67.944 1482 85.672
1.0333 -59.391 1374.2 102.49 -81.314 1428.8 89.905 -67.238 1492.6 85.413
1.0417 -59.332 1386.7 102.57 -81.728 1441.1 90.008 -66.525 1503.3 85.163
1.05 -59.243 1399.4 102.63 -82.113 1453.5 90.137 -65.809 1514.1 84.926
1.0583 -59.152 1412.1 102.69 -82.461 1465.9 90.287 -65.093 1524.9 84.707
1.0667 -59.093 1425.1 102.76 -82.762 1478.4 90.454 -64.379 1535.8 84.506
1.075 -59.094 1438 102.84 -83.007 1491 90.632 -63.671 1546.8 84.326
1.0833 -59.176 1451.1 102.93 -83.188 1503.6 90.814 -62.971 1557.8 84.166
1.0917 -59.342 1464.1 103.05 -83.3 1516.4 90.99 -62.28 1568.9 84.026
1.1 -59.585 1477.1 103.17 -83.336 1529.2 91.154 -61.599 1580.1 83.905
1.1083 -59.892 1490.2 103.31 -83.293 1542.2 91.298 -60.93 1591.3 83.801
1.1167 -60.242 1503.2 103.46 -83.171 1555.3 91.41 -60.273 1602.6 83.713
1.125 -60.623 1516.4 103.61 -82.966 1568.5 91.494 -59.628 1613.9 83.639
1.1333 -61.019 1529.7 103.76 -82.682 1581.8 91.538 -58.996 1625.4 83.579
1.1417 -61.421 1543.2 103.9 -82.321 1595.3 91.542 -58.375 1636.9 83.534
1.15 -61.822 1557 104.04 -81.889 1608.9 91.508 -57.766 1648.6 83.504
1.1583 -62.218 1571.1 104.15 -81.392 1622.6 91.438 -57.168 1660.3 83.489
1.1667 -62.61 1585.4 104.24 -80.844 1636.3 91.336 -56.58 1672.1 83.49
1.175 -63.002 1600.1 104.29 -80.257 1650.1 91.21 -56 1684.1 83.507
1.1833 -63.397 1614.9 104.29 -79.647 1663.9 91.068 -55.429 1696.2 83.538
1.1917 -63.803 1629.9 104.24 -79.035 1677.7 90.917 -54.867 1708.3 83.582
1.2 -64.219 1645 104.14 -78.444 1691.5 90.764 -54.316 1720.6 83.633
1.2083 -64.64 1660.1 103.98 -77.896 1705.2 90.619 -53.778 1732.9 83.686
1.2167 -65.049 1675 103.77 -77.417 1718.8 90.488 -53.259 1745.3 83.735
1.225 -65.422 1689.8 103.53 -77.028 1732.4 90.376 -52.768 1757.8 83.774
1.2333 -65.731 1704.4 103.26 -76.752 1745.8 90.29 -52.317 1770.2 83.795
1.2417 -65.952 1718.7 102.98 -76.605 1759 90.233 -51.92 1782.6 83.793
1.25 -66.072 1732.7 102.7 -76.599 1772.2 90.209 -51.594 1794.9 83.767
1.2583 -66.085 1746.4 102.44 -76.741 1785.1 90.22 -51.36 1807.2 83.715
1.2667 -65.997 1759.9 102.2 -77.029 1798 90.27 -51.236 1819.4 83.639
1.275 -65.816 1773.2 101.99 -77.459 1810.6 90.359 -51.245 1831.5 83.545
1.2833 -65.551 1786.3 101.8 -78.017 1823.1 90.489 -51.405 1843.5 83.439
1.2917 -65.212 1799.3 101.63 -78.687 1835.4 90.659 -51.734 1855.4 83.331
1.3 -64.817 1812.2 101.47 -79.45 1847.6 90.869 -52.243 1867.2 83.23
1.3083 -64.388 1825.1 101.32 -80.286 1859.6 91.118 -52.943 1879 83.147
1.3167 -63.958 1838 101.17 -81.174 1871.4 91.402 -53.837 1890.7 83.091
1.325 -63.561 1850.8 101.01 -82.098 1883.1 91.719 -54.922 1902.4 83.07
1.3333 -63.232 1863.7 100.85 -83.045 1894.7 92.065 -56.192 1914.1 83.087
1.3417 -63.003 1876.4 100.67 -84.005 1906.2 92.436 -57.636 1925.8 83.148
1.35 -62.905 1889.1 100.48 -84.976 1917.6 92.825 -59.24 1937.5 83.251
1.3583 -62.955 1901.7 100.28 -85.959 1929 93.231 -60.989 1949.3 83.394
1.3667 -63.167 1914.1 100.06 -86.959 1940.2 93.647 -62.865 1961.1 83.572
1.375 -63.547 1926.3 99.832 -87.982 1951.4 94.069 -64.852 1972.9 83.781
1.3833 -64.085 1938.4 99.6 -89.037 1962.6 94.493 -66.935 1984.8 84.015
1.3917 -64.772 1950.3 99.368 -90.133 1973.8 94.916 -69.102 1996.7 84.268
1.4 -65.584 1962.1 99.142 -91.273 1985 95.334 -71.343 2008.7 84.535
1.4083 -66.493 1973.8 98.926 -92.462 1996.2 95.747 -73.647 2020.6 84.814
1.4167 -67.473 1985.4 98.723 -93.698 2007.3 96.151 -76.009 2032.6 85.1
1.425 -68.494 1996.9 98.535 -94.98 2018.5 96.546 -78.424 2044.5 85.395
1.4333 -69.532 2008.4 98.359 -96.301 2029.7 96.929 -80.884 2056.4 85.696
1.4417 -70.569 2019.8 98.195 -97.658 2041 97.299 -83.385 2068.3 86.005
1.45 -71.59 2031.3 98.036 -99.043 2052.2 97.653 -85.919 2080.1 86.321
1.4583 -72.592 2042.8 97.877 -100.45 2063.5 97.992 -88.479 2091.9 86.645
1.4667 -73.579 2054.2 97.713 -101.88 2074.9 98.312 -91.053 2103.6 86.974
1.475 -74.562 2065.7 97.538 -103.33 2086.4 98.612 -93.631 2115.3 87.308
1.4833 -75.557 2077.2 97.35 -104.79 2097.9 98.892 -96.201 2126.9 87.642
1.4917 -76.587 2088.7 97.149 -106.28 2109.6 99.152 -98.751 2138.5 87.975
1.5 -77.667 2100.2 96.937 -107.78 2121.3 99.391 -101.27 2150.1 88.301
1.5083 -78.818 2111.6 96.721 -109.32 2133.2 99.612 -103.75 2161.7 88.617
1.5167 -80.055 2123.1 96.51 -110.89 2145.2 99.816 -106.18 2173.2 88.919
1.525 -81.379 2134.5 96.314 -112.5 2157.3 100.01 -108.55 2184.9 89.203
1.5333 -82.794 2146 96.142 -114.14 2169.5 100.18 -110.87 2196.5 89.466
1.5417 -84.297 2157.4 96.003 -115.83 2181.7 100.35 -113.14 2208.2 89.706
1.55 -85.889 2168.9 95.9 -117.56 2194.1 100.5 -115.37 2220 89.923
1.5583 -87.564 2180.5 95.83 -119.34 2206.6 100.65 -117.55 2231.9 90.114
1.5667 -89.301 2192.1 95.786 -121.16 2219.1 100.78 -119.7 2243.8 90.282
1.575 -91.102 2203.8 95.756 -123.02 2231.6 100.91 -121.83 2255.8 90.426
1.5833 -92.95 2215.7 95.723 -124.92 2244.2 101.02 -123.96 2267.8 90.548
1.5917 -94.832 2227.8 95.676 -126.86 2256.9 101.13 -126.1 2279.9 90.651
1.6 -96.728 2240 95.608 -128.85 2269.6 101.21 -128.26 2292.1 90.735
1.6083 -98.646 2252.4 95.517 -130.88 2282.3 101.29 -130.45 2304.3 90.805
1.6167 -100.59 2264.8 95.412 -132.97 2295.2 101.35 -132.69 2316.6 90.86
1.625 -102.58 2277.3 95.288 -135.12 2308 101.4 -134.97 2329 90.904
1.6333 -104.63 2289.9 95.161 -137.34 2321 101.44 -137.31 2341.4 90.938
1.6417 -106.76 2302.5 95.032 -139.64 2334 101.48 -139.7 2353.9 90.963
1.65 -108.98 2315.2 94.9 -142.02 2347.1 101.53 -142.14 2366.5 90.978
1.6583 -111.32 2328 94.771 -144.49 2360.3 101.57 -144.64 2379.2 90.982
1.6667 -113.77 2341 94.645 -147.05 2373.5 101.63 -147.18 2392 90.973
1.675 -116.34 2354.2 94.522 -149.72 2386.7 101.7 -149.75 2404.9 90.95
1.6833 -119.04 2367.6 94.406 -152.49 2400 101.77 -152.36 2418 90.909
1.6917 -121.86 2381.3 94.297 -155.35 2413.4 101.86 -154.98 2431.1 90.846
1.7 -124.77 2395.3 94.201 -158.31 2426.7 101.96 -157.62 2444.4 90.758
1.7083 -127.77 2409.6 94.127 -161.34 2440 102.05 -160.26 2457.7 90.645
1.7167 -130.84 2424.1 94.082 -164.43 2453.3 102.14 -162.9 2471.1 90.505
1.725 -133.96 2438.7 94.076 -167.56 2466.6 102.22 -165.54 2484.6 90.34
1.7333 -137.11 2453.5 94.121 -170.7 2479.9 102.28 -168.17 2498.1 90.153
1.7417 -140.27 2468.2 94.219 -173.84 2493.1 102.32 -170.8 2511.6 89.95
1.75 -143.43 2482.9 94.374 -176.93 2506.4 102.32 -173.43 2525.1 89.739
1.7583 -146.58 2497.4 94.583 -179.97 2519.6 102.29 -176.05 2538.6 89.53
1.7667 -149.68 2511.7 94.836 -182.91 2532.8 102.22 -178.68 2552 89.334
1.775 -152.75 2525.7 95.121 -185.73 2546 102.12 -181.29 2565.3 89.159
1.7833 -155.75 2539.4 95.419 -188.43 2559.2 101.98 -183.89 2578.6 89.016
1.7917 -158.69 2552.8 95.711 -190.97 2572.4 101.81 -186.47 2591.8 88.912
1.8 -161.56 2565.8 95.98 -193.36 2585.5 101.6 -189.02 2604.9 88.849
1.8083 -164.38 2578.5 96.217 -195.59 2598.5 101.37 -191.5 2618 88.828
1.8167 -167.14 2591 96.417 -197.67 2611.4 101.11 -193.91 2631 88.846
1.825 -169.88 2603.3 96.579 -199.61 2624.1 100.83 -196.22 2644 88.895
1.8333 -172.59 2615.5 96.709 -201.43 2636.7 100.53 -198.4 2656.9 88.963
1.8417 -175.27 2627.6 96.806 -203.13 2649.2 100.21 -200.44 2669.9 89.038
1.85 -177.91 2639.6 96.879 -204.76 2661.4 99.861 -202.31 2682.9 89.106
1.8583 -180.5 2651.6 96.934 -206.31 2673.5 99.495 -204 2695.8 89.151
1.8667 -183.02 2663.6 96.98 -207.82 2685.4 99.106 -205.51 2708.8 89.164
1.875 -185.44 2675.6 97.028 -209.3 2697.2 98.695 -206.82 2721.8 89.134
1.8833 -187.74 2687.6 97.087 -210.74 2708.9 98.263 -207.95 2734.8 89.055
1.8917 -189.88 2699.6 97.167 -212.17 2720.4 97.81 -208.9 2747.7 88.928
1.9 -191.87 2711.5 97.275 -213.59 2731.9 97.34 -209.71 2760.7 88.754
1.9083 -193.69 2723.4 97.417 -214.98 2743.4 96.855 -210.38 2773.6 88.54
1.9167 -195.35 2735.3 97.596 -216.34 2754.9 96.362 -210.95 2786.5 88.295
1.925 -196.86 2747.1 97.813 -217.67 2766.4 95.865 -211.44 2799.3 88.028
1.9333 -198.24 2758.8 98.065 -218.95 2777.9 95.372 -211.86 2812.1 87.749
1.9417 -199.53 2770.5 98.349 -220.19 2789.5 94.889 -212.26 2824.8 87.466
1.95 -200.76 2782.1 98.659 -221.37 2801.1 94.425 -212.63 2837.5 87.187
1.9583 -201.96 2793.6 98.988 -222.5 2812.8 93.985 -212.99 2850.1 86.916
1.9667 -203.16 2805.1 99.329 -223.58 2824.5 93.575 -213.35 2862.7 86.654
1.975 -204.38 2816.5 99.674 -224.62 2836.3 93.198 -213.71 2875.2 86.401
1.9833 -205.62 2827.9 100.02 -225.62 2848.1 92.859 -214.07 2887.6 86.154
1.9917 -206.89 2839.3 100.36 -226.6 2860 92.556 -214.42 2900.1 85.912
2 -208.17 2850.6 100.68 -227.57 2871.9 92.291 -214.77 2912.5 85.669
2.0083 -209.46 2862 101 -228.54 2883.9 92.063 -215.09 2924.8 85.425
2.0167 -210.72 2873.4 101.31 -229.51 2896 91.868 -215.4 2937.1 85.176
2.025 -211.93 2884.8 101.61 -230.5 2908.1 91.705 -215.68 2949.5 84.924
2.0333 -213.08 2896.3 101.9 -231.5 2920.4 91.571 -215.94 2961.7 84.672
2.0417 -214.15 2907.8 102.18 -232.51 2932.7 91.464 -216.17 2974 84.422
2.05 -215.13 2919.5 102.46 -233.51 2945.2 91.383 -216.38 2986.3 84.179
2.0583 -216.01 2931.3 102.72 -234.51 2957.7 91.326 -216.58 2998.6 83.948
2.0667 -216.81 2943.2 102.97 -235.49 2970.4 91.295 -216.75 3010.9 83.735
2.075 -217.53 2955.2 103.2 -236.44 2983.1 91.288 -216.92 3023.3 83.543
2.0833 -218.17 2967.3 103.41 -237.34 2995.9 91.305 -217.08 3035.7 83.372
2.0917 -218.75 2979.5 103.61 -238.2 3008.8 91.346 -217.22 3048.1 83.222
2.1 -219.28 2991.9 103.79 -239 3021.7 91.411 -217.35 3060.6 83.088
2.1083 -219.77 3004.4 103.96 -239.73 3034.6 91.496 -217.45 3073.1 82.967
2.1167 -220.24 3017 104.11 -240.41 3047.6 91.598 -217.53 3085.7 82.849
2.125 -220.7 3029.8 104.27 -241.02 3060.6 91.719 -217.58 3098.3 82.728
2.1333 -221.19 3042.7 104.43 -241.57 3073.7 91.847 -217.59 3111 82.595
2.1417 -221.71 3055.6 104.59 -242.06 3086.8 91.977 -217.54 3123.7 82.446
2.15 -222.27 3068.7 104.75 -242.49 3100 92.1 -217.45 3136.4 82.276
2.1583 -222.88 3081.8 104.92 -242.87 3113.2 92.217 -217.31 3149.1 82.085
2.1667 -223.51 3094.9 105.09 -243.2 3126.6 92.311 -217.11 3161.8 81.876
2.175 -224.17 3108.2 105.28 -243.48 3140 92.38 -216.88 3174.6 81.655
2.1833 -224.84 3121.6 105.46 -243.7 3153.6 92.416 -216.6 3187.3 81.431
2.1917 -225.51 3135.1 105.66 -243.86 3167.3 92.417 -216.29 3200.1 81.213
2.2 -226.19 3148.8 105.85 -243.97 3181.1 92.38 -215.96 3212.9 81.013
2.2083 -226.86 3162.8 106.04 -244.02 3195 92.308 -215.61 3225.8 80.838
2.2167 -227.54 3176.9 106.2 -244.01 3209 92.199 -215.26 3238.7 80.698
2.225 -228.23 3191.2 106.33 -243.95 3223.1 92.06 -214.9 3251.8 80.594
2.2333 -228.93 3205.7 106.4 -243.83 3237.3 91.897 -214.54 3264.9 80.528
2.2417 -229.65 3220.4 106.42 -243.66 3251.5 91.716 -214.18 3278.1 80.494
2.25 -230.39 3235.2 106.35 -243.46 3265.6 91.525 -213.8 3291.3 80.485
2.2583 -231.16 3249.9 106.2 -243.25 3279.8 91.332 -213.42 3304.7 80.489
2.2667 -231.94 3264.7 105.96 -243.04 3293.9 91.145 -213.04 3318.1 80.493
2.275 -232.71 3279.3 105.64 -242.85 3308 90.97 -212.64 3331.5 80.484
2.2833 -233.44 3293.8 105.25 -242.7 3322 90.815 -212.24 3345 80.451
2.2917 -234.11 3308.2 104.81 -242.62 3335.9 90.683 -211.85 3358.4 80.385
2.3 -234.66 3322.3 104.34 -242.62 3349.7 90.581 -211.49 3371.9 80.281
2.3083 -235.09 3336.3 103.86 -242.72 3363.4 90.51 -211.17 3385.3 80.143
2.3167 -235.36 3350 103.39 -242.93 3376.9 90.475 -210.92 3398.6 79.974
2.325 -235.5 3363.6 102.95 -243.25 3390.3 90.477 -210.76 3411.9 79.785
2.3333 -235.49 3377.1 102.56 -243.67 3403.5 90.516 -210.74 3425.1 79.591
2.3417 -235.37 3390.4 102.22 -244.2 3416.5 90.593 -210.86 3438.2 79.407
2.35 -235.14 3403.5 101.92 -244.82 3429.3 90.707 -211.15 3451.2 79.248
2.3583 -234.83 3416.6 101.68 -245.51 3441.8 90.856 -211.63 3464.2 79.13
2.3667 -234.47 3429.7 101.46 -246.26 3454.1 91.037 -212.31 3477.2 79.062
2.375 -234.08 3442.6 101.27 -247.05 3466.2 91.246 -213.18 3490.1 79.053
2.3833 -233.71 3455.5 101.09 -247.87 3478.1 91.479 -214.23 3502.9 79.105
2.3917 -233.38 3468.3 100.9 -248.68 3489.8 91.731 -215.45 3515.8 79.214
2.4 -233.12 3481 100.7 -249.5 3501.3 91.999 -216.82 3528.6 79.376
2.4083 -232.96 3493.7 100.49 -250.31 3512.7 92.278 -218.3 3541.5 79.58
2.4167 -232.91 3506.2 100.24 -251.1 3524.1 92.564 -219.87 3554.2 79.816
2.425 -232.98 3518.6 99.97 -251.88 3535.3 92.854 -221.52 3567 80.07
2.4333 -233.16 3530.9 99.675 -252.66 3546.6 93.145 -223.2 3579.7 80.333
2.4417 -233.45 3543.1 99.361 -253.45 3557.8 93.432 -224.91 3592.4 80.596
2.45 -233.84 3555.2 99.036 -254.26 3569.1 93.714 -226.64 3605.1 80.851
2.4583 -234.3 3567.2 98.707 -255.1 3580.5 93.989 -228.38 3617.7 81.094
2.4667 -234.83 3579.1 98.383 -255.98 3591.9 94.252 -230.12 3630.2 81.326
2.475 -235.4 3591.1 98.069 -256.9 3603.3 94.502 -231.88 3642.7 81.546
2.4833 -236 3602.9 97.768 -257.88 3614.7 94.736 -233.67 3655.1 81.757
2.4917 -236.61 3614.8 97.481 -258.9 3626.2 94.953 -235.47 3667.5 81.961
2.5 -237.24 3626.6 97.205 -259.97 3637.8 95.151 -237.31 3679.9 82.162
2.5083 -237.87 3638.3 96.932 -261.07 3649.3 95.329 -239.18 3692.2 82.36
2.5167 -238.51 3650 96.655 -262.2 3660.9 95.487 -241.09 3704.5 82.557
2.525 -239.17 3661.7 96.364 -263.36 3672.5 95.623 -243.02 3716.7 82.752
2.5333 -239.86 3673.3 96.054 -264.52 3684.2 95.739 -244.97 3729 82.943
2.5417 -240.6 3684.9 95.719 -265.69 3696 95.836 -246.94 3741.2 83.127
2.55 -241.39 3696.4 95.358 -266.87 3707.8 95.916 -248.91 3753.4 83.303
2.5583 -242.26 3707.9 94.973 -268.04 3719.7 95.981 -250.87 3765.5 83.466
2.5667 -243.2 3719.4 94.573 -269.23 3731.8 96.035 -252.81 3777.7 83.616
2.575 -244.21 3731 94.169 -270.44 3743.9 96.08 -254.73 3789.9 83.752
2.5833 -245.28 3742.6 93.773 -271.66 3756.2 96.119 -256.62 3802 83.875
2.5917 -246.4 3754.2 93.4 -272.92 3768.6 96.153 -258.49 3814.2 83.986
2.6 -247.56 3766 93.064 -274.21 3781 96.183 -260.34 3826.5 84.088
2.6083 -248.75 3777.8 92.774 -275.56 3793.6 96.211 -262.16 3838.7 84.182
2.6167 -249.95 3789.7 92.534 -276.95 3806.2 96.236 -263.98 3851 84.273
2.625 -251.17 3801.7 92.341 -278.4 3818.9 96.259 -265.79 3863.4 84.363
2.6333 -252.4 3813.9 92.187 -279.89 3831.6 96.277 -267.61 3875.9 84.452
2.6417 -253.64 3826.2 92.058 -281.44 3844.4 96.292 -269.44 3888.3 84.542
2.65 -254.89 3838.7 91.939 -283.02 3857.2 96.301 -271.29 3900.9 84.632
2.6583 -256.16 3851.4 91.816 -284.65 3870.1 96.307 -273.16 3913.4 84.72
2.6667 -257.45 3864.2 91.68 -286.3 3883 96.307 -275.05 3926 84.806
2.675 -258.8 3877.1 91.529 -287.97 3896.1 96.305 -276.98 3938.6 84.885
2.6833 -260.21 3890.1 91.358 -289.67 3909.1 96.302 -278.95 3951.2 84.958
2.6917 -261.7 3903.1 91.171 -291.39 3922.3 96.299 -280.95 3963.7 85.021
2.7 -263.28 3916.3 90.964 -293.14 3935.6 96.301 -282.99 3976.3 85.072
2.7083 -264.96 3929.6 90.741 -294.92 3948.9 96.308 -285.08 3988.9 85.111
2.7167 -266.73 3943 90.504 -296.74 3962.4 96.324 -287.2 4001.5 85.137
2.725 -268.58 3956.6 90.26 -298.61 3975.8 96.351 -289.37 4014.1 85.147
2.7333 -270.49 3970.4 90.015 -300.54 3989.3 96.39 -291.57 4026.8 85.142
2.7417 -272.46 3984.5 89.782 -302.54 4002.8 96.44 -293.81 4039.6 85.12
2.75 -274.46 3998.8 89.572 -304.61 4016.3 96.5 -296.07 4052.4 85.08
2.7583 -276.48 4013.4 89.4 -306.75 4029.8 96.569 -298.35 4065.4 85.022
2.7667 -278.5 4028.2 89.281 -308.96 4043.3 96.643 -300.65 4078.4 84.944
2.775 -280.51 4043.2 89.227 -311.22 4056.7 96.718 -302.95 4091.6 84.85
2.7833 -282.51 4058.2 89.252 -313.53 4070.1 96.79 -305.24 4104.8 84.739
2.7917 -284.5 4073.4 89.363 -315.84 4083.5 96.854 -307.51 4118.1 84.617
2.8 -286.48 4088.4 89.559 -318.15 4096.8 96.904 -309.77 4131.5 84.487
2.8083 -288.45 4103.3 89.836 -320.41 4110.2 96.937 -312 4144.9 84.359
2.8167 -290.41 4117.9 90.18 -322.6 4123.5 96.947 -314.21 4158.2 84.238
2.825 -292.37 4132.2 90.569 -324.7 4136.9 96.931 -316.39 4171.5 84.136
2.8333 -294.32 4146.2 90.981 -326.68 4150.3 96.887 -318.53 4184.7 84.059
2.8417 -296.24 4159.9 91.382 -328.52 4163.7 96.812 -320.64 4197.9 84.017
2.85 -298.14 4173.1 91.747 -330.21 4177.1 96.705 -322.71 4210.9 84.014
2.8583 -300.01 4186 92.055 -331.75 4190.5 96.567 -324.73 4223.9 84.054
2.8667 -301.86 4198.6 92.295 -333.14 4203.9 96.399 -326.69 4236.8 84.136
2.875 -303.69 4210.9 92.471 -334.39 4217.2 96.202 -328.57 4249.7 84.256
2.8833 -305.51 4223 92.589 -335.5 4230.3 95.98 -330.35 4262.6 84.405
2.8917 -307.31 4235.1 92.663 -336.51 4243.3 95.734 -332.01 4275.5 84.574
2.9 -309.09 4247 92.712 -337.43 4256.1 95.472 -333.52 4288.4 84.748
2.9083 -310.82 4258.9 92.746 -338.26 4268.6 95.192 -334.87 4301.3 84.913
2.9167 -312.48 4270.7 92.784 -339.05 4281 94.901 -336.03 4314.3 85.056
2.925 -314.06 4282.4 92.852 -339.79 4293.1 94.604 -336.98 4327.4 85.163
2.9333 -315.51 4294.1 92.958 -340.49 4305.1 94.302 -337.73 4340.5 85.226
2.9417 -316.83 4305.7 93.113 -341.17 4316.9 94 -338.26 4353.7 85.238
2.95 -317.99 4317.2 93.321 -341.83 4328.5 93.699 -338.58 4366.8 85.197
2.9583 -319 4328.7 93.58 -342.47 4340.1 93.401 -338.71 4379.9 85.105
2.9667 -319.84 4340 93.883 -343.08 4351.7 93.107 -338.67 4393 84.966
2.975 -320.53 4351.3 94.22 -343.66 4363.2 92.817 -338.49 4405.9 84.787
2.9833 -321.09 4362.5 94.58 -344.21 4374.8 92.532 -338.19 4418.8 84.576
2.9917 -321.55 4373.6 94.951 -344.71 4386.5 92.251 -337.8 4431.7 84.343
3 -321.93 4384.6 95.325 -345.17 4398.2 91.975 -337.36 4444.4 84.097
3.0083 -322.27 4395.7 95.692 -345.59 4410.1 91.704 -336.88 4457 83.847
3.0167 -322.58 4406.7 96.049 -345.96 4422 91.438 -336.4 4469.5 83.598
3.025 -322.89 4417.7 96.392 -346.3 4434 91.177 -335.91 4482 83.357
3.0333 -323.22 4428.7 96.726 -346.6 4446 90.925 -335.43 4494.5 83.128
3.0417 -323.56 4439.7 97.052 -346.87 4458.1 90.681 -334.97 4507 82.911
3.05 -323.93 4450.7 97.376 -347.12 4470.2 90.449 -334.52 4519.4 82.71
3.0583 -324.3 4461.7 97.704 -347.34 4482.4 90.232 -334.07 4531.9 82.523
3.0667 -324.68 4472.6 98.038 -347.54 4494.6 90.031 -333.63 4544.4 82.35
3.075 -325.04 4483.5 98.38 -347.73 4506.7 89.85 -333.19 4557 82.19
3.0833 -325.36 4494.5 98.728 -347.9 4518.9 89.691 -332.74 4569.6 82.042
3.0917 -325.65 4505.4 99.079 -348.05 4531.2 89.555 -332.28 4582.2 81.905
3.1 -325.88 4516.3 99.427 -348.16 4543.5 89.443 -331.8 4594.8 81.778
3.1083 -326.06 4527.3 99.76 -348.25 4555.8 89.356 -331.3 4607.4 81.66
3.1167 -326.17 4538.3 100.07 -348.3 4568.3 89.293 -330.78 4620.1 81.55
3.125 -326.21 4549.4 100.35 -348.31 4580.8 89.251 -330.25 4632.7 81.448
3.1333 -326.19 4560.6 100.59 -348.26 4593.4 89.231 -329.69 4645.3 81.35
3.1417 -326.09 4571.9 100.78 -348.16 4606 89.228 -329.1 4658 81.257
3.15 -325.91 4583.3 100.92 -348.01 4618.8 89.24 -328.48 4670.7 81.167
3.1583 -325.67 4594.9 101.03 -347.79 4631.6 89.266 -327.82 4683.3 81.077
3.1667 -325.35 4606.6 101.11 -347.51 4644.5 89.3 -327.12 4696 80.985
3.175 -324.96 4618.6 101.17 -347.17 4657.5 89.341 -326.34 4708.8 80.89
3.1833 -324.52 4630.7 101.24 -346.77 4670.5 89.384 -325.5 4721.6 80.789
3.1917 -324.04 4643 101.32 -346.3 4683.6 89.431 -324.56 4734.4 80.681
3.2 -323.56 4655.4 101.42 -345.78 4696.7 89.475 -323.53 4747.3 80.566
3.2083 -323.11 4668 101.57 -345.19 4709.9 89.514 -322.39 4760.2 80.441
3.2167 -322.68 4680.6 101.75 -344.53 4723.2 89.55 -321.14 4773.1 80.307
3.225 -322.3 4693.4 101.97 -343.81 4736.5 89.572 -319.78 4786.1 80.165
3.2333 -321.94 4706.3 102.22 -343.01 4749.9 89.585 -318.32 4799.2 80.016
3.2417 -321.6 4719.3 102.48 -342.13 4763.3 89.583 -316.75 4812.2 79.863
3.25 -321.25 4732.5 102.75 -341.18 4776.9 89.564 -315.1 4825.3 79.708
3.2583 -320.87 4745.8 103 -340.12 4790.6 89.524 -313.37 4838.5 79.555
3.2667 -320.46 4759.3 103.23 -338.98 4804.3 89.462 -311.58 4851.7 79.41
3.275 -320.02 4773.1 103.41 -337.73 4818.2 89.376 -309.75 4865 79.278
3.2833 -319.53 4787 103.52 -336.38 4832.2 89.268 -307.88 4878.3 79.162
3.2917 -319.03 4801.2 103.57 -334.93 4846.3 89.135 -306 4891.7 79.068
3.3 -318.53 4815.6 103.54 -333.39 4860.5 88.981 -304.11 4905.2 78.999
3.3083 -318.04 4830.1 103.42 -331.77 4874.7 88.808 -302.22 4918.7 78.956
3.3167 -317.58 4844.7 103.21 -330.09 4888.9 88.619 -300.33 4932.3 78.938
3.325 -317.18 4859.4 102.92 -328.37 4903.2 88.419 -298.44 4945.9 78.941
3.3333 -316.82 4874 102.55 -326.65 4917.4 88.216 -296.57 4959.5 78.96
3.3417 -316.48 4888.6 102.11 -324.95 4931.6 88.008 -294.71 4973.1 78.984
3.35 -316.16 4903.1 101.61 -323.31 4945.8 87.81 -292.87 4986.7 79.005
3.3583 -315.79 4917.4 101.07 -321.76 4959.8 87.625 -291.04 5000.2 79.01
3.3667 -315.35 4931.4 100.51 -320.33 4973.6 87.461 -289.26 5013.5 78.99
3.375 -314.79 4945.3 99.935 -319.05 4987.3 87.323 -287.51 5026.8 78.934
3.3833 -314.08 4958.9 99.368 -317.93 5000.8 87.216 -285.83 5039.9 78.838
3.3917 -313.2 4972.2 98.815 -316.98 5014.1 87.144 -284.23 5052.8 78.698
3.4 -312.14 4985.2 98.283 -316.21 5027.2 87.11 -282.74 5065.7 78.517
3.4083 -310.91 4998.1 97.775 -315.62 5040 87.115 -281.38 5078.3 78.301
3.4167 -309.53 5010.7 97.287 -315.18 5052.5 87.159 -280.17 5090.9 78.06
3.425 -308.01 5023.2 96.818 -314.89 5064.8 87.238 -279.14 5103.3 77.807
3.4333 -306.4 5035.5 96.363 -314.72 5076.8 87.35 -278.3 5115.6 77.558
3.4417 -304.74 5047.8 95.92 -314.64 5088.6 87.489 -277.66 5127.9 77.329
3.45 -303.07 5060 95.486 -314.63 5100.1 87.646 -277.23 5140.1 77.133
3.4583 -301.46 5072.2 95.067 -314.67 5111.5 87.821 -277.02 5152.3 76.982
3.4667 -299.93 5084.3 94.665 -314.73 5122.7 88.008 -277 5164.4 76.884
3.475 -298.53 5096.4 94.283 -314.81 5133.7 88.198 -277.18 5176.4 76.84
3.4833 -297.28 5108.4 93.927 -314.89 5144.7 88.389 -277.53 5188.5 76.849
3.4917 -296.19 5120.3 93.602 -314.96 5155.6 88.58 -278.03 5200.4 76.903
3.5 -295.25 5132 93.312 -315.02 5166.5 88.77 -278.66 5212.4 76.995
3.5083 -294.45 5143.7 93.059 -315.07 5177.4 88.959 -279.39 5224.3 77.109
3.5167 -293.76 5155.3 92.844 -315.11 5188.3 89.148 -280.19 5236.1 77.236
3.525 -293.16 5166.7 92.663 -315.16 5199.2 89.34 -281.05 5247.8 77.364
3.5333 -292.62 5178.1 92.512 -315.2 5210.2 89.537 -281.95 5259.5 77.484
3.5417 -292.12 5189.4 92.381 -315.24 5221.2 89.739 -282.88 5271.2 77.592
3.55 -291.63 5200.6 92.262 -315.28 5232.2 89.947 -283.82 5282.7 77.688
3.5583 -291.14 5211.8 92.141 -315.33 5243.3 90.161 -284.76 5294.2 77.775
3.5667 -290.67 5223 92.013 -315.38 5254.4 90.379 -285.72 5305.7 77.86
3.575 -290.21 5234.3 91.86 -315.42 5265.5 90.598 -286.69 5317.1 77.953
3.5833 -289.77 5245.6 91.681 -315.47 5276.7 90.814 -287.67 5328.6 78.062
3.5917 -289.39 5256.9 91.468 -315.53 5287.9 91.023 -288.66 5340 78.198
3.6 -289.06 5268.4 91.214 -315.59 5299.1 91.22 -289.65 5351.4 78.365
3.6083 -288.81 5279.8 90.929 -315.67 5310.3 91.403 -290.66 5362.9 78.568
3.6167 -288.63 5291.4 90.616 -315.76 5321.6 91.568 -291.67 5374.3 78.804
3.625 -288.53 5302.9 90.278 -315.88 5332.9 91.715 -292.69 5385.8 79.068
3.6333 -288.5 5314.4 89.93 -316.03 5344.2 91.845 -293.69 5397.3 79.351
