0.0083333 -11.637 3.6918 101.71 -38.763 93.918 94.01 -18.513 204.95 85.517
0.016667 -10.722 11.171 101.71 -37.506 102.54 94 -16.743 213.73 85.335
0.025 -9.8294 18.929 101.72 -36.147 111.23 93.971 -14.874 222.64 85.145
0.033333 -8.9632 26.97 101.74 -34.688 119.98 93.919 -12.9 231.69 84.951
0.041667 -8.1215 35.3 101.76 -33.13 128.78 93.841 -10.822 240.89 84.756
0.05 -7.3058 43.914 101.76 -31.478 137.63 93.737 -8.6365 250.27 84.562
0.058333 -6.516 52.801 101.76 -29.739 146.52 93.605 -6.3475 259.81 84.373
0.066667 -5.749 61.947 101.74 -27.919 155.44 93.451 -3.9579 269.5 84.192
0.075 -5.0039 71.314 101.69 -26.033 164.41 93.273 -1.4725 279.32 84.019
0.083333 -4.2686 80.888 101.62 -24.089 173.4 93.084 1.1032 289.24 83.854
0.091667 -3.5366 90.615 101.52 -22.106 182.44 92.882 3.7645 299.21 83.695
0.1 -2.7897 100.48 101.4 -20.097 191.49 92.68 6.5063 309.2 83.538
0.10833 -2.0155 110.41 101.24 -18.083 200.57 92.479 9.323 319.14 83.377
0.11667 -1.1934 120.4 101.08 -16.079 209.66 92.289 12.21 328.99 83.207
0.125 -0.30649 130.4 100.9 -14.104 218.75 92.113 15.163 338.7 83.018
0.13333 0.66248 140.39 100.72 -12.172 227.82 91.958 18.172 348.23 82.803
0.14167 1.7243 150.33 100.55 -10.299 236.84 91.826 21.23 357.56 82.557
0.15 2.8837 160.2 100.4 -8.4934 245.81 91.724 24.322 366.66 82.275
0.15833 4.136 170 100.26 -6.7647 254.69 91.652 27.433 375.54 81.954
0.16667 5.4673 179.71 100.15 -5.1162 263.46 91.615 30.541 384.21 81.596
0.175 6.8562 189.33 100.06 -3.5486 272.09 91.614 33.623 392.67 81.205
0.18333 8.2793 198.87 99.984 -2.0591 280.56 91.65 36.653 400.97 80.789
0.19167 9.7158 208.33 99.917 -0.64116 288.86 91.722 39.605 409.12 80.356
0.2 11.152 217.73 99.85 0.71347 296.98 91.831 42.451 417.16 79.92
0.20833 12.584 227.08 99.769 2.0156 304.9 91.973 45.168 425.12 79.491
0.21667 14.013 236.41 99.665 3.277 312.64 92.145 47.737 433.03 79.081
0.225 15.444 245.71 99.529 4.51 320.2 92.344 50.145 440.91 78.701
0.23333 16.88 255.01 99.352 5.7262 327.61 92.567 52.383 448.78 78.356
0.24167 18.325 264.29 99.131 6.9333 334.87 92.805 54.454 456.65 78.051
0.25 19.777 273.55 98.869 8.1446 342.02 93.059 56.364 464.53 77.785
0.25833 21.235 282.78 98.569 9.3578 349.09 93.318 58.126 472.4 77.556
0.26667 22.69 291.96 98.239 10.575 356.1 93.58 59.758 480.28 77.357
0.275 24.135 301.09 97.89 11.795 363.07 93.839 61.278 488.15 77.179
0.28333 25.555 310.14 97.535 13.011 370.05 94.089 62.708 496.01 77.013
0.29167 26.936 319.1 97.187 14.217 377.04 94.327 64.068 503.86 76.85
0.3 28.259 327.96 96.855 15.405 384.06 94.547 65.374 511.68 76.679
0.30833 29.512 336.71 96.549 16.568 391.13 94.749 66.639 519.49 76.494
0.31667 30.683 345.36 96.272 17.701 398.27 94.929 67.876 527.27 76.29
0.325 31.766 353.92 96.025 18.799 405.48 95.087 69.091 535.04 76.063
0.33333 32.764 362.4 95.804 19.859 412.75 95.223 70.287 542.79 75.812
0.34167 33.685 370.82 95.602 20.881 420.11 95.336 71.469 550.53 75.539
0.35 34.546 379.19 95.408 21.866 427.55 95.428 72.638 558.26 75.246
0.35833 35.368 387.54 95.211 22.816 435.06 95.5 73.792 565.97 74.935
0.36667 36.172 395.89 95.005 23.734 442.66 95.552 74.935 573.68 74.61
0.375 36.981 404.23 94.778 24.623 450.35 95.584 76.069 581.37 74.273
0.38333 37.813 412.57 94.527 25.486 458.12 95.599 77.195 589.05 73.925
0.39167 38.681 420.9 94.249 26.328 465.99 95.595 78.317 596.72 73.567
0.4 39.59 429.23 93.945 27.152 473.95 95.574 79.439 604.38 73.198
0.40833 40.54 437.55 93.62 27.96 482.01 95.537 80.563 612.02 72.818
0.41667 41.521 445.84 93.279 28.754 490.18 95.485 81.691 619.65 72.425
0.425 42.516 454.11 92.929 29.537 498.45 95.417 82.824 627.27 72.017
0.43333 43.505 462.36 92.579 30.308 506.82 95.335 83.962 634.89 71.593
0.44167 44.47 470.59 92.236 31.069 515.29 95.238 85.104 642.51 71.15
0.45 45.387 478.81 91.906 31.822 523.86 95.127 86.249 650.13 70.689
0.45833 46.242 487.04 91.596 32.565 532.53 95.001 87.395 657.76 70.208
0.46667 47.024 495.27 91.305 33.3 541.28 94.858 88.541 665.4 69.707
0.475 47.721 503.54 91.036 34.027 550.12 94.699 89.686 673.05 69.188
0.48333 48.343 511.85 90.782 34.748 559.06 94.519 90.831 680.71 68.65
0.49167 48.889 520.22 90.54 35.463 568.08 94.321 91.979 688.39 68.096
0.5 49.373 528.67 90.304 36.173 577.19 94.101 93.13 696.08 67.525
0.50833 49.809 537.2 90.065 36.88 586.4 93.86 94.287 703.78 66.939
0.51667 50.214 545.82 89.819 37.582 595.72 93.599 95.452 711.5 66.337
0.525 50.602 554.55 89.562 38.282 605.14 93.318 96.625 719.23 65.719
0.53333 50.986 563.37 89.296 38.976 614.68 93.022 97.804 726.98 65.084
0.54167 51.375 572.28 89.023 39.665 624.33 92.714 98.986 734.75 64.431
0.55 51.773 581.26 88.748 40.345 634.1 92.398 100.16 742.55 63.76
0.55833 52.184 590.31 88.476 41.015 643.98 92.081 101.33 750.39 63.071
0.56667 52.608 599.43 88.209 41.672 653.96 91.767 102.47 758.28 62.363
0.575 53.044 608.62 87.947 42.311 664.03 91.461 103.59 766.25 61.639
0.58333 53.489 617.91 87.688 42.932 674.17 91.165 104.67 774.3 60.898
0.59167 53.938 627.31 87.426 43.531 684.37 90.883 105.71 782.45 60.143
0.6 54.385 636.85 87.155 44.106 694.61 90.614 106.71 790.73 59.374
0.60833 54.824 646.56 86.87 44.657 704.87 90.356 107.67 799.13 58.593
0.61667 55.252 656.46 86.564 45.184 715.14 90.108 108.6 807.68 57.801
0.625 55.674 666.58 86.236 45.69 725.41 89.867 109.51 816.38 57
0.63333 56.094 676.91 85.883 46.177 735.68 89.624 110.4 825.23 56.19
0.64167 56.529 687.45 85.511 46.654 745.96 89.379 111.28 834.21 55.373
0.65 56.992 698.18 85.127 47.13 756.25 89.125 112.17 843.33 54.551
0.65833 57.496 709.08 84.741 47.616 766.56 88.859 113.07 852.57 53.729
0.66667 58.05 720.11 84.365 48.124 776.9 88.577 113.99 861.89 52.909
0.675 58.654 731.22 84.009 48.668 787.29 88.276 114.91 871.29 52.099
0.68333 59.305 742.38 83.681 49.263 797.73 87.954 115.84 880.72 51.304
0.69167 59.995 753.55 83.382 49.923 808.23 87.608 116.77 890.16 50.533
0.7 60.715 764.67 83.109 50.663 818.79 87.239 117.69 899.59 49.794
0.70833 61.455 775.72 82.851 51.496 829.39 86.843 118.6 908.99 49.096
0.71667 62.208 786.65 82.593 52.435 840.02 86.42 119.49 918.32 48.446
0.725 62.969 797.42 82.317 53.49 850.66 85.966 120.37 927.59 47.85
0.73333 63.737 808 82.004 54.668 861.29 85.479 121.25 936.78 47.313
0.74167 64.51 818.38 81.634 55.975 871.87 84.954 122.14 945.9 46.836
0.75 65.283 828.55 81.194 57.415 882.37 84.387 123.08 954.95 46.416
0.75833 66.057 838.49 80.672 58.988 892.77 83.772 124.1 963.93 46.049
0.76667 66.829 848.23 80.066 60.694 903.03 83.105 125.23 972.87 45.728
0.775 67.601 857.78 79.382 62.529 913.15 82.381 126.52 981.77 45.443
0.78333 68.38 867.19 78.631 64.489 923.09 81.598 128 990.65 45.184
0.79167 69.181 876.49 77.834 66.567 932.85 80.754 129.73 999.53 44.938
0.8 70.028 885.72 77.012 68.758 942.42 79.849 131.72 1008.4 44.696
0.80833 70.953 894.9 76.19 71.053 951.81 78.887 134 1017.3 44.448
0.81667 71.996 904.06 75.39 73.445 961.02 77.874 136.59 1026.2 44.188
0.825 73.194 913.19 74.631 75.927 970.07 76.816 139.47 1035 43.911
0.83333 74.582 922.29 73.928 78.494 978.97 75.724 142.65 1043.9 43.616
0.84167 76.181 931.32 73.288 81.14 987.74 74.608 146.11 1052.8 43.305
0.85 78.004 940.26 72.711 83.864 996.39 73.48 149.82 1061.6 42.979
0.85833 80.046 949.08 72.189 86.668 1005 72.35 153.76 1070.4 42.645
0.86667 82.283 957.75 71.71 89.555 1013.4 71.229 157.9 1079.1 42.305
0.875 84.684 966.24 71.261 92.531 1021.9 70.125 162.22 1087.7 41.964
0.88333 87.222 974.54 70.824 95.605 1030.2 69.047 166.68 1096.2 41.627
0.89167 89.872 982.64 70.385 98.786 1038.6 67.999 171.27 1104.7 41.296
0.9 92.623 990.55 69.933 102.08 1046.8 66.985 175.97 1113 40.972
0.90833 95.46 998.28 69.462 105.5 1055.1 66.007 180.77 1121.2 40.656
0.91667 98.381 1005.8 68.968 109.05 1063.3 65.067 185.66 1129.3 40.347
0.925 101.37 1013.3 68.455 112.72 1071.4 64.164 190.63 1137.4 40.043
0.93333 104.43 1020.6 67.93 116.53 1079.5 63.298 195.68 1145.3 39.743
0.94167 107.54 1027.8 67.402 120.47 1087.5 62.467 200.8 1153.1 39.446
0.95 110.7 1034.9 66.882 124.52 1095.5 61.67 205.97 1160.8 39.15
0.95833 113.89 1042.1 66.38 128.7 1103.4 60.908 211.21 1168.5 38.854
0.96667 117.13 1049.2 65.902 133 1111.4 60.179 216.49 1176.1 38.557
0.975 120.4 1056.3 65.454 137.41 1119.3 59.484 221.8 1183.6 38.259
0.98333 123.72 1063.4 65.039 141.93 1127.1 58.823 227.15 1191 37.961
0.99167 127.08 1070.5 64.654 146.57 1135 58.196 232.53 1198.3 37.661
1 130.49 1077.7 64.298 151.33 1142.9 57.603 237.93 1205.6 37.361
1.0083 133.98 1084.8 63.966 156.21 1150.8 57.046 243.35 1212.7 37.059
1.0167 137.55 1092 63.653 161.21 1158.8 56.525 248.79 1219.8 36.758
1.025 141.24 1099.3 63.355 166.34 1166.8 56.039 254.25 1226.9 36.456
1.0333 145.05 1106.5 63.069 171.6 1174.8 55.588 259.75 1233.8 36.154
1.0417 149.03 1113.8 62.795 176.98 1182.8 55.173 265.29 1240.7 35.853
1.05 153.2 1121.1 62.535 182.48 1190.9 54.795 270.87 1247.6 35.555
1.0583 157.56 1128.5 62.294 188.1 1199 54.452 276.51 1254.4 35.261
1.0667 162.15 1135.9 62.081 193.83 1207.1 54.146 282.2 1261.2 34.972
1.075 166.96 1143.3 61.902 199.66 1215.2 53.878 287.95 1267.9 34.691
1.0833 171.98 1150.8 61.768 205.58 1223.3 53.643 293.76 1274.6 34.42
1.0917 177.19 1158.4 61.684 211.59 1231.3 53.447 299.63 1281.3 34.16
1.1 182.57 1166.1 61.651 217.68 1239.3 53.287 305.57 1287.9 33.91
1.1083 188.08 1173.9 61.667 223.86 1247.3 53.159 311.56 1294.5 33.673
1.1167 193.67 1181.8 61.724 230.14 1255.2 53.062 317.61 1301.1 33.445
1.125 199.31 1189.7 61.804 236.51 1263.1 52.99 323.73 1307.6 33.227
1.1333 204.98 1197.8 61.89 243 1271 52.938 329.91 1314.1 33.016
1.1417 210.66 1205.9 61.963 249.62 1278.9 52.898 336.18 1320.6 32.809
1.15 216.35 1214 62.004 256.39 1286.8 52.861 342.54 1327 32.605
1.1583 222.08 1222.2 61.997 263.32 1294.7 52.816 349.01 1333.3 32.403
1.1667 227.87 1230.3 61.932 270.43 1302.5 52.754 355.61 1339.7 32.201
1.175 233.74 1238.5 61.804 277.73 1310.4 52.663 362.35 1346 32.002
1.1833 239.74 1246.7 61.613 285.22 1318.3 52.536 369.25 1352.4 31.805
1.1917 245.9 1255 61.364 292.89 1326.1 52.364 376.33 1358.8 31.615
1.2 252.27 1263.3 61.066 300.74 1334 52.142 383.58 1365.2 31.435
1.2083 258.89 1271.7 60.731 308.75 1341.8 51.87 391.03 1371.8 31.267
1.2167 265.79 1280.2 60.368 316.9 1349.6 51.548 398.65 1378.4 31.117
1.225 272.98 1288.7 59.987 325.15 1357.4 51.179 406.43 1385.1 30.984
1.2333 280.47 1297.2 59.589 333.48 1365.1 50.771 414.36 1391.9 30.872
1.2417 288.21 1305.7 59.179 341.86 1372.8 50.331 422.42 1398.8 30.779
1.25 296.19 1314.3 58.754 350.24 1380.4 49.87 430.56 1405.8 30.703
1.2583 304.35 1322.8 58.313 358.59 1388 49.399 438.76 1412.8 30.639
1.2667 312.66 1331.2 57.852 366.89 1395.6 48.927 446.98 1419.9 30.584
1.275 321.08 1339.4 57.37 375.09 1403.1 48.466 455.19 1427 30.532
1.2833 329.55 1347.6 56.867 383.17 1410.6 48.024 463.36 1434 30.477
1.2917 338.03 1355.6 56.342 391.12 1418.1 47.609 471.45 1441.1 30.414
1.3 346.47 1363.4 55.798 398.91 1425.5 47.226 479.45 1448 30.34
1.3083 354.84 1371.1 55.237 406.53 1432.9 46.88 487.34 1455 30.253
1.3167 363.1 1378.7 54.659 413.97 1440.3 46.571 495.1 1461.9 30.152
1.325 371.24 1386.1 54.065 421.23 1447.5 46.301 502.73 1468.7 30.039
1.3333 379.25 1393.5 53.458 428.33 1454.7 46.066 510.23 1475.5 29.915
1.3417 387.13 1400.8 52.841 435.26 1461.9 45.865 517.6 1482.3 29.785
1.35 394.89 1408.1 52.218 442.05 1468.9 45.694 524.85 1489 29.654
1.3583 402.55 1415.3 51.593 448.71 1475.9 45.546 531.99 1495.8 29.524
1.3667 410.12 1422.5 50.971 455.28 1482.8 45.419 539.03 1502.6 29.4
1.375 417.62 1429.7 50.354 461.77 1489.7 45.306 545.98 1509.5 29.285
1.3833 425.07 1436.9 49.744 468.22 1496.5 45.204 552.87 1516.4 29.181
1.3917 432.49 1444 49.143 474.64 1503.2 45.109 559.69 1523.3 29.089
1.4 439.89 1451 48.551 481.07 1510 45.017 566.48 1530.3 29.012
1.4083 447.27 1458 47.97 487.52 1516.7 44.925 573.23 1537.4 28.948
1.4167 454.67 1465 47.4 494.02 1523.5 44.834 579.96 1544.6 28.899
1.425 462.08 1471.9 46.843 500.56 1530.3 44.74 586.68 1551.9 28.863
1.4333 469.52 1478.7 46.298 507.18 1537.1 44.644 593.38 1559.2 28.841
1.4417 477.01 1485.5 45.767 513.87 1544 44.545 600.07 1566.7 28.835
1.45 484.54 1492.2 45.25 520.65 1551 44.443 606.74 1574.1 28.844
1.4583 492.13 1499 44.746 527.51 1558 44.339 613.41 1581.7 28.87
1.4667 499.75 1505.7 44.253 534.46 1565 44.232 620.06 1589.3 28.913
1.475 507.41 1512.4 43.768 541.49 1572.1 44.122 626.7 1597 28.974
1.4833 515.09 1519.1 43.288 548.62 1579.2 44.008 633.32 1604.7 29.053
1.4917 522.78 1525.9 42.807 555.82 1586.4 43.891 639.92 1612.5 29.148
1.5 530.46 1532.8 42.321 563.11 1593.6 43.769 646.51 1620.2 29.258
1.5083 538.11 1539.7 41.827 570.47 1600.8 43.642 653.09 1628 29.378
1.5167 545.73 1546.7 41.319 577.91 1608.1 43.508 659.68 1635.9 29.503
1.525 553.31 1553.8 40.8 585.41 1615.3 43.369 666.28 1643.7 29.63
1.5333 560.83 1560.9 40.271 592.99 1622.6 43.222 672.91 1651.5 29.752
1.5417 568.32 1568 39.737 600.63 1629.9 43.068 679.58 1659.3 29.863
1.55 575.76 1575.2 39.206 608.34 1637.3 42.908 686.31 1667 29.96
1.5583 583.18 1582.5 38.688 616.12 1644.7 42.743 693.12 1674.8 30.039
1.5667 590.58 1589.7 38.193 623.98 1652.2 42.572 700.02 1682.6 30.097
1.575 597.99 1597 37.733 631.91 1659.7 42.399 707.02 1690.3 30.134
1.5833 605.43 1604.3 37.315 639.94 1667.3 42.225 714.12 1698.1 30.153
1.5917 612.92 1611.7 36.943 648.05 1675 42.053 721.34 1705.9 30.155
1.6 620.48 1619.1 36.617 656.27 1682.8 41.883 728.65 1713.6 30.146
1.6083 628.14 1626.6 36.331 664.6 1690.6 41.718 736.08 1721.5 30.129
1.6167 635.93 1634.3 36.078 673.04 1698.5 41.559 743.6 1729.3 30.112
1.625 643.86 1642.1 35.844 681.59 1706.4 41.407 751.22 1737.2 30.097
1.6333 651.96 1650.1 35.618 690.25 1714.5 41.262 758.92 1745.1 30.091
1.6417 660.24 1658.3 35.39 699.01 1722.6 41.125 766.71 1753.1 30.095
1.65 668.69 1666.6 35.151 707.87 1730.8 40.996 774.58 1761.1 30.11
1.6583 677.31 1675.1 34.898 716.81 1739.1 40.874 782.53 1769.2 30.136
1.6667 686.1 1683.7 34.63 725.82 1747.4 40.761 790.56 1777.4 30.169
1.675 695.05 1692.5 34.35 734.87 1755.9 40.658 798.67 1785.6 30.206
1.6833 704.16 1701.4 34.058 743.97 1764.4 40.565 806.87 1793.9 30.24
1.6917 713.41 1710.4 33.764 753.1 1773 40.486 815.15 1802.2 30.263
1.7 722.83 1719.5 33.473 762.25 1781.8 40.422 823.53 1810.6 30.271
1.7083 732.41 1728.6 33.194 771.42 1790.6 40.375 831.99 1819.1 30.257
1.7167 742.14 1737.8 32.938 780.62 1799.6 40.348 840.53 1827.7 30.216
1.725 752.04 1747.1 32.714 789.85 1808.7 40.341 849.14 1836.3 30.145
1.7333 762.08 1756.4 32.533 799.12 1817.9 40.356 857.81 1845 30.046
1.7417 772.24 1765.7 32.403 808.45 1827.1 40.394 866.52 1853.7 29.921
1.75 782.52 1775 32.332 817.85 1836.5 40.451 875.27 1862.5 29.776
1.7583 792.88 1784.3 32.322 827.32 1845.9 40.526 884.03 1871.3 29.617
1.7667 803.29 1793.5 32.376 836.89 1855.3 40.615 892.79 1880.2 29.455
1.775 813.7 1802.7 32.49 846.55 1864.7 40.714 901.55 1889 29.301
1.7833 824.07 1811.9 32.659 856.29 1874 40.817 910.3 1897.9 29.163
1.7917 834.35 1821.1 32.878 866.1 1883.3 40.918 919.04 1906.7 29.051
1.8 844.51 1830.3 33.137 875.96 1892.5 41.012 927.77 1915.5 28.971
1.8083 854.51 1839.4 33.425 885.85 1901.5 41.091 936.52 1924.2 28.924
1.8167 864.31 1848.5 33.731 895.71 1910.3 41.151 945.29 1932.8 28.911
1.825 873.9 1857.6 34.043 905.52 1918.8 41.187 954.11 1941.2 28.924
1.8333 883.27 1866.5 34.351 915.24 1927.2 41.194 963 1949.6 28.955
1.8417 892.44 1875.4 34.646 924.83 1935.3 41.171 971.97 1957.7 28.988
1.85 901.44 1884.1 34.924 934.25 1943.1 41.115 981.04 1965.6 29.012
1.8583 910.31 1892.7 35.183 943.5 1950.6 41.027 990.21 1973.3 29.01
1.8667 919.07 1901.2 35.425 952.56 1957.9 40.908 999.5 1980.7 28.968
1.875 927.78 1909.6 35.652 961.43 1964.9 40.758 1008.9 1987.9 28.877
1.8833 936.47 1917.8 35.867 970.13 1971.6 40.58 1018.4 1994.7 28.729
1.8917 945.15 1925.9 36.071 978.68 1978.2 40.377 1028 2001.3 28.521
1.9 953.86 1933.9 36.267 987.11 1984.6 40.151 1037.7 2007.6 28.257
1.9083 962.58 1941.7 36.459 995.45 1990.8 39.904 1047.4 2013.6 27.944
1.9167 971.34 1949.3 36.649 1003.7 1996.9 39.641 1057.1 2019.5 27.592
1.925 980.12 1956.8 36.839 1012 2002.9 39.363 1066.9 2025.1 27.215
1.9333 988.91 1964.2 37.035 1020.3 2008.9 39.073 1076.7 2030.6 26.828
1.9417 997.72 1971.5 37.239 1028.7 2014.8 38.774 1086.5 2036 26.445
1.95 1006.5 1978.7 37.452 1037.1 2020.7 38.467 1096.2 2041.3 26.078
1.9583 1015.4 1985.8 37.676 1045.5 2026.5 38.154 1106 2046.6 25.736
1.9667 1024.2 1992.7 37.911 1054.1 2032.4 37.837 1115.7 2051.8 25.423
1.975 1033 1999.6 38.155 1062.7 2038.2 37.516 1125.5 2057 25.143
1.9833 1041.9 2006.3 38.404 1071.4 2044 37.194 1135.2 2062.2 24.891
1.9917 1050.7 2012.8 38.655 1080.1 2049.8 36.873 1144.9 2067.4 24.662
2 1059.7 2019.3 38.905 1089 2055.5 36.555 1154.6 2072.6 24.447
2.0083 1068.6 2025.7 39.15 1097.8 2061.3 36.242 1164.3 2077.7 24.239
2.0167 1077.7 2032 39.386 1106.7 2067 35.938 1174.1 2082.9 24.028
