0.0083333 -7.6095 4.3522 99.496 -32.72 92.836 91.468 -7.7913 135.11 75.235
0.016667 -6.7936 13.111 99.522 -31.448 101.58 91.402 -6.2695 142.92 75.063
0.025 -5.9772 22.126 99.539 -30.104 110.48 91.334 -4.7412 150.79 74.907
0.033333 -5.1757 31.388 99.552 -28.684 119.54 91.267 -3.2013 158.73 74.767
0.041667 -4.3992 40.883 99.563 -27.199 128.77 91.195 -1.6429 166.74 74.642
0.05 -3.657 50.593 99.577 -25.656 138.15 91.114 -0.058363 174.83 74.529
0.058333 -2.9509 60.497 99.596 -24.072 147.69 91.02 1.5616 183 74.424
0.066667 -2.2839 70.572 99.621 -22.456 157.36 90.912 3.2257 191.27 74.322
0.075 -1.6518 80.792 99.651 -20.828 167.13 90.787 4.9405 199.62 74.218
0.083333 -1.0366 91.125 99.685 -19.212 177 90.641 6.7106 208.06 74.105
0.091667 -0.43226 101.55 99.721 -17.621 186.92 90.482 8.5364 216.58 73.976
0.1 0.17995 112.02 99.756 -16.074 196.87 90.315 10.414 225.19 73.826
0.10833 0.82248 122.52 99.789 -14.59 206.79 90.146 12.334 233.86 73.651
0.11667 1.5133 133.02 99.817 -13.18 216.66 89.988 14.282 242.59 73.448
0.125 2.2731 143.48 99.837 -11.855 226.45 89.853 16.24 251.37 73.217
0.13333 3.1148 153.9 99.849 -10.623 236.13 89.753 18.186 260.18 72.96
0.14167 4.0409 164.24 99.847 -9.4874 245.67 89.7 20.094 269 72.681
0.15 5.0428 174.5 99.828 -8.448 255.06 89.703 21.941 277.84 72.388
0.15833 6.0998 184.68 99.788 -7.5026 264.29 89.769 23.701 286.69 72.087
0.16667 7.1851 194.75 99.723 -6.6465 273.36 89.898 25.354 295.53 71.788
0.175 8.273 204.74 99.63 -5.8733 282.28 90.089 26.882 304.38 71.498
0.18333 9.3448 214.63 99.506 -5.1754 291.06 90.334 28.272 313.22 71.227
0.19167 10.394 224.45 99.349 -4.5445 299.71 90.623 29.515 322.08 70.981
0.2 11.418 234.19 99.159 -3.972 308.25 90.944 30.608 330.95 70.766
0.20833 12.425 243.87 98.938 -3.4501 316.69 91.283 31.552 339.85 70.587
0.21667 13.419 253.5 98.686 -2.9713 325.05 91.627 32.352 348.78 70.447
0.225 14.396 263.08 98.407 -2.5293 333.34 91.964 33.012 357.75 70.346
0.23333 15.347 272.6 98.104 -2.1193 341.58 92.284 33.541 366.78 70.284
0.24167 16.257 282.06 97.784 -1.7369 349.79 92.579 33.947 375.86 70.259
0.25 17.112 291.44 97.456 -1.3792 357.97 92.848 34.235 384.99 70.268
0.25833 17.894 300.74 97.126 -1.0456 366.13 93.086 34.413 394.18 70.308
0.26667 18.592 309.94 96.803 -0.73427 374.3 93.298 34.485 403.43 70.376
0.275 19.19 319.05 96.496 -0.4455 382.48 93.486 34.456 412.72 70.469
0.28333 19.677 328.06 96.21 -0.18002 390.68 93.654 34.329 422.05 70.583
0.29167 20.046 336.97 95.95 0.060562 398.9 93.808 34.109 431.41 70.717
0.3 20.299 345.8 95.719 0.27419 407.16 93.95 33.802 440.79 70.866
0.30833 20.433 354.57 95.513 0.45878 415.45 94.084 33.415 450.19 71.029
0.31667 20.466 363.27 95.332 0.61153 423.79 94.21 32.957 459.58 71.202
0.325 20.409 371.93 95.17 0.73012 432.16 94.326 32.44 468.96 71.381
0.33333 20.283 380.54 95.02 0.81226 440.58 94.432 31.878 478.33 71.561
0.34167 20.108 389.13 94.878 0.85631 449.04 94.524 31.287 487.67 71.739
0.35 19.907 397.69 94.739 0.86141 457.54 94.599 30.681 496.97 71.907
0.35833 19.701 406.22 94.598 0.82743 466.08 94.654 30.077 506.24 72.06
0.36667 19.506 414.73 94.453 0.75478 474.67 94.689 29.489 515.48 72.195
0.375 19.338 423.21 94.304 0.64549 483.3 94.702 28.928 524.68 72.305
0.38333 19.205 431.67 94.151 0.50145 491.98 94.696 28.403 533.84 72.389
0.39167 19.106 440.12 93.995 0.32494 500.71 94.672 27.92 542.98 72.444
0.4 19.041 448.57 93.839 0.11848 509.51 94.636 27.48 552.11 72.47
0.40833 18.997 457.02 93.685 -0.11531 518.36 94.59 27.082 561.23 72.469
0.41667 18.96 465.5 93.534 -0.37447 527.28 94.539 26.722 570.35 72.444
0.425 18.911 474.03 93.387 -0.65701 536.27 94.486 26.394 579.49 72.397
0.43333 18.832 482.61 93.246 -0.96135 545.33 94.434 26.092 588.67 72.333
0.44167 18.704 491.26 93.108 -1.2858 554.46 94.383 25.808 597.88 72.255
0.45 18.515 499.99 92.975 -1.6291 563.67 94.334 25.538 607.15 72.167
0.45833 18.252 508.8 92.842 -1.9898 572.94 94.285 25.275 616.49 72.072
0.46667 17.916 517.69 92.71 -2.3668 582.3 94.233 25.017 625.88 71.97
0.475 17.513 526.68 92.569 -2.7586 591.73 94.176 24.76 635.35 71.861
0.48333 17.063 535.76 92.423 -3.1657 601.23 94.111 24.505 644.89 71.746
0.49167 16.581 544.93 92.262 -3.5876 610.82 94.034 24.249 654.49 71.623
0.5 16.104 554.22 92.086 -4.026 620.48 93.945 23.993 664.16 71.49
0.50833 15.649 563.62 91.89 -4.4827 630.22 93.843 23.735 673.88 71.346
0.51667 15.232 573.15 91.671 -4.9602 640.05 93.726 23.472 683.65 71.189
0.525 14.866 582.83 91.431 -5.4631 649.95 93.597 23.202 693.47 71.021
0.53333 14.54 592.68 91.17 -5.9959 659.94 93.456 22.92 703.33 70.841
0.54167 14.23 602.72 90.888 -6.5618 670 93.304 22.622 713.23 70.651
0.55 13.91 612.97 90.59 -7.1667 680.14 93.144 22.302 723.18 70.453
0.55833 13.547 623.44 90.278 -7.8137 690.34 92.977 21.957 733.18 70.249
0.56667 13.108 634.14 89.956 -8.5046 700.6 92.802 21.583 743.23 70.041
0.575 12.563 645.08 89.628 -9.2383 710.91 92.62 21.18 753.35 69.829
0.58333 11.895 656.24 89.299 -10.011 721.28 92.429 20.749 763.52 69.614
0.59167 11.096 667.62 88.974 -10.813 731.71 92.23 20.294 773.77 69.393
0.6 10.171 679.18 88.658 -11.636 742.18 92.018 19.821 784.09 69.166
0.60833 9.1411 690.9 88.36 -12.461 752.72 91.797 19.338 794.49 68.927
0.61667 8.0402 702.72 88.085 -13.272 763.33 91.563 18.857 804.95 68.676
0.625 6.9109 714.61 87.84 -14.046 774.03 91.32 18.387 815.47 68.407
0.63333 5.7948 726.49 87.624 -14.765 784.81 91.059 17.94 826.05 68.119
0.64167 4.7351 738.33 87.443 -15.401 795.68 90.785 17.527 836.68 67.812
0.65 3.7634 750.07 87.292 -15.937 806.65 90.494 17.157 847.33 67.488
0.65833 2.8993 761.66 87.163 -16.353 817.69 90.183 16.841 857.99 67.15
0.66667 2.1518 773.07 87.045 -16.637 828.82 89.849 16.585 868.67 66.805
0.675 1.5175 784.25 86.923 -16.776 839.99 89.489 16.399 879.34 66.459
0.68333 0.98426 795.22 86.781 -16.764 851.2 89.101 16.292 890 66.122
0.69167 0.53088 805.96 86.602 -16.6 862.42 88.679 16.272 900.65 65.799
0.7 0.1346 816.49 86.37 -16.285 873.61 88.219 16.352 911.28 65.498
0.70833 -0.22746 826.83 86.075 -15.824 884.76 87.717 16.545 921.9 65.222
0.71667 -0.57554 837.02 85.713 -15.224 895.82 87.169 16.867 932.51 64.973
0.725 -0.92216 847.1 85.287 -14.493 906.77 86.57 17.337 943.11 64.748
0.73333 -1.2631 857.09 84.804 -13.639 917.6 85.921 17.975 953.7 64.543
0.74167 -1.5807 867.03 84.279 -12.669 928.29 85.218 18.799 964.28 64.35
0.75 -1.8346 876.91 83.726 -11.589 938.83 84.463 19.83 974.85 64.162
0.75833 -1.9667 886.72 83.161 -10.4 949.23 83.659 21.083 985.41 63.967
0.76667 -1.9183 896.44 82.597 -9.1024 959.49 82.809 22.573 995.94 63.755
0.775 -1.6372 906.03 82.046 -7.6954 969.61 81.919 24.307 1006.4 63.518
0.78333 -1.092 915.45 81.515 -6.1746 979.63 80.996 26.289 1016.9 63.247
0.79167 -0.28913 924.67 81.009 -4.5351 989.54 80.047 28.517 1027.3 62.938
0.8 0.75786 933.69 80.531 -2.771 999.38 79.08 30.982 1037.6 62.59
0.80833 2.0173 942.49 80.077 -0.87693 1009.1 78.102 33.673 1047.8 62.203
0.81667 3.4745 951.08 79.642 1.1526 1018.8 77.121 36.571 1057.9 61.782
0.825 5.1051 959.48 79.217 3.3217 1028.5 76.145 39.66 1068 61.333
0.83333 6.9113 967.69 78.791 5.6333 1038 75.178 42.918 1077.8 60.862
0.84167 8.8842 975.76 78.356 8.089 1047.6 74.228 46.33 1087.6 60.38
0.85 11.003 983.71 77.906 10.689 1057 73.3 49.878 1097.3 59.894
0.85833 13.23 991.59 77.439 13.432 1066.4 72.397 53.551 1106.8 59.412
0.86667 15.524 999.45 76.957 16.316 1075.7 71.523 57.341 1116.3 58.941
0.875 17.849 1007.3 76.464 19.337 1084.9 70.683 61.244 1125.6 58.486
0.88333 20.176 1015.2 75.966 22.491 1094.1 69.878 65.258 1134.8 58.051
0.89167 22.489 1023.2 75.469 25.773 1103.2 69.11 69.388 1144 57.639
0.9 24.78 1031.2 74.98 29.179 1112.2 68.383 73.638 1153.1 57.249
0.90833 27.05 1039.2 74.506 32.704 1121.1 67.695 78.011 1162.1 56.881
0.91667 29.304 1047.4 74.049 36.345 1129.9 67.048 82.514 1171 56.534
0.925 31.552 1055.5 73.612 40.098 1138.7 66.443 87.15 1179.9 56.205
0.93333 33.81 1063.7 73.193 43.959 1147.4 65.876 91.919 1188.7 55.89
0.94167 36.095 1071.9 72.791 47.929 1156.1 65.347 96.82 1197.4 55.584
0.95 38.427 1080.2 72.401 52.004 1164.8 64.855 101.85 1206.1 55.285
0.95833 40.831 1088.5 72.019 56.184 1173.4 64.394 107 1214.6 54.989
0.96667 43.332 1096.8 71.643 60.467 1182 63.962 112.27 1223.1 54.691
0.975 45.961 1105.3 71.27 64.853 1190.6 63.558 117.65 1231.5 54.39
0.98333 48.745 1113.8 70.901 69.34 1199.2 63.176 123.12 1239.8 54.083
0.99167 51.714 1122.4 70.54 73.928 1207.7 62.816 128.7 1248 53.77
1 54.891 1131 70.191 78.614 1216.3 62.474 134.36 1256.2 53.452
1.0083 58.294 1139.8 69.862 83.399 1224.9 62.15 140.1 1264.3 53.131
1.0167 61.935 1148.6 69.563 88.281 1233.4 61.845 145.93 1272.3 52.81
1.025 65.817 1157.5 69.303 93.261 1242 61.558 151.83 1280.3 52.493
1.0333 69.931 1166.4 69.092 98.338 1250.5 61.29 157.81 1288.3 52.185
1.0417 74.259 1175.4 68.935 103.51 1259 61.043 163.86 1296.2 51.889
1.05 78.772 1184.4 68.835 108.79 1267.6 60.817 169.99 1304.1 51.611
1.0583 83.433 1193.5 68.789 114.17 1276.1 60.611 176.2 1312 51.351
1.0667 88.203 1202.6 68.789 119.65 1284.6 60.424 182.47 1319.8 51.113
1.075 93.051 1211.8 68.817 125.25 1293.1 60.255 188.82 1327.5 50.896
1.0833 97.955 1221 68.858 130.96 1301.6 60.099 195.23 1335.2 50.697
1.0917 102.92 1230.3 68.891 136.81 1310.1 59.95 201.72 1342.9 50.515
1.1 107.96 1239.6 68.898 142.79 1318.6 59.803 208.28 1350.4 50.346
1.1083 113.11 1249 68.866 148.91 1327 59.649 214.91 1358 50.183
1.1167 118.43 1258.5 68.785 155.19 1335.5 59.483 221.63 1365.4 50.025
1.125 123.98 1268.1 68.655 161.64 1344 59.298 228.42 1372.9 49.866
1.1333 129.81 1277.9 68.478 168.25 1352.5 59.087 235.31 1380.3 49.704
1.1417 135.98 1287.8 68.263 175.03 1361 58.847 242.28 1387.7 49.54
1.15 142.53 1297.9 68.021 181.98 1369.6 58.577 249.34 1395.1 49.372
1.1583 149.49 1308.2 67.762 189.09 1378.1 58.277 256.48 1402.5 49.203
1.1667 156.85 1318.7 67.495 196.36 1386.6 57.949 263.71 1409.9 49.037
1.175 164.59 1329.3 67.227 203.78 1395.1 57.598 271 1417.4 48.878
1.1833 172.66 1340 66.958 211.32 1403.6 57.231 278.34 1424.9 48.728
1.1917 180.99 1350.8 66.685 218.96 1412.1 56.854 285.7 1432.5 48.59
1.2 189.51 1361.6 66.404 226.68 1420.6 56.475 293.08 1440.1 48.466
1.2083 198.14 1372.4 66.109 234.46 1429.2 56.102 300.43 1447.7 48.355
1.2167 206.8 1383.1 65.797 242.26 1437.7 55.741 307.74 1455.3 48.254
1.225 215.45 1393.6 65.46 250.05 1446.3 55.397 314.98 1462.9 48.157
1.2333 224.02 1403.9 65.099 257.82 1454.9 55.076 322.14 1470.4 48.059
1.2417 232.47 1413.9 64.711 265.54 1463.6 54.779 329.19 1477.9 47.952
1.25 240.77 1423.6 64.299 273.18 1472.3 54.508 336.13 1485.4 47.827
1.2583 248.87 1433 63.861 280.73 1481 54.263 342.96 1492.8 47.679
1.2667 256.78 1442.2 63.395 288.17 1489.7 54.043 349.69 1500.1 47.502
1.275 264.5 1451.2 62.898 295.49 1498.5 53.846 356.32 1507.5 47.292
1.2833 272.05 1460 62.365 302.68 1507.2 53.671 362.88 1514.9 47.051
1.2917 279.48 1468.6 61.797 309.74 1515.9 53.516 369.37 1522.3 46.782
1.3 286.84 1477.2 61.197 316.67 1524.5 53.377 375.81 1529.8 46.491
1.3083 294.17 1485.8 60.571 323.47 1533.1 53.254 382.22 1537.3 46.186
1.3167 301.48 1494.3 59.926 330.14 1541.5 53.144 388.61 1545 45.877
1.325 308.79 1502.8 59.271 336.7 1549.9 53.045 394.98 1552.8 45.576
1.3333 316.07 1511.3 58.613 343.15 1558.2 52.955 401.34 1560.8 45.293
1.3417 323.31 1519.9 57.96 349.51 1566.4 52.873 407.69 1569 45.037
1.35 330.5 1528.4 57.315 355.79 1574.5 52.796 414.01 1577.3 44.814
1.3583 337.62 1536.9 56.683 361.99 1582.5 52.726 420.29 1585.7 44.628
1.3667 344.66 1545.4 56.066 368.15 1590.5 52.661 426.54 1594.4 44.481
1.375 351.61 1554 55.465 374.27 1598.5 52.602 432.73 1603.1 44.371
1.3833 358.49 1562.4 54.882 380.36 1606.5 52.55 438.85 1611.9 44.295
1.3917 365.3 1570.9 54.316 386.44 1614.4 52.505 444.9 1620.9 44.248
1.4 372.06 1579.3 53.766 392.52 1622.4 52.47 450.88 1629.8 44.224
1.4083 378.79 1587.8 53.231 398.62 1630.4 52.445 456.78 1638.9 44.218
1.4167 385.5 1596.2 52.712 404.72 1638.5 52.43 462.61 1647.9 44.225
1.425 392.22 1604.6 52.207 410.86 1646.6 52.426 468.37 1657 44.24
1.4333 398.95 1613 51.714 417.02 1654.7 52.43 474.06 1666 44.261
1.4417 405.69 1621.3 51.231 423.22 1662.9 52.441 479.7 1675 44.286
1.45 412.46 1629.7 50.756 429.44 1671.1 52.456 485.3 1684 44.315
1.4583 419.24 1638 50.286 435.7 1679.3 52.473 490.86 1693 44.348
1.4667 426.03 1646.3 49.817 441.99 1687.6 52.486 496.39 1701.9 44.388
1.475 432.8 1654.6 49.346 448.31 1696 52.493 501.9 1710.8 44.436
1.4833 439.55 1662.8 48.871 454.66 1704.4 52.49 507.4 1719.7 44.492
1.4917 446.26 1671 48.39 461.04 1712.8 52.475 512.89 1728.5 44.56
1.5 452.91 1679.1 47.905 467.44 1721.3 52.444 518.38 1737.4 44.639
1.5083 459.51 1687.3 47.417 473.88 1729.9 52.399 523.89 1746.2 44.729
1.5167 466.05 1695.4 46.931 480.33 1738.5 52.337 529.42 1755 44.829
1.525 472.54 1703.5 46.457 486.82 1747.2 52.261 534.98 1763.8 44.939
1.5333 478.99 1711.7 46.001 493.32 1755.9 52.172 540.59 1772.6 45.054
1.5417 485.4 1719.9 45.573 499.85 1764.7 52.071 546.24 1781.4 45.175
1.55 491.8 1728.2 45.185 506.4 1773.5 51.962 551.96 1790.3 45.297
1.5583 498.19 1736.6 44.844 512.96 1782.4 51.846 557.74 1799.2 45.419
1.5667 504.59 1745.1 44.557 519.53 1791.3 51.725 563.59 1808.2 45.538
1.575 511.01 1753.8 44.325 526.12 1800.3 51.602 569.5 1817.2 45.654
1.5833 517.46 1762.6 44.146 532.72 1809.3 51.477 575.46 1826.3 45.766
1.5917 523.98 1771.5 44.016 539.34 1818.3 51.353 581.48 1835.4 45.874
1.6 530.57 1780.6 43.922 545.97 1827.4 51.231 587.53 1844.5 45.98
1.6083 537.25 1789.8 43.855 552.62 1836.6 51.112 593.62 1853.8 46.086
1.6167 544.04 1799.1 43.805 559.29 1845.8 50.999 599.72 1863 46.192
1.625 550.92 1808.5 43.764 565.99 1855.1 50.893 605.84 1872.3 46.302
1.6333 557.9 1818.1 43.726 572.72 1864.5 50.799 611.95 1881.6 46.415
1.6417 564.96 1827.7 43.686 579.47 1874 50.719 618.08 1891 46.534
1.65 572.1 1837.4 43.636 586.26 1883.6 50.658 624.21 1900.4 46.658
1.6583 579.32 1847.2 43.576 593.06 1893.4 50.618 630.35 1909.9 46.786
1.6667 586.62 1857.1 43.499 599.89 1903.2 50.602 636.51 1919.4 46.916
1.675 594.02 1867.2 43.402 606.72 1913.2 50.613 642.71 1929 47.046
1.6833 601.52 1877.3 43.282 613.55 1923.3 50.65 648.94 1938.6 47.173
1.6917 609.15 1887.6 43.142 620.37 1933.4 50.713 655.22 1948.4 47.295
1.7 616.92 1898.1 42.986 627.17 1943.7 50.8 661.56 1958.2 47.41
1.7083 624.82 1908.7 42.821 633.94 1954 50.907 667.94 1968.1 47.519
1.7167 632.87 1919.4 42.658 640.69 1964.4 51.028 674.37 1978.1 47.624
1.725 641.04 1930.3 42.506 647.42 1974.8 51.157 680.83 1988.2 47.726
1.7333 649.31 1941.3 42.378 654.12 1985.3 51.29 687.31 1998.5 47.833
1.7417 657.65 1952.3 42.287 660.82 1995.7 51.42 693.79 2008.8 47.951
1.75 666.02 1963.4 42.24 667.53 2006.2 51.542 700.26 2019.2 48.087
1.7583 674.37 1974.5 42.243 674.26 2016.7 51.651 706.7 2029.7 48.252
1.7667 682.66 1985.5 42.296 681.03 2027.2 51.744 713.1 2040.2 48.453
1.775 690.83 1996.4 42.395 687.85 2037.6 51.819 719.46 2050.9 48.696
1.7833 698.85 2007.3 42.531 694.72 2048.1 51.873 725.76 2061.5 48.987
1.7917 706.7 2018 42.69 701.65 2058.4 51.905 732.02 2072.2 49.328
1.8 714.37 2028.6 42.86 708.64 2068.7 51.912 738.24 2082.8 49.718
1.8083 721.85 2039.1 43.026 715.67 2078.9 51.895 744.45 2093.4 50.153
1.8167 729.15 2049.5 43.175 722.73 2089 51.851 750.67 2104.1 50.624
1.825 736.28 2059.8 43.3 729.78 2098.9 51.779 756.91 2114.6 51.124
1.8333 743.27 2069.9 43.4 736.81 2108.7 51.677 763.19 2125.1 51.639
1.8417 750.13 2080 43.478 743.79 2118.3 51.545 769.54 2135.5 52.159
1.85 756.9 2090.1 43.543 750.69 2127.7 51.381 775.95 2145.9 52.673
1.8583 763.59 2100.1 43.606 757.5 2136.9 51.185 782.45 2156.1 53.17
1.8667 770.24 2110 43.68 764.2 2145.9 50.961 789.03 2166.3 53.643
1.875 776.84 2119.9 43.771 770.78 2154.7 50.704 795.68 2176.4 54.088
1.8833 783.44 2129.7 43.895 777.25 2163.4 50.424 802.39 2186.4 54.502
1.8917 790.03 2139.4 44.06 783.62 2171.9 50.126 809.16 2196.4 54.886
1.9 796.62 2149 44.27 789.89 2180.3 49.807 815.96 2206.2 55.24
1.9083 803.23 2158.5 44.531 796.11 2188.6 49.486 822.79 2216 55.569
1.9167 809.84 2167.8 44.842 802.27 2196.8 49.158 829.62 2225.8 55.876
1.925 816.46 2177 45.201 808.41 2205 48.841 836.45 2235.4 56.164
1.9333 823.1 2186.1 45.604 814.63 2213.2 48.534 842.55 2245.2 57.224
1.9417 829.73 2194.9 46.045 820.78 2221.3 48.25 849.31 2254.7 57.502
1.95 836.36 2203.7 46.516 826.95 2229.5 47.99 856.05 2264.1 57.769
1.9583 842.99 2212.4 47.011 833.15 2237.6 47.761 862.76 2273.5 58.026
1.9667 849.59 2220.9 47.527 839.37 2245.8 47.559 869.45 2282.8 58.273
1.975 856.17 2229.4 48.055 845.63 2254 47.392 876.13 2292 58.51
1.9833 862.72 2237.9 48.592 851.91 2262.3 47.258 882.79 2301.2 58.735
1.9917 869.24 2246.4 49.133 858.22 2270.6 47.157 889.45 2310.3 58.951
2 875.72 2254.8 49.675 864.56 2278.9 47.089 896.1 2319.3 59.157
2.0083 882.17 2263.3 50.215 870.92 2287.3 47.055 902.76 2328.3 59.357
2.0167 888.59 2271.7 50.751 877.29 2295.6 47.053 909.41 2337.2 59.552
2.025 895 2280.2 51.282 883.7 2304.1 47.084 916.07 2346.1 59.747
2.0333 901.4 2288.5 51.804 890.13 2312.5 47.147 922.73 2355 59.946
2.0417 907.83 2296.9 52.319 896.59 2321 47.241 929.39 2363.9 60.152
2.05 914.3 2305.2 52.827 903.08 2329.5 47.366 936.05 2372.8 60.37
2.0583 920.84 2313.5 53.328 909.62 2338 47.52 942.72 2381.7 60.604
2.0667 927.47 2321.7 53.824 916.2 2346.6 47.7 949.38 2390.6 60.857
2.075 934.21 2329.9 54.318 922.81 2355.1 47.905 956.05 2399.5 61.129
2.0833 941.07 2338 54.81 929.47 2363.7 48.131 962.71 2408.5 61.423
2.0917 948.07 2346.2 55.304 936.17 2372.3 48.375 969.36 2417.4 61.737
2.1 955.2 2354.4 55.8 942.91 2380.9 48.633 976 2426.4 62.072
2.1083 962.47 2362.7 56.298 949.68 2389.5 48.904 982.64 2435.4 62.423
2.1167 969.87 2371.1 56.798 956.49 2398.1 49.183 989.27 2444.3 62.79
2.125 977.4 2379.5 57.298 963.33 2406.7 49.47 995.89 2453.3 63.167
2.1333 985.05 2388 57.795 970.21 2415.3 49.765 1002.5 2462.3 63.553
2.1417 992.82 2396.7 58.284 977.11 2423.9 50.059 1009.1 2471.2 63.942
2.15 1000.7 2405.4 58.769 984.05 2432.6 50.37 1015.7 2480.1 64.334
2.1583 1008.7 2414.2 59.24 991.01 2441.2 50.679 1022.3 2489 64.726
2.1667 1016.7 2423.1 59.693 998.01 2449.9 50.988 1028.9 2497.8 65.117
2.175 1024.8 2432.1 60.127 1005 2458.5 51.304 1035.5 2506.6 65.509
2.1833 1033 2441.2 60.536 1012.1 2467.2 51.626 1042.1 2515.4 65.904
2.1917 1041.1 2450.4 60.915 1019.2 2476 51.935 1048.8 2524.1 66.307
2.2 1049.3 2459.5 61.262 1026.3 2484.7 52.246 1055.4 2532.9 66.724
2.2083 1057.5 2468.7 61.577 1033.5 2493.5 52.54 1062 2541.6 67.161
2.2167 1065.8 2478 61.861 1040.7 2502.2 52.823 1068.6 2550.4 67.627
2.225 1074 2487.3 62.119 1047.9 2510.9 53.09 1075.2 2559.3 68.129
2.2333 1082.3 2496.7 62.355 1055.2 2519.6 53.339 1081.7 2568.2 68.672
2.2417 1090.5 2506.1 62.576 1062.5 2528.3 53.565 1088.3 2577.2 69.261
2.25 1098.8 2515.7 62.786 1069.8 2536.9 53.773 1094.8 2586.3 69.895
2.2583 1107 2525.4 62.992 1077.1 2545.5 53.964 1101.2 2595.5 70.573
2.2667 1115.1 2535.2 63.194 1084.5 2554.1 54.143 1107.6 2604.8 71.287
2.275 1123.1 2545.2 63.396 1091.8 2562.6 54.316 1114 2614.1 72.029
2.2833 1131 2555.2 63.597 1099.1 2571.1 54.492 1120.3 2623.6 72.786
2.2917 1138.8 2565.3 63.797 1106.3 2579.7 54.678 1126.6 2633.1 73.545
2.3 1146.4 2575.3 63.996 1113.5 2588.2 54.884 1132.8 2642.6 74.29
2.3083 1153.8 2585.2 64.196 1120.6 2596.8 55.12 1139 2652.1 75.009
2.3167 1161.1 2595 64.397 1127.6 2605.5 55.392 1145.1 2661.6 75.692
2.325 1168.2 2604.5 64.602 1134.5 2614.2 55.71 1151.2 2671 76.332
2.3333 1175.2 2613.9 64.812 1141.2 2623 56.078 1157.1 2680.4 76.926
2.3417 1182 2623 65.032 1147.7 2631.9 56.499 1163 2689.7 77.477
2.35 1188.8 2631.9 65.267 1154.1 2640.8 56.974 1168.8 2698.9 77.991
2.3583 1195.4 2640.6 65.522 1160.2 2649.7 57.505 1174.4 2708.1 78.479
2.3667 1202 2649.2 65.8 1166.1 2658.6 58.088 1179.9 2717.2 78.953
2.375 1208.5 2657.7 66.1 1171.8 2667.5 58.72 1185.1 2726.3 79.426
2.3833 1214.9 2666 66.419 1177.3 2676.2 59.393 1190.2 2735.4 79.91
2.3917 1221.3 2674.2 66.749 1182.6 2684.9 60.103 1195 2744.5 80.415
2.4 1227.7 2682.4 67.079 1187.7 2693.5 60.844 1199.6 2753.6 80.949
2.4083 1234 2690.6 67.396 1192.6 2701.9 61.608 1203.9 2762.9 81.514
2.4167 1240.2 2698.7 67.685 1197.4 2710.2 62.382 1208 2772.2 82.112
2.425 1246.3 2706.9 67.939 1202 2718.4 63.182 1211.9 2781.5 82.738
2.4333 1252.1 2715 68.146 1206.4 2726.5 63.984 1215.5 2790.9 83.387
2.4417 1257.6 2723.2 68.302 1210.8 2734.5 64.789 1218.9 2800.4 84.054
2.45 1262.9 2731.3 68.411 1215 2742.4 65.596 1222.1 2809.9 84.731
2.4583 1267.8 2739.6 68.481 1219.2 2750.3 66.403 1225.1 2819.4 85.414
2.4667 1272.3 2747.8 68.531 1223.2 2758.2 67.208 1227.9 2828.9 86.097
2.475 1276.5 2756 68.58 1227.2 2766.2 68.01 1230.5 2838.3 86.781
2.4833 1280.3 2764.2 68.644 1231 2774.2 68.807 1233 2847.7 87.462
2.4917 1283.8 2772.3 68.745 1234.7 2782.2 69.597 1235.3 2857 88.144
2.5 1287.2 2780.5 68.894 1238.4 2790.3 70.379 1237.4 2866.2 88.828
2.5083 1290.3 2788.6 69.089 1241.9 2798.4 71.152 1239.4 2875.4 89.514
2.5167 1293.2 2796.7 69.334 1245.3 2806.6 71.912 1241.2 2884.4 90.204
2.525 1296.1 2804.8 69.617 1248.6 2814.8 72.655 1243 2893.4 90.897
2.5333 1298.8 2812.9 69.927 1251.8 2823.1 73.38 1244.6 2902.2 91.589
2.5417 1301.6 2821 70.246 1254.9 2831.3 74.083 1246.2 2911 92.278
2.55 1304.3 2829.1 70.555 1257.9 2839.6 74.762 1247.6 2919.7 92.958
2.5583 1307 2837.1 70.842 1260.7 2847.9 75.415 1249 2928.4 93.624
2.5667 1309.7 2845.1 71.093 1263.5 2856.1 76.04 1250.4 2937 94.27
2.575 1312.4 2853.1 71.301 1266.2 2864.4 76.637 1251.7 2945.5 94.893
2.5833 1315.2 2861.1 71.461 1268.8 2872.7 77.204 1253.1 2954 95.492
2.5917 1317.9 2869.1 71.585 1271.3 2881 77.742 1254.3 2962.5 96.066
2.6 1320.6 2877 71.681 1273.8 2889.3 78.251 1255.6 2970.9 96.618
2.6083 1323.3 2885 71.767 1276.2 2897.7 78.731 1256.8 2979.3 97.152
2.6167 1325.9 2893.1 71.862 1278.5 2906.1 79.184 1258 2987.6 97.674
2.625 1328.5 2901.2 71.992 1280.7 2914.5 79.61 1259.1 2995.9 98.19
2.6333 1331 2909.4 72.171 1282.8 2923 80.01 1260.1 3004.2 98.705
2.6417 1333.4 2917.8 72.415 1284.8 2931.5 80.386 1261.1 3012.5 99.224
2.65 1335.7 2926.3 72.73 1286.7 2940 80.739 1262 3020.7 99.751
2.6583 1337.8 2935 73.115 1288.5 2948.5 81.069 1262.8 3028.9 100.29
2.6667 1339.9 2943.9 73.563 1290.2 2957 81.381 1263.6 3037.1 100.83
2.675 1341.8 2952.8 74.055 1291.8 2965.6 81.675 1264.3 3045.3 101.38
2.6833 1343.6 2961.9 74.572 1293.2 2974.1 81.954 1264.9 3053.5 101.94
2.6917 1345.4 2971.1 75.088 1294.5 2982.6 82.222 1265.4 3061.7 102.5
2.7 1347.1 2980.4 75.581 1295.7 2991.1 82.482 1265.9 3069.9 103.06
2.7083 1348.7 2989.7 76.03 1296.8 2999.6 82.737 1266.4 3078 103.62
2.7167 1350.4 2999 76.425 1297.8 3008.1 82.992 1266.7 3086.2 104.17
2.725 1351.9 3008.3 76.76 1298.7 3016.6 83.249 1266.9 3094.4 104.73
2.7333 1353.4 3017.6 77.034 1299.6 3025.1 83.513 1267.1 3102.6 105.29
2.7417 1354.8 3027 77.26 1300.3 3033.6 83.787 1267.1 3110.9 105.85
2.75 1356.2 3036.3 77.454 1301 3042.2 84.071 1267 3119.2 106.42
2.7583 1357.5 3045.8 77.637 1301.6 3050.7 84.369 1266.7 3127.6 106.99
2.7667 1358.6 3055.4 77.831 1302 3059.3 84.683 1266.3 3136 107.57
2.775 1359.7 3065.1 78.06 1302.4 3067.9 85.012 1265.7 3144.5 108.17
2.7833 1360.7 3075 78.344 1302.7 3076.4 85.359 1265 3153 108.77
2.7917 1361.6 3085 78.701 1302.8 3085 85.724 1264.1 3161.6 109.37
2.8 1362.4 3095.2 79.139 1302.9 3093.6 86.109 1263 3170.3 109.99
2.8083 1363 3105.5 79.662 1302.8 3102.2 86.514 1261.8 3179 110.6
2.8167 1363.6 3115.9 80.269 1302.6 3110.8 86.941 1260.5 3187.6 111.23
2.825 1364 3126.2 80.946 1302.3 3119.4 87.39 1259.1 3196.3 111.86
2.8333 1364.3 3136.4 81.679 1302 3128 87.862 1257.6 3204.9 112.5
2.8417 1364.5 3146.4 82.446 1301.6 3136.6 88.358 1256.1 3213.4 113.16
2.85 1364.6 3156.2 83.228 1301.2 3145.2 88.876 1254.4 3221.8 113.83
2.8583 1364.6 3165.6 84.006 1300.8 3153.8 89.415 1252.7 3230.1 114.52
2.8667 1364.6 3174.7 84.766 1300.4 3162.4 89.974 1250.9 3238.3 115.23
2.875 1364.4 3183.4 85.503 1300.1 3170.9 90.55 1249.1 3246.4 115.97
2.8833 1364.2 3191.8 86.218 1299.8 3179.4 91.141 1247.2 3254.4 116.73
2.8917 1363.9 3200 86.921 1299.6 3187.7 91.745 1245.3 3262.2 117.52
2.9 1363.5 3208 87.627 1299.4 3196 92.359 1243.3 3270 118.32
2.9083 1363 3215.9 88.356 1299.3 3204.1 92.983 1241.3 3277.8 119.14
2.9167 1362.2 3223.8 89.124 1299.1 3212 93.617 1239.2 3285.5 119.97
2.925 1361.3 3231.7 89.946 1299 3219.7 94.261 1237.1 3293.1 120.79
2.9333 1360.1 3239.6 90.835 1298.8 3227.1 94.919 1234.9 3300.7 121.61
2.9417 1358.8 3247.5 91.796 1298.6 3234.4 95.596 1232.7 3308.3 122.42
2.95 1357.3 3255.5 92.834 1298.4 3241.5 96.288 1230.5 3315.8 123.22
2.9583 1355.6 3263.5 93.944 1298.1 3248.3 97.012 1228.3 3323.2 124.01
2.9667 1353.9 3271.4 95.116 1297.7 3255.1 97.774 1226 3330.6 124.8
2.975 1352.1 3279.2 96.341 1297.2 3261.6 98.566 1223.7 3337.8 125.58
2.9833 1350.3 3287 97.605 1296.7 3268.1 99.397 1221.4 3344.9 126.36
2.9917 1348.5 3294.6 98.894 1296 3274.5 100.27 1219 3351.9 127.15
3 1346.8 3302.1 100.2 1295.3 3280.9 101.18 1216.6 3358.7 127.95
3.0083 1345.1 3309.4 101.51 1294.4 3287.3 102.13 1214.2 3365.4 128.76
3.0167 1343.4 3316.7 102.83 1293.5 3293.8 103.12 1211.7 3371.9 129.59
3.025 1341.8 3323.8 104.15 1292.5 3300.2 104.15 1209.2 3378.2 130.43
3.0333 1340.1 3330.8 105.48 1291.3 3306.7 105.21 1206.7 3384.4 131.28
3.0417 1338.3 3337.7 106.82 1290.1 3313.2 106.3 1204.1 3390.5 132.13
3.05 1336.4 3344.5 108.2 1288.7 3319.8 107.43 1201.5 3396.5 132.99
3.0583 1334.4 3351.3 109.6 1287.3 3326.3 108.58 1198.9 3402.4 133.85
3.0667 1332.3 3358 111.04 1285.7 3332.9 109.77 1196.2 3408.2 134.71
3.075 1330.1 3364.6 112.52 1283.9 3339.6 110.98 1193.4 3413.9 135.57
3.0833 1327.8 3371.2 114.04 1282.1 3346.2 112.22 1190.6 3419.5 136.43
3.0917 1325.4 3377.7 115.59 1280.1 3352.9 113.48 1187.7 3425 137.3
3.1 1323.1 3384.2 117.16 1278 3359.5 114.77 1184.7 3430.4 138.18
3.1083 1320.7 3390.7 118.73 1275.8 3366.2 116.07 1181.7 3435.7 139.07
3.1167 1318.4 3397.2 120.29 1273.4 3372.9 117.39 1178.5 3440.9 139.99
3.125 1316.2 3403.7 121.83 1270.9 3379.6 118.71 1175.2 3445.9 140.93
3.1333 1314 3410.3 123.33 1268.3 3386.4 120.04 1171.9 3450.9 141.9
3.1417 1311.9 3417 124.8 1265.5 3393.1 121.36 1168.4 3455.8 142.91
3.15 1309.9 3423.7 126.21 1262.6 3399.9 122.67 1164.8 3460.6 143.94
3.1583 1307.9 3430.6 127.57 1259.5 3406.6 123.97 1161.2 3465.4 144.99
3.1667 1305.9 3437.6 128.88 1256.4 3413.4 125.24 1157.4 3470 146.06
3.175 1303.8 3444.6 130.15 1253.1 3420.1 126.49 1153.7 3474.6 147.15
3.1833 1301.7 3451.7 131.38 1249.7 3426.8 127.71 1149.9 3479.2 148.23
3.1917 1299.4 3458.9 132.58 1246.3 3433.5 128.89 1146.1 3483.8 149.31
3.2 1297.1 3466.1 133.75 1242.7 3440.1 130.03 1142.3 3488.3 150.39
3.2083 1294.6 3473.2 134.89 1239.1 3446.6 131.18 1138.4 3492.8 151.45
3.2167 1292 3480.3 136.01 1235.3 3453.1 132.28 1134.6 3497.4 152.51
3.225 1289.2 3487.4 137.09 1231.5 3459.5 133.36 1130.6 3501.9 153.56
3.2333 1286.3 3494.4 138.14 1227.7 3465.8 134.41 1126.7 3506.4 154.6
3.2417 1283.2 3501.3 139.15 1223.8 3472 135.45 1122.6 3510.8 155.63
3.25 1280.1 3508.2 140.12 1219.8 3478.2 136.46 1118.5 3515.3 156.67
3.2583 1276.8 3515 141.05 1215.7 3484.4 137.44 1114.2 3519.7 157.71
3.2667 1273.4 3521.8 141.93 1211.6 3490.4 138.42 1109.9 3524.1 158.75
3.275 1269.8 3528.7 142.77 1207.5 3496.5 139.37 1105.4 3528.5 159.8
3.2833 1266.1 3535.6 143.58 1203.3 3502.5 140.29 1100.7 3532.8 160.84
3.2917 1262.2 3542.5 144.35 1199 3508.5 141.2 1095.9 3537.1 161.88
3.3 1258 3549.4 145.12 1194.7 3514.5 142.08 1091 3541.4 162.91
3.3083 1253.7 3556.3 145.89 1190.4 3520.4 142.94 1086 3545.6 163.93
3.3167 1249.1 3563.2 146.67 1186 3526.3 143.79 1080.9 3549.8 164.92
3.325 1244.4 3570 147.48 1181.6 3532.2 144.63 1075.8 3553.9 165.9
3.3333 1239.5 3576.7 148.32 1177.2 3538.1 145.47 1070.6 3557.9 166.85
3.3417 1234.4 3583.2 149.21 1172.7 3543.8 146.32 1065.4 3561.9 167.78
3.35 1229.3 3589.4 150.15 1168.2 3549.5 147.18 1060.2 3565.7 168.69
3.3583 1224.1 3595.4 151.15 1163.7 3555.1 148.07 1055 3569.5 169.59
3.3667 1218.9 3601.1 152.19 1159.1 3560.5 149 1049.9 3573.2 170.47
3.375 1213.8 3606.5 153.28 1154.5 3565.8 149.97 1044.7 3576.8 171.35
3.3833 1208.8 3611.7 154.4 1149.7 3571 150.99 1039.7 3580.2 172.22
3.3917 1203.9 3616.8 155.54 1145 3576 152.06 1034.6 3583.5 173.1
3.4 1199.2 3621.7 156.69 1140.1 3580.8 153.17 1029.7 3586.7 173.98
3.4083 1194.5 3626.5 157.85 1135.2 3585.5 154.33 1024.7 3589.7 174.86
3.4167 1189.9 3631.2 158.98 1130.2 3589.9 155.54 1019.7 3592.5 175.75
3.425 1185.4 3635.9 160.1 1125.1 3594.3 156.78 1014.8 3595.2 176.65
3.4333 1180.9 3640.5 161.18 1120 3598.4 158.05 1009.8 3597.6 177.55
3.4417 1176.4 3645 162.22 1114.8 3602.5 159.34 1004.8 3599.9 178.45
3.45 1171.8 3649.5 163.22 1109.6 3606.4 160.66 999.75 3601.9 179.35
3.4583 1167.1 3653.9 164.17 1104.3 3610.1 162 994.61 3603.7 180.26
3.4667 1162.3 3658.3 165.08 1098.9 3613.8 163.35 989.36 3605.3 181.18
3.475 1157.5 3662.6 165.96 1093.5 3617.2 164.7 984 3606.6 182.11
3.4833 1152.4 3666.8 166.8 1088 3620.6 166.06 978.51 3607.7 183.04
3.4917 1147.3 3670.8 167.63 1082.5 3623.7 167.43 972.87 3608.6 183.98
3.5 1142 3674.6 168.45 1076.9 3626.7 168.83 967.1 3609.3 184.94
3.5083 1136.6 3678.1 169.28 1071.3 3629.5 170.22 961.18 3609.7 185.9
3.5167 1131.2 3681.2 170.13 1065.6 3632.1 171.63 955.13 3610 186.87
3.525 1125.7 3684 171.01 1059.8 3634.5 173.04 948.97 3610 187.84
3.5333 1120.1 3686.4 171.91 1054 3636.7 174.45 942.71 3609.9 188.81
3.5417 1114.6 3688.5 172.85 1048.2 3638.6 175.86 936.39 3609.6 189.77
3.55 1109.1 3690.4 173.81 1042.2 3640.3 177.27 930.03 3609.1 190.72
3.5583 1103.6 3692 174.78 1036.2 3641.9 178.67 923.67 3608.5 191.64
3.5667 1098.1 3693.5 175.76 1030.2 3643.2 180.06 917.32 3607.7 192.54
3.575 1092.5 3694.9 176.73 1024 3644.3 181.42 911 3606.7 193.41
3.5833 1087 3696.2 177.68 1017.8 3645.3 182.74 904.74 3605.7 194.24
3.5917 1081.4 3697.5 178.61 1011.5 3646.2 184.06 898.53 3604.5 195.04
3.6 1075.9 3698.7 179.51 1005.1 3646.8 185.32 892.37 3603.2 195.81
3.6083 1070.2 3699.9 180.38 998.62 3647.3 186.55 886.26 3601.7 196.55
3.6167 1064.6 3701.1 181.22 992.06 3647.6 187.73 880.17 3600.2 197.26
3.625 1059 3702.3 182.04 985.44 3647.8 188.87 874.09 3598.6 197.95
3.6333 1053.3 3703.4 182.83 978.75 3647.7 189.96 868 3596.8 198.62
3.6417 1047.6 3704.5 183.61 972 3647.5 191 861.87 3595.1 199.27
3.65 1041.9 3705.5 184.38 965.21 3647.1 192 855.69 3593.2 199.91
3.6583 1036.2 3706.4 185.14 958.38 3646.6 192.96 849.45 3591.3 200.54
3.6667 1030.5 3707.2 185.89 951.52 3645.9 193.87 843.15 3589.4 201.14
3.675 1024.8 3707.9 186.63 944.64 3645 194.74 836.77 3587.4 201.73
3.6833 1019 3708.5 187.36 937.75 3644 195.56 830.33 3585.3 202.3
3.6917 1013.3 3709.1 188.07 930.83 3642.8 196.35 823.84 3583.3 202.85
3.7 1007.5 3709.5 188.75 923.9 3641.5 197.09 817.31 3581.1 203.38
3.7083 1001.6 3709.8 189.41 916.94 3640.1 197.79 810.75 3578.9 203.87
3.7167 995.68 3710 190.03 909.96 3638.6 198.45 804.18 3576.7 204.34
3.725 989.63 3710 190.61 902.95 3637 199.08 797.61 3574.4 204.78
3.7333 983.47 3710 191.15 895.91 3635.3 199.67 791.04 3572.1 205.19
3.7417 977.2 3709.8 191.65 888.82 3633.4 200.23 784.47 3569.7 205.56
3.75 970.8 3709.5 192.11 881.69 3631.5 200.76 777.89 3567.3 205.9
3.7583 964.28 3709 192.53 874.51 3629.5 201.26 771.31 3564.8 206.22
3.7667 957.65 3708.3 192.91 867.29 3627.4 201.75 764.69 3562.2 206.5
3.775 950.9 3707.5 193.25 860.01 3625.1 202.22 758.05 3559.6 206.75
3.7833 944.06 3706.6 193.57 852.68 3622.8 202.67 751.36 3556.9 206.98
3.7917 937.12 3705.4 193.87 845.29 3620.4 203.11 744.61 3554.2 207.18
3.8 930.08 3704 194.14 837.84 3617.8 203.55 737.8 3551.4 207.37
3.8083 922.97 3702.5 194.4 830.33 3615.2 203.97 730.93 3548.6 207.54
3.8167 915.76 3700.7 194.65 822.75 3612.4 204.39 723.99 3545.7 207.7
3.825 908.46 3698.8 194.9 815.16 3609.6 204.81 716.56 3543.1 207.26
3.8333 901.06 3696.6 195.16 807.4 3606.6 205.21 709.53 3540.1 207.43
3.8417 893.55 3694.2 195.42 799.55 3603.5 205.61 702.45 3536.9 207.61
3.85 885.89 3691.5 195.69 791.58 3600.2 206 695.32 3533.6 207.79
3.8583 878.09 3688.6 195.97 783.48 3596.8 206.39 688.13 3530.2 207.99
3.8667 870.11 3685.5 196.25 775.25 3593.2 206.78 680.87 3526.7 208.21
3.875 861.95 3682.1 196.54 766.87 3589.4 207.16 673.53 3523.1 208.43
3.8833 853.58 3678.4 196.82 758.35 3585.4 207.55 666.09 3519.4 208.65
3.8917 845 3674.5 197.1 749.68 3581.2 207.93 658.53 3515.5 208.87
3.9 836.21 3670.3 197.37 740.87 3576.8 208.31 650.83 3511.6 209.07
3.9083 827.24 3665.9 197.62 731.94 3572.2 208.68 642.97 3507.5 209.25
3.9167 818.09 3661.2 197.86 722.9 3567.4 209.05 634.94 3503.3 209.41
3.925 808.81 3656.3 198.09 713.78 3562.5 209.4 626.74 3499 209.54
3.9333 799.43 3651.2 198.33 704.61 3557.4 209.73 618.38 3494.6 209.63
3.9417 789.99 3645.9 198.57 695.41 3552.2 210.04 609.86 3490.2 209.68
3.95 780.53 3640.5 198.84 686.23 3546.9 210.31 601.23 3485.7 209.71
3.9583 771.08 3635 199.15 677.08 3541.7 210.54 592.51 3481.1 209.71
3.9667 761.68 3629.3 199.49 667.99 3536.4 210.72 583.74 3476.6 209.7
3.975 752.36 3623.6 199.89 658.99 3531.2 210.86 574.98 3472 209.69
3.9833 743.14 3617.9 200.33 650.09 3526 210.94 566.27 3467.5 209.67
3.9917 734.04 3612.3 200.82 641.3 3520.8 210.97 557.65 3463.1 209.67
4 725.09 3606.7 201.34 632.62 3515.8 210.95 549.15 3458.8 209.68
4.0083 716.28 3601.2 201.89 624.06 3510.9 210.89 540.79 3454.5 209.71
4.0167 707.61 3595.8 202.45 615.63 3506 210.79 532.59 3450.4 209.75
4.025 699.06 3590.7 203.02 607.3 3501.3 210.66 524.55 3446.4 209.8
4.0333 690.61 3585.7 203.59 599.09 3496.6 210.51 516.66 3442.5 209.86
4.0417 682.24 3580.8 204.17 590.99 3492.1 210.36 508.9 3438.8 209.9
4.05 673.9 3576 204.74 582.99 3487.6 210.19 501.26 3435.2 209.92
4.0583 665.6 3571.4 205.3 575.09 3483.2 210.03 493.71 3431.7 209.92
4.0667 657.3 3566.7 205.84 567.29 3479 209.87 486.23 3428.3 209.89
