0.0083333 -5.6936 1.8488 95.61 -30.544 100.57 86.85 -11.16 222.09 84.626
0.016667 -5.1579 8.2064 95.67 -29.546 108.53 86.848 -9.7002 229.73 84.574
0.025 -4.61 14.726 95.744 -28.463 116.67 86.84 -8.1625 237.42 84.517
0.033333 -4.0497 21.421 95.825 -27.296 124.99 86.82 -6.5445 245.19 84.456
0.041667 -3.4799 28.307 95.905 -26.046 133.5 86.783 -4.8461 253.05 84.39
0.05 -2.906 35.402 95.975 -24.715 142.16 86.725 -3.0689 260.99 84.322
0.058333 -2.3355 42.718 96.026 -23.309 151 86.639 -1.2177 269.05 84.253
0.066667 -1.7738 50.271 96.055 -21.832 159.99 86.525 0.70161 277.23 84.186
0.075 -1.2234 58.074 96.057 -20.289 169.12 86.381 2.6812 285.55 84.123
0.083333 -0.68478 66.127 96.031 -18.69 178.39 86.203 4.7127 294.02 84.066
0.091667 -0.14846 74.44 95.978 -17.038 187.79 85.994 6.7876 302.65 84.017
0.1 0.39822 83.009 95.902 -15.339 197.3 85.756 8.8976 311.43 83.977
0.10833 0.96873 91.82 95.806 -13.605 206.94 85.486 11.034 320.37 83.944
0.11667 1.5835 100.87 95.698 -11.839 216.67 85.193 13.19 329.46 83.918
0.125 2.2584 110.13 95.581 -10.052 226.47 84.879 15.358 338.67 83.895
0.13333 3.0073 119.59 95.462 -8.2531 236.33 84.55 17.529 347.98 83.873
0.14167 3.84 129.22 95.344 -6.4521 246.21 84.214 19.694 357.36 83.847
0.15 4.7613 139 95.233 -4.6611 256.1 83.878 21.844 366.77 83.814
0.15833 5.7711 148.89 95.129 -2.8922 265.94 83.553 23.967 376.17 83.772
0.16667 6.8653 158.86 95.033 -1.1587 275.7 83.248 26.049 385.52 83.718
0.175 8.0359 168.89 94.946 0.52532 285.36 82.976 28.074 394.78 83.651
0.18333 9.272 178.94 94.866 2.1477 294.87 82.748 30.027 403.9 83.574
0.19167 10.559 188.97 94.791 3.6952 304.21 82.573 31.89 412.87 83.487
0.2 11.878 198.98 94.719 5.157 313.36 82.462 33.646 421.65 83.394
0.20833 13.209 208.93 94.645 6.5237 322.31 82.42 35.279 430.25 83.301
0.21667 14.531 218.82 94.567 7.7887 331.05 82.452 36.777 438.66 83.211
0.225 15.827 228.63 94.484 8.9478 339.59 82.557 38.13 446.9 83.13
0.23333 17.088 238.36 94.394 10 347.95 82.732 39.33 454.97 83.063
0.24167 18.317 248.03 94.294 10.948 356.15 82.97 40.376 462.92 83.013
0.25 19.521 257.65 94.186 11.797 364.2 83.266 41.269 470.76 82.984
0.25833 20.719 267.22 94.071 12.554 372.15 83.609 42.013 478.54 82.978
0.26667 21.923 276.75 93.952 13.231 380 83.993 42.616 486.27 82.995
0.275 23.148 286.26 93.829 13.836 387.79 84.406 43.086 494 83.036
0.28333 24.399 295.74 93.707 14.381 395.54 84.843 43.432 501.74 83.1
0.29167 25.672 305.17 93.59 14.877 403.27 85.295 43.663 509.51 83.183
0.3 26.948 314.56 93.481 15.337 410.97 85.769 43.789 517.33 83.286
0.30833 28.211 323.87 93.378 15.765 418.66 86.254 43.814 525.18 83.405
0.31667 29.43 333.11 93.283 16.17 426.36 86.754 43.745 533.08 83.539
0.325 30.569 342.25 93.193 16.555 434.06 87.267 43.584 541.02 83.686
0.33333 31.597 351.29 93.105 16.923 441.78 87.796 43.335 548.99 83.844
0.34167 32.486 360.22 93.019 17.274 449.51 88.338 43 556.97 84.014
0.35 33.211 369.05 92.929 17.606 457.26 88.89 42.582 564.96 84.193
0.35833 33.767 377.79 92.836 17.916 465.04 89.451 42.084 572.96 84.382
0.36667 34.157 386.46 92.739 18.199 472.86 90.015 41.515 580.96 84.579
0.375 34.397 395.08 92.636 18.449 480.72 90.574 40.88 588.95 84.783
0.38333 34.517 403.67 92.53 18.661 488.63 91.12 40.191 596.94 84.993
0.39167 34.551 412.25 92.42 18.83 496.59 91.646 39.458 604.93 85.205
0.4 34.539 420.84 92.308 18.953 504.6 92.142 38.696 612.93 85.418
0.40833 34.517 429.44 92.194 19.027 512.68 92.604 37.916 620.95 85.629
0.41667 34.516 438.07 92.078 19.053 520.81 93.025 37.131 628.99 85.834
0.425 34.557 446.73 91.96 19.033 529 93.403 36.352 637.06 86.031
0.43333 34.651 455.41 91.84 18.97 537.26 93.74 35.586 645.16 86.217
0.44167 34.795 464.1 91.716 18.868 545.57 94.037 34.838 653.29 86.39
0.45 34.977 472.8 91.588 18.73 553.96 94.298 34.111 661.46 86.55
0.45833 35.175 481.51 91.454 18.559 562.41 94.527 33.404 669.66 86.696
0.46667 35.364 490.21 91.314 18.358 570.94 94.729 32.712 677.89 86.829
0.475 35.521 498.91 91.171 18.126 579.55 94.908 32.033 686.16 86.951
0.48333 35.621 507.62 91.025 17.863 588.24 95.065 31.359 694.46 87.063
0.49167 35.648 516.33 90.878 17.569 597.03 95.202 30.686 702.78 87.166
0.5 35.595 525.06 90.733 17.24 605.92 95.318 30.01 711.13 87.262
0.50833 35.459 533.83 90.59 16.874 614.91 95.412 29.328 719.52 87.352
0.51667 35.251 542.66 90.448 16.469 624.03 95.479 28.639 727.93 87.436
0.525 34.976 551.58 90.304 16.021 633.26 95.518 27.943 736.38 87.513
0.53333 34.661 560.63 90.151 15.528 642.63 95.523 27.241 744.86 87.582
0.54167 34.318 569.83 89.982 14.99 652.12 95.495 26.534 753.38 87.643
0.55 33.965 579.22 89.792 14.408 661.74 95.431 25.821 761.93 87.694
0.55833 33.618 588.8 89.578 13.781 671.49 95.334 25.1 770.52 87.733
0.56667 33.282 598.58 89.339 13.114 681.35 95.207 24.367 779.13 87.762
0.575 32.962 608.53 89.081 12.408 691.33 95.056 23.613 787.79 87.779
0.58333 32.643 618.62 88.809 11.665 701.42 94.89 22.829 796.47 87.787
0.59167 32.312 628.85 88.528 10.886 711.62 94.716 22 805.19 87.786
0.6 31.95 639.18 88.245 10.072 721.91 94.545 21.114 813.94 87.781
0.60833 31.536 649.63 87.965 9.2195 732.31 94.385 20.155 822.75 87.773
0.61667 31.052 660.19 87.688 8.3275 742.81 94.245 19.11 831.6 87.766
0.625 30.484 670.9 87.418 7.3878 753.4 94.13 17.971 840.53 87.762
0.63333 29.822 681.78 87.159 6.3985 764.09 94.043 16.729 849.55 87.763
0.64167 29.064 692.9 86.91 5.3508 774.88 93.986 15.383 858.67 87.77
0.65 28.221 704.28 86.674 4.2399 785.77 93.956 13.938 867.91 87.783
0.65833 27.307 715.96 86.456 3.0622 796.74 93.95 12.401 877.28 87.8
0.66667 26.352 727.98 86.26 1.8156 807.81 93.962 10.786 886.81 87.819
0.675 25.381 740.33 86.094 0.50217 818.98 93.986 9.1067 896.49 87.838
0.68333 24.427 752.99 85.968 -0.87384 830.23 94.016 7.3818 906.32 87.852
0.69167 23.51 765.94 85.893 -2.3028 841.56 94.044 5.6285 916.3 87.86
0.7 22.645 779.12 85.876 -3.772 852.97 94.064 3.8632 926.41 87.86
0.70833 21.839 792.46 85.926 -5.2664 864.45 94.071 2.0998 936.64 87.85
0.71667 21.08 805.89 86.044 -6.7663 875.99 94.06 0.34946 946.96 87.832
0.725 20.357 819.34 86.232 -8.2525 887.58 94.029 -1.3799 957.34 87.807
0.73333 19.647 832.73 86.483 -9.7042 899.21 93.976 -3.0829 967.76 87.779
0.74167 18.928 845.99 86.787 -11.1 910.86 93.9 -4.7564 978.18 87.752
0.75 18.18 859.07 87.133 -12.42 922.51 93.8 -6.3975 988.59 87.731
0.75833 17.39 871.9 87.508 -13.646 934.14 93.679 -8.003 998.96 87.721
0.76667 16.551 884.46 87.896 -14.763 945.74 93.536 -9.5678 1009.3 87.726
0.775 15.661 896.72 88.284 -15.758 957.26 93.373 -11.084 1019.6 87.749
0.78333 14.724 908.68 88.662 -16.623 968.7 93.192 -12.54 1029.8 87.792
0.79167 13.743 920.36 89.023 -17.355 980.01 92.995 -13.921 1040 87.854
0.8 12.722 931.8 89.366 -17.956 991.18 92.782 -15.208 1050.2 87.933
0.80833 11.667 943.06 89.695 -18.43 1002.2 92.558 -16.382 1060.4 88.025
0.81667 10.582 954.2 90.014 -18.787 1013 92.32 -17.422 1070.6 88.124
0.825 9.4871 965.26 90.328 -19.04 1023.6 92.074 -18.308 1080.9 88.223
0.83333 8.4029 976.29 90.641 -19.203 1034 91.822 -19.023 1091.1 88.314
0.84167 7.3529 987.29 90.956 -19.291 1044.3 91.566 -19.552 1101.5 88.391
0.85 6.3624 998.29 91.276 -19.319 1054.4 91.307 -19.889 1111.9 88.447
0.85833 5.4536 1009.3 91.602 -19.3 1064.3 91.048 -20.032 1122.4 88.477
0.86667 4.6474 1020.2 91.937 -19.244 1074.2 90.791 -19.987 1132.9 88.478
0.875 3.9595 1031.1 92.283 -19.16 1083.9 90.535 -19.763 1143.5 88.448
0.88333 3.4036 1041.9 92.641 -19.052 1093.6 90.282 -19.379 1154.2 88.387
0.89167 2.9847 1052.7 93.008 -18.923 1103.4 90.03 -18.853 1164.8 88.3
0.9 2.7018 1063.4 93.384 -18.771 1113.1 89.778 -18.209 1175.5 88.189
0.90833 2.5495 1073.9 93.766 -18.594 1122.9 89.525 -17.469 1186.2 88.062
0.91667 2.5113 1084.4 94.151 -18.388 1132.8 89.269 -16.656 1196.8 87.923
0.925 2.5734 1094.9 94.537 -18.151 1142.7 89.009 -15.788 1207.4 87.78
0.93333 2.718 1105.3 94.919 -17.877 1152.7 88.743 -14.882 1218 87.638
0.94167 2.9249 1115.7 95.295 -17.564 1162.8 88.473 -13.949 1228.5 87.503
0.95 3.1759 1126.1 95.665 -17.211 1173.1 88.199 -12.995 1238.9 87.379
0.95833 3.4531 1136.5 96.026 -16.817 1183.3 87.924 -12.023 1249.3 87.267
0.96667 3.7441 1146.9 96.379 -16.384 1193.7 87.653 -11.031 1259.7 87.169
0.975 4.0392 1157.4 96.724 -15.914 1204.2 87.39 -10.014 1270 87.083
0.98333 4.3338 1167.8 97.061 -15.412 1214.7 87.142 -8.9656 1280.2 87.007
0.99167 4.6284 1178.3 97.392 -14.882 1225.3 86.913 -7.8781 1290.5 86.936
1 4.9267 1188.8 97.714 -14.329 1236 86.708 -6.7433 1300.7 86.866
1.0083 5.2327 1199.3 98.028 -13.757 1246.7 86.532 -5.5544 1310.9 86.792
1.0167 5.5595 1209.8 98.328 -13.168 1257.6 86.388 -4.3057 1321 86.709
1.025 5.9135 1220.3 98.61 -12.564 1268.6 86.276 -2.9938 1331.2 86.612
1.0333 6.3052 1230.8 98.867 -11.943 1279.6 86.196 -1.6173 1341.4 86.501
1.0417 6.7471 1241.4 99.092 -11.302 1290.8 86.147 -0.17729 1351.6 86.373
1.05 7.248 1252 99.277 -10.638 1302 86.127 1.3235 1361.9 86.231
1.0583 7.8181 1262.7 99.417 -9.9437 1313.4 86.132 2.8803 1372.1 86.077
1.0667 8.4654 1273.6 99.508 -9.2117 1324.9 86.158 4.4877 1382.4 85.915
1.075 9.1976 1284.6 99.552 -8.435 1336.4 86.203 6.1393 1392.7 85.753
1.0833 10.02 1295.8 99.553 -7.6056 1348 86.262 7.8293 1403 85.595
1.0917 10.936 1307.2 99.521 -6.7166 1359.7 86.333 9.5524 1413.4 85.449
1.1 11.941 1318.7 99.468 -5.7614 1371.5 86.414 11.305 1423.8 85.319
1.1083 13.023 1330.5 99.406 -4.734 1383.3 86.5 13.085 1434.3 85.208
1.1167 14.157 1342.5 99.347 -3.6307 1395.2 86.589 14.893 1444.8 85.118
1.125 15.312 1354.6 99.297 -2.4467 1407.1 86.679 16.731 1455.3 85.047
1.1333 16.462 1366.8 99.257 -1.1796 1419.1 86.764 18.602 1465.9 84.993
1.1417 17.589 1379 99.226 0.17329 1431.1 86.839 20.512 1476.6 84.949
1.15 18.687 1391.3 99.205 1.6167 1443.2 86.902 22.467 1487.3 84.909
1.1583 19.76 1403.6 99.187 3.151 1455.4 86.945 24.472 1498 84.868
1.1667 20.817 1415.9 99.169 4.7791 1467.7 86.961 26.532 1508.8 84.82
1.175 21.865 1428.3 99.146 6.5029 1480 86.946 28.652 1519.7 84.76
1.1833 22.91 1440.7 99.116 8.3241 1492.5 86.895 30.831 1530.6 84.685
1.1917 23.958 1453.3 99.075 10.242 1505 86.805 33.071 1541.5 84.597
1.2 25.016 1466 99.018 12.254 1517.7 86.676 35.369 1552.6 84.496
1.2083 26.089 1479 98.943 14.354 1530.4 86.506 37.721 1563.6 84.387
1.2167 27.186 1492.2 98.842 16.534 1543.1 86.303 40.121 1574.8 84.274
1.225 28.313 1505.6 98.71 18.78 1555.9 86.067 42.562 1586 84.162
1.2333 29.471 1519.3 98.536 21.075 1568.7 85.811 45.04 1597.2 84.054
1.2417 30.661 1533.1 98.313 23.401 1581.5 85.545 47.546 1608.5 83.952
1.25 31.879 1547 98.038 25.729 1594.3 85.272 50.077 1619.9 83.855
1.2583 33.124 1560.9 97.708 28.038 1607.1 85.011 52.625 1631.4 83.758
1.2667 34.4 1574.8 97.325 30.298 1619.7 84.767 55.188 1642.9 83.655
1.275 35.717 1588.6 96.895 32.484 1632.3 84.551 57.76 1654.4 83.537
1.2833 37.095 1602.1 96.427 34.573 1644.9 84.368 60.335 1666 83.395
1.2917 38.552 1615.5 95.932 36.544 1657.3 84.224 62.907 1677.6 83.22
1.3 40.104 1628.6 95.42 38.382 1669.6 84.122 65.466 1689.3 83.004
1.3083 41.76 1641.5 94.901 40.078 1681.8 84.063 68.001 1700.9 82.745
1.3167 43.52 1654.1 94.389 41.627 1693.9 84.046 70.496 1712.6 82.441
1.325 45.378 1666.4 93.892 43.034 1705.9 84.069 72.935 1724.2 82.098
1.3333 47.326 1678.6 93.417 44.307 1717.8 84.127 75.297 1735.8 81.724
1.3417 49.359 1690.5 92.968 45.459 1729.5 84.216 77.564 1747.4 81.33
1.35 51.471 1702.4 92.543 46.506 1741 84.33 79.712 1758.9 80.931
1.3583 53.652 1714.1 92.141 47.468 1752.4 84.463 81.724 1770.4 80.543
1.3667 55.888 1725.8 91.76 48.364 1763.6 84.611 83.582 1781.9 80.178
1.375 58.158 1737.5 91.394 49.213 1774.7 84.765 85.274 1793.3 79.85
1.3833 60.437 1749.1 91.042 50.034 1785.6 84.929 86.794 1804.8 79.566
1.3917 62.7 1760.8 90.698 50.839 1796.4 85.092 88.138 1816.3 79.332
1.4 64.919 1772.4 90.361 51.641 1807.1 85.259 89.309 1827.7 79.147
1.4083 67.074 1783.9 90.026 52.447 1817.8 85.425 90.317 1839.2 79.008
1.4167 69.142 1795.4 89.691 53.262 1828.4 85.593 91.173 1850.7 78.907
1.425 71.109 1806.8 89.354 54.086 1838.9 85.763 91.891 1862.3 78.836
1.4333 72.964 1818.1 89.014 54.917 1849.5 85.936 92.488 1873.9 78.786
1.4417 74.703 1829.3 88.671 55.751 1860.1 86.113 92.979 1885.5 78.747
1.45 76.329 1840.4 88.325 56.582 1870.7 86.294 93.38 1897.2 78.714
1.4583 77.847 1851.5 87.976 57.405 1881.4 86.479 93.705 1908.9 78.684
1.4667 79.274 1862.4 87.626 58.214 1892.1 86.665 93.964 1920.7 78.655
1.475 80.622 1873.4 87.273 59.003 1902.8 86.85 94.167 1932.4 78.63
1.4833 81.91 1884.3 86.919 59.77 1913.6 87.031 94.322 1944.2 78.615
1.4917 83.153 1895.2 86.561 60.512 1924.5 87.204 94.435 1956 78.615
1.5 84.366 1906.1 86.198 61.23 1935.4 87.365 94.514 1967.8 78.637
1.5083 85.559 1917.1 85.827 61.924 1946.3 87.509 94.565 1979.6 78.684
1.5167 86.735 1928.1 85.445 62.596 1957.3 87.633 94.596 1991.4 78.76
1.525 87.896 1939.1 85.052 63.252 1968.4 87.734 94.615 2003.1 78.864
1.5333 89.038 1950.1 84.646 63.895 1979.5 87.812 94.633 2014.9 78.992
1.5417 90.157 1961.1 84.231 64.53 1990.7 87.865 94.658 2026.6 79.138
1.55 91.243 1972.2 83.811 65.163 2001.9 87.897 94.7 2038.3 79.294
1.5583 92.291 1983.3 83.398 65.799 2013.3 87.908 94.768 2049.9 79.451
1.5667 93.291 1994.4 83.002 66.44 2024.8 87.904 94.867 2061.6 79.6
1.575 94.244 2005.6 82.638 67.09 2036.3 87.888 95.002 2073.2 79.733
1.5833 95.146 2016.8 82.319 67.75 2048 87.865 95.174 2084.9 79.846
1.5917 95.999 2028 82.055 68.418 2059.8 87.838 95.379 2096.5 79.936
1.6 96.81 2039.3 81.855 69.094 2071.7 87.812 95.614 2108.1 80.005
1.6083 97.587 2050.7 81.719 69.773 2083.7 87.788 95.87 2119.8 80.058
1.6167 98.334 2062.2 81.64 70.453 2095.7 87.769 96.138 2131.5 80.1
1.625 99.055 2073.8 81.603 71.128 2107.9 87.756 96.408 2143.2 80.14
1.6333 99.765 2085.7 81.591 71.792 2120.1 87.749 96.669 2154.9 80.186
1.6417 100.47 2097.7 81.587 72.44 2132.4 87.747 96.912 2166.7 80.243
1.65 101.17 2109.9 81.576 73.067 2144.8 87.751 97.128 2178.5 80.316
1.6583 101.87 2122.3 81.551 73.669 2157.3 87.76 97.311 2190.3 80.406
1.6667 102.55 2134.8 81.512 74.242 2169.8 87.776 97.457 2202.1 80.51
1.675 103.21 2147.4 81.462 74.785 2182.4 87.799 97.563 2214 80.622
1.6833 103.81 2160 81.402 75.296 2195.1 87.831 97.627 2225.9 80.737
1.6917 104.37 2172.7 81.336 75.773 2208 87.876 97.65 2237.9 80.844
1.7 104.87 2185.4 81.265 76.215 2220.9 87.935 97.635 2249.9 80.935
1.7083 105.33 2198.2 81.188 76.624 2233.8 88.013 97.583 2261.9 81.001
1.7167 105.75 2211 81.107 76.993 2246.9 88.11 97.497 2273.9 81.037
1.725 106.14 2224.1 81.025 77.324 2260 88.228 97.382 2286 81.04
1.7333 106.52 2237.3 80.943 77.61 2273.2 88.366 97.242 2298.2 81.01
1.7417 106.91 2250.9 80.864 77.85 2286.5 88.521 97.08 2310.4 80.949
1.75 107.33 2264.7 80.795 78.041 2299.8 88.69 96.903 2322.6 80.864
1.7583 107.78 2278.8 80.743 78.183 2313.1 88.867 96.715 2334.9 80.761
1.7667 108.26 2293.2 80.721 78.278 2326.4 89.046 96.524 2347.3 80.648
1.775 108.77 2307.9 80.741 78.331 2339.7 89.219 96.335 2359.7 80.534
1.7833 109.3 2322.7 80.816 78.352 2353 89.38 96.156 2372.2 80.423
1.7917 109.84 2337.6 80.954 78.354 2366.3 89.521 95.992 2384.7 80.321
1.8 110.36 2352.5 81.163 78.355 2379.6 89.639 95.85 2397.3 80.231
1.8083 110.85 2367.3 81.444 78.374 2393 89.729 95.734 2410 80.152
1.8167 111.3 2381.9 81.795 78.434 2406.3 89.788 95.648 2422.6 80.084
1.825 111.69 2396.4 82.204 78.557 2419.6 89.815 95.595 2435.2 80.025
1.8333 112.02 2410.6 82.657 78.764 2432.9 89.812 95.576 2447.8 79.975
1.8417 112.3 2424.4 83.137 79.072 2446.2 89.779 95.595 2460.4 79.931
1.85 112.54 2437.9 83.62 79.493 2459.4 89.721 95.652 2473 79.895
1.8583 112.74 2451.1 84.083 80.035 2472.6 89.639 95.752 2485.5 79.868
1.8667 112.93 2464 84.509 80.699 2485.8 89.537 95.901 2498 79.852
1.875 113.11 2476.5 84.888 81.478 2498.8 89.419 96.106 2510.4 79.85
1.8833 113.28 2488.9 85.217 82.363 2511.6 89.285 96.378 2522.8 79.866
1.8917 113.45 2501.1 85.498 83.338 2524.4 89.139 96.73 2535.2 79.902
1.9 113.62 2513.2 85.735 84.387 2536.9 88.98 97.177 2547.5 79.958
1.9083 113.8 2525.2 85.936 85.492 2549.3 88.809 97.737 2559.9 80.035
1.9167 114 2537.1 86.112 86.637 2561.5 88.625 98.424 2572.3 80.127
1.925 114.23 2549 86.274 87.809 2573.5 88.425 99.255 2584.8 80.229
1.9333 114.49 2560.9 86.436 88.998 2585.4 88.209 100.24 2597.3 80.332
1.9417 114.82 2572.8 86.61 90.199 2597.1 87.975 101.39 2609.9 80.427
1.95 115.21 2584.6 86.81 91.412 2608.7 87.722 102.71 2622.6 80.505
1.9583 115.7 2596.4 87.045 92.636 2620.3 87.448 104.19 2635.4 80.557
1.9667 116.28 2608.1 87.319 93.878 2631.8 87.155 105.83 2648.2 80.576
1.975 116.97 2619.7 87.634 95.141 2643.3 86.845 107.61 2661.1 80.559
1.9833 117.76 2631.3 87.988 96.431 2654.8 86.519 109.53 2674 80.507
1.9917 118.64 2642.7 88.375 97.752 2666.3 86.183 111.55 2687 80.422
2 119.6 2654.1 88.786 99.105 2677.9 85.84 113.67 2699.9 80.311
2.0083 120.62 2665.5 89.21 100.49 2689.5 85.497 115.85 2712.8 80.183
2.0167 121.68 2676.7 89.637 101.9 2701.2 85.158 118.08 2725.7 80.045
2.025 122.78 2688 90.057 103.34 2713 84.829 120.36 2738.5 79.907
2.0333 123.88 2699.2 90.463 104.8 2724.8 84.515 122.66 2751.3 79.775
2.0417 124.99 2710.4 90.849 106.27 2736.7 84.221 124.98 2764 79.655
2.05 126.11 2721.6 91.214 107.75 2748.7 83.948 127.31 2776.6 79.547
2.0583 127.24 2732.8 91.558 109.24 2760.8 83.699 129.67 2789.1 79.45
2.0667 128.4 2743.9 91.882 110.73 2772.9 83.474 132.04 2801.5 79.36
2.075 129.61 2755.1 92.193 112.22 2785.1 83.271 134.43 2813.9 79.27
2.0833 130.89 2766.3 92.491 113.71 2797.4 83.088 136.86 2826.2 79.172
2.0917 132.27 2777.5 92.779 115.22 2809.7 82.924 139.31 2838.4 79.058
2.1 133.78 2788.7 93.059 116.74 2822.2 82.775 141.79 2850.6 78.923
2.1083 135.42 2800 93.327 118.29 2834.7 82.64 144.3 2862.7 78.761
2.1167 137.21 2811.4 93.58 119.86 2847.4 82.517 146.84 2874.8 78.573
2.125 139.13 2823 93.815 121.48 2860.1 82.405 149.4 2886.9 78.358
2.1333 141.19 2834.6 94.025 123.14 2872.9 82.306 151.98 2899 78.123
2.1417 143.37 2846.4 94.21 124.86 2885.8 82.22 154.56 2911.1 77.875
2.15 145.64 2858.3 94.369 126.65 2898.7 82.151 157.15 2923.3 77.626
2.1583 147.99 2870.4 94.506 128.5 2911.7 82.101 159.73 2935.4 77.385
2.1667 150.39 2882.7 94.626 130.43 2924.8 82.072 162.32 2947.6 77.164
2.175 152.82 2895.2 94.734 132.44 2938 82.065 164.89 2959.8 76.971
2.1833 155.24 2907.8 94.835 134.53 2951.2 82.08 167.47 2972.1 76.813
2.1917 157.63 2920.6 94.93 136.72 2964.5 82.115 170.05 2984.4 76.694
2.2 159.97 2933.4 95.021 139 2977.9 82.165 172.63 2996.7 76.613
2.2083 162.27 2946.3 95.105 141.37 2991.3 82.225 175.24 3009.1 76.567
2.2167 164.52 2959.2 95.181 143.85 3004.8 82.289 177.86 3021.5 76.552
2.225 166.75 2972.2 95.249 146.42 3018.4 82.346 180.52 3034 76.558
2.2333 168.97 2985.3 95.306 149.1 3032 82.389 183.22 3046.4 76.58
2.2417 171.18 2998.5 95.348 151.87 3045.7 82.409 185.97 3058.9 76.609
2.25 173.4 3011.8 95.373 154.74 3059.4 82.4 188.77 3071.5 76.639
2.2583 175.63 3025.3 95.371 157.7 3073.1 82.356 191.63 3084.1 76.665
2.2667 177.87 3039 95.337 160.73 3086.9 82.275 194.55 3096.7 76.685
2.275 180.11 3053 95.26 163.84 3100.6 82.156 197.52 3109.4 76.698
2.2833 182.35 3067.1 95.13 167 3114.3 82.004 200.55 3122.1 76.705
2.2917 184.58 3081.5 94.936 170.19 3127.9 81.825 203.62 3134.9 76.707
2.3 186.79 3096.1 94.671 173.39 3141.4 81.622 206.72 3147.8 76.707
2.3083 188.99 3110.7 94.326 176.58 3154.8 81.41 209.85 3160.7 76.706
2.3167 191.17 3125.3 93.906 179.72 3168.1 81.192 212.99 3173.7 76.703
2.325 193.32 3139.8 93.415 182.78 3181.3 80.983 216.11 3186.8 76.698
2.3333 195.48 3154.2 92.865 185.75 3194.3 80.788 219.21 3199.8 76.687
2.3417 197.65 3168.3 92.272 188.6 3207.2 80.617 222.24 3212.9 76.667
2.35 199.87 3182.2 91.651 191.3 3220.1 80.476 225.2 3226 76.633
2.3583 202.15 3195.8 91.023 193.85 3232.7 80.367 228.06 3239.1 76.583
2.3667 204.51 3209.1 90.404 196.23 3245.3 80.293 230.8 3252.1 76.513
2.375 206.93 3222.2 89.81 198.44 3257.8 80.255 233.39 3265.1 76.425
2.3833 209.43 3235 89.256 200.49 3270.1 80.251 235.82 3278 76.321
2.3917 212.01 3247.7 88.75 202.4 3282.3 80.279 238.07 3290.8 76.208
2.4 214.66 3260.2 88.295 204.18 3294.5 80.337 240.14 3303.5 76.094
2.4083 217.39 3272.6 87.889 205.86 3306.4 80.419 242.02 3316.2 75.99
2.4167 220.2 3285 87.528 207.46 3318.3 80.523 243.71 3328.9 75.909
2.425 223.07 3297.4 87.206 209.01 3330.1 80.646 245.22 3341.5 75.862
2.4333 225.96 3309.8 86.914 210.53 3341.7 80.784 246.55 3354.1 75.862
2.4417 228.85 3322.1 86.651 212.06 3353.3 80.94 247.73 3366.7 75.916
2.45 231.7 3334.4 86.405 213.59 3364.8 81.108 248.76 3379.3 76.031
2.4583 234.48 3346.7 86.174 215.16 3376.3 81.29 249.66 3391.9 76.208
2.4667 237.16 3359 85.951 216.75 3387.8 81.486 250.47 3404.6 76.443
2.475 239.72 3371.1 85.733 218.37 3399.3 81.695 251.19 3417.3 76.73
2.4833 242.15 3383.1 85.515 220.01 3410.8 81.92 251.85 3430.1 77.057
2.4917 244.45 3395 85.295 221.66 3422.3 82.157 252.47 3442.9 77.411
2.5 246.63 3406.8 85.068 223.32 3433.9 82.412 253.06 3455.7 77.777
2.5083 248.7 3418.6 84.834 224.96 3445.6 82.678 253.65 3468.5 78.142
2.5167 250.69 3430.2 84.589 226.57 3457.3 82.953 254.23 3481.3 78.494
2.525 252.61 3441.8 84.332 228.16 3469 83.236 254.83 3494.1 78.824
2.5333 254.48 3453.3 84.063 229.7 3480.8 83.52 255.45 3506.9 79.127
2.5417 256.32 3464.8 83.781 231.21 3492.7 83.802 256.08 3519.6 79.401
2.55 258.14 3476.3 83.486 232.68 3504.6 84.077 256.73 3532.3 79.649
2.5583 259.94 3487.8 83.176 234.13 3516.5 84.339 257.4 3545 79.875
2.5667 261.72 3499.3 82.852 235.55 3528.5 84.585 258.09 3557.6 80.086
2.575 263.47 3510.8 82.512 236.96 3540.5 84.81 258.79 3570.2 80.288
2.5833 265.18 3522.4 82.158 238.37 3552.5 85.011 259.5 3582.7 80.488
2.5917 266.84 3534 81.792 239.77 3564.6 85.189 260.21 3595.3 80.693
2.6 268.42 3545.7 81.419 241.19 3576.8 85.343 260.94 3607.7 80.905
2.6083 269.93 3557.5 81.045 242.61 3589 85.473 261.68 3620.2 81.126
2.6167 271.35 3569.3 80.682 244.03 3601.4 85.584 262.43 3632.7 81.356
2.625 272.68 3581.3 80.34 245.47 3613.8 85.677 263.19 3645.2 81.591
2.6333 273.92 3593.3 80.032 246.9 3626.4 85.758 263.97 3657.7 81.828
2.6417 275.1 3605.4 79.77 248.32 3639 85.83 264.77 3670.2 82.061
2.65 276.2 3617.6 79.56 249.74 3651.7 85.896 265.59 3682.8 82.284
2.6583 277.26 3630 79.408 251.15 3664.5 85.959 266.45 3695.4 82.493
2.6667 278.27 3642.5 79.309 252.53 3677.4 86.021 267.33 3708.1 82.685
2.675 279.26 3655.1 79.255 253.9 3690.4 86.082 268.23 3720.8 82.857
2.6833 280.22 3668 79.234 255.24 3703.4 86.144 269.16 3733.6 83.009
2.6917 281.17 3681 79.231 256.56 3716.5 86.204 270.1 3746.5 83.143
2.7 282.12 3694.2 79.235 257.85 3729.6 86.264 271.05 3759.4 83.259
2.7083 283.09 3707.6 79.241 259.11 3742.9 86.323 271.99 3772.4 83.36
2.7167 284.07 3721.1 79.247 260.33 3756.2 86.38 272.92 3785.4 83.449
2.725 285.06 3734.6 79.258 261.51 3769.5 86.437 273.83 3798.4 83.529
2.7333 286.04 3748.2 79.256 262.64 3783 86.496 274.71 3811.5 83.6
2.7417 287 3761.8 79.258 263.72 3796.6 86.558 275.56 3824.5 83.664
2.75 287.95 3775.5 79.245 264.73 3810.3 86.627 276.36 3837.6 83.72
2.7583 288.88 3789.4 79.223 265.67 3824 86.705 277.13 3850.7 83.767
2.7667 289.81 3803.4 79.187 266.52 3837.9 86.794 277.87 3863.7 83.802
2.775 290.73 3817.6 79.138 267.28 3851.9 86.895 278.58 3876.8 83.824
2.7833 291.67 3832.2 79.078 267.94 3866 87.008 279.26 3889.9 83.83
2.7917 292.64 3847 79.013 268.5 3880.1 87.13 279.94 3903.1 83.818
2.8 293.65 3862.1 78.954 268.96 3894.3 87.258 280.61 3916.3 83.788
2.8083 294.72 3877.4 78.915 269.33 3908.5 87.388 281.27 3929.5 83.74
2.8167 295.84 3893 78.908 269.62 3922.7 87.516 281.94 3942.8 83.676
2.825 297 3908.7 78.953 269.85 3937 87.635 282.61 3956.1 83.597
2.8333 298.18 3924.3 79.063 270.02 3951.2 87.741 283.29 3969.5 83.509
2.8417 299.37 3939.9 79.245 270.18 3965.4 87.831 283.95 3982.9 83.416
2.85 300.53 3955.3 79.505 270.33 3979.6 87.902 284.61 3996.3 83.323
2.8583 301.65 3970.4 79.841 270.52 3993.7 87.953 285.25 4009.7 83.236
2.8667 302.71 3985.2 80.245 270.75 4007.8 87.984 285.86 4023.2 83.159
2.875 303.71 3999.6 80.701 271.07 4021.8 87.998 286.45 4036.6 83.098
2.8833 304.64 4013.6 81.188 271.48 4035.8 87.997 287.02 4050.1 83.056
2.8917 305.5 4027.3 81.682 271.99 4049.6 87.984 287.57 4063.5 83.033
2.9 306.29 4040.6 82.161 272.63 4063.2 87.963 288.12 4077 83.031
2.9083 307.02 4053.7 82.611 273.38 4076.8 87.935 288.67 4090.4 83.048
2.9167 307.69 4066.5 83.024 274.24 4090.1 87.903 289.25 4103.9 83.081
2.925 308.29 4079.2 83.399 275.2 4103.2 87.867 289.88 4117.4 83.125
2.9333 308.83 4091.9 83.742 276.24 4116.2 87.827 290.57 4130.9 83.176
2.9417 309.32 4104.5 84.054 277.35 4128.9 87.781 291.36 4144.5 83.225
2.95 309.77 4117.2 84.347 278.5 4141.4 87.727 292.26 4158.1 83.268
2.9583 310.21 4129.8 84.629 279.67 4153.7 87.662 293.28 4171.8 83.298
2.9667 310.64 4142.5 84.909 280.86 4165.8 87.581 294.43 4185.5 83.311
2.975 311.11 4155.1 85.199 282.05 4177.8 87.484 295.71 4199.3 83.302
2.9833 311.62 4167.6 85.507 283.23 4189.8 87.371 297.13 4213.1 83.271
2.9917 312.2 4180.1 85.842 284.4 4201.6 87.24 298.66 4226.9 83.217
3 312.86 4192.4 86.21 285.56 4213.4 87.091 300.29 4240.7 83.143
3.0083 313.6 4204.6 86.615 286.72 4225.2 86.932 302 4254.4 83.052
3.0167 314.42 4216.7 87.056 287.87 4237.1 86.764 303.77 4268.1 82.95
3.025 315.31 4228.7 87.53 289.04 4249 86.59 305.59 4281.8 82.841
3.0333 316.26 4240.6 88.033 290.22 4260.9 86.416 307.43 4295.4 82.73
3.0417 317.23 4252.4 88.558 291.42 4272.9 86.246 309.27 4308.9 82.623
3.05 318.21 4264.2 89.097 292.64 4285 86.083 311.12 4322.4 82.521
3.0583 319.17 4276 89.641 293.89 4297.1 85.931 312.96 4335.7 82.428
3.0667 320.09 4287.8 90.188 295.16 4309.3 85.79 314.79 4349 82.344
3.075 320.98 4299.6 90.725 296.45 4321.6 85.666 316.63 4362.1 82.266
3.0833 321.83 4311.4 91.249 297.76 4333.9 85.558 318.48 4375.2 82.195
3.0917 322.65 4323.2 91.757 299.07 4346.3 85.467 320.34 4388.3 82.126
3.1 323.47 4335 92.246 300.4 4358.8 85.392 322.23 4401.2 82.055
3.1083 324.31 4346.8 92.716 301.73 4371.3 85.333 324.14 4414.1 81.982
3.1167 325.21 4358.6 93.163 303.05 4383.9 85.29 326.09 4426.9 81.903
3.125 326.2 4370.4 93.588 304.38 4396.7 85.261 328.07 4439.7 81.817
3.1333 327.31 4382.1 93.987 305.7 4409.5 85.245 330.08 4452.5 81.724
3.1417 328.56 4393.9 94.36 307.03 4422.4 85.24 332.11 4465.2 81.625
3.15 329.96 4405.8 94.702 308.36 4435.4 85.245 334.15 4478 81.523
3.1583 331.5 4417.7 95.012 309.69 4448.4 85.257 336.19 4490.7 81.42
3.1667 333.17 4429.7 95.287 311.05 4461.6 85.274 338.23 4503.4 81.318
3.175 334.96 4441.9 95.528 312.41 4474.8 85.296 340.25 4516.2 81.22
3.1833 336.83 4454.3 95.738 313.81 4488 85.32 342.26 4528.9 81.126
3.1917 338.76 4466.8 95.922 315.23 4501.3 85.345 344.26 4541.7 81.037
3.2 340.73 4479.5 96.089 316.68 4514.6 85.37 346.26 4554.5 80.953
3.2083 342.72 4492.4 96.246 318.17 4527.9 85.395 348.25 4567.3 80.871
3.2167 344.71 4505.5 96.401 319.7 4541.3 85.419 350.26 4580.1 80.789
3.225 346.68 4518.8 96.557 321.29 4554.8 85.442 352.3 4592.9 80.706
3.2333 348.62 4532.1 96.71 322.92 4568.3 85.463 354.36 4605.7 80.62
3.2417 350.53 4545.6 96.867 324.62 4581.8 85.484 356.46 4618.5 80.53
3.25 352.41 4559 97.015 326.37 4595.5 85.5 358.61 4631.4 80.437
3.2583 354.28 4572.5 97.151 328.2 4609.2 85.509 360.8 4644.1 80.345
3.2667 356.14 4586 97.273 330.1 4623 85.508 363.02 4656.9 80.256
3.275 358 4599.6 97.379 332.08 4637 85.495 365.28 4669.8 80.177
3.2833 359.86 4613.3 97.467 334.15 4651 85.464 367.54 4682.6 80.112
3.2917 361.69 4627 97.535 336.29 4665.1 85.412 369.82 4695.4 80.067
3.3 363.5 4641 97.581 338.52 4679.2 85.337 372.08 4708.3 80.047
3.3083 365.25 4655.1 97.602 340.82 4693.4 85.235 374.33 4721.3 80.055
3.3167 366.93 4669.4 97.597 343.19 4707.6 85.112 376.56 4734.3 80.092
3.325 368.54 4684 97.558 345.62 4721.8 84.964 378.77 4747.5 80.155
3.3333 370.07 4698.7 97.478 348.08 4736 84.801 380.95 4760.6 80.24
3.3417 371.53 4713.6 97.35 350.55 4750.1 84.632 383.12 4773.9 80.341
3.35 372.93 4728.6 97.168 353.02 4764.2 84.462 385.28 4787.2 80.448
3.3583 374.29 4743.6 96.932 355.45 4778.1 84.302 387.43 4800.6 80.553
3.3667 375.62 4758.5 96.644 357.82 4792 84.168 389.58 4814 80.646
3.375 376.96 4773.3 96.309 360.1 4805.8 84.069 391.73 4827.4 80.718
3.3833 378.34 4787.9 95.939 362.26 4819.5 84.017 393.87 4840.9 80.763
3.3917 379.79 4802.2 95.546 364.28 4833 84.019 395.98 4854.4 80.778
3.4 381.31 4816.4 95.142 366.16 4846.5 84.081 398.06 4867.8 80.761
3.4083 382.92 4830.3 94.741 367.88 4859.9 84.206 400.07 4881.2 80.715
3.4167 384.6 4843.9 94.356 369.43 4873.1 84.393 401.98 4894.6 80.647
3.425 386.34 4857.3 93.997 370.82 4886.3 84.636 403.77 4908 80.565
3.4333 388.12 4870.6 93.67 372.06 4899.3 84.93 405.4 4921.3 80.478
3.4417 389.94 4883.7 93.378 373.16 4912.2 85.265 406.86 4934.7 80.398
3.45 391.77 4896.7 93.12 374.14 4924.9 85.626 408.12 4948 80.333
3.4583 393.58 4909.6 92.894 375.01 4937.5 86.011 409.17 4961.2 80.294
3.4667 395.35 4922.4 92.701 375.8 4950 86.41 410 4974.5 80.287
3.475 397.05 4935.1 92.535 376.53 4962.3 86.807 410.62 4987.8 80.316
3.4833 398.65 4947.8 92.394 377.2 4974.6 87.199 411.04 5001.1 80.385
3.4917 400.14 4960.3 92.273 377.84 4986.7 87.584 411.28 5014.4 80.492
3.5 401.51 4972.7 92.168 378.44 4998.8 87.958 411.36 5027.6 80.635
3.5083 402.74 4985.1 92.072 379.02 5010.9 88.323 411.29 5040.9 80.811
3.5167 403.85 4997.3 91.981 379.56 5023 88.68 411.11 5054.2 81.013
3.525 404.84 5009.4 91.889 380.06 5035.1 89.031 410.84 5067.4 81.235
3.5333 405.72 5021.4 91.791 380.52 5047.2 89.377 410.48 5080.6 81.472
3.5417 406.49 5033.3 91.682 380.93 5059.4 89.722 410.06 5093.8 81.717
3.55 407.17 5045.2 91.561 381.29 5071.6 90.063 409.58 5107 81.966
3.5583 407.78 5057 91.423 381.58 5083.8 90.401 409.04 5120.2 82.216
3.5667 408.32 5068.9 91.271 381.81 5096.1 90.733 408.46 5133.3 82.466
3.575 408.8 5080.7 91.103 381.98 5108.4 91.054 407.83 5146.3 82.714
3.5833 409.24 5092.5 90.921 382.08 5120.7 91.361 407.15 5159.4 82.962
3.5917 409.64 5104.3 90.726 382.13 5133 91.649 406.43 5172.4 83.208
3.6 410 5116.2 90.519 382.13 5145.4 91.915 405.68 5185.3 83.455
3.6083 410.33 5128 90.3 382.09 5157.8 92.154 404.89 5198.3 83.702
3.6167 410.64 5140 90.07 382.01 5170.2 92.366 404.07 5211.2 83.948
3.625 410.93 5151.9 89.83 381.9 5182.7 92.549 403.25 5224 84.192
3.6333 411.2 5163.9 89.581 381.76 5195.2 92.705 402.43 5236.8 84.43
3.6417 411.47 5175.9 89.327 381.59 5207.8 92.837 401.62 5249.6 84.658
3.65 411.72 5188 89.074 381.4 5220.4 92.946 400.83 5262.3 84.87
3.6583 411.95 5200.1 88.828 381.17 5233.2 93.037 400.07 5275.1 85.062
3.6667 412.18 5212.3 88.597 380.92 5246 93.112 399.33 5287.7 85.227
3.675 412.37 5224.5 88.39 380.63 5258.9 93.173 398.63 5300.4 85.361
3.6833 412.54 5236.8 88.211 380.3 5272 93.222 397.96 5313.1 85.463
3.6917 412.65 5249.1 88.065 379.94 5285 93.26 397.3 5325.8 85.532
3.7 412.73 5261.5 87.95 379.53 5298.2 93.286 396.65 5338.4 85.569
3.7083 412.73 5274 87.858 379.08 5311.3 93.3 395.99 5351.1 85.578
3.7167 412.68 5286.7 87.778 378.58 5324.5 93.301 395.31 5363.8 85.567
3.725 412.57 5299.6 87.7 378.03 5337.8 93.287 394.6 5376.5 85.542
3.7333 412.4 5312.7 87.612 377.44 5351 93.262 393.84 5389.2 85.511
3.7417 412.16 5326 87.509 376.79 5364.3 93.225 393.04 5402 85.483
3.75 411.87 5339.4 87.394 376.08 5377.6 93.181 392.17 5414.8 85.462
3.7583 411.51 5353 87.269 375.3 5391 93.134 391.25 5427.6 85.453
3.7667 411.05 5366.6 87.137 374.46 5404.4 93.089 390.26 5440.4 85.457
3.775 410.5 5380.4 87.001 373.53 5417.9 93.053 389.21 5453.3 85.473
3.7833 409.84 5394.3 86.86 372.53 5431.4 93.032 388.11 5466.2 85.496
3.7917 409.07 5408.3 86.711 371.43 5445.1 93.031 386.95 5479.1 85.519
3.8 408.2 5422.4 86.558 370.23 5458.8 93.054 385.74 5492.1 85.534
3.8083 407.23 5436.8 86.402 368.94 5472.6 93.103 384.49 5505.2 85.532
3.8167 406.17 5451.4 86.246 367.54 5486.4 93.176 383.2 5518.3 85.506
3.825 405.04 5466.2 86.097 366.05 5500.3 93.273 381.86 5531.5 85.45
3.8333 403.85 5481.4 85.966 364.47 5514.2 93.388 380.48 5544.7 85.359
3.8417 402.61 5496.9 85.871 362.82 5528.2 93.515 379.07 5557.9 85.235
3.85 401.31 5512.5 85.822 361.1 5542.1 93.648 377.6 5571.2 85.081
3.8583 399.97 5528.3 85.846 359.35 5556 93.778 376.1 5584.5 84.903
3.8667 398.59 5544.2 85.958 357.59 5569.9 93.898 374.55 5597.9 84.712
3.875 397.15 5560.1 86.167 355.83 5583.8 94.001 372.95 5611.2 84.519
3.8833 395.65 5575.9 86.479 354.11 5597.6 94.081 371.31 5624.5 84.335
3.8917 394.09 5591.5 86.887 352.46 5611.4 94.134 369.64 5637.8 84.172
3.9 392.5 5606.7 87.376 350.89 5625.2 94.158 367.94 5651.1 84.04
3.9083 390.86 5621.7 87.921 349.42 5638.9 94.15 366.21 5664.4 83.943
3.9167 389.22 5636.2 88.495 348.08 5652.6 94.111 364.49 5677.6 83.886
3.925 387.58 5650.4 89.061 346.87 5666.2 94.04 362.78 5690.9 83.868
3.9333 385.97 5664.1 89.594 345.79 5679.8 93.938 361.1 5704.1 83.886
3.9417 384.4 5677.4 90.077 344.84 5693.3 93.807 359.48 5717.3 83.933
3.95 382.89 5690.5 90.5 344.02 5706.7 93.647 357.94 5730.5 84.004
3.9583 381.44 5703.3 90.86 343.3 5720 93.46 356.49 5743.8 84.088
3.9667 380.06 5716 91.159 342.67 5733.1 93.248 355.16 5757.1 84.179
3.975 378.75 5728.5 91.408 342.11 5746.1 93.013 353.96 5770.5 84.267
3.9833 377.53 5741 91.607 341.61 5758.9 92.757 352.92 5783.9 84.346
3.9917 376.4 5753.4 91.784 341.15 5771.5 92.485 352.03 5797.3 84.41
4 375.38 5765.7 91.951 340.7 5784 92.2 351.31 5810.8 84.455
4.0083 374.46 5778 92.125 340.27 5796.3 91.907 350.75 5824.3 84.476
4.0167 373.67 5790.2 92.32 339.85 5808.5 91.613 350.36 5837.8 84.471
4.025 372.99 5802.5 92.548 339.44 5820.6 91.324 350.12 5851.4 84.437
4.0333 372.44 5814.6 92.814 339.04 5832.6 91.045 350.03 5864.9 84.375
4.0417 372.01 5826.7 93.121 338.67 5844.6 90.784 350.06 5878.4 84.283
4.05 371.67 5838.8 93.467 338.33 5856.6 90.546 350.21 5891.9 84.161
4.0583 371.42 5850.8 93.846 338.03 5868.5 90.333 350.46 5905.3 84.011
4.0667 371.22 5862.8 94.25 337.78 5880.5 90.15 350.78 5918.7 83.836
4.075 371.07 5874.7 94.671 337.58 5892.6 89.995 351.16 5932 83.638
4.0833 370.92 5886.7 95.1 337.45 5904.7 89.866 351.6 5945.3 83.423
4.0917 370.76 5898.6 95.532 337.37 5916.9 89.762 352.06 5958.5 83.197
4.1 370.57 5910.4 95.959 337.34 5929.2 89.677 352.55 5971.7 82.966
4.1083 370.34 5922.3 96.38 337.36 5941.5 89.606 353.06 5984.8 82.737
4.1167 370.05 5934.2 96.794 337.41 5953.9 89.546 353.59 5997.8 82.517
4.125 369.72 5946 97.201 337.48 5966.4 89.493 354.13 6010.9 82.313
4.1333 369.36 5957.9 97.602 337.57 5978.9 89.443 354.69 6023.9 82.129
4.1417 368.99 5969.7 97.999 337.65 5991.6 89.397 355.27 6036.9 81.97
4.15 368.64 5981.6 98.391 337.73 6004.3 89.353 355.88 6049.9 81.836
4.1583 368.34 5993.5 98.775 337.81 6017.2 89.314 356.51 6062.8 81.727
4.1667 368.11 6005.5 99.148 337.88 6030.2 89.283 357.18 6075.8 81.641
4.175 367.98 6017.5 99.502 337.94 6043.3 89.26 357.89 6088.8 81.572
4.1833 367.96 6029.7 99.832 338.01 6056.5 89.25 358.64 6101.7 81.516
4.1917 368.07 6041.9 100.13 338.08 6069.8 89.253 359.43 6114.7 81.465
4.2 368.31 6054.4 100.39 338.17 6083.2 89.269 360.26 6127.7 81.415
4.2083 368.66 6066.9 100.61 338.28 6096.7 89.297 361.14 6140.7 81.358
4.2167 369.12 6079.6 100.79 338.43 6110.2 89.335 362.06 6153.8 81.291
4.225 369.67 6092.5 100.94 338.62 6123.9 89.381 363.03 6166.8 81.211
4.2333 370.28 6105.5 101.08 338.86 6137.5 89.428 364.03 6179.9 81.118
4.2417 370.94 6118.7 101.21 339.16 6151.3 89.471 365.08 6193.1 81.013
4.25 371.61 6132.1 101.37 339.52 6165 89.507 366.18 6206.2 80.897
4.2583 372.25 6145.6 101.56 339.96 6178.8 89.533 367.33 6219.5 80.775
4.2667 372.84 6159.2 101.79 340.46 6192.6 89.541 368.53 6232.8 80.651
4.275 373.37 6173 102.08 341.04 6206.5 89.531 369.79 6246.1 80.529
4.2833 373.82 6186.9 102.41 341.69 6220.4 89.502 371.11 6259.5 80.413
4.2917 374.2 6200.8 102.78 342.43 6234.4 89.454 372.49 6272.9 80.305
4.3 374.55 6214.9 103.18 343.25 6248.5 89.388 373.95 6286.5 80.21
4.3083 374.87 6229.1 103.6 344.15 6262.7 89.308 375.48 6300 80.127
4.3167 375.18 6243.4 104.03 345.16 6277 89.217 377.08 6313.7 80.06
4.325 375.52 6257.9 104.45 346.26 6291.4 89.12 378.76 6327.4 80.007
4.3333 375.87 6272.7 104.84 347.47 6305.9 89.021 380.5 6341.2 79.968
4.3417 376.24 6287.7 105.19 348.8 6320.6 88.926 382.31 6355 79.943
4.35 376.61 6302.9 105.5 350.24 6335.4 88.839 384.17 6368.9 79.93
4.3583 376.97 6318.5 105.73 351.8 6350.3 88.764 386.09 6382.9 79.928
4.3667 377.31 6334.2 105.9 353.46 6365.4 88.703 388.06 6396.9 79.933
4.375 377.59 6350.1 105.98 355.23 6380.5 88.66 390.06 6410.9 79.942
4.3833 377.8 6366.2 105.97 357.07 6395.6 88.634 392.1 6425 79.95
4.3917 377.94 6382.2 105.87 358.95 6410.8 88.627 394.16 6439.2 79.954
4.4 378.03 6398.2 105.69 360.86 6426 88.637 396.25 6453.4 79.947
4.4083 378.07 6414.2 105.43 362.75 6441.2 88.664 398.34 6467.6 79.925
4.4167 378.12 6429.9 105.09 364.58 6456.4 88.706 400.43 6481.9 79.883
4.425 378.22 6445.4 104.7 366.31 6471.4 88.763 402.5 6496.2 79.819
4.4333 378.43 6460.6 104.27 367.91 6486.3 88.832 404.55 6510.5 79.73
4.4417 378.79 6475.5 103.81 369.35 6501.1 88.914 406.55 6524.8 79.618
4.45 379.34 6490 103.32 370.6 6515.7 89.009 408.48 6539.1 79.486
4.4583 380.08 6504.3 102.82 371.66 6530 89.116 410.32 6553.4 79.339
4.4667 381 6518.3 102.31 372.52 6544.2 89.237 412.05 6567.7 79.183
4.475 382.09 6532 101.8 373.19 6558.1 89.371 413.63 6582 79.028
4.4833 383.32 6545.5 101.29 373.69 6571.7 89.519 415.05 6596.2 78.881
4.4917 384.68 6558.9 100.78 374.03 6585 89.68 416.3 6610.4 78.751
4.5 386.11 6572.1 100.28 374.25 6598.1 89.851 417.34 6624.5 78.645
4.5083 387.58 6585.2 99.779 374.39 6610.9 90.036 418.19 6638.6 78.567
4.5167 389.03 6598.2 99.294 374.46 6623.5 90.225 418.82 6652.6 78.52
4.525 390.44 6611.2 98.828 374.49 6635.9 90.418 419.26 6666.5 78.506
4.5333 391.76 6624.1 98.386 374.51 6648.2 90.611 419.49 6680.3 78.522
4.5417 392.97 6636.9 97.972 374.52 6660.3 90.801 419.53 6694.1 78.565
4.55 394.05 6649.6 97.587 374.54 6672.3 90.984 419.39 6707.9 78.631
4.5583 395 6662.2 97.232 374.56 6684.3 91.158 419.1 6721.5 78.713
4.5667 395.82 6674.6 96.904 374.58 6696.3 91.324 418.66 6735.1 78.805
4.575 396.52 6686.9 96.6 374.58 6708.3 91.479 418.09 6748.6 78.904
4.5833 397.13 6699 96.315 374.57 6720.3 91.623 417.4 6762.1 79.003
4.5917 397.66 6711.1 96.035 374.53 6732.4 91.761 416.62 6775.4 79.1
4.6 398.14 6723 95.76 374.46 6744.5 91.889 415.74 6788.6 79.193
4.6083 398.58 6734.9 95.482 374.35 6756.7 92.009 414.79 6801.8 79.279
4.6167 399 6746.7 95.195 374.2 6768.8 92.121 413.77 6814.8 79.361
4.625 399.41 6758.6 94.894 374.02 6781.1 92.225 412.69 6827.6 79.436
4.6333 399.81 6770.5 94.578 373.81 6793.3 92.319 411.58 6840.4 79.506
4.6417 400.2 6782.4 94.243 373.58 6805.5 92.402 410.44 6853 79.571
4.65 400.58 6794.4 93.89 373.34 6817.8 92.471 409.29 6865.5 79.631
4.6583 400.94 6806.5 93.516 373.08 6830 92.524 408.13 6878 79.686
4.6667 401.28 6818.7 93.123 372.83 6842.3 92.56 406.99 6890.4 79.737
4.675 401.58 6830.8 92.707 372.57 6854.7 92.578 405.86 6902.7 79.785
4.6833 401.84 6843.1 92.272 372.3 6867 92.576 404.76 6915.1 79.831
4.6917 402.06 6855.4 91.818 372.04 6879.5 92.558 403.7 6927.4 79.877
4.7 402.22 6867.7 91.35 371.76 6892 92.523 402.66 6939.8 79.926
4.7083 402.31 6880 90.872 371.47 6904.6 92.475 401.65 6952.3 79.982
4.7167 402.34 6892.4 90.394 371.16 6917.2 92.418 400.66 6964.8 80.049
