0.0083333 -3.5714 0.25626 100.59 -43.887 98.071 91.647 -13.756 262.46 82.547
0.016667 -2.9309 7.4566 100.54 -42.854 106.5 91.719 -12.219 269.87 82.466
0.025 -2.3091 14.879 100.49 -41.712 115.12 91.758 -10.574 277.31 82.385
0.033333 -1.703 22.543 100.45 -40.455 123.93 91.756 -8.8259 284.81 82.307
0.041667 -1.11 30.464 100.43 -39.078 132.92 91.705 -6.9819 292.42 82.234
0.05 -0.53054 38.653 100.42 -37.581 142.08 91.602 -5.0501 300.18 82.173
0.058333 0.034578 47.111 100.43 -35.963 151.38 91.447 -3.0391 308.12 82.125
0.066667 0.58271 55.83 100.47 -34.228 160.83 91.245 -0.95754 316.28 82.094
0.075 1.1108 64.797 100.53 -32.382 170.39 91.003 1.1862 324.69 82.082
0.083333 1.6169 73.991 100.61 -30.435 180.07 90.73 3.3848 333.33 82.088
0.091667 2.1 83.385 100.7 -28.398 189.84 90.44 5.6316 342.21 82.109
0.1 2.5627 92.946 100.81 -26.289 199.71 90.138 7.9208 351.3 82.144
0.10833 3.0104 102.65 100.91 -24.122 209.65 89.843 10.247 360.55 82.187
0.11667 3.453 112.46 101.01 -21.915 219.67 89.561 12.605 369.91 82.231
0.125 3.9036 122.36 101.09 -19.688 229.73 89.301 14.989 379.32 82.271
0.13333 4.3798 132.32 101.15 -17.462 239.83 89.068 17.393 388.73 82.299
0.14167 4.9007 142.31 101.19 -15.255 249.94 88.867 19.809 398.08 82.311
0.15 5.4865 152.33 101.21 -13.087 260.04 88.7 22.228 407.32 82.301
0.15833 6.1574 162.35 101.2 -10.976 270.08 88.569 24.639 416.42 82.267
0.16667 6.9277 172.35 101.16 -8.9361 280.04 88.473 27.03 425.35 82.209
0.175 7.8054 182.34 101.1 -6.9817 289.88 88.412 29.387 434.11 82.128
0.18333 8.7882 192.3 101.03 -5.1225 299.55 88.387 31.695 442.71 82.027
0.19167 9.8638 202.23 100.93 -3.365 309.02 88.397 33.938 451.16 81.913
0.2 11.013 212.12 100.82 -1.712 318.27 88.442 36.101 459.49 81.792
0.20833 12.211 221.97 100.69 -0.16209 327.28 88.523 38.169 467.73 81.673
0.21667 13.438 231.78 100.55 1.2895 336.04 88.64 40.129 475.9 81.563
0.225 14.679 241.56 100.39 2.6507 344.56 88.792 41.969 484.04 81.47
0.23333 15.928 251.32 100.21 3.9317 352.84 88.978 43.681 492.17 81.4
0.24167 17.189 261.07 100.01 5.1438 360.92 89.195 45.258 500.3 81.359
0.25 18.469 270.81 99.786 6.2985 368.81 89.442 46.7 508.43 81.347
0.25833 19.775 280.55 99.542 7.4062 376.56 89.713 48.005 516.56 81.366
0.26667 21.112 290.3 99.279 8.4757 384.2 90.004 49.181 524.69 81.414
0.275 22.48 300.04 98.998 9.5131 391.75 90.307 50.234 532.79 81.486
0.28333 23.873 309.75 98.705 10.523 399.25 90.619 51.175 540.85 81.577
0.29167 25.285 319.43 98.405 11.507 406.72 90.93 52.015 548.85 81.682
0.3 26.705 329.06 98.103 12.464 414.18 91.236 52.766 556.78 81.793
0.30833 28.114 338.6 97.808 13.398 421.64 91.533 53.443 564.61 81.905
0.31667 29.497 348.06 97.524 14.302 429.12 91.815 54.057 572.34 82.013
0.325 30.834 357.4 97.252 15.176 436.61 92.08 54.62 579.95 82.111
0.33333 32.108 366.63 96.996 16.019 444.14 92.325 55.14 587.46 82.198
0.34167 33.304 375.75 96.754 16.83 451.69 92.549 55.624 594.85 82.272
0.35 34.41 384.75 96.522 17.609 459.28 92.752 56.078 602.15 82.332
0.35833 35.425 393.65 96.296 18.355 466.91 92.935 56.504 609.34 82.381
0.36667 36.357 402.48 96.07 19.073 474.59 93.097 56.902 616.46 82.419
0.375 37.22 411.25 95.837 19.764 482.31 93.239 57.273 623.51 82.449
0.38333 38.035 419.97 95.593 20.432 490.1 93.361 57.618 630.5 82.473
0.39167 38.821 428.68 95.332 21.081 497.95 93.463 57.934 637.46 82.494
0.4 39.605 437.39 95.053 21.716 505.88 93.544 58.222 644.39 82.514
0.40833 40.406 446.09 94.755 22.34 513.88 93.604 58.484 651.31 82.534
0.41667 41.237 454.8 94.439 22.955 521.96 93.641 58.724 658.24 82.554
0.425 42.107 463.52 94.109 23.563 530.11 93.653 58.944 665.19 82.577
0.43333 43.014 472.23 93.769 24.164 538.31 93.64 59.15 672.18 82.601
0.44167 43.947 480.92 93.423 24.761 546.57 93.601 59.35 679.22 82.626
0.45 44.892 489.61 93.076 25.354 554.88 93.538 59.549 686.31 82.651
0.45833 45.824 498.26 92.73 25.943 563.22 93.451 59.755 693.47 82.677
0.46667 46.727 506.89 92.39 26.531 571.59 93.342 59.975 700.71 82.702
0.475 47.578 515.49 92.058 27.118 580 93.215 60.212 708.02 82.726
0.48333 48.362 524.07 91.734 27.704 588.44 93.071 60.472 715.42 82.749
0.49167 49.074 532.64 91.418 28.29 596.93 92.914 60.755 722.9 82.77
0.5 49.715 541.21 91.109 28.873 605.47 92.745 61.063 730.47 82.79
0.50833 50.292 549.81 90.805 29.454 614.07 92.566 61.395 738.11 82.808
0.51667 50.826 558.47 90.501 30.029 622.75 92.376 61.747 745.84 82.826
0.525 51.333 567.21 90.191 30.596 631.5 92.174 62.117 753.64 82.844
0.53333 51.842 576.06 89.874 31.155 640.34 91.961 62.501 761.52 82.862
0.54167 52.362 585.06 89.543 31.702 649.26 91.733 62.897 769.47 82.881
0.55 52.916 594.23 89.198 32.238 658.25 91.493 63.298 777.48 82.902
0.55833 53.506 603.56 88.841 32.761 667.3 91.241 63.705 785.57 82.925
0.56667 54.128 613.05 88.476 33.271 676.42 90.977 64.114 793.71 82.951
0.575 54.773 622.69 88.108 33.77 685.58 90.704 64.526 801.93 82.98
0.58333 55.429 632.46 87.743 34.256 694.78 90.426 64.941 810.22 83.011
0.59167 56.084 642.33 87.384 34.733 704 90.148 65.361 818.58 83.043
0.6 56.73 652.29 87.031 35.193 713.25 89.872 65.79 827.02 83.075
0.60833 57.359 662.34 86.685 35.645 722.52 89.605 66.231 835.55 83.103
0.61667 57.964 672.46 86.344 36.078 731.82 89.349 66.688 844.17 83.126
0.625 58.543 682.67 86.007 36.491 741.15 89.104 67.168 852.89 83.139
0.63333 59.093 692.99 85.671 36.881 750.53 88.873 67.675 861.72 83.14
0.64167 59.619 703.42 85.335 37.248 759.96 88.653 68.215 870.67 83.125
0.65 60.126 714.01 84.998 37.589 769.46 88.443 68.795 879.74 83.091
0.65833 60.623 724.76 84.661 37.903 779.03 88.238 69.419 888.93 83.037
0.66667 61.119 735.67 84.33 38.194 788.69 88.032 70.093 898.23 82.96
0.675 61.622 746.76 84.009 38.468 798.44 87.82 70.822 907.64 82.861
0.68333 62.136 758.01 83.705 38.734 808.27 87.597 71.608 917.15 82.742
0.69167 62.664 769.37 83.425 39.004 818.18 87.356 72.456 926.72 82.606
0.7 63.204 780.83 83.173 39.295 828.16 87.093 73.368 936.33 82.456
0.70833 63.746 792.32 82.945 39.621 838.2 86.802 74.344 945.96 82.298
0.71667 64.288 803.78 82.741 40.004 848.28 86.481 75.386 955.57 82.136
0.725 64.822 815.17 82.549 40.462 858.39 86.126 76.496 965.14 81.975
0.73333 65.347 826.41 82.358 41.012 868.52 85.737 77.673 974.63 81.821
0.74167 65.865 837.47 82.152 41.67 878.66 85.312 78.921 984.03 81.677
0.75 66.381 848.29 81.917 42.45 888.79 84.85 80.241 993.32 81.545
0.75833 66.904 858.86 81.639 43.362 898.9 84.351 81.639 1002.5 81.428
0.76667 67.445 869.15 81.311 44.412 908.99 83.815 83.123 1011.6 81.325
0.775 68.011 879.17 80.927 45.604 919.05 83.243 84.701 1020.6 81.235
0.78333 68.605 888.94 80.491 46.937 929.07 82.634 86.385 1029.5 81.156
0.79167 69.23 898.5 80.012 48.408 939.03 81.99 88.189 1038.4 81.086
0.8 69.886 907.89 79.507 50.014 948.94 81.313 90.126 1047.3 81.02
0.80833 70.576 917.17 78.992 51.747 958.77 80.604 92.213 1056.3 80.955
0.81667 71.311 926.37 78.487 53.599 968.52 79.867 94.464 1065.3 80.888
0.825 72.102 935.53 78.01 55.563 978.16 79.106 96.892 1074.4 80.816
0.83333 72.973 944.68 77.577 57.63 987.71 78.326 99.505 1083.6 80.737
0.84167 73.947 953.81 77.197 59.793 997.13 77.533 102.31 1092.9 80.648
0.85 75.049 962.93 76.875 62.045 1006.4 76.732 105.31 1102.3 80.548
0.85833 76.303 972.02 76.613 64.383 1015.6 75.93 108.5 1111.8 80.438
0.86667 77.726 981.05 76.402 66.801 1024.7 75.131 111.86 1121.3 80.319
0.875 79.328 989.99 76.231 69.299 1033.7 74.339 115.4 1130.8 80.19
0.88333 81.108 998.81 76.086 71.876 1042.7 73.558 119.07 1140.3 80.053
0.89167 83.065 1007.5 75.949 74.533 1051.5 72.79 122.87 1149.8 79.91
0.9 85.198 1016.1 75.806 77.272 1060.4 72.036 126.78 1159.2 79.763
0.90833 87.495 1024.5 75.646 80.095 1069.2 71.296 130.76 1168.4 79.613
0.91667 89.948 1032.8 75.461 83.004 1078 70.57 134.81 1177.5 79.462
0.925 92.531 1041.1 75.25 85.999 1086.8 69.857 138.9 1186.5 79.311
0.93333 95.219 1049.3 75.016 89.081 1095.6 69.158 143.01 1195.4 79.163
0.94167 97.981 1057.4 74.765 92.247 1104.4 68.474 147.15 1204.1 79.018
0.95 100.79 1065.7 74.507 95.494 1113.3 67.806 151.29 1212.7 78.876
0.95833 103.6 1073.9 74.251 99.037 1122.3 67.151 153.53 1220.5 80.008
0.96667 106.42 1082.2 74.005 102.44 1131.1 66.524 157.68 1228.9 79.887
0.975 109.22 1090.5 73.779 105.91 1140 65.923 161.87 1237.2 79.766
0.98333 111.99 1098.9 73.577 109.44 1148.9 65.352 166.09 1245.5 79.645
0.99167 114.76 1107.4 73.402 113.03 1157.8 64.815 170.35 1253.8 79.522
1 117.52 1115.8 73.252 116.69 1166.7 64.314 174.67 1262 79.396
1.0083 120.32 1124.3 73.123 120.41 1175.6 63.852 179.04 1270.2 79.263
1.0167 123.18 1132.8 73.006 124.2 1184.5 63.431 183.47 1278.4 79.122
1.025 126.13 1141.3 72.89 128.06 1193.5 63.049 187.97 1286.6 78.972
1.0333 129.21 1149.8 72.766 131.99 1202.5 62.706 192.54 1294.7 78.81
1.0417 132.46 1158.3 72.622 136.01 1211.6 62.401 197.18 1302.9 78.638
1.05 135.89 1166.8 72.453 140.11 1220.6 62.131 201.89 1311.1 78.457
1.0583 139.54 1175.4 72.256 144.3 1229.8 61.892 206.66 1319.3 78.269
1.0667 143.42 1184 72.032 148.58 1238.9 61.684 211.49 1327.5 78.077
1.075 147.53 1192.7 71.792 152.96 1248 61.501 216.39 1335.7 77.886
1.0833 151.89 1201.4 71.547 157.43 1257.1 61.344 221.33 1344 77.701
1.0917 156.49 1210.3 71.311 162 1266.2 61.209 226.33 1352.2 77.528
1.1 161.29 1219.2 71.1 166.67 1275.2 61.095 231.38 1360.5 77.372
1.1083 166.23 1228.3 70.92 171.44 1284.1 61 236.47 1368.9 77.236
1.1167 171.28 1237.4 70.776 176.31 1293 60.919 241.61 1377.3 77.126
1.125 176.35 1246.6 70.667 181.29 1301.9 60.85 246.79 1385.7 77.043
1.1333 181.43 1255.9 70.586 186.39 1310.7 60.791 252.02 1394.1 76.989
1.1417 186.48 1265.2 70.525 191.6 1319.4 60.735 257.3 1402.5 76.965
1.15 191.54 1274.5 70.474 196.94 1328.1 60.678 262.62 1410.9 76.968
1.1583 196.61 1283.8 70.425 202.4 1336.8 60.614 267.99 1419.3 76.996
1.1667 201.74 1293.1 70.369 207.99 1345.6 60.538 273.41 1427.6 77.048
1.175 206.97 1302.5 70.302 213.7 1354.3 60.446 278.89 1436 77.118
1.1833 212.34 1311.9 70.219 219.54 1363.1 60.334 284.42 1444.3 77.204
1.1917 217.9 1321.4 70.123 225.49 1371.9 60.2 290 1452.7 77.301
1.2 223.67 1331.1 70.016 231.55 1380.7 60.044 295.64 1461 77.406
1.2083 229.67 1340.8 69.9 237.7 1389.5 59.872 301.33 1469.4 77.514
1.2167 235.89 1350.7 69.782 243.93 1398.4 59.684 307.07 1477.8 77.623
1.225 242.3 1360.8 69.665 250.22 1407.3 59.488 312.86 1486.2 77.731
1.2333 248.86 1370.9 69.55 256.55 1416.1 59.292 318.68 1494.6 77.834
1.2417 255.52 1381.1 69.44 262.9 1425 59.105 324.52 1503 77.931
1.25 262.23 1391.3 69.335 269.24 1433.9 58.934 330.37 1511.4 78.02
1.2583 268.93 1401.4 69.233 275.57 1442.7 58.788 336.22 1519.8 78.1
1.2667 275.59 1411.5 69.132 281.85 1451.5 58.674 342.03 1528.1 78.169
1.275 282.17 1421.4 69.03 288.07 1460.3 58.597 347.81 1536.4 78.226
1.2833 288.66 1431.2 68.924 294.2 1469.2 58.563 353.51 1544.6 78.272
1.2917 295.04 1440.7 68.812 300.23 1478.1 58.572 359.14 1552.7 78.305
1.3 301.32 1450 68.691 306.14 1486.9 58.625 364.67 1560.7 78.325
1.3083 307.48 1459.1 68.561 311.92 1495.8 58.721 370.1 1568.6 78.335
1.3167 313.53 1468 68.42 317.55 1504.7 58.858 375.41 1576.5 78.335
1.325 319.49 1476.7 68.267 323.02 1513.7 59.031 380.61 1584.4 78.327
1.3333 325.37 1485.3 68.101 328.32 1522.6 59.238 385.68 1592.2 78.315
1.3417 331.19 1493.7 67.921 333.44 1531.4 59.472 390.64 1600.1 78.302
1.35 336.97 1502.1 67.725 338.4 1540.2 59.729 395.49 1608.2 78.292
1.3583 342.71 1510.5 67.513 343.19 1548.9 60.003 400.22 1616.3 78.291
1.3667 348.4 1518.8 67.287 347.83 1557.5 60.29 404.85 1624.6 78.303
1.375 354.03 1527.2 67.045 352.32 1566 60.584 409.36 1633.1 78.332
1.3833 359.58 1535.6 66.786 356.68 1574.3 60.882 413.76 1641.8 78.385
1.3917 365.03 1544 66.51 360.93 1582.6 61.179 418.03 1650.8 78.464
1.4 370.36 1552.5 66.214 365.09 1590.7 61.471 422.17 1659.9 78.576
1.4083 375.55 1561 65.896 369.18 1598.7 61.757 426.17 1669.2 78.724
1.4167 380.59 1569.4 65.557 373.21 1606.7 62.035 430.01 1678.7 78.91
1.425 385.46 1577.9 65.197 377.2 1614.6 62.304 433.67 1688.3 79.137
1.4333 390.17 1586.4 64.823 381.16 1622.5 62.564 437.15 1697.9 79.406
1.4417 394.72 1594.8 64.44 385.09 1630.5 62.815 440.43 1707.6 79.718
1.45 399.11 1603.3 64.054 389.01 1638.5 63.057 443.51 1717.2 80.071
1.4583 403.38 1611.7 63.675 392.91 1646.5 63.291 446.4 1726.8 80.463
1.4667 407.55 1620.1 63.317 396.8 1654.6 63.517 449.09 1736.3 80.892
1.475 411.65 1628.5 62.978 400.67 1662.8 63.732 451.61 1745.6 81.352
1.4833 415.72 1636.9 62.67 404.52 1671.1 63.935 453.98 1754.9 81.839
1.4917 419.78 1645.4 62.391 408.35 1679.4 64.125 456.21 1764 82.348
1.5 423.85 1653.9 62.137 412.16 1687.7 64.299 458.35 1772.9 82.872
1.5083 427.95 1662.4 61.902 415.96 1696.1 64.453 460.41 1781.8 83.406
1.5167 432.11 1670.9 61.678 419.74 1704.5 64.585 462.43 1790.5 83.943
1.525 436.33 1679.5 61.454 423.5 1713 64.694 464.43 1799.1 84.478
1.5333 440.61 1688.1 61.222 427.25 1721.6 64.778 466.45 1807.7 85.005
1.5417 444.95 1696.7 60.979 430.99 1730.1 64.837 468.49 1816.2 85.52
1.55 448.19 1705.2 60.502 434.72 1738.8 64.872 470.57 1824.6 86.02
1.5583 453.78 1714 60.468 438.43 1747.6 64.887 472.69 1833 86.502
1.5667 458.24 1722.7 60.219 442.14 1756.4 64.885 474.87 1841.4 86.964
1.575 462.71 1731.4 59.994 445.83 1765.3 64.87 477.11 1849.9 87.405
1.5833 467.19 1740.1 59.812 449.49 1774.3 64.847 479.39 1858.3 87.826
1.5917 471.64 1748.8 59.692 453.14 1783.4 64.821 481.71 1866.8 88.226
1.6 476.06 1757.7 59.648 456.75 1792.6 64.795 484.08 1875.4 88.607
1.6083 480.42 1766.6 59.688 460.33 1801.9 64.773 486.47 1884.1 88.968
1.6167 484.71 1775.7 59.815 463.86 1811.2 64.756 488.89 1892.8 89.312
1.625 488.93 1784.9 60.02 467.34 1820.6 64.747 491.33 1901.6 89.639
1.6333 493.07 1794.3 60.289 470.78 1830 64.746 493.79 1910.5 89.949
1.6417 497.13 1803.9 60.601 474.16 1839.5 64.753 496.26 1919.4 90.243
1.65 501.12 1813.7 60.934 477.49 1849 64.77 498.73 1928.5 90.524
1.6583 505.06 1823.6 61.268 480.78 1858.5 64.796 501.2 1937.6 90.791
1.6667 508.94 1833.8 61.587 484.02 1868.2 64.833 503.68 1946.8 91.048
1.675 512.78 1844 61.88 487.23 1877.9 64.883 506.14 1956 91.296
1.6833 516.56 1854.3 62.139 490.4 1887.7 64.949 508.58 1965.3 91.538
1.6917 520.29 1864.7 62.361 493.54 1897.6 65.035 510.99 1974.6 91.778
1.7 523.98 1875.2 62.542 496.65 1907.6 65.145 513.37 1984 92.017
1.7083 527.64 1885.7 62.685 499.74 1917.7 65.281 515.7 1993.4 92.259
1.7167 531.28 1896.3 62.794 502.79 1927.9 65.449 517.98 2002.9 92.505
1.725 534.92 1907 62.878 505.81 1938.3 65.649 520.2 2012.6 92.757
1.7333 538.57 1917.8 62.949 508.78 1948.7 65.883 522.36 2022.3 93.016
1.7417 542.23 1928.8 63.02 511.71 1959.2 66.15 524.45 2032.2 93.28
1.75 545.91 1939.9 63.107 514.59 1969.8 66.448 526.49 2042.2 93.549
1.7583 549.58 1951.2 63.224 517.42 1980.4 66.773 528.46 2052.5 93.82
1.7667 553.24 1962.6 63.386 520.19 1990.9 67.121 530.37 2062.9 94.091
1.775 556.84 1974.1 63.607 522.92 2001.5 67.486 532.24 2073.4 94.361
1.7833 560.37 1985.8 63.896 525.6 2012 67.864 534.06 2084.1 94.628
1.7917 563.78 1997.4 64.26 528.26 2022.5 68.249 535.83 2095 94.891
1.8 567.07 2009.1 64.698 530.9 2033 68.636 537.57 2105.9 95.153
1.8083 570.21 2020.8 65.209 533.53 2043.4 69.022 539.28 2116.9 95.415
1.8167 573.19 2032.3 65.782 536.17 2053.8 69.405 540.95 2127.9 95.679
1.825 576.03 2043.8 66.405 538.83 2064.2 69.783 542.59 2138.9 95.952
1.8333 578.7 2055.1 67.06 541.52 2074.5 70.156 544.2 2149.8 96.237
1.8417 581.24 2066.2 67.727 544.24 2084.7 70.524 545.78 2160.6 96.538
1.85 583.65 2077.1 68.385 547 2095 70.885 547.34 2171.4 96.86
1.8583 585.94 2087.9 69.016 549.79 2105.1 71.242 548.88 2182 97.204
1.8667 588.15 2098.4 69.608 552.6 2115.2 71.592 550.41 2192.5 97.572
1.875 590.29 2108.8 70.155 555.43 2125.2 71.936 551.95 2202.8 97.961
1.8833 592.39 2118.9 70.657 558.26 2135.1 72.271 553.51 2213 98.371
1.8917 594.47 2128.9 71.123 561.08 2144.8 72.595 555.11 2223.1 98.795
1.9 596.55 2138.8 71.561 563.88 2154.4 72.907 556.75 2233.2 99.229
1.9083 598.65 2148.6 71.987 566.65 2163.9 73.204 558.47 2243.1 99.666
1.9167 600.78 2158.3 72.413 569.39 2173.2 73.485 560.26 2252.9 100.1
1.925 602.96 2168 72.855 572.09 2182.4 73.748 562.15 2262.7 100.52
1.9333 605.18 2177.6 73.327 574.75 2191.5 73.994 564.13 2272.5 100.94
1.9417 607.46 2187.1 73.84 577.38 2200.4 74.224 566.21 2282.2 101.33
1.95 609.79 2196.7 74.401 579.97 2209.3 74.44 568.38 2291.8 101.71
1.9583 612.16 2206.2 75.016 582.55 2218.1 74.646 570.63 2301.4 102.07
1.9667 614.57 2215.7 75.683 585.11 2226.9 74.845 572.95 2310.9 102.41
1.975 617.02 2225.1 76.399 587.67 2235.7 75.042 575.32 2320.4 102.75
1.9833 619.48 2234.6 77.155 590.22 2244.4 75.24 577.72 2329.8 103.08
1.9917 621.98 2244 77.943 592.78 2253.2 75.445 580.14 2339.2 103.4
2 624.48 2253.4 78.751 595.34 2262.1 75.658 582.57 2348.5 103.72
2.0083 626.99 2262.7 79.567 597.91 2270.9 75.885 584.98 2357.6 104.06
2.0167 629.51 2272.1 80.384 600.49 2279.8 76.126 587.38 2366.7 104.39
2.025 632.04 2281.4 81.194 603.07 2288.8 76.384 589.75 2375.8 104.74
2.0333 634.58 2290.6 81.994 605.65 2297.7 76.658 592.09 2384.7 105.11
2.0417 637.14 2299.8 82.784 608.22 2306.7 76.948 594.42 2393.5 105.48
2.05 639.71 2309 83.565 610.79 2315.8 77.254 596.72 2402.3 105.86
2.0583 642.31 2318.2 84.339 613.35 2324.8 77.573 599 2410.9 106.26
2.0667 644.93 2327.4 85.11 615.9 2333.9 77.902 601.28 2419.5 106.67
2.075 647.59 2336.6 85.88 618.43 2343 78.241 603.56 2428 107.09
2.0833 650.28 2345.8 86.648 620.95 2352.2 78.587 605.83 2436.5 107.52
2.0917 653.02 2355.2 87.415 623.46 2361.4 78.937 608.11 2444.9 107.97
2.1 655.81 2364.6 88.174 625.97 2370.7 79.291 610.4 2453.2 108.44
2.1083 658.66 2374.1 88.919 628.48 2380 79.648 612.68 2461.6 108.92
2.1167 661.58 2383.7 89.642 630.99 2389.5 80.008 614.97 2469.9 109.41
2.125 664.58 2393.5 90.336 633.52 2399 80.375 617.24 2478.2 109.93
2.1333 667.64 2403.4 90.993 636.07 2408.5 80.75 619.51 2486.6 110.47
2.1417 670.78 2413.4 91.608 638.64 2418.2 81.137 621.76 2494.9 111.02
2.15 673.99 2423.5 92.18 641.25 2427.9 81.541 623.99 2503.3 111.59
2.1583 677.25 2433.8 92.712 643.88 2437.6 81.967 626.21 2511.7 112.18
2.1667 680.56 2444.1 93.211 646.55 2447.3 82.42 628.41 2520.1 112.77
2.175 683.89 2454.5 93.686 649.26 2457.1 82.904 630.59 2528.6 113.38
2.1833 687.24 2465 94.149 651.99 2466.9 83.423 632.75 2537.1 113.99
2.1917 690.57 2475.5 94.61 654.76 2476.7 83.977 634.89 2545.7 114.61
2.2 693.89 2486.1 95.076 657.54 2486.5 84.565 637.01 2554.3 115.24
2.2083 697.21 2496.7 95.547 660.34 2496.3 85.183 639.11 2563 115.87
2.2167 700.52 2507.4 96.021 663.15 2506.1 85.822 641.19 2571.7 116.51
2.225 703.87 2518.1 96.489 665.96 2515.9 86.487 643.23 2580.5 117.16
2.2333 707.25 2528.7 96.944 668.76 2525.7 87.154 645.22 2589.3 117.82
2.2417 710.7 2539.4 97.376 671.56 2535.5 87.819 647.16 2598.2 118.49
2.25 714.21 2550 97.775 674.34 2545.3 88.473 649.03 2607.2 119.18
2.2583 717.77 2560.6 98.132 677.1 2555.1 89.105 650.82 2616.3 119.89
2.2667 721.39 2571.2 98.443 679.83 2565 89.704 652.52 2625.5 120.61
2.275 725.02 2581.8 98.702 682.55 2574.9 90.284 654.11 2634.8 121.34
2.2833 728.65 2592.3 98.911 685.23 2584.8 90.825 655.6 2644.2 122.08
2.2917 732.24 2602.8 99.075 687.87 2594.7 91.331 656.98 2653.7 122.81
2.3 735.76 2613.1 99.201 690.45 2604.5 91.823 658.25 2663.2 123.54
2.3083 739.17 2623.3 99.299 692.97 2614.4 92.291 659.41 2672.8 124.25
2.3167 742.45 2633.4 99.383 695.4 2624.2 92.752 660.47 2682.5 124.94
2.325 745.56 2643.2 99.465 697.72 2634.1 93.214 661.43 2692.1 125.61
2.3333 748.47 2652.8 99.562 699.91 2643.9 93.688 662.3 2701.8 126.24
2.3417 751.19 2662.2 99.688 701.94 2653.6 94.183 663.07 2711.5 126.84
2.35 753.71 2671.3 99.859 703.79 2663.3 94.707 663.76 2721.1 127.4
2.3583 756.03 2680.3 100.09 705.46 2672.9 95.266 664.35 2730.7 127.94
2.3667 758.17 2689.1 100.39 706.92 2682.5 95.863 664.83 2740.2 128.45
2.375 760.15 2697.8 100.76 708.16 2692 96.498 665.2 2749.6 128.94
2.3833 761.99 2706.4 101.21 709.2 2701.4 97.169 665.43 2759 129.41
2.3917 763.68 2714.9 101.73 710.04 2710.7 97.873 665.51 2768.3 129.88
2.4 765.22 2723.4 102.3 710.69 2719.8 98.605 665.42 2777.5 130.35
2.4083 766.58 2731.8 102.9 711.17 2728.8 99.359 665.15 2786.6 130.83
2.4167 767.72 2740.2 103.52 711.49 2737.7 100.13 664.66 2795.6 131.32
2.425 768.59 2748.6 104.13 711.69 2746.4 100.91 663.95 2804.6 131.82
2.4333 769.15 2756.8 104.72 711.76 2755 101.7 663.01 2813.5 132.34
2.4417 769.42 2764.9 105.28 711.73 2763.4 102.5 661.82 2822.3 132.88
2.45 769.38 2772.8 105.8 711.6 2771.6 103.3 660.4 2831.1 133.44
2.4583 769.05 2780.5 106.28 711.38 2779.7 104.11 658.75 2839.8 134.02
2.4667 768.48 2788.1 106.72 711.05 2787.8 104.92 656.87 2848.4 134.61
2.475 767.68 2795.4 107.14 710.62 2795.7 105.74 654.79 2856.9 135.21
2.4833 766.66 2802.5 107.54 710.06 2803.5 106.57 652.52 2865.3 135.82
2.4917 765.45 2809.4 107.94 709.36 2811.3 107.4 650.09 2873.6 136.43
2.5 764.07 2816.2 108.34 708.5 2819.1 108.25 647.51 2881.7 137.03
2.5083 762.54 2822.9 108.75 707.48 2826.9 109.1 644.81 2889.8 137.64
2.5167 760.91 2829.5 109.18 706.27 2834.7 109.96 642 2897.6 138.23
2.525 759.25 2836.1 109.61 704.88 2842.5 110.82 639.12 2905.4 138.82
2.5333 757.59 2842.7 110.06 703.3 2850.3 111.68 636.15 2913 139.4
2.5417 755.98 2849.3 110.52 701.54 2858.1 112.52 633.13 2920.4 139.96
2.55 754.41 2856.1 110.98 699.59 2865.8 113.34 630.04 2927.7 140.51
2.5583 752.89 2862.9 111.44 697.47 2873.6 114.14 626.9 2934.8 141.06
2.5667 751.37 2869.8 111.87 695.19 2881.3 114.92 623.69 2941.8 141.59
2.575 749.83 2876.8 112.29 692.76 2888.9 115.65 620.42 2948.7 142.12
2.5833 748.23 2883.8 112.69 690.19 2896.5 116.35 617.06 2955.6 142.64
2.5917 746.52 2890.9 113.07 687.48 2904 117.02 613.62 2962.3 143.15
2.6 744.67 2897.9 113.44 684.64 2911.4 117.64 610.09 2969 143.66
2.6083 742.68 2905 113.8 681.67 2918.7 118.23 606.45 2975.6 144.17
2.6167 740.54 2912 114.18 678.56 2926 118.79 602.7 2982.2 144.66
2.625 738.25 2918.9 114.57 675.3 2933.2 119.31 598.85 2988.8 145.15
2.6333 735.83 2925.8 115 671.9 2940.4 119.81 594.87 2995.4 145.62
2.6417 733.27 2932.6 115.46 668.32 2947.5 120.28 590.79 3001.9 146.07
2.65 730.58 2939.4 115.98 664.57 2954.6 120.73 586.6 3008.5 146.5
2.6583 727.78 2946.3 116.53 660.64 2961.6 121.16 582.31 3015 146.89
2.6667 724.81 2953.1 117.13 656.51 2968.7 121.57 577.92 3021.5 147.26
2.675 721.7 2960 117.75 652.18 2975.6 121.96 573.43 3027.9 147.58
2.6833 718.41 2967 118.4 647.64 2982.6 122.34 568.86 3034.3 147.87
2.6917 714.96 2974.1 119.06 642.9 2989.4 122.71 564.2 3040.7 148.13
2.7 711.36 2981.2 119.71 637.96 2996.3 123.07 559.45 3047 148.36
2.7083 707.61 2988.4 120.36 632.82 3003 123.42 554.6 3053.2 148.56
2.7167 703.7 2995.7 120.98 627.49 3009.7 123.76 549.65 3059.2 148.74
2.725 699.66 3002.9 121.59 621.98 3016.2 124.11 544.59 3065.2 148.92
2.7333 695.46 3010.2 122.17 616.3 3022.7 124.46 539.39 3071.1 149.1
2.7417 691.09 3017.5 122.72 610.44 3029.1 124.82 534.05 3076.9 149.28
2.75 686.54 3024.7 123.25 604.42 3035.4 125.19 528.56 3082.6 149.49
2.7583 681.78 3032 123.75 598.24 3041.6 125.59 522.89 3088.1 149.72
2.7667 676.78 3039.2 124.22 591.91 3047.8 126 517.04 3093.5 149.97
2.775 671.53 3046.4 124.68 585.42 3053.8 126.44 511 3098.8 150.26
2.7833 665.99 3053.6 125.13 578.78 3059.8 126.91 504.77 3104 150.56
2.7917 660.14 3060.8 125.58 571.98 3065.8 127.4 498.34 3109.1 150.89
2.8 653.97 3068.1 126.05 565.04 3071.7 127.91 491.73 3114.1 151.24
2.8083 647.46 3075.5 126.54 557.95 3077.5 128.45 484.93 3118.9 151.6
2.8167 640.63 3082.8 127.09 550.73 3083.3 129 477.98 3123.7 151.96
2.825 633.49 3090.2 127.7 543.38 3089 129.58 470.87 3128.4 152.33
2.8333 626.06 3097.6 128.39 535.92 3094.7 130.17 463.63 3133 152.69
2.8417 618.37 3105 129.17 528.37 3100.2 130.77 456.27 3137.5 153.04
2.85 610.46 3112.3 130.04 520.76 3105.8 131.39 448.83 3142 153.39
2.8583 602.38 3119.5 131 513.11 3111.2 132.01 441.3 3146.5 153.74
2.8667 594.16 3126.7 132.04 505.44 3116.6 132.63 433.73 3150.9 154.08
2.875 585.88 3133.7 133.15 497.8 3121.9 133.27 426.11 3155.3 154.42
2.8833 577.61 3140.5 134.29 490.22 3127.1 133.9 418.48 3159.6 154.77
2.8917 569.42 3147.1 135.44 482.71 3132.2 134.53 410.83 3163.9 155.12
2.9 561.39 3153.4 136.57 475.31 3137.2 135.17 403.18 3168.2 155.48
2.9083 553.58 3159.6 137.67 468.04 3142.2 135.8 395.54 3172.4 155.86
2.9167 546.02 3165.5 138.72 460.92 3147.1 136.43 387.91 3176.6 156.26
2.925 538.72 3171.3 139.72 453.95 3152 137.07 380.3 3180.7 156.67
2.9333 531.63 3176.9 140.68 447.13 3156.7 137.71 372.7 3184.8 157.09
2.9417 524.7 3182.4 141.62 440.47 3161.4 138.35 365.12 3188.8 157.53
2.95 517.87 3187.7 142.55 433.95 3166.1 139 357.55 3192.8 157.98
2.9583 511.07 3193 143.49 427.57 3170.7 139.65 349.98 3196.8 158.44
2.9667 504.24 3198.2 144.46 421.3 3175.2 140.32 342.42 3200.7 158.91
2.975 497.35 3203.3 145.46 415.12 3179.6 140.99 334.85 3204.6 159.37
2.9833 490.37 3208.3 146.51 409.02 3183.9 141.67 327.27 3208.5 159.83
2.9917 483.29 3213.3 147.6 402.97 3188.1 142.35 319.69 3212.5 160.27
3 476.12 3218.2 148.74 396.95 3192.3 143.05 312.09 3216.4 160.7
3.0083 468.89 3223 149.92 390.94 3196.3 143.75 304.47 3220.4 161.11
3.0167 461.62 3227.8 151.12 384.91 3200.2 144.45 296.84 3224.4 161.49
3.025 454.33 3232.5 152.35 378.85 3204.1 145.16 289.21 3228.4 161.85
3.0333 447.05 3237.2 153.58 372.74 3207.8 145.87 281.57 3232.4 162.17
3.0417 439.79 3241.9 154.82 366.55 3211.5 146.59 273.93 3236.5 162.47
3.05 432.56 3246.6 156.04 360.28 3215.1 147.3 266.3 3240.5 162.73
3.0583 425.36 3251.2 157.26 353.9 3218.7 148.02 258.69 3244.5 162.96
3.0667 418.18 3255.8 158.46 347.41 3222.2 148.75 251.09 3248.4 163.17
3.075 410.99 3260.4 159.65 340.78 3225.7 149.48 243.52 3252.3 163.35
3.0833 403.8 3264.9 160.82 334.02 3229.2 150.22 235.97 3256.2 163.51
3.0917 396.59 3269.4 161.98 327.11 3232.7 150.97 228.43 3260 163.67
3.1 389.35 3273.8 163.12 320.04 3236.2 151.73 220.91 3263.7 163.81
3.1083 382.08 3278.1 164.26 312.81 3239.7 152.5 213.39 3267.3 163.96
3.1167 374.79 3282.3 165.38 305.42 3243.3 153.28 205.87 3270.9 164.1
3.125 367.5 3286.5 166.48 297.88 3246.8 154.06 198.32 3274.4 164.25
3.1333 360.2 3290.5 167.55 290.17 3250.3 154.84 190.73 3277.9 164.41
3.1417 352.9 3294.5 168.6 282.32 3253.9 155.62 183.08 3281.3 164.58
3.15 345.61 3298.5 169.61 274.31 3257.4 156.39 175.36 3284.7 164.76
3.1583 338.32 3302.4 170.57 266.17 3260.9 157.14 167.54 3288 164.95
3.1667 331.02 3306.4 171.47 257.89 3264.4 157.87 159.62 3291.3 165.15
3.175 323.7 3310.3 172.32 249.49 3267.9 158.59 151.58 3294.6 165.35
3.1833 316.32 3314.4 173.11 241.14 3271.1 159.28 143.03 3299.2 164.6
3.1917 308.87 3318.5 173.83 232.5 3274.5 159.95 134.73 3302.5 164.82
3.2 301.33 3322.7 174.48 223.74 3277.9 160.6 126.31 3305.7 165.04
3.2083 293.67 3326.9 175.07 214.88 3281.2 161.23 117.76 3309 165.25
3.2167 285.88 3331.3 175.6 205.91 3284.6 161.85 109.1 3312.2 165.46
3.225 277.93 3335.7 176.09 196.84 3287.9 162.46 100.35 3315.4 165.66
3.2333 269.81 3340.2 176.52 187.67 3291.2 163.06 91.505 3318.6 165.86
3.2417 261.52 3344.8 176.93 178.4 3294.4 163.66 82.596 3321.8 166.06
3.25 253.05 3349.3 177.31 169.04 3297.7 164.26 73.634 3325 166.26
3.2583 244.4 3353.8 177.67 159.59 3301 164.85 64.631 3328.2 166.46
3.2667 235.56 3358.3 178.02 150.06 3304.4 165.44 55.598 3331.3 166.66
3.275 226.56 3362.7 178.36 140.46 3307.7 166.03 46.539 3334.5 166.87
3.2833 217.4 3367 178.69 130.78 3311.2 166.6 37.454 3337.6 167.1
3.2917 208.09 3371.1 179 121.05 3314.6 167.16 28.337 3340.7 167.33
3.3 198.63 3375.2 179.29 111.25 3318.1 167.7 19.179 3343.7 167.59
3.3083 189.02 3379.1 179.56 101.4 3321.7 168.22 9.9644 3346.8 167.87
3.3167 179.25 3382.9 179.8 91.487 3325.4 168.71 0.677 3349.8 168.17
3.325 169.3 3386.6 180.03 81.511 3329.1 169.17 -8.7009 3352.9 168.5
3.3333 159.15 3390.2 180.23 71.467 3332.8 169.59 -18.185 3355.9 168.86
3.3417 148.78 3393.7 180.42 61.346 3336.7 169.96 -27.788 3359 169.24
3.35 138.21 3397.2 180.6 51.154 3340.5 170.31 -37.519 3362.2 169.66
3.3583 127.42 3400.5 180.77 40.866 3344.5 170.6 -47.376 3365.3 170.1
3.3667 116.43 3403.7 180.94 30.479 3348.4 170.85 -57.355 3368.5 170.57
3.375 105.27 3406.9 181.1 19.996 3352.4 171.05 -67.442 3371.8 171.06
3.3833 93.982 3409.8 181.25 9.413 3356.4 171.21 -77.616 3375 171.56
3.3917 82.598 3412.6 181.39 -1.2658 3360.3 171.34 -87.855 3378.3 172.07
3.4 71.17 3415.2 181.51 -12.031 3364.2 171.42 -98.128 3381.7 172.58
3.4083 59.745 3417.6 181.6 -22.867 3368.1 171.48 -108.41 3385 173.08
3.4167 48.371 3419.8 181.66 -33.756 3371.9 171.51 -118.67 3388.4 173.56
3.425 37.092 3421.9 181.69 -44.67 3375.5 171.53 -128.89 3391.7 174.02
3.4333 25.948 3424 181.69 -55.58 3379.1 171.55 -139.05 3394.9 174.45
3.4417 14.972 3425.9 181.65 -66.452 3382.5 171.58 -149.13 3398.1 174.84
3.45 4.1862 3428 181.59 -77.253 3385.7 171.64 -159.15 3401.3 175.2
3.4583 -6.3984 3430 181.5 -87.948 3388.8 171.74 -169.1 3404.3 175.51
3.4667 -16.781 3432.2 181.4 -98.501 3391.7 171.89 -178.98 3407.3 175.79
3.475 -26.977 3434.5 181.29 -108.88 3394.4 172.09 -188.82 3410.1 176.04
3.4833 -37.002 3436.9 181.18 -119.06 3396.8 172.36 -198.63 3412.8 176.26
3.4917 -46.879 3439.4 181.07 -129.02 3399.1 172.7 -208.43 3415.4 176.46
3.5 -56.64 3441.9 180.96 -138.75 3401.2 173.1 -218.23 3417.8 176.64
3.5083 -66.322 3444.4 180.86 -148.22 3403 173.55 -228.04 3420 176.83
3.5167 -75.965 3446.8 180.77 -157.44 3404.7 174.05 -237.87 3422 177.01
3.525 -85.605 3449.1 180.69 -166.4 3406.2 174.58 -247.71 3423.7 177.21
3.5333 -95.265 3451.1 180.61 -175.12 3407.5 175.12 -257.55 3425.2 177.43
3.5417 -104.95 3453 180.54 -183.59 3408.6 175.68 -267.39 3426.4 177.68
3.55 -114.66 3454.6 180.49 -191.83 3409.6 176.23 -277.21 3427.3 177.95
3.5583 -124.39 3455.9 180.45 -199.88 3410.5 176.76 -286.99 3428 178.26
3.5667 -134.11 3457 180.44 -207.74 3411.2 177.28 -296.7 3428.3 178.6
3.575 -143.81 3457.9 180.44 -215.46 3411.9 177.78 -306.33 3428.4 178.96
3.5833 -153.48 3458.7 180.47 -223.07 3412.4 178.26 -315.86 3428.3 179.36
3.5917 -163.07 3459.2 180.53 -230.61 3412.9 178.74 -325.28 3427.8 179.78
3.6 -172.56 3459.7 180.61 -238.12 3413.3 179.22 -334.58 3427.2 180.22
3.6083 -181.95 3460.1 180.71 -245.64 3413.6 179.69 -343.75 3426.4 180.67
3.6167 -191.21 3460.5 180.84 -253.2 3413.9 180.18 -352.81 3425.5 181.14
3.625 -200.36 3460.7 180.98 -260.84 3414.1 180.68 -361.75 3424.4 181.62
3.6333 -209.41 3461 181.14 -268.58 3414.2 181.19 -370.59 3423.2 182.1
3.6417 -218.38 3461.2 181.3 -276.44 3414.2 181.71 -379.33 3421.9 182.59
3.65 -227.31 3461.3 181.46 -284.43 3414.1 182.24 -388 3420.5 183.08
3.6583 -236.23 3461.3 181.61 -292.53 3414 182.76 -396.61 3419.1 183.57
