0.0083333 -26.658 3.4307 99.691 -60.963 118.51 90.995 -38.024 279.58 83.779
0.016667 -25.977 10.145 99.71 -60.499 127.07 91.138 -37.483 288.4 83.797
0.025 -25.278 17.098 99.734 -59.945 135.79 91.258 -36.885 297.26 83.822
0.033333 -24.552 24.308 99.763 -59.304 144.65 91.353 -36.226 306.18 83.852
0.041667 -23.794 31.786 99.793 -58.584 153.66 91.416 -35.502 315.18 83.887
0.05 -23.003 39.54 99.822 -57.792 162.79 91.442 -34.711 324.28 83.923
0.058333 -22.183 47.567 99.844 -56.935 172.06 91.43 -33.852 333.5 83.961
0.066667 -21.344 55.859 99.856 -56.02 181.46 91.378 -32.925 342.87 84
0.075 -20.502 64.409 99.853 -55.05 191.01 91.288 -31.935 352.41 84.04
0.083333 -19.677 73.204 99.832 -54.025 200.7 91.163 -30.886 362.13 84.082
0.091667 -18.89 82.233 99.794 -52.947 210.57 91.003 -29.784 372.05 84.129
0.1 -18.156 91.485 99.741 -51.811 220.61 90.812 -28.636 382.16 84.182
0.10833 -17.49 100.96 99.676 -50.615 230.84 90.592 -27.448 392.44 84.245
0.11667 -16.899 110.65 99.604 -49.351 241.24 90.353 -26.227 402.88 84.319
0.125 -16.377 120.55 99.531 -48.026 251.83 90.093 -24.978 413.44 84.405
0.13333 -15.92 130.66 99.46 -46.634 262.57 89.821 -23.705 424.09 84.503
0.14167 -15.51 140.98 99.395 -45.186 273.44 89.542 -22.411 434.77 84.612
0.15 -15.125 151.5 99.337 -43.691 284.4 89.261 -21.098 445.46 84.729
0.15833 -14.737 162.19 99.284 -42.169 295.39 88.986 -19.768 456.09 84.849
0.16667 -14.317 173.04 99.235 -40.639 306.37 88.724 -18.424 466.64 84.968
0.175 -13.833 184.01 99.184 -39.128 317.29 88.483 -17.07 477.06 85.078
0.18333 -13.256 195.07 99.125 -37.664 328.09 88.272 -15.711 487.35 85.176
0.19167 -12.569 206.2 99.052 -36.273 338.72 88.099 -14.356 497.47 85.256
0.2 -11.764 217.34 98.957 -34.981 349.16 87.971 -13.015 507.43 85.314
0.20833 -10.847 228.48 98.832 -33.808 359.38 87.893 -11.701 517.22 85.348
0.21667 -9.8456 239.57 98.672 -32.77 369.36 87.87 -10.431 526.87 85.358
0.225 -8.7938 250.6 98.471 -31.873 379.1 87.902 -9.2206 536.39 85.347
0.23333 -7.7312 261.53 98.227 -31.118 388.62 87.989 -8.0887 545.79 85.317
0.24167 -6.6919 272.35 97.939 -30.5 397.93 88.127 -7.0534 555.09 85.276
0.25 -5.7005 283.08 97.611 -30.006 407.05 88.31 -6.132 564.32 85.228
0.25833 -4.7682 293.71 97.246 -29.622 416 88.532 -5.3404 573.48 85.182
0.26667 -3.8973 304.27 96.854 -29.328 424.8 88.788 -4.6917 582.59 85.145
0.275 -3.0839 314.77 96.443 -29.108 433.49 89.069 -4.1963 591.65 85.124
0.28333 -2.3189 325.22 96.025 -28.945 442.06 89.371 -3.8609 600.67 85.123
0.29167 -1.5897 335.62 95.61 -28.826 450.56 89.685 -3.689 609.64 85.148
0.3 -0.89167 345.98 95.213 -28.735 458.98 90.018 -3.6799 618.55 85.202
0.30833 -0.21171 356.3 94.837 -28.669 467.34 90.359 -3.831 627.41 85.285
0.31667 0.44914 366.56 94.49 -28.622 475.66 90.71 -4.136 636.2 85.398
0.325 1.0847 376.76 94.175 -28.593 483.95 91.072 -4.5862 644.9 85.54
0.33333 1.6786 386.88 93.891 -28.582 492.23 91.445 -5.1707 653.52 85.707
0.34167 2.2076 396.91 93.633 -28.591 500.52 91.829 -5.8779 662.03 85.897
0.35 2.6481 406.84 93.4 -28.621 508.83 92.225 -6.6945 670.44 86.106
0.35833 2.9747 416.67 93.183 -28.676 517.19 92.629 -7.6066 678.73 86.329
0.36667 3.168 426.4 92.979 -28.758 525.61 93.039 -8.6001 686.9 86.562
0.375 3.2188 436.04 92.781 -28.869 534.1 93.448 -9.6609 694.95 86.802
0.38333 3.1286 445.62 92.587 -29.01 542.68 93.852 -10.776 702.87 87.043
0.39167 2.9141 455.14 92.395 -29.183 551.35 94.243 -11.933 710.67 87.283
0.4 2.5974 464.63 92.202 -29.386 560.11 94.614 -13.121 718.34 87.518
0.40833 2.2133 474.11 92.008 -29.618 568.97 94.959 -14.331 725.89 87.747
0.41667 1.7963 483.59 91.814 -29.878 577.92 95.275 -15.556 733.32 87.968
0.425 1.3796 493.09 91.62 -30.163 586.96 95.559 -16.791 740.65 88.182
0.43333 0.99216 502.6 91.427 -30.473 596.08 95.811 -18.033 747.88 88.387
0.44167 0.65353 512.14 91.236 -30.807 605.26 96.032 -19.279 755.02 88.588
0.45 0.36976 521.69 91.046 -31.169 614.52 96.225 -20.53 762.09 88.786
0.45833 0.13713 531.27 90.859 -31.559 623.84 96.393 -21.785 769.1 88.984
0.46667 -0.057907 540.86 90.677 -31.983 633.22 96.539 -23.045 776.06 89.184
0.475 -0.23775 550.47 90.503 -32.444 642.65 96.666 -24.308 782.99 89.391
0.48333 -0.43247 560.1 90.34 -32.944 652.14 96.776 -25.573 789.9 89.607
0.49167 -0.66692 569.75 90.194 -33.483 661.7 96.873 -26.836 796.8 89.832
0.5 -0.96329 579.44 90.071 -34.062 671.34 96.955 -28.094 803.7 90.066
0.50833 -1.3448 589.19 89.974 -34.68 681.06 97.025 -29.343 810.6 90.309
0.51667 -1.8162 599 89.908 -35.335 690.88 97.081 -30.576 817.51 90.557
0.525 -2.3768 608.91 89.874 -36.023 700.81 97.123 -31.788 824.43 90.807
0.53333 -3.0139 618.95 89.87 -36.742 710.85 97.15 -32.978 831.36 91.056
0.54167 -3.7124 629.13 89.892 -37.487 721 97.165 -34.141 838.31 91.299
0.55 -4.4493 639.49 89.935 -38.257 731.28 97.167 -35.28 845.29 91.532
0.55833 -5.1962 650.02 89.993 -39.051 741.67 97.16 -36.399 852.29 91.754
0.56667 -5.936 660.75 90.06 -39.868 752.18 97.149 -37.502 859.33 91.962
0.575 -6.6584 671.65 90.13 -40.711 762.79 97.14 -38.601 866.43 92.156
0.58333 -7.3612 682.71 90.198 -41.585 773.5 97.14 -39.706 873.59 92.339
0.59167 -8.0543 693.92 90.258 -42.497 784.31 97.156 -40.829 880.84 92.513
0.6 -8.7527 705.27 90.304 -43.455 795.2 97.196 -41.98 888.19 92.679
0.60833 -9.4746 716.76 90.329 -44.47 806.18 97.264 -43.172 895.67 92.843
0.61667 -10.236 728.4 90.328 -45.554 817.24 97.366 -44.411 903.31 93.006
0.625 -11.055 740.21 90.298 -46.716 828.39 97.502 -45.704 911.11 93.168
0.63333 -11.942 752.22 90.238 -47.968 839.62 97.672 -47.053 919.1 93.331
0.64167 -12.904 764.45 90.15 -49.318 850.95 97.872 -48.457 927.28 93.49
0.65 -13.94 776.92 90.04 -50.77 862.38 98.096 -49.913 935.66 93.643
0.65833 -15.044 789.65 89.916 -52.325 873.92 98.337 -51.414 944.23 93.784
0.66667 -16.201 802.65 89.791 -53.977 885.57 98.586 -52.955 952.99 93.909
0.675 -17.395 815.9 89.679 -55.716 897.33 98.833 -54.529 961.92 94.011
0.68333 -18.612 829.37 89.596 -57.526 909.21 99.07 -56.129 971.01 94.088
0.69167 -19.842 843.02 89.557 -59.387 921.19 99.289 -57.751 980.22 94.14
0.7 -21.081 856.79 89.573 -61.273 933.28 99.483 -59.388 989.53 94.168
0.70833 -22.331 870.62 89.653 -63.157 945.44 99.646 -61.038 998.92 94.175
0.71667 -23.602 884.43 89.8 -65.01 957.67 99.775 -62.696 1008.4 94.171
0.725 -24.904 898.17 90.01 -66.805 969.93 99.868 -64.357 1017.8 94.164
0.73333 -26.245 911.78 90.275 -68.515 982.19 99.921 -66.014 1027.3 94.164
0.74167 -27.634 925.21 90.582 -70.118 994.43 99.936 -67.658 1036.8 94.183
0.75 -29.073 938.43 90.917 -71.598 1006.6 99.912 -69.277 1046.3 94.229
0.75833 -30.561 951.42 91.263 -72.942 1018.7 99.848 -70.853 1055.9 94.309
0.76667 -32.094 964.16 91.605 -74.149 1030.6 99.744 -72.368 1065.4 94.425
0.775 -33.668 976.67 91.931 -75.219 1042.4 99.602 -73.801 1075 94.578
0.78333 -35.282 988.96 92.238 -76.161 1054 99.419 -75.128 1084.6 94.76
0.79167 -36.937 1001.1 92.525 -76.989 1065.4 99.197 -76.329 1094.3 94.965
0.8 -38.627 1013.1 92.796 -77.72 1076.5 98.936 -77.382 1104 95.179
0.80833 -40.343 1025 93.056 -78.372 1087.4 98.637 -78.275 1113.9 95.391
0.81667 -42.067 1036.8 93.309 -78.965 1098.1 98.302 -78.995 1123.7 95.586
0.825 -43.781 1048.5 93.559 -79.515 1108.6 97.935 -79.541 1133.7 95.754
0.83333 -45.459 1060.2 93.808 -80.038 1118.9 97.539 -79.917 1143.8 95.885
0.84167 -47.081 1071.9 94.061 -80.546 1129.1 97.121 -80.133 1153.9 95.974
0.85 -48.619 1083.5 94.318 -81.046 1139.2 96.686 -80.205 1164.1 96.017
0.85833 -50.057 1095 94.581 -81.544 1149.2 96.24 -80.154 1174.3 96.015
0.86667 -51.375 1106.5 94.851 -82.039 1159.1 95.791 -80.002 1184.5 95.972
0.875 -52.563 1117.9 95.128 -82.531 1169.1 95.344 -79.774 1194.8 95.893
0.88333 -53.616 1129.1 95.412 -83.016 1179.1 94.903 -79.49 1205 95.785
0.89167 -54.538 1140.3 95.702 -83.492 1189.1 94.472 -79.169 1215.3 95.654
0.9 -55.343 1151.4 96 -83.956 1199.2 94.051 -78.826 1225.5 95.507
0.90833 -56.049 1162.5 96.307 -84.405 1209.4 93.642 -78.469 1235.7 95.346
0.91667 -56.676 1173.5 96.624 -84.838 1219.6 93.244 -78.105 1245.9 95.176
0.925 -57.247 1184.4 96.952 -85.257 1229.9 92.858 -77.736 1256.1 94.998
0.93333 -57.779 1195.3 97.291 -85.661 1240.3 92.484 -77.359 1266.2 94.813
0.94167 -58.289 1206.1 97.64 -86.052 1250.7 92.122 -76.973 1276.3 94.621
0.95 -58.785 1217 97.995 -86.431 1261.1 91.776 -76.575 1286.3 94.421
0.95833 -59.273 1227.8 98.354 -86.8 1271.6 91.448 -76.164 1296.3 94.213
0.96667 -59.748 1238.6 98.712 -87.159 1282.1 91.14 -75.74 1306.3 94.001
0.975 -60.203 1249.4 99.063 -87.51 1292.7 90.856 -75.305 1316.3 93.784
0.98333 -60.629 1260.1 99.405 -87.852 1303.4 90.599 -74.863 1326.2 93.567
0.99167 -61.008 1270.9 99.731 -88.188 1314.1 90.371 -74.422 1336.2 93.353
1 -61.333 1281.6 100.04 -88.518 1324.9 90.174 -73.987 1346.1 93.146
1.0083 -61.592 1292.4 100.33 -88.846 1335.8 90.009 -73.565 1356.1 92.951
1.0167 -61.778 1303.2 100.61 -89.173 1346.8 89.876 -73.161 1366.1 92.77
1.025 -61.893 1314.1 100.87 -89.504 1357.9 89.774 -72.778 1376.1 92.605
1.0333 -61.935 1325 101.11 -89.841 1369 89.7 -72.415 1386.1 92.456
1.0417 -61.908 1336.1 101.34 -90.186 1380.3 89.651 -72.071 1396.2 92.324
1.05 -61.819 1347.3 101.55 -90.541 1391.6 89.627 -71.74 1406.3 92.205
1.0583 -61.672 1358.6 101.75 -90.903 1403 89.623 -71.416 1416.5 92.097
1.0667 -61.473 1370.1 101.94 -91.268 1414.4 89.639 -71.093 1426.8 91.998
1.075 -61.231 1381.7 102.12 -91.631 1425.9 89.674 -70.764 1437.1 91.905
1.0833 -60.952 1393.6 102.29 -91.983 1437.4 89.725 -70.422 1447.5 91.816
1.0917 -60.645 1405.6 102.45 -92.31 1449 89.797 -70.067 1458 91.731
1.1 -60.335 1417.8 102.61 -92.604 1460.6 89.885 -69.695 1468.6 91.65
1.1083 -60.045 1430.1 102.76 -92.852 1472.2 89.987 -69.31 1479.2 91.577
1.1167 -59.796 1442.6 102.9 -93.037 1483.9 90.112 -68.917 1489.9 91.514
1.125 -59.608 1455.1 103.03 -93.156 1495.7 90.246 -68.521 1500.6 91.465
1.1333 -59.485 1467.7 103.13 -93.196 1507.5 90.391 -68.129 1511.5 91.434
1.1417 -59.421 1480.2 103.21 -93.154 1519.5 90.539 -67.748 1522.4 91.424
1.15 -59.403 1492.8 103.27 -93.029 1531.6 90.685 -67.383 1533.3 91.437
1.1583 -59.418 1505.5 103.32 -92.816 1543.9 90.825 -67.039 1544.4 91.473
1.1667 -59.453 1518.2 103.36 -92.521 1556.3 90.95 -66.716 1555.5 91.534
1.175 -59.497 1531.1 103.39 -92.148 1568.9 91.056 -66.414 1566.8 91.616
1.1833 -59.544 1544.2 103.43 -91.706 1581.7 91.132 -66.131 1578.1 91.718
1.1917 -59.593 1557.6 103.48 -91.199 1594.6 91.178 -65.862 1589.5 91.836
1.2 -59.644 1571.2 103.54 -90.638 1607.7 91.193 -65.603 1601 91.967
1.2083 -59.702 1585.2 103.61 -90.033 1620.9 91.178 -65.349 1612.6 92.109
1.2167 -59.779 1599.5 103.67 -89.393 1634.2 91.137 -65.094 1624.2 92.258
1.225 -59.887 1614 103.72 -88.732 1647.6 91.075 -64.836 1635.9 92.411
1.2333 -60.039 1628.8 103.74 -88.064 1661 91 -64.572 1647.7 92.567
1.2417 -60.241 1643.7 103.72 -87.411 1674.4 90.919 -64.301 1659.6 92.721
1.25 -60.496 1658.6 103.65 -86.785 1687.8 90.843 -64.024 1671.5 92.871
1.2583 -60.789 1673.5 103.52 -86.21 1701.2 90.78 -63.745 1683.4 93.01
1.2667 -61.095 1688.3 103.34 -85.705 1714.4 90.738 -63.465 1695.4 93.135
1.275 -61.38 1702.9 103.12 -85.29 1727.6 90.724 -63.191 1707.3 93.238
1.2833 -61.61 1717.2 102.86 -84.984 1740.7 90.745 -62.928 1719.3 93.313
1.2917 -61.755 1731.3 102.58 -84.802 1753.7 90.804 -62.683 1731.3 93.351
1.3 -61.806 1745.2 102.3 -84.755 1766.6 90.903 -62.465 1743.4 93.349
1.3083 -61.763 1758.7 102.02 -84.85 1779.3 91.044 -62.284 1755.4 93.303
1.3167 -61.636 1772 101.78 -85.09 1791.8 91.225 -62.151 1767.4 93.21
1.325 -61.436 1785 101.57 -85.469 1804.2 91.445 -62.08 1779.3 93.075
1.3333 -61.172 1797.9 101.41 -85.981 1816.4 91.699 -62.084 1791.3 92.903
1.3417 -60.851 1810.5 101.29 -86.611 1828.5 91.985 -62.18 1803.3 92.703
1.35 -60.486 1823 101.21 -87.346 1840.4 92.297 -62.383 1815.2 92.489
1.3583 -60.098 1835.4 101.16 -88.167 1852.1 92.632 -62.711 1827.1 92.274
1.3667 -59.712 1847.8 101.14 -89.056 1863.7 92.986 -63.177 1839 92.072
1.375 -59.357 1860 101.12 -89.997 1875.2 93.357 -63.794 1850.8 91.9
1.3833 -59.063 1872.3 101.11 -90.976 1886.6 93.742 -64.573 1862.7 91.77
1.3917 -58.855 1884.4 101.07 -91.982 1897.9 94.141 -65.517 1874.6 91.691
1.4 -58.759 1896.5 101.01 -93.01 1909.1 94.554 -66.627 1886.4 91.669
1.4083 -58.793 1908.5 100.92 -94.058 1920.3 94.979 -67.899 1898.3 91.707
1.4167 -58.972 1920.3 100.79 -95.127 1931.5 95.419 -69.323 1910.3 91.801
1.425 -59.302 1932.1 100.64 -96.222 1942.7 95.873 -70.886 1922.2 91.945
1.4333 -59.788 1943.7 100.45 -97.348 1953.9 96.341 -72.572 1934.3 92.131
1.4417 -60.419 1955.2 100.25 -98.512 1965.1 96.825 -74.362 1946.3 92.348
1.45 -61.178 1966.6 100.05 -99.716 1976.4 97.322 -76.239 1958.4 92.587
1.4583 -62.047 1977.8 99.854 -100.97 1987.7 97.832 -78.185 1970.6 92.838
1.4667 -63.004 1989 99.675 -102.26 1999.1 98.351 -80.186 1982.8 93.095
1.475 -64.025 2000.1 99.518 -103.6 2010.5 98.877 -82.229 1995.1 93.354
1.4833 -65.091 2011.1 99.387 -104.97 2022 99.404 -84.306 2007.4 93.615
1.4917 -66.183 2022.1 99.28 -106.38 2033.5 99.93 -86.412 2019.6 93.88
1.5 -67.289 2033.1 99.192 -107.82 2045 100.45 -88.542 2031.9 94.15
1.5083 -68.405 2044.1 99.115 -109.28 2056.6 100.95 -90.695 2044.1 94.43
1.5167 -69.527 2055.1 99.039 -110.75 2068.1 101.45 -92.868 2056.3 94.721
1.525 -70.658 2066.1 98.957 -112.24 2079.7 101.92 -95.06 2068.5 95.025
1.5333 -71.805 2077.1 98.861 -113.74 2091.3 102.38 -97.267 2080.7 95.338
1.5417 -72.973 2088.2 98.747 -115.25 2102.9 102.81 -99.484 2092.8 95.658
1.55 -74.172 2099.3 98.615 -116.78 2114.6 103.22 -101.71 2104.8 95.979
1.5583 -75.412 2110.4 98.47 -118.34 2126.2 103.61 -103.92 2116.9 96.291
1.5667 -76.697 2121.5 98.317 -119.91 2137.9 103.98 -106.13 2128.9 96.588
1.575 -78.037 2132.6 98.167 -121.53 2149.7 104.33 -108.32 2140.9 96.86
1.5833 -79.444 2143.7 98.029 -123.18 2161.4 104.66 -110.48 2152.9 97.103
1.5917 -80.92 2154.9 97.912 -124.88 2173.3 104.96 -112.62 2165 97.313
1.6 -82.484 2166.2 97.82 -126.62 2185.2 105.24 -114.74 2177 97.489
1.6083 -84.138 2177.6 97.756 -128.43 2197.1 105.49 -116.83 2189 97.636
1.6167 -85.894 2189.1 97.717 -130.3 2209.2 105.71 -118.91 2201 97.76
1.625 -87.752 2200.7 97.703 -132.23 2221.3 105.9 -120.99 2213 97.87
1.6333 -89.714 2212.6 97.71 -134.22 2233.4 106.07 -123.09 2225 97.975
1.6417 -91.777 2224.6 97.741 -136.28 2245.7 106.21 -125.21 2237 98.086
1.65 -93.937 2236.7 97.795 -138.4 2258 106.33 -127.38 2249 98.21
1.6583 -96.196 2249 97.873 -140.59 2270.3 106.42 -129.61 2260.9 98.353
1.6667 -98.557 2261.3 97.974 -142.84 2282.7 106.5 -131.9 2272.9 98.517
1.675 -101.02 2273.7 98.091 -145.16 2295.2 106.57 -134.25 2284.8 98.698
1.6833 -103.59 2286.2 98.22 -147.56 2307.6 106.63 -136.68 2296.8 98.891
1.6917 -106.25 2298.7 98.35 -150.02 2320.1 106.7 -139.18 2308.8 99.086
1.7 -109.02 2311.4 98.478 -152.57 2332.6 106.78 -141.73 2320.9 99.271
1.7083 -111.88 2324.3 98.596 -155.19 2345 106.87 -144.34 2332.9 99.434
1.7167 -114.84 2337.3 98.702 -157.9 2357.5 106.98 -146.99 2345.1 99.565
1.725 -117.88 2350.5 98.794 -160.69 2370 107.1 -149.66 2357.2 99.656
1.7333 -121.01 2364 98.873 -163.57 2382.4 107.24 -152.37 2369.4 99.706
1.7417 -124.22 2377.6 98.947 -166.53 2394.9 107.4 -155.09 2381.7 99.714
1.75 -127.49 2391.4 99.026 -169.55 2407.4 107.56 -157.84 2393.9 99.689
1.7583 -130.83 2405.4 99.115 -172.63 2419.9 107.72 -160.6 2406.2 99.641
1.7667 -134.23 2419.5 99.231 -175.75 2432.5 107.88 -163.39 2418.4 99.585
1.775 -137.66 2433.6 99.381 -178.88 2445 108.03 -166.2 2430.6 99.537
1.7833 -141.14 2447.6 99.57 -182 2457.6 108.16 -169.06 2442.8 99.513
1.7917 -144.63 2461.5 99.8 -185.08 2470.1 108.27 -171.95 2455 99.53
1.8 -148.14 2475.2 100.07 -188.09 2482.7 108.35 -174.89 2467.1 99.6
1.8083 -151.63 2488.7 100.36 -191.01 2495.2 108.4 -177.87 2479.2 99.732
1.8167 -155.09 2501.9 100.67 -193.81 2507.7 108.43 -180.88 2491.3 99.93
1.825 -158.5 2514.9 100.98 -196.48 2520 108.42 -183.93 2503.5 100.19
1.8333 -161.86 2527.5 101.27 -199.01 2532.3 108.38 -187 2515.6 100.51
1.8417 -165.16 2539.9 101.54 -201.39 2544.5 108.31 -190.07 2527.8 100.88
1.85 -168.4 2552 101.76 -203.64 2556.5 108.21 -193.12 2540.1 101.29
1.8583 -171.59 2563.9 101.96 -205.75 2568.4 108.08 -196.14 2552.4 101.71
1.8667 -174.76 2575.7 102.11 -207.75 2580.1 107.92 -199.11 2564.8 102.14
1.875 -177.91 2587.3 102.24 -209.66 2591.7 107.74 -202.01 2577.2 102.56
1.8833 -181.04 2598.8 102.34 -211.5 2603.1 107.53 -204.83 2589.8 102.95
1.8917 -184.15 2610.3 102.43 -213.29 2614.4 107.29 -207.56 2602.4 103.32
1.9 -187.23 2621.8 102.52 -215.05 2625.6 107.03 -210.2 2615 103.65
1.9083 -190.27 2633.2 102.61 -216.78 2636.7 106.75 -212.74 2627.7 103.94
1.9167 -193.24 2644.7 102.72 -218.52 2647.7 106.46 -215.18 2640.5 104.19
1.925 -196.13 2656.2 102.86 -220.25 2658.6 106.15 -217.54 2653.2 104.4
1.9333 -198.91 2667.7 103.03 -221.98 2669.5 105.83 -219.82 2666.1 104.58
1.9417 -201.56 2679.3 103.24 -223.72 2680.4 105.51 -222.03 2678.9 104.73
1.95 -204.07 2690.8 103.49 -225.46 2691.3 105.18 -224.18 2691.7 104.86
1.9583 -206.45 2702.4 103.78 -227.19 2702.2 104.86 -226.28 2704.6 104.97
1.9667 -208.68 2713.9 104.1 -228.91 2713.1 104.54 -228.34 2717.5 105.06
1.975 -210.79 2725.3 104.45 -230.63 2724.1 104.23 -230.36 2730.4 105.13
1.9833 -212.81 2736.8 104.81 -232.34 2735.1 103.93 -232.35 2743.4 105.2
1.9917 -214.75 2748.1 105.19 -234.04 2746.1 103.64 -234.32 2756.3 105.26
2 -216.63 2759.4 105.58 -235.73 2757.3 103.35 -236.26 2769.3 105.3
2.0083 -218.48 2770.6 105.98 -237.42 2768.5 103.08 -238.18 2782.2 105.35
2.0167 -220.31 2781.7 106.38 -239.12 2779.7 102.83 -240.06 2795.1 105.38
2.025 -222.13 2792.8 106.78 -240.82 2791.1 102.58 -241.93 2808 105.41
2.0333 -223.94 2803.9 107.19 -242.53 2802.6 102.35 -243.76 2820.9 105.44
2.0417 -225.73 2814.9 107.61 -244.26 2814.1 102.14 -245.57 2833.7 105.46
2.05 -227.49 2826 108.03 -246 2825.7 101.94 -247.36 2846.5 105.49
2.0583 -229.19 2837 108.46 -247.71 2837.5 101.76 -249.76 2858.8 106.36
2.0667 -230.83 2848.2 108.89 -249.48 2849.3 101.6 -251.52 2871.5 106.4
2.075 -232.38 2859.4 109.33 -251.25 2861.2 101.47 -253.29 2884.2 106.45
2.0833 -233.84 2870.7 109.78 -253.03 2873.2 101.36 -255.05 2896.9 106.51
2.0917 -235.21 2882.2 110.21 -254.81 2885.2 101.26 -256.81 2909.7 106.6
2.1 -236.48 2893.7 110.63 -256.59 2897.3 101.19 -258.59 2922.4 106.7
2.1083 -237.66 2905.4 111.02 -258.37 2909.5 101.13 -260.38 2935.2 106.83
2.1167 -238.78 2917.2 111.4 -260.14 2921.7 101.08 -262.18 2948 106.98
2.125 -239.84 2929.2 111.74 -261.89 2934 101.04 -263.99 2960.8 107.16
2.1333 -240.87 2941.3 112.04 -263.63 2946.4 101.02 -265.8 2973.7 107.35
2.1417 -241.89 2953.5 112.32 -265.34 2958.8 101 -267.62 2986.7 107.57
2.15 -242.92 2965.9 112.56 -267.02 2971.2 100.99 -269.42 2999.7 107.8
2.1583 -243.98 2978.4 112.79 -268.67 2983.7 100.99 -271.21 3012.7 108.04
2.1667 -245.08 2991 113 -270.28 2996.3 101.01 -272.98 3025.9 108.29
2.175 -246.23 3003.7 113.2 -271.84 3008.8 101.04 -274.72 3039 108.53
2.1833 -247.42 3016.5 113.37 -273.36 3021.5 101.08 -276.43 3052.2 108.77
2.1917 -248.65 3029.3 113.54 -274.82 3034.1 101.13 -278.12 3065.4 109.02
2.2 -249.89 3042.2 113.69 -276.22 3046.8 101.19 -279.79 3078.7 109.26
2.2083 -251.15 3055.1 113.81 -277.57 3059.6 101.26 -281.45 3092 109.51
2.2167 -252.4 3068.1 113.91 -278.86 3072.4 101.33 -283.11 3105.4 109.77
2.225 -253.66 3081.2 113.97 -280.09 3085.3 101.4 -284.79 3118.8 110.06
2.2333 -254.94 3094.4 114 -281.27 3098.2 101.44 -286.48 3132.3 110.36
2.2417 -256.26 3107.7 113.98 -282.4 3111.3 101.46 -288.22 3145.9 110.7
2.25 -257.63 3121.1 113.92 -283.49 3124.5 101.45 -289.98 3159.5 111.07
2.2583 -259.07 3134.6 113.8 -284.54 3137.7 101.4 -291.79 3173.1 111.47
2.2667 -260.58 3148.3 113.64 -285.58 3151.1 101.32 -293.63 3186.8 111.9
2.275 -262.16 3162.1 113.41 -286.61 3164.5 101.2 -295.5 3200.6 112.34
2.2833 -263.8 3176 113.13 -287.65 3177.9 101.05 -297.38 3214.3 112.78
2.2917 -265.48 3189.9 112.81 -288.74 3191.4 100.88 -299.27 3228.1 113.2
2.3 -267.17 3203.8 112.44 -289.88 3204.9 100.7 -301.15 3241.9 113.58
2.3083 -268.83 3217.7 112.05 -291.09 3218.3 100.53 -303 3255.6 113.9
2.3167 -270.45 3231.5 111.66 -292.4 3231.7 100.38 -304.83 3269.3 114.16
2.325 -271.99 3245.2 111.27 -293.81 3244.9 100.27 -306.63 3282.9 114.33
2.3333 -273.44 3258.7 110.93 -295.34 3258 100.22 -308.41 3296.4 114.43
2.3417 -274.79 3272.1 110.63 -296.98 3270.9 100.23 -310.18 3309.9 114.44
2.35 -276.02 3285.3 110.41 -298.73 3283.5 100.31 -311.97 3323.2 114.38
2.3583 -277.15 3298.3 110.26 -300.58 3295.9 100.49 -313.79 3336.5 114.27
2.3667 -278.2 3311.1 110.19 -302.52 3308.1 100.74 -315.67 3349.7 114.12
2.375 -279.19 3323.8 110.19 -304.54 3320 101.07 -317.64 3362.8 113.96
2.3833 -280.14 3336.3 110.26 -306.62 3331.7 101.47 -319.72 3375.8 113.81
2.3917 -281.09 3348.6 110.37 -308.75 3343.2 101.93 -321.94 3388.7 113.68
2.4 -282.07 3360.8 110.5 -310.91 3354.5 102.43 -324.31 3401.5 113.6
2.4083 -283.14 3372.9 110.64 -313.1 3365.7 102.98 -326.84 3414.2 113.56
2.4167 -284.31 3384.8 110.77 -315.32 3376.8 103.54 -329.53 3426.8 113.58
2.425 -285.61 3396.6 110.88 -317.54 3387.7 104.12 -332.38 3439.3 113.65
2.4333 -287.08 3408.2 110.96 -319.77 3398.6 104.72 -335.38 3451.7 113.76
2.4417 -288.7 3419.6 111 -322.02 3409.5 105.32 -338.51 3464.1 113.91
2.45 -290.49 3430.9 111.01 -324.29 3420.4 105.93 -341.77 3476.3 114.07
2.4583 -292.45 3442 111 -326.58 3431.3 106.55 -345.12 3488.5 114.23
2.4667 -294.56 3452.9 110.96 -328.91 3442.1 107.18 -348.56 3500.6 114.38
2.475 -296.81 3463.7 110.92 -331.28 3453 107.83 -352.08 3512.6 114.52
2.4833 -299.2 3474.3 110.88 -333.7 3463.9 108.49 -355.66 3524.6 114.63
2.4917 -301.71 3484.9 110.84 -336.17 3474.8 109.17 -359.31 3536.6 114.71
2.5 -304.32 3495.3 110.82 -338.7 3485.6 109.86 -363 3548.5 114.78
2.5083 -307.03 3505.6 110.82 -341.29 3496.5 110.56 -366.76 3560.3 114.84
2.5167 -309.81 3515.9 110.82 -343.93 3507.3 111.25 -370.56 3572.2 114.89
2.525 -312.66 3526.1 110.84 -346.64 3518.1 111.94 -374.41 3584 114.95
2.5333 -315.57 3536.2 110.85 -349.39 3528.9 112.6 -378.3 3595.7 115.02
2.5417 -318.52 3546.3 110.86 -352.21 3539.6 113.24 -382.22 3607.4 115.12
2.55 -321.52 3556.3 110.86 -355.07 3550.3 113.84 -386.18 3619.1 115.24
2.5583 -324.56 3566.3 110.83 -357.99 3561.1 114.39 -390.16 3630.7 115.39
2.5667 -327.64 3576.3 110.79 -360.97 3571.8 114.9 -394.15 3642.2 115.56
2.575 -330.75 3586.4 110.72 -364.06 3582.3 115.37 -397.56 3654.7 114.86
2.5833 -333.89 3596.4 110.62 -367.15 3593.1 115.78 -401.57 3666.1 115.07
2.5917 -337.05 3606.5 110.51 -370.31 3603.9 116.15 -405.58 3677.5 115.28
2.6 -340.23 3616.7 110.39 -373.53 3614.7 116.49 -409.59 3688.8 115.49
2.6083 -343.44 3626.9 110.28 -376.82 3625.7 116.79 -413.6 3700.1 115.68
2.6167 -346.67 3637.2 110.17 -380.18 3636.6 117.06 -417.61 3711.4 115.85
2.625 -349.93 3647.5 110.08 -383.61 3647.6 117.32 -421.64 3722.7 116
2.6333 -353.23 3657.9 110.02 -387.1 3658.7 117.55 -425.67 3734 116.13
2.6417 -356.58 3668.3 109.99 -390.66 3669.8 117.77 -429.73 3745.4 116.22
2.65 -360 3678.8 109.99 -394.3 3681 117.97 -433.8 3756.8 116.3
2.6583 -363.52 3689.3 110.01 -398.01 3692.1 118.15 -437.89 3768.2 116.35
2.6667 -367.16 3700 110.04 -401.8 3703.4 118.31 -442 3779.6 116.39
2.675 -370.92 3710.7 110.09 -405.67 3714.6 118.45 -446.12 3791 116.42
2.6833 -374.8 3721.6 110.14 -409.63 3725.9 118.57 -450.24 3802.3 116.44
2.6917 -378.82 3732.5 110.18 -413.68 3737.2 118.66 -454.37 3813.6 116.45
2.7 -382.93 3743.5 110.24 -417.83 3748.6 118.73 -458.51 3824.9 116.46
2.7083 -387.13 3754.5 110.29 -422.08 3760 118.8 -462.66 3836.1 116.48
2.7167 -391.41 3765.6 110.35 -426.44 3771.5 118.85 -466.82 3847.3 116.49
2.725 -395.75 3776.7 110.42 -430.9 3782.9 118.91 -471.03 3858.5 116.5
2.7333 -400.17 3787.9 110.49 -435.47 3794.4 118.97 -475.28 3869.6 116.51
2.7417 -404.66 3799.1 110.56 -440.15 3806 119.05 -479.61 3880.8 116.52
2.75 -409.25 3810.5 110.62 -444.94 3817.6 119.15 -484.04 3892 116.53
2.7583 -413.94 3822.1 110.67 -449.84 3829.1 119.27 -488.58 3903.3 116.53
2.7667 -418.76 3833.9 110.72 -454.84 3840.7 119.42 -493.26 3914.8 116.52
2.775 -423.71 3845.9 110.76 -459.94 3852.2 119.6 -498.07 3926.3 116.49
2.7833 -428.8 3858.1 110.79 -465.15 3863.8 119.79 -503.03 3937.9 116.46
2.7917 -434.02 3870.6 110.84 -470.45 3875.3 119.99 -508.13 3949.6 116.4
2.8 -439.36 3883.3 110.89 -475.84 3886.8 120.19 -513.35 3961.4 116.34
2.8083 -444.81 3896.1 110.98 -481.31 3898.3 120.39 -518.67 3973.3 116.25
2.8167 -450.33 3909.1 111.11 -486.85 3909.8 120.58 -524.07 3985.1 116.16
2.825 -455.9 3922.1 111.29 -492.45 3921.3 120.74 -529.53 3996.9 116.06
2.8333 -461.49 3935 111.53 -498.1 3932.8 120.88 -535.02 4008.6 115.96
2.8417 -467.07 3947.9 111.83 -503.76 3944.4 120.99 -540.52 4020.3 115.86
2.85 -472.61 3960.5 112.19 -509.43 3956 121.07 -546.02 4031.7 115.78
2.8583 -478.09 3972.9 112.6 -515.07 3967.7 121.12 -551.51 4043.1 115.73
2.8667 -483.51 3985 113.05 -520.67 3979.4 121.14 -556.99 4054.3 115.7
2.875 -488.86 3996.8 113.53 -526.2 3991.1 121.14 -562.46 4065.4 115.71
2.8833 -494.12 4008.2 114.02 -531.63 4002.8 121.11 -567.94 4076.5 115.77
2.8917 -499.33 4019.3 114.5 -536.93 4014.5 121.06 -573.44 4087.5 115.87
2.9 -504.49 4030.1 114.97 -542.1 4026.1 120.99 -578.96 4098.5 116
2.9083 -509.65 4040.7 115.43 -547.12 4037.5 120.9 -584.5 4109.6 116.18
2.9167 -514.81 4051 115.87 -551.98 4048.8 120.79 -590.07 4120.7 116.38
2.925 -520.01 4061.3 116.31 -556.7 4059.8 120.67 -595.66 4132 116.59
2.9333 -525.23 4071.4 116.73 -561.27 4070.7 120.53 -601.24 4143.3 116.79
2.9417 -530.49 4081.5 117.15 -565.72 4081.3 120.38 -606.8 4154.9 116.99
2.95 -535.77 4091.5 117.57 -570.07 4091.8 120.2 -612.32 4166.5 117.15
2.9583 -541.03 4101.6 118 -574.33 4102 120.02 -617.75 4178.2 117.27
2.9667 -546.26 4111.7 118.44 -578.55 4112.1 119.83 -623.07 4190 117.34
2.975 -551.42 4121.9 118.89 -582.74 4122.1 119.63 -628.26 4201.8 117.36
2.9833 -556.5 4132 119.36 -586.93 4132 119.42 -633.31 4213.6 117.34
2.9917 -561.46 4142.2 119.84 -591.13 4141.9 119.22 -638.21 4225.4 117.27
3 -566.3 4152.4 120.34 -595.37 4151.9 119.03 -642.96 4237.1 117.17
3.0083 -571.02 4162.6 120.84 -599.64 4161.9 118.85 -647.57 4248.7 117.05
3.0167 -575.62 4172.7 121.35 -603.95 4171.9 118.69 -652.06 4260.3 116.93
3.025 -580.12 4182.8 121.85 -608.3 4182.1 118.54 -656.46 4271.8 116.82
3.0333 -584.53 4192.8 122.34 -612.69 4192.4 118.42 -660.78 4283.2 116.72
3.0417 -588.89 4202.8 122.83 -617.11 4202.7 118.32 -665.07 4294.5 116.66
3.05 -593.21 4212.7 123.3 -621.56 4213.2 118.25 -669.34 4305.7 116.63
3.0583 -597.51 4222.5 123.76 -626.04 4223.8 118.19 -673.6 4316.9 116.63
3.0667 -601.81 4232.3 124.21 -630.53 4234.4 118.16 -677.87 4328.1 116.66
3.075 -606.1 4242.1 124.65 -635.05 4245.1 118.15 -682.15 4339.3 116.71
3.0833 -610.39 4251.8 125.08 -639.59 4255.8 118.16 -686.44 4350.4 116.77
3.0917 -614.66 4261.6 125.52 -644.15 4266.6 118.18 -690.73 4361.6 116.82
3.1 -618.9 4271.4 125.95 -648.76 4277.3 118.22 -695.02 4372.8 116.87
3.1083 -623.09 4281.3 126.37 -653.4 4288.2 118.28 -699.29 4384 116.88
3.1167 -627.23 4291.2 126.79 -658.1 4299 118.35 -703.54 4395.2 116.86
3.125 -631.3 4301.3 127.19 -662.85 4309.9 118.44 -707.78 4406.5 116.8
3.1333 -635.31 4311.4 127.56 -667.67 4320.8 118.54 -711.99 4417.7 116.69
3.1417 -639.28 4321.6 127.91 -672.54 4331.8 118.65 -716.19 4429 116.56
3.15 -643.23 4331.9 128.21 -677.47 4342.8 118.77 -720.38 4440.4 116.39
3.1583 -647.19 4342.2 128.47 -682.45 4353.9 118.9 -724.57 4451.7 116.21
3.1667 -651.18 4352.7 128.67 -687.46 4365 119.03 -728.77 4463.1 116.01
3.175 -655.24 4363.3 128.82 -692.51 4376.2 119.15 -732.98 4474.6 115.82
3.1833 -659.38 4373.9 128.93 -697.56 4387.5 119.27 -737.21 4486.1 115.64
3.1917 -663.63 4384.7 128.99 -702.63 4398.8 119.38 -741.45 4497.6 115.48
3.2 -668 4395.6 129.04 -707.68 4410.1 119.48 -745.71 4509.1 115.35
3.2083 -672.47 4406.6 129.06 -712.71 4421.5 119.56 -749.97 4520.7 115.23
3.2167 -677.05 4417.7 129.09 -717.72 4433 119.63 -754.22 4532.3 115.14
3.225 -681.74 4429 129.12 -722.71 4444.6 119.67 -758.47 4543.9 115.05
3.2333 -686.5 4440.4 129.18 -727.67 4456.2 119.71 -762.7 4555.5 114.98
3.2417 -691.35 4452 129.27 -732.6 4468 119.73 -766.92 4567 114.91
3.25 -696.28 4463.7 129.4 -737.52 4479.8 119.73 -771.14 4578.6 114.85
3.2583 -701.28 4475.5 129.56 -742.43 4491.8 119.71 -775.36 4590.2 114.78
3.2667 -706.37 4487.4 129.75 -747.33 4503.9 119.68 -779.6 4601.7 114.72
3.275 -711.57 4499.5 129.98 -752.24 4516.1 119.63 -783.89 4613.3 114.66
3.2833 -716.88 4511.7 130.24 -757.15 4528.5 119.56 -788.23 4624.9 114.62
3.2917 -722.33 4524 130.5 -762.08 4541 119.47 -792.65 4636.5 114.59
3.3 -727.92 4536.4 130.75 -767.01 4553.6 119.37 -797.16 4648.1 114.59
3.3083 -733.66 4548.9 130.98 -771.95 4566.4 119.24 -801.76 4659.9 114.61
3.3167 -739.54 4561.5 131.16 -776.9 4579.3 119.11 -806.45 4671.7 114.67
3.325 -745.53 4574.2 131.28 -781.85 4592.3 118.96 -811.22 4683.6 114.77
3.3333 -751.61 4586.9 131.32 -786.8 4605.3 118.8 -816.06 4695.5 114.89
3.3417 -757.74 4599.7 131.27 -791.76 4618.3 118.64 -820.93 4707.6 115.02
3.35 -763.86 4612.4 131.14 -796.71 4631.3 118.5 -825.81 4719.6 115.17
3.3583 -769.92 4625.2 130.91 -801.67 4644.3 118.36 -830.68 4731.8 115.32
3.3667 -775.88 4637.9 130.61 -806.63 4657.2 118.26 -835.53 4743.9 115.46
3.375 -781.69 4650.5 130.25 -811.6 4669.9 118.18 -840.33 4756 115.57
3.3833 -787.3 4663 129.84 -816.58 4682.4 118.16 -845.09 4768 115.64
3.3917 -792.69 4675.4 129.41 -821.58 4694.7 118.18 -849.81 4779.9 115.69
3.4 -797.85 4687.7 128.96 -826.6 4706.8 118.25 -854.51 4791.8 115.7
3.4083 -802.78 4699.9 128.52 -831.63 4718.6 118.38 -859.21 4803.4 115.69
3.4167 -807.5 4711.8 128.1 -836.68 4730.1 118.56 -863.95 4815 115.65
3.425 -812.07 4723.7 127.7 -841.74 4741.3 118.79 -868.75 4826.3 115.61
3.4333 -816.52 4735.3 127.33 -846.79 4752.2 119.06 -873.65 4837.5 115.59
3.4417 -820.91 4746.9 126.97 -851.84 4762.8 119.36 -878.68 4848.6 115.58
3.45 -825.27 4758.3 126.64 -856.86 4773.2 119.69 -883.84 4859.4 115.6
3.4583 -829.67 4769.7 126.31 -861.85 4783.3 120.03 -889.15 4870.1 115.67
3.4667 -834.13 4780.9 126 -866.8 4793.2 120.37 -894.62 4880.6 115.77
3.475 -838.66 4792.1 125.7 -871.71 4802.9 120.71 -900.23 4891 115.92
3.4833 -843.29 4803.1 125.4 -876.58 4812.4 121.03 -905.97 4901.3 116.11
3.4917 -848 4814.1 125.12 -881.41 4821.8 121.35 -911.82 4911.5 116.32
3.5 -852.78 4824.9 124.85 -886.2 4831.1 121.64 -917.75 4921.5 116.56
3.5083 -857.61 4835.6 124.6 -890.97 4840.4 121.92 -923.76 4931.5 116.8
3.5167 -862.47 4846.2 124.38 -895.74 4849.5 122.19 -929.81 4941.3 117.03
3.525 -867.34 4856.7 124.17 -900.52 4858.7 122.45 -935.89 4951 117.26
3.5333 -872.2 4867 124 -905.34 4867.9 122.71 -941.99 4960.7 117.48
3.5417 -877.06 4877.1 123.85 -910.2 4877.1 122.97 -948.11 4970.3 117.68
3.55 -881.91 4887.1 123.72 -915.14 4886.3 123.23 -954.25 4979.7 117.86
3.5583 -886.78 4897 123.59 -920.14 4895.5 123.51 -960.4 4989.1 118.04
3.5667 -891.68 4906.7 123.47 -925.23 4904.8 123.8 -966.57 4998.4 118.22
3.575 -896.63 4916.2 123.34 -930.4 4914.1 124.1 -972.76 5007.6 118.4
3.5833 -901.65 4925.7 123.18 -935.66 4923.5 124.4 -978.97 5016.7 118.59
3.5917 -906.75 4935.1 123 -940.99 4932.8 124.71 -985.21 5025.8 118.79
3.6 -911.93 4944.4 122.8 -946.4 4942.2 125.02 -991.46 5034.8 119.01
3.6083 -917.18 4953.7 122.56 -951.86 4951.6 125.32 -997.72 5043.8 119.25
3.6167 -922.5 4963 122.3 -957.37 4961.1 125.61 -1004 5052.7 119.49
3.625 -927.87 4972.4 122.01 -962.92 4970.5 125.89 -1010.3 5061.6 119.74
