0.0083333 -3.4511 2.3805 98.803 -28.744 102.84 89.94 1.1807 227.51 82.775
0.016667 -2.9412 10.015 98.827 -27.972 111.38 89.914 2.3794 236.41 82.716
0.025 -2.3933 17.876 98.875 -27.13 120.06 89.87 3.6411 245.3 82.653
0.033333 -1.7951 25.971 98.938 -26.209 128.89 89.808 4.9628 254.17 82.589
0.041667 -1.1385 34.314 99.007 -25.202 137.88 89.728 6.3399 263.05 82.523
0.05 -0.42269 42.918 99.074 -24.101 147.05 89.628 7.7686 271.96 82.459
0.058333 0.34877 51.804 99.131 -22.898 156.38 89.512 9.2432 280.9 82.399
0.066667 1.1667 60.989 99.171 -21.589 165.88 89.38 10.761 289.92 82.346
0.075 2.0146 70.486 99.193 -20.172 175.55 89.233 12.319 299.02 82.303
0.083333 2.8755 80.303 99.195 -18.651 185.39 89.071 13.918 308.24 82.272
0.091667 3.7369 90.444 99.177 -17.027 195.38 88.9 15.558 317.59 82.254
0.1 4.5859 100.9 99.141 -15.31 205.5 88.724 17.241 327.07 82.25
0.10833 5.412 111.65 99.089 -13.517 215.74 88.544 18.972 336.67 82.258
0.11667 6.2139 122.66 99.023 -11.662 226.08 88.365 20.75 346.38 82.276
0.125 7.0017 133.9 98.944 -9.7652 236.51 88.196 22.577 356.17 82.299
0.13333 7.7832 145.32 98.851 -7.8508 246.99 88.039 24.449 366.02 82.324
0.14167 8.5831 156.87 98.743 -5.9394 257.5 87.903 26.36 375.87 82.343
0.15 9.4266 168.5 98.617 -4.0544 268.01 87.793 28.301 385.7 82.353
0.15833 10.34 180.17 98.474 -2.2175 278.5 87.714 30.255 395.45 82.348
0.16667 11.349 191.82 98.308 -0.44742 288.95 87.672 32.204 405.11 82.326
0.175 12.473 203.44 98.121 1.2403 299.32 87.671 34.125 414.64 82.283
0.18333 13.72 214.99 97.911 2.8332 309.61 87.711 35.994 424.04 82.222
0.19167 15.085 226.45 97.679 4.3235 319.79 87.793 37.785 433.3 82.144
0.2 16.552 237.83 97.426 5.7074 329.84 87.917 39.474 442.43 82.052
0.20833 18.094 249.11 97.154 6.9847 339.77 88.079 41.039 451.45 81.953
0.21667 19.676 260.3 96.869 8.159 349.57 88.275 42.459 460.39 81.853
0.225 21.27 271.41 96.571 9.2363 359.24 88.499 43.721 469.27 81.758
0.23333 22.85 282.47 96.263 10.225 368.8 88.747 44.814 478.14 81.677
0.24167 24.397 293.46 95.951 11.134 378.25 89.012 45.734 487.01 81.614
0.25 25.896 304.41 95.64 11.973 387.63 89.288 46.483 495.92 81.574
0.25833 27.341 315.3 95.334 12.752 396.94 89.573 47.065 504.89 81.561
0.26667 28.728 326.12 95.04 13.48 406.22 89.864 47.489 513.94 81.575
0.275 30.055 336.87 94.763 14.163 415.47 90.159 47.77 523.08 81.617
0.28333 31.33 347.54 94.504 14.808 424.73 90.457 47.919 532.31 81.683
0.29167 32.553 358.13 94.264 15.418 434 90.758 47.953 541.63 81.77
0.3 33.726 368.63 94.044 15.998 443.31 91.064 47.885 551.04 81.875
0.30833 34.853 379.04 93.84 16.55 452.66 91.375 47.73 560.53 81.993
0.31667 35.93 389.38 93.649 17.074 462.07 91.691 47.497 570.09 82.12
0.325 36.95 399.64 93.468 17.573 471.53 92.011 47.198 579.71 82.254
0.33333 37.904 409.85 93.29 18.045 481.05 92.332 46.839 589.36 82.392
0.34167 38.788 420.01 93.112 18.492 490.64 92.651 46.428 599.06 82.534
0.35 39.599 430.14 92.932 18.915 500.29 92.964 45.97 608.77 82.681
0.35833 40.332 440.24 92.743 19.313 510.01 93.264 45.469 618.49 82.833
0.36667 40.992 450.33 92.546 19.687 519.81 93.546 44.932 628.21 82.993
0.375 41.584 460.42 92.34 20.038 529.68 93.804 44.364 637.92 83.162
0.38333 42.117 470.49 92.123 20.367 539.63 94.034 43.774 647.62 83.342
0.39167 42.602 480.57 91.898 20.675 549.65 94.231 43.171 657.31 83.533
0.4 43.051 490.64 91.664 20.963 559.76 94.394 42.566 666.99 83.733
0.40833 43.474 500.7 91.421 21.233 569.95 94.523 41.973 676.66 83.94
0.41667 43.879 510.76 91.173 21.486 580.22 94.62 41.404 686.34 84.151
0.425 44.27 520.81 90.919 21.725 590.57 94.689 40.874 696.05 84.359
0.43333 44.648 530.85 90.663 21.951 600.98 94.734 40.395 705.8 84.56
0.44167 45.011 540.89 90.408 22.166 611.45 94.761 39.978 715.62 84.745
0.45 45.349 550.93 90.159 22.368 621.98 94.774 39.63 725.54 84.91
0.45833 45.66 560.99 89.92 22.557 632.55 94.777 39.356 735.56 85.049
0.46667 45.937 571.09 89.699 22.733 643.16 94.774 39.156 745.71 85.159
0.475 46.176 581.22 89.496 22.891 653.81 94.765 39.027 755.99 85.238
0.48333 46.37 591.43 89.314 23.028 664.49 94.751 38.959 766.42 85.288
0.49167 46.524 601.73 89.155 23.143 675.21 94.732 38.94 776.99 85.311
0.5 46.642 612.15 89.015 23.234 685.99 94.707 38.956 787.68 85.314
0.50833 46.727 622.72 88.889 23.3 696.83 94.676 38.99 798.48 85.303
0.51667 46.786 633.44 88.771 23.339 707.76 94.637 39.025 809.38 85.285
0.525 46.83 644.34 88.657 23.352 718.79 94.592 39.045 820.35 85.268
0.53333 46.861 655.41 88.544 23.34 729.94 94.542 39.036 831.37 85.258
0.54167 46.877 666.63 88.431 23.303 741.24 94.492 38.988 842.45 85.262
0.55 46.879 678 88.322 23.241 752.69 94.445 38.893 853.57 85.28
0.55833 46.857 689.5 88.216 23.153 764.31 94.408 38.746 864.74 85.314
0.56667 46.809 701.13 88.116 23.034 776.11 94.387 38.549 875.97 85.362
0.575 46.735 712.9 88.015 22.884 788.08 94.39 38.303 887.28 85.419
0.58333 46.631 724.85 87.916 22.686 800.21 94.42 38.015 898.7 85.478
0.59167 46.503 736.99 87.811 22.442 812.5 94.482 37.69 910.25 85.533
0.6 46.351 749.38 87.698 22.136 824.91 94.572 37.337 921.96 85.576
0.60833 46.181 762.07 87.575 21.766 837.43 94.689 36.962 933.84 85.6
0.61667 46 775.06 87.44 21.326 850.03 94.828 36.574 945.91 85.601
0.625 45.817 788.4 87.295 20.814 862.7 94.983 36.175 958.15 85.573
0.63333 45.639 802.05 87.143 20.233 875.42 95.145 35.772 970.55 85.517
0.64167 45.477 816 86.994 19.59 888.19 95.305 35.366 983.09 85.434
0.65 45.339 830.18 86.858 18.898 900.99 95.454 34.96 995.72 85.328
0.65833 45.227 844.54 86.746 18.177 913.83 95.582 34.557 1008.4 85.204
0.66667 45.14 858.99 86.673 17.449 926.7 95.68 34.16 1021.1 85.07
0.675 45.073 873.44 86.648 16.742 939.6 95.739 33.771 1033.7 84.934
0.68333 45.014 887.81 86.677 16.087 952.54 95.754 33.399 1046.3 84.804
0.69167 44.954 902.05 86.765 15.515 965.5 95.72 33.051 1058.7 84.686
0.7 44.88 916.09 86.91 15.053 978.48 95.632 32.737 1071.1 84.588
0.70833 44.782 929.9 87.105 14.728 991.46 95.488 32.472 1083.3 84.513
0.71667 44.651 943.45 87.338 14.558 1004.4 95.289 32.268 1095.4 84.463
0.725 44.485 956.74 87.593 14.556 1017.3 95.036 32.145 1107.4 84.441
0.73333 44.28 969.77 87.853 14.728 1030.2 94.73 32.118 1119.3 84.443
0.74167 44.038 982.57 88.106 15.071 1042.9 94.375 32.205 1131.2 84.468
0.75 43.76 995.17 88.34 15.577 1055.5 93.975 32.423 1143 84.51
0.75833 43.45 1007.6 88.549 16.231 1068 93.533 32.789 1154.9 84.565
0.76667 43.118 1020 88.729 17.012 1080.3 93.055 33.314 1166.8 84.626
0.775 42.779 1032.3 88.876 17.899 1092.4 92.546 34.01 1178.7 84.687
0.78333 42.457 1044.5 88.987 18.869 1104.3 92.01 34.883 1190.7 84.742
0.79167 42.178 1056.6 89.064 19.903 1116.1 91.454 35.94 1202.7 84.787
0.8 41.968 1068.7 89.104 20.98 1127.7 90.877 37.178 1214.7 84.816
0.80833 41.862 1080.8 89.116 22.087 1139.2 90.289 38.596 1226.6 84.826
0.81667 41.883 1092.8 89.105 23.215 1150.6 89.692 40.188 1238.5 84.815
0.825 42.06 1104.7 89.077 24.36 1161.9 89.091 41.943 1250.4 84.781
0.83333 42.399 1116.6 89.039 25.521 1173.2 88.489 43.85 1262.1 84.723
0.84167 42.905 1128.4 88.999 26.7 1184.5 87.888 45.895 1273.7 84.643
0.85 43.563 1140.1 88.963 27.904 1195.8 87.292 48.062 1285.2 84.542
0.85833 44.357 1151.8 88.936 29.138 1207.2 86.703 50.335 1296.5 84.421
0.86667 45.259 1163.4 88.923 30.408 1218.6 86.122 52.699 1307.7 84.284
0.875 46.236 1175 88.925 31.719 1230.1 85.551 55.138 1318.8 84.131
0.88333 47.261 1186.6 88.944 33.073 1241.7 84.991 57.638 1329.9 83.966
0.89167 48.307 1198.1 88.979 34.473 1253.3 84.443 60.187 1340.8 83.792
0.9 49.358 1209.6 89.027 35.916 1265 83.908 62.774 1351.7 83.609
0.90833 50.401 1221 89.086 37.4 1276.7 83.388 65.393 1362.5 83.421
0.91667 51.438 1232.4 89.151 38.923 1288.5 82.883 68.036 1373.3 83.228
0.925 52.477 1243.8 89.22 40.482 1300.3 82.397 70.7 1384.1 83.031
0.93333 53.535 1255.2 89.288 42.074 1312.2 81.931 73.382 1394.8 82.83
0.94167 54.635 1266.5 89.354 43.697 1324.2 81.487 76.082 1405.6 82.628
0.95 55.801 1277.8 89.416 45.352 1336.2 81.067 78.799 1416.3 82.422
0.95833 57.055 1289.2 89.473 47.041 1348.4 80.672 81.533 1427.1 82.214
0.96667 58.418 1300.6 89.526 48.764 1360.6 80.305 84.286 1437.9 82.003
0.975 59.904 1312.2 89.574 50.525 1372.9 79.965 87.058 1448.6 81.79
0.98333 61.521 1323.8 89.62 52.328 1385.4 79.651 89.849 1459.4 81.575
0.99167 63.268 1335.6 89.663 54.177 1397.9 79.365 92.66 1470.2 81.358
1 65.142 1347.4 89.707 56.075 1410.6 79.105 95.491 1480.9 81.139
1.0083 67.135 1359.5 89.753 58.024 1423.3 78.869 98.343 1491.7 80.92
1.0167 69.237 1371.6 89.807 60.029 1436.1 78.656 101.22 1502.5 80.701
1.025 71.438 1383.9 89.87 62.093 1449 78.465 104.11 1513.3 80.483
1.0333 73.725 1396.3 89.946 64.22 1462 78.293 107.03 1524.1 80.267
1.0417 76.079 1408.9 90.036 66.417 1475 78.142 109.96 1534.9 80.055
1.05 78.48 1421.5 90.139 68.687 1488.1 78.005 112.92 1545.8 79.848
1.0583 80.9 1434.3 90.249 71.043 1501.2 77.887 115.9 1556.6 79.649
1.0667 83.321 1447 90.359 73.493 1514.3 77.783 118.9 1567.5 79.46
1.075 85.731 1459.9 90.46 76.05 1527.4 77.695 121.91 1578.4 79.286
1.0833 88.133 1472.7 90.548 78.723 1540.5 77.618 124.93 1589.3 79.131
1.0917 90.536 1485.6 90.616 81.526 1553.7 77.551 127.96 1600.3 78.999
1.1 92.957 1498.7 90.662 84.469 1566.9 77.492 130.99 1611.4 78.896
1.1083 95.408 1511.8 90.685 87.558 1580.1 77.438 134.03 1622.6 78.827
1.1167 97.903 1525.2 90.684 90.796 1593.3 77.385 137.05 1633.8 78.797
1.125 100.45 1538.8 90.657 94.181 1606.6 77.33 140.07 1645.1 78.809
1.1333 103.06 1552.6 90.603 97.703 1619.9 77.271 143.08 1656.6 78.865
1.1417 105.73 1566.8 90.517 101.35 1633.3 77.203 146.09 1668.1 78.965
1.15 108.45 1581.1 90.393 105.09 1646.7 77.126 149.09 1679.7 79.106
1.1583 111.23 1595.8 90.222 108.9 1660.2 77.038 152.08 1691.4 79.284
1.1667 114.05 1610.5 89.996 112.75 1673.6 76.94 155.08 1703.1 79.489
1.175 116.89 1625.4 89.707 116.6 1687 76.833 158.09 1714.9 79.71
1.1833 119.77 1640.3 89.354 120.4 1700.5 76.72 161.11 1726.8 79.936
1.1917 122.66 1655 88.938 124.14 1713.8 76.604 164.14 1738.7 80.152
1.2 125.6 1669.6 88.467 127.75 1727.1 76.488 167.19 1750.5 80.345
1.2083 128.58 1684 87.954 131.23 1740.3 76.38 170.24 1762.4 80.504
1.2167 131.63 1698.1 87.413 134.54 1753.4 76.283 173.3 1774.3 80.62
1.225 134.75 1711.9 86.862 137.66 1766.4 76.202 176.36 1786.1 80.687
1.2333 137.95 1725.4 86.321 140.58 1779.3 76.141 179.39 1798 80.704
1.2417 141.21 1738.7 85.806 143.31 1792 76.103 182.39 1809.8 80.673
1.25 144.53 1751.7 85.331 145.84 1804.6 76.09 185.33 1821.6 80.599
1.2583 147.9 1764.5 84.902 148.2 1817 76.102 188.19 1833.5 80.492
1.2667 151.32 1777.1 84.52 150.4 1829.3 76.138 190.97 1845.3 80.361
1.275 154.78 1789.7 84.188 152.46 1841.4 76.196 193.63 1857.1 80.219
1.2833 158.27 1802.2 83.898 154.4 1853.4 76.272 196.16 1869 80.076
1.2917 161.78 1814.7 83.644 156.24 1865.2 76.364 198.56 1880.9 79.944
1.3 165.29 1827.2 83.419 158.02 1876.9 76.469 200.82 1892.9 79.831
1.3083 168.77 1839.7 83.215 159.75 1888.6 76.583 202.92 1904.9 79.743
1.3167 172.2 1852.2 83.02 161.44 1900.1 76.706 204.88 1917 79.684
1.325 175.56 1864.6 82.827 163.11 1911.5 76.837 206.7 1929.1 79.657
1.3333 178.83 1877 82.625 164.77 1922.9 76.975 208.38 1941.3 79.661
1.3417 182.01 1889.3 82.409 166.42 1934.3 77.122 209.94 1953.5 79.695
1.35 185.07 1901.5 82.176 168.08 1945.6 77.28 211.37 1965.8 79.756
1.3583 188.02 1913.7 81.924 169.74 1957 77.451 212.69 1978.1 79.841
1.3667 190.88 1925.8 81.655 171.4 1968.4 77.635 213.91 1990.5 79.947
1.375 193.65 1937.8 81.373 173.07 1979.8 77.835 215.05 2003 80.073
1.3833 196.35 1949.8 81.083 174.75 1991.2 78.049 216.1 2015.5 80.218
1.3917 199 1961.7 80.791 176.44 2002.7 78.276 217.08 2028 80.381
1.4 201.61 1973.7 80.501 178.13 2014.3 78.513 218 2040.5 80.562
1.4083 204.21 1985.6 80.217 179.84 2026 78.758 218.86 2053.1 80.761
1.4167 206.78 1997.5 79.938 181.57 2037.8 79.004 219.69 2065.6 80.98
1.425 209.34 2009.4 79.66 183.32 2049.6 79.247 220.49 2078.2 81.217
1.4333 211.87 2021.3 79.38 185.08 2061.5 79.481 221.26 2090.8 81.471
1.4417 214.35 2033.2 79.089 186.88 2073.5 79.702 222.03 2103.3 81.74
1.45 216.78 2045.1 78.782 188.69 2085.5 79.906 222.81 2115.9 82.021
1.4583 219.14 2057 78.456 190.53 2097.6 80.091 223.6 2128.4 82.308
1.4667 221.4 2068.9 78.108 192.39 2109.8 80.256 224.43 2140.9 82.597
1.475 223.55 2080.9 77.743 194.26 2122.1 80.401 225.29 2153.4 82.881
1.4833 225.59 2092.8 77.366 196.15 2134.5 80.529 226.2 2165.9 83.154
1.4917 227.53 2104.7 76.989 198.03 2146.9 80.641 227.15 2178.3 83.412
1.5 229.37 2116.7 76.626 199.91 2159.4 80.742 228.16 2190.7 83.651
1.5083 231.14 2128.7 76.288 201.77 2172 80.835 229.22 2203.1 83.867
1.5167 232.86 2140.8 75.986 203.62 2184.7 80.922 230.33 2215.5 84.061
1.525 234.56 2152.9 75.726 205.44 2197.4 81.005 231.47 2227.9 84.231
1.5333 236.27 2165.2 75.509 207.24 2210.3 81.084 232.65 2240.3 84.382
1.5417 238.02 2177.7 75.331 209.01 2223.2 81.156 233.85 2252.6 84.514
1.55 239.82 2190.3 75.185 210.77 2236.2 81.23 235.07 2265 84.634
1.5583 241.68 2203.2 75.063 212.49 2249.2 81.289 236.29 2277.5 84.743
1.5667 243.59 2216.2 74.963 214.21 2262.4 81.375 237.52 2289.9 84.848
1.575 245.52 2229.4 74.88 215.91 2275.7 81.476 238.74 2302.5 84.951
1.5833 247.42 2242.7 74.81 217.58 2289 81.589 239.95 2315.1 85.053
1.5917 249.27 2256.1 74.748 219.23 2302.5 81.71 241.16 2327.7 85.156
1.6 251.03 2269.7 74.683 220.83 2316 81.843 242.36 2340.4 85.257
1.6083 252.71 2283.4 74.621 222.41 2329.6 81.981 243.56 2353.2 85.357
1.6167 254.31 2297.3 74.543 223.95 2343.3 82.119 244.75 2366.1 85.45
1.625 255.84 2311.3 74.45 225.43 2357 82.261 245.96 2379 85.532
1.6333 257.27 2325.5 74.357 226.86 2370.7 82.405 247.16 2392 85.602
1.6417 258.81 2340.1 74.231 228.21 2384.5 82.555 248.38 2405.1 85.654
1.65 260.35 2354.8 74.114 229.54 2398.4 82.716 249.6 2418.2 85.686
1.6583 261.92 2369.8 74.016 230.8 2412.3 82.867 250.82 2431.3 85.699
1.6667 263.56 2385 73.952 232.01 2426.2 83.024 252.05 2444.5 85.693
1.675 265.22 2400.3 73.937 233.25 2440.1 83.167 253.27 2457.7 85.675
1.6833 266.99 2415.8 73.995 234.36 2454.1 83.29 254.49 2471 85.639
1.6917 268.74 2431.4 74.135 235.52 2468 83.406 255.69 2484.3 85.603
1.7 270.48 2446.8 74.369 236.71 2481.9 83.5 256.87 2497.7 85.57
1.7083 272.16 2462.2 74.695 237.94 2495.8 83.569 258.04 2511 85.548
1.7167 273.75 2477.3 75.105 239.24 2509.7 83.622 259.18 2524.4 85.545
1.725 275.23 2492.2 75.579 240.63 2523.4 83.622 260.32 2537.9 85.568
1.7333 276.59 2506.8 76.096 242.12 2537.1 83.617 261.44 2551.4 85.623
1.7417 277.81 2521.2 76.622 243.76 2550.7 83.564 262.58 2564.9 85.712
1.75 278.91 2535.1 77.13 245.52 2564.1 83.469 263.73 2578.4 85.835
1.7583 279.92 2548.8 77.597 247.39 2577.4 83.335 264.93 2591.9 85.99
1.7667 280.86 2562.3 78.005 249.38 2590.5 83.168 266.19 2605.4 86.171
1.775 281.77 2575.5 78.347 251.45 2603.5 82.976 267.53 2618.9 86.373
1.7833 282.68 2588.5 78.62 253.59 2616.3 82.763 268.98 2632.4 86.586
1.7917 283.61 2601.5 78.825 255.77 2628.9 82.535 270.56 2645.9 86.803
1.8 284.62 2614.3 78.968 257.99 2641.4 82.294 272.27 2659.3 87.013
1.8083 285.72 2627 79.063 260.21 2653.7 82.044 274.14 2672.7 87.21
1.8167 286.94 2639.7 79.124 262.43 2665.9 81.787 276.17 2686.1 87.385
1.825 288.3 2652.3 79.17 264.63 2678 81.523 278.36 2699.4 87.535
1.8333 289.81 2664.8 79.217 266.81 2689.9 81.253 280.71 2712.7 87.656
1.8417 291.47 2677.3 79.282 268.97 2701.8 80.977 283.21 2726 87.747
1.85 293.28 2689.7 79.378 271.13 2713.6 80.694 285.84 2739.3 87.81
1.8583 295.21 2702 79.515 273.27 2725.4 80.405 288.59 2752.5 87.847
1.8667 297.26 2714.3 79.697 275.43 2737.2 80.109 291.44 2765.8 87.863
1.875 299.38 2726.5 79.927 277.6 2748.9 79.809 294.36 2779 87.862
1.8833 301.57 2738.7 80.204 279.81 2760.7 79.504 297.34 2792.2 87.851
1.8917 303.78 2750.8 80.523 282.06 2772.5 79.198 300.36 2805.4 87.834
1.9 306 2762.9 80.878 284.36 2784.3 78.895 303.41 2818.5 87.815
1.9083 308.21 2775 81.262 286.71 2796.2 78.598 306.46 2831.6 87.797
1.9167 310.38 2787.1 81.667 289.1 2808.2 78.312 309.53 2844.6 87.782
1.925 312.52 2799.2 82.087 291.55 2820.2 78.043 312.59 2857.6 87.77
1.9333 314.63 2811.2 82.516 294.04 2832.3 77.793 315.66 2870.6 87.761
1.9417 316.72 2823.2 82.948 296.64 2844.6 77.568 317.91 2883.1 88.6
1.95 318.8 2835.2 83.382 299.19 2856.8 77.372 320.98 2895.9 88.594
1.9583 320.91 2847.1 83.814 301.77 2869.2 77.206 324.07 2908.7 88.581
1.9667 323.07 2859 84.244 304.36 2881.6 77.073 327.18 2921.5 88.558
1.975 325.3 2871 84.671 306.96 2894.2 76.971 330.32 2934.2 88.523
1.9833 327.63 2882.9 85.094 309.57 2906.8 76.9 333.5 2946.9 88.476
1.9917 330.07 2894.8 85.509 312.19 2919.6 76.858 336.71 2959.6 88.419
2 332.62 2906.8 85.915 314.81 2932.4 76.843 339.94 2972.3 88.353
2.0083 335.3 2918.8 86.303 317.44 2945.3 76.85 343.2 2985 88.284
2.0167 338.08 2930.8 86.677 320.1 2958.2 76.876 346.48 2997.7 88.216
2.025 340.97 2943 87.025 322.77 2971.3 76.919 349.77 3010.5 88.152
2.0333 343.94 2955.2 87.346 325.46 2984.3 76.973 353.07 3023.2 88.099
2.0417 346.98 2967.5 87.637 328.2 2997.5 77.036 356.37 3036 88.06
2.05 350.08 2980 87.905 330.97 3010.6 77.111 359.66 3048.9 88.037
2.0583 353.22 2992.6 88.15 333.78 3023.8 77.189 362.96 3061.7 88.031
2.0667 356.4 3005.3 88.378 336.65 3037 77.27 366.25 3074.6 88.041
2.075 359.6 3018.1 88.596 339.58 3050.3 77.357 369.54 3087.5 88.065
2.0833 362.81 3031.1 88.809 342.57 3063.6 77.449 372.83 3100.4 88.099
2.0917 366.02 3044.2 89.017 345.63 3077 77.535 376.13 3113.4 88.138
2.1 369.24 3057.4 89.228 348.75 3090.5 77.622 379.44 3126.3 88.181
2.1083 372.46 3070.7 89.444 351.94 3104.1 77.706 382.77 3139.3 88.223
2.1167 375.71 3084.1 89.666 355.2 3117.7 77.776 386.11 3152.3 88.264
2.125 379 3097.7 89.899 358.54 3131.5 77.837 389.47 3165.4 88.306
2.1333 382.34 3111.3 90.141 361.95 3145.3 77.878 392.84 3178.5 88.351
2.1417 385.73 3125.2 90.392 365.43 3159.3 77.895 396.21 3191.7 88.405
2.15 389.17 3139.3 90.645 368.98 3173.3 77.888 399.58 3204.9 88.474
2.1583 392.65 3153.6 90.89 372.6 3187.3 77.853 402.93 3218.2 88.566
2.1667 396.16 3168.2 91.113 376.29 3201.4 77.79 406.26 3231.6 88.688
2.175 399.67 3183 91.299 380.02 3215.6 77.699 409.56 3245 88.844
2.1833 403.17 3197.9 91.429 383.79 3229.7 77.586 412.82 3258.5 89.038
2.1917 406.63 3213 91.489 387.57 3243.9 77.455 416.04 3272.1 89.269
2.2 410.03 3228.2 91.465 391.35 3258 77.316 419.21 3285.7 89.532
2.2083 413.38 3243.4 91.353 395.09 3272 77.174 422.34 3299.4 89.82
2.2167 416.68 3258.5 91.15 398.77 3286 77.044 425.42 3313.1 90.121
2.225 419.93 3273.5 90.864 402.33 3299.9 76.932 428.46 3326.7 90.424
2.2333 423.15 3288.4 90.51 405.76 3313.7 76.853 431.45 3340.4 90.713
2.2417 426.38 3303 90.103 409.02 3327.5 76.814 434.38 3354 90.975
2.25 429.6 3317.3 89.666 412.09 3341 76.825 437.27 3367.5 91.199
2.2583 432.84 3331.4 89.221 414.94 3354.5 76.891 440.08 3381 91.377
2.2667 436.08 3345.1 88.787 417.57 3367.8 77.016 442.82 3394.4 91.505
2.275 439.31 3358.7 88.383 419.96 3381 77.2 445.45 3407.8 91.585
2.2833 442.54 3372 88.018 422.13 3393.9 77.444 447.97 3421 91.622
2.2917 445.76 3385.1 87.698 424.09 3406.7 77.741 450.35 3434.2 91.627
2.3 448.96 3398.1 87.421 425.85 3419.2 78.082 452.55 3447.4 91.614
2.3083 452.12 3410.9 87.188 427.46 3431.6 78.47 454.57 3460.5 91.598
2.3167 455.2 3423.7 86.991 428.92 3443.8 78.887 456.38 3473.6 91.594
2.325 458.17 3436.4 86.825 430.28 3455.8 79.329 457.98 3486.7 91.616
2.3333 460.98 3449 86.683 431.56 3467.6 79.787 459.34 3499.8 91.676
2.3417 463.6 3461.5 86.56 432.77 3479.4 80.257 460.47 3512.8 91.782
2.35 466 3473.9 86.451 433.94 3491 80.735 461.36 3525.9 91.939
2.3583 468.15 3486.2 86.352 435.07 3502.6 81.221 462.03 3539 92.145
2.3667 470.06 3498.4 86.266 436.16 3514.1 81.713 462.49 3552.1 92.397
2.375 471.72 3510.5 86.192 437.21 3525.6 82.212 462.75 3565.3 92.69
2.3833 473.16 3522.5 86.139 438.21 3537.2 82.719 462.82 3578.3 93.014
2.3917 474.39 3534.5 86.11 439.15 3548.8 83.236 462.73 3591.4 93.363
2.4 475.45 3546.4 86.112 440.01 3560.5 83.763 462.49 3604.5 93.727
2.4083 476.38 3558.3 86.152 440.8 3572.2 84.299 462.11 3617.4 94.1
2.4167 477.22 3570.2 86.224 441.5 3584 84.84 461.61 3630.4 94.479
2.425 478 3582.1 86.333 442.12 3595.9 85.385 461.01 3643.2 94.861
2.4333 478.77 3594.1 86.475 442.67 3607.8 85.929 460.3 3656 95.246
2.4417 479.53 3606 86.639 443.15 3619.8 86.466 459.51 3668.7 95.636
2.45 480.31 3617.9 86.816 443.57 3631.9 86.993 458.65 3681.3 96.032
2.4583 481.12 3629.8 86.992 443.95 3644 87.503 457.73 3693.9 96.437
2.4667 481.95 3641.7 87.153 444.3 3656.2 87.995 456.76 3706.4 96.85
2.475 482.8 3653.6 87.289 444.63 3668.5 88.466 455.76 3718.8 97.271
2.4833 483.65 3665.5 87.389 444.93 3680.8 88.915 454.75 3731.2 97.697
2.4917 484.5 3677.3 87.448 445.21 3693.3 89.341 453.73 3743.6 98.124
2.5 485.34 3689.1 87.466 445.46 3705.8 89.747 452.72 3756 98.544
2.5083 486.15 3700.9 87.448 445.66 3718.4 90.134 451.73 3768.4 98.95
2.5167 486.93 3712.7 87.4 445.82 3731 90.502 450.76 3780.7 99.336
2.525 487.65 3724.5 87.334 445.91 3743.7 90.855 449.81 3793.1 99.695
2.5333 488.33 3736.4 87.261 445.92 3756.5 91.191 448.88 3805.6 100.02
2.5417 488.95 3748.3 87.192 445.78 3769.3 91.521 448.7 3818.5 99.485
2.55 489.5 3760.3 87.135 445.62 3782.2 91.827 447.78 3831 99.76
2.5583 489.97 3772.3 87.093 445.37 3795.1 92.116 446.84 3843.5 100.01
2.5667 490.35 3784.5 87.063 445.02 3808.1 92.389 445.87 3856 100.24
2.575 490.65 3796.7 87.039 444.58 3821.1 92.645 444.85 3868.5 100.47
2.5833 490.85 3809.1 87.011 444.06 3834.2 92.884 443.78 3881 100.69
2.5917 490.94 3821.7 86.967 443.45 3847.4 93.109 442.62 3893.5 100.94
2.6 490.95 3834.4 86.898 442.77 3860.6 93.323 441.38 3906 101.2
2.6083 490.85 3847.2 86.801 442.01 3873.9 93.527 440.04 3918.5 101.5
2.6167 490.65 3860.2 86.678 441.16 3887.4 93.728 438.61 3931 101.83
2.625 490.34 3873.3 86.528 440.22 3900.9 93.928 437.07 3943.6 102.19
2.6333 489.89 3886.6 86.365 439.17 3914.5 94.133 435.44 3956.1 102.58
2.6417 489.3 3900 86.192 438.01 3928.3 94.345 433.71 3968.7 102.99
2.65 488.56 3913.6 86.017 436.71 3942.1 94.566 431.89 3981.4 103.41
2.6583 487.67 3927.5 85.846 435.27 3956 94.797 430 3994.2 103.82
2.6667 486.65 3941.6 85.687 433.67 3970 95.039 428.02 4007.1 104.21
2.675 485.49 3956 85.544 431.91 3984 95.288 425.97 4020.2 104.56
2.6833 484.24 3970.8 85.427 429.98 3998 95.543 423.85 4033.3 104.86
2.6917 482.88 3985.9 85.345 427.9 4012 95.798 421.65 4046.6 105.12
2.7 481.44 4001.3 85.309 425.68 4026 96.049 419.38 4060 105.32
2.7083 479.92 4017 85.334 423.33 4040 96.292 417.02 4073.5 105.48
2.7167 478.33 4032.8 85.433 420.88 4054 96.522 414.59 4087 105.59
2.725 476.67 4048.8 85.62 418.35 4068 96.738 412.07 4100.6 105.68
2.7333 474.92 4064.7 85.905 415.78 4082 96.938 409.47 4114.2 105.75
2.7417 473.09 4080.6 86.295 413.19 4096 97.123 406.79 4127.9 105.82
2.75 471.16 4096.3 86.792 410.62 4109.9 97.295 404.03 4141.4 105.91
2.7583 469.14 4111.8 87.39 408.09 4123.9 97.459 401.21 4155 106.02
2.7667 467.02 4127 88.078 405.63 4137.8 97.618 398.34 4168.5 106.16
2.775 464.8 4141.9 88.833 403.27 4151.6 97.778 395.43 4181.9 106.35
2.7833 462.5 4156.4 89.633 401.02 4165.4 97.943 392.5 4195.2 106.57
2.7917 460.13 4170.6 90.447 398.89 4179 98.118 389.57 4208.6 106.84
2.8 457.7 4184.4 91.253 396.88 4192.5 98.304 386.66 4221.8 107.13
2.8083 455.22 4197.9 92.032 394.99 4205.8 98.502 383.79 4235.1 107.45
2.8167 452.68 4211.3 92.773 393.21 4218.9 98.709 380.96 4248.4 107.78
2.825 450.08 4224.5 93.466 391.53 4231.7 98.924 378.21 4261.7 108.1
2.8333 447.42 4237.6 94.105 389.94 4244.3 99.142 375.54 4275 108.42
2.8417 444.7 4250.6 94.688 388.4 4256.6 99.358 372.95 4288.3 108.72
2.85 441.95 4263.6 95.214 386.91 4268.7 99.568 370.46 4301.6 108.99
2.8583 439.2 4276.5 95.692 385.44 4280.5 99.767 368.06 4315 109.23
2.8667 436.45 4289.3 96.132 383.98 4292.2 99.952 365.76 4328.4 109.43
2.875 433.74 4302 96.548 382.5 4303.7 100.12 363.55 4341.7 109.61
2.8833 431.1 4314.7 96.956 381.01 4315.1 100.28 361.43 4355.1 109.75
2.8917 428.55 4327.3 97.373 379.48 4326.5 100.42 359.38 4368.4 109.87
2.9 426.1 4339.7 97.815 377.92 4337.8 100.56 357.41 4381.7 109.96
2.9083 423.76 4352.1 98.294 376.32 4349.1 100.7 355.49 4394.9 110.04
2.9167 421.54 4364.3 98.82 374.68 4360.5 100.83 353.61 4408.1 110.11
2.925 419.41 4376.5 99.4 373.02 4371.9 100.98 351.76 4421.3 110.18
2.9333 417.36 4388.6 100.03 371.33 4383.4 101.13 349.93 4434.4 110.25
2.9417 415.37 4400.7 100.72 369.62 4395 101.3 348.1 4447.4 110.32
2.95 413.41 4412.7 101.46 367.89 4406.6 101.49 346.25 4460.5 110.41
2.9583 411.45 4424.7 102.23 366.15 4418.3 101.69 344.39 4473.4 110.51
2.9667 409.47 4436.7 103.04 364.4 4430.1 101.9 342.49 4486.4 110.62
2.975 407.46 4448.6 103.86 362.64 4442 102.12 340.55 4499.3 110.74
2.9833 405.41 4460.5 104.71 360.87 4454 102.36 338.58 4512.2 110.88
2.9917 403.31 4472.3 105.55 359.07 4466 102.6 336.57 4525.1 111.03
3 401.17 4484.1 106.4 357.24 4478.2 102.85 334.52 4537.9 111.18
3.0083 399.02 4495.8 107.25 355.42 4490.7 103.1 331.63 4549.8 112.36
3.0167 396.87 4507.5 108.09 353.51 4503 103.36 329.54 4562.6 112.5
3.025 394.75 4519.1 108.93 351.55 4515.5 103.61 327.44 4575.4 112.64
3.0333 392.69 4530.7 109.76 349.53 4528 103.87 325.35 4588.2 112.77
3.0417 390.71 4542.4 110.59 347.46 4540.7 104.13 323.27 4601 112.88
3.05 388.82 4554.1 111.4 345.33 4553.5 104.39 321.2 4613.8 112.98
3.0583 387.04 4565.8 112.2 343.15 4566.3 104.66 319.15 4626.7 113.07
3.0667 385.35 4577.7 112.97 340.92 4579.2 104.93 317.12 4639.5 113.15
3.075 383.75 4589.7 113.73 338.66 4592.2 105.21 315.1 4652.5 113.23
3.0833 382.22 4601.8 114.44 336.36 4605.3 105.49 313.11 4665.4 113.31
3.0917 380.73 4614.2 115.12 334.04 4618.3 105.78 311.12 4678.5 113.38
3.1 379.27 4626.7 115.75 331.7 4631.4 106.06 309.13 4691.5 113.47
3.1083 377.8 4639.4 116.33 329.35 4644.6 106.35 307.15 4704.6 113.57
3.1167 376.31 4652.3 116.86 326.99 4657.8 106.63 305.16 4717.7 113.67
3.125 374.77 4665.3 117.34 324.61 4671 106.9 303.17 4730.9 113.79
3.1333 373.15 4678.5 117.78 322.23 4684.3 107.17 301.16 4744.1 113.92
3.1417 371.44 4691.8 118.18 319.83 4697.7 107.42 299.14 4757.3 114.06
3.15 369.63 4705.2 118.53 317.42 4711.1 107.66 297.11 4770.5 114.2
3.1583 367.72 4718.7 118.84 314.98 4724.6 107.87 295.05 4783.7 114.36
3.1667 365.72 4732.2 119.1 312.53 4738.2 108.07 292.97 4797 114.52
3.175 363.63 4745.8 119.32 310.06 4751.9 108.24 290.86 4810.2 114.68
3.1833 361.48 4759.4 119.5 307.57 4765.6 108.38 288.71 4823.5 114.85
3.1917 359.26 4773.1 119.65 305.08 4779.4 108.5 286.5 4836.9 115.03
3.2 356.97 4787 119.77 302.59 4793.3 108.59 284.22 4850.3 115.23
3.2083 354.6 4801 119.87 300.12 4807.2 108.65 281.87 4863.8 115.44
3.2167 352.13 4815.3 119.96 297.67 4821.1 108.69 279.42 4877.3 115.68
3.225 349.54 4829.7 120.03 295.26 4835.1 108.7 276.87 4890.9 115.96
3.2333 346.79 4844.4 120.09 292.88 4849.1 108.69 274.22 4904.6 116.26
3.2417 343.89 4859.3 120.13 290.53 4863.1 108.67 271.47 4918.3 116.6
3.25 340.81 4874.4 120.16 288.21 4877.1 108.64 268.62 4932 116.96
3.2583 337.54 4889.5 120.15 285.89 4891.1 108.6 265.68 4945.7 117.36
3.2667 334.11 4904.6 120.12 283.55 4905.2 108.56 262.67 4959.4 117.77
3.275 330.55 4919.6 120.06 281.17 4919.2 108.55 259.6 4973 118.2
3.2833 326.9 4934.4 119.97 278.71 4933.2 108.55 256.5 4986.6 118.62
3.2917 323.2 4949 119.85 276.13 4947.2 108.6 253.37 5000.1 119.03
3.3 319.52 4963.3 119.71 273.42 4961.1 108.68 250.23 5013.5 119.42
3.3083 315.87 4977.2 119.58 270.53 4975 108.83 247.07 5026.8 119.78
3.3167 312.3 4990.7 119.44 267.47 4988.7 109.04 243.9 5040 120.1
3.325 308.81 5003.9 119.32 264.21 5002.3 109.32 240.69 5053.1 120.37
3.3333 305.4 5016.7 119.23 260.76 5015.6 109.67 237.44 5066.1 120.59
3.3417 302.09 5029.2 119.17 257.13 5028.8 110.1 234.11 5079 120.77
3.35 298.85 5041.5 119.14 253.34 5041.7 110.6 230.68 5091.9 120.9
3.3583 295.68 5053.6 119.14 249.41 5054.3 111.17 227.1 5104.8 121
3.3667 292.54 5065.6 119.15 245.37 5066.6 111.79 223.36 5117.5 121.07
3.375 289.39 5077.5 119.19 241.24 5078.6 112.47 219.42 5130.3 121.13
3.3833 286.17 5089.2 119.25 237.06 5090.4 113.2 215.27 5142.9 121.17
3.3917 282.84 5100.9 119.32 232.84 5101.8 113.96 210.89 5155.5 121.23
3.4 279.36 5112.4 119.4 228.59 5113.1 114.74 206.29 5168 121.29
3.4083 275.69 5123.7 119.5 224.33 5124.1 115.54 201.45 5180.4 121.38
3.4167 271.81 5134.9 119.6 220.06 5135 116.36 196.4 5192.7 121.49
3.425 267.72 5145.8 119.73 215.76 5145.8 117.18 191.16 5204.8 121.64
3.4333 263.41 5156.5 119.88 211.43 5156.4 118.01 185.74 5216.8 121.82
3.4417 258.9 5166.9 120.05 207.05 5166.9 118.85 180.64 5229.5 121.22
3.45 254.2 5177.1 120.25 202.61 5177.6 119.69 174.93 5241.1 121.48
3.4583 249.35 5187 120.47 198.1 5188.2 120.53 169.11 5252.5 121.77
3.4667 244.38 5196.8 120.74 193.5 5198.8 121.37 163.21 5263.7 122.1
3.475 239.29 5206.4 121.01 188.82 5209.5 122.22 157.25 5274.8 122.45
3.4833 234.16 5215.9 121.32 184.04 5220.1 123.06 151.23 5285.7 122.82
3.4917 228.98 5225.4 121.64 179.18 5230.8 123.91 145.17 5296.4 123.2
3.5 223.79 5234.8 121.98 174.23 5241.4 124.75 139.08 5307 123.6
3.5083 218.62 5244.2 122.32 169.22 5252 125.58 132.95 5317.6 123.99
3.5167 213.49 5253.7 122.66 164.13 5262.6 126.4 126.8 5328 124.39
3.525 208.39 5263.2 122.98 159 5273.2 127.21 120.61 5338.5 124.78
3.5333 203.35 5272.8 123.3 153.81 5283.7 127.99 114.39 5348.9 125.16
3.5417 198.35 5282.5 123.59 148.57 5294.2 128.76 108.14 5359.2 125.54
3.55 193.4 5292.2 123.86 143.29 5304.7 129.49 101.85 5369.6 125.9
3.5583 188.48 5301.9 124.12 137.96 5315.1 130.2 95.508 5379.9 126.26
3.5667 183.58 5311.8 124.35 132.58 5325.6 130.88 89.122 5390.2 126.61
3.575 178.66 5321.6 124.56 127.14 5336 131.53 82.683 5400.6 126.96
3.5833 173.72 5331.5 124.76 121.63 5346.4 132.13 76.186 5410.9 127.31
3.5917 168.71 5341.4 124.94 116.04 5356.8 132.7 69.63 5421.2 127.66
3.6 163.61 5351.3 125.11 110.37 5367.2 133.23 63.011 5431.5 128.02
3.6083 158.4 5361.1 125.26 104.6 5377.5 133.72 56.33 5441.7 128.37
3.6167 153.04 5371 125.39 98.727 5387.8 134.17 49.587 5451.9 128.73
3.625 147.53 5380.9 125.5 92.735 5398.1 134.57 42.784 5462.1 129.09
3.6333 141.84 5390.7 125.57 86.616 5408.4 134.94 35.921 5472.2 129.45
3.6417 135.99 5400.6 125.59 80.363 5418.6 135.27 29.001 5482.2 129.8
3.65 129.97 5410.6 125.56 73.966 5428.8 135.56 22.023 5492.2 130.14
3.6583 123.8 5420.6 125.47 67.423 5438.9 135.82 14.984 5502.1 130.47
3.6667 117.51 5430.8 125.32 60.723 5449.1 136.06 7.8797 5512 130.79
3.675 111.11 5441.1 125.13 53.864 5459.2 136.28 0.69953 5521.7 131.1
3.6833 104.58 5451.5 124.89 46.841 5469.3 136.49 -6.5679 5531.3 131.4
3.6917 97.936 5462 124.63 39.654 5479.4 136.7 -13.939 5540.9 131.7
3.7 91.137 5472.5 124.37 32.302 5489.6 136.92 -21.431 5550.3 131.99
3.7083 84.147 5483.1 124.12 24.786 5499.7 137.15 -29.064 5559.7 132.29
3.7167 76.93 5493.8 123.91 17.105 5509.9 137.4 -36.854 5568.9 132.59
3.725 69.447 5504.6 123.72 9.2719 5520 137.67 -44.818 5578.2 132.89
3.7333 61.668 5515.5 123.59 1.2818 5530.2 137.97 -52.965 5587.3 133.2
3.7417 53.582 5526.6 123.5 -6.8581 5540.4 138.3 -61.301 5596.4 133.51
3.75 45.171 5537.7 123.47 -15.137 5550.5 138.65 -69.823 5605.4 133.82
3.7583 36.464 5549.1 123.49 -23.553 5560.7 139.03 -78.522 5614.4 134.13
3.7667 27.484 5560.5 123.58 -32.093 5570.9 139.42 -87.38 5623.3 134.44
3.775 18.267 5572.1 123.74 -40.747 5581 139.84 -96.376 5632.2 134.75
3.7833 8.8726 5583.8 123.97 -49.5 5591.1 140.27 -105.48 5641 135.05
3.7917 -0.63931 5595.4 124.28 -58.335 5601.2 140.7 -114.67 5649.8 135.34
3.8 -10.207 5607 124.68 -67.231 5611.3 141.15 -123.91 5658.4 135.65
3.8083 -19.769 5618.5 125.16 -76.162 5621.4 141.59 -133.17 5667.1 135.96
3.8167 -29.265 5629.9 125.73 -85.102 5631.5 142.05 -142.44 5675.6 136.29
3.825 -38.641 5640.9 126.37 -94.019 5641.6 142.5 -151.68 5684.1 136.64
3.8333 -47.853 5651.7 127.08 -102.88 5651.7 142.96 -160.89 5692.6 137.02
3.8417 -56.867 5662.2 127.84 -111.66 5661.7 143.41 -170.05 5701 137.44
3.85 -65.665 5672.4 128.63 -120.32 5671.7 143.87 -179.15 5709.4 137.9
3.8583 -74.253 5682.2 129.42 -128.84 5681.6 144.32 -188.21 5717.8 138.39
3.8667 -82.659 5691.7 130.22 -137.19 5691.4 144.77 -197.21 5726.3 138.91
3.875 -90.927 5700.9 131.01 -145.35 5701.2 145.21 -206.15 5734.9 139.45
3.8833 -99.109 5709.9 131.78 -153.31 5710.8 145.63 -215.04 5743.5 139.99
3.8917 -107.25 5718.8 132.54 -161.07 5720.2 146.03 -223.87 5752.3 140.52
3.9 -115.4 5727.5 133.27 -168.63 5729.5 146.41 -232.64 5761.1 141.03
3.9083 -123.57 5736.2 133.98 -176 5738.7 146.75 -241.36 5770.1 141.51
3.9167 -131.8 5744.7 134.67 -183.21 5747.6 147.05 -250 5779.2 141.95
3.925 -140.09 5753.3 135.34 -190.26 5756.4 147.32 -258.58 5788.4 142.34
3.9333 -148.43 5761.8 135.98 -197.21 5765 147.55 -267.07 5797.7 142.68
3.9417 -156.8 5770.3 136.61 -204.06 5773.5 147.75 -275.48 5807.1 142.98
