0.0083333 -18.399 7.1881 98.864 -51.777 111.36 87.925 -19.756 209.55 84.675
0.016667 -17.533 15.687 98.867 -51.212 120.51 87.904 -18.961 218.86 84.718
0.025 -16.648 24.408 98.858 -50.582 129.75 87.876 -18.188 228.33 84.775
0.033333 -15.746 33.351 98.837 -49.884 139.07 87.84 -17.441 237.96 84.847
0.041667 -14.839 42.511 98.808 -49.116 148.47 87.798 -16.724 247.78 84.939
0.05 -13.938 51.884 98.772 -48.28 157.94 87.748 -16.043 257.79 85.053
0.058333 -13.06 61.458 98.733 -47.38 167.48 87.691 -15.399 267.99 85.189
0.066667 -12.221 71.216 98.69 -46.424 177.09 87.626 -14.798 278.36 85.349
0.075 -11.426 81.139 98.644 -45.424 186.75 87.553 -14.243 288.88 85.531
0.083333 -10.679 91.197 98.595 -44.398 196.46 87.474 -13.74 299.52 85.734
0.091667 -9.9652 101.36 98.54 -43.363 206.21 87.391 -13.294 310.24 85.957
0.1 -9.2674 111.6 98.474 -42.343 216 87.308 -12.911 320.99 86.195
0.10833 -8.5684 121.86 98.4 -41.363 225.8 87.23 -12.597 331.72 86.445
0.11667 -7.8368 132.11 98.311 -40.45 235.61 87.164 -12.36 342.39 86.702
0.125 -7.0538 142.33 98.208 -39.63 245.4 87.117 -12.207 352.95 86.964
0.13333 -6.2045 152.46 98.091 -38.928 255.16 87.098 -12.145 363.37 87.225
0.14167 -5.2834 162.5 97.96 -38.366 264.86 87.114 -12.183 373.63 87.483
0.15 -4.2963 172.42 97.817 -37.962 274.48 87.174 -12.328 383.7 87.735
0.15833 -3.2564 182.22 97.665 -37.728 284 87.282 -12.589 393.59 87.98
0.16667 -2.1854 191.89 97.504 -37.673 293.41 87.444 -12.975 403.31 88.215
0.175 -1.1104 201.45 97.338 -37.798 302.69 87.661 -13.496 412.88 88.442
0.18333 -0.063644 210.92 97.167 -38.099 311.82 87.93 -14.161 422.33 88.661
0.19167 0.91854 220.32 96.994 -38.567 320.81 88.247 -14.982 431.67 88.875
0.2 1.7957 229.67 96.82 -39.189 329.64 88.608 -15.97 440.96 89.086
0.20833 2.5263 238.99 96.65 -39.949 338.33 89.003 -17.137 450.22 89.298
0.21667 3.0756 248.29 96.485 -40.83 346.89 89.427 -18.494 459.48 89.516
0.225 3.4158 257.58 96.331 -41.813 355.32 89.871 -20.051 468.75 89.744
0.23333 3.5353 266.85 96.192 -42.883 363.65 90.332 -21.816 478.06 89.988
0.24167 3.4328 276.12 96.075 -44.024 371.88 90.803 -23.797 487.41 90.252
0.25 3.1249 285.36 95.985 -45.227 380.05 91.285 -25.996 496.79 90.54
0.25833 2.6323 294.57 95.929 -46.483 388.17 91.778 -28.414 506.21 90.856
0.26667 1.9685 303.75 95.911 -47.789 396.26 92.284 -31.044 515.65 91.202
0.275 1.1553 312.88 95.939 -49.144 404.34 92.808 -33.879 525.08 91.577
0.28333 0.19862 321.95 96.015 -50.548 412.44 93.352 -36.906 534.5 91.983
0.29167 -0.898 330.96 96.141 -52.005 420.55 93.921 -40.108 543.88 92.415
0.3 -2.1289 339.92 96.315 -53.515 428.71 94.518 -43.463 553.2 92.871
0.30833 -3.4919 348.83 96.534 -55.081 436.91 95.144 -46.952 562.45 93.346
0.31667 -4.978 357.69 96.793 -56.706 445.15 95.798 -50.548 571.6 93.834
0.325 -6.5757 366.52 97.079 -58.39 453.45 96.475 -54.228 580.65 94.328
0.33333 -8.2676 375.34 97.388 -60.133 461.8 97.169 -57.969 589.58 94.825
0.34167 -10.031 384.15 97.707 -61.935 470.18 97.872 -61.749 598.39 95.317
0.35 -11.841 392.98 98.024 -63.794 478.61 98.574 -65.548 607.08 95.8
0.35833 -13.672 401.84 98.326 -65.709 487.06 99.264 -69.349 615.65 96.272
0.36667 -15.494 410.74 98.605 -67.677 495.55 99.934 -73.139 624.11 96.729
0.375 -17.281 419.7 98.85 -69.695 504.07 100.58 -76.909 632.46 97.171
0.38333 -19.017 428.73 99.057 -71.764 512.64 101.19 -80.651 640.72 97.6
0.39167 -20.688 437.84 99.225 -73.885 521.25 101.76 -84.362 648.9 98.017
0.4 -22.298 447.03 99.358 -76.061 529.92 102.29 -88.041 657.03 98.423
0.40833 -23.849 456.3 99.465 -78.298 538.67 102.78 -91.689 665.11 98.821
0.41667 -25.371 465.63 99.557 -80.605 547.51 103.24 -95.31 673.17 99.213
0.425 -26.89 475 99.648 -82.992 556.45 103.66 -98.907 681.24 99.598
0.43333 -28.441 484.41 99.757 -85.47 565.51 104.04 -102.49 689.33 99.976
0.44167 -30.064 493.84 99.897 -88.051 574.68 104.4 -106.05 697.47 100.34
0.45 -31.794 503.27 100.08 -90.745 583.98 104.72 -109.62 705.67 100.7
0.45833 -33.667 512.72 100.31 -93.562 593.38 105.02 -113.19 713.95 101.04
0.46667 -35.707 522.19 100.6 -96.509 602.88 105.28 -116.76 722.33 101.35
0.475 -37.919 531.73 100.92 -99.59 612.45 105.52 -120.37 730.8 101.63
0.48333 -40.307 541.37 101.28 -102.81 622.08 105.72 -124 739.38 101.87
0.49167 -42.835 551.14 101.66 -106.16 631.75 105.9 -127.68 748.06 102.08
0.5 -45.487 561.09 102.03 -109.66 641.43 106.05 -131.43 756.86 102.24
0.50833 -48.228 571.22 102.4 -113.28 651.12 106.19 -135.25 765.75 102.37
0.51667 -51.037 581.52 102.76 -117.03 660.79 106.31 -139.17 774.75 102.45
0.525 -53.911 591.96 103.1 -120.92 670.46 106.44 -143.2 783.83 102.5
0.53333 -56.853 602.52 103.41 -124.94 680.12 106.56 -147.36 793.01 102.52
0.54167 -59.875 613.18 103.7 -129.08 689.79 106.7 -151.68 802.25 102.53
0.55 -62.994 623.92 103.96 -133.37 699.49 106.87 -156.15 811.57 102.53
0.55833 -66.227 634.74 104.18 -137.8 709.26 107.06 -160.81 820.95 102.52
0.56667 -69.603 645.65 104.38 -142.39 719.1 107.29 -165.65 830.39 102.52
0.575 -73.133 656.68 104.54 -147.13 729.05 107.55 -170.68 839.89 102.52
0.58333 -76.837 667.82 104.67 -152.04 739.13 107.84 -175.91 849.43 102.54
0.59167 -80.728 679.12 104.78 -157.12 749.37 108.15 -181.32 859.01 102.57
0.6 -84.819 690.57 104.89 -162.37 759.76 108.49 -186.91 868.63 102.61
0.60833 -89.113 702.18 104.99 -167.78 770.32 108.84 -192.67 878.29 102.65
0.61667 -93.61 713.93 105.12 -173.33 781.03 109.18 -198.58 887.97 102.7
0.625 -98.304 725.81 105.3 -179.02 791.88 109.52 -204.62 897.68 102.76
0.63333 -103.18 737.76 105.54 -184.81 802.84 109.85 -210.77 907.4 102.8
0.64167 -108.21 749.77 105.85 -190.66 813.88 110.15 -217 917.13 102.85
0.65 -113.36 761.79 106.25 -196.56 824.98 110.44 -223.3 926.86 102.88
0.65833 -118.62 773.77 106.74 -202.46 836.09 110.72 -229.63 936.58 102.92
0.66667 -123.96 785.68 107.31 -208.32 847.18 110.99 -235.99 946.31 102.95
0.675 -129.33 797.47 107.94 -214.11 858.22 111.25 -242.34 956.02 102.99
0.68333 -134.74 809.11 108.64 -219.79 869.17 111.52 -248.67 965.73 103.03
0.69167 -140.14 820.55 109.36 -225.35 880.02 111.79 -254.97 975.44 103.09
0.7 -145.54 831.78 110.11 -230.76 890.74 112.09 -261.21 985.14 103.18
0.70833 -150.92 842.78 110.85 -236.02 901.31 112.41 -267.39 994.85 103.28
0.71667 -156.29 853.53 111.59 -241.13 911.73 112.75 -273.49 1004.6 103.41
0.725 -161.64 864.07 112.3 -246.08 921.98 113.12 -279.51 1014.3 103.56
0.73333 -167.01 874.42 113 -250.89 932.06 113.5 -285.42 1024.1 103.72
0.74167 -172.4 884.6 113.68 -255.58 941.98 113.9 -291.21 1033.9 103.91
0.75 -177.83 894.64 114.35 -260.18 951.72 114.31 -296.89 1043.7 104.09
0.75833 -183.32 904.59 115.01 -264.69 961.3 114.71 -302.43 1053.5 104.27
0.76667 -188.86 914.46 115.68 -269.15 970.74 115.1 -307.85 1063.4 104.44
0.775 -194.45 924.28 116.36 -273.58 980.03 115.47 -313.12 1073.4 104.59
0.78333 -200.07 934.07 117.05 -277.99 989.2 115.82 -318.27 1083.3 104.71
0.79167 -205.72 943.85 117.76 -282.39 998.26 116.16 -323.28 1093.2 104.81
0.8 -211.36 953.61 118.49 -286.8 1007.2 116.46 -328.18 1103.2 104.87
0.80833 -216.99 963.38 119.24 -291.23 1016.1 116.75 -332.98 1113.1 104.9
0.81667 -222.58 973.15 120.01 -295.69 1025 117.03 -337.68 1123 104.91
0.825 -228.13 982.92 120.8 -300.17 1033.8 117.3 -342.32 1132.9 104.89
0.83333 -233.63 992.7 121.62 -304.7 1042.6 117.57 -346.91 1142.7 104.86
0.84167 -239.08 1002.5 122.45 -309.26 1051.4 117.84 -351.46 1152.4 104.81
0.85 -244.5 1012.3 123.3 -313.87 1060.2 118.12 -356 1162.1 104.76
0.85833 -249.89 1022.1 124.17 -318.54 1069.1 118.42 -360.55 1171.8 104.7
0.86667 -255.27 1031.9 125.06 -323.26 1078 118.74 -365.11 1181.3 104.65
0.875 -260.66 1041.7 125.97 -328.04 1086.9 119.09 -369.7 1190.8 104.59
0.88333 -266.06 1051.6 126.89 -332.88 1095.9 119.45 -374.33 1200.2 104.53
0.89167 -271.48 1061.4 127.84 -337.8 1104.9 119.83 -379 1209.6 104.47
0.9 -276.91 1071.3 128.8 -342.79 1113.9 120.23 -383.71 1219 104.41
0.90833 -282.36 1081.1 129.77 -347.86 1123 120.64 -388.47 1228.3 104.33
0.91667 -287.8 1090.9 130.75 -353.01 1132.2 121.05 -393.28 1237.6 104.26
0.925 -293.23 1100.8 131.74 -358.25 1141.4 121.48 -398.13 1246.9 104.17
0.93333 -298.64 1110.6 132.72 -363.58 1150.6 121.9 -403.02 1256.1 104.07
0.94167 -304.02 1120.5 133.69 -368.99 1159.8 122.32 -407.95 1265.4 103.96
0.95 -309.36 1130.5 134.64 -374.49 1169.1 122.74 -412.92 1274.6 103.85
0.95833 -314.67 1140.5 135.55 -380.07 1178.5 123.15 -417.92 1283.9 103.73
0.96667 -319.97 1150.6 136.42 -385.74 1187.8 123.56 -422.96 1293.2 103.6
0.975 -325.25 1160.8 137.23 -391.49 1197.3 123.96 -428.03 1302.4 103.48
0.98333 -330.53 1171.2 137.98 -397.32 1206.8 124.36 -433.13 1311.7 103.36
0.99167 -335.84 1181.6 138.65 -403.21 1216.4 124.75 -438.25 1321.1 103.23
1 -341.18 1192.2 139.24 -409.18 1226 125.14 -443.39 1330.4 103.11
1.0083 -346.56 1203 139.77 -415.21 1235.7 125.54 -448.55 1339.8 102.98
1.0167 -352 1213.8 140.22 -421.28 1245.5 125.93 -453.71 1349.2 102.85
1.025 -357.5 1224.8 140.6 -427.41 1255.4 126.33 -458.89 1358.7 102.71
1.0333 -363.09 1235.8 140.93 -433.57 1265.4 126.72 -464.07 1368.2 102.56
1.0417 -368.76 1246.9 141.22 -439.77 1275.4 127.11 -469.26 1377.8 102.4
1.05 -374.53 1258.1 141.47 -445.99 1285.5 127.49 -474.45 1387.5 102.22
1.0583 -380.4 1269.2 141.69 -452.23 1295.8 127.86 -479.65 1397.3 102.02
1.0667 -386.37 1280.3 141.88 -458.47 1306.1 128.21 -484.88 1407.1 101.82
1.075 -392.45 1291.3 142.05 -464.72 1316.5 128.55 -490.12 1417.1 101.6
1.0833 -398.65 1302.2 142.2 -470.97 1327.1 128.86 -495.41 1427.1 101.39
1.0917 -404.99 1313.1 142.33 -477.21 1337.8 129.14 -500.74 1437.3 101.18
1.1 -411.49 1324 142.45 -483.43 1348.6 129.38 -506.13 1447.6 100.98
1.1083 -418.19 1334.8 142.56 -489.63 1359.5 129.6 -511.6 1458 100.8
1.1167 -425.11 1345.6 142.66 -495.81 1370.6 129.79 -517.14 1468.6 100.65
1.125 -432.27 1356.5 142.75 -501.96 1381.9 129.94 -522.77 1479.3 100.53
1.1333 -439.67 1367.3 142.83 -508.08 1393.2 130.08 -528.5 1490.1 100.45
1.1417 -447.32 1378.2 142.88 -514.18 1404.7 130.19 -534.31 1501.2 100.4
1.15 -455.19 1389.1 142.9 -520.26 1416.3 130.29 -540.2 1512.3 100.38
1.1583 -463.23 1400 142.88 -526.34 1428 130.38 -546.17 1523.6 100.39
1.1667 -471.4 1411 142.82 -532.42 1439.8 130.46 -552.19 1535.1 100.42
1.175 -479.63 1422 142.7 -538.53 1451.5 130.55 -558.27 1546.6 100.46
1.1833 -487.86 1432.9 142.53 -544.66 1463.3 130.64 -564.37 1558.2 100.49
1.1917 -496.02 1443.8 142.3 -550.84 1475 130.74 -570.48 1569.9 100.52
1.2 -504.07 1454.7 142.04 -557.09 1486.5 130.84 -576.59 1581.6 100.52
1.2083 -511.94 1465.6 141.76 -563.4 1498 130.96 -582.69 1593.2 100.49
1.2167 -519.62 1476.5 141.45 -569.78 1509.2 131.09 -588.77 1604.8 100.42
1.225 -527.09 1487.3 141.15 -576.22 1520.3 131.22 -594.83 1616.4 100.31
1.2333 -534.36 1498 140.85 -582.73 1531.1 131.37 -600.86 1627.8 100.16
1.2417 -541.45 1508.7 140.58 -589.29 1541.7 131.52 -606.88 1639.1 99.963
1.25 -548.39 1519.3 140.34 -595.88 1552 131.69 -612.91 1650.3 99.734
1.2583 -555.19 1529.9 140.13 -602.48 1562.1 131.86 -618.95 1661.3 99.475
1.2667 -561.89 1540.4 139.95 -609.07 1572 132.04 -625.03 1672.1 99.195
1.275 -568.51 1550.9 139.8 -615.65 1581.6 132.23 -631.17 1682.8 98.902
1.2833 -575.06 1561.3 139.66 -622.19 1591.1 132.43 -637.39 1693.3 98.606
1.2917 -581.56 1571.7 139.53 -628.69 1600.4 132.64 -643.71 1703.6 98.314
1.3 -588.02 1582.1 139.38 -635.15 1609.6 132.86 -650.14 1713.9 98.034
1.3083 -594.46 1592.4 139.22 -641.57 1618.8 133.07 -656.7 1723.9 97.773
1.3167 -600.87 1602.6 139.03 -647.97 1627.8 133.29 -663.38 1733.9 97.534
1.325 -607.27 1612.7 138.8 -654.36 1636.9 133.51 -670.18 1743.8 97.32
1.3333 -613.66 1622.7 138.54 -660.76 1645.9 133.73 -677.09 1753.6 97.13
1.3417 -620.05 1632.6 138.24 -667.17 1654.9 133.93 -684.11 1763.3 96.964
1.35 -626.44 1642.5 137.91 -673.63 1663.9 134.12 -691.2 1772.9 96.819
1.3583 -632.84 1652.2 137.55 -680.13 1672.8 134.3 -698.35 1782.5 96.69
1.3667 -639.26 1661.9 137.18 -686.69 1681.8 134.46 -705.54 1792 96.574
1.375 -645.7 1671.5 136.81 -693.31 1690.8 134.6 -712.73 1801.5 96.465
1.3833 -652.19 1681.1 136.44 -699.99 1699.7 134.72 -719.92 1810.9 96.358
1.3917 -658.72 1690.6 136.09 -706.74 1708.7 134.83 -727.08 1820.2 96.249
1.4 -665.3 1700.2 135.76 -713.54 1717.6 134.91 -734.19 1829.4 96.133
1.4083 -671.93 1709.6 135.44 -720.38 1726.5 134.99 -741.25 1838.5 96.007
1.4167 -678.61 1719.1 135.14 -727.28 1735.5 135.05 -748.26 1847.6 95.868
1.425 -685.35 1728.5 134.84 -734.21 1744.4 135.09 -755.21 1856.5 95.715
1.4333 -692.14 1737.9 134.54 -741.19 1753.4 135.12 -762.11 1865.4 95.546
1.4417 -699 1747.3 134.21 -748.2 1762.4 135.14 -768.96 1874.1 95.36
1.45 -705.94 1756.7 133.87 -755.25 1771.5 135.15 -775.78 1882.8 95.157
1.4583 -712.95 1766 133.48 -762.35 1780.7 135.14 -782.56 1891.4 94.936
1.4667 -720.06 1775.4 133.07 -769.5 1789.8 135.12 -789.33 1899.9 94.698
1.475 -727.25 1784.7 132.63 -776.69 1799.1 135.09 -796.09 1908.3 94.441
1.4833 -734.53 1794 132.17 -783.92 1808.4 135.03 -802.84 1916.7 94.166
1.4917 -741.89 1803.3 131.71 -791.19 1817.7 134.97 -809.59 1925.1 93.872
1.5 -749.31 1812.6 131.27 -798.5 1827 134.89 -816.35 1933.5 93.561
1.5083 -756.79 1821.9 130.85 -805.83 1836.4 134.79 -823.11 1941.9 93.231
1.5167 -764.33 1831.2 130.47 -813.17 1845.8 134.68 -829.88 1950.3 92.885
1.525 -771.93 1840.5 130.14 -820.53 1855.1 134.57 -836.66 1958.7 92.524
1.5333 -779.58 1849.9 129.86 -827.9 1864.5 134.45 -843.44 1967.2 92.149
1.5417 -787.31 1859.3 129.62 -835.28 1873.9 134.33 -850.24 1975.8 91.763
1.55 -795.12 1868.8 129.43 -842.67 1883.3 134.21 -857.04 1984.4 91.368
1.5583 -803.02 1878.3 129.28 -850.08 1892.7 134.1 -863.87 1993 90.967
1.5667 -811 1888 129.15 -857.52 1902.2 133.99 -870.71 2001.7 90.562
1.575 -819.05 1897.7 129.04 -865 1911.7 133.9 -877.58 2010.5 90.154
1.5833 -827.18 1907.4 128.96 -872.53 1921.2 133.81 -884.48 2019.3 89.745
1.5917 -835.38 1917.3 128.87 -880.12 1930.8 133.74 -891.42 2028.2 89.336
1.6 -843.67 1927.2 128.78 -887.79 1940.4 133.68 -898.41 2037.1 88.926
1.6083 -852.04 1937.2 128.68 -895.53 1950 133.63 -905.44 2046.2 88.514
1.6167 -860.51 1947.3 128.56 -903.37 1959.7 133.59 -912.53 2055.3 88.098
1.625 -869.11 1957.5 128.42 -911.29 1969.4 133.56 -919.67 2064.5 87.677
1.6333 -877.83 1967.8 128.27 -919.29 1979 133.54 -926.86 2073.9 87.248
1.6417 -886.69 1978.2 128.1 -927.38 1988.7 133.52 -934.1 2083.4 86.811
1.65 -895.69 1988.8 127.93 -935.54 1998.4 133.51 -941.39 2093.1 86.365
1.6583 -904.83 1999.5 127.76 -943.77 2008.1 133.49 -948.71 2102.8 85.912
1.6667 -914.07 2010.3 127.62 -952.05 2017.9 133.48 -956.06 2112.7 85.453
1.675 -923.39 2021.1 127.52 -960.38 2027.6 133.45 -963.44 2122.7 84.992
1.6833 -932.74 2031.9 127.46 -968.75 2037.4 133.41 -970.84 2132.8 84.534
1.6917 -942.09 2042.6 127.46 -977.14 2047.3 133.35 -978.25 2142.9 84.083
1.7 -951.39 2053.3 127.52 -985.54 2057.3 133.27 -985.66 2153.1 83.645
1.7083 -960.6 2063.9 127.63 -993.94 2067.3 133.14 -993.06 2163.2 83.225
1.7167 -969.67 2074.3 127.78 -1002.3 2077.5 132.98 -1000.5 2173.3 82.826
1.725 -978.59 2084.5 127.97 -1010.6 2087.9 132.78 -1007.8 2183.3 82.452
1.7333 -987.32 2094.5 128.16 -1018.8 2098.3 132.53 -1015.2 2193.2 82.102
1.7417 -995.85 2104.4 128.34 -1026.9 2108.9 132.23 -1022.5 2203.1 81.777
1.75 -1004.2 2114 128.48 -1034.9 2119.6 131.88 -1029.7 2212.9 81.475
1.7583 -1012.3 2123.5 128.56 -1042.7 2130.3 131.49 -1036.9 2222.7 81.191
1.7667 -1020.3 2132.8 128.57 -1050.3 2141 131.05 -1043.9 2232.5 80.919
1.775 -1028.1 2142 128.51 -1057.6 2151.8 130.58 -1050.9 2242.4 80.655
1.7833 -1035.8 2151.1 128.37 -1064.7 2162.5 130.08 -1057.7 2252.3 80.391
1.7917 -1043.4 2160.2 128.16 -1071.6 2173.1 129.55 -1064.4 2262.3 80.122
1.8 -1050.8 2169.2 127.9 -1078.2 2183.6 129 -1070.9 2272.5 79.841
1.8083 -1058.1 2178.2 127.6 -1084.6 2194 128.44 -1077.2 2282.8 79.544
1.8167 -1065.1 2187.2 127.27 -1090.8 2204.3 127.86 -1083.3 2293.4 79.227
1.825 -1072 2196.4 126.94 -1096.9 2214.5 127.26 -1089.2 2304.1 78.889
1.8333 -1078.6 2205.6 126.62 -1102.7 2224.6 126.64 -1094.8 2315 78.529
1.8417 -1084.9 2214.9 126.32 -1108.5 2234.6 126.01 -1100.2 2326 78.148
1.85 -1091 2224.4 126.04 -1114.1 2244.6 125.34 -1105.4 2337.2 77.745
1.8583 -1096.8 2233.9 125.8 -1119.7 2254.6 124.65 -1110.3 2348.4 77.323
1.8667 -1102.4 2243.5 125.58 -1125.2 2264.6 123.94 -1115 2359.6 76.882
1.875 -1107.8 2253.2 125.39 -1130.7 2274.7 123.19 -1119.5 2370.9 76.421
1.8833 -1113.1 2262.9 125.2 -1136.1 2284.8 122.41 -1123.8 2382 75.942
1.8917 -1118.2 2272.7 125.02 -1141.5 2295 121.62 -1128 2393.1 75.443
1.9 -1123.2 2282.4 124.83 -1146.8 2305.4 120.81 -1131.9 2404.1 74.924
1.9083 -1128.1 2292.1 124.63 -1152.1 2315.8 119.99 -1135.7 2414.9 74.382
1.9167 -1133 2301.8 124.4 -1157.3 2326.3 119.18 -1139.3 2425.5 73.817
1.925 -1137.8 2311.5 124.16 -1162.4 2336.8 118.39 -1142.8 2436 73.228
1.9333 -1142.6 2321.1 123.9 -1167.5 2347.5 117.62 -1146.3 2446.3 72.615
1.9417 -1147.4 2330.6 123.63 -1172.4 2358.1 116.89 -1149.6 2456.5 71.98
1.95 -1152.2 2340.1 123.36 -1177.3 2368.8 116.19 -1152.8 2466.6 71.324
1.9583 -1157.1 2349.5 123.09 -1182.1 2379.6 115.54 -1156 2476.6 70.653
1.9667 -1161.9 2359 122.84 -1186.8 2390.3 114.92 -1159.2 2486.5 69.971
1.975 -1166.7 2368.4 122.62 -1191.5 2401.1 114.35 -1162.3 2496.4 69.283
1.9833 -1171.5 2378 122.43 -1196.1 2412 113.81 -1165.3 2506.4 68.596
1.9917 -1176.4 2387.6 122.27 -1200.7 2422.8 113.3 -1168.3 2516.3 67.917
2 -1181.1 2397.3 122.15 -1205.2 2433.8 112.82 -1171.3 2526.3 67.25
2.0083 -1185.8 2407.3 122.05 -1209.7 2444.7 112.37 -1174.3 2536.3 66.602
2.0167 -1190.5 2417.3 121.98 -1214.1 2455.7 111.94 -1177.3 2546.4 65.975
2.025 -1195 2427.6 121.91 -1218.4 2466.8 111.54 -1180.2 2556.7 65.374
2.0333 -1199.5 2438 121.84 -1222.6 2477.9 111.15 -1183.2 2566.9 64.797
2.0417 -1203.8 2448.6 121.77 -1226.8 2489.1 110.8 -1186.1 2577.3 64.245
2.05 -1208.1 2459.5 121.68 -1230.9 2500.2 110.47 -1189 2587.8 63.716
2.0583 -1212.2 2470.5 121.58 -1234.9 2511.5 110.18 -1191.8 2598.3 63.208
2.0667 -1216.3 2481.6 121.47 -1238.7 2522.7 109.92 -1194.6 2608.9 62.715
2.075 -1220.4 2493 121.34 -1242.4 2534.1 109.7 -1197.4 2619.6 62.234
2.0833 -1224.4 2504.5 121.2 -1246 2545.4 109.51 -1200 2630.3 61.762
2.0917 -1228.5 2516 121.04 -1249.5 2556.8 109.35 -1202.7 2641.1 61.295
2.1 -1232.6 2527.7 120.87 -1252.9 2568.3 109.22 -1205.2 2651.9 60.83
2.1083 -1236.6 2539.4 120.67 -1256.1 2579.9 109.11 -1207.7 2662.8 60.367
2.1167 -1240.7 2551.3 120.46 -1259.2 2591.6 109.01 -1210 2673.7 59.905
2.125 -1244.8 2563.1 120.23 -1262.1 2603.4 108.91 -1212.3 2684.6 59.448
2.1333 -1248.9 2575.1 119.99 -1264.9 2615.3 108.81 -1214.4 2695.7 58.996
2.1417 -1253.1 2587.2 119.75 -1267.6 2627.3 108.7 -1216.5 2706.7 58.555
2.15 -1257.2 2599.3 119.49 -1270.1 2639.4 108.56 -1218.4 2717.9 58.129
2.1583 -1261.4 2611.6 119.23 -1272.5 2651.6 108.41 -1220.3 2729.2 57.721
2.1667 -1265.7 2624 118.94 -1274.8 2663.9 108.24 -1222.1 2740.5 57.336
2.175 -1269.9 2636.4 118.63 -1276.9 2676.2 108.03 -1223.8 2751.9 56.976
2.1833 -1274 2648.9 118.27 -1278.9 2688.5 107.81 -1225.4 2763.3 56.643
2.1917 -1278 2661.4 117.85 -1280.8 2700.8 107.55 -1227 2774.8 56.336
2.2 -1281.9 2673.9 117.37 -1282.6 2713.1 107.28 -1228.6 2786.4 56.053
2.2083 -1285.5 2686.4 116.82 -1284.3 2725.3 106.98 -1230.1 2797.9 55.789
2.2167 -1288.9 2698.8 116.2 -1286 2737.4 106.66 -1231.5 2809.4 55.54
2.225 -1292 2711.2 115.51 -1287.7 2749.5 106.33 -1233 2820.8 55.299
2.2333 -1294.8 2723.4 114.78 -1289.4 2761.4 105.97 -1234.4 2832.1 55.059
2.2417 -1297.3 2735.5 114.01 -1291.1 2773.2 105.6 -1235.8 2843.4 54.815
2.25 -1299.5 2747.5 113.22 -1292.9 2784.8 105.22 -1237.1 2854.5 54.561
2.2583 -1301.5 2759.3 112.41 -1294.8 2796.3 104.83 -1238.5 2865.5 54.296
2.2667 -1303.3 2771 111.6 -1296.7 2807.6 104.42 -1239.8 2876.4 54.016
2.275 -1304.9 2782.6 110.8 -1298.7 2818.7 104 -1241.1 2887.2 53.721
2.2833 -1306.4 2794.2 110.01 -1300.7 2829.5 103.58 -1242.3 2897.8 53.415
2.2917 -1307.7 2805.7 109.22 -1302.8 2840.1 103.14 -1243.6 2908.4 53.099
2.3 -1308.9 2817.1 108.44 -1304.9 2850.5 102.7 -1244.8 2918.9 52.779
2.3083 -1310 2828.6 107.66 -1306.9 2860.6 102.25 -1246 2929.4 52.455
2.3167 -1310.9 2840.1 106.88 -1308.9 2870.5 101.79 -1247.3 2939.9 52.134
2.325 -1311.6 2851.5 106.09 -1310.9 2880.2 101.31 -1248.5 2950.3 51.816
2.3333 -1312.2 2862.9 105.28 -1312.7 2889.8 100.83 -1249.7 2960.7 51.502
2.3417 -1312.7 2874.2 104.46 -1314.5 2899.2 100.32 -1250.9 2971.1 51.191
2.35 -1313 2885.4 103.62 -1316.1 2908.5 99.804 -1252.1 2981.4 50.879
2.3583 -1313.2 2896.5 102.76 -1317.7 2917.7 99.265 -1253.3 2991.7 50.565
2.3667 -1313.4 2907.5 101.87 -1319.2 2926.9 98.705 -1254.4 3001.9 50.242
2.375 -1313.4 2918.3 101 -1320.6 2936.1 98.124 -1255.5 3012.1 49.906
2.3833 -1313.4 2929 100.11 -1321.9 2945.3 97.522 -1256.6 3022.1 49.553
2.3917 -1313.4 2939.5 99.228 -1323.2 2954.6 96.902 -1257.6 3032 49.18
2.4 -1313.3 2949.9 98.354 -1324.4 2964 96.265 -1258.5 3041.8 48.786
2.4083 -1313.2 2960.3 97.499 -1325.6 2973.5 95.615 -1259.4 3051.5 48.371
2.4167 -1313.1 2970.6 96.665 -1326.7 2983 94.954 -1260.2 3061.1 47.938
2.425 -1313 2980.8 95.857 -1327.8 2992.6 94.286 -1260.9 3070.6 47.49
2.4333 -1312.9 2991 95.072 -1328.8 3002.2 93.613 -1261.5 3079.9 47.032
2.4417 -1312.7 3001.3 94.305 -1329.8 3011.9 92.935 -1262 3089.3 46.569
2.45 -1312.5 3011.6 93.55 -1330.6 3021.6 92.235 -1262.4 3098.5 46.106
2.4583 -1312.3 3021.9 92.811 -1331.4 3031.2 91.489 -1262.8 3107.8 45.646
2.4667 -1312 3032.2 92.077 -1332.1 3040.8 90.689 -1263.1 3117 45.201
2.475 -1311.8 3042.7 91.274 -1332.4 3050.6 90.052 -1263.3 3126.2 44.757
2.4833 -1311.6 3053.1 90.513 -1332.7 3060.5 89.364 -1263.5 3135.4 44.324
2.4917 -1311.4 3063.5 89.725 -1332.9 3070.5 88.717 -1263.5 3144.6 43.901
2.5 -1311.2 3073.9 88.914 -1333 3080.5 88.078 -1263.5 3153.7 43.483
2.5083 -1311.1 3084.3 88.125 -1333.1 3090.6 87.435 -1263.5 3162.9 43.065
2.5167 -1311.1 3094.8 87.361 -1333 3100.7 86.808 -1263.3 3172 42.642
2.525 -1311.1 3105.1 86.677 -1332.9 3110.9 86.134 -1263 3181 42.206
2.5333 -1311.2 3115.6 85.901 -1332.7 3121.1 85.552 -1262.7 3190 41.768
2.5417 -1311.4 3126 85.243 -1332.4 3131.5 84.958 -1262.3 3198.9 41.315
2.55 -1311.7 3136.5 84.628 -1332.1 3141.8 84.389 -1261.7 3207.8 40.847
2.5583 -1312 3147 84.043 -1331.7 3152.2 83.8 -1261.1 3216.7 40.369
2.5667 -1312.4 3157.6 83.494 -1331.3 3162.6 83.243 -1260.3 3225.5 39.879
2.575 -1312.8 3168.2 82.981 -1330.9 3172.9 82.627 -1259.5 3234.4 39.382
2.5833 -1313.2 3179 82.437 -1330.4 3183.4 82.129 -1258.5 3243.3 38.881
2.5917 -1313.5 3189.9 81.904 -1329.8 3193.8 81.583 -1257.5 3252.2 38.382
2.6 -1313.8 3200.9 81.365 -1329.2 3204.3 81.061 -1256.4 3261.1 37.883
2.6083 -1314 3211.9 80.803 -1328.5 3214.8 80.519 -1255.1 3270.2 37.384
2.6167 -1314.1 3222.9 80.224 -1327.8 3225.3 79.986 -1253.8 3279.3 36.884
2.625 -1314.1 3234 79.624 -1327 3235.8 79.45 -1252.4 3288.5 36.379
2.6333 -1314 3245 79.006 -1326.2 3246.2 78.909 -1250.8 3297.7 35.866
2.6417 -1313.8 3256.1 78.381 -1325.3 3256.7 78.387 -1249.1 3307 35.338
2.65 -1313.6 3267.2 77.755 -1324.4 3267.2 77.877 -1247.3 3316.3 34.792
2.6583 -1313.3 3278.2 77.145 -1323.4 3277.6 77.37 -1245.4 3325.7 34.223
2.6667 -1313 3289.3 76.563 -1322.5 3288 76.867 -1243.4 3335 33.632
2.675 -1312.8 3300.4 76.012 -1321.3 3298.5 76.475 -1241.2 3344.5 33.015
2.6833 -1312.5 3311.6 75.513 -1320.2 3308.9 76.056 -1238.8 3353.9 32.379
2.6917 -1312.2 3322.8 75.065 -1319 3319.2 75.651 -1236.3 3363.3 31.728
2.7 -1311.9 3333.9 74.668 -1317.9 3329.4 75.264 -1233.7 3372.8 31.071
2.7083 -1311.6 3345 74.311 -1316.6 3339.6 74.875 -1230.9 3382.3 30.417
2.7167 -1311.3 3356 73.985 -1315.3 3349.8 74.473 -1228 3391.8 29.771
2.725 -1310.8 3367 73.668 -1313.8 3360 74.093 -1224.9 3401.3 29.146
2.7333 -1310.3 3377.7 73.342 -1312.2 3370.2 73.667 -1221.7 3410.8 28.545
2.7417 -1309.7 3388.2 72.978 -1310.5 3380.3 73.201 -1218.4 3420.3 27.967
2.75 -1309 3398.4 72.561 -1308.6 3390.4 72.679 -1214.9 3429.8 27.412
2.7583 -1308.1 3408.4 72.065 -1306.6 3400.5 72.085 -1211.2 3439.2 26.873
2.7667 -1307.2 3418 71.485 -1304.3 3410.7 71.437 -1207.4 3448.4 26.343
2.775 -1306.1 3427.4 70.798 -1301.9 3420.7 70.704 -1203.3 3457.5 25.809
2.7833 -1305 3436.6 70.017 -1299.2 3430.9 69.928 -1199.1 3466.4 25.258
2.7917 -1303.7 3445.5 69.137 -1296.3 3441 69.097 -1194.6 3475 24.678
2.8 -1302.5 3454.2 68.185 -1293.2 3450.9 68.147 -1189.9 3483.4 24.059
2.8083 -1301.1 3462.8 67.179 -1289.8 3460.5 67.08 -1184.9 3491.6 23.393
2.8167 -1299.7 3471.1 66.142 -1286.3 3469.9 65.928 -1179.7 3499.4 22.673
2.825 -1298.1 3479.3 65.095 -1282.6 3479.1 64.704 -1174.3 3506.9 21.902
2.8333 -1296.3 3487.2 64.054 -1278.8 3488.1 63.416 -1168.6 3514.2 21.082
2.8417 -1294.2 3494.8 63.029 -1274.8 3496.8 62.073 -1162.8 3521.2 20.22
2.85 -1291.8 3502.1 62.026 -1270.7 3505.3 60.683 -1156.7 3527.9 19.328
2.8583 -1289.3 3509.1 61.042 -1266.5 3513.6 59.252 -1150.5 3534.5 18.416
2.8667 -1286.5 3515.8 60.081 -1262.1 3521.7 57.792 -1144.1 3540.8 17.495
2.875 -1283.5 3522.3 59.131 -1257.6 3529.6 56.309 -1137.6 3547 16.578
2.8833 -1280.5 3528.5 58.183 -1252.9 3537.3 54.811 -1131 3553 15.669
2.8917 -1277.3 3534.6 57.227 -1248.1 3544.8 53.307 -1124.3 3558.9 14.773
2.9 -1274 3540.5 56.25 -1243.1 3552.2 51.805 -1117.4 3564.5 13.89
2.9083 -1270.7 3546.4 55.243 -1237.9 3559.4 50.311 -1110.5 3570 13.017
2.9167 -1267.3 3552.1 54.2 -1232.6 3566.5 48.831 -1103.6 3575.3 12.146
2.925 -1263.8 3557.8 53.121 -1227.1 3573.4 47.369 -1096.5 3580.4 11.269
2.9333 -1260.3 3563.4 52.01 -1221.5 3580.1 45.928 -1089.4 3585.2 10.376
2.9417 -1256.7 3569.1 50.879 -1215.7 3586.7 44.511 -1082.2 3589.8 9.457
2.95 -1253.2 3574.8 49.739 -1209.9 3593.2 43.117 -1075 3594.1 8.5056
2.9583 -1249.7 3580.5 48.604 -1203.9 3599.4 41.747 -1067.8 3598.2 7.5165
2.9667 -1246.1 3586.2 47.486 -1197.9 3605.5 40.398 -1060.5 3601.9 6.4876
2.975 -1242.6 3592 46.397 -1191.8 3611.3 39.071 -1053.2 3605.4 5.4209
2.9833 -1239 3597.7 45.346 -1185.6 3617.1 37.763 -1046 3608.7 4.3221
2.9917 -1235.3 3603.4 44.337 -1179.4 3622.6 36.475 -1038.7 3611.7 3.1989
3 -1231.5 3609.1 43.369 -1173.1 3628 35.207 -1031.5 3614.5 2.0615
3.0083 -1227.6 3614.7 42.439 -1166.7 3633.2 33.96 -1024.4 3617 0.92096
3.0167 -1223.5 3620.2 41.54 -1160.3 3638.3 32.736 -1017.3 3619.4 359.79
3.025 -1219.3 3625.7 40.662 -1153.7 3643.2 31.539 -1010.2 3621.7 358.67
3.0333 -1214.8 3631.1 39.796 -1147 3648 30.371 -1003.2 3623.8 357.58
3.0417 -1210.2 3636.3 38.93 -1140.2 3652.6 29.234 -996.2 3625.7 356.53
3.05 -1205.4 3641.5 38.055 -1133.3 3657.1 28.132 -989.25 3627.5 355.5
3.0583 -1200.4 3646.7 37.165 -1126.3 3661.4 27.065 -982.33 3629.3 354.51
3.0667 -1195.2 3651.7 36.257 -1119.2 3665.6 26.034 -975.41 3630.8 353.56
3.075 -1189.7 3656.6 35.331 -1112 3669.5 25.035 -968.49 3632.3 352.63
3.0833 -1184 3661.5 34.389 -1104.7 3673.3 24.069 -961.56 3633.6 351.73
3.0917 -1178.1 3666.3 33.439 -1097.4 3676.9 23.13 -954.6 3634.8 350.85
3.1 -1171.9 3671 32.486 -1089.9 3680.3 22.216 -947.6 3635.9 349.98
3.1083 -1165.5 3675.6 31.541 -1082.5 3683.4 21.324 -940.54 3636.9 349.13
3.1167 -1158.9 3680.1 30.613 -1074.9 3686.3 20.45 -933.42 3637.7 348.29
3.125 -1152 3684.6 29.709 -1067.3 3689 19.593 -926.22 3638.3 347.45
3.1333 -1144.8 3689 28.837 -1059.7 3691.4 18.753 -918.93 3638.9 346.63
3.1417 -1137.3 3693.3 28.002 -1052.1 3693.7 17.928 -911.54 3639.3 345.82
3.15 -1129.6 3697.6 27.202 -1044.4 3695.7 17.122 -904.05 3639.6 345.02
3.1583 -1121.7 3701.8 26.435 -1036.7 3697.5 16.335 -896.46 3639.7 344.24
3.1667 -1113.5 3705.8 25.695 -1028.9 3699.1 15.57 -888.77 3639.7 343.48
3.175 -1105.2 3709.7 24.963 -1021.1 3700.6 14.827 -881.01 3639.6 342.74
3.1833 -1096.8 3713.4 24.227 -1013.3 3702 14.107 -873.18 3639.3 342.01
3.1917 -1088.2 3716.8 23.472 -1005.4 3703.3 13.409 -865.32 3638.9 341.3
3.2 -1079.7 3719.9 22.685 -997.5 3704.5 12.729 -857.45 3638.4 340.6
3.2083 -1071.2 3722.7 21.867 -989.55 3705.6 12.064 -849.6 3637.8 339.92
3.2167 -1062.7 3725 21.011 -981.58 3706.7 11.409 -841.81 3637.2 339.25
3.225 -1054.3 3727 20.12 -973.58 3707.8 10.756 -834.11 3636.4 338.58
3.2333 -1046 3728.7 19.196 -965.58 3708.8 10.1 -826.52 3635.7 337.92
3.2417 -1038 3730.1 18.241 -957.59 3709.9 9.4335 -819.05 3634.9 337.27
3.25 -1030.1 3731.3 17.254 -949.63 3710.9 8.7499 -811.72 3634.1 336.62
3.2583 -1022.4 3732.3 16.228 -941.72 3711.9 8.0447 -804.53 3633.3 335.98
3.2667 -1015 3733.2 15.162 -933.88 3712.9 7.314 -797.46 3632.6 335.34
3.275 -1007.7 3734 14.048 -926.12 3713.9 6.5555 -790.5 3631.8 334.73
3.2833 -1000.5 3734.9 12.88 -918.47 3714.9 5.7684 -783.63 3631.1 334.13
3.2917 -993.44 3735.8 11.651 -910.93 3715.8 4.9527 -776.81 3630.4 333.55
3.3 -986.37 3736.7 10.358 -903.5 3716.6 4.1091 -770.01 3629.8 332.99
3.3083 -979.26 3737.6 8.9969 -896.2 3717.4 3.2385 -763.22 3629.1 332.46
3.3167 -972.08 3738.5 7.572 -889 3718.1 2.3418 -756.4 3628.4 331.96
3.325 -964.79 3739.2 6.0873 -881.9 3718.7 1.4188 -749.54 3627.7 331.48
3.3333 -957.41 3739.8 4.5592 -874.88 3719.1 0.46996 -742.63 3627 331.04
3.3417 -949.94 3740.2 3.0013 -867.91 3719.4 359.5 -735.67 3626.2 330.62
3.35 -942.41 3740.4 1.4296 -860.97 3719.6 358.49 -728.67 3625.4 330.23
3.3583 -934.87 3740.5 359.86 -854.04 3719.6 357.47 -721.63 3624.6 329.87
3.3667 -927.36 3740.3 358.29 -847.09 3719.5 356.41 -714.59 3623.7 329.52
3.375 -919.93 3740 356.75 -840.1 3719.3 355.33 -707.54 3622.7 329.2
3.3833 -912.61 3739.6 355.22 -833.06 3718.9 354.23 -700.51 3621.7 328.9
3.3917 -905.46 3739.1 353.7 -825.95 3718.5 353.11 -693.51 3620.6 328.62
3.4 -898.48 3738.6 352.19 -818.76 3717.8 351.97 -686.55 3619.4 328.34
3.4083 -891.69 3738.1 350.68 -811.49 3717.1 350.81 -679.63 3618.2 328.09
3.4167 -885.09 3737.6 349.14 -804.14 3716.3 349.64 -672.76 3616.9 327.84
3.425 -878.67 3737.2 347.58 -796.7 3715.4 348.46 -665.91 3615.5 327.6
3.4333 -872.38 3736.9 346 -789.18 3714.3 347.28 -659.08 3614 327.37
3.4417 -866.19 3736.6 344.38 -781.59 3713.1 346.1 -652.26 3612.5 327.14
3.45 -860.05 3736.4 342.74 -773.92 3711.8 344.92 -645.42 3610.8 326.92
3.4583 -853.92 3736.3 341.09 -766.19 3710.3 343.75 -638.56 3609 326.7
3.4667 -847.73 3736.1 339.45 -758.38 3708.7 342.58 -631.64 3607 326.47
3.475 -841.44 3735.9 337.84 -750.51 3707 341.42 -624.67 3605 326.25
3.4833 -835.03 3735.7 336.29 -742.58 3705.1 340.28 -617.63 3602.8 326.03
3.4917 -828.48 3735.4 334.82 -734.58 3703.1 339.15 -610.53 3600.5 325.81
3.5 -821.77 3735 333.45 -726.53 3700.9 338.04 -603.35 3598.1 325.6
3.5083 -814.91 3734.6 332.2 -718.42 3698.6 336.96 -596.1 3595.7 325.39
3.5167 -807.92 3734 331.06 -710.26 3696.2 335.9 -588.78 3593.1 325.18
3.525 -800.82 3733.4 330.03 -702.05 3693.6 334.88 -581.41 3590.4 324.99
3.5333 -793.63 3732.8 329.12 -693.81 3691 333.89 -573.98 3587.7 324.8
3.5417 -786.38 3732.2 328.3 -685.53 3688.3 332.95 -566.51 3584.9 324.61
3.55 -779.11 3731.5 327.56 -677.22 3685.5 332.04 -559 3582 324.43
3.5583 -771.82 3730.9 326.9 -668.88 3682.6 331.19 -551.44 3579.1 324.25
3.5667 -764.5 3730.2 326.28 -660.49 3679.7 330.38 -543.86 3576.1 324.06
3.575 -757.17 3729.5 325.7 -652.08 3676.8 329.61 -536.23 3573 323.87
3.5833 -749.8 3728.8 325.14 -643.62 3673.8 328.9 -528.58 3569.8 323.66
3.5917 -742.36 3728 324.59 -635.11 3670.7 328.22 -520.89 3566.6 323.43
3.6 -734.82 3727.1 324.05 -626.54 3667.6 327.6 -513.16 3563.2 323.19
3.6083 -727.14 3726.1 323.52 -617.92 3664.4 327.02 -505.4 3559.8 322.93
3.6167 -719.3 3724.9 322.98 -609.24 3661.1 326.49 -497.59 3556.3 322.64
3.625 -711.27 3723.4 322.46 -600.49 3657.8 325.99 -489.74 3552.8 322.34
3.6333 -703.07 3721.8 321.94 -591.68 3654.4 325.54 -481.83 3549.3 322.02
3.6417 -694.68 3719.9 321.43 -582.8 3651 325.13 -473.87 3545.8 321.7
3.65 -686.13 3717.7 320.93 -573.85 3647.6 324.75 -465.84 3542.3 321.38
3.6583 -677.43 3715.3 320.45 -564.82 3644.1 324.41 -457.74 3538.7 321.06
3.6667 -668.61 3712.6 319.98 -555.71 3640.6 324.09 -449.54 3535.3 320.75
3.675 -659.69 3709.7 319.54 -546.5 3637.1 323.81 -441.23 3531.8 320.45
3.6833 -650.69 3706.5 319.11 -537.16 3633.5 323.54 -432.8 3528.4 320.16
3.6917 -641.6 3703.2 318.7 -527.68 3630 323.3 -424.23 3525 319.88
3.7 -632.46 3699.7 318.31 -518.05 3626.5 323.08 -415.5 3521.5 319.62
3.7083 -623.24 3696 317.94 -508.23 3623 322.88 -406.61 3518.1 319.36
3.7167 -613.96 3692.2 317.59 -498.2 3619.4 322.69 -397.53 3514.6 319.11
3.725 -604.6 3688.1 317.27 -487.95 3615.8 322.53 -388.27 3511 318.85
3.7333 -595.16 3683.9 316.99 -477.49 3612.2 322.38 -378.82 3507.4 318.58
3.7417 -585.62 3679.5 316.73 -466.8 3608.5 322.25 -369.2 3503.7 318.3
3.75 -575.96 3674.8 316.52 -455.92 3604.7 322.14 -359.4 3499.9 318.01
3.7583 -566.19 3670 316.34 -444.87 3600.8 322.05 -349.45 3496.1 317.71
3.7667 -556.27 3664.9 316.21 -433.7 3596.8 321.98 -339.38 3492.2 317.41
3.775 -546.22 3659.7 316.12 -422.47 3592.7 321.93 -329.22 3488.2 317.1
3.7833 -536.05 3654.3 316.07 -411.24 3588.4 321.88 -319.01 3484.2 316.8
3.7917 -525.76 3648.8 316.06 -400.06 3584.1 321.83 -308.78 3480.2 316.51
3.8 -515.37 3643.2 316.1 -389.01 3579.7 321.79 -298.58 3476.2 316.23
3.8083 -504.92 3637.5 316.17 -378.15 3575.2 321.73 -288.44 3472.2 315.99
3.8167 -494.44 3631.9 316.28 -367.52 3570.7 321.66 -278.42 3468.2 315.77
3.825 -483.95 3626.3 316.4 -357.17 3566.1 321.56 -268.54 3464.2 315.59
3.8333 -473.51 3620.9 316.55 -347.1 3561.5 321.43 -258.83 3460.3 315.44
3.8417 -463.14 3615.6 316.71 -337.35 3556.8 321.28 -249.33 3456.3 315.32
3.85 -452.88 3610.4 316.88 -327.89 3552.2 321.08 -240.06 3452.3 315.22
3.8583 -442.77 3605.4 317.06 -318.71 3547.7 320.86 -231.03 3448.3 315.13
3.8667 -432.81 3600.6 317.25 -309.79 3543.1 320.6 -222.24 3444.3 315.06
3.875 -423.01 3595.9 317.45 -301.1 3538.6 320.32 -213.7 3440.2 314.99
3.8833 -413.38 3591.2 317.67 -292.59 3534.1 320.01 -205.4 3436.1 314.92
3.8917 -403.89 3586.5 317.9 -284.25 3529.6 319.69 -197.33 3431.9 314.84
3.9 -394.54 3581.8 318.14 -276.04 3525.1 319.36 -189.47 3427.7 314.75
3.9083 -385.3 3577.1 318.38 -267.94 3520.7 319.03 -181.8 3423.4 314.66
3.9167 -376.15 3572.3 318.61 -259.94 3516.2 318.69 -174.31 3419 314.55
3.925 -367.06 3567.4 318.83 -252.02 3511.6 318.36 -166.96 3414.6 314.43
3.9333 -358.02 3562.4 319.03 -244.18 3507.1 318.03 -159.75 3410.1 314.31
3.9417 -349 3557.3 319.22 -236.41 3502.5 317.7 -152.64 3405.6 314.19
3.95 -340 3552.2 319.39 -228.71 3497.8 317.39 -145.62 3401 314.07
