0.0083333 7.5192 4.7985 97.259 -13.789 84.143 85.467 5.3522 99.297 85.525
0.016667 8.7664 13.883 97.26 -11.843 92.869 85.421 7.4548 107.37 85.618
0.025 9.9674 23.109 97.217 -9.8695 101.69 85.356 9.6315 115.51 85.711
0.033333 11.143 32.447 97.129 -7.8827 110.6 85.275 11.879 123.73 85.807
0.041667 12.323 41.868 96.999 -5.8981 119.59 85.181 14.192 132.01 85.903
0.05 13.541 51.346 96.827 -3.9297 128.68 85.079 16.567 140.36 85.997
0.058333 14.83 60.857 96.62 -1.9939 137.82 84.975 19.001 148.79 86.084
0.066667 16.218 70.377 96.383 -0.1058 147 84.877 21.491 157.29 86.156
0.075 17.728 79.888 96.123 1.7205 156.2 84.79 24.033 165.87 86.204
0.083333 19.362 89.366 95.849 3.4726 165.39 84.722 26.626 174.53 86.218
0.091667 21.122 98.799 95.567 5.141 174.52 84.682 29.264 183.27 86.189
0.1 22.988 108.17 95.284 6.718 183.57 84.674 31.941 192.09 86.11
0.10833 24.929 117.47 95.008 8.1985 192.51 84.705 34.645 200.98 85.974
0.11667 26.903 126.68 94.742 9.5798 201.31 84.776 37.363 209.93 85.781
0.125 28.863 135.8 94.489 10.862 209.96 84.889 40.074 218.92 85.534
0.13333 30.762 144.81 94.251 12.047 218.45 85.042 42.753 227.95 85.239
0.14167 32.558 153.72 94.025 13.139 226.78 85.231 45.37 236.99 84.91
0.15 34.221 162.53 93.81 14.143 234.95 85.453 47.892 246.03 84.562
0.15833 35.735 171.24 93.601 15.066 242.98 85.7 50.284 255.07 84.212
0.16667 37.098 179.87 93.393 15.914 250.87 85.966 52.51 264.09 83.879
0.175 38.319 188.43 93.183 16.694 258.65 86.244 54.537 273.1 83.581
0.18333 39.416 196.92 92.966 17.412 266.33 86.529 56.335 282.1 83.335
0.19167 40.413 205.38 92.74 18.073 273.93 86.817 57.881 291.09 83.153
0.2 41.335 213.8 92.505 18.682 281.47 87.105 59.16 300.07 83.043
0.20833 42.208 222.21 92.261 19.241 288.95 87.39 60.164 309.06 83.01
0.21667 43.053 230.62 92.01 19.752 296.4 87.672 60.894 318.05 83.055
0.225 43.879 239.03 91.754 20.215 303.82 87.954 61.357 327.06 83.171
0.23333 44.688 247.44 91.498 20.63 311.22 88.236 61.568 336.09 83.353
0.24167 45.474 255.86 91.247 20.997 318.63 88.522 61.545 345.13 83.589
0.25 46.219 264.28 91.007 21.313 326.05 88.813 61.309 354.19 83.87
0.25833 46.898 272.69 90.781 21.577 333.48 89.111 60.884 363.25 84.184
0.26667 47.49 281.08 90.573 21.787 340.96 89.417 60.29 372.3 84.521
0.275 47.972 289.44 90.385 21.942 348.48 89.731 59.546 381.34 84.872
0.28333 48.325 297.77 90.216 22.038 356.05 90.051 58.671 390.36 85.232
0.29167 48.542 306.07 90.064 22.075 363.68 90.375 57.676 399.35 85.595
0.3 48.621 314.33 89.927 22.051 371.39 90.699 56.573 408.29 85.959
0.30833 48.575 322.56 89.801 21.964 379.17 91.019 55.369 417.17 86.324
0.31667 48.42 330.78 89.682 21.813 387.04 91.33 54.071 426 86.688
0.325 48.184 338.97 89.568 21.598 394.98 91.629 52.684 434.75 87.052
0.33333 47.894 347.15 89.457 21.319 403.01 91.911 51.212 443.44 87.418
0.34167 47.581 355.32 89.347 20.975 411.11 92.175 49.661 452.05 87.785
0.35 47.27 363.48 89.239 20.566 419.3 92.42 48.037 460.59 88.153
0.35833 46.98 371.64 89.133 20.093 427.58 92.645 46.344 469.07 88.523
0.36667 46.722 379.79 89.029 19.555 435.94 92.853 44.591 477.48 88.893
0.375 46.496 387.95 88.93 18.952 444.38 93.045 42.783 485.84 89.262
0.38333 46.295 396.12 88.837 18.284 452.91 93.225 40.929 494.16 89.631
0.39167 46.1 404.3 88.752 17.549 461.53 93.395 39.033 502.45 89.997
0.4 45.889 412.51 88.68 16.747 470.25 93.558 37.101 510.73 90.361
0.40833 45.634 420.77 88.622 15.874 479.05 93.717 35.137 519 90.723
0.41667 45.312 429.07 88.586 14.93 487.95 93.873 33.146 527.29 91.081
0.425 44.896 437.45 88.574 13.912 496.94 94.025 31.128 535.61 91.436
0.43333 44.37 445.89 88.592 12.818 506.02 94.171 29.088 543.97 91.787
0.44167 43.725 454.42 88.645 11.645 515.18 94.311 27.025 552.39 92.131
0.45 42.957 463.06 88.734 10.393 524.4 94.441 24.942 560.85 92.467
0.45833 42.07 471.8 88.859 9.0572 533.7 94.557 22.838 569.39 92.792
0.46667 41.078 480.67 89.02 7.6376 543.05 94.659 20.715 577.99 93.104
0.475 39.99 489.67 89.209 6.1319 552.46 94.745 18.572 586.65 93.398
0.48333 38.825 498.84 89.421 4.538 561.92 94.813 16.406 595.37 93.673
0.49167 37.603 508.17 89.647 2.8539 571.42 94.867 14.215 604.16 93.927
0.5 36.347 517.66 89.88 1.0772 580.97 94.908 11.994 613 94.159
0.50833 35.06 527.31 90.115 -0.7943 590.56 94.943 9.7382 621.9 94.369
0.51667 33.747 537.1 90.346 -2.7634 600.2 94.977 7.4394 630.86 94.559
0.525 32.409 547.03 90.57 -4.8329 609.9 95.019 5.0905 639.87 94.731
0.53333 31.035 557.07 90.782 -7.0056 619.66 95.075 2.6845 648.95 94.886
0.54167 29.611 567.23 90.978 -9.2846 629.48 95.152 0.2147 658.09 95.028
0.55 28.123 577.52 91.155 -11.673 639.36 95.258 -2.3234 667.3 95.158
0.55833 26.556 587.93 91.31 -14.172 649.31 95.396 -4.9328 676.58 95.275
0.56667 24.9 598.5 91.44 -16.785 659.34 95.571 -7.614 685.95 95.377
0.575 23.148 609.25 91.547 -19.513 669.43 95.781 -10.366 695.39 95.462
0.58333 21.291 620.19 91.632 -22.355 679.59 96.027 -13.186 704.92 95.525
0.59167 19.331 631.36 91.702 -25.309 689.81 96.304 -16.072 714.52 95.561
0.6 17.269 642.75 91.766 -28.371 700.1 96.609 -19.02 724.19 95.567
0.60833 15.109 654.39 91.835 -31.535 710.45 96.935 -22.032 733.91 95.54
0.61667 12.853 666.25 91.925 -34.791 720.86 97.276 -25.109 743.69 95.48
0.625 10.505 678.31 92.052 -38.129 731.33 97.628 -28.258 753.51 95.389
0.63333 8.0622 690.55 92.23 -41.533 741.86 97.984 -31.487 763.36 95.275
0.64167 5.5254 702.93 92.472 -44.987 752.45 98.341 -34.81 773.24 95.149
0.65 2.887 715.39 92.785 -48.472 763.09 98.695 -38.24 783.14 95.024
0.65833 0.1416 727.89 93.174 -51.969 773.79 99.044 -41.79 793.06 94.916
0.66667 -2.7117 740.38 93.634 -55.458 784.53 99.385 -45.47 803 94.844
0.675 -5.677 752.81 94.158 -58.921 795.3 99.718 -49.286 812.97 94.822
0.68333 -8.7452 765.13 94.733 -62.339 806.09 100.04 -53.237 822.96 94.866
0.69167 -11.906 777.29 95.342 -65.697 816.88 100.35 -57.311 832.98 94.983
0.7 -15.139 789.26 95.971 -68.986 827.65 100.64 -61.491 843.04 95.177
0.70833 -18.426 801.01 96.601 -72.196 838.35 100.92 -65.747 853.12 95.446
0.71667 -21.743 812.52 97.216 -75.325 848.98 101.17 -70.042 863.24 95.78
0.725 -25.065 823.77 97.806 -78.372 859.49 101.4 -74.335 873.36 96.163
0.73333 -28.38 834.79 98.363 -81.34 869.85 101.6 -78.58 883.5 96.576
0.74167 -31.678 845.58 98.886 -84.235 880.04 101.77 -82.731 893.62 96.998
0.75 -34.954 856.18 99.378 -87.063 890.05 101.9 -86.748 903.72 97.409
0.75833 -38.212 866.62 99.845 -89.834 899.85 102.01 -90.597 913.79 97.789
0.76667 -41.444 876.92 100.3 -92.555 909.46 102.08 -94.252 923.8 98.125
0.775 -44.653 887.13 100.73 -95.238 918.86 102.12 -97.703 933.75 98.406
0.78333 -47.834 897.25 101.17 -97.889 928.09 102.14 -100.95 943.64 98.63
0.79167 -50.987 907.3 101.6 -100.52 937.14 102.14 -103.99 953.46 98.796
0.8 -54.106 917.29 102.05 -103.13 946.06 102.13 -106.87 963.24 98.91
0.80833 -57.191 927.21 102.5 -105.74 954.87 102.1 -109.59 972.96 98.981
0.81667 -60.236 937.06 102.96 -108.34 963.59 102.07 -112.2 982.66 99.019
0.825 -63.242 946.84 103.44 -110.94 972.27 102.04 -114.72 992.35 99.035
0.83333 -66.203 956.54 103.93 -113.54 980.92 102.01 -117.19 1002 99.038
0.84167 -69.115 966.14 104.44 -116.15 989.58 101.98 -119.64 1011.7 99.039
0.85 -71.98 975.66 104.96 -118.75 998.27 101.95 -122.09 1021.4 99.041
0.85833 -74.788 985.1 105.51 -121.36 1007 101.92 -124.56 1031.2 99.049
0.86667 -77.551 994.48 106.07 -123.97 1015.8 101.9 -127.05 1041 99.064
0.875 -80.271 1003.8 106.66 -126.59 1024.7 101.87 -129.57 1050.8 99.085
0.88333 -82.96 1013.1 107.27 -129.21 1033.6 101.84 -132.11 1060.6 99.108
0.89167 -85.628 1022.3 107.91 -131.83 1042.6 101.81 -134.68 1070.4 99.132
0.9 -88.289 1031.6 108.57 -134.47 1051.7 101.77 -137.26 1080.2 99.154
0.90833 -90.954 1040.9 109.26 -137.11 1060.9 101.73 -139.85 1090 99.172
0.91667 -93.632 1050.2 109.98 -139.77 1070 101.68 -142.44 1099.7 99.186
0.925 -96.326 1059.4 110.71 -142.44 1079.3 101.64 -145.04 1109.4 99.196
0.93333 -99.036 1068.7 111.46 -145.13 1088.6 101.61 -147.62 1119 99.204
0.94167 -101.75 1078 112.22 -147.84 1097.9 101.59 -150.2 1128.6 99.213
0.95 -104.47 1087.2 112.97 -150.57 1107.2 101.58 -152.77 1138.1 99.223
0.95833 -107.17 1096.4 113.71 -153.33 1116.6 101.6 -155.33 1147.6 99.236
0.96667 -109.84 1105.6 114.43 -156.12 1126.1 101.63 -157.88 1157.1 99.253
0.975 -112.47 1114.8 115.12 -158.94 1135.5 101.69 -160.43 1166.6 99.274
0.98333 -115.04 1124 115.77 -161.79 1145.1 101.77 -162.96 1176 99.296
0.99167 -117.54 1133.3 116.39 -164.69 1154.7 101.88 -165.47 1185.5 99.318
1 -119.97 1142.6 116.96 -167.62 1164.3 102 -167.97 1195 99.335
1.0083 -122.33 1152 117.5 -170.58 1174 102.15 -170.44 1204.5 99.346
1.0167 -124.64 1161.6 117.98 -173.58 1183.7 102.32 -172.89 1214 99.346
1.025 -126.91 1171.3 118.43 -176.6 1193.5 102.51 -175.32 1223.6 99.334
1.0333 -129.17 1181.2 118.83 -179.65 1203.4 102.73 -177.72 1233.2 99.309
1.0417 -131.45 1191.3 119.2 -182.72 1213.3 102.97 -180.08 1242.9 99.269
1.05 -133.76 1201.6 119.54 -185.81 1223.2 103.23 -182.43 1252.5 99.217
1.0583 -136.14 1212.1 119.85 -188.9 1233.3 103.51 -184.75 1262.3 99.154
1.0667 -138.6 1222.8 120.13 -191.99 1243.3 103.82 -187.05 1272.1 99.082
1.075 -141.18 1233.5 120.39 -195.09 1253.4 104.15 -189.33 1281.9 99.005
1.0833 -143.88 1244.4 120.62 -198.18 1263.6 104.51 -191.62 1291.7 98.925
1.0917 -146.7 1255.3 120.82 -201.28 1273.9 104.88 -193.9 1301.6 98.846
1.1 -149.62 1266.2 120.98 -204.37 1284.2 105.25 -196.18 1311.5 98.77
1.1083 -152.62 1277.1 121.09 -207.47 1294.6 105.63 -198.49 1321.5 98.701
1.1167 -155.68 1288 121.15 -210.58 1305 105.99 -200.81 1331.5 98.642
1.125 -158.78 1298.8 121.16 -213.69 1315.6 106.33 -203.17 1341.6 98.597
1.1333 -161.92 1309.7 121.14 -216.8 1326.3 106.66 -205.57 1351.7 98.569
1.1417 -165.09 1320.6 121.1 -219.92 1337 106.94 -208 1361.8 98.561
1.15 -168.31 1331.6 121.05 -223.03 1347.9 107.19 -210.49 1372 98.58
1.1583 -171.6 1342.7 121.01 -226.15 1358.9 107.39 -213.04 1382.2 98.627
1.1667 -174.99 1354.1 121.01 -229.25 1370 107.55 -215.64 1392.4 98.705
1.175 -178.5 1365.6 121.04 -232.35 1381.3 107.67 -218.3 1402.7 98.817
1.1833 -182.17 1377.4 121.12 -235.44 1392.6 107.76 -221.01 1413 98.962
1.1917 -186.01 1389.4 121.24 -238.51 1403.9 107.82 -223.77 1423.3 99.139
1.2 -190.05 1401.5 121.41 -241.56 1415.3 107.86 -226.57 1433.7 99.342
1.2083 -194.29 1413.7 121.6 -244.61 1426.8 107.9 -229.41 1444.1 99.567
1.2167 -198.71 1425.9 121.81 -247.66 1438.3 107.95 -232.27 1454.5 99.805
1.225 -203.3 1438 122.01 -250.72 1449.7 108.01 -235.15 1465 100.05
1.2333 -208 1450.1 122.2 -253.81 1461.2 108.09 -238.03 1475.5 100.28
1.2417 -212.77 1462 122.36 -256.93 1472.6 108.21 -240.92 1486 100.5
1.25 -217.53 1473.8 122.5 -260.1 1483.9 108.36 -243.81 1496.6 100.7
1.2583 -222.22 1485.4 122.61 -263.34 1495.2 108.57 -246.7 1507.1 100.87
1.2667 -226.76 1496.8 122.69 -266.66 1506.3 108.81 -249.6 1517.7 101.01
1.275 -231.13 1508.1 122.75 -270.07 1517.3 109.11 -252.52 1528.2 101.12
1.2833 -235.31 1519.2 122.8 -273.56 1528.2 109.45 -255.48 1538.7 101.21
1.2917 -239.3 1530.2 122.85 -277.15 1538.9 109.84 -258.5 1549.2 101.27
1.3 -243.12 1541.1 122.9 -280.81 1549.3 110.27 -261.59 1559.6 101.32
1.3083 -246.79 1551.9 122.97 -284.56 1559.6 110.74 -264.79 1569.9 101.37
1.3167 -250.34 1562.6 123.04 -288.37 1569.7 111.25 -268.11 1580.1 101.42
1.325 -253.8 1573.2 123.13 -292.23 1579.5 111.79 -271.57 1590.3 101.49
1.3333 -257.2 1583.8 123.23 -296.13 1589.1 112.35 -275.19 1600.4 101.57
1.3417 -260.57 1594.4 123.32 -300.06 1598.5 112.94 -278.98 1610.4 101.67
1.35 -263.92 1604.8 123.4 -304 1607.7 113.54 -282.95 1620.3 101.79
1.3583 -267.3 1615.3 123.46 -307.96 1616.8 114.15 -287.11 1630.1 101.93
1.3667 -270.71 1625.7 123.48 -311.92 1625.7 114.76 -291.45 1639.9 102.09
1.375 -274.19 1635.9 123.44 -315.89 1634.4 115.38 -295.98 1649.5 102.27
1.3833 -277.72 1646 123.36 -319.87 1643.1 115.99 -300.68 1659.1 102.46
1.3917 -281.31 1656 123.22 -323.87 1651.7 116.59 -305.55 1668.7 102.66
1.4 -284.95 1665.8 123.03 -327.89 1660.2 117.19 -310.58 1678.1 102.88
1.4083 -288.66 1675.4 122.79 -331.95 1668.7 117.78 -315.76 1687.5 103.11
1.4167 -292.41 1684.8 122.53 -336.04 1677.2 118.36 -321.06 1696.8 103.35
1.425 -296.22 1694 122.24 -340.19 1685.8 118.93 -326.48 1706.1 103.62
1.4333 -300.1 1703 121.96 -344.39 1694.3 119.5 -332.01 1715.2 103.91
1.4417 -304.03 1711.9 121.69 -348.65 1702.8 120.06 -337.63 1724.3 104.22
1.45 -308.05 1720.6 121.45 -352.97 1711.3 120.62 -343.32 1733.3 104.56
1.4583 -312.14 1729.3 121.24 -357.35 1719.9 121.16 -349.07 1742.2 104.92
1.4667 -316.31 1737.9 121.07 -361.79 1728.4 121.7 -354.86 1751 105.29
1.475 -320.56 1746.4 120.94 -366.29 1737 122.22 -360.69 1759.7 105.68
1.4833 -324.89 1754.9 120.84 -370.84 1745.5 122.72 -366.54 1768.3 106.08
1.4917 -329.26 1763.3 120.76 -375.45 1754 123.2 -372.4 1776.9 106.47
1.5 -333.67 1771.8 120.7 -380.11 1762.5 123.66 -378.27 1785.3 106.85
1.5083 -338.11 1780.2 120.63 -384.83 1771.1 124.08 -384.12 1793.8 107.21
1.5167 -342.55 1788.7 120.55 -389.61 1779.6 124.47 -389.97 1802.1 107.55
1.525 -346.99 1797.1 120.45 -394.46 1788.2 124.82 -395.8 1810.4 107.86
1.5333 -351.42 1805.6 120.33 -399.37 1796.9 125.15 -401.62 1818.7 108.15
1.5417 -355.85 1814 120.19 -404.36 1805.6 125.44 -407.41 1826.9 108.4
1.55 -360.29 1822.5 120.02 -409.43 1814.5 125.71 -413.19 1835.1 108.63
1.5583 -364.77 1830.9 119.85 -414.58 1823.3 125.96 -418.95 1843.3 108.84
1.5667 -369.3 1839.3 119.68 -419.82 1832.3 126.18 -424.7 1851.4 109.03
1.575 -373.93 1847.8 119.53 -425.14 1841.3 126.39 -430.43 1859.6 109.21
1.5833 -378.67 1856.3 119.4 -430.54 1850.4 126.58 -436.15 1867.7 109.38
1.5917 -383.56 1864.7 119.3 -436.03 1859.6 126.76 -441.87 1875.8 109.55
1.6 -388.61 1873.2 119.23 -441.6 1868.8 126.92 -447.58 1884 109.72
1.6083 -393.84 1881.7 119.2 -447.24 1878 127.07 -453.31 1892.1 109.89
1.6167 -399.26 1890.3 119.2 -452.96 1887.2 127.2 -459.04 1900.3 110.05
1.625 -404.85 1898.9 119.21 -458.76 1896.5 127.31 -464.8 1908.6 110.22
1.6333 -410.61 1907.6 119.23 -464.62 1905.7 127.4 -470.6 1916.8 110.37
1.6417 -416.52 1916.4 119.25 -470.56 1914.9 127.47 -476.43 1925.2 110.52
1.65 -422.53 1925.3 119.25 -476.58 1924.2 127.51 -482.31 1933.5 110.66
1.6583 -428.61 1934.2 119.25 -482.66 1933.4 127.52 -488.25 1941.9 110.79
1.6667 -434.75 1943.2 119.25 -488.83 1942.7 127.53 -494.26 1950.4 110.91
1.675 -440.93 1952.1 119.25 -495.07 1951.9 127.52 -500.33 1958.9 111.01
1.6833 -447.16 1961.1 119.25 -501.4 1961.3 127.51 -506.47 1967.4 111.11
1.6917 -453.45 1970.1 119.26 -507.81 1970.6 127.51 -512.68 1975.9 111.19
1.7 -459.84 1979.1 119.27 -514.32 1980 127.52 -518.95 1984.5 111.26
1.7083 -466.34 1988.2 119.29 -520.92 1989.4 127.56 -525.28 1993.1 111.32
1.7167 -473.01 1997.4 119.32 -527.62 1998.8 127.62 -531.67 2001.8 111.36
1.725 -479.88 2006.7 119.34 -534.41 2008.3 127.71 -538.12 2010.5 111.39
1.7333 -486.96 2016.1 119.36 -541.3 2017.7 127.84 -544.62 2019.3 111.4
1.7417 -494.29 2025.7 119.38 -548.27 2027.2 127.99 -551.17 2028.1 111.39
1.75 -501.85 2035.6 119.4 -555.32 2036.6 128.17 -557.77 2037 111.36
1.7583 -509.64 2045.6 119.43 -562.45 2046 128.36 -564.43 2045.9 111.31
1.7667 -517.62 2055.9 119.47 -569.64 2055.4 128.57 -571.14 2055 111.24
1.775 -525.76 2066.2 119.54 -576.87 2064.7 128.77 -577.91 2064.1 111.17
1.7833 -534 2076.7 119.65 -584.15 2074 128.97 -584.75 2073.2 111.09
1.7917 -542.32 2087.2 119.81 -591.44 2083.2 129.15 -591.65 2082.4 111.01
1.8 -550.66 2097.7 120.02 -598.73 2092.4 129.3 -598.62 2091.7 110.93
1.8083 -559 2108.1 120.29 -606.02 2101.6 129.43 -605.64 2101 110.88
1.8167 -567.28 2118.4 120.62 -613.27 2110.8 129.53 -612.7 2110.2 110.84
1.825 -575.49 2128.5 120.99 -620.49 2120 129.6 -619.8 2119.5 110.83
1.8333 -583.6 2138.4 121.4 -627.64 2129.2 129.63 -626.9 2128.7 110.84
1.8417 -591.59 2148.1 121.82 -634.73 2138.4 129.64 -633.99 2137.8 110.87
1.85 -599.44 2157.6 122.25 -641.74 2147.6 129.61 -641.05 2146.9 110.92
1.8583 -607.15 2166.8 122.67 -648.66 2156.8 129.55 -648.04 2156 110.97
1.8667 -614.71 2175.7 123.07 -655.47 2166 129.46 -654.96 2165 111.02
1.875 -622.14 2184.5 123.43 -662.19 2175.3 129.34 -661.78 2174 111.07
1.8833 -629.44 2193.1 123.75 -668.8 2184.5 129.19 -668.49 2182.9 111.1
1.8917 -636.65 2201.6 124.04 -675.3 2193.6 129.01 -675.09 2191.8 111.1
1.9 -643.77 2210 124.31 -681.7 2202.7 128.81 -681.56 2200.8 111.09
1.9083 -650.82 2218.3 124.54 -687.99 2211.8 128.57 -687.91 2209.8 111.05
1.9167 -657.8 2226.6 124.76 -694.19 2220.7 128.31 -694.15 2218.8 110.99
1.925 -664.71 2234.8 124.97 -700.3 2229.6 128.01 -700.29 2227.9 110.91
1.9333 -671.53 2243.1 125.18 -706.34 2238.4 127.69 -706.34 2237.1 110.82
1.9417 -678.24 2251.4 125.4 -712.31 2247.1 127.35 -712.3 2246.4 110.71
1.95 -684.84 2259.6 125.64 -718.23 2255.7 126.99 -718.2 2255.7 110.61
1.9583 -691.3 2267.9 125.89 -724.11 2264.3 126.61 -724.04 2265.1 110.5
1.9667 -697.62 2276.1 126.17 -729.96 2272.8 126.22 -729.83 2274.6 110.39
1.975 -703.79 2284.3 126.48 -735.8 2281.3 125.83 -735.56 2284.2 110.28
1.9833 -709.82 2292.5 126.8 -741.64 2289.7 125.43 -741.25 2293.8 110.18
1.9917 -715.71 2300.7 127.15 -747.47 2298.2 125.03 -746.88 2303.4 110.07
2 -721.49 2308.8 127.52 -753.31 2306.8 124.64 -752.47 2313.1 109.96
2.0083 -727.16 2316.9 127.89 -759.16 2315.4 124.26 -758.01 2322.8 109.84
2.0167 -732.75 2325 128.28 -765.02 2324 123.88 -763.5 2332.6 109.71
2.025 -738.3 2333.1 128.67 -770.9 2332.7 123.52 -768.94 2342.3 109.57
2.0333 -743.81 2341.2 129.05 -776.78 2341.5 123.16 -774.33 2352 109.43
2.0417 -749.3 2349.3 129.44 -782.67 2350.4 122.82 -779.68 2361.8 109.27
2.05 -754.77 2357.5 129.81 -788.57 2359.3 122.48 -785 2371.5 109.11
2.0583 -760.24 2365.7 130.18 -794.47 2368.3 122.16 -790.29 2381.2 108.95
2.0667 -765.7 2373.9 130.54 -800.37 2377.3 121.86 -795.56 2390.9 108.77
2.075 -771.14 2382.2 130.89 -806.27 2386.4 121.56 -800.8 2400.5 108.6
2.0833 -776.55 2390.4 131.23 -812.18 2395.5 121.27 -806.03 2410.2 108.41
2.0917 -781.93 2398.7 131.55 -818.09 2404.7 121 -811.25 2419.8 108.23
2.1 -787.28 2407 131.86 -824.01 2413.8 120.75 -816.45 2429.4 108.03
2.1083 -792.59 2415.3 132.14 -829.93 2423 120.52 -821.64 2439 107.83
2.1167 -797.87 2423.7 132.39 -835.87 2432.2 120.31 -826.81 2448.6 107.62
2.125 -803.15 2432.2 132.63 -841.81 2441.5 120.12 -831.96 2458.2 107.4
2.1333 -808.44 2440.8 132.83 -847.77 2450.7 119.95 -837.1 2467.7 107.17
2.1417 -813.75 2449.5 132.99 -853.74 2460.1 119.8 -842.21 2477.3 106.94
2.15 -819.11 2458.4 133.13 -859.71 2469.5 119.68 -847.31 2486.9 106.71
2.1583 -824.53 2467.5 133.23 -865.7 2478.9 119.57 -852.39 2496.5 106.48
2.1667 -830.01 2476.7 133.3 -871.68 2488.5 119.49 -857.46 2506.1 106.25
2.175 -835.58 2486.2 133.35 -877.65 2498.1 119.43 -862.52 2515.7 106.03
2.1833 -841.23 2495.9 133.39 -883.62 2507.9 119.39 -867.58 2525.3 105.81
2.1917 -846.96 2505.8 133.41 -889.58 2517.7 119.37 -872.63 2535 105.6
2.2 -852.78 2515.9 133.44 -895.52 2527.6 119.36 -877.69 2544.7 105.4
2.2083 -858.67 2526.1 133.46 -901.44 2537.6 119.36 -882.76 2554.4 105.2
2.2167 -864.62 2536.5 133.49 -907.33 2547.7 119.38 -887.83 2564.1 105
2.225 -870.62 2546.8 133.52 -913.21 2557.9 119.39 -892.9 2573.9 104.8
2.2333 -876.64 2557.2 133.54 -919.07 2568.2 119.41 -897.99 2583.7 104.6
2.2417 -882.68 2567.5 133.55 -924.91 2578.5 119.43 -903.08 2593.6 104.39
2.25 -888.73 2577.7 133.55 -930.74 2588.9 119.43 -908.17 2603.5 104.18
2.2583 -894.79 2588 133.54 -936.56 2599.5 119.42 -913.28 2613.5 103.97
2.2667 -900.88 2598.2 133.5 -942.37 2610.1 119.38 -918.39 2623.5 103.76
2.275 -907.02 2608.5 133.45 -948.17 2620.8 119.33 -923.53 2633.6 103.58
2.2833 -913.24 2618.8 133.39 -953.97 2631.5 119.25 -928.68 2643.7 103.41
2.2917 -919.58 2629.2 133.32 -959.76 2642.4 119.14 -933.86 2653.9 103.27
2.3 -926.04 2639.8 133.23 -965.53 2653.4 119 -939.07 2664.1 103.17
2.3083 -932.66 2650.6 133.14 -971.3 2664.5 118.84 -944.32 2674.3 103.1
2.3167 -939.44 2661.6 133.04 -977.04 2675.6 118.67 -949.6 2684.6 103.06
2.325 -946.35 2672.8 132.92 -982.77 2686.8 118.48 -954.93 2694.9 103.04
2.3333 -953.38 2684.1 132.77 -988.49 2698.1 118.28 -960.29 2705.2 103.04
2.3417 -960.5 2695.5 132.59 -994.18 2709.4 118.1 -965.69 2715.6 103.04
2.35 -967.66 2706.9 132.37 -999.87 2720.6 117.92 -971.11 2725.9 103.04
2.3583 -974.82 2718.4 132.12 -1005.6 2731.8 117.77 -976.57 2736.4 103.02
2.3667 -981.91 2729.8 131.83 -1011.2 2743 117.65 -982.04 2746.8 102.97
2.375 -988.9 2741.1 131.51 -1016.9 2754.1 117.56 -987.53 2757.2 102.89
2.3833 -995.72 2752.4 131.18 -1022.7 2765.1 117.52 -993.04 2767.7 102.78
2.3917 -1002.3 2763.5 130.84 -1028.4 2775.9 117.53 -998.56 2778.2 102.64
2.4 -1008.8 2774.4 130.51 -1034.2 2786.6 117.59 -1004.1 2788.8 102.49
2.4083 -1014.9 2785.3 130.2 -1040 2797.2 117.7 -1009.7 2799.3 102.32
2.4167 -1020.9 2796 129.9 -1045.8 2807.5 117.87 -1015.3 2809.8 102.16
2.425 -1026.7 2806.6 129.64 -1051.6 2817.7 118.08 -1020.9 2820.3 102.01
2.4333 -1032.3 2817 129.4 -1057.5 2827.7 118.33 -1026.6 2830.7 101.9
2.4417 -1037.8 2827.3 129.18 -1063.3 2837.5 118.62 -1032.4 2841.1 101.81
2.45 -1043.3 2837.5 128.99 -1069.2 2847.2 118.95 -1038.3 2851.5 101.76
2.4583 -1048.6 2847.6 128.82 -1075 2856.7 119.29 -1044.2 2861.7 101.75
2.4667 -1054 2857.6 128.65 -1080.9 2866 119.64 -1050.2 2871.9 101.77
2.475 -1059.3 2867.6 128.49 -1086.6 2875.1 119.99 -1056.4 2882 101.81
2.4833 -1064.6 2877.4 128.32 -1092.4 2884.2 120.35 -1062.6 2891.9 101.86
2.4917 -1069.9 2887.2 128.15 -1098.1 2893.1 120.7 -1069 2901.8 101.92
2.5 -1075.2 2896.9 127.96 -1103.8 2902 121.03 -1075.4 2911.6 101.98
2.5083 -1080.5 2906.5 127.75 -1109.5 2910.8 121.35 -1082 2921.3 102.05
2.5167 -1085.8 2915.9 127.52 -1115.1 2919.5 121.66 -1088.7 2931 102.11
2.525 -1091.1 2925.3 127.27 -1120.7 2928.2 121.96 -1095.4 2940.6 102.19
2.5333 -1096.4 2934.6 127 -1126.3 2936.9 122.25 -1102.3 2950.1 102.27
2.5417 -1101.6 2943.9 126.72 -1131.9 2945.7 122.53 -1109.3 2959.6 102.38
2.55 -1106.9 2953 126.42 -1137.6 2954.4 122.8 -1116.3 2969.1 102.52
2.5583 -1112.1 2962.1 126.13 -1143.3 2963.1 123.07 -1123.4 2978.5 102.71
2.5667 -1117.3 2971.1 125.83 -1149 2971.9 123.34 -1130.5 2987.9 102.93
2.575 -1122.6 2980.1 125.53 -1154.8 2980.7 123.6 -1137.7 2997.2 103.2
2.5833 -1127.9 2989 125.23 -1160.6 2989.5 123.86 -1145 3006.5 103.5
2.5917 -1133.2 2997.9 124.94 -1166.5 2998.3 124.1 -1152.2 3015.8 103.82
2.6 -1138.6 3006.7 124.66 -1172.4 3007.2 124.33 -1159.5 3025 104.16
2.6083 -1144 3015.5 124.37 -1178.4 3016.1 124.54 -1166.7 3034.1 104.49
2.6167 -1149.4 3024.3 124.09 -1184.5 3025 124.73 -1173.9 3043.2 104.81
2.625 -1154.9 3033.1 123.79 -1190.6 3033.9 124.91 -1181.1 3052.2 105.09
2.6333 -1160.4 3041.9 123.5 -1196.7 3042.9 125.06 -1188.2 3061.1 105.33
2.6417 -1165.9 3050.6 123.19 -1202.9 3051.9 125.2 -1195.3 3070 105.52
2.65 -1171.5 3059.4 122.88 -1209.1 3061 125.32 -1202.3 3078.8 105.66
2.6583 -1177.1 3068.2 122.56 -1215.3 3070.1 125.43 -1209.3 3087.6 105.76
2.6667 -1182.8 3077 122.25 -1221.6 3079.2 125.54 -1216.2 3096.4 105.82
2.675 -1188.6 3085.8 121.95 -1227.9 3088.4 125.65 -1223.1 3105.1 105.85
2.6833 -1194.4 3094.7 121.67 -1234.3 3097.7 125.75 -1230 3113.8 105.87
2.6917 -1200.3 3103.6 121.42 -1240.7 3106.9 125.85 -1236.9 3122.6 105.88
2.7 -1206.3 3112.4 121.22 -1247.2 3116.3 125.95 -1243.8 3131.3 105.91
2.7083 -1212.4 3121.3 121.06 -1253.7 3125.6 126.04 -1250.8 3140.1 105.94
2.7167 -1218.7 3130.3 120.95 -1260.2 3135 126.12 -1257.7 3148.9 105.98
2.725 -1225.1 3139.2 120.87 -1266.9 3144.4 126.19 -1264.7 3157.7 106.04
2.7333 -1231.6 3148.3 120.83 -1273.5 3153.8 126.24 -1271.6 3166.6 106.1
2.7417 -1238.3 3157.5 120.81 -1280.3 3163.2 126.27 -1278.7 3175.5 106.16
2.75 -1245.1 3166.8 120.8 -1287.2 3172.6 126.27 -1285.7 3184.4 106.22
2.7583 -1252 3176.2 120.79 -1294.1 3182 126.26 -1292.8 3193.4 106.25
2.7667 -1259 3185.8 120.77 -1301.1 3191.5 126.22 -1299.8 3202.4 106.26
2.775 -1266.1 3195.5 120.75 -1308.1 3200.9 126.17 -1306.9 3211.4 106.25
2.7833 -1273.2 3205.3 120.73 -1315.2 3210.4 126.11 -1314 3220.4 106.21
2.7917 -1280.4 3215.2 120.7 -1322.4 3219.9 126.06 -1321.2 3229.4 106.14
2.8 -1287.7 3225.1 120.66 -1329.7 3229.5 126.01 -1328.4 3238.4 106.06
2.8083 -1295.1 3235 120.61 -1337 3239.1 125.99 -1335.6 3247.5 105.96
2.8167 -1302.7 3245.1 120.55 -1344.4 3248.7 125.99 -1342.8 3256.6 105.84
2.825 -1310.3 3255.2 120.48 -1351.8 3258.4 126.02 -1350.1 3265.6 105.72
2.8333 -1318.1 3265.4 120.4 -1359.3 3268 126.08 -1357.4 3274.8 105.59
2.8417 -1326.2 3275.7 120.3 -1366.8 3277.7 126.17 -1364.8 3283.9 105.46
2.85 -1334.3 3286.1 120.2 -1374.4 3287.3 126.28 -1372.1 3293.1 105.31
2.8583 -1342.7 3296.7 120.11 -1382 3297 126.41 -1379.5 3302.4 105.15
2.8667 -1351.1 3307.4 120.04 -1389.7 3306.6 126.55 -1387 3311.7 104.98
2.875 -1359.7 3318.2 119.99 -1397.4 3316.3 126.69 -1394.4 3321.1 104.8
2.8833 -1368.3 3329.1 119.99 -1405.2 3325.9 126.82 -1401.8 3330.5 104.61
2.8917 -1376.9 3340 120.05 -1412.9 3335.6 126.94 -1409.2 3340 104.41
2.9 -1385.5 3351 120.17 -1420.8 3345.2 127.03 -1416.7 3349.5 104.2
2.9083 -1394.1 3361.9 120.37 -1428.6 3354.9 127.1 -1424.1 3359.1 104.01
2.9167 -1402.5 3372.6 120.65 -1436.4 3364.7 127.15 -1431.6 3368.6 103.83
2.925 -1410.8 3383.3 120.98 -1444.1 3374.5 127.17 -1439 3378.1 103.69
2.9333 -1419 3393.7 121.36 -1451.8 3384.3 127.16 -1446.4 3387.6 103.58
2.9417 -1427.1 3404 121.78 -1459.4 3394.3 127.13 -1453.9 3397 103.51
2.95 -1435 3413.9 122.2 -1467 3404.2 127.07 -1461.3 3406.4 103.49
2.9583 -1442.8 3423.7 122.62 -1474.4 3414.3 126.99 -1468.7 3415.8 103.5
2.9667 -1450.4 3433.1 123 -1481.6 3424.3 126.89 -1476.1 3425.1 103.56
2.975 -1457.9 3442.3 123.34 -1488.7 3434.3 126.78 -1483.4 3434.4 103.64
2.9833 -1465.2 3451.4 123.62 -1495.6 3444.3 126.64 -1490.6 3443.8 103.73
2.9917 -1472.5 3460.2 123.85 -1502.4 3454.2 126.49 -1497.7 3453.1 103.81
3 -1479.7 3468.9 124.03 -1509 3464 126.32 -1504.8 3462.5 103.88
3.0083 -1486.8 3477.5 124.18 -1515.4 3473.6 126.13 -1511.6 3472 103.91
3.0167 -1493.8 3486.1 124.29 -1521.6 3483.1 125.94 -1518.3 3481.5 103.9
3.025 -1500.7 3494.6 124.38 -1527.7 3492.5 125.72 -1524.9 3491.2 103.84
3.0333 -1507.5 3503.2 124.47 -1533.7 3501.8 125.49 -1531.2 3501 103.73
3.0417 -1514.2 3511.8 124.57 -1539.5 3510.9 125.25 -1537.3 3511 103.58
3.05 -1520.8 3520.4 124.67 -1545.2 3519.9 124.99 -1543.3 3521 103.38
3.0583 -1527.2 3529.1 124.8 -1550.9 3528.8 124.73 -1549 3531.2 103.15
3.0667 -1533.5 3537.9 124.96 -1556.5 3537.7 124.46 -1554.6 3541.4 102.9
3.075 -1539.6 3546.6 125.14 -1562.1 3546.6 124.18 -1560.1 3551.8 102.64
3.0833 -1545.5 3555.4 125.34 -1567.6 3555.4 123.89 -1565.4 3562.1 102.37
3.0917 -1551.2 3564.1 125.57 -1573.1 3564.3 123.59 -1570.5 3572.5 102.11
3.1 -1556.8 3572.8 125.82 -1578.6 3573.2 123.28 -1575.6 3582.9 101.85
3.1083 -1562.3 3581.5 126.07 -1584.1 3582.2 122.96 -1580.7 3593.3 101.6
3.1167 -1567.7 3590.2 126.34 -1589.6 3591.3 122.63 -1585.7 3603.6 101.35
3.125 -1572.9 3598.8 126.61 -1595 3600.5 122.29 -1590.6 3613.9 101.11
3.1333 -1578.1 3607.5 126.88 -1600.4 3609.7 121.95 -1595.5 3624.1 100.87
3.1417 -1583.3 3616.1 127.15 -1605.8 3619 121.6 -1600.4 3634.3 100.64
3.15 -1588.4 3624.7 127.41 -1611.2 3628.4 121.24 -1605.2 3644.4 100.39
3.1583 -1593.6 3633.3 127.66 -1616.6 3637.8 120.89 -1610 3654.5 100.15
3.1667 -1598.7 3642 127.9 -1621.9 3647.3 120.54 -1614.7 3664.5 99.9
3.175 -1603.8 3650.6 128.13 -1627.2 3656.8 120.21 -1619.5 3674.5 99.644
3.1833 -1608.8 3659.2 128.35 -1632.5 3666.4 119.87 -1624.1 3684.5 99.382
3.1917 -1613.9 3667.9 128.55 -1637.7 3676 119.55 -1628.7 3694.4 99.111
3.2 -1619 3676.5 128.74 -1643 3685.7 119.24 -1633.3 3704.4 98.827
3.2083 -1624 3685.2 128.93 -1648.3 3695.4 118.95 -1637.8 3714.3 98.526
3.2167 -1629 3694 129.09 -1653.6 3705.1 118.66 -1642.2 3724.2 98.202
3.225 -1634 3702.8 129.25 -1658.9 3714.8 118.38 -1646.6 3734.1 97.851
3.2333 -1638.9 3711.7 129.39 -1664.2 3724.6 118.1 -1650.9 3744 97.468
3.2417 -1643.9 3720.7 129.51 -1669.5 3734.5 117.84 -1655.2 3753.9 97.049
3.25 -1648.9 3729.9 129.6 -1674.8 3744.4 117.58 -1659.4 3763.8 96.595
3.2583 -1653.9 3739.2 129.68 -1680.1 3754.4 117.33 -1663.7 3773.8 96.106
3.2667 -1658.8 3748.8 129.74 -1685.3 3764.4 117.1 -1667.8 3783.7 95.588
3.275 -1663.8 3758.5 129.77 -1690.5 3774.5 116.88 -1672 3793.7 95.05
3.2833 -1668.8 3768.5 129.78 -1695.7 3784.7 116.68 -1676.2 3803.7 94.504
3.2917 -1673.8 3778.7 129.78 -1700.8 3795 116.49 -1680.4 3813.8 93.963
3.3 -1678.7 3789.1 129.77 -1705.9 3805.4 116.34 -1684.5 3823.9 93.44
3.3083 -1683.7 3799.7 129.76 -1710.9 3815.9 116.21 -1688.7 3834.1 92.948
3.3167 -1688.7 3810.5 129.75 -1715.8 3826.4 116.1 -1692.8 3844.4 92.496
3.325 -1693.7 3821.4 129.75 -1720.7 3837.1 116.02 -1697 3854.7 92.09
3.3333 -1698.7 3832.3 129.76 -1725.5 3847.8 115.96 -1701.1 3865.1 91.733
3.3417 -1703.7 3843.2 129.76 -1730.3 3858.7 115.91 -1705.2 3875.7 91.42
3.35 -1708.8 3854.1 129.77 -1735 3869.6 115.87 -1709.3 3886.3 91.144
3.3583 -1713.9 3864.9 129.76 -1739.7 3880.6 115.83 -1713.3 3896.9 90.895
3.3667 -1719 3875.7 129.74 -1744.4 3891.7 115.78 -1717.3 3907.7 90.66
3.375 -1724.1 3886.6 129.7 -1749 3902.8 115.72 -1721.3 3918.5 90.426
3.3833 -1729.3 3897.4 129.63 -1753.6 3914 115.64 -1725.1 3929.3 90.18
3.3917 -1734.5 3908.4 129.55 -1758.2 3925.4 115.54 -1729 3940.2 89.915
3.4 -1739.8 3919.5 129.43 -1762.7 3936.7 115.42 -1732.7 3951.2 89.624
3.4083 -1745.2 3930.7 129.29 -1767.2 3948.2 115.28 -1736.5 3962.2 89.305
3.4167 -1750.8 3942.2 129.11 -1771.7 3959.8 115.12 -1740.1 3973.2 88.963
3.425 -1756.4 3953.8 128.88 -1776.1 3971.4 114.94 -1743.8 3984.3 88.603
3.4333 -1762.1 3965.5 128.61 -1780.5 3983.1 114.75 -1747.4 3995.4 88.236
3.4417 -1767.8 3977.4 128.29 -1784.8 3994.9 114.54 -1751 4006.6 87.871
3.45 -1773.5 3989.4 127.91 -1789.1 4006.6 114.33 -1754.5 4017.8 87.521
3.4583 -1779.2 4001.4 127.48 -1793.4 4018.4 114.12 -1758.1 4029.1 87.192
3.4667 -1784.8 4013.3 127 -1797.7 4030.2 113.91 -1761.7 4040.4 86.891
3.475 -1790.2 4025.2 126.48 -1802 4041.9 113.7 -1765.2 4051.8 86.62
3.4833 -1795.4 4037 125.95 -1806.4 4053.5 113.5 -1768.8 4063.2 86.376
3.4917 -1800.4 4048.6 125.41 -1810.7 4064.9 113.32 -1772.3 4074.7 86.153
3.5 -1805.2 4060.1 124.89 -1815.1 4076.3 113.15 -1775.9 4086.1 85.941
3.5083 -1809.7 4071.4 124.41 -1819.6 4087.4 113 -1779.5 4097.6 85.73
3.5167 -1814 4082.6 123.97 -1824.1 4098.4 112.88 -1783.1 4109.1 85.508
3.525 -1818.1 4093.6 123.58 -1828.6 4109.1 112.78 -1786.7 4120.5 85.267
3.5333 -1822 4104.5 123.25 -1833.1 4119.7 112.73 -1790.4 4131.9 84.998
3.5417 -1825.9 4115.4 122.97 -1837.6 4130.1 112.71 -1794.2 4143.2 84.695
3.55 -1829.7 4126.1 122.73 -1842.1 4140.3 112.73 -1798 4154.4 84.359
3.5583 -1833.4 4136.8 122.52 -1846.6 4150.3 112.79 -1801.9 4165.4 83.99
3.5667 -1837.2 4147.5 122.34 -1851 4160.2 112.89 -1805.8 4176.4 83.593
3.575 -1841 4158.2 122.15 -1855.4 4169.9 113.02 -1809.9 4187.3 83.176
3.5833 -1844.8 4168.9 121.96 -1859.7 4179.6 113.18 -1814 4198 82.746
3.5917 -1848.7 4179.6 121.74 -1863.9 4189.2 113.36 -1818.2 4208.7 82.312
3.6 -1852.7 4190.2 121.49 -1868.1 4198.7 113.55 -1822.5 4219.2 81.882
3.6083 -1856.7 4200.8 121.2 -1872.2 4208.1 113.76 -1826.9 4229.7 81.462
3.6167 -1860.7 4211.2 120.86 -1876.2 4217.5 113.96 -1831.3 4240.1 81.058
3.625 -1864.7 4221.6 120.48 -1880.2 4226.7 114.16 -1835.7 4250.5 80.672
3.6333 -1868.7 4231.8 120.07 -1884.2 4235.9 114.34 -1840.3 4260.9 80.306
3.6417 -1872.7 4241.9 119.63 -1888.1 4245.1 114.51 -1844.8 4271.2 79.957
3.65 -1876.6 4251.8 119.17 -1892.1 4254.1 114.66 -1849.3 4281.6 79.623
3.6583 -1880.5 4261.5 118.7 -1896 4263 114.79 -1853.9 4291.9 79.3
3.6667 -1884.4 4271.1 118.25 -1900 4271.9 114.89 -1858.5 4302.2 78.983
3.675 -1888.3 4280.6 117.81 -1904 4280.6 114.98 -1863.1 4312.5 78.665
3.6833 -1892.2 4290 117.38 -1908.1 4289.4 115.05 -1867.7 4322.8 78.341
3.6917 -1896 4299.4 116.98 -1912.2 4298 115.11 -1872.3 4333.1 78.005
3.7 -1899.9 4308.8 116.6 -1916.3 4306.7 115.14 -1876.9 4343.2 77.65
3.7083 -1903.8 4318.1 116.22 -1920.5 4315.4 115.17 -1881.5 4353.4 77.272
3.7167 -1907.8 4327.5 115.86 -1924.7 4324.1 115.18 -1886.1 4363.4 76.868
3.725 -1911.8 4337 115.49 -1929 4332.9 115.17 -1890.6 4373.4 76.435
3.7333 -1915.8 4346.5 115.1 -1933.2 4341.9 115.16 -1895.1 4383.4 75.973
3.7417 -1919.8 4356 114.7 -1937.5 4350.9 115.14 -1899.6 4393.3 75.485
3.75 -1923.9 4365.6 114.28 -1941.8 4360 115.1 -1904.1 4403.1 74.973
3.7583 -1928 4375.2 113.85 -1946.1 4369.2 115.05 -1908.5 4412.9 74.443
3.7667 -1932.2 4384.8 113.39 -1950.4 4378.6 115 -1912.9 4422.6 73.903
3.775 -1936.3 4394.4 112.94 -1954.7 4388 114.93 -1917.3 4432.3 73.358
3.7833 -1940.5 4403.9 112.49 -1959.1 4397.5 114.86 -1921.7 4442 72.818
3.7917 -1944.7 4413.5 112.07 -1963.5 4407 114.77 -1926.1 4451.7 72.29
3.8 -1949 4423 111.67 -1967.9 4416.6 114.68 -1930.6 4461.4 71.78
3.8083 -1953.4 4432.5 111.33 -1972.3 4426.2 114.59 -1935 4471 71.295
3.8167 -1957.8 4442 111.03 -1976.8 4435.8 114.48 -1939.5 4480.6 70.838
3.825 -1962.3 4451.5 110.79 -1981.3 4445.4 114.37 -1943.9 4490.2 70.41
3.8333 -1966.8 4461 110.59 -1985.9 4454.9 114.26 -1948.4 4499.8 70.011
3.8417 -1971.5 4470.6 110.43 -1990.6 4464.5 114.13 -1953 4509.4 69.637
3.85 -1976.3 4480.4 110.29 -1995.3 4474 114 -1957.5 4519 69.283
3.8583 -1981.1 4490.2 110.17 -2000 4483.6 113.86 -1962 4528.6 68.942
3.8667 -1986.1 4500.2 110.04 -2004.7 4493.3 113.72 -1966.6 4538.2 68.607
3.875 -1991 4510.3 109.91 -2009.5 4502.9 113.57 -1971.1 4547.8 68.267
3.8833 -1996 4520.5 109.76 -2014.3 4512.7 113.41 -1975.6 4557.5 67.915
3.8917 -2001 4530.8 109.59 -2019.1 4522.5 113.25 -1980.2 4567.2 67.544
3.9 -2006 4541.1 109.4 -2023.8 4532.4 113.09 -1984.7 4577 67.147
3.9083 -2011.1 4551.5 109.19 -2028.6 4542.4 112.92 -1989.2 4586.8 66.72
3.9167 -2016.1 4562 108.95 -2033.4 4552.4 112.76 -1993.8 4596.6 66.26
3.925 -2021.2 4572.4 108.69 -2038.2 4562.6 112.6 -1998.3 4606.5 65.768
3.9333 -2026.4 4582.9 108.42 -2043 4572.8 112.45 -2002.9 4616.4 65.245
3.9417 -2031.7 4593.5 108.14 -2047.7 4583 112.3 -2007.4 4626.4 64.697
3.95 -2037.1 4604.2 107.85 -2052.5 4593.3 112.16 -2012 4636.4 64.128
3.9583 -2042.6 4615 107.58 -2057.3 4603.5 112.03 -2016.5 4646.5 63.548
3.9667 -2048.2 4625.9 107.32 -2062.1 4613.7 111.91 -2021.1 4656.6 62.964
3.975 -2054 4637 107.09 -2066.9 4623.9 111.79 -2025.5 4666.7 62.384
3.9833 -2059.8 4648.1 106.9 -2071.7 4634.1 111.68 -2030 4676.9 61.817
3.9917 -2065.6 4659.4 106.76 -2076.5 4644.2 111.55 -2034.4 4687.2 61.271
4 -2071.4 4670.8 106.68 -2081.3 4654.2 111.42 -2038.7 4697.5 60.751
4.0083 -2077.2 4682.1 106.64 -2086.1 4664.2 111.27 -2043 4707.9 60.263
4.0167 -2082.8 4693.5 106.64 -2090.9 4674.3 111.1 -2047.2 4718.3 59.809
4.025 -2088.4 4704.7 106.69 -2095.6 4684.3 110.89 -2051.3 4728.8 59.389
4.0333 -2093.8 4715.7 106.75 -2100.3 4694.4 110.66 -2055.5 4739.3 59.003
4.0417 -2099.1 4726.6 106.81 -2104.9 4704.5 110.38 -2059.5 4749.8 58.648
4.05 -2104.2 4737.1 106.84 -2109.4 4714.7 110.06 -2063.6 4760.4 58.319
4.0583 -2109.1 4747.4 106.82 -2113.8 4725 109.7 -2067.6 4770.9 58.011
4.0667 -2113.9 4757.3 106.74 -2118 4735.3 109.28 -2071.5 4781.4 57.718
4.075 -2118.4 4767 106.57 -2122.2 4745.8 108.82 -2075.4 4791.9 57.432
4.0833 -2122.8 4776.3 106.31 -2126.2 4756.2 108.32 -2079.2 4802.3 57.145
4.0917 -2127.1 4785.3 105.96 -2130.1 4766.7 107.76 -2082.8 4812.7 56.851
4.1 -2131.1 4794.2 105.52 -2133.8 4777.2 107.16 -2086.3 4823 56.543
4.1083 -2135 4802.9 105.03 -2137.4 4787.6 106.51 -2089.6 4833.2 56.214
4.1167 -2138.8 4811.5 104.5 -2140.8 4797.9 105.82 -2092.7 4843.4 55.859
4.125 -2142.4 4820 103.95 -2144.1 4808.1 105.08 -2095.6 4853.7 55.474
4.1333 -2145.7 4828.6 103.41 -2147.3 4818.2 104.31 -2098.1 4863.9 55.056
4.1417 -2148.9 4837.3 102.89 -2150.3 4828.1 103.5 -2100.4 4874.2 54.605
4.15 -2151.8 4845.9 102.41 -2153.2 4838 102.66 -2102.4 4884.5 54.121
4.1583 -2154.5 4854.6 101.99 -2156 4847.7 101.79 -2104.1 4894.8 53.607
4.1667 -2156.8 4863.4 101.63 -2158.7 4857.3 100.89 -2105.6 4905.2 53.068
4.175 -2159 4872 101.33 -2161.2 4866.9 99.977 -2106.8 4915.7 52.508
4.1833 -2160.9 4880.7 101.07 -2163.7 4876.4 99.047 -2107.8 4926.2 51.936
4.1917 -2162.7 4889.2 100.86 -2166 4885.9 98.11 -2108.6 4936.7 51.356
4.2 -2164.3 4897.6 100.68 -2168.2 4895.4 97.174 -2109.3 4947.1 50.775
4.2083 -2165.7 4905.8 100.52 -2170.3 4904.8 96.249 -2109.9 4957.5 50.199
4.2167 -2167.1 4913.9 100.36 -2172.2 4914.3 95.342 -2110.4 4967.9 49.63
4.225 -2168.4 4921.9 100.19 -2174 4923.7 94.463 -2110.8 4978.1 49.07
4.2333 -2169.7 4929.8 100.01 -2175.7 4933.2 93.617 -2111 4988.3 48.519
4.2417 -2170.9 4937.7 99.817 -2177.2 4942.5 92.811 -2111.2 4998.3 47.975
4.25 -2172 4945.5 99.607 -2178.6 4951.9 92.048 -2111.2 5008.2 47.435
4.2583 -2173.1 4953.3 99.381 -2179.9 4961.2 91.329 -2111.2 5018 46.893
4.2667 -2174.1 4961.2 99.143 -2181 4970.4 90.653 -2111 5027.7 46.344
4.275 -2175 4969.1 98.895 -2182 4979.5 90.014 -2110.7 5037.3 45.782
4.2833 -2175.9 4977.1 98.642 -2182.9 4988.7 89.411 -2110.2 5046.8 45.203
4.2917 -2176.7 4985.1 98.385 -2183.7 4997.8 88.836 -2109.7 5056.2 44.603
4.3 -2177.4 4993.1 98.128 -2184.4 5006.8 88.288 -2109.1 5065.6 43.982
4.3083 -2178.1 5001.2 97.874 -2185.1 5015.9 87.746 -2108.3 5074.9 43.34
4.3167 -2178.7 5009.3 97.622 -2185.6 5025 87.219 -2107.5 5084.2 42.682
4.325 -2179.3 5017.4 97.374 -2186 5034.2 86.7 -2106.6 5093.4 42.013
4.3333 -2179.8 5025.6 97.131 -2186.3 5043.4 86.187 -2105.7 5102.5 41.342
4.3417 -2180.3 5033.8 96.893 -2186.5 5052.7 85.68 -2104.7 5111.6 40.679
4.35 -2180.8 5042 96.659 -2186.6 5062 85.182 -2103.7 5120.7 40.033
4.3583 -2181.3 5050.4 96.43 -2186.6 5071.4 84.695 -2102.6 5129.6 39.416
4.3667 -2181.7 5058.9 96.207 -2186.4 5080.8 84.224 -2101.5 5138.5 38.837
4.375 -2182 5067.5 95.99 -2186.1 5090.2 83.775 -2100.2 5147.4 38.302
4.3833 -2182.1 5076.3 95.781 -2185.7 5099.6 83.355 -2098.8 5156.3 37.816
4.3917 -2182.1 5085.3 95.586 -2185 5109.1 82.961 -2097.4 5165.1 37.379
4.4 -2181.9 5094.4 95.411 -2184.2 5118.5 82.595 -2095.8 5173.9 36.992
4.4083 -2181.5 5103.7 95.255 -2183.3 5127.8 82.267 -2094 5182.8 36.648
4.4167 -2180.9 5113.2 95.122 -2182.1 5137.2 81.972 -2092.2 5191.6 36.342
4.425 -2180.1 5122.9 95.012 -2180.8 5146.5 81.711 -2090.2 5200.5 36.063
4.4333 -2179.2 5132.6 94.926 -2179.3 5155.8 81.472 -2088.1 5209.4 35.802
4.4417 -2178.2 5142.4 94.854 -2177.7 5165.1 81.259 -2085.9 5218.3 35.546
4.45 -2177.2 5152.2 94.79 -2175.8 5174.4 81.063 -2083.6 5227.2 35.286
4.4583 -2176.1 5162 94.723 -2173.9 5183.7 80.88 -2081.2 5236 35.011
4.4667 -2175.1 5171.8 94.647 -2171.7 5193 80.7 -2078.7 5244.9 34.715
4.475 -2174.2 5181.5 94.549 -2169.5 5202.3 80.524 -2076.1 5253.7 34.391
4.4833 -2173.2 5191.2 94.425 -2167 5211.7 80.34 -2073.4 5262.4 34.037
4.4917 -2172.3 5201 94.268 -2164.4 5221.1 80.152 -2070.6 5271.1 33.653
4.5 -2171.4 5210.8 94.078 -2161.7 5230.6 79.951 -2067.6 5279.7 33.242
4.5083 -2170.4 5220.8 93.853 -2158.9 5240.1 79.736 -2064.4 5288.2 32.809
4.5167 -2169.4 5231 93.591 -2155.8 5249.5 79.511 -2061.1 5296.7 32.361
4.525 -2168.2 5241.3 93.288 -2152.7 5259 79.274 -2057.5 5305.2 31.905
4.5333 -2166.9 5251.8 92.943 -2149.4 5268.5 79.024 -2053.8 5313.7 31.451
4.5417 -2165.3 5262.6 92.548 -2146 5277.9 78.764 -2049.9 5322.2 31.005
4.55 -2163.4 5273.5 92.1 -2142.5 5287.3 78.494 -2045.9 5330.8 30.577
4.5583 -2161.3 5284.4 91.597 -2138.8 5296.6 78.215 -2041.7 5339.3 30.168
4.5667 -2158.9 5295.4 91.04 -2135.1 5305.9 77.925 -2037.4 5347.9 29.783
4.575 -2156.2 5306.4 90.427 -2131.4 5315.1 77.626 -2033 5356.5 29.421
4.5833 -2153.3 5317.2 89.767 -2127.6 5324.3 77.317 -2028.6 5365.1 29.079
4.5917 -2150.1 5327.9 89.067 -2123.8 5333.4 76.996 -2024.2 5373.7 28.751
4.6 -2146.7 5338.3 88.339 -2120.1 5342.5 76.66 -2019.7 5382.2 28.431
4.6083 -2143.2 5348.5 87.596 -2116.4 5351.5 76.309 -2015.3 5390.6 28.109
4.6167 -2139.5 5358.4 86.848 -2112.7 5360.4 75.942 -2010.9 5399 27.779
4.625 -2135.6 5367.9 86.105 -2109.2 5369.3 75.555 -2006.5 5407.2 27.431
4.6333 -2131.7 5377.2 85.378 -2105.8 5378 75.146 -2002.2 5415.2 27.06
4.6417 -2127.6 5386.2 84.669 -2102.5 5386.7 74.715 -1997.9 5423.1 26.661
4.65 -2123.5 5395 83.978 -2099.3 5395.2 74.261 -1993.6 5430.9 26.233
4.6583 -2119.4 5403.6 83.301 -2096.2 5403.5 73.782 -1989.4 5438.5 25.778
4.6667 -2115.2 5412.1 82.632 -2093.1 5411.7 73.275 -1985.2 5446 25.299
4.675 -2111 5420.4 81.962 -2090.2 5419.7 72.748 -1981 5453.3 24.804
4.6833 -2106.8 5428.7 81.281 -2087.3 5427.4 72.182 -1976.9 5460.6 24.3
4.6917 -2102.5 5436.9 80.577 -2084.5 5435 71.599 -1972.9 5467.8 23.794
4.7 -2098.2 5445 79.843 -2081.6 5442.5 70.981 -1968.9 5475 23.296
4.7083 -2093.9 5453.1 79.068 -2078.8 5449.8 70.329 -1965.1 5482 22.812
4.7167 -2089.5 5461.1 78.246 -2075.9 5456.9 69.657 -1961.3 5489.1 22.347
4.725 -2085.1 5469 77.373 -2072.9 5464 68.958 -1957.7 5496.1 21.904
4.7333 -2080.7 5476.8 76.448 -2069.9 5471 68.235 -1954.1 5503 21.484
4.7417 -2076.2 5484.4 75.475 -2066.8 5478 67.492 -1950.6 5509.9 21.084
4.75 -2071.7 5491.9 74.459 -2063.7 5484.9 66.731 -1947.1 5516.7 20.702
4.7583 -2067.2 5499.3 73.405 -2060.5 5491.9 65.959 -1943.7 5523.4 20.332
4.7667 -2062.8 5506.4 72.324 -2057.2 5498.9 65.163 -1940.3 5530 19.969
4.775 -2058.3 5513.4 71.222 -2053.8 5505.9 64.361 -1936.8 5536.5 19.606
4.7833 -2053.8 5520.2 70.103 -2050.4 5512.9 63.553 -1933.4 5542.9 19.237
4.7917 -2049.4 5526.9 68.973 -2046.9 5519.9 62.729 -1929.8 5549.2 18.858
4.8 -2044.9 5533.4 67.832 -2043.3 5527 61.892 -1926.2 5555.3 18.464
4.8083 -2040.4 5539.9 66.679 -2039.7 5534 61.041 -1922.6 5561.3 18.053
4.8167 -2035.9 5546.2 65.51 -2036.1 5541 60.166 -1918.9 5567.3 17.623
4.825 -2031.4 5552.6 64.323 -2032.4 5547.9 59.272 -1915.1 5573.1 17.175
4.8333 -2026.8 5558.8 63.111 -2028.6 5554.7 58.33 -1911.2 5578.8 16.708
4.8417 -2022.2 5565.1 61.873 -2025 5561.2 57.268 -1907.3 5584.4 16.225
4.85 -2017.6 5571.3 60.603 -2021.3 5567.7 56.179 -1903.3 5590 15.726
4.8583 -2013 5577.5 59.331 -2017.6 5574 54.985 -1899.2 5595.5 15.217
4.8667 -2008.4 5583.6 58.001 -2013.6 5580.5 53.893 -1895.1 5601 14.691
4.875 -2003.8 5589.7 56.677 -2009.6 5586.8 52.728 -1890.8 5606.5 14.173
4.8833 -1999.1 5596 55.265 -2005.3 5593.4 51.705 -1886.6 5611.8 13.626
4.8917 -1994.6 5602.1 53.936 -2000.7 5599.8 50.587 -1882.3 5617.2 13.089
4.9 -1989.9 5608.3 52.526 -1995.3 5606.6 49.817 -1877.8 5622.6 12.531
4.9083 -1985.5 5614.3 51.267 -1990.5 5613.2 48.808 -1873.2 5628 11.984
4.9167 -1980.8 5620.5 49.903 -1985.3 5620.2 48.072 -1868.6 5633.4 11.428
4.925 -1976.3 5626.6 48.686 -1980.1 5626.9 47.268 -1863.8 5638.9 10.882
4.9333 -1971.8 5632.7 47.517 -1975.1 5633.5 46.414 -1858.9 5644.3 10.335
4.9417 -1967.2 5638.8 46.424 -1970 5640.1 45.597 -1853.9 5649.8 9.7864
4.95 -1962.6 5645 45.403 -1964.8 5646.6 44.832 -1848.8 5655.3 9.2367
4.9583 -1957.9 5651.1 44.47 -1959.6 5653.1 44.084 -1843.6 5660.9 8.6786
4.9667 -1953.2 5657.3 43.594 -1954.5 5659.5 43.366 -1838.3 5666.4 8.116
4.975 -1948.3 5663.5 42.798 -1949.1 5665.8 42.703 -1833 5671.9 7.5518
4.9833 -1943.4 5669.8 42.064 -1943.8 5672 42.071 -1827.5 5677.4 6.9754
4.9917 -1938.3 5676.2 41.386 -1938.4 5678.2 41.466 -1822 5682.8 6.3878
5 -1933 5682.6 40.769 -1932.8 5684.4 40.912 -1816.4 5688.2 5.7894
5.0083 -1927.7 5689 40.197 -1927.4 5690.5 40.346 -1810.8 5693.5 5.1775
5.0167 -1922.2 5695.6 39.651 -1921.7 5696.6 39.81 -1805 5698.8 4.5607
5.025 -1916.5 5702.1 39.15 -1915.9 5702.8 39.331 -1799.2 5704 3.9359
5.0333 -1910.7 5708.7 38.661 -1910.3 5708.9 38.8 -1793.3 5709 3.2977
5.0417 -1904.8 5715.3 38.188 -1904.5 5715 38.308 -1787.2 5714.1 2.6644
5.05 -1898.6 5721.9 37.728 -1898.5 5721.1 37.853 -1781.1 5719.1 2.035
5.0583 -1892.4 5728.4 37.27 -1892.4 5727.3 37.405 -1775 5724 1.4065
5.0667 -1886 5735 36.793 -1886.6 5733.3 36.911 -1768.7 5728.9 0.77873
5.075 -1879.4 5741.5 36.304 -1880.5 5739.4 36.458 -1762.4 5733.8 0.16398
5.0833 -1872.8 5747.9 35.807 -1874.2 5745.5 36.063 -1756.1 5738.6 359.56
5.0917 -1866 5754.4 35.249 -1868.2 5751.4 35.601 -1749.7 5743.4 358.95
5.1 -1859.3 5760.9 34.688 -1862 5757.4 35.137 -1743.3 5748.2 358.34
5.1083 -1852.3 5767.5 34.05 -1855.8 5763.4 34.701 -1736.9 5752.9 357.72
5.1167 -1845.3 5774 33.382 -1849.5 5769.3 34.244 -1730.4 5757.6 357.11
5.125 -1838.2 5780.7 32.662 -1843.2 5775.2 33.77 -1723.8 5762.2 356.47
5.1333 -1831.1 5787.3 31.897 -1836.9 5781.2 33.278 -1717.3 5766.7 355.83
5.1417 -1823.9 5794 31.098 -1830.2 5787.2 32.874 -1710.6 5771.1 355.17
5.15 -1816.6 5800.6 30.235 -1823.8 5793.4 32.353 -1703.9 5775.4 354.49
5.1583 -1809.3 5807.1 29.346 -1816.6 5799.6 31.977 -1697 5779.5 353.79
5.1667 -1802 5813.5 28.417 -1809.4 5805.5 31.436 -1690.1 5783.5 353.09
5.175 -1794.8 5819.7 27.452 -1802.3 5811.2 30.762 -1683 5787.4 352.37
5.1833 -1787.6 5825.6 26.448 -1795.1 5816.9 30.004 -1675.8 5791.1 351.66
5.1917 -1780.6 5831.2 25.407 -1787.8 5822.4 29.162 -1668.5 5794.7 350.94
5.2 -1773.8 5836.6 24.33 -1780.3 5827.8 28.233 -1661.2 5798.1 350.23
5.2083 -1767.2 5841.6 23.22 -1772.8 5833 27.217 -1653.7 5801.4 349.52
5.2167 -1760.8 5846.4 22.082 -1765.1 5838.1 26.115 -1646.2 5804.5 348.81
5.225 -1754.7 5850.9 20.925 -1757.3 5843 24.932 -1638.6 5807.4 348.1
5.2333 -1748.8 5855.1 19.757 -1749.5 5847.7 23.672 -1631 5810.1 347.38
5.2417 -1743 5859 18.589 -1741.5 5852.2 22.345 -1623.3 5812.7 346.64
5.25 -1737.4 5862.8 17.432 -1733.5 5856.6 20.96 -1615.7 5815 345.87
5.2583 -1731.9 5866.4 16.297 -1725.4 5860.8 19.53 -1608 5817.1 345.06
5.2667 -1726.5 5870 15.192 -1717.2 5864.8 18.073 -1600.4 5819 344.21
5.275 -1721 5873.4 14.127 -1709 5868.6 16.572 -1592.7 5820.6 343.31
5.2833 -1715.5 5876.8 13.106 -1700.7 5872.3 15.077 -1585.1 5821.9 342.35
5.2917 -1709.9 5880.1 12.131 -1692.3 5875.8 13.553 -1577.4 5822.8 341.34
5.3 -1704.2 5883.2 11.198 -1683.9 5879.2 12.037 -1569.6 5823.5 340.27
5.3083 -1698.5 5886.2 10.298 -1675.5 5882.4 10.524 -1561.9 5823.9 339.17
5.3167 -1692.7 5888.9 9.417 -1667.1 5885.4 9.0123 -1554.1 5824 338.03
5.325 -1686.8 5891.3 8.5438 -1658.6 5888.2 7.5057 -1546.2 5823.8 336.86
5.3333 -1681.1 5893.5 7.6564 -1650.2 5890.8 5.999 -1538.3 5823.4 335.68
5.3417 -1675.3 5895.3 6.7464 -1641.8 5893.1 4.4953 -1530.3 5822.7 334.5
5.35 -1669.7 5896.8 5.801 -1633.5 5895.2 2.9916 -1522.3 5821.7 333.33
5.3583 -1664.2 5898.1 4.8161 -1625.2 5897.1 1.4901 -1514.2 5820.5 332.18
5.3667 -1658.8 5899.2 3.7909 -1617 5898.7 359.99 -1506.2 5819.1 331.06
5.375 -1653.5 5900 2.7294 -1608.8 5900.1 358.5 -1498.1 5817.6 329.98
5.3833 -1648.3 5900.8 1.6368 -1600.7 5901.2 357.03 -1490 5815.8 328.93
5.3917 -1643.1 5901.4 0.52148 -1592.6 5902 355.58 -1482 5813.8 327.92
5.4 -1637.9 5902.1 359.39 -1584.6 5902.6 354.15 -1474 5811.7 326.95
5.4083 -1632.7 5902.7 358.25 -1576.6 5903 352.77 -1466.2 5809.4 326.02
5.4167 -1627.4 5903.4 357.12 -1568.6 5903.1 351.42 -1458.3 5806.9 325.12
5.425 -1622.1 5904.2 355.98 -1560.7 5903 350.11 -1450.6 5804.3 324.26
5.4333 -1616.7 5905 354.86 -1552.7 5902.6 348.86 -1443.1 5801.4 323.42
5.4417 -1611.2 5905.9 353.75 -1544.8 5902 347.64 -1435.6 5798.4 322.62
5.45 -1605.6 5906.8 352.66 -1536.9 5901.1 346.47 -1428.3 5795.3 321.84
5.4583 -1599.9 5907.7 351.59 -1529 5900 345.34 -1421.1 5792 321.09
5.4667 -1594.2 5908.5 350.54 -1521.1 5898.7 344.25 -1414 5788.6 320.37
5.475 -1588.4 5909.2 349.51 -1513.2 5897.2 343.18 -1407 5785 319.67
5.4833 -1582.6 5909.8 348.51 -1505.3 5895.5 342.14 -1400.1 5781.3 319
5.4917 -1576.8 5910.3 347.52 -1497.5 5893.6 341.12 -1393.2 5777.5 318.36
5.5 -1571 5910.5 346.57 -1489.7 5891.4 340.12 -1386.5 5773.6 317.73
5.5083 -1565.1 5910.6 345.65 -1481.9 5889.1 339.13 -1379.8 5769.7 317.13
5.5167 -1559.2 5910.4 344.77 -1474.1 5886.6 338.16 -1373.1 5765.6 316.55
5.525 -1553.3 5910.1 343.93 -1466.4 5884 337.21 -1366.4 5761.4 315.98
5.5333 -1547.3 5909.5 343.14 -1458.7 5881.2 336.28 -1359.8 5757.2 315.42
5.5417 -1541.2 5908.8 342.4 -1451 5878.2 335.37 -1353.2 5752.8 314.87
5.55 -1534.9 5907.8 341.72 -1443.3 5875.1 334.48 -1346.6 5748.3 314.33
5.5583 -1528.6 5906.6 341.11 -1435.6 5871.8 333.63 -1340 5743.8 313.79
5.5667 -1522.1 5905.3 340.56 -1427.9 5868.4 332.81 -1333.5 5739.1 313.26
5.575 -1515.4 5903.7 340.07 -1420.2 5864.8 332.02 -1327 5734.3 312.72
5.5833 -1508.6 5901.9 339.66 -1412.6 5861.1 331.25 -1320.5 5729.4 312.19
5.5917 -1501.7 5899.9 339.31 -1404.9 5857.3 330.52 -1314 5724.3 311.67
5.6 -1494.7 5897.7 339.02 -1397.2 5853.3 329.82 -1307.6 5719.2 311.15
5.6083 -1487.5 5895.2 338.8 -1389.6 5849.2 329.14 -1301.2 5714 310.63
5.6167 -1480.3 5892.5 338.62 -1382 5844.9 328.48 -1294.7 5708.7 310.13
5.625 -1473 5889.5 338.49 -1374.4 5840.5 327.85 -1288.3 5703.3 309.63
5.6333 -1465.6 5886.3 338.39 -1366.9 5835.9 327.23 -1281.9 5697.8 309.15
5.6417 -1458.1 5882.8 338.32 -1359.4 5831.2 326.64 -1275.4 5692.3 308.68
5.65 -1450.6 5879.1 338.26 -1351.8 5826.3 326.07 -1268.9 5686.6 308.23
5.6583 -1442.9 5875.2 338.21 -1344.3 5821.2 325.52 -1262.4 5680.8 307.78
5.6667 -1435.2 5871 338.15 -1336.8 5815.8 325 -1255.8 5674.9 307.35
5.675 -1427.3 5866.6 338.07 -1329.2 5810.3 324.51 -1249.2 5668.9 306.93
5.6833 -1419.3 5861.9 337.97 -1321.5 5804.5 324.05 -1242.4 5662.7 306.53
5.6917 -1411.2 5857.1 337.85 -1313.8 5798.4 323.61 -1235.6 5656.3 306.13
5.7 -1402.9 5852 337.69 -1305.9 5792 323.21 -1228.7 5649.6 305.76
5.7083 -1394.5 5846.6 337.49 -1298 5785.3 322.82 -1221.7 5642.8 305.4
5.7167 -1386 5841 337.27 -1290 5778.3 322.46 -1214.7 5635.7 305.05
5.725 -1377.3 5835.1 337.01 -1281.8 5771.1 322.11 -1207.5 5628.5 304.73
5.7333 -1368.5 5828.9 336.72 -1273.6 5763.6 321.78 -1200.1 5620.9 304.43
5.7417 -1359.7 5822.5 336.41 -1265.3 5755.9 321.46 -1192.7 5613.2 304.15
5.75 -1350.8 5815.8 336.07 -1257 5748 321.15 -1185.1 5605.3 303.9
5.7583 -1342 5808.8 335.71 -1248.8 5740 320.85 -1177.5 5597.2 303.67
5.7667 -1333.1 5801.6 335.33 -1240.6 5731.9 320.56 -1169.7 5589.1 303.47
5.775 -1324.4 5794.1 334.93 -1232.4 5723.7 320.28 -1161.8 5580.8 303.29
5.7833 -1315.7 5786.4 334.53 -1224.4 5715.6 320.02 -1153.9 5572.5 303.14
5.7917 -1307.2 5778.6 334.11 -1216.5 5707.6 319.78 -1145.9 5564.3 303.01
5.8 -1298.9 5770.7 333.69 -1208.8 5699.6 319.57 -1138 5556 302.91
5.8083 -1290.7 5762.7 333.26 -1201.2 5691.8 319.38 -1130.1 5547.9 302.82
5.8167 -1282.7 5754.8 332.83 -1193.8 5684.2 319.23 -1122.2 5539.9 302.75
5.825 -1274.9 5746.9 332.39 -1186.5 5676.6 319.12 -1114.4 5532 302.69
5.8333 -1267.2 5739.2 331.93 -1179.4 5669.2 319.03 -1106.7 5524.3 302.64
5.8417 -1259.8 5731.8 331.46 -1172.4 5662 318.98 -1099.2 5516.7 302.6
5.85 -1252.4 5724.5 330.95 -1165.5 5654.9 318.94 -1091.8 5509.3 302.56
5.8583 -1245.1 5717.6 330.41 -1158.7 5647.9 318.92 -1084.5 5502 302.53
5.8667 -1237.9 5710.8 329.82 -1151.9 5641.1 318.89 -1077.4 5494.9 302.5
5.875 -1230.8 5704.2 329.19 -1145.2 5634.4 318.86 -1070.5 5487.9 302.47
5.8833 -1223.7 5697.6 328.53 -1138.6 5627.8 318.81 -1063.7 5481.1 302.44
5.8917 -1216.6 5691.2 327.84 -1132 5621.3 318.75 -1056.9 5474.3 302.41
5.9 -1209.6 5684.8 327.14 -1125.5 5615 318.65 -1050.3 5467.7 302.36
5.9083 -1202.6 5678.3 326.43 -1119.1 5608.8 318.53 -1043.8 5461.1 302.31
5.9167 -1195.7 5671.9 325.74 -1112.7 5602.7 318.38 -1037.3 5454.5 302.26
5.925 -1188.9 5665.4 325.07 -1106.4 5596.7 318.21 -1030.9 5448.1 302.2
5.9333 -1182 5659 324.4 -1100.2 5590.8 318.03 -1024.6 5441.7 302.13
5.9417 -1175.3 5652.4 323.79 -1094.1 5585 317.84 -1018.2 5435.3 302.06
5.95 -1168.7 5645.9 323.19 -1088.1 5579.2 317.64 -1012 5429.1 301.99
5.9583 -1162 5639.4 322.61 -1082.1 5573.5 317.45 -1005.8 5422.9 301.91
5.9667 -1155.5 5633 322.04 -1076.2 5567.8 317.26 -999.63 5416.7 301.83
5.975 -1148.9 5626.6 321.48 -1070.2 5562.1 317.08 -993.54 5410.7 301.75
5.9833 -1142.4 5620.3 320.93 -1064.3 5556.4 316.91 -987.5 5404.7 301.67
5.9917 -1135.9 5614 320.38 -1058.4 5550.7 316.75 -981.52 5398.8 301.59
6 -1129.5 5607.8 319.82 -1052.5 5544.9 316.58 -975.59 5392.9 301.5
6.0083 -1123.1 5601.6 319.26 -1046.6 5539.2 316.42 -969.7 5387.1 301.41
6.0167 -1116.6 5595.5 318.69 -1040.6 5533.4 316.25 -963.86 5381.4 301.31
6.025 -1110.2 5589.3 318.13 -1034.7 5527.6 316.07 -958.03 5375.6 301.2
6.0333 -1103.9 5583.1 317.58 -1028.7 5521.8 315.88 -952.23 5369.9 301.09
6.0417 -1097.5 5576.8 317.03 -1022.7 5516 315.67 -946.43 5364.2 300.98
6.05 -1091.2 5570.4 316.49 -1016.7 5510.3 315.46 -940.63 5358.6 300.85
6.0583 -1084.8 5564 315.96 -1010.7 5504.5 315.24 -934.81 5352.9 300.73
6.0667 -1078.5 5557.5 315.44 -1004.8 5498.8 315.02 -928.98 5347.2 300.61
6.075 -1072.1 5550.9 314.92 -998.8 5493 314.8 -923.14 5341.5 300.49
6.0833 -1065.7 5544.3 314.42 -992.85 5487.2 314.59 -917.27 5335.7 300.38
