0.0083333 -33.078 5.791 99.811 -58.67 82.55 91.927 -26.898 229.23 80.702
0.016667 -32.771 12.869 99.903 -58.034 90.708 91.969 -25.893 237.16 80.52
0.025 -32.423 20.157 99.99 -57.34 98.976 91.99 -24.842 245.15 80.338
0.033333 -32.037 27.666 100.06 -56.591 107.35 91.987 -23.744 253.2 80.159
0.041667 -31.617 35.407 100.12 -55.789 115.82 91.957 -22.594 261.35 79.981
0.05 -31.177 43.389 100.16 -54.938 124.38 91.898 -21.392 269.62 79.807
0.058333 -30.737 51.612 100.17 -54.044 133.03 91.808 -20.137 278.02 79.635
0.066667 -30.317 60.072 100.16 -53.111 141.75 91.691 -18.833 286.57 79.467
0.075 -29.939 68.759 100.12 -52.145 150.55 91.548 -17.481 295.27 79.301
0.083333 -29.622 77.656 100.05 -51.158 159.44 91.38 -16.086 304.11 79.137
0.091667 -29.374 86.746 99.967 -50.154 168.39 91.194 -14.651 313.08 78.974
0.1 -29.199 96.001 99.863 -49.145 177.4 90.993 -13.184 322.14 78.812
0.10833 -29.086 105.39 99.745 -48.143 186.48 90.784 -11.689 331.26 78.648
0.11667 -29.019 114.89 99.62 -47.159 195.6 90.572 -10.177 340.39 78.481
0.125 -28.972 124.45 99.494 -46.208 204.75 90.363 -8.6549 349.5 78.31
0.13333 -28.919 134.05 99.377 -45.307 213.92 90.161 -7.1343 358.53 78.129
0.14167 -28.828 143.64 99.276 -44.467 223.08 89.975 -5.6287 367.45 77.936
0.15 -28.677 153.2 99.195 -43.705 232.22 89.811 -4.1536 376.23 77.729
0.15833 -28.447 162.7 99.141 -43.034 241.31 89.674 -2.727 384.84 77.504
0.16667 -28.129 172.13 99.114 -42.465 250.32 89.57 -1.3698 393.27 77.26
0.175 -27.724 181.45 99.111 -42.009 259.23 89.503 -0.10509 401.52 76.996
0.18333 -27.239 190.68 99.128 -41.67 268.03 89.476 1.0428 409.61 76.713
0.19167 -26.691 199.82 99.157 -41.451 276.7 89.492 2.0484 417.55 76.415
0.2 -26.1 208.88 99.186 -41.348 285.22 89.552 2.8866 425.38 76.106
0.20833 -25.487 217.87 99.206 -41.356 293.59 89.655 3.5343 433.11 75.793
0.21667 -24.879 226.82 99.205 -41.466 301.82 89.801 3.971 440.8 75.483
0.225 -24.303 235.74 99.176 -41.666 309.9 89.988 4.1802 448.46 75.187
0.23333 -23.789 244.65 99.113 -41.943 317.85 90.213 4.1508 456.12 74.912
0.24167 -23.364 253.56 99.018 -42.287 325.67 90.473 3.8774 463.8 74.667
0.25 -23.053 262.45 98.894 -42.686 333.4 90.766 3.3599 471.53 74.457
0.25833 -22.872 271.34 98.751 -43.136 341.03 91.087 2.6048 479.3 74.288
0.26667 -22.833 280.21 98.603 -43.63 348.6 91.435 1.6235 487.12 74.161
0.275 -22.934 289.05 98.466 -44.168 356.11 91.807 0.43215 494.98 74.075
0.28333 -23.178 297.85 98.357 -44.751 363.59 92.201 -0.95027 502.89 74.026
0.29167 -23.557 306.6 98.294 -45.382 371.06 92.615 -2.5028 510.81 74.009
0.3 -24.064 315.29 98.288 -46.065 378.54 93.05 -4.2037 518.75 74.016
0.30833 -24.692 323.92 98.35 -46.803 386.03 93.504 -6.0318 526.69 74.04
0.31667 -25.433 332.5 98.479 -47.6 393.57 93.979 -7.9678 534.62 74.073
0.325 -26.277 341.03 98.671 -48.46 401.16 94.473 -9.9948 542.52 74.106
0.33333 -27.205 349.53 98.911 -49.382 408.83 94.985 -12.098 550.38 74.134
0.34167 -28.195 358.01 99.185 -50.367 416.58 95.514 -14.268 558.2 74.154
0.35 -29.222 366.48 99.472 -51.414 424.42 96.057 -16.494 565.97 74.162
0.35833 -30.257 374.96 99.752 -52.519 432.35 96.611 -18.772 573.69 74.158
0.36667 -31.272 383.46 100.01 -53.68 440.37 97.173 -21.098 581.36 74.142
0.375 -32.242 391.98 100.22 -54.893 448.5 97.738 -23.467 588.97 74.118
0.38333 -33.145 400.54 100.38 -56.157 456.71 98.303 -25.879 596.54 74.087
0.39167 -33.969 409.14 100.49 -57.469 465.01 98.864 -28.332 604.08 74.052
0.4 -34.71 417.79 100.55 -58.829 473.4 99.416 -30.823 611.59 74.015
0.40833 -35.375 426.48 100.55 -60.234 481.87 99.957 -33.351 619.08 73.979
0.41667 -35.98 435.23 100.52 -61.687 490.4 100.48 -35.912 626.58 73.943
0.425 -36.549 444.02 100.46 -63.19 499 100.99 -38.503 634.1 73.909
0.43333 -37.122 452.87 100.38 -64.741 507.66 101.48 -41.122 641.66 73.876
0.44167 -37.73 461.76 100.31 -66.345 516.37 101.94 -43.765 649.28 73.843
0.45 -38.413 470.71 100.26 -68.005 525.13 102.37 -46.43 656.98 73.81
0.45833 -39.204 479.69 100.23 -69.723 533.94 102.78 -49.113 664.76 73.775
0.46667 -40.136 488.7 100.23 -71.502 542.79 103.15 -51.813 672.66 73.738
0.475 -41.222 497.74 100.27 -73.345 551.7 103.49 -54.527 680.67 73.699
0.48333 -42.477 506.81 100.34 -75.256 560.66 103.8 -57.256 688.81 73.658
0.49167 -43.899 515.91 100.44 -77.236 569.67 104.07 -59.999 697.07 73.615
0.5 -45.479 525.06 100.57 -79.29 578.74 104.3 -62.754 705.46 73.57
0.50833 -47.206 534.27 100.7 -81.42 587.86 104.5 -65.523 713.98 73.524
0.51667 -49.059 543.56 100.83 -83.628 597.05 104.66 -68.307 722.6 73.475
0.525 -51.017 552.97 100.95 -85.916 606.3 104.79 -71.105 731.33 73.423
0.53333 -53.058 562.5 101.05 -88.286 615.62 104.89 -73.921 740.15 73.368
0.54167 -55.183 572.19 101.12 -90.736 625.01 104.97 -76.755 749.06 73.307
0.55 -57.371 582.01 101.17 -93.267 634.47 105.02 -79.608 758.04 73.239
0.55833 -59.631 591.97 101.21 -95.877 643.99 105.07 -82.483 767.09 73.163
0.56667 -61.97 602.05 101.23 -98.564 653.59 105.1 -85.381 776.21 73.077
0.575 -64.407 612.24 101.25 -101.33 663.27 105.14 -88.302 785.41 72.98
0.58333 -66.953 622.52 101.26 -104.16 673.02 105.18 -91.247 794.68 72.87
0.59167 -69.628 632.9 101.28 -107.06 682.86 105.23 -94.213 804.04 72.747
0.6 -72.45 643.38 101.31 -110.03 692.77 105.29 -97.2 813.5 72.609
0.60833 -75.437 653.95 101.33 -113.07 702.77 105.37 -100.2 823.07 72.455
0.61667 -78.601 664.65 101.36 -116.17 712.86 105.46 -103.22 832.77 72.285
0.625 -81.946 675.47 101.38 -119.35 723.04 105.57 -106.25 842.6 72.096
0.63333 -85.471 686.43 101.4 -122.6 733.31 105.69 -109.28 852.56 71.888
0.64167 -89.163 697.54 101.43 -125.92 743.67 105.83 -112.31 862.67 71.659
0.65 -93.004 708.8 101.45 -129.32 754.14 105.97 -115.33 872.9 71.409
0.65833 -96.972 720.19 101.47 -132.79 764.7 106.13 -118.35 883.25 71.135
0.66667 -101.04 731.71 101.51 -136.33 775.36 106.3 -121.35 893.71 70.839
0.675 -105.2 743.33 101.56 -139.94 786.11 106.46 -124.35 904.24 70.521
0.68333 -109.43 755.01 101.63 -143.59 796.96 106.63 -127.32 914.82 70.183
0.69167 -113.72 766.72 101.72 -147.28 807.9 106.79 -130.29 925.43 69.828
0.7 -118.06 778.41 101.84 -150.98 818.93 106.94 -133.23 936.02 69.46
0.70833 -122.43 790.06 101.97 -154.67 830.02 107.07 -136.16 946.58 69.082
0.71667 -126.83 801.61 102.12 -158.33 841.17 107.18 -139.06 957.08 68.7
0.725 -131.22 813.04 102.28 -161.92 852.36 107.26 -141.92 967.5 68.317
0.73333 -135.59 824.3 102.42 -165.44 863.56 107.29 -144.75 977.83 67.937
0.74167 -139.88 835.37 102.56 -168.84 874.76 107.29 -147.53 988.05 67.562
0.75 -144.09 846.24 102.66 -172.12 885.92 107.23 -150.23 998.18 67.193
0.75833 -148.16 856.91 102.74 -175.25 897.02 107.12 -152.86 1008.2 66.829
0.76667 -152.09 867.38 102.77 -178.24 908.03 106.94 -155.38 1018.2 66.468
0.775 -155.84 877.68 102.77 -181.07 918.94 106.7 -157.79 1028 66.106
0.78333 -159.42 887.82 102.73 -183.74 929.73 106.39 -160.06 1037.9 65.741
0.79167 -162.8 897.86 102.65 -186.26 940.38 106.02 -162.17 1047.7 65.368
0.8 -165.98 907.82 102.55 -188.64 950.9 105.6 -164.12 1057.5 64.984
0.80833 -168.96 917.72 102.41 -190.88 961.29 105.11 -165.89 1067.3 64.585
0.81667 -171.74 927.59 102.25 -193.01 971.56 104.58 -167.47 1077.2 64.171
0.825 -174.33 937.44 102.07 -195.02 981.73 104.01 -168.86 1087.1 63.741
0.83333 -176.72 947.28 101.86 -196.92 991.81 103.41 -170.04 1097 63.297
0.84167 -178.93 957.11 101.65 -198.73 1001.8 102.78 -171.03 1107 62.84
0.85 -180.98 966.93 101.42 -200.44 1011.8 102.14 -171.83 1117 62.373
0.85833 -182.88 976.74 101.18 -202.05 1021.8 101.47 -172.44 1127 61.899
0.86667 -184.63 986.53 100.93 -203.57 1031.7 100.79 -172.88 1137 61.42
0.875 -186.24 996.29 100.68 -204.98 1041.7 100.1 -173.14 1147.1 60.938
0.88333 -187.7 1006 100.42 -206.3 1051.6 99.396 -173.25 1157.1 60.452
0.89167 -189.02 1015.7 100.16 -207.53 1061.6 98.68 -173.21 1167 59.961
0.9 -190.21 1025.4 99.891 -208.66 1071.6 97.95 -173.04 1176.9 59.464
0.90833 -191.3 1035 99.628 -209.71 1081.5 97.208 -172.75 1186.7 58.958
0.91667 -192.29 1044.6 99.371 -210.68 1091.5 96.454 -172.35 1196.4 58.438
0.925 -193.23 1054.2 99.125 -211.59 1101.5 95.691 -171.87 1206 57.904
0.93333 -194.15 1063.7 98.893 -212.44 1111.5 94.922 -171.3 1215.5 57.35
0.94167 -195.05 1073.1 98.68 -213.24 1121.5 94.15 -170.65 1224.9 56.778
0.95 -195.98 1082.5 98.489 -214 1131.5 93.381 -169.95 1234.1 56.184
0.95833 -196.94 1091.8 98.324 -214.72 1141.5 92.618 -169.18 1243.3 55.572
0.96667 -197.95 1101.1 98.188 -215.4 1151.5 91.867 -168.36 1252.4 54.941
0.975 -199.01 1110.4 98.082 -216.05 1161.5 91.13 -167.49 1261.3 54.295
0.98333 -200.11 1119.6 98.006 -216.64 1171.6 90.413 -166.57 1270.3 53.637
0.99167 -201.24 1128.8 97.96 -217.19 1181.6 89.717 -165.6 1279.2 52.969
1 -202.36 1138.1 97.939 -217.68 1191.7 89.044 -164.58 1288 52.295
1.0083 -203.44 1147.4 97.938 -218.1 1201.9 88.398 -163.5 1296.9 51.618
1.0167 -204.44 1156.7 97.951 -218.45 1212.1 87.782 -162.37 1305.7 50.939
1.025 -205.31 1166.2 97.97 -218.72 1222.3 87.197 -161.18 1314.6 50.262
1.0333 -206.01 1175.8 97.984 -218.9 1232.6 86.647 -159.92 1323.5 49.588
1.0417 -206.53 1185.6 97.985 -218.99 1243 86.137 -158.61 1332.4 48.921
1.05 -206.81 1195.4 97.967 -218.99 1253.3 85.67 -157.23 1341.4 48.263
1.0583 -206.86 1205.5 97.925 -218.88 1263.8 85.25 -155.79 1350.4 47.617
1.0667 -206.68 1215.7 97.858 -218.67 1274.2 84.881 -154.29 1359.5 46.988
1.075 -206.26 1226 97.768 -218.35 1284.7 84.565 -152.72 1368.6 46.379
1.0833 -205.67 1236.5 97.658 -217.91 1295.1 84.303 -151.09 1377.8 45.795
1.0917 -204.96 1247.2 97.531 -217.35 1305.5 84.093 -149.38 1387 45.239
1.1 -204.2 1258 97.389 -216.66 1315.9 83.932 -147.59 1396.3 44.712
1.1083 -203.46 1268.8 97.231 -215.83 1326.3 83.816 -145.72 1405.6 44.216
1.1167 -202.81 1279.6 97.057 -214.86 1336.6 83.735 -143.76 1414.9 43.749
1.125 -202.28 1290.5 96.868 -213.75 1346.9 83.682 -141.71 1424.2 43.308
1.1333 -201.88 1301.3 96.666 -212.48 1357.2 83.645 -139.55 1433.5 42.889
1.1417 -201.62 1312.1 96.458 -211.07 1367.5 83.615 -137.29 1442.8 42.485
1.15 -201.5 1322.9 96.252 -209.5 1377.8 83.582 -134.91 1452 42.09
1.1583 -201.49 1333.8 96.057 -207.79 1388 83.534 -132.42 1461.3 41.698
1.1667 -201.57 1344.8 95.882 -205.94 1398.3 83.466 -129.81 1470.6 41.303
1.175 -201.68 1355.9 95.728 -203.97 1408.6 83.372 -127.09 1479.8 40.901
1.1833 -201.78 1367.2 95.595 -201.88 1418.8 83.25 -124.26 1489 40.489
1.1917 -201.79 1378.6 95.475 -199.69 1429.1 83.101 -121.31 1498.3 40.067
1.2 -201.68 1390.2 95.358 -197.42 1439.4 82.928 -118.25 1507.5 39.636
1.2083 -201.38 1401.9 95.229 -195.09 1449.7 82.738 -115.09 1516.8 39.199
1.2167 -200.89 1413.7 95.079 -192.72 1460 82.537 -111.83 1526.1 38.759
1.225 -200.2 1425.5 94.895 -190.33 1470.3 82.333 -108.47 1535.4 38.322
1.2333 -199.33 1437.3 94.671 -187.94 1480.5 82.133 -105.02 1544.8 37.889
1.2417 -198.28 1448.9 94.4 -185.57 1490.7 81.944 -101.49 1554.1 37.464
1.25 -197.08 1460.3 94.081 -183.25 1500.9 81.769 -97.886 1563.4 37.046
1.2583 -195.74 1471.6 93.712 -180.99 1511 81.612 -94.223 1572.7 36.636
1.2667 -194.26 1482.6 93.292 -178.81 1521 81.471 -90.518 1581.9 36.231
1.275 -192.66 1493.3 92.829 -176.71 1530.9 81.344 -86.789 1591.1 35.826
1.2833 -190.95 1503.7 92.329 -174.71 1540.8 81.229 -83.057 1600.2 35.418
1.2917 -189.14 1513.9 91.801 -172.8 1550.5 81.119 -79.345 1609.2 35.002
1.3 -187.24 1523.9 91.251 -170.98 1560.1 81.01 -75.672 1618.1 34.576
1.3083 -185.24 1533.7 90.685 -169.25 1569.6 80.895 -72.061 1626.9 34.138
1.3167 -183.13 1543.4 90.103 -167.58 1579 80.768 -68.525 1635.6 33.688
1.325 -180.9 1553.1 89.509 -165.96 1588.2 80.625 -65.079 1644.2 33.228
1.3333 -178.54 1562.7 88.9 -164.37 1597.2 80.46 -61.729 1652.8 32.765
1.3417 -176.03 1572.3 88.276 -162.8 1606 80.272 -58.478 1661.2 32.302
1.35 -173.38 1581.9 87.636 -161.21 1614.7 80.057 -55.321 1669.6 31.848
1.3583 -170.59 1591.5 86.98 -159.6 1623.3 79.817 -52.25 1678 31.41
1.3667 -167.69 1601.2 86.307 -157.94 1631.6 79.551 -49.256 1686.4 30.993
1.375 -164.71 1610.8 85.617 -156.23 1639.9 79.261 -46.324 1694.7 30.604
1.3833 -161.66 1620.3 84.91 -154.45 1648 78.951 -43.441 1703.1 30.245
1.3917 -158.6 1629.7 84.188 -152.61 1656.1 78.623 -40.592 1711.4 29.919
1.4 -155.54 1639 83.455 -150.7 1664 78.28 -37.767 1719.7 29.624
1.4083 -152.52 1648.2 82.713 -148.72 1672 77.926 -34.957 1728.1 29.355
1.4167 -149.57 1657.2 81.968 -146.68 1679.9 77.563 -32.153 1736.3 29.109
1.425 -146.67 1666 81.223 -144.58 1687.7 77.193 -29.352 1744.6 28.878
1.4333 -143.84 1674.7 80.484 -142.42 1695.7 76.817 -26.548 1752.8 28.654
1.4417 -141.06 1683.3 79.752 -140.2 1703.6 76.435 -23.74 1760.9 28.43
1.45 -138.3 1691.8 79.028 -137.92 1711.6 76.046 -20.923 1769 28.199
1.4583 -135.55 1700.2 78.314 -135.58 1719.6 75.646 -18.096 1776.9 27.954
1.4667 -132.76 1708.7 77.605 -133.16 1727.7 75.233 -15.253 1784.9 27.69
1.475 -129.92 1717.1 76.897 -130.67 1735.8 74.804 -12.39 1792.7 27.406
1.4833 -127.01 1725.6 76.184 -128.1 1743.9 74.354 -9.4997 1800.4 27.098
1.4917 -124.02 1734.1 75.459 -125.44 1752.1 73.88 -6.5781 1808.1 26.769
1.5 -120.97 1742.7 74.715 -122.68 1760.4 73.381 -3.6203 1815.8 26.42
1.5083 -117.86 1751.3 73.949 -119.83 1768.6 72.856 -0.62285 1823.4 26.054
1.5167 -114.72 1759.9 73.16 -116.89 1776.9 72.306 2.4159 1830.9 25.675
1.525 -111.57 1768.5 72.353 -113.85 1785.3 71.733 5.4954 1838.4 25.287
1.5333 -108.44 1777.2 71.536 -110.71 1793.7 71.143 8.6133 1845.9 24.895
1.5417 -105.36 1785.9 70.72 -107.49 1802.1 70.54 11.766 1853.4 24.501
1.55 -102.33 1794.6 69.922 -104.18 1810.6 69.93 14.949 1860.8 24.108
1.5583 -99.387 1803.3 69.154 -100.79 1819.2 69.319 18.16 1868.3 23.718
1.5667 -96.522 1812.1 68.427 -97.334 1827.8 68.712 21.395 1875.7 23.332
1.575 -93.75 1821 67.749 -93.809 1836.4 68.109 24.656 1883.1 22.948
1.5833 -91.065 1829.9 67.118 -90.218 1845 67.507 27.945 1890.5 22.566
1.5917 -88.433 1838.9 66.534 -86.604 1853.6 66.89 31.271 1897.9 22.181
1.6 -85.878 1848 65.972 -82.852 1862.2 66.306 34.64 1905.3 21.793
1.6083 -83.323 1857.3 65.436 -79.061 1870.9 65.743 38.069 1912.6 21.397
1.6167 -80.734 1866.6 64.904 -75.241 1879.7 65.193 41.572 1920 20.99
1.625 -78.079 1875.9 64.369 -71.355 1888.4 64.661 45.163 1927.4 20.569
1.6333 -75.321 1885.2 63.814 -67.488 1897.2 64.118 48.858 1934.7 20.132
1.6417 -72.473 1894.5 63.256 -63.56 1906 63.595 52.672 1942.1 19.677
1.65 -69.499 1903.8 62.669 -59.675 1914.8 63.044 56.616 1949.5 19.204
1.6583 -66.43 1912.9 62.081 -55.764 1923.6 62.503 60.7 1956.9 18.715
1.6667 -63.259 1922 61.488 -51.822 1932.5 61.978 64.932 1964.4 18.209
1.675 -59.993 1931.1 60.895 -47.883 1941.3 61.452 69.312 1971.9 17.689
1.6833 -56.673 1940.1 60.319 -44.038 1950.1 60.893 73.847 1979.5 17.158
1.6917 -53.296 1949.2 59.76 -40.072 1959 60.385 78.534 1987.1 16.618
1.7 -49.9 1958.3 59.231 -36.174 1967.9 59.873 83.377 1994.8 16.071
1.7083 -46.481 1967.5 58.724 -32.291 1976.7 59.364 88.373 2002.6 15.521
1.7167 -43.11 1976.7 58.26 -28.401 1985.6 58.814 93.53 2010.4 14.967
1.725 -39.708 1986.3 57.798 -24.465 1994.5 58.37 98.813 2018.3 14.412
1.7333 -36.344 1995.8 57.356 -20.518 2003.4 57.868 104.25 2026.1 13.854
1.7417 -32.993 2005.4 56.91 -16.518 2012.3 57.356 109.83 2034 13.294
1.75 -29.669 2015.1 56.452 -12.406 2021.2 56.833 115.54 2041.8 12.73
1.7583 -26.323 2024.6 55.947 -8.3126 2030.1 56.246 121.37 2049.7 12.162
1.7667 -23.017 2034.1 55.404 -4.0156 2039 55.636 127.32 2057.4 11.588
1.775 -19.679 2043.4 54.777 0.36632 2047.9 54.988 133.36 2065.1 11.008
1.7833 -16.351 2052.4 54.077 4.9157 2056.8 54.266 139.49 2072.7 10.421
1.7917 -13.008 2061.2 53.291 9.6595 2065.7 53.474 145.69 2080.2 9.825
1.8 -9.6339 2069.8 52.415 14.579 2074.5 52.594 151.95 2087.5 9.2213
1.8083 -6.2201 2078 51.452 19.665 2083.1 51.631 158.28 2094.7 8.6093
1.8167 -2.7588 2086 50.408 24.912 2091.7 50.595 164.68 2101.7 7.9892
1.825 0.7527 2093.8 49.298 30.314 2100.1 49.496 171.15 2108.6 7.3606
1.8333 4.3172 2101.4 48.139 35.86 2108.4 48.342 177.7 2115.3 6.7232
1.8417 7.9381 2108.8 46.95 41.535 2116.5 47.141 184.37 2121.7 6.0771
1.85 11.624 2116.1 45.755 47.322 2124.5 45.903 191.18 2128 5.4214
1.8583 15.392 2123.2 44.576 53.2 2132.2 44.637 198.14 2134 4.7562
1.8667 19.262 2130.3 43.43 59.151 2139.6 43.351 205.29 2139.7 4.0815
1.875 23.258 2137.1 42.333 65.16 2146.8 42.054 212.65 2145.2 3.3977
1.8833 27.4 2143.8 41.292 71.219 2153.7 40.749 220.22 2150.5 2.706
1.8917 31.702 2150.3 40.309 77.322 2160.3 39.443 228.01 2155.4 2.0077
1.9 36.163 2156.5 39.381 83.471 2166.6 38.139 236.01 2160.1 1.3053
1.9083 40.77 2162.4 38.502 89.674 2172.6 36.842 244.2 2164.5 0.60111
1.9167 45.502 2168.1 37.662 95.945 2178.4 35.553 252.54 2168.6 359.9
1.925 50.33 2173.5 36.853 102.3 2183.9 34.276 261.01 2172.5 359.2
1.9333 55.24 2178.6 36.064 108.76 2189.2 33.012 269.55 2176.1 358.5
1.9417 60.217 2183.6 35.286 115.34 2194.3 31.765 278.11 2179.4 357.81
1.95 65.259 2188.3 34.512 122.06 2199.2 30.536 286.66 2182.5 357.13
1.9583 70.362 2192.8 33.736 128.93 2203.9 29.329 295.15 2185.3 356.46
1.9667 75.524 2197.2 32.956 135.95 2208.4 28.146 303.55 2187.9 355.79
1.975 80.746 2201.4 32.173 143.13 2212.8 26.989 311.83 2190.3 355.12
1.9833 86.023 2205.5 31.392 150.45 2217 25.861 320 2192.5 354.44
1.9917 91.36 2209.6 30.615 157.91 2221 24.764 328.04 2194.5 353.77
2 96.76 2213.6 29.85 165.47 2224.9 23.7 335.97 2196.3 353.09
2.0083 102.23 2217.7 29.102 173.14 2228.6 22.671 343.8 2197.9 352.4
2.0167 107.79 2221.7 28.375 180.88 2232.1 21.679 351.56 2199.3 351.71
2.025 113.45 2225.8 27.67 188.67 2235.5 20.722 359.27 2200.6 351.01
2.0333 119.21 2229.8 26.993 196.51 2238.7 19.804 366.93 2201.7 350.3
2.0417 125.09 2233.9 26.339 204.39 2241.7 18.919 374.58 2202.6 349.59
2.05 131.08 2237.8 25.705 212.31 2244.6 18.068 382.22 2203.4 348.89
2.0583 137.19 2241.7 25.087 220.26 2247.3 17.247 389.85 2204.1 348.19
2.0667 143.42 2245.5 24.479 228.26 2249.9 16.452 397.48 2204.6 347.5
2.075 149.75 2249.1 23.874 236.33 2252.4 15.68 405.09 2205.1 346.81
2.0833 156.2 2252.6 23.264 244.47 2254.7 14.927 412.68 2205.5 346.14
2.0917 162.77 2255.9 22.642 252.69 2256.9 14.189 420.24 2205.8 345.48
2.1 169.48 2258.9 22.003 261.01 2259 13.463 427.77 2206.1 344.84
2.1083 176.34 2261.7 21.339 269.44 2261 12.747 435.29 2206.3 344.21
2.1167 183.37 2264.3 20.646 277.95 2262.8 12.04 442.79 2206.4 343.59
2.125 190.58 2266.5 19.92 286.56 2264.5 11.341 450.3 2206.5 342.98
2.1333 197.98 2268.4 19.162 295.24 2266 10.653 457.85 2206.5 342.39
2.1417 205.59 2270 18.372 303.97 2267.3 9.975 465.47 2206.4 341.82
2.15 213.38 2271.4 17.56 312.73 2268.3 9.3102 473.19 2206.3 341.27
2.1583 221.39 2272.6 16.73 321.51 2269.2 8.6601 481.04 2206 340.75
2.1667 229.59 2273.8 15.894 330.29 2269.8 8.0252 489.06 2205.6 340.24
2.175 238 2274.8 15.052 339.05 2270.2 7.4053 497.25 2205.1 339.77
2.1833 246.6 2275.9 14.207 347.78 2270.3 6.7986 505.63 2204.5 339.33
2.1917 255.35 2276.9 13.356 356.5 2270.2 6.2016 514.18 2203.6 338.91
2.2 264.24 2277.8 12.488 365.19 2269.9 5.6099 522.89 2202.7 338.52
2.2083 273.22 2278.7 11.597 373.88 2269.3 5.018 531.72 2201.5 338.16
2.2167 282.26 2279.5 10.678 382.57 2268.6 4.4203 540.62 2200.2 337.81
2.225 291.34 2280 9.7318 391.27 2267.8 3.8122 549.55 2198.8 337.48
2.2333 300.42 2280.3 8.7714 399.99 2266.9 3.1895 558.45 2197.2 337.14
2.2417 309.46 2280.4 7.8097 408.72 2265.9 2.5502 567.28 2195.4 336.81
2.25 318.41 2280.3 6.8537 417.46 2264.9 1.8946 575.98 2193.6 336.45
2.2583 327.21 2279.9 5.9125 426.19 2263.8 1.2252 584.53 2191.7 336.08
2.2667 335.85 2279.5 4.9838 434.91 2262.8 0.54687 592.91 2189.7 335.69
2.275 344.3 2278.9 4.0552 443.58 2261.9 359.86 601.11 2187.6 335.28
2.2833 352.57 2278.2 3.1203 452.17 2260.9 359.19 609.13 2185.4 334.84
2.2917 360.69 2277.4 2.1579 460.66 2260 358.52 616.99 2183.3 334.39
2.3 368.67 2276.6 1.1597 469.01 2259.2 357.87 624.73 2181 333.92
2.3083 376.56 2275.7 0.10891 477.22 2258.3 357.23 632.37 2178.8 333.46
2.3167 384.35 2274.9 359.01 485.26 2257.4 356.62 639.96 2176.5 333
2.325 392.07 2274.2 357.85 493.15 2256.6 356.03 647.53 2174.1 332.55
2.3333 399.75 2273.6 356.64 500.89 2255.7 355.45 655.11 2171.7 332.12
2.3417 407.42 2272.9 355.37 508.52 2254.7 354.88 662.73 2169.2 331.72
2.35 415.12 2272.3 354.05 516.06 2253.7 354.31 670.4 2166.7 331.35
2.3583 422.86 2271.6 352.7 523.55 2252.6 353.72 678.13 2164.1 331
2.3667 430.66 2270.7 351.33 531.04 2251.4 353.12 685.93 2161.4 330.68
2.375 438.52 2269.7 349.96 538.57 2250.1 352.5 693.77 2158.7 330.39
2.3833 446.43 2268.6 348.61 546.17 2248.8 351.84 701.65 2156 330.1
2.3917 454.39 2267.2 347.32 553.85 2247.3 351.15 709.55 2153.2 329.83
2.4 462.38 2265.7 346.08 561.65 2245.7 350.43 717.44 2150.4 329.56
2.4083 470.39 2264 344.93 569.56 2244 349.69 725.3 2147.6 329.29
2.4167 478.39 2262.1 343.85 577.59 2242.1 348.93 733.12 2144.8 329.02
2.425 486.36 2260.1 342.85 585.73 2240.2 348.16 740.87 2142 328.75
2.4333 494.31 2258.1 341.92 593.97 2238.2 347.39 748.54 2139.2 328.47
2.4417 502.2 2255.9 341.04 602.29 2236 346.63 756.13 2136.5 328.19
2.45 509.2 2253.5 340.46 610.68 2233.8 345.88 763.62 2133.7 327.91
2.4583 517.82 2251.8 339.36 619.12 2231.4 345.16 771.03 2131.1 327.65
2.4667 525.58 2249.8 338.52 627.6 2229 344.45 778.35 2128.4 327.39
2.475 533.3 2247.8 337.68 636.11 2226.5 343.77 785.59 2125.8 327.15
2.4833 541.04 2246 336.82 644.65 2223.9 343.1 792.76 2123.1 326.94
2.4917 548.81 2244.2 335.95 653.21 2221.1 342.46 799.87 2120.5 326.73
2.5 556.63 2242.5 335.07 661.79 2218.3 341.82 806.94 2117.9 326.55
2.5083 564.52 2240.8 334.21 670.39 2215.4 341.2 813.99 2115.2 326.38
2.5167 572.51 2239.1 333.37 679.03 2212.4 340.58 821.02 2112.6 326.21
2.525 580.61 2237.4 332.57 687.69 2209.4 339.96 828.06 2109.8 326.05
2.5333 588.82 2235.7 331.83 696.38 2206.3 339.35 835.11 2107 325.89
2.5417 597.13 2233.9 331.16 705.11 2203.1 338.74 842.21 2104.1 325.71
2.55 605.57 2232.1 330.57 713.85 2199.9 338.14 849.36 2101.1 325.52
2.5583 614.08 2230.1 330.05 722.62 2196.6 337.55 856.58 2097.9 325.31
2.5667 622.71 2228.1 329.61 731.4 2193.3 336.96 863.88 2094.7 325.08
2.575 631.44 2225.9 329.22 740.19 2189.9 336.4 871.27 2091.3 324.82
2.5833 640.32 2223.7 328.89 749 2186.5 335.84 878.77 2087.9 324.55
2.5917 649.24 2221.4 328.56 757.85 2183.1 335.34 886.37 2084.3 324.27
2.6 658.35 2219 328.25 766.78 2179.6 334.86 894.1 2080.6 323.97
2.6083 667.6 2216.5 327.93 775.75 2176.2 334.41 901.95 2076.9 323.68
2.6167 677 2213.9 327.59 784.81 2172.7 333.99 909.92 2073.1 323.38
2.625 686.56 2211.2 327.23 793.94 2169.2 333.59 918.03 2069.3 323.09
2.6333 696.29 2208.3 326.84 803.16 2165.7 333.21 926.26 2065.5 322.81
2.6417 706.1 2205.4 326.44 812.5 2162.1 332.87 934.63 2061.7 322.54
2.65 716.04 2202.4 326.04 821.97 2158.5 332.55 943.14 2057.8 322.28
2.6583 726.09 2199.3 325.64 831.58 2154.8 332.25 951.78 2054 322.02
2.6667 736.18 2196.1 325.27 841.33 2151.1 331.97 960.56 2050.1 321.77
2.675 746.33 2192.7 324.93 851.29 2147.3 331.72 969.49 2046.3 321.52
2.6833 756.55 2189.3 324.61 861.42 2143.5 331.49 978.57 2042.4 321.27
2.6917 766.87 2185.7 324.33 871.78 2139.6 331.29 987.81 2038.6 321.01
2.7 777.29 2181.9 324.08 882.35 2135.7 331.11 997.21 2034.7 320.74
2.7083 787.85 2178.1 323.84 893.16 2131.7 330.94 1006.8 2030.7 320.46
2.7167 798.57 2174 323.62 904.2 2127.7 330.79 1016.5 2026.7 320.18
2.725 809.47 2169.8 323.41 915.46 2123.6 330.66 1026.5 2022.7 319.91
2.7333 820.54 2165.4 323.2 926.93 2119.5 330.54 1036.6 2018.7 319.64
2.7417 831.79 2160.9 323.01 938.57 2115.3 330.43 1046.8 2014.6 319.38
2.75 843.2 2156.2 322.82 950.34 2111.1 330.33 1057.3 2010.6 319.16
2.7583 854.75 2151.4 322.64 962.2 2106.7 330.23 1067.9 2006.5 318.97
2.7667 866.42 2146.5 322.49 974.08 2102.2 330.13 1078.6 2002.4 318.82
2.775 878.17 2141.6 322.37 985.94 2097.7 330.03 1089.4 1998.3 318.71
2.7833 889.98 2136.6 322.28 997.71 2093 329.93 1100.2 1994.3 318.65
2.7917 901.82 2131.5 322.23 1009.3 2088.2 329.81 1110.9 1990.2 318.64
2.8 913.65 2126.5 322.23 1020.8 2083.4 329.69 1121.6 1986.1 318.66
2.8083 925.44 2121.5 322.29 1032 2078.4 329.55 1132.2 1981.9 318.7
2.8167 937.16 2116.6 322.38 1042.9 2073.5 329.39 1142.6 1977.7 318.75
2.825 948.79 2111.7 322.51 1053.6 2068.4 329.2 1152.7 1973.5 318.8
2.8333 960.29 2107 322.66 1064 2063.4 329 1162.5 1969.1 318.82
2.8417 971.64 2102.4 322.82 1074 2058.4 328.76 1172 1964.7 318.8
2.85 982.83 2097.9 322.99 1083.9 2053.4 328.48 1181.1 1960.1 318.73
2.8583 993.85 2093.6 323.14 1093.5 2048.5 328.17 1189.9 1955.4 318.61
2.8667 1004.7 2089.4 323.28 1102.8 2043.6 327.83 1198.4 1950.7 318.42
2.875 1015.4 2085.2 323.4 1112 2038.8 327.44 1206.5 1945.8 318.17
2.8833 1025.8 2081.1 323.5 1121 2034 327.01 1214.3 1940.8 317.87
2.8917 1036.2 2077 323.58 1129.8 2029.2 326.55 1221.8 1935.8 317.52
2.9 1046 2072.5 323.64 1138.5 2024.5 326.04 1229.1 1930.7 317.14
2.9083 1056.2 2068.2 323.65 1147 2019.8 325.51 1236.3 1925.5 316.75
2.9167 1066.1 2063.9 323.65 1155.5 2015.1 324.95 1243.3 1920.3 316.35
2.925 1075.8 2059.7 323.75 1163.8 2010.4 324.36 1250.2 1915 315.96
2.9333 1085.3 2055.1 323.77 1172.1 2005.6 323.76 1257.1 1909.7 315.59
2.9417 1094.7 2050.3 323.79 1180.3 2000.8 323.15 1263.9 1904.4 315.24
2.95 1103.9 2045.3 323.82 1188.3 1995.9 322.53 1270.8 1899.1 314.92
2.9583 1113.1 2040.3 323.86 1196.4 1991 321.91 1277.7 1893.7 314.61
2.9667 1122.2 2035 323.91 1204.3 1986 321.29 1284.6 1888.3 314.33
