0.0083333 -14.315 1.8391 99.404 -47.422 98.915 88.5 -14.869 150.11 77.645
0.016667 -13.353 11.82 99.525 -46.293 109.09 88.404 -13.657 159.6 77.568
0.025 -12.403 22.062 99.617 -45.091 119.4 88.304 -12.395 169.19 77.498
0.033333 -11.476 32.55 99.675 -43.818 129.82 88.202 -11.084 178.91 77.435
0.041667 -10.59 43.242 99.698 -42.481 140.35 88.097 -9.7224 188.77 77.378
0.05 -9.7416 54.116 99.679 -41.09 150.97 87.99 -8.3124 198.76 77.323
0.058333 -8.93 65.139 99.613 -39.66 161.66 87.881 -6.8573 208.89 77.268
0.066667 -8.1463 76.275 99.499 -38.206 172.38 87.769 -5.3627 219.16 77.211
0.075 -7.3727 87.493 99.333 -36.749 183.12 87.654 -3.8389 229.56 77.15
0.083333 -6.5883 98.758 99.115 -35.309 193.82 87.538 -2.2972 240.06 77.082
0.091667 -5.7729 110.04 98.849 -33.907 204.47 87.422 -0.75317 250.65 77.008
0.1 -4.9072 121.29 98.539 -32.562 215.02 87.309 0.77463 261.29 76.925
0.10833 -3.9779 132.49 98.19 -31.291 225.44 87.205 2.2643 271.95 76.836
0.11667 -2.9795 143.61 97.81 -30.109 235.72 87.114 3.6941 282.59 76.739
0.125 -1.9196 154.61 97.408 -29.023 245.83 87.041 5.0382 293.2 76.639
0.13333 -0.81162 165.48 96.991 -28.041 255.76 86.991 6.2754 303.72 76.536
0.14167 0.32388 176.21 96.569 -27.163 265.52 86.969 7.3839 314.14 76.433
0.15 1.4643 186.78 96.148 -26.386 275.09 86.977 8.3457 324.44 76.333
0.15833 2.5872 197.2 95.733 -25.705 284.51 87.016 9.1461 334.61 76.238
0.16667 3.6726 207.49 95.328 -25.111 293.78 87.084 9.7774 344.65 76.152
0.175 4.7046 217.66 94.937 -24.594 302.93 87.178 10.236 354.57 76.075
0.18333 5.6725 227.73 94.562 -24.145 311.97 87.294 10.524 364.37 76.01
0.19167 6.5725 237.7 94.206 -23.752 320.93 87.426 10.649 374.1 75.958
0.2 7.4056 247.59 93.869 -23.409 329.84 87.57 10.623 383.76 75.919
0.20833 8.1793 257.43 93.551 -23.107 338.7 87.72 10.458 393.39 75.893
0.21667 8.9047 267.21 93.25 -22.843 347.54 87.874 10.173 403.02 75.88
0.225 9.5941 276.96 92.966 -22.613 356.37 88.028 9.7821 412.67 75.88
0.23333 10.259 286.7 92.695 -22.416 365.2 88.183 9.2999 422.36 75.894
0.24167 10.905 296.42 92.435 -22.252 374.03 88.341 8.7386 432.11 75.923
0.25 11.538 306.14 92.185 -22.124 382.88 88.502 8.107 441.94 75.967
0.25833 12.152 315.86 91.942 -22.029 391.73 88.671 7.4104 451.83 76.028
0.26667 12.743 325.6 91.706 -21.971 400.61 88.85 6.6511 461.79 76.107
0.275 13.305 335.37 91.476 -21.946 409.5 89.04 5.8286 471.81 76.206
0.28333 13.832 345.16 91.253 -21.954 418.42 89.244 4.9406 481.88 76.326
0.29167 14.317 354.98 91.038 -21.992 427.37 89.462 3.9851 491.98 76.469
0.3 14.764 364.84 90.831 -22.055 436.35 89.691 2.9599 502.11 76.635
0.30833 15.172 374.73 90.633 -22.139 445.36 89.928 1.8647 512.23 76.822
0.31667 15.55 384.67 90.443 -22.24 454.41 90.17 0.70153 522.35 77.029
0.325 15.904 394.65 90.261 -22.352 463.49 90.412 -0.52525 532.46 77.254
0.33333 16.245 404.68 90.085 -22.472 472.63 90.65 -1.8083 542.54 77.492
0.34167 16.581 414.76 89.911 -22.597 481.81 90.878 -3.1382 552.61 77.739
0.35 16.914 424.88 89.738 -22.723 491.06 91.094 -4.5035 562.65 77.99
0.35833 17.246 435.07 89.563 -22.849 500.38 91.297 -5.8928 572.68 78.242
0.36667 17.57 445.3 89.387 -22.976 509.77 91.484 -7.2938 582.69 78.491
0.375 17.872 455.59 89.21 -23.104 519.26 91.656 -8.6956 592.7 78.734
0.38333 18.133 465.93 89.036 -23.238 528.84 91.815 -10.088 602.71 78.969
0.39167 18.333 476.31 88.872 -23.381 538.53 91.961 -11.465 612.73 79.196
0.4 18.449 486.71 88.725 -23.541 548.33 92.096 -12.819 622.75 79.414
0.40833 18.471 497.15 88.603 -23.724 558.25 92.219 -14.146 632.78 79.624
0.41667 18.386 507.6 88.513 -23.938 568.3 92.332 -15.445 642.82 79.827
0.425 18.189 518.08 88.461 -24.191 578.46 92.432 -16.713 652.87 80.022
0.43333 17.884 528.61 88.446 -24.489 588.75 92.518 -17.951 662.94 80.21
0.44167 17.486 539.2 88.464 -24.838 599.16 92.59 -19.158 673.01 80.386
0.45 17.012 549.9 88.505 -25.244 609.68 92.644 -20.335 683.1 80.551
0.45833 16.483 560.74 88.557 -25.707 620.32 92.681 -21.484 693.2 80.7
0.46667 15.927 571.77 88.611 -26.231 631.08 92.701 -22.607 703.32 80.831
0.475 15.354 582.99 88.66 -26.815 641.94 92.706 -23.707 713.48 80.939
0.48333 14.76 594.39 88.703 -27.458 652.91 92.702 -24.789 723.67 81.024
0.49167 14.136 605.95 88.742 -28.16 663.98 92.694 -25.858 733.92 81.083
0.5 13.467 617.64 88.783 -28.92 675.15 92.691 -26.919 744.23 81.117
0.50833 12.738 629.42 88.827 -29.737 686.43 92.699 -27.981 754.62 81.127
0.51667 11.938 641.28 88.874 -30.614 697.81 92.729 -29.051 765.1 81.116
0.525 11.062 653.21 88.923 -31.552 709.29 92.787 -30.134 775.68 81.087
0.53333 10.11 665.22 88.966 -32.555 720.86 92.88 -31.237 786.37 81.041
0.54167 9.085 677.33 89.002 -33.629 732.53 93.011 -32.36 797.18 80.983
0.55 7.9875 689.58 89.026 -34.779 744.29 93.182 -33.508 808.11 80.912
0.55833 6.8361 702 89.035 -36.011 756.13 93.389 -34.676 819.17 80.828
0.56667 5.6429 714.63 89.029 -37.328 768.06 93.628 -35.863 830.34 80.73
0.575 4.419 727.49 89.012 -38.734 780.06 93.891 -37.063 841.63 80.614
0.58333 3.1684 740.6 88.992 -40.225 792.13 94.168 -38.273 853.03 80.476
0.59167 1.8988 753.95 88.983 -41.795 804.26 94.451 -39.487 864.53 80.314
0.6 0.60833 767.52 89.002 -43.433 816.46 94.728 -40.704 876.11 80.125
0.60833 -0.71117 781.26 89.064 -45.123 828.7 94.992 -41.923 887.78 79.91
0.61667 -2.0652 795.12 89.186 -46.846 841 95.236 -43.148 899.5 79.674
0.625 -3.4663 809.04 89.376 -48.578 853.34 95.453 -44.385 911.28 79.421
0.63333 -4.9243 822.96 89.638 -50.294 865.72 95.643 -45.642 923.09 79.163
0.64167 -6.4465 836.8 89.97 -51.97 878.12 95.803 -46.928 934.94 78.912
0.65 -8.037 850.52 90.366 -53.581 890.53 95.936 -48.252 946.79 78.681
0.65833 -9.6965 864.04 90.81 -55.106 902.94 96.042 -49.62 958.66 78.484
0.66667 -11.417 877.32 91.289 -56.529 915.33 96.124 -51.033 970.52 78.332
0.675 -13.191 890.34 91.782 -57.842 927.66 96.184 -52.488 982.38 78.233
0.68333 -15.006 903.06 92.27 -59.039 939.93 96.223 -53.973 994.23 78.19
0.69167 -16.851 915.49 92.733 -60.124 952.1 96.242 -55.472 1006.1 78.203
0.7 -18.712 927.63 93.158 -61.105 964.14 96.24 -56.959 1017.9 78.262
0.70833 -20.58 939.52 93.537 -61.993 976.03 96.216 -58.405 1029.7 78.356
0.71667 -22.443 951.2 93.868 -62.805 987.76 96.167 -59.777 1041.4 78.469
0.725 -24.287 962.73 94.152 -63.556 999.32 96.091 -61.042 1053.2 78.582
0.73333 -26.096 974.15 94.395 -64.261 1010.7 95.987 -62.167 1064.9 78.676
0.74167 -27.849 985.49 94.603 -64.933 1021.9 95.854 -63.126 1076.6 78.735
0.75 -29.529 996.79 94.789 -65.582 1033 95.692 -63.899 1088.4 78.745
0.75833 -31.125 1008.1 94.957 -66.215 1043.9 95.501 -64.475 1100.1 78.697
0.76667 -32.619 1019.3 95.127 -66.832 1054.7 95.287 -64.853 1111.8 78.59
0.775 -34.001 1030.5 95.308 -67.434 1065.4 95.053 -65.039 1123.5 78.426
0.78333 -35.269 1041.8 95.512 -68.019 1076.1 94.804 -65.051 1135.3 78.214
0.79167 -36.424 1052.9 95.748 -68.583 1086.7 94.545 -64.912 1147 77.967
0.8 -37.467 1064.1 96.021 -69.123 1097.3 94.282 -64.65 1158.8 77.7
0.80833 -38.406 1075.2 96.334 -69.638 1108 94.02 -64.293 1170.6 77.429
0.81667 -39.256 1086.2 96.685 -70.127 1118.6 93.762 -63.87 1182.4 77.167
0.825 -40.027 1097.2 97.07 -70.594 1129.3 93.512 -63.405 1194.2 76.925
0.83333 -40.735 1108.1 97.482 -71.041 1140 93.273 -62.919 1205.9 76.712
0.84167 -41.388 1119 97.914 -71.475 1150.7 93.048 -62.425 1217.7 76.528
0.85 -42.003 1129.9 98.359 -71.901 1161.5 92.837 -61.93 1229.4 76.372
0.85833 -42.589 1140.7 98.808 -72.323 1172.3 92.642 -61.435 1241.1 76.239
0.86667 -43.152 1151.5 99.256 -72.743 1183.2 92.464 -60.935 1252.8 76.118
0.875 -43.699 1162.3 99.699 -73.161 1194.1 92.305 -60.424 1264.4 76.001
0.88333 -44.231 1173.1 100.14 -73.573 1205.1 92.167 -59.894 1275.9 75.877
0.89167 -44.749 1183.8 100.56 -73.972 1216.1 92.051 -59.335 1287.4 75.737
0.9 -45.252 1194.6 100.98 -74.351 1227.2 91.958 -58.743 1298.9 75.576
0.90833 -45.732 1205.3 101.4 -74.701 1238.4 91.889 -58.115 1310.3 75.389
0.91667 -46.186 1216 101.8 -75.015 1249.6 91.847 -57.449 1321.6 75.175
0.925 -46.607 1226.7 102.2 -75.287 1261 91.83 -56.751 1333 74.937
0.93333 -46.989 1237.5 102.59 -75.515 1272.5 91.84 -56.024 1344.3 74.679
0.94167 -47.325 1248.4 102.95 -75.702 1284.1 91.873 -55.278 1355.7 74.408
0.95 -47.611 1259.3 103.3 -75.853 1295.8 91.93 -54.518 1367 74.128
0.95833 -47.843 1270.4 103.61 -75.975 1307.6 92.009 -53.751 1378.4 73.847
0.96667 -48.02 1281.6 103.88 -76.081 1319.5 92.106 -52.982 1389.9 73.568
0.975 -48.141 1293 104.1 -76.18 1331.5 92.221 -52.213 1401.4 73.296
0.98333 -48.21 1304.5 104.28 -76.279 1343.5 92.351 -51.44 1412.9 73.031
0.99167 -48.228 1316.2 104.41 -76.385 1355.6 92.494 -50.661 1424.5 72.772
1 -48.198 1328.1 104.5 -76.496 1367.8 92.65 -49.869 1436.1 72.518
1.0083 -48.126 1340.1 104.55 -76.608 1380.1 92.817 -49.056 1447.8 72.265
1.0167 -48.018 1352.3 104.59 -76.71 1392.4 92.993 -48.215 1459.6 72.011
1.025 -47.892 1364.5 104.62 -76.79 1404.8 93.173 -47.338 1471.4 71.754
1.0333 -47.767 1376.9 104.64 -76.827 1417.3 93.359 -46.421 1483.2 71.49
1.0417 -47.664 1389.4 104.66 -76.807 1429.9 93.541 -45.463 1495 71.22
1.05 -47.604 1401.8 104.68 -76.715 1442.6 93.715 -44.465 1506.9 70.946
1.0583 -47.599 1414.3 104.69 -76.54 1455.4 93.87 -43.432 1518.7 70.67
1.0667 -47.669 1426.8 104.7 -76.266 1468.3 94.008 -42.369 1530.6 70.395
1.075 -47.818 1439.3 104.7 -75.898 1481.4 94.113 -41.285 1542.6 70.126
1.0833 -48.057 1451.9 104.7 -75.433 1494.7 94.182 -40.188 1554.6 69.868
1.0917 -48.39 1464.6 104.69 -74.874 1508 94.21 -39.083 1566.6 69.625
1.1 -48.815 1477.5 104.68 -74.23 1521.5 94.193 -37.977 1578.7 69.401
1.1083 -49.319 1490.6 104.66 -73.51 1535.1 94.131 -36.869 1590.8 69.199
1.1167 -49.884 1503.9 104.64 -72.725 1548.8 94.026 -35.759 1603.1 69.019
1.125 -50.482 1517.4 104.61 -71.889 1562.6 93.881 -34.643 1615.4 68.861
1.1333 -51.086 1531.2 104.57 -71.012 1576.4 93.703 -33.514 1627.9 68.725
1.1417 -51.669 1545.2 104.52 -70.108 1590.2 93.499 -32.365 1640.4 68.609
1.15 -52.213 1559.3 104.44 -69.189 1603.9 93.278 -31.191 1653.1 68.509
1.1583 -52.707 1573.6 104.32 -68.263 1617.7 93.048 -29.985 1665.9 68.422
1.1667 -53.143 1587.9 104.17 -67.342 1631.3 92.818 -28.748 1678.8 68.344
1.175 -53.517 1602.2 103.98 -66.434 1644.9 92.595 -27.484 1691.7 68.271
1.1833 -53.822 1616.4 103.74 -65.55 1658.4 92.385 -26.202 1704.7 68.199
1.1917 -54.047 1630.6 103.46 -64.699 1671.8 92.193 -24.915 1717.8 68.124
1.2 -54.183 1644.6 103.13 -63.891 1685 92.02 -23.643 1730.8 68.043
1.2083 -54.225 1658.5 102.75 -63.138 1698.2 91.869 -22.409 1743.8 67.954
1.2167 -54.176 1672.3 102.32 -62.45 1711.1 91.739 -21.236 1756.7 67.855
1.225 -54.044 1686 101.85 -61.838 1724 91.63 -20.149 1769.5 67.747
1.2333 -53.84 1699.5 101.33 -61.31 1736.7 91.541 -19.173 1782.3 67.628
1.2417 -53.571 1712.9 100.78 -60.871 1749.2 91.468 -18.326 1794.9 67.502
1.25 -53.234 1726.3 100.22 -60.524 1761.6 91.412 -17.625 1807.4 67.372
1.2583 -52.821 1739.5 99.64 -60.267 1773.8 91.369 -17.078 1819.9 67.241
1.2667 -52.322 1752.7 99.067 -60.09 1785.9 91.338 -16.689 1832.2 67.115
1.275 -51.728 1765.7 98.51 -59.984 1797.8 91.319 -16.456 1844.5 66.997
1.2833 -51.037 1778.6 97.982 -59.933 1809.7 91.31 -16.371 1856.7 66.894
1.2917 -50.254 1791.3 97.491 -59.918 1821.4 91.31 -16.421 1869 66.81
1.3 -49.385 1803.9 97.043 -59.924 1833.1 91.319 -16.593 1881.2 66.749
1.3083 -46.242 1814 97.12 -59.938 1844.7 91.337 -16.869 1893.5 66.715
1.3167 -47.468 1828.5 96.28 -59.935 1856.2 91.362 -17.233 1905.8 66.71
1.325 -46.465 1840.5 95.953 -59.92 1867.7 91.392 -17.67 1918.1 66.734
1.3333 -45.469 1852.5 95.65 -59.886 1879.2 91.427 -18.166 1930.6 66.784
1.3417 -44.509 1864.3 95.358 -59.834 1890.7 91.466 -18.712 1943 66.859
1.35 -43.612 1876 95.064 -59.769 1902.2 91.508 -19.297 1955.5 66.953
1.3583 -42.798 1887.7 94.754 -59.699 1913.7 91.552 -19.916 1968.1 67.06
1.3667 -42.082 1899.4 94.418 -59.633 1925.2 91.599 -20.562 1980.6 67.175
1.375 -41.467 1911.2 94.05 -59.58 1936.8 91.647 -21.233 1993.1 67.29
1.3833 -40.948 1922.9 93.649 -59.548 1948.4 91.698 -21.923 2005.6 67.401
1.3917 -40.511 1934.7 93.217 -59.544 1960 91.752 -22.629 2018.1 67.503
1.4 -40.139 1946.6 92.76 -59.569 1971.6 91.807 -23.345 2030.4 67.591
1.4083 -39.81 1958.4 92.285 -59.622 1983.3 91.864 -24.065 2042.7 67.664
1.4167 -39.505 1970.3 91.798 -59.702 1995.1 91.921 -24.784 2055 67.721
1.425 -39.21 1982.2 91.305 -59.801 2006.9 91.977 -25.496 2067.1 67.762
1.4333 -38.914 1994 90.809 -59.913 2018.7 92.03 -26.194 2079.2 67.788
1.4417 -38.62 2005.9 90.312 -60.029 2030.6 92.077 -26.874 2091.2 67.802
1.45 -38.333 2017.7 89.813 -60.142 2042.6 92.116 -27.533 2103.2 67.804
1.4583 -38.066 2029.5 89.315 -60.247 2054.7 92.142 -28.169 2115.1 67.798
1.4667 -37.837 2041.2 88.82 -60.338 2066.9 92.155 -28.784 2126.9 67.785
1.475 -37.659 2053.1 88.333 -60.414 2079.2 92.15 -29.379 2138.7 67.766
1.4833 -37.554 2064.9 87.859 -60.476 2091.6 92.125 -29.959 2150.5 67.743
1.4917 -37.523 2076.8 87.407 -60.526 2104.1 92.079 -30.526 2162.3 67.716
1.5 -37.57 2088.8 86.987 -60.568 2116.8 92.011 -31.086 2174 67.684
1.5083 -37.69 2100.8 86.606 -60.607 2129.5 91.921 -31.642 2185.7 67.646
1.5167 -37.868 2113 86.27 -60.65 2142.3 91.808 -32.197 2197.5 67.602
1.525 -38.086 2125.2 85.981 -60.702 2155.2 91.677 -32.749 2209.2 67.55
1.5333 -38.325 2137.5 85.734 -60.768 2168.2 91.527 -33.299 2221 67.491
1.5417 -38.562 2150 85.521 -60.852 2181.2 91.364 -33.843 2232.8 67.425
1.55 -38.782 2162.6 85.331 -60.959 2194.3 91.19 -34.376 2244.7 67.351
1.5583 -38.971 2175.4 85.155 -61.089 2207.4 91.01 -34.893 2256.6 67.272
1.5667 -39.129 2188.2 84.984 -61.245 2220.6 90.83 -35.389 2268.6 67.187
1.575 -39.267 2201.3 84.818 -61.428 2233.8 90.653 -35.858 2280.6 67.1
1.5833 -39.406 2214.4 84.655 -61.637 2247.1 90.484 -36.297 2292.7 67.011
1.5917 -39.569 2227.6 84.498 -61.874 2260.4 90.327 -36.704 2304.9 66.921
1.6 -39.775 2240.9 84.343 -62.138 2273.8 90.186 -37.077 2317.2 66.83
1.6083 -40.044 2254.3 84.192 -62.432 2287.3 90.064 -37.418 2329.5 66.738
1.6167 -40.378 2267.9 84.034 -62.756 2300.9 89.959 -37.727 2342 66.643
1.625 -40.787 2281.7 83.869 -63.112 2314.5 89.874 -38.006 2354.5 66.543
1.6333 -41.274 2295.8 83.692 -63.503 2328.2 89.806 -38.258 2367.1 66.436
1.6417 -41.827 2310.1 83.499 -63.93 2342 89.752 -38.482 2379.8 66.316
1.65 -42.437 2324.8 83.29 -64.394 2355.9 89.707 -38.678 2392.7 66.181
1.6583 -43.094 2339.8 83.068 -64.893 2369.7 89.668 -38.844 2405.6 66.028
1.6667 -43.785 2355.2 82.838 -65.426 2383.6 89.629 -38.976 2418.7 65.856
1.675 -44.493 2370.8 82.611 -65.985 2397.6 89.583 -39.072 2431.8 65.662
1.6833 -45.208 2386.5 82.401 -66.563 2411.5 89.526 -39.124 2445.1 65.448
1.6917 -45.922 2402.5 82.219 -67.148 2425.4 89.452 -39.13 2458.4 65.216
1.7 -46.629 2418.4 82.077 -67.724 2439.4 89.358 -39.085 2471.7 64.968
1.7083 -47.327 2434.3 81.983 -68.275 2453.3 89.24 -38.986 2485.1 64.71
1.7167 -48.016 2450 81.939 -68.781 2467.2 89.095 -38.834 2498.6 64.446
1.725 -48.691 2465.4 81.946 -69.223 2481.1 88.921 -38.629 2511.9 64.182
1.7333 -49.353 2480.6 81.995 -69.58 2495 88.717 -38.371 2525.3 63.923
1.7417 -50.002 2495.5 82.074 -69.834 2508.9 88.482 -38.064 2538.6 63.671
1.75 -50.633 2510 82.165 -69.969 2522.8 88.216 -37.708 2551.8 63.431
1.7583 -51.243 2524.2 82.25 -69.974 2536.6 87.918 -37.302 2565 63.203
1.7667 -51.83 2538 82.313 -69.84 2550.4 87.588 -36.843 2578.1 62.988
1.775 -52.388 2551.4 82.344 -69.567 2564.1 87.227 -36.325 2591.1 62.785
1.7833 -52.914 2564.7 82.342 -69.156 2577.8 86.835 -35.736 2604.1 62.592
1.7917 -53.403 2577.7 82.308 -68.617 2591.3 86.413 -35.063 2617.1 62.406
1.8 -53.844 2590.5 82.247 -67.96 2604.7 85.963 -34.289 2630.1 62.226
1.8083 -54.221 2603.2 82.169 -67.2 2617.9 85.488 -33.394 2643.1 62.048
1.8167 -54.527 2615.8 82.074 -66.351 2631 84.985 -32.359 2656.2 61.871
1.825 -54.732 2628.3 81.98 -65.428 2643.9 84.464 -31.167 2669.3 61.693
1.8333 -54.814 2640.8 81.894 -64.441 2656.7 83.925 -29.801 2682.6 61.513
1.8417 -54.746 2653.1 81.829 -63.4 2669.3 83.373 -28.253 2695.8 61.329
1.85 -54.508 2665.3 81.796 -62.312 2681.8 82.811 -26.516 2709.2 61.142
1.8583 -54.075 2677.5 81.802 -61.177 2694.2 82.243 -24.594 2722.6 60.951
1.8667 -53.436 2689.6 81.856 -59.997 2706.5 81.673 -22.495 2736 60.756
1.875 -52.593 2701.6 81.962 -58.768 2718.7 81.103 -20.232 2749.4 60.557
1.8833 -51.551 2713.5 82.121 -57.487 2730.8 80.536 -17.825 2762.7 60.354
1.8917 -50.333 2725.3 82.331 -56.149 2742.9 79.974 -15.295 2776 60.145
1.9 -48.967 2737.1 82.587 -54.75 2754.9 79.417 -12.666 2789.2 59.93
1.9083 -47.492 2748.9 82.88 -53.288 2767 78.866 -9.9612 2802.3 59.709
1.9167 -45.946 2760.6 83.201 -51.762 2779 78.325 -7.1996 2815.3 59.481
1.925 -44.37 2772.3 83.54 -50.172 2791 77.794 -4.3983 2828.2 59.246
1.9333 -42.794 2784 83.885 -48.521 2803 77.275 -1.5695 2840.9 59.005
1.9417 -41.243 2795.6 84.229 -46.811 2815.1 76.773 1.2794 2853.5 58.758
1.95 -39.729 2807.2 84.563 -45.046 2827.2 76.292 4.1459 2866.1 58.505
1.9583 -38.252 2818.8 84.887 -43.228 2839.3 75.835 7.031 2878.5 58.246
1.9667 -36.8 2830.4 85.197 -41.359 2851.4 75.408 9.9385 2890.9 57.984
1.975 -35.352 2842 85.496 -39.44 2863.6 75.015 12.874 2903.2 57.717
1.9833 -33.882 2853.6 85.787 -37.47 2875.9 74.66 15.842 2915.5 57.445
1.9917 -32.358 2865.2 86.074 -35.447 2888.3 74.346 18.849 2927.7 57.167
2 -30.753 2876.9 86.362 -33.367 2900.8 74.074 21.895 2939.9 56.883
2.0083 -29.042 2888.6 86.651 -31.227 2913.3 73.846 24.983 2952.1 56.59
2.0167 -27.208 2900.4 86.944 -29.023 2926 73.659 28.111 2964.2 56.288
2.025 -25.243 2912.3 87.236 -26.753 2938.8 73.512 31.276 2976.3 55.974
2.0333 -23.146 2924.3 87.525 -24.414 2951.7 73.403 34.475 2988.3 55.648
2.0417 -20.922 2936.5 87.806 -22.005 2964.7 73.326 37.704 3000.3 55.309
2.05 -18.581 2948.7 88.075 -19.522 2977.8 73.279 40.959 3012.3 54.958
2.0583 -16.132 2961 88.326 -16.966 2991 73.257 44.239 3024.3 54.596
2.0667 -13.578 2973.4 88.565 -14.331 3004.2 73.257 47.542 3036.2 54.225
2.075 -10.935 2985.9 88.783 -11.615 3017.5 73.277 50.872 3048.2 53.848
2.0833 -8.2138 2998.6 88.983 -8.809 3030.9 73.313 54.231 3060.1 53.467
2.0917 -5.4344 3011.3 89.16 -5.906 3044.2 73.362 57.625 3072.1 53.087
2.1 -2.6088 3024.2 89.326 -2.8935 3057.6 73.425 61.058 3084.1 52.71
2.1083 0.2469 3037.1 89.471 0.2411 3071.1 73.498 64.538 3096.1 52.339
2.1167 3.1323 3050.2 89.6 3.5121 3084.6 73.576 68.07 3108.2 51.975
2.125 6.0506 3063.3 89.717 6.9343 3098.1 73.657 71.657 3120.3 51.619
2.1333 9.0112 3076.5 89.824 10.52 3111.7 73.737 75.305 3132.4 51.273
2.1417 12.02 3089.9 89.922 14.281 3125.4 73.808 79.015 3144.6 50.936
2.15 15.075 3103.5 90.012 18.222 3139 73.868 82.788 3156.8 50.61
2.1583 18.177 3117.2 90.087 22.347 3152.8 73.91 86.625 3169 50.296
2.1667 21.312 3131.1 90.139 26.648 3166.5 73.927 90.526 3181.3 49.995
2.175 24.47 3145.3 90.157 31.115 3180.3 73.917 94.493 3193.6 49.71
2.1833 27.634 3159.6 90.127 35.727 3194.1 73.876 98.525 3206 49.444
2.1917 30.792 3174.1 90.032 40.46 3207.8 73.803 102.62 3218.4 49.2
2.2 33.935 3188.7 89.86 45.282 3221.5 73.698 106.79 3230.9 48.981
2.2083 37.061 3203.4 89.599 50.157 3235.1 73.565 111.03 3243.5 48.789
2.2167 40.179 3218.1 89.247 55.047 3248.6 73.406 115.35 3256.1 48.625
2.225 43.307 3232.7 88.803 59.913 3262 73.227 119.74 3268.8 48.488
2.2333 46.478 3247.1 88.279 64.717 3275.3 73.033 124.2 3281.6 48.375
2.2417 49.737 3261.4 87.691 69.425 3288.5 72.831 128.72 3294.4 48.279
2.25 53.128 3275.3 87.053 74.006 3301.6 72.627 133.3 3307.3 48.196
2.2583 56.693 3289 86.387 78.436 3314.6 72.427 137.91 3320.2 48.117
2.2667 60.45 3302.4 85.712 82.697 3327.4 72.234 142.54 3333 48.035
2.275 64.404 3315.5 85.046 86.781 3340.2 72.053 147.17 3345.9 47.942
2.2833 68.543 3328.3 84.407 90.684 3352.8 71.886 151.76 3358.7 47.835
2.2917 72.851 3340.9 83.804 94.413 3365.2 71.733 156.29 3371.4 47.711
2.3 77.313 3353.3 83.242 97.979 3377.5 71.593 160.72 3384.1 47.57
2.3083 81.916 3365.6 82.719 101.4 3389.7 71.464 165.04 3396.8 47.416
2.3167 86.641 3377.8 82.227 104.7 3401.6 71.342 169.22 3409.4 47.255
2.325 91.458 3389.9 81.756 107.91 3413.3 71.224 173.24 3421.9 47.095
2.3333 96.331 3402 81.293 111.05 3424.9 71.105 177.09 3434.4 46.944
2.3417 101.22 3414.1 80.827 114.16 3436.3 70.983 180.78 3446.9 46.813
2.35 106.08 3426.1 80.346 117.25 3447.5 70.855 184.31 3459.4 46.709
2.3583 110.89 3438.1 79.842 120.36 3458.6 70.72 187.69 3471.9 46.639
2.3667 115.62 3450 79.309 123.5 3469.6 70.58 190.94 3484.4 46.605
2.375 120.26 3461.8 78.748 126.69 3480.5 70.436 194.08 3497 46.61
2.3833 124.81 3473.5 78.159 129.92 3491.4 70.292 197.14 3509.5 46.65
2.3917 129.26 3485.1 77.55 133.22 3502.3 70.151 200.15 3522 46.721
2.4 133.63 3496.5 76.927 136.56 3513.2 70.017 203.11 3534.5 46.815
2.4083 137.94 3507.9 76.3 139.95 3524.2 69.894 206.05 3547 46.926
2.4167 142.21 3519.2 75.677 143.39 3535.3 69.786 208.99 3559.4 47.044
2.425 146.44 3530.4 75.065 146.85 3546.4 69.692 211.93 3571.8 47.163
2.4333 150.66 3541.6 74.466 150.33 3557.7 69.615 214.87 3584.1 47.275
2.4417 154.87 3552.7 73.882 153.84 3569.1 69.551 217.82 3596.3 47.375
2.45 159.09 3563.8 73.312 157.36 3580.5 69.499 220.78 3608.4 47.461
2.4583 163.31 3574.9 72.748 160.89 3592 69.453 223.75 3620.5 47.533
2.4667 167.54 3586 72.186 164.43 3603.6 69.409 226.71 3632.5 47.589
2.475 171.76 3597.1 71.615 167.99 3615.2 69.361 229.67 3644.4 47.631
2.4833 175.96 3608.3 71.03 171.58 3626.8 69.304 232.62 3656.2 47.661
2.4917 180.15 3619.5 70.424 175.2 3638.5 69.233 235.57 3668 47.68
2.5 184.3 3630.8 69.796 178.85 3650.2 69.146 238.52 3679.8 47.688
2.5083 188.42 3642.1 69.146 182.53 3662 69.042 241.48 3691.5 47.687
2.5167 192.49 3653.4 68.48 186.25 3673.7 68.921 244.45 3703.2 47.674
2.525 196.52 3664.8 67.808 190.01 3685.5 68.785 247.45 3714.8 47.65
2.5333 200.51 3676.3 67.141 193.8 3697.3 68.638 250.48 3726.5 47.612
2.5417 204.47 3687.8 66.493 197.63 3709.2 68.486 253.55 3738.1 47.562
2.55 208.41 3699.3 65.876 201.48 3721 68.333 256.66 3749.8 47.498
2.5583 212.33 3710.9 65.3 205.35 3732.9 68.185 259.82 3761.4 47.421
2.5667 216.25 3722.5 64.769 209.25 3744.9 68.045 263.04 3773.1 47.334
2.575 220.18 3734.2 64.283 213.17 3756.8 67.915 266.3 3784.7 47.239
2.5833 224.14 3745.9 63.836 217.11 3768.8 67.795 269.61 3796.4 47.142
2.5917 228.16 3757.8 63.418 221.08 3780.9 67.684 272.97 3808.1 47.044
2.6 232.22 3769.7 63.017 225.08 3792.9 67.584 276.36 3819.8 46.952
2.6083 236.34 3781.8 62.627 229.11 3805.1 67.491 279.79 3831.6 46.866
2.6167 240.53 3794.1 62.24 233.19 3817.3 67.41 283.25 3843.4 46.79
2.625 244.76 3806.4 61.857 237.3 3829.6 67.324 286.75 3855.3 46.723
2.6333 249.04 3818.9 61.475 241.45 3841.9 67.234 290.28 3867.3 46.664
2.6417 253.35 3831.5 61.102 245.63 3854.4 67.137 293.85 3879.4 46.608
2.65 257.72 3844.2 60.728 249.85 3866.9 67.022 297.45 3891.5 46.552
2.6583 262.14 3857 60.365 254.1 3879.4 66.89 301.11 3903.6 46.488
2.6667 266.62 3870 60.012 258.37 3892 66.741 304.83 3915.8 46.41
2.675 271.19 3883.2 59.672 262.65 3904.6 66.58 308.61 3928 46.313
2.6833 275.85 3896.6 59.348 266.94 3917.2 66.41 312.48 3940.3 46.191
2.6917 280.58 3910.2 59.051 271.24 3929.8 66.235 316.43 3952.5 46.041
2.7 285.4 3924.1 58.782 275.53 3942.4 66.06 320.46 3964.8 45.863
2.7083 290.29 3938.1 58.554 279.82 3955 65.888 324.6 3977 45.658
2.7167 295.23 3952.3 58.372 284.12 3967.6 65.721 328.83 3989.2 45.43
2.725 300.21 3966.6 58.246 288.43 3980.1 65.557 333.16 4001.4 45.184
2.7333 305.2 3980.9 58.182 292.78 3992.6 65.394 337.59 4013.6 44.928
2.7417 310.16 3995.2 58.176 297.18 4005 65.225 342.1 4025.8 44.67
2.75 315.1 4009.5 58.23 301.64 4017.5 65.045 346.7 4037.9 44.418
2.7583 319.97 4023.5 58.332 306.21 4029.9 64.846 351.39 4050 44.179
2.7667 324.76 4037.2 58.466 310.89 4042.3 64.619 356.16 4062.2 43.96
2.775 329.48 4050.7 58.612 315.72 4054.7 64.357 361.01 4074.3 43.764
2.7833 334.11 4063.8 58.745 320.69 4067.1 64.053 365.95 4086.4 43.593
2.7917 338.66 4076.5 58.837 325.84 4079.4 63.703 370.99 4098.4 43.446
2.8 343.12 4088.8 58.866 331.15 4091.7 63.303 376.14 4110.5 43.321
2.8083 347.52 4100.7 58.814 336.64 4104 62.855 381.41 4122.4 43.211
2.8167 351.87 4112.3 58.673 342.28 4116.1 62.359 386.84 4134.3 43.108
2.825 356.19 4123.6 58.444 348.06 4128.2 61.821 392.43 4146.2 43.005
2.8333 360.54 4134.5 58.138 353.97 4140.2 61.244 398.21 4157.9 42.891
2.8417 364.95 4145.3 57.767 359.97 4152 60.636 404.21 4169.5 42.756
2.85 369.46 4155.8 57.348 366.04 4163.6 60.001 410.43 4181 42.591
2.8583 374.09 4166.1 56.903 372.16 4175.1 59.346 416.9 4192.4 42.39
2.8667 378.9 4176.2 56.455 378.31 4186.4 58.674 423.61 4203.7 42.147
2.875 383.9 4186.1 56.024 384.48 4197.5 57.986 430.58 4214.9 41.857
2.8833 389.11 4195.8 55.628 390.66 4208.4 57.286 437.78 4225.9 41.522
2.8917 394.52 4205.3 55.279 396.85 4219.2 56.571 445.21 4236.9 41.142
2.9 400.1 4214.7 54.985 403.06 4229.8 55.84 452.84 4247.8 40.722
2.9083 405.83 4223.8 54.747 409.31 4240.3 55.093 460.66 4258.5 40.269
2.9167 411.69 4232.8 54.56 415.61 4250.7 54.327 468.63 4269.2 39.788
2.925 417.65 4241.6 54.418 421.98 4261 53.544 476.72 4279.8 39.287
2.9333 423.69 4250.4 54.308 428.43 4271.3 52.742 484.91 4290.2 38.776
2.9417 429.78 4259 54.222 434.98 4281.4 51.926 493.16 4300.6 38.262
2.95 435.89 4267.7 54.147 441.66 4291.6 51.098 501.44 4310.9 37.749
2.9583 441.97 4276.3 54.078 448.45 4301.7 50.266 509.74 4321.1 37.245
2.9667 448.01 4285 54.008 455.38 4311.7 49.436 518.04 4331.1 36.752
2.975 454 4293.8 53.933 462.43 4321.8 48.617 526.32 4341 36.274
2.9833 459.92 4302.6 53.853 469.6 4331.8 47.816 534.57 4350.9 35.812
2.9917 465.79 4311.5 53.769 476.88 4341.8 47.043 542.8 4360.6 35.367
3 471.63 4320.5 53.68 484.27 4351.7 46.305 551 4370.2 34.939
3.0083 477.47 4329.5 53.59 491.74 4361.6 45.61 559.18 4379.7 34.529
3.0167 483.33 4338.6 53.497 499.28 4371.4 44.963 567.36 4389.2 34.136
3.025 489.25 4347.7 53.401 506.9 4381.2 44.366 575.54 4398.6 33.761
3.0333 495.26 4356.8 53.299 514.58 4391 43.823 583.74 4407.9 33.406
3.0417 501.39 4365.8 53.188 522.32 4400.7 43.333 591.98 4417.3 33.069
3.05 507.64 4374.9 53.065 530.13 4410.3 42.893 600.26 4426.6 32.753
3.0583 514.03 4383.9 52.925 538 4419.9 42.501 608.6 4435.9 32.456
3.0667 520.58 4392.8 52.768 545.97 4429.5 42.15 617.02 4445.1 32.177
3.075 527.28 4401.7 52.595 554.02 4439.1 41.834 625.51 4454.4 31.916
3.0833 534.15 4410.5 52.412 562.19 4448.6 41.547 634.08 4463.5 31.67
3.0917 541.19 4419.3 52.228 570.48 4458.1 41.281 642.74 4472.7 31.434
3.1 548.43 4428.1 52.056 578.91 4467.6 41.03 651.48 4481.7 31.206
3.1083 555.89 4436.9 51.911 587.49 4477.1 40.787 660.3 4490.7 30.98
3.1167 563.58 4445.7 51.806 596.22 4486.6 40.547 669.2 4499.6 30.753
3.125 571.53 4454.6 51.754 605.11 4496.1 40.308 678.17 4508.4 30.52
3.1333 579.75 4463.5 51.758 614.16 4505.6 40.067 687.22 4517.1 30.278
3.1417 588.22 4472.4 51.818 623.36 4515.1 39.823 696.35 4525.8 30.026
3.15 596.96 4481.5 51.929 632.7 4524.5 39.575 705.56 4534.3 29.766
3.1583 605.95 4490.5 52.077 642.19 4533.9 39.326 714.85 4542.9 29.498
3.1667 615.19 4499.7 52.249 651.82 4543.3 39.076 724.25 4551.3 29.227
3.175 624.67 4508.9 52.43 661.58 4552.6 38.828 733.75 4559.8 28.956
3.1833 634.42 4518.1 52.602 671.48 4561.9 38.584 743.37 4568.2 28.693
3.1917 644.4 4527.4 52.754 681.52 4571 38.345 753.13 4576.7 28.441
3.2 654.63 4536.8 52.873 691.7 4580.1 38.111 763.02 4585.1 28.205
3.2083 665.09 4546.3 52.946 702.03 4589.1 37.888 773.07 4593.6 27.987
3.2167 675.74 4555.8 52.962 712.51 4598 37.675 783.26 4602.1 27.789
3.225 686.56 4565.5 52.916 723.16 4606.8 37.469 793.6 4610.5 27.609
3.2333 697.51 4575.2 52.803 733.97 4615.5 37.27 804.08 4618.9 27.445
3.2417 708.56 4585 52.617 744.93 4624.1 37.078 814.68 4627.3 27.289
3.25 719.68 4594.8 52.358 756.02 4632.7 36.893 825.38 4635.6 27.138
3.2583 730.83 4604.7 52.036 767.23 4641.2 36.706 836.17 4643.8 26.984
3.2667 742 4614.5 51.652 778.51 4649.7 36.524 847.02 4652 26.822
3.275 753.16 4624.2 51.221 789.82 4658.1 36.344 857.9 4660.1 26.648
3.2833 764.29 4633.8 50.756 801.11 4666.6 36.167 868.8 4668.1 26.46
3.2917 775.39 4643.2 50.268 812.32 4674.9 35.999 879.68 4676.1 26.259
3.3 786.42 4652.3 49.77 823.4 4683.3 35.843 890.53 4684 26.049
3.3083 797.38 4661.2 49.272 834.29 4691.6 35.706 901.32 4692 25.834
3.3167 808.24 4669.8 48.78 844.94 4699.8 35.596 912.05 4700 25.622
3.325 818.98 4678.2 48.299 855.33 4708 35.519 922.7 4708 25.423
3.3333 829.58 4686.3 47.827 865.42 4716.1 35.481 933.27 4716.1 25.244
3.3417 840.03 4694.2 47.359 875.2 4724 35.487 943.73 4724.3 25.091
3.35 850.35 4701.9 46.894 884.68 4731.9 35.538 954.1 4732.5 24.972
3.3583 860.55 4709.5 46.421 893.88 4739.6 35.63 964.35 4740.8 24.888
