0.0083333 34.058 7.2091 98.66 10.47 113.22 87.063 42.475 176.87 83.293
0.016667 34.719 17.297 98.65 11.39 123.28 86.849 43.566 186.64 83.246
0.025 35.385 27.598 98.631 12.368 133.47 86.631 44.717 196.52 83.198
0.033333 36.045 38.098 98.598 13.409 143.78 86.408 45.919 206.52 83.155
0.041667 36.69 48.783 98.545 14.512 154.2 86.183 47.16 216.65 83.122
0.05 37.316 59.634 98.468 15.674 164.72 85.956 48.422 226.91 83.105
0.058333 37.925 70.63 98.364 16.888 175.34 85.729 49.691 237.29 83.107
0.066667 38.522 81.748 98.232 18.143 186.05 85.504 50.949 247.77 83.13
0.075 39.116 92.959 98.072 19.426 196.84 85.286 52.182 258.33 83.173
0.083333 39.717 104.23 97.887 20.718 207.7 85.079 53.375 268.94 83.233
0.091667 40.343 115.52 97.68 22 218.59 84.891 54.519 279.55 83.304
0.1 41.008 126.8 97.456 23.253 229.49 84.729 55.606 290.14 83.38
0.10833 41.726 138.03 97.221 24.457 240.37 84.603 56.63 300.67 83.453
0.11667 42.506 149.19 96.981 25.594 251.2 84.522 57.588 311.11 83.516
0.125 43.346 160.25 96.738 26.652 261.95 84.493 58.477 321.45 83.565
0.13333 44.238 171.18 96.497 27.62 272.58 84.523 59.296 331.69 83.596
0.14167 45.162 181.99 96.258 28.491 283.07 84.616 60.041 341.83 83.609
0.15 46.093 192.66 96.017 29.264 293.4 84.772 60.709 351.87 83.607
0.15833 47.009 203.22 95.77 29.939 303.58 84.99 61.295 361.84 83.595
0.16667 47.889 213.68 95.51 30.523 313.6 85.261 61.793 371.76 83.581
0.175 48.721 224.06 95.228 31.02 323.49 85.576 62.198 381.66 83.572
0.18333 49.499 234.37 94.921 31.439 333.26 85.924 62.502 391.57 83.579
0.19167 50.22 244.64 94.584 31.787 342.94 86.291 62.7 401.5 83.609
0.2 50.884 254.87 94.218 32.071 352.56 86.665 62.785 411.48 83.669
0.20833 51.491 265.07 93.825 32.294 362.15 87.032 62.754 421.53 83.764
0.21667 52.044 275.25 93.409 32.462 371.74 87.385 62.605 431.66 83.893
0.225 52.542 285.4 92.978 32.575 381.33 87.713 62.338 441.86 84.057
0.23333 52.986 295.52 92.541 32.635 390.96 88.014 61.956 452.14 84.251
0.24167 53.371 305.62 92.108 32.639 400.61 88.284 61.463 462.5 84.47
0.25 53.688 315.68 91.691 32.587 410.3 88.525 60.865 472.93 84.707
0.25833 53.929 325.72 91.3 32.479 420.03 88.738 60.167 483.42 84.954
0.26667 54.083 335.72 90.943 32.312 429.78 88.927 59.378 493.96 85.204
0.275 54.145 345.71 90.626 32.087 439.56 89.098 58.503 504.54 85.452
0.28333 54.114 355.68 90.351 31.804 449.36 89.254 57.549 515.16 85.694
0.29167 53.993 365.65 90.118 31.465 459.2 89.4 56.521 525.79 85.925
0.3 53.795 375.62 89.919 31.071 469.06 89.538 55.424 536.43 86.147
0.30833 53.538 385.62 89.746 30.623 478.97 89.671 54.262 547.07 86.36
0.31667 53.241 395.63 89.588 30.124 488.92 89.8 53.039 557.7 86.565
0.325 52.928 405.66 89.432 29.576 498.93 89.924 51.758 568.3 86.764
0.33333 52.614 415.72 89.267 28.98 509.01 90.044 50.424 578.87 86.962
0.34167 52.317 425.78 89.084 28.34 519.17 90.158 49.039 589.41 87.159
0.35 52.047 435.85 88.876 27.657 529.41 90.266 47.609 599.92 87.357
0.35833 51.806 445.92 88.64 26.933 539.73 90.368 46.14 610.38 87.558
0.36667 51.591 455.98 88.378 26.171 550.13 90.463 44.636 620.82 87.761
0.375 51.392 466.01 88.097 25.371 560.6 90.552 43.105 631.23 87.965
0.38333 51.191 476.03 87.803 24.535 571.13 90.635 41.552 641.62 88.168
0.39167 50.967 486.02 87.508 23.664 581.71 90.715 39.983 652.02 88.368
0.4 50.7 496 87.227 22.755 592.33 90.791 38.401 662.42 88.563
0.40833 50.363 505.97 86.971 21.809 602.99 90.863 36.813 672.84 88.748
0.41667 49.935 515.96 86.753 20.822 613.69 90.933 35.219 683.28 88.923
0.425 49.403 525.98 86.583 19.792 624.43 90.999 33.619 693.76 89.084
0.43333 48.757 536.06 86.467 18.714 635.21 91.063 32.013 704.26 89.231
0.44167 47.988 546.22 86.406 17.587 646.05 91.123 30.397 714.8 89.364
0.45 47.106 556.48 86.399 16.406 656.95 91.18 28.766 725.37 89.481
0.45833 46.122 566.87 86.434 15.168 667.94 91.235 27.114 735.96 89.584
0.46667 45.055 577.41 86.508 13.872 679.02 91.29 25.433 746.57 89.676
0.475 43.925 588.1 86.6 12.516 690.21 91.347 23.713 757.21 89.757
0.48333 42.758 598.97 86.702 11.098 701.5 91.409 21.945 767.88 89.83
0.49167 41.576 610.02 86.799 9.6153 712.9 91.479 20.118 778.58 89.899
0.5 40.396 621.24 86.877 8.0647 724.4 91.561 18.221 789.32 89.966
0.50833 39.236 632.65 86.93 6.4426 735.99 91.657 16.245 800.13 90.033
0.51667 38.088 644.24 86.955 4.7408 747.67 91.769 14.179 811.02 90.103
0.525 36.965 656.02 86.949 2.9546 759.42 91.897 12.016 822.01 90.177
0.53333 35.847 668.01 86.916 1.0732 771.25 92.042 9.7478 833.12 90.255
0.54167 34.723 680.22 86.863 -0.91197 783.14 92.2 7.3696 844.35 90.338
0.55 33.581 692.67 86.8 -3.0101 795.1 92.368 4.8776 855.71 90.423
0.55833 32.395 705.38 86.737 -5.2268 807.14 92.542 2.2712 867.2 90.509
0.56667 31.163 718.36 86.687 -7.5681 819.27 92.718 -0.44889 878.82 90.594
0.575 29.877 731.61 86.663 -10.034 831.5 92.89 -3.28 890.54 90.674
0.58333 28.537 745.14 86.676 -12.619 843.85 93.055 -6.2167 902.36 90.749
0.59167 27.149 758.92 86.735 -15.315 856.32 93.211 -9.2526 914.23 90.817
0.6 25.725 772.91 86.848 -18.103 868.92 93.355 -12.381 926.14 90.878
0.60833 24.276 787.06 87.017 -20.964 881.63 93.489 -15.592 938.06 90.933
0.61667 22.801 801.31 87.242 -23.871 894.46 93.615 -18.878 949.98 90.984
0.625 21.304 815.57 87.521 -26.796 907.36 93.735 -22.229 961.87 91.038
0.63333 19.773 829.78 87.845 -29.709 920.29 93.856 -25.635 973.72 91.098
0.64167 18.2 843.85 88.207 -32.581 933.22 93.98 -29.086 985.54 91.172
0.65 16.568 857.72 88.594 -35.384 946.09 94.112 -32.572 997.33 91.266
0.65833 14.871 871.35 88.998 -38.098 958.84 94.255 -36.081 1009.1 91.385
0.66667 13.1 884.71 89.412 -40.706 971.43 94.411 -39.601 1020.8 91.536
0.675 11.251 897.79 89.829 -43.198 983.81 94.578 -43.119 1032.6 91.719
0.68333 9.3196 910.61 90.245 -45.573 995.94 94.755 -46.621 1044.3 91.937
0.69167 7.3035 923.21 90.66 -47.834 1007.8 94.937 -50.092 1056 92.185
0.7 5.1942 935.63 91.079 -49.992 1019.4 95.12 -53.515 1067.7 92.46
0.70833 2.9806 947.95 91.507 -52.061 1030.7 95.298 -56.876 1079.4 92.754
0.71667 0.64941 960.2 91.951 -54.057 1041.8 95.465 -60.16 1091 93.058
0.725 -1.8047 972.42 92.418 -55.997 1052.7 95.615 -63.352 1102.7 93.364
0.73333 -4.3727 984.64 92.909 -57.898 1063.4 95.747 -66.443 1114.2 93.66
0.74167 -7.0421 996.85 93.427 -59.775 1074 95.859 -69.423 1125.7 93.941
0.75 -9.7813 1009 93.969 -61.641 1084.5 95.952 -72.29 1137 94.198
0.75833 -12.556 1021.1 94.531 -63.506 1094.9 96.031 -75.042 1148.3 94.428
0.76667 -15.328 1033.2 95.109 -65.377 1105.3 96.1 -77.685 1159.4 94.628
0.775 -18.06 1045.1 95.695 -67.257 1115.7 96.166 -80.227 1170.5 94.8
0.78333 -20.721 1056.9 96.286 -69.152 1126.1 96.235 -82.678 1181.5 94.946
0.79167 -23.288 1068.5 96.878 -71.061 1136.6 96.312 -85.054 1192.4 95.07
0.8 -25.746 1080 97.469 -72.987 1147 96.401 -87.369 1203.3 95.178
0.80833 -28.098 1091.3 98.062 -74.927 1157.5 96.507 -89.639 1214.1 95.275
0.81667 -30.348 1102.6 98.662 -76.883 1168 96.631 -91.877 1224.9 95.365
0.825 -32.518 1113.8 99.278 -78.853 1178.5 96.773 -94.097 1235.7 95.454
0.83333 -34.632 1125.1 99.919 -80.84 1189 96.931 -96.306 1246.5 95.543
0.84167 -36.716 1136.3 100.6 -82.844 1199.5 97.106 -98.511 1257.4 95.633
0.85 -38.795 1147.6 101.33 -84.868 1210.1 97.294 -100.72 1268.2 95.724
0.85833 -40.889 1158.9 102.11 -86.915 1220.6 97.495 -102.92 1279.1 95.813
0.86667 -43.009 1170.3 102.95 -88.99 1231.2 97.707 -105.12 1290 95.896
0.875 -45.157 1181.7 103.86 -91.096 1241.8 97.931 -107.31 1300.9 95.969
0.88333 -47.322 1193.2 104.82 -93.238 1252.4 98.167 -109.5 1311.8 96.03
0.89167 -49.485 1204.6 105.83 -95.419 1263.1 98.417 -111.68 1322.7 96.075
0.9 -51.626 1216 106.87 -97.645 1273.8 98.681 -113.84 1333.6 96.102
0.90833 -53.714 1227.4 107.94 -99.918 1284.5 98.962 -115.99 1344.5 96.109
0.91667 -55.725 1238.7 109 -102.24 1295.3 99.26 -118.13 1355.4 96.099
0.925 -57.636 1250 110.06 -104.62 1306.1 99.576 -120.26 1366.3 96.071
0.93333 -59.434 1261.2 111.08 -107.05 1317 99.91 -122.38 1377.2 96.029
0.94167 -61.114 1272.5 112.08 -109.54 1327.9 100.26 -124.5 1388.1 95.976
0.95 -62.685 1283.9 113.02 -112.09 1338.8 100.63 -126.62 1399 95.914
0.95833 -64.164 1295.3 113.92 -114.68 1349.8 101.01 -128.74 1409.9 95.845
0.96667 -65.576 1306.9 114.77 -117.32 1360.9 101.39 -130.86 1420.8 95.772
0.975 -66.952 1318.7 115.57 -120 1371.9 101.79 -132.98 1431.7 95.695
0.98333 -68.325 1330.6 116.32 -122.7 1383.1 102.2 -135.1 1442.6 95.615
0.99167 -69.728 1342.7 117.02 -125.43 1394.2 102.61 -137.2 1453.6 95.531
1 -71.194 1355.1 117.69 -128.16 1405.5 103.03 -139.3 1464.5 95.442
1.0083 -72.759 1367.6 118.32 -130.89 1416.8 103.46 -141.37 1475.5 95.349
1.0167 -74.457 1380.4 118.91 -133.62 1428.1 103.88 -143.43 1486.5 95.251
1.025 -76.313 1393.2 119.47 -136.32 1439.6 104.3 -145.47 1497.5 95.149
1.0333 -78.343 1406.2 119.98 -138.99 1451.1 104.74 -147.5 1508.5 95.044
1.0417 -80.546 1419.1 120.44 -141.63 1462.8 105.16 -149.52 1519.5 94.941
1.05 -82.898 1432.1 120.82 -144.26 1474.5 105.57 -151.54 1530.6 94.841
1.0583 -85.368 1444.9 121.13 -146.86 1486.4 105.95 -153.57 1541.8 94.751
1.0667 -87.929 1457.8 121.35 -149.43 1498.4 106.32 -155.62 1553 94.674
1.075 -90.553 1470.6 121.49 -151.99 1510.5 106.65 -157.7 1564.2 94.615
1.0833 -93.235 1483.4 121.54 -154.54 1522.8 106.93 -159.8 1575.6 94.578
1.0917 -95.978 1496.2 121.53 -157.08 1535.2 107.16 -161.95 1587 94.566
1.1 -98.799 1509.3 121.46 -159.63 1547.7 107.33 -164.14 1598.5 94.578
1.1083 -101.72 1522.4 121.36 -162.18 1560.3 107.45 -166.37 1610 94.616
1.1167 -104.78 1535.9 121.25 -164.73 1573 107.5 -168.64 1621.7 94.675
1.125 -108 1549.5 121.14 -167.29 1585.8 107.49 -170.95 1633.4 94.753
1.1333 -111.4 1563.4 121.04 -169.86 1598.7 107.44 -173.28 1645.3 94.844
1.1417 -114.99 1577.6 120.96 -172.46 1611.6 107.34 -175.63 1657.2 94.943
1.15 -118.74 1591.8 120.88 -175.07 1624.6 107.21 -178 1669.2 95.042
1.1583 -122.65 1606.1 120.81 -177.72 1637.6 107.07 -180.39 1681.2 95.135
1.1667 -126.67 1620.4 120.73 -180.41 1650.6 106.93 -182.79 1693.3 95.218
1.175 -130.76 1634.6 120.65 -183.17 1663.6 106.8 -185.21 1705.4 95.284
1.1833 -134.85 1648.7 120.56 -186 1676.6 106.69 -187.67 1717.6 95.331
1.1917 -138.9 1662.5 120.46 -188.91 1689.6 106.62 -190.16 1729.6 95.356
1.2 -142.84 1676.1 120.35 -191.92 1702.4 106.6 -192.7 1741.7 95.359
1.2083 -146.66 1689.5 120.25 -195.04 1715.2 106.64 -195.32 1753.6 95.341
1.2167 -150.34 1702.7 120.14 -198.28 1727.9 106.74 -198.01 1765.5 95.303
1.225 -153.89 1715.6 120.06 -201.64 1740.4 106.9 -200.82 1777.3 95.25
1.2333 -157.34 1728.2 119.99 -205.12 1752.7 107.14 -203.74 1788.9 95.185
1.2417 -160.71 1740.7 119.95 -208.71 1764.8 107.44 -206.79 1800.4 95.113
1.25 -164.05 1753 119.94 -212.4 1776.7 107.8 -210 1811.8 95.04
1.2583 -167.38 1765.1 119.96 -216.18 1788.3 108.23 -213.38 1823.1 94.972
1.2667 -170.71 1777.2 119.99 -220.04 1799.7 108.71 -216.94 1834.4 94.917
1.275 -174.08 1789.2 120.04 -223.97 1810.8 109.24 -220.69 1845.6 94.88
1.2833 -177.5 1801.1 120.1 -227.94 1821.8 109.82 -224.65 1856.7 94.871
1.2917 -181 1813 120.15 -231.95 1832.5 110.42 -228.82 1867.8 94.894
1.3 -184.59 1824.8 120.19 -235.99 1843 111.06 -233.21 1878.9 94.957
1.3083 -188.31 1836.5 120.21 -240.05 1853.3 111.71 -237.82 1890 95.064
1.3167 -192.17 1848.1 120.19 -244.14 1863.6 112.38 -242.64 1901.1 95.216
1.325 -196.18 1859.6 120.14 -248.25 1873.7 113.06 -247.68 1912.1 95.415
1.3333 -200.33 1870.9 120.06 -252.41 1883.8 113.73 -252.92 1923.2 95.657
1.3417 -204.62 1882 119.95 -256.61 1893.8 114.4 -258.34 1934.1 95.938
1.35 -209.04 1892.9 119.81 -260.88 1903.8 115.06 -263.92 1945 96.251
1.3583 -213.59 1903.6 119.66 -265.21 1913.9 115.7 -269.64 1955.8 96.585
1.3667 -218.24 1914.2 119.51 -269.63 1923.9 116.32 -275.45 1966.4 96.933
1.375 -222.97 1924.6 119.36 -274.14 1934 116.92 -281.34 1976.9 97.283
1.3833 -227.77 1934.9 119.23 -278.75 1944.1 117.5 -287.28 1987.2 97.626
1.3917 -232.62 1945 119.11 -283.45 1954.2 118.05 -293.23 1997.4 97.953
1.4 -237.5 1955.2 119.02 -288.25 1964.4 118.57 -299.17 2007.4 98.257
1.4083 -242.4 1965.3 118.94 -293.14 1974.5 119.06 -305.09 2017.3 98.534
1.4167 -247.3 1975.4 118.88 -298.12 1984.7 119.52 -310.97 2027 98.781
1.425 -252.21 1985.5 118.84 -303.19 1995 119.94 -316.81 2036.6 98.998
1.4333 -257.1 1995.7 118.79 -308.33 2005.2 120.33 -322.6 2046.1 99.186
1.4417 -261.99 2005.9 118.74 -313.56 2015.5 120.68 -328.35 2055.6 99.349
1.45 -266.87 2016.1 118.67 -318.86 2025.8 120.99 -334.07 2065 99.488
1.4583 -271.76 2026.4 118.59 -324.24 2036.2 121.27 -339.76 2074.4 99.609
1.4667 -276.65 2036.7 118.48 -329.7 2046.7 121.5 -345.43 2083.8 99.715
1.475 -281.57 2047.1 118.36 -335.25 2057.2 121.71 -351.09 2093.2 99.807
1.4833 -286.53 2057.4 118.23 -340.89 2067.8 121.87 -356.75 2102.7 99.886
1.4917 -291.54 2067.7 118.09 -346.62 2078.5 122.01 -362.41 2112.2 99.952
1.5 -296.62 2078.1 117.96 -352.46 2089.2 122.12 -368.08 2121.7 100
1.5083 -301.79 2088.4 117.83 -358.4 2100 122.21 -373.75 2131.3 100.03
1.5167 -307.07 2098.7 117.71 -364.44 2110.9 122.27 -379.44 2140.9 100.04
1.525 -312.47 2109 117.61 -370.59 2121.9 122.31 -385.15 2150.5 100.02
1.5333 -318 2119.3 117.53 -376.85 2132.9 122.34 -390.89 2160.2 99.971
1.5417 -323.67 2129.7 117.46 -383.22 2143.9 122.35 -396.65 2169.9 99.893
1.55 -329.49 2140.1 117.41 -389.68 2155 122.36 -402.47 2179.7 99.785
1.5583 -335.44 2150.6 117.35 -396.25 2166 122.36 -408.34 2189.5 99.65
1.5667 -341.52 2161.1 117.3 -402.91 2177.1 122.36 -414.29 2199.3 99.492
1.575 -347.73 2171.7 117.25 -409.66 2188.2 122.36 -420.33 2209.1 99.315
1.5833 -354.09 2182.4 117.19 -416.5 2199.3 122.36 -426.48 2219 99.123
1.5917 -360.62 2193.1 117.12 -423.43 2210.4 122.38 -432.76 2229 98.92
1.6 -367.32 2203.9 117.04 -430.46 2221.5 122.41 -439.16 2239 98.71
1.6083 -374.23 2214.9 116.93 -437.57 2232.5 122.45 -445.7 2249.1 98.494
1.6167 -381.35 2226 116.82 -444.79 2243.5 122.51 -452.37 2259.2 98.272
1.625 -388.72 2237.3 116.69 -452.1 2254.5 122.59 -459.18 2269.4 98.04
1.6333 -396.33 2248.7 116.57 -459.52 2265.4 122.69 -466.11 2279.7 97.796
1.6417 -404.19 2260.4 116.44 -467.04 2276.4 122.8 -473.15 2290.1 97.535
1.65 -412.28 2272.3 116.33 -474.66 2287.3 122.93 -480.3 2300.6 97.256
1.6583 -420.58 2284.3 116.26 -482.38 2298.1 123.07 -487.54 2311.1 96.956
1.6667 -429.06 2296.5 116.23 -490.19 2309 123.22 -494.87 2321.6 96.636
1.675 -437.67 2308.9 116.25 -498.08 2319.9 123.36 -502.27 2332.2 96.301
1.6833 -446.39 2321.2 116.34 -506.03 2330.8 123.5 -509.74 2342.8 95.958
1.6917 -455.15 2333.6 116.49 -514 2341.7 123.62 -517.29 2353.4 95.618
1.7 -463.92 2345.9 116.71 -521.98 2352.6 123.72 -524.9 2363.9 95.293
1.7083 -472.66 2358 116.99 -529.94 2363.6 123.8 -532.58 2374.5 94.997
1.7167 -481.33 2369.9 117.32 -537.83 2374.6 123.84 -540.32 2384.9 94.743
1.725 -489.9 2381.6 117.68 -545.62 2385.6 123.86 -548.11 2395.3 94.543
1.7333 -498.34 2393.1 118.05 -553.28 2396.7 123.84 -555.94 2405.7 94.406
1.7417 -506.62 2404.2 118.41 -560.78 2407.8 123.78 -563.78 2416 94.334
1.75 -514.75 2415.1 118.76 -568.1 2418.8 123.7 -571.62 2426.3 94.326
1.7583 -522.73 2425.7 119.08 -575.2 2429.8 123.59 -579.41 2436.6 94.375
1.7667 -530.58 2436.1 119.36 -582.09 2440.8 123.46 -587.13 2446.9 94.469
1.775 -538.33 2446.4 119.62 -588.76 2451.6 123.3 -594.73 2457.3 94.59
1.7833 -545.97 2456.5 119.86 -595.21 2462.3 123.12 -602.18 2467.8 94.719
1.7917 -553.51 2466.5 120.08 -601.47 2472.8 122.94 -609.46 2478.4 94.836
1.8 -560.95 2476.5 120.29 -607.55 2483.2 122.73 -616.52 2489.1 94.923
1.8083 -568.27 2486.4 120.5 -613.49 2493.4 122.52 -623.37 2499.9 94.964
1.8167 -575.46 2496.4 120.71 -619.31 2503.5 122.3 -629.98 2510.9 94.95
1.825 -582.5 2506.3 120.94 -625.06 2513.4 122.07 -636.37 2522 94.876
1.8333 -589.37 2516.3 121.19 -630.76 2523.1 121.82 -642.56 2533.2 94.744
1.8417 -596.07 2526.3 121.45 -636.45 2532.8 121.56 -648.55 2544.5 94.561
1.85 -602.59 2536.3 121.73 -642.12 2542.5 121.29 -654.37 2555.9 94.34
1.8583 -608.94 2546.3 122.03 -647.82 2552.2 121.02 -660.07 2567.3 94.094
1.8667 -615.13 2556.2 122.35 -653.53 2561.9 120.73 -665.65 2578.8 93.836
1.875 -621.16 2566.2 122.68 -659.26 2571.6 120.43 -671.16 2590.3 93.582
1.8833 -627.06 2576.2 123.02 -665 2581.5 120.14 -676.62 2601.7 93.342
1.8917 -632.85 2586.1 123.37 -670.75 2591.4 119.84 -682.03 2613.1 93.124
1.9 -638.57 2596.1 123.73 -676.5 2601.5 119.56 -687.42 2624.5 92.931
1.9083 -644.23 2606 124.11 -682.23 2611.7 119.28 -692.79 2635.9 92.763
1.9167 -649.87 2615.9 124.51 -687.95 2621.9 119.03 -698.14 2647.2 92.615
1.925 -655.51 2625.9 124.92 -693.63 2632.3 118.8 -703.47 2658.5 92.481
1.9333 -661.15 2635.8 125.35 -699.29 2642.7 118.6 -708.77 2669.8 92.352
1.9417 -666.82 2645.6 125.79 -704.92 2653.3 118.43 -714.04 2681 92.218
1.95 -672.5 2655.5 126.26 -710.54 2663.8 118.29 -719.27 2692.3 92.072
1.9583 -678.2 2665.3 126.73 -716.15 2674.4 118.18 -724.47 2703.5 91.907
1.9667 -683.9 2675.1 127.21 -721.77 2685.1 118.1 -729.64 2714.7 91.718
1.975 -689.6 2684.9 127.7 -727.41 2695.8 118.04 -734.77 2726 91.504
1.9833 -695.27 2694.7 128.18 -733.09 2706.5 118 -739.88 2737.2 91.264
1.9917 -700.91 2704.5 128.65 -738.8 2717.3 117.97 -744.96 2748.3 91.001
2 -706.51 2714.4 129.11 -744.57 2728.2 117.96 -750.02 2759.5 90.718
2.0083 -712.05 2724.4 129.55 -750.38 2739.2 117.96 -755.06 2770.7 90.418
2.0167 -717.55 2734.5 129.96 -756.24 2750.2 117.97 -760.08 2781.8 90.104
2.025 -722.99 2744.8 130.34 -762.14 2761.3 117.98 -765.09 2792.9 89.779
2.0333 -728.39 2755.2 130.68 -768.07 2772.6 118.01 -770.06 2804.1 89.441
2.0417 -733.76 2765.9 130.97 -774.02 2783.9 118.05 -775 2815.2 89.091
2.05 -739.11 2776.7 131.23 -779.99 2795.3 118.1 -779.9 2826.3 88.724
2.0583 -744.45 2787.7 131.44 -785.96 2806.9 118.16 -784.74 2837.5 88.337
2.0667 -749.82 2798.8 131.62 -791.93 2818.5 118.24 -789.52 2848.6 87.926
2.075 -755.22 2810.1 131.77 -797.88 2830.2 118.35 -794.24 2859.8 87.485
2.0833 -760.69 2821.6 131.88 -803.82 2841.9 118.46 -798.89 2871.1 87.012
2.0917 -766.24 2833.1 131.98 -809.72 2853.8 118.59 -803.46 2882.3 86.505
2.1 -771.88 2844.6 132.05 -815.59 2865.8 118.72 -807.97 2893.6 85.963
2.1083 -777.62 2856.1 132.1 -821.43 2877.8 118.86 -812.42 2904.9 85.391
2.1167 -783.44 2867.5 132.13 -827.24 2890 119 -816.81 2916.3 84.793
2.125 -789.34 2878.9 132.14 -833 2902.3 119.12 -821.17 2927.6 84.176
2.1333 -795.33 2890.3 132.14 -838.71 2914.7 119.22 -825.49 2939 83.55
2.1417 -801.41 2901.6 132.13 -844.38 2927.2 119.3 -829.8 2950.5 82.924
2.15 -807.59 2913 132.13 -849.98 2940 119.34 -834.09 2962 82.309
2.1583 -813.88 2924.5 132.15 -855.53 2952.8 119.35 -838.39 2973.6 81.713
2.1667 -820.28 2936.3 132.19 -861.02 2965.9 119.32 -842.69 2985.2 81.146
2.175 -826.79 2948.3 132.26 -866.43 2979 119.25 -847 2996.9 80.613
2.1833 -833.42 2960.6 132.35 -871.77 2992.4 119.15 -851.33 3008.7 80.118
2.1917 -840.15 2973.3 132.45 -877.05 3005.8 119.03 -855.66 3020.6 79.662
2.2 -846.95 2986.3 132.54 -882.25 3019.3 118.87 -860 3032.5 79.242
2.2083 -853.82 2999.6 132.61 -887.39 3032.9 118.7 -864.33 3044.6 78.855
2.2167 -860.73 3013.1 132.63 -892.49 3046.5 118.51 -868.66 3056.8 78.493
2.225 -867.64 3026.8 132.58 -897.54 3060.1 118.32 -872.96 3069 78.147
2.2333 -874.53 3040.4 132.46 -902.56 3073.6 118.13 -877.24 3081.3 77.81
2.2417 -881.36 3054.1 132.26 -907.57 3087.1 117.93 -881.47 3093.7 77.469
2.25 -888.06 3067.6 131.98 -912.6 3100.4 117.74 -885.66 3106.1 77.117
2.2583 -894.6 3081 131.62 -917.64 3113.6 117.55 -889.78 3118.5 76.746
2.2667 -900.92 3094.1 131.2 -922.7 3126.7 117.37 -893.84 3131 76.351
2.275 -906.99 3107.1 130.73 -927.81 3139.5 117.2 -897.84 3143.5 75.93
2.2833 -912.78 3119.9 130.22 -932.95 3152.2 117.04 -901.79 3156 75.483
2.2917 -918.3 3132.6 129.7 -938.13 3164.7 116.89 -905.69 3168.4 75.013
2.3 -923.57 3145 129.17 -943.34 3176.9 116.76 -909.56 3180.9 74.528
2.3083 -928.61 3157.4 128.65 -948.56 3188.9 116.64 -913.43 3193.3 74.034
2.3167 -933.46 3169.6 128.14 -953.79 3200.8 116.55 -917.32 3205.6 73.539
2.325 -938.14 3181.8 127.64 -959 3212.4 116.47 -921.25 3217.9 73.052
2.3333 -942.68 3194 127.16 -964.19 3223.8 116.41 -925.25 3230.2 72.58
2.3417 -947.12 3206.2 126.68 -969.32 3235 116.37 -929.35 3242.4 72.128
2.35 -951.47 3218.4 126.21 -974.4 3246.1 116.34 -933.57 3254.6 71.701
2.3583 -955.76 3230.6 125.74 -979.42 3257 116.31 -937.92 3266.7 71.301
2.3667 -960.03 3242.8 125.27 -984.37 3267.7 116.29 -942.42 3278.8 70.93
2.375 -964.28 3255 124.78 -989.25 3278.4 116.27 -947.06 3290.8 70.586
2.3833 -968.53 3267 124.28 -994.06 3289 116.24 -951.84 3302.7 70.27
2.3917 -972.8 3279 123.77 -998.83 3299.5 116.2 -956.74 3314.7 69.98
2.4 -977.09 3290.8 123.23 -1003.5 3309.9 116.14 -961.75 3326.6 69.716
2.4083 -981.4 3302.5 122.68 -1008.2 3320.4 116.07 -966.85 3338.4 69.476
2.4167 -985.73 3313.9 122.12 -1012.9 3330.8 115.98 -972.02 3350.3 69.261
2.425 -990.08 3325.2 121.54 -1017.6 3341.3 115.87 -977.23 3362.2 69.07
2.4333 -994.44 3336.3 120.96 -1022.3 3351.8 115.75 -982.48 3374 68.906
2.4417 -998.82 3347.3 120.37 -1027 3362.3 115.63 -987.74 3385.9 68.768
2.45 -1003.2 3358.2 119.78 -1031.7 3372.9 115.5 -993.01 3397.8 68.659
2.4583 -1007.6 3369 119.18 -1036.5 3383.6 115.36 -998.3 3409.7 68.577
2.4667 -1011.9 3379.8 118.59 -1041.2 3394.3 115.23 -1003.6 3421.6 68.522
2.475 -1016.3 3390.5 117.99 -1046 3405 115.09 -1008.9 3433.4 68.493
2.4833 -1020.6 3401.3 117.37 -1050.9 3415.8 114.96 -1014.3 3445.3 68.485
2.4917 -1024.9 3412 116.74 -1055.7 3426.6 114.83 -1019.7 3457.1 68.494
2.5 -1029.3 3422.7 116.09 -1060.5 3437.5 114.69 -1025.1 3468.9 68.513
2.5083 -1033.6 3433.5 115.41 -1065.3 3448.4 114.55 -1030.6 3480.6 68.537
2.5167 -1038 3444.2 114.69 -1070.2 3459.4 114.4 -1036.1 3492.3 68.556
2.525 -1042.4 3454.9 113.95 -1075 3470.4 114.25 -1041.6 3503.9 68.564
2.5333 -1046.9 3465.7 113.19 -1079.8 3481.4 114.08 -1047.2 3515.4 68.553
2.5417 -1051.4 3476.4 112.42 -1084.5 3492.5 113.9 -1052.8 3526.9 68.517
2.55 -1056.1 3487.2 111.65 -1089.3 3503.7 113.72 -1058.4 3538.3 68.451
2.5583 -1060.8 3497.9 110.89 -1094.1 3514.9 113.53 -1063.9 3549.7 68.351
2.5667 -1065.7 3508.7 110.17 -1098.9 3526.2 113.33 -1069.5 3561 68.217
2.575 -1070.5 3519.5 109.5 -1103.7 3537.6 113.13 -1074.9 3572.3 68.048
2.5833 -1075.5 3530.4 108.89 -1108.5 3549 112.92 -1080.4 3583.6 67.846
2.5917 -1080.5 3541.3 108.34 -1113.3 3560.4 112.7 -1085.8 3594.9 67.616
2.6 -1085.5 3552.3 107.85 -1118.2 3571.9 112.45 -1091.1 3606.1 67.361
2.6083 -1090.5 3563.3 107.42 -1123 3583.4 112.2 -1096.5 3617.4 67.086
2.6167 -1095.6 3574.5 107.03 -1127.9 3595 111.99 -1101.8 3628.7 66.794
2.625 -1100.7 3585.8 106.68 -1132.7 3606.7 111.81 -1107 3640 66.493
2.6333 -1105.9 3597.3 106.35 -1137.7 3618.5 111.64 -1112.3 3651.3 66.184
2.6417 -1111 3608.8 106.04 -1142.8 3630.3 111.48 -1117.6 3662.6 65.87
2.65 -1116.2 3620.5 105.74 -1147.8 3642.1 111.32 -1122.9 3673.9 65.552
2.6583 -1121.4 3632.2 105.46 -1152.9 3654 111.2 -1128.1 3685.2 65.231
2.6667 -1126.7 3644 105.18 -1158 3665.9 111.07 -1133.4 3696.5 64.906
2.675 -1132 3655.9 104.9 -1163.2 3677.8 110.95 -1138.6 3707.8 64.577
2.6833 -1137.4 3667.9 104.63 -1168.4 3689.7 110.84 -1143.9 3719.2 64.241
2.6917 -1142.9 3680 104.35 -1173.6 3701.7 110.73 -1149.1 3730.7 63.898
2.7 -1148.5 3692.3 104.08 -1178.9 3713.8 110.65 -1154.2 3742.2 63.546
2.7083 -1154.1 3704.9 103.79 -1184.2 3725.8 110.58 -1159.3 3753.7 63.181
2.7167 -1159.8 3717.7 103.52 -1189.5 3738 110.55 -1164.3 3765.4 62.807
2.725 -1165.6 3730.7 103.27 -1194.9 3750.2 110.52 -1169.3 3777.2 62.427
2.7333 -1171.4 3743.9 103.05 -1200.3 3762.5 110.51 -1174.2 3789.1 62.043
2.7417 -1177.3 3757.4 102.87 -1205.8 3774.8 110.5 -1179.1 3801.1 61.661
2.75 -1183.2 3771 102.75 -1211.3 3787.2 110.51 -1183.9 3813.2 61.29
2.7583 -1189.1 3784.6 102.69 -1216.8 3799.6 110.5 -1188.8 3825.4 60.93
2.7667 -1194.9 3798.2 102.7 -1222.2 3812 110.48 -1193.6 3837.6 60.599
2.775 -1200.6 3812 102.78 -1227.6 3824.4 110.48 -1198.5 3850 60.301
2.7833 -1206.3 3825.4 102.91 -1233 3836.9 110.46 -1203.4 3862.3 60.044
2.7917 -1211.8 3838.8 103.09 -1238.2 3849.3 110.42 -1208.4 3874.7 59.833
2.8 -1217.2 3851.8 103.3 -1243.4 3861.8 110.36 -1213.4 3887.1 59.671
2.8083 -1222.5 3864.5 103.52 -1248.3 3874.4 110.3 -1218.3 3899.5 59.557
2.8167 -1227.7 3876.9 103.72 -1253 3887 110.19 -1223.3 3911.8 59.489
2.825 -1232.7 3889 103.89 -1257.5 3899.6 110.03 -1228.3 3924.1 59.458
2.8333 -1237.6 3900.8 104 -1261.8 3912.1 109.82 -1233.1 3936.3 59.456
2.8417 -1242.4 3912.4 104.04 -1265.9 3924.6 109.59 -1237.8 3948.5 59.471
2.85 -1247.1 3923.7 104.01 -1269.7 3937 109.31 -1242.3 3960.7 59.493
2.8583 -1251.8 3934.8 103.93 -1273.3 3949.4 109.01 -1246.6 3972.9 59.507
2.8667 -1256.3 3945.8 103.79 -1276.8 3961.6 108.67 -1250.6 3985 59.506
2.875 -1260.7 3956.8 103.63 -1280.1 3973.8 108.29 -1254.4 3997.2 59.482
2.8833 -1265 3967.7 103.45 -1283.2 3985.8 107.89 -1257.8 4009.4 59.432
2.8917 -1269.1 3978.6 103.27 -1286.2 3997.6 107.45 -1260.9 4021.6 59.358
2.9 -1273 3989.5 103.1 -1289 4009.3 106.98 -1263.7 4033.9 59.264
2.9083 -1276.6 4000.5 102.97 -1291.7 4020.8 106.48 -1266.2 4046.2 59.158
2.9167 -1280 4011.5 102.88 -1294.3 4032.2 105.96 -1268.4 4058.7 59.049
2.925 -1283.1 4022.4 102.83 -1296.7 4043.4 105.41 -1270.4 4071.2 58.946
2.9333 -1285.9 4033.4 102.82 -1299.1 4054.5 104.85 -1272.2 4083.7 58.858
2.9417 -1288.5 4044.4 102.84 -1301.4 4065.6 104.28 -1273.7 4096.3 58.788
2.95 -1290.9 4055.3 102.9 -1303.5 4076.6 103.69 -1275.1 4109 58.738
2.9583 -1293 4066.2 102.97 -1305.5 4087.6 103.11 -1276.3 4121.6 58.706
2.9667 -1295.1 4077.1 103.06 -1307.5 4098.6 102.53 -1277.4 4134.3 58.684
2.975 -1297 4087.9 103.15 -1309.3 4109.6 101.95 -1278.4 4146.9 58.663
2.9833 -1298.8 4098.7 103.24 -1311 4120.7 101.39 -1279.2 4159.5 58.632
2.9917 -1300.7 4109.4 103.33 -1312.7 4131.8 100.84 -1280 4172 58.579
3 -1302.6 4120 103.41 -1314.2 4143 100.3 -1280.6 4184.5 58.494
3.0083 -1304.4 4130.7 103.48 -1315.7 4154.2 99.785 -1281.1 4196.8 58.371
3.0167 -1306.3 4141.2 103.55 -1317.1 4165.4 99.277 -1281.4 4209.1 58.205
3.025 -1308.3 4151.8 103.61 -1318.5 4176.7 98.79 -1281.7 4221.3 57.998
3.0333 -1310.2 4162.3 103.68 -1319.8 4188.1 98.321 -1281.9 4233.4 57.754
3.0417 -1312.2 4172.7 103.75 -1321.1 4199.4 97.874 -1282 4245.4 57.482
3.05 -1314.1 4183.2 103.84 -1322.3 4210.8 97.441 -1282.1 4257.3 57.191
3.0583 -1315.9 4193.6 103.93 -1323.5 4222.3 97.023 -1282.1 4269.2 56.893
3.0667 -1317.7 4204.1 104.03 -1324.7 4233.8 96.631 -1282.1 4281 56.598
3.075 -1319.4 4214.6 104.14 -1325.8 4245.3 96.262 -1282.1 4292.8 56.314
3.0833 -1320.9 4225.2 104.26 -1326.9 4257 95.918 -1282.1 4304.6 56.045
3.0917 -1322.4 4235.8 104.38 -1328 4268.7 95.6 -1282.2 4316.3 55.792
3.1 -1323.7 4246.6 104.51 -1329 4280.6 95.309 -1282.3 4328.1 55.553
3.1083 -1325 4257.5 104.63 -1330 4292.6 95.047 -1282.3 4339.8 55.323
3.1167 -1326.1 4268.5 104.73 -1330.8 4304.6 94.813 -1282.4 4351.5 55.093
3.125 -1327.1 4279.6 104.83 -1331.6 4316.8 94.605 -1282.5 4363.3 54.855
3.1333 -1328 4290.9 104.93 -1332.3 4329.1 94.42 -1282.5 4375 54.601
3.1417 -1328.8 4302.3 105.01 -1332.9 4341.4 94.257 -1282.5 4386.7 54.326
3.15 -1329.5 4314 105.1 -1333.4 4353.8 94.111 -1282.4 4398.4 54.026
3.1583 -1330.2 4325.8 105.19 -1333.8 4366.3 93.978 -1282.2 4410.2 53.702
3.1667 -1330.8 4337.7 105.28 -1334.1 4378.8 93.853 -1282 4421.9 53.355
3.175 -1331.3 4349.8 105.39 -1334.2 4391.4 93.732 -1281.6 4433.7 52.989
3.1833 -1331.8 4362.1 105.5 -1334.1 4404 93.611 -1281.1 4445.6 52.612
3.1917 -1332.4 4374.4 105.61 -1334 4416.6 93.486 -1280.5 4457.5 52.229
3.2 -1332.9 4386.8 105.71 -1333.7 4429.2 93.353 -1279.8 4469.5 51.845
3.2083 -1333.4 4399.2 105.79 -1333.2 4441.9 93.207 -1279 4481.6 51.463
3.2167 -1333.9 4411.7 105.86 -1332.6 4454.7 93.051 -1278.1 4493.7 51.085
3.225 -1334.4 4424.3 105.91 -1331.8 4467.5 92.879 -1277.1 4505.9 50.709
3.2333 -1334.8 4437 105.93 -1330.9 4480.4 92.687 -1276 4518.2 50.333
3.2417 -1335.2 4449.9 105.93 -1329.8 4493.4 92.482 -1274.8 4530.5 49.953
3.25 -1335.6 4463 105.91 -1328.5 4506.5 92.259 -1273.4 4542.8 49.568
3.2583 -1335.8 4476.4 105.86 -1327.2 4519.7 92.02 -1271.8 4555.2 49.176
3.2667 -1336 4490.1 105.77 -1325.6 4532.9 91.764 -1270.1 4567.5 48.779
3.275 -1336 4504 105.65 -1323.9 4546.3 91.493 -1268.3 4579.9 48.379
3.2833 -1335.9 4518.1 105.48 -1322.2 4559.6 91.207 -1266.3 4592.2 47.984
3.2917 -1335.7 4532.5 105.25 -1320.3 4573.1 90.907 -1264.1 4604.6 47.602
3.3 -1335.3 4547 104.95 -1318.3 4586.5 90.595 -1261.8 4616.9 47.244
3.3083 -1334.7 4561.5 104.58 -1316.2 4599.9 90.273 -1259.3 4629.2 46.917
3.3167 -1333.9 4576.1 104.15 -1314.1 4613.2 89.944 -1256.8 4641.6 46.63
3.325 -1333 4590.5 103.65 -1312 4626.5 89.613 -1254.1 4654 46.386
3.3333 -1331.9 4604.9 103.1 -1310 4639.6 89.283 -1251.5 4666.4 46.183
3.3417 -1330.6 4619 102.5 -1307.9 4652.7 88.959 -1248.8 4678.8 46.018
3.35 -1329.1 4632.9 101.87 -1305.9 4665.6 88.647 -1246.1 4691.3 45.88
3.3583 -1327.4 4646.5 101.22 -1304 4678.3 88.351 -1243.4 4703.7 45.758
3.3667 -1325.5 4659.9 100.56 -1302.2 4690.9 88.075 -1240.8 4716.2 45.638
3.375 -1323.5 4673 99.897 -1300.6 4703.3 87.822 -1238.2 4728.6 45.505
3.3833 -1321.3 4685.9 99.237 -1299 4715.4 87.592 -1235.7 4741 45.347
3.3917 -1319 4698.6 98.579 -1297.5 4727.4 87.385 -1233.2 4753.2 45.158
3.4 -1316.6 4711.1 97.924 -1296 4739.1 87.19 -1230.8 4765.4 44.932
3.4083 -1314 4723.5 97.266 -1294.7 4750.7 87.007 -1228.5 4777.5 44.672
3.4167 -1311.5 4735.8 96.603 -1293.4 4762 86.822 -1226.3 4789.4 44.383
3.425 -1308.8 4748.1 95.932 -1292.1 4773.1 86.627 -1224.2 4801.2 44.078
3.4333 -1306.1 4760.2 95.249 -1290.8 4784 86.411 -1222.1 4812.8 43.767
3.4417 -1303.4 4772.4 94.552 -1289.5 4794.7 86.167 -1220.1 4824.3 43.467
3.45 -1300.7 4784.4 93.841 -1288.2 4805.2 85.882 -1218.1 4835.7 43.19
3.4583 -1297.9 4796.3 93.111 -1286.8 4815.6 85.558 -1216.3 4847.1 42.947
3.4667 -1295.2 4808.1 92.365 -1285.3 4826 85.192 -1214.5 4858.3 42.747
3.475 -1292.5 4819.8 91.603 -1283.8 4836.2 84.787 -1212.7 4869.5 42.593
3.4833 -1289.8 4831.3 90.828 -1282.3 4846.5 84.347 -1211 4880.8 42.484
3.4917 -1287.1 4842.6 90.045 -1280.7 4856.7 83.881 -1209.3 4892 42.415
3.5 -1284.5 4853.8 89.256 -1279 4866.9 83.398 -1207.7 4903.2 42.379
3.5083 -1281.8 4864.8 88.463 -1277.3 4877.2 82.906 -1206 4914.5 42.367
3.5167 -1279.1 4875.7 87.668 -1275.5 4887.5 82.414 -1204.4 4925.7 42.367
3.525 -1276.3 4886.5 86.871 -1273.7 4898 81.93 -1202.7 4937 42.37
3.5333 -1273.6 4897.2 86.071 -1271.9 4908.4 81.457 -1201 4948.2 42.367
3.5417 -1270.8 4907.9 85.265 -1270.1 4919 80.998 -1199.3 4959.5 42.351
3.55 -1268 4918.5 84.448 -1268.2 4929.5 80.549 -1197.6 4970.7 42.316
3.5583 -1265.2 4929.2 83.615 -1266.3 4940.1 80.108 -1195.8 4981.8 42.261
3.5667 -1262.3 4939.9 82.76 -1264.3 4950.8 79.668 -1194 4992.9 42.18
3.575 -1259.5 4950.6 81.876 -1262.3 4961.4 79.224 -1192.1 5003.9 42.075
3.5833 -1256.6 4961.3 80.96 -1260.2 4972.1 78.768 -1190.2 5014.8 41.946
3.5917 -1253.8 4972.1 80.007 -1258.1 4982.7 78.292 -1188.3 5025.7 41.791
3.6 -1250.9 4982.7 79.018 -1256 4993.3 77.776 -1186.3 5036.5 41.611
3.6083 -1248.1 4993.4 77.996 -1253.8 5003.7 77.17 -1184.3 5047.3 41.408
3.6167 -1245.4 5004 76.962 -1251.5 5014.1 76.522 -1182.2 5058 41.181
3.625 -1242.7 5014.7 75.888 -1249.1 5024.6 75.911 -1180 5068.8 40.936
3.6333 -1240 5025.3 74.835 -1246.5 5035.3 75.337 -1177.9 5079.6 40.674
3.6417 -1237.4 5035.9 73.783 -1243.7 5046.1 74.839 -1175.6 5090.4 40.402
3.65 -1234.9 5046.5 72.76 -1241 5057.1 74.372 -1173.3 5101.3 40.122
3.6583 -1232.4 5057.2 71.798 -1238.2 5068.1 73.904 -1170.8 5112.3 39.841
3.6667 -1229.9 5068 70.898 -1235.3 5079.3 73.509 -1168.4 5123.2 39.559
3.675 -1227.5 5078.8 70.067 -1232.4 5090.5 73.139 -1165.8 5134.3 39.29
3.6833 -1225.1 5089.8 69.316 -1229.3 5101.8 72.833 -1163.1 5145.4 39.035
3.6917 -1222.7 5100.9 68.636 -1226.4 5113.1 72.487 -1160.4 5156.5 38.784
3.7 -1220.2 5112.1 68.034 -1223.2 5124.5 72.204 -1157.6 5167.7 38.547
3.7083 -1217.8 5123.4 67.471 -1220.3 5135.9 71.915 -1154.6 5178.8 38.308
3.7167 -1215.3 5134.9 66.965 -1217.1 5147.3 71.667 -1151.6 5190 38.079
3.725 -1212.7 5146.5 66.482 -1214 5158.8 71.406 -1148.5 5201.2 37.838
3.7333 -1210 5158.1 66.024 -1210.8 5170.3 71.157 -1145.4 5212.3 37.581
3.7417 -1207.1 5169.8 65.575 -1207.7 5181.7 70.83 -1142.1 5223.4 37.303
3.75 -1204 5181.7 65.123 -1204.5 5193.3 70.596 -1138.8 5234.6 37
3.7583 -1200.9 5193.5 64.676 -1201.2 5204.9 70.317 -1135.4 5245.7 36.673
3.7667 -1197.5 5205.4 64.227 -1198 5216.5 69.999 -1131.9 5256.9 36.317
3.775 -1194 5217.5 63.771 -1194.8 5228.2 69.708 -1128.4 5268.2 35.945
3.7833 -1190.4 5229.7 63.305 -1191.5 5239.9 69.404 -1124.7 5279.4 35.557
3.7917 -1186.7 5242.1 62.83 -1188.1 5251.7 69.105 -1121 5290.7 35.16
3.8 -1182.9 5254.7 62.34 -1184.7 5263.4 68.776 -1117.2 5302.1 34.764
3.8083 -1179 5267.6 61.838 -1181.4 5275.1 68.445 -1113.3 5313.5 34.37
3.8167 -1175.1 5280.8 61.329 -1177.9 5286.8 68.127 -1109.3 5324.9 33.981
3.825 -1171.2 5294.3 60.817 -1174.4 5298.6 67.823 -1105.2 5336.3 33.599
3.8333 -1167.3 5308 60.292 -1170.9 5310.2 67.503 -1101.1 5347.7 33.22
3.8417 -1163.3 5321.9 59.779 -1167.3 5321.9 67.165 -1096.8 5359 32.83
3.85 -1159.4 5335.7 59.29 -1163.7 5333.6 66.786 -1092.5 5370.3 32.42
3.8583 -1155.3 5349.7 58.797 -1159.9 5345.2 66.464 -1088.1 5381.4 31.981
3.8667 -1151.2 5363.5 58.35 -1156.3 5356.8 66.062 -1083.6 5392.4 31.499
3.875 -1147.1 5377 57.913 -1152.4 5368.4 65.634 -1079 5403.3 30.968
3.8833 -1143 5390.2 57.491 -1148.5 5380.1 65.16 -1074.3 5414 30.381
3.8917 -1138.9 5402.9 57.077 -1144.4 5391.9 64.669 -1069.6 5424.6 29.739
3.9 -1134.7 5415.2 56.68 -1140.4 5403.5 64.05 -1064.8 5435.1 29.038
3.9083 -1130.7 5427 56.254 -1136.1 5415.3 63.383 -1059.9 5445.4 28.292
3.9167 -1126.7 5438.3 55.8 -1131.8 5427.1 62.641 -1054.8 5455.5 27.514
3.925 -1122.7 5449.2 55.299 -1127.2 5439 61.829 -1049.7 5465.6 26.718
3.9333 -1118.9 5459.6 54.743 -1122.5 5451.1 61.046 -1044.4 5475.6 25.918
3.9417 -1115.1 5469.7 54.159 -1117.1 5463.3 60.274 -1039 5485.5 25.136
3.95 -1111.3 5479.4 53.536 -1111.3 5475.3 59.402 -1033.3 5495.4 24.373
3.9583 -1107.5 5488.9 52.888 -1105.5 5486.9 58.332 -1027.4 5505.3 23.644
3.9667 -1103.6 5498 52.227 -1099.7 5498.2 57.144 -1021.3 5515 22.953
3.975 -1099.5 5507 51.565 -1093.6 5509.2 55.886 -1014.9 5524.8 22.3
3.9833 -1095.2 5515.6 50.911 -1087.5 5519.9 54.576 -1008.2 5534.5 21.68
3.9917 -1090.7 5523.9 50.271 -1081.2 5530.3 53.227 -1001.1 5544.1 21.085
4 -1085.9 5531.9 49.648 -1074.9 5540.5 51.854 -993.82 5553.6 20.504
4.0083 -1080.9 5539.6 49.041 -1068.6 5550.2 50.469 -986.21 5562.9 19.928
4.0167 -1075.6 5547 48.444 -1062.2 5559.7 49.086 -978.34 5572.2 19.348
4.025 -1070.2 5554.1 47.854 -1055.7 5568.9 47.713 -970.23 5581.2 18.755
4.0333 -1064.7 5561 47.264 -1049.3 5577.8 46.359 -961.91 5590 18.15
4.0417 -1059.1 5567.6 46.667 -1042.8 5586.4 45.029 -953.44 5598.6 17.529
4.05 -1053.5 5574.1 46.057 -1036.2 5594.8 43.725 -944.86 5607 16.9
4.0583 -1047.8 5580.5 45.428 -1029.5 5603 42.451 -936.19 5615.2 16.264
4.0667 -1042.1 5586.8 44.778 -1022.7 5610.9 41.206 -927.49 5623 15.633
4.075 -1036.5 5593 44.106 -1015.7 5618.7 39.989 -918.77 5630.6 15.011
4.0833 -1030.8 5599.2 43.416 -1008.7 5626.3 38.798 -910.05 5638 14.405
4.0917 -1025.3 5605.5 42.712 -1001.5 5633.8 37.632 -901.36 5645.1 13.819
4.1 -1019.7 5612 41.998 -994.13 5641.1 36.488 -892.7 5651.9 13.256
4.1083 -1014.3 5618.5 41.28 -986.65 5648.3 35.369 -884.07 5658.5 12.712
4.1167 -1008.8 5625.1 40.56 -979.05 5655.3 34.281 -875.45 5664.9 12.184
4.125 -1003.4 5631.8 39.845 -971.33 5662.2 33.199 -866.86 5671 11.667
4.1333 -997.93 5638.5 39.135 -963.5 5669.1 32.152 -858.26 5676.9 11.154
4.1417 -992.44 5645.1 38.435 -955.58 5675.8 31.132 -849.66 5682.6 10.64
4.15 -986.9 5651.7 37.748 -947.58 5682.5 30.142 -841.05 5688.2 10.116
4.1583 -981.29 5658.2 37.075 -939.49 5689 29.186 -832.41 5693.5 9.5816
4.1667 -975.59 5664.6 36.419 -931.33 5695.6 28.263 -823.75 5698.7 9.0328
4.175 -969.81 5670.8 35.78 -923.09 5702 27.379 -815.05 5703.8 8.4723
4.1833 -963.94 5676.9 35.16 -914.77 5708.4 26.532 -806.32 5708.7 7.9025
4.1917 -957.97 5682.8 34.561 -906.37 5714.7 25.724 -797.55 5713.5 7.3291
4.2 -951.9 5688.6 33.987 -897.89 5720.9 24.955 -788.74 5718.1 6.7578
4.2083 -945.71 5694.3 33.441 -889.32 5727 24.227 -779.88 5722.7 6.1946
4.2167 -939.38 5699.9 32.929 -880.66 5733 23.537 -770.99 5727.1 5.6442
4.225 -932.88 5705.4 32.455 -871.89 5739 22.884 -762.05 5731.4 5.1107
4.2333 -926.18 5710.8 32.026 -863.03 5744.8 22.265 -753.08 5735.7 4.5948
4.2417 -919.25 5716.2 31.648 -854.05 5750.5 21.678 -744.06 5739.8 4.0965
4.25 -912.07 5721.6 31.328 -844.96 5756.1 21.121 -734.99 5743.9 3.6118
4.2583 -904.61 5726.8 31.069 -835.75 5761.5 20.589 -725.89 5747.8 3.139
4.2667 -896.86 5732 30.871 -826.43 5766.8 20.081 -716.74 5751.7 2.6727
4.275 -888.83 5737.2 30.734 -816.97 5772 19.593 -707.55 5755.5 2.21
4.2833 -880.53 5742.3 30.649 -807.39 5777 19.122 -698.31 5759.2 1.7487
4.2917 -871.97 5747.4 30.609 -797.68 5781.9 18.667 -689.02 5762.8 1.2888
4.3 -863.16 5752.4 30.6 -787.85 5786.6 18.226 -679.67 5766.4 0.83382
4.3083 -854.12 5757.4 30.61 -777.88 5791.2 17.798 -670.26 5769.9 0.38812
4.3167 -844.84 5762.4 30.626 -767.77 5795.6 17.383 -660.76 5773.4 359.96
4.325 -835.3 5767.3 30.635 -757.53 5799.8 16.98 -651.15 5776.8 359.55
4.3333 -825.5 5772.2 30.625 -747.16 5803.8 16.594 -641.43 5780.2 359.18
4.3417 -815.4 5777 30.592 -736.63 5807.7 16.216 -631.58 5783.5 358.86
4.35 -804.99 5781.8 30.521 -725.95 5811.4 15.859 -621.57 5786.8 358.57
4.3583 -794.26 5786.5 30.412 -715.11 5814.9 15.514 -611.39 5789.9 358.34
4.3667 -783.21 5791.1 30.263 -704.11 5818.2 15.182 -601.05 5793.1 358.16
4.375 -771.85 5795.7 30.067 -692.93 5821.4 14.869 -590.53 5796.1 358.03
4.3833 -760.2 5800.1 29.829 -681.58 5824.5 14.569 -579.86 5799 357.93
4.3917 -748.3 5804.5 29.548 -670.07 5827.4 14.283 -569.04 5801.8 357.87
4.4 -736.19 5808.8 29.222 -658.4 5830.2 14.008 -558.11 5804.4 357.82
4.4083 -723.92 5812.9 28.855 -646.6 5832.9 13.742 -547.1 5807 357.77
4.4167 -711.56 5817 28.448 -634.7 5835.5 13.485 -536.03 5809.4 357.73
4.425 -699.16 5820.9 28.006 -622.73 5838 13.235 -524.97 5811.6 357.66
4.4333 -686.76 5824.6 27.527 -610.74 5840.4 12.994 -513.93 5813.7 357.58
4.4417 -674.42 5828.1 27.018 -598.78 5842.8 12.762 -502.97 5815.8 357.47
4.45 -662.19 5831.5 26.487 -586.88 5845.2 12.544 -492.11 5817.7 357.34
4.4583 -650.09 5834.7 25.937 -575.11 5847.5 12.342 -481.38 5819.6 357.18
4.4667 -638.16 5837.7 25.38 -563.5 5849.8 12.162 -470.8 5821.4 357
4.475 -626.44 5840.5 24.819 -552.09 5852.1 12.01 -460.39 5823.1 356.81
4.4833 -614.95 5843.1 24.26 -540.91 5854.3 11.889 -450.13 5824.9 356.6
4.4917 -603.68 5845.7 23.705 -529.96 5856.6 11.803 -440.04 5826.6 356.39
4.5 -592.64 5848.1 23.149 -519.24 5858.9 11.754 -430.1 5828.4 356.17
4.5083 -581.78 5850.5 22.588 -508.76 5861.1 11.74 -420.3 5830.1 355.95
4.5167 -571.09 5852.9 22.018 -498.49 5863.3 11.759 -410.63 5831.9 355.73
4.525 -560.52 5855.2 21.433 -488.41 5865.6 11.805 -401.06 5833.7 355.51
4.5333 -550.04 5857.4 20.832 -478.48 5867.8 11.87 -391.59 5835.6 355.29
4.5417 -539.65 5859.7 20.216 -468.68 5870.1 11.948 -382.2 5837.4 355.08
4.55 -529.32 5861.9 19.584 -458.98 5872.3 12.028 -372.88 5839.4 354.87
4.5583 -519.04 5864.1 18.94 -449.35 5874.5 12.104 -363.62 5841.3 354.67
4.5667 -508.82 5866.3 18.286 -439.78 5876.7 12.167 -354.41 5843.3 354.49
4.575 -498.66 5868.5 17.631 -430.25 5878.9 12.213 -345.25 5845.4 354.34
4.5833 -488.56 5870.6 16.98 -420.76 5881.1 12.239 -336.12 5847.5 354.21
4.5917 -478.54 5872.7 16.342 -411.31 5883.2 12.243 -327.03 5849.6 354.13
4.6 -468.59 5874.8 15.724 -401.88 5885.3 12.226 -317.96 5851.8 354.09
4.6083 -458.72 5876.8 15.136 -392.48 5887.3 12.191 -308.92 5854 354.1
4.6167 -448.92 5878.8 14.579 -383.12 5889.3 12.142 -299.9 5856.3 354.14
4.625 -439.19 5880.8 14.059 -373.78 5891.3 12.084 -290.89 5858.5 354.23
4.6333 -429.51 5882.7 13.576 -364.46 5893.3 12.02 -281.9 5860.8 354.34
4.6417 -419.87 5884.5 13.124 -355.16 5895.1 11.955 -272.91 5863 354.47
4.65 -410.26 5886.3 12.7 -345.86 5897 11.892 -263.94 5865.2 354.6
4.6583 -400.66 5888 12.299 -336.55 5898.9 11.83 -254.98 5867.3 354.72
4.6667 -391.05 5889.8 11.901 -327.21 5900.7 11.77 -246.04 5869.4 354.81
4.675 -381.42 5891.5 11.496 -317.84 5902.5 11.709 -237.11 5871.5 354.86
4.6833 -371.76 5893.3 11.08 -308.43 5904.2 11.646 -228.2 5873.5 354.86
4.6917 -362.07 5895.1 10.64 -298.97 5906 11.576 -219.31 5875.5 354.82
4.7 -352.37 5896.9 10.176 -289.46 5907.8 11.498 -210.44 5877.4 354.74
4.7083 -342.65 5898.7 9.6739 -279.91 5909.6 11.408 -201.58 5879.3 354.61
4.7167 -332.92 5900.6 9.1465 -270.3 5911.3 11.306 -192.74 5881.3 354.47
4.725 -323.2 5902.4 8.5976 -260.66 5913.1 11.191 -183.91 5883.2 354.31
4.7333 -313.49 5904.3 8.0297 -250.98 5914.8 11.066 -175.07 5885.1 354.15
4.7417 -303.8 5906.2 7.4612 -241.27 5916.6 10.931 -166.24 5887.1 354
4.75 -294.13 5908 6.8973 -231.53 5918.3 10.791 -157.39 5889.1 353.88
4.7583 -284.47 5909.8 6.3455 -221.77 5920 10.649 -148.51 5891.2 353.78
4.7667 -274.81 5911.5 5.8205 -211.99 5921.8 10.506 -139.62 5893.2 353.72
4.775 -265.12 5913.2 5.3232 -202.17 5923.5 10.366 -130.68 5895.3 353.68
