0.0083333 2.9703 0.63557 101.89 -27.783 85.795 93.501 -10.741 116.39 81.891
0.016667 3.7715 9.1676 101.97 -26.533 94.919 93.494 -8.8019 124.78 81.615
0.025 4.5559 17.941 102.02 -25.21 104.17 93.474 -6.824 133.18 81.335
0.033333 5.3078 26.952 102.05 -23.82 113.54 93.436 -4.8116 141.6 81.051
0.041667 6.0157 36.209 102.05 -22.363 123.04 93.377 -2.7684 150.05 80.765
0.05 6.6757 45.712 102.03 -20.845 132.67 93.292 -0.69741 158.53 80.481
0.058333 7.2896 55.462 102 -19.273 142.41 93.178 1.4002 167.08 80.199
0.066667 7.8656 65.455 101.94 -17.656 152.27 93.033 3.5237 175.71 79.922
0.075 8.4154 75.684 101.88 -16.005 162.23 92.857 5.6726 184.44 79.651
0.083333 8.953 86.13 101.81 -14.332 172.27 92.654 7.8464 193.29 79.384
0.091667 9.4917 96.774 101.73 -12.648 182.37 92.43 10.043 202.26 79.122
0.1 10.059 107.58 101.64 -10.971 192.49 92.186 12.257 211.36 78.863
0.10833 10.661 118.51 101.54 -9.31 202.61 91.94 14.484 220.58 78.606
0.11667 11.318 129.53 101.44 -7.6785 212.69 91.7 16.713 229.91 78.347
0.125 12.042 140.58 101.34 -6.0881 222.69 91.48 18.932 239.32 78.086
0.13333 12.841 151.64 101.23 -4.5491 232.59 91.291 21.124 248.78 77.821
0.14167 13.716 162.65 101.12 -3.0699 242.35 91.145 23.274 258.26 77.551
0.15 14.661 173.57 101.02 -1.6579 251.95 91.05 25.361 267.72 77.276
0.15833 15.663 184.38 100.91 -0.31902 261.39 91.009 27.368 277.14 76.998
0.16667 16.698 195.06 100.8 0.94273 270.66 91.025 29.278 286.48 76.719
0.175 17.738 205.59 100.68 2.1256 279.76 91.095 31.074 295.73 76.441
0.18333 18.754 215.97 100.55 3.2289 288.71 91.214 32.744 304.88 76.169
0.19167 19.725 226.2 100.41 4.2545 297.52 91.373 34.282 313.94 75.905
0.2 20.641 236.3 100.24 5.2055 306.21 91.563 35.68 322.91 75.654
0.20833 21.504 246.29 100.06 6.0868 314.8 91.773 36.94 331.81 75.418
0.21667 22.32 256.18 99.851 6.9038 323.31 91.994 38.063 340.68 75.202
0.225 23.104 266 99.62 7.6629 331.75 92.216 39.056 349.53 75.008
0.23333 23.867 275.77 99.366 8.3705 340.14 92.434 39.923 358.39 74.838
0.24167 24.618 285.47 99.09 9.0327 348.48 92.642 40.673 367.3 74.692
0.25 25.365 295.12 98.792 9.6539 356.79 92.838 41.316 376.28 74.572
0.25833 26.102 304.7 98.478 10.244 365.06 93.024 41.857 385.33 74.476
0.26667 26.83 314.21 98.148 10.801 373.31 93.199 42.305 394.46 74.404
0.275 27.537 323.63 97.806 11.33 381.52 93.365 42.665 403.69 74.352
0.28333 28.208 332.96 97.455 11.834 389.72 93.526 42.943 412.98 74.318
0.29167 28.822 342.18 97.098 12.31 397.89 93.683 43.145 422.35 74.298
0.3 29.36 351.29 96.74 12.76 406.05 93.837 43.274 431.76 74.29
0.30833 29.805 360.3 96.383 13.18 414.2 93.988 43.337 441.2 74.29
0.31667 30.146 369.23 96.033 13.568 422.37 94.133 43.338 450.65 74.293
0.325 30.375 378.08 95.692 13.919 430.55 94.27 43.282 460.1 74.299
0.33333 30.498 386.87 95.366 14.233 438.75 94.394 43.176 469.54 74.305
0.34167 30.526 395.63 95.055 14.505 447.01 94.502 43.026 478.94 74.308
0.35 30.481 404.36 94.763 14.734 455.31 94.587 42.838 488.31 74.308
0.35833 30.385 413.09 94.491 14.919 463.69 94.648 42.618 497.64 74.303
0.36667 30.266 421.81 94.236 15.062 472.14 94.68 42.371 506.94 74.294
0.375 30.148 430.54 93.999 15.164 480.67 94.683 42.105 516.2 74.28
0.38333 30.051 439.27 93.775 15.229 489.29 94.657 41.822 525.44 74.261
0.39167 29.987 448 93.561 15.261 498.01 94.604 41.529 534.64 74.237
0.4 29.96 456.73 93.354 15.266 506.81 94.527 41.231 543.83 74.206
0.40833 29.964 465.45 93.15 15.249 515.7 94.431 40.933 553 74.168
0.41667 29.986 474.17 92.945 15.214 524.68 94.319 40.64 562.16 74.12
0.425 30.009 482.9 92.739 15.165 533.74 94.196 40.357 571.32 74.061
0.43333 30.008 491.63 92.531 15.104 542.87 94.067 40.089 580.47 73.989
0.44167 29.968 500.39 92.323 15.032 552.08 93.935 39.841 589.63 73.9
0.45 29.859 509.19 92.12 14.95 561.35 93.803 39.616 598.8 73.794
0.45833 29.675 518.04 91.919 14.858 570.69 93.672 39.417 607.98 73.669
0.46667 29.399 526.96 91.732 14.753 580.09 93.542 39.244 617.18 73.525
0.475 29.032 535.96 91.559 14.635 589.56 93.413 39.096 626.4 73.361
0.48333 28.582 545.06 91.402 14.502 599.08 93.284 38.969 635.66 73.182
0.49167 28.059 554.28 91.263 14.354 608.68 93.153 38.858 644.95 72.988
0.5 27.486 563.62 91.136 14.19 618.36 93.02 38.755 654.29 72.785
0.50833 26.891 573.1 91.017 14.009 628.11 92.882 38.654 663.66 72.577
0.51667 26.297 582.73 90.898 13.814 637.95 92.739 38.545 673.09 72.369
0.525 25.728 592.52 90.771 13.602 647.88 92.588 38.425 682.57 72.165
0.53333 25.196 602.48 90.626 13.374 657.9 92.43 38.287 692.11 71.967
0.54167 24.703 612.6 90.457 13.128 668.01 92.265 38.13 701.72 71.777
0.55 24.235 622.87 90.259 12.864 678.21 92.091 37.955 711.4 71.596
0.55833 23.779 633.3 90.028 12.576 688.5 91.909 37.766 721.16 71.421
0.56667 23.313 643.88 89.762 12.261 698.88 91.72 37.569 731.01 71.249
0.575 22.815 654.62 89.463 11.915 709.32 91.522 37.371 740.97 71.075
0.58333 22.269 665.52 89.133 11.533 719.84 91.318 37.182 751.04 70.893
0.59167 21.66 676.6 88.78 11.112 730.41 91.109 37.009 761.24 70.7
0.6 20.983 687.85 88.411 10.651 741.04 90.895 36.858 771.56 70.49
0.60833 20.238 699.28 88.04 10.151 751.72 90.68 36.735 782.02 70.261
0.61667 19.434 710.88 87.676 9.6167 762.45 90.461 36.64 792.61 70.011
0.625 18.592 722.66 87.332 9.0575 773.24 90.242 36.574 803.32 69.741
0.63333 17.734 734.59 87.02 8.4859 784.07 90.022 36.534 814.15 69.456
0.64167 16.887 746.65 86.744 7.9186 794.96 89.8 36.516 825.09 69.157
0.65 16.075 758.79 86.51 7.3744 805.9 89.573 36.517 836.1 68.853
0.65833 15.313 770.98 86.314 6.8744 816.9 89.339 36.534 847.17 68.547
0.66667 14.611 783.15 86.152 6.4406 827.95 89.094 36.57 858.27 68.247
0.675 13.972 795.26 86.013 6.0939 839.06 88.832 36.627 869.37 67.956
0.68333 13.393 807.26 85.882 5.8538 850.21 88.548 36.715 880.46 67.677
0.69167 12.871 819.1 85.745 5.7361 861.4 88.235 36.849 891.52 67.41
0.7 12.398 830.76 85.585 5.7527 872.61 87.888 37.045 902.53 67.156
0.70833 11.968 842.23 85.387 5.9107 883.82 87.499 37.326 913.49 66.909
0.71667 11.578 853.5 85.141 6.2124 895.01 87.065 37.715 924.39 66.667
0.725 11.221 864.6 84.84 6.6554 906.14 86.579 38.237 935.23 66.424
0.73333 10.897 875.55 84.487 7.2342 917.21 86.042 38.915 946.02 66.175
0.74167 10.608 886.39 84.089 7.9404 928.17 85.451 39.771 956.77 65.915
0.75 10.367 897.14 83.659 8.7643 939.01 84.808 40.82 967.5 65.642
0.75833 10.202 907.83 83.211 9.6963 949.73 84.117 42.076 978.21 65.353
0.76667 10.147 918.47 82.76 10.728 960.3 83.381 43.545 988.91 65.048
0.775 10.241 929.06 82.32 11.852 970.73 82.609 45.227 999.61 64.728
0.78333 10.525 939.58 81.902 13.065 981.02 81.805 47.118 1010.3 64.395
0.79167 11.029 950.01 81.512 14.366 991.19 80.977 49.21 1021 64.054
0.8 11.774 960.33 81.154 15.755 1001.2 80.131 51.489 1031.7 63.706
0.80833 12.758 970.52 80.824 17.236 1011.2 79.274 53.94 1042.4 63.355
0.81667 13.967 980.57 80.515 18.815 1021.1 78.41 56.548 1053 63.003
0.825 15.378 990.48 80.218 20.495 1031 77.545 59.297 1063.6 62.653
0.83333 16.97 1000.2 79.92 22.283 1040.8 76.682 62.17 1074.1 62.303
0.84167 18.725 1009.8 79.612 24.182 1050.6 75.825 65.154 1084.6 61.954
0.85 20.629 1019.3 79.284 26.196 1060.5 74.976 68.237 1095 61.605
0.85833 22.657 1028.7 78.933 28.325 1070.3 74.139 71.408 1105.3 61.255
0.86667 24.785 1038 78.558 30.568 1080.2 73.316 74.659 1115.5 60.903
0.875 26.984 1047.3 78.162 32.924 1090.1 72.509 77.984 1125.6 60.549
0.88333 29.233 1056.5 77.752 35.389 1100 71.722 81.376 1135.7 60.194
0.89167 31.508 1065.7 77.335 37.961 1109.9 70.957 84.831 1145.7 59.839
0.9 33.797 1074.9 76.919 40.638 1119.9 70.219 88.344 1155.7 59.486
0.90833 36.095 1084.1 76.511 43.417 1129.9 69.509 91.914 1165.6 59.139
0.91667 38.396 1093.2 76.116 46.299 1139.9 68.83 95.535 1175.4 58.802
0.925 40.706 1102.3 75.737 49.287 1149.9 68.184 99.205 1185.2 58.476
0.93333 43.033 1111.3 75.374 52.383 1160 67.572 102.92 1195 58.164
0.94167 45.39 1120.3 75.026 55.591 1170.1 66.997 106.68 1204.8 57.868
0.95 47.793 1129.3 74.691 58.915 1180.2 66.455 110.48 1214.6 57.589
0.95833 50.261 1138.2 74.366 62.361 1190.4 65.951 114.33 1224.3 57.325
0.96667 52.815 1147.1 74.048 65.93 1200.6 65.48 118.22 1234 57.075
0.975 55.48 1156.1 73.735 69.623 1210.9 65.044 122.15 1243.7 56.836
0.98333 58.282 1165 73.427 73.44 1221.1 64.641 126.13 1253.4 56.607
0.99167 61.246 1174 73.126 77.378 1231.4 64.27 130.17 1263.1 56.384
1 64.4 1183.1 72.837 81.436 1241.8 63.932 134.27 1272.8 56.166
1.0083 67.766 1192.2 72.562 85.608 1252.1 63.625 138.43 1282.5 55.951
1.0167 71.365 1201.4 72.31 89.893 1262.4 63.348 142.67 1292.2 55.739
1.025 75.212 1210.7 72.087 94.287 1272.8 63.1 146.99 1302 55.53
1.0333 79.313 1220.1 71.901 98.79 1283.1 62.881 151.39 1311.7 55.327
1.0417 83.662 1229.6 71.758 103.4 1293.5 62.69 155.88 1321.4 55.13
1.05 88.233 1239.2 71.662 108.13 1303.9 62.525 160.46 1331.1 54.942
1.0583 92.984 1248.9 71.616 112.97 1314.3 62.381 165.13 1340.8 54.766
1.0667 97.865 1258.7 71.615 117.94 1324.7 62.258 169.91 1350.5 54.602
1.075 102.83 1268.5 71.653 123.04 1335 62.154 174.78 1360.1 54.451
1.0833 107.83 1278.5 71.721 128.28 1345.5 62.062 179.75 1369.7 54.316
1.0917 112.86 1288.5 71.81 133.66 1355.9 61.98 184.83 1379.3 54.194
1.1 117.91 1298.7 71.905 139.2 1366.3 61.904 190 1388.9 54.087
1.1083 123 1308.9 71.999 144.89 1376.7 61.832 195.29 1398.4 53.993
1.1167 128.17 1319.3 72.083 150.74 1387.1 61.76 200.69 1407.9 53.914
1.125 133.45 1329.8 72.152 156.74 1397.4 61.687 206.22 1417.4 53.85
1.1333 138.89 1340.4 72.207 162.9 1407.8 61.61 211.87 1426.9 53.804
1.1417 144.53 1351.3 72.246 169.22 1418 61.529 217.66 1436.5 53.775
1.15 150.4 1362.4 72.274 175.68 1428.2 61.446 223.6 1446 53.769
1.1583 156.53 1373.7 72.291 182.27 1438.4 61.359 229.67 1455.6 53.786
1.1667 162.93 1385.2 72.297 188.99 1448.5 61.272 235.89 1465.3 53.83
1.175 169.57 1396.8 72.288 195.83 1458.5 61.184 242.25 1475 53.9
1.1833 176.44 1408.6 72.256 202.75 1468.5 61.099 248.75 1484.7 53.996
1.1917 183.5 1420.5 72.194 209.75 1478.5 61.017 255.36 1494.5 54.115
1.2 190.7 1432.3 72.094 216.8 1488.5 60.941 262.08 1504.4 54.25
1.2083 198.01 1444.1 71.95 223.87 1498.5 60.872 268.89 1514.2 54.395
1.2167 205.38 1455.7 71.758 230.94 1508.5 60.812 275.77 1524 54.541
1.225 212.77 1467.1 71.522 237.97 1518.5 60.762 282.68 1533.8 54.676
1.2333 220.14 1478.3 71.246 244.94 1528.5 60.723 289.62 1543.6 54.791
1.2417 227.48 1489.1 70.937 251.8 1538.6 60.699 296.55 1553.3 54.877
1.25 234.74 1499.6 70.604 258.55 1548.7 60.689 303.47 1563 54.927
1.2583 241.91 1509.8 70.255 265.14 1558.8 60.696 310.35 1572.6 54.937
1.2667 248.96 1519.8 69.895 271.57 1568.8 60.721 317.17 1582.2 54.904
1.275 255.88 1529.6 69.531 277.82 1578.7 60.763 323.93 1591.7 54.833
1.2833 262.67 1539.2 69.163 283.89 1588.6 60.823 330.61 1601.3 54.73
1.2917 269.35 1548.6 68.796 289.78 1598.3 60.9 337.21 1610.9 54.603
1.3 275.92 1558.1 68.436 295.5 1607.9 60.992 343.72 1620.5 54.464
1.3083 282.4 1567.5 68.084 301.07 1617.3 61.097 350.12 1630.2 54.324
1.3167 288.8 1576.8 67.744 306.5 1626.6 61.212 356.42 1639.9 54.196
1.325 295.12 1586.2 67.415 311.82 1635.7 61.334 362.6 1649.8 54.09
1.3333 301.36 1595.6 67.094 317.06 1644.7 61.46 368.67 1659.7 54.013
1.3417 307.52 1605 66.776 322.23 1653.5 61.588 374.61 1669.8 53.973
1.35 313.6 1614.4 66.456 327.36 1662.2 61.716 380.43 1679.9 53.972
1.3583 319.61 1623.8 66.127 332.46 1670.8 61.842 386.12 1690.1 54.01
1.3667 325.55 1633.1 65.783 337.55 1679.4 61.967 391.68 1700.4 54.084
1.375 331.45 1642.4 65.42 342.63 1687.9 62.091 397.12 1710.7 54.191
1.3833 337.29 1651.7 65.037 347.7 1696.4 62.214 402.44 1721.1 54.324
1.3917 343.11 1660.9 64.634 352.78 1704.9 62.337 407.65 1731.4 54.477
1.4 348.9 1670.1 64.213 357.85 1713.5 62.459 412.76 1741.7 54.645
1.4083 354.68 1679.3 63.779 362.91 1722 62.58 417.79 1752.1 54.822
1.4167 360.45 1688.4 63.337 367.97 1730.5 62.699 422.75 1762.3 55.002
1.425 366.2 1697.4 62.891 373.01 1739.1 62.812 427.65 1772.5 55.184
1.4333 371.94 1706.5 62.447 378.04 1747.7 62.916 432.51 1782.7 55.365
1.4417 377.66 1715.5 62.008 383.06 1756.3 63.008 437.33 1792.8 55.544
1.45 383.36 1724.5 61.572 388.08 1764.9 63.083 442.12 1802.9 55.723
1.4583 389.02 1733.4 61.141 393.09 1773.6 63.136 446.9 1812.8 55.901
1.4667 394.66 1742.3 60.711 398.12 1782.3 63.165 451.65 1822.7 56.08
1.475 400.27 1751.2 60.279 403.16 1791.1 63.167 456.39 1832.6 56.261
1.4833 405.84 1760.1 59.843 408.23 1799.9 63.142 461.12 1842.3 56.446
1.4917 411.39 1769 59.4 413.33 1808.7 63.091 465.84 1852 56.634
1.5 416.92 1777.8 58.952 418.47 1817.7 63.016 470.55 1861.7 56.825
1.5083 422.41 1786.7 58.501 423.65 1826.7 62.921 475.26 1871.3 57.019
1.5167 427.89 1795.6 58.055 428.86 1835.8 62.81 479.98 1880.9 57.213
1.525 433.33 1804.5 57.621 434.1 1844.9 62.687 484.69 1890.5 57.406
1.5333 438.76 1813.5 57.209 439.38 1854.1 62.556 489.43 1900.1 57.595
1.5417 444.16 1822.6 56.828 444.68 1863.4 62.419 494.18 1909.6 57.778
1.55 449.53 1831.7 56.486 449.99 1872.7 62.275 498.96 1919.2 57.953
1.5583 454.89 1840.9 56.188 455.29 1882 62.118 503.78 1928.7 58.117
1.5667 460.21 1850.3 55.931 460.56 1891.2 61.93 508.63 1938.3 58.268
1.575 465.52 1859.7 55.713 465.84 1900.5 61.739 513.52 1947.9 58.406
1.5833 470.84 1869.2 55.521 471.12 1909.8 61.548 518.45 1957.5 58.528
1.5917 476.19 1878.9 55.343 476.41 1919.1 61.365 523.41 1967.1 58.636
1.6 481.58 1888.6 55.175 481.75 1928.5 61.192 528.41 1976.8 58.732
1.6083 487.07 1898.5 54.995 487.03 1938 61.018 533.43 1986.4 58.815
1.6167 492.6 1908.4 54.816 492.34 1947.6 60.854 538.48 1996 58.884
1.625 498.2 1918.3 54.631 497.7 1957.2 60.705 543.54 2005.7 58.949
1.6333 503.87 1928.3 54.44 502.97 1966.9 60.548 548.61 2015.3 59.005
1.6417 509.59 1938.3 54.255 508.29 1976.7 60.421 553.71 2025 59.057
1.65 515.36 1948.3 54.063 513.6 1986.6 60.319 558.81 2034.7 59.108
1.6583 521.21 1958.5 53.875 518.87 1996.5 60.237 563.92 2044.5 59.157
1.6667 527.07 1968.7 53.692 524.14 2006.6 60.184 569.05 2054.4 59.207
1.675 533.11 1979.2 53.499 529.42 2016.7 60.178 574.2 2064.3 59.258
1.6833 539.21 1989.9 53.315 534.56 2026.9 60.184 579.37 2074.3 59.304
1.6917 545.31 2000.7 53.147 539.73 2037.1 60.239 584.55 2084.4 59.35
1.7 551.67 2011.9 52.975 544.81 2047.4 60.312 589.76 2094.6 59.391
1.7083 558.04 2023.2 52.825 549.87 2057.7 60.404 594.97 2104.9 59.426
1.7167 564.49 2034.7 52.695 554.91 2068 60.512 600.19 2115.2 59.459
1.725 571.01 2046.3 52.592 559.89 2078.2 60.593 605.42 2125.6 59.481
1.7333 577.56 2058.1 52.519 564.83 2088.4 60.664 610.64 2136 59.497
1.7417 584.13 2069.8 52.483 569.77 2098.6 60.709 615.84 2146.4 59.508
1.75 590.67 2081.5 52.482 574.71 2108.8 60.722 621.03 2156.8 59.516
1.7583 597.14 2093.2 52.511 579.68 2118.9 60.7 626.18 2167.1 59.526
1.7667 603.55 2104.6 52.566 584.69 2129 60.64 631.3 2177.4 59.542
1.775 609.85 2115.9 52.632 589.77 2139 60.543 636.38 2187.6 59.571
1.7833 616.06 2127 52.698 594.93 2149.1 60.411 641.44 2197.8 59.617
1.7917 622.16 2137.8 52.75 600.18 2159 60.246 646.46 2207.9 59.685
1.8 628.17 2148.5 52.776 605.51 2169 60.05 651.47 2217.9 59.779
1.8083 634.08 2158.9 52.769 610.93 2178.8 59.828 656.48 2227.8 59.9
1.8167 639.9 2169.2 52.724 616.42 2188.6 59.583 661.49 2237.6 60.05
1.825 645.63 2179.3 52.645 621.95 2198.2 59.317 666.53 2247.4 60.225
1.8333 651.27 2189.3 52.54 627.53 2207.7 59.031 671.6 2257.1 60.424
1.8417 656.82 2199.2 52.42 633.11 2217.1 58.727 676.73 2266.8 60.64
1.85 662.28 2209 52.301 638.68 2226.3 58.407 681.93 2276.4 60.868
1.8583 667.65 2218.8 52.198 644.23 2235.3 58.07 687.2 2285.9 61.102
1.8667 672.95 2228.5 52.126 649.73 2244.1 57.721 692.55 2295.4 61.335
1.875 678.19 2238.2 52.094 655.19 2252.7 57.352 697.99 2304.8 61.561
1.8833 683.38 2247.8 52.117 660.6 2261.2 56.975 703.52 2314.1 61.777
1.8917 688.57 2257.4 52.201 665.97 2269.5 56.595 709.14 2323.5 61.98
1.9 693.76 2266.8 52.349 671.29 2277.7 56.206 714.84 2332.7 62.166
1.9083 698.98 2276.2 52.559 676.58 2285.8 55.82 720.61 2341.9 62.338
1.9167 704.26 2285.4 52.826 681.85 2293.8 55.436 726.45 2351.1 62.495
1.925 709.61 2294.4 53.143 687.12 2301.7 55.069 732.35 2360.2 62.639
1.9333 715.02 2303.3 53.496 692.61 2309.6 54.711 736.83 2369.2 63.846
1.9417 720.51 2312 53.873 697.91 2317.4 54.383 742.75 2378.2 63.998
1.95 726.06 2320.6 54.262 703.22 2325.2 54.081 748.69 2387.2 64.141
1.9583 731.65 2329.1 54.651 708.57 2333 53.808 754.65 2396.2 64.276
1.9667 737.26 2337.4 55.032 713.95 2340.8 53.568 760.61 2405.1 64.405
1.975 742.88 2345.7 55.398 719.37 2348.6 53.361 766.57 2414 64.526
1.9833 748.48 2353.9 55.747 724.82 2356.3 53.19 772.52 2422.8 64.641
1.9917 754.05 2362.1 56.077 730.32 2364.1 53.054 778.46 2431.6 64.748
2 759.58 2370.3 56.391 735.87 2371.9 52.953 784.38 2440.3 64.85
2.0083 765.06 2378.4 56.69 741.46 2379.7 52.886 790.3 2449 64.947
2.0167 770.5 2386.5 56.98 747.1 2387.5 52.85 796.2 2457.6 65.041
2.025 775.9 2394.6 57.266 752.79 2395.4 52.844 802.1 2466.1 65.134
2.0333 781.29 2402.6 57.55 758.52 2403.2 52.865 807.99 2474.6 65.231
2.0417 786.7 2410.7 57.839 764.31 2411.1 52.909 813.87 2483.1 65.336
2.05 792.15 2418.7 58.131 770.15 2419.1 52.973 819.76 2491.6 65.453
2.0583 797.67 2426.7 58.428 776.03 2427.1 53.052 825.64 2500 65.587
2.0667 803.3 2434.6 58.726 781.96 2435.1 53.142 831.51 2508.5 65.743
2.075 809.05 2442.5 59.022 787.92 2443.1 53.241 837.38 2517 65.925
2.0833 814.95 2450.4 59.307 793.93 2451.2 53.346 843.24 2525.5 66.137
2.0917 821.02 2458.2 59.577 799.98 2459.3 53.456 849.08 2534 66.379
2.1 827.27 2466.1 59.825 806.06 2467.4 53.57 854.9 2542.6 66.653
2.1083 833.71 2473.9 60.048 812.18 2475.5 53.691 860.7 2551.2 66.957
2.1167 840.34 2481.7 60.245 818.35 2483.6 53.821 866.46 2559.7 67.289
2.125 847.18 2489.6 60.418 824.56 2491.7 53.964 872.18 2568.3 67.646
2.1333 854.21 2497.4 60.574 830.82 2499.8 54.126 877.87 2576.8 68.026
2.1417 861.41 2505.3 60.723 837.13 2507.8 54.309 883.52 2585.3 68.424
2.15 868.74 2513.3 60.877 843.5 2515.9 54.519 889.13 2593.7 68.84
2.1583 876.17 2521.4 61.047 849.94 2523.9 54.758 894.71 2602.1 69.271
2.1667 883.65 2529.6 61.241 856.43 2531.8 55.028 900.26 2610.5 69.717
2.175 891.15 2537.9 61.46 862.99 2539.8 55.327 905.78 2618.8 70.178
2.1833 898.66 2546.3 61.702 869.6 2547.7 55.65 911.27 2627.2 70.657
2.1917 906.16 2554.7 61.961 876.27 2555.7 56.002 916.74 2635.5 71.157
2.2 913.67 2563.1 62.233 882.98 2563.6 56.362 922.19 2643.8 71.682
2.2083 921.17 2571.5 62.504 889.74 2571.6 56.741 927.62 2652.2 72.236
2.2167 928.69 2579.8 62.773 896.53 2579.6 57.117 933.02 2660.7 72.821
2.225 936.21 2588.1 63.033 903.33 2587.6 57.49 938.4 2669.2 73.439
2.2333 943.75 2596.4 63.283 910.15 2595.5 57.851 943.75 2677.8 74.092
2.2417 951.27 2604.6 63.516 916.97 2603.5 58.207 949.06 2686.5 74.776
2.25 958.77 2612.8 63.74 923.79 2611.5 58.548 954.33 2695.3 75.49
2.2583 966.23 2621 63.958 930.57 2619.5 58.875 959.57 2704.1 76.225
2.2667 973.62 2629.1 64.17 937.33 2627.5 59.203 964.75 2713 76.976
2.275 980.93 2637.2 64.385 944.03 2635.6 59.528 969.9 2721.9 77.733
2.2833 988.13 2645.3 64.608 950.67 2643.6 59.863 974.98 2730.9 78.488
2.2917 995.2 2653.3 64.843 957.22 2651.6 60.217 980.02 2739.8 79.232
2.3 1002.1 2661.3 65.095 963.66 2659.7 60.598 984.99 2748.7 79.96
2.3083 1008.9 2669.1 65.372 969.98 2667.8 61.017 989.9 2757.5 80.665
2.3167 1015.5 2676.8 65.679 976.16 2675.8 61.481 994.73 2766.2 81.345
2.325 1022 2684.3 66.021 982.18 2684 61.995 999.47 2774.9 82
2.3333 1028.3 2691.8 66.404 988.03 2692.1 62.563 1004.1 2783.4 82.634
2.3417 1034.4 2699.1 66.83 993.69 2700.2 63.187 1008.6 2791.9 83.25
2.35 1040.5 2706.3 67.299 999.16 2708.3 63.864 1013 2800.3 83.858
2.3583 1046.4 2713.4 67.809 1004.4 2716.3 64.593 1017.2 2808.6 84.465
2.3667 1052.1 2720.4 68.35 1009.5 2724.3 65.369 1021.2 2816.8 85.082
2.375 1057.7 2727.4 68.912 1014.4 2732.3 66.187 1025 2825.1 85.717
2.3833 1063.2 2734.4 69.482 1019.1 2740.1 67.041 1028.6 2833.3 86.379
2.3917 1068.4 2741.4 70.047 1023.6 2747.9 67.927 1032 2841.6 87.075
2.4 1073.3 2748.4 70.596 1027.9 2755.6 68.839 1035 2849.9 87.808
2.4083 1077.9 2755.4 71.124 1032.1 2763.3 69.775 1037.8 2858.2 88.58
2.4167 1082.2 2762.5 71.633 1036.1 2770.8 70.731 1040.4 2866.6 89.39
2.425 1086.1 2769.6 72.124 1040 2778.3 71.707 1042.7 2875 90.235
2.4333 1089.6 2776.7 72.604 1043.7 2785.8 72.7 1044.7 2883.5 91.11
2.4417 1092.8 2783.7 73.093 1047.3 2793.2 73.711 1046.4 2892 92.01
2.45 1095.7 2790.7 73.578 1050.8 2800.6 74.74 1048 2900.5 92.928
2.4583 1098.4 2797.7 74.087 1054.1 2808 75.786 1049.3 2909 93.86
2.4667 1100.8 2804.5 74.622 1057.2 2815.3 76.846 1050.4 2917.4 94.8
2.475 1103.1 2811.3 75.188 1060.3 2822.7 77.922 1051.3 2925.7 95.746
2.4833 1105.1 2818.1 75.793 1063.1 2830.1 79.001 1052 2933.9 96.696
2.4917 1107.1 2824.7 76.43 1065.8 2837.5 80.106 1052.6 2942 97.649
2.5 1108.9 2831.3 77.103 1068.4 2844.8 81.207 1053.1 2949.9 98.607
2.5083 1110.6 2837.8 77.803 1070.8 2852.2 82.31 1053.4 2957.7 99.571
2.5167 1112.2 2844.3 78.524 1073.1 2859.5 83.409 1053.6 2965.3 100.54
2.525 1113.8 2850.8 79.258 1075.2 2866.8 84.502 1053.6 2972.8 101.53
2.5333 1115.4 2857.2 79.993 1077.2 2874.1 85.585 1053.6 2980.1 102.52
2.5417 1117 2863.6 80.724 1079.1 2881.3 86.653 1053.4 2987.3 103.52
2.55 1118.6 2870.1 81.442 1080.8 2888.5 87.706 1053.1 2994.3 104.54
2.5583 1120.2 2876.5 82.137 1082.4 2895.7 88.74 1052.6 3001.2 105.57
2.5667 1121.7 2883 82.808 1083.8 2902.8 89.753 1052.1 3008 106.61
2.575 1123.2 2889.6 83.454 1085.1 2910 90.745 1051.5 3014.7 107.66
2.5833 1124.6 2896.2 84.073 1086.4 2917.1 91.716 1050.7 3021.3 108.72
2.5917 1125.9 2902.9 84.675 1087.4 2924.3 92.663 1049.8 3027.8 109.78
2.6 1127.1 2909.7 85.271 1088.4 2931.4 93.587 1048.8 3034.2 110.84
2.6083 1128.2 2916.5 85.867 1089.2 2938.6 94.49 1047.7 3040.5 111.91
2.6167 1129.2 2923.3 86.476 1089.9 2945.7 95.37 1046.5 3046.7 112.97
2.625 1130.1 2930.3 87.111 1090.5 2952.8 96.229 1045.2 3052.9 114.03
2.6333 1130.9 2937.2 87.777 1090.9 2959.9 97.068 1043.7 3058.9 115.1
2.6417 1131.6 2944.3 88.485 1091.2 2966.9 97.89 1042.2 3064.9 116.16
2.65 1132.1 2951.4 89.237 1091.3 2973.9 98.697 1040.4 3070.8 117.22
2.6583 1132.5 2958.5 90.037 1091.3 2980.9 99.493 1038.6 3076.6 118.27
2.6667 1132.8 2965.7 90.88 1091.2 2987.8 100.28 1036.7 3082.2 119.33
2.675 1132.9 2972.9 91.764 1090.9 2994.6 101.07 1034.6 3087.8 120.38
2.6833 1132.9 2980.2 92.679 1090.4 3001.5 101.86 1032.4 3093.3 121.43
2.6917 1132.7 2987.5 93.616 1089.8 3008.3 102.67 1030 3098.8 122.48
2.7 1132.5 2994.9 94.564 1089.1 3015.1 103.48 1027.6 3104.1 123.52
2.7083 1132.1 3002.2 95.509 1088.1 3021.9 104.31 1025.1 3109.3 124.55
2.7167 1131.6 3009.6 96.436 1087.1 3028.7 105.17 1022.4 3114.5 125.56
2.725 1130.9 3017.1 97.334 1085.8 3035.5 106.05 1019.6 3119.7 126.57
2.7333 1130.2 3024.7 98.192 1084.5 3042.3 106.95 1016.7 3124.8 127.56
2.7417 1129.3 3032.3 99.001 1082.9 3049.1 107.88 1013.8 3129.9 128.54
2.75 1128.3 3040.1 99.761 1081.2 3055.9 108.83 1010.6 3134.9 129.5
2.7583 1127.2 3048.1 100.47 1079.4 3062.7 109.79 1007.4 3140 130.44
2.7667 1125.9 3056.1 101.15 1077.4 3069.4 110.77 1004 3145.1 131.36
2.775 1124.4 3064.3 101.8 1075.2 3076 111.76 1000.6 3150.2 132.27
2.7833 1122.6 3072.7 102.44 1073 3082.6 112.75 996.96 3155.4 133.15
2.7917 1120.7 3081.1 103.09 1070.6 3089.1 113.74 993.24 3160.5 134.01
2.8 1118.5 3089.5 103.76 1068.1 3095.4 114.73 989.42 3165.7 134.85
2.8083 1116.1 3097.9 104.47 1065.5 3101.7 115.72 985.52 3170.8 135.67
2.8167 1113.5 3106.2 105.22 1062.8 3108 116.69 981.55 3175.9 136.47
2.825 1110.8 3114.3 106.03 1060 3114.1 117.65 977.53 3181 137.25
2.8333 1107.9 3122.3 106.89 1057.1 3120.2 118.6 973.47 3186 138.03
2.8417 1104.9 3130 107.79 1054.2 3126.3 119.54 969.39 3190.9 138.8
2.85 1102 3137.5 108.73 1051.2 3132.4 120.46 965.29 3195.7 139.57
2.8583 1099 3144.7 109.7 1048.2 3138.4 121.37 961.18 3200.5 140.34
2.8667 1096.1 3151.7 110.69 1045.2 3144.5 122.26 957.05 3205.1 141.11
2.875 1093.3 3158.4 111.7 1042.1 3150.5 123.14 952.89 3209.6 141.89
2.8833 1090.5 3164.9 112.71 1038.9 3156.6 124 948.68 3214 142.69
2.8917 1087.9 3171.2 113.73 1035.8 3162.6 124.84 944.41 3218.3 143.49
2.9 1085.2 3177.4 114.76 1032.7 3168.5 125.67 940.06 3222.6 144.31
2.9083 1082.6 3183.6 115.81 1029.5 3174.4 126.49 935.61 3226.8 145.13
2.9167 1079.9 3189.6 116.89 1026.3 3180.1 127.3 931.06 3230.9 145.96
2.925 1077.1 3195.6 118.01 1023.2 3185.7 128.1 926.39 3235 146.79
2.9333 1074.1 3201.6 119.17 1020 3191.1 128.9 921.62 3239.1 147.61
2.9417 1071 3207.6 120.39 1016.8 3196.4 129.71 916.75 3243.2 148.42
2.95 1067.7 3213.6 121.67 1013.6 3201.5 130.53 911.79 3247.2 149.23
2.9583 1064.3 3219.5 123.01 1010.4 3206.4 131.36 906.77 3251.2 150.01
2.9667 1060.6 3225.3 124.43 1007.1 3211.1 132.21 901.71 3255.1 150.78
2.975 1056.9 3231.1 125.9 1003.8 3215.7 133.09 896.62 3259 151.54
2.9833 1053 3236.8 127.43 1000.3 3220.1 133.99 891.52 3262.7 152.27
2.9917 1049.1 3242.5 129 996.78 3224.5 134.92 886.44 3266.4 153
3 1045.2 3248 130.62 993.1 3228.8 135.88 881.37 3269.9 153.7
3.0083 1041.2 3253.4 132.27 989.26 3233 136.86 876.31 3273.3 154.4
3.0167 1037.3 3258.7 133.95 985.25 3237.3 137.87 871.25 3276.6 155.08
3.025 1033.4 3264 135.64 981.06 3241.5 138.9 866.19 3279.7 155.75
3.0333 1029.6 3269.1 137.35 976.68 3245.7 139.95 861.09 3282.8 156.41
3.0417 1025.9 3274.2 139.07 972.11 3249.9 141.02 855.93 3285.8 157.06
3.05 1022.2 3279.2 140.81 967.33 3254.2 142.11 850.68 3288.7 157.7
3.0583 1018.6 3284.3 142.56 962.37 3258.4 143.22 845.32 3291.5 158.32
3.0667 1015 3289.3 144.32 957.22 3262.7 144.34 839.83 3294.3 158.93
3.075 1011.4 3294.3 146.09 951.89 3266.9 145.48 834.17 3297.1 159.53
3.0833 1007.9 3299.3 147.86 946.4 3271.1 146.64 828.33 3299.8 160.12
3.0917 1004.4 3304.3 149.63 940.76 3275.3 147.82 822.31 3302.5 160.7
3.1 1000.8 3309.4 151.39 934.97 3279.5 149.02 816.09 3305.3 161.28
3.1083 997.21 3314.4 153.12 929.03 3283.6 150.24 809.67 3308 161.85
3.1167 993.58 3319.5 154.81 922.97 3287.6 151.47 803.07 3310.7 162.42
3.125 989.9 3324.5 156.45 916.79 3291.6 152.71 796.28 3313.3 162.99
3.1333 986.16 3329.5 158.03 910.49 3295.6 153.97 789.33 3316 163.55
3.1417 982.36 3334.4 159.53 904.08 3299.5 155.22 782.24 3318.6 164.11
3.15 978.5 3339.3 160.97 897.55 3303.3 156.48 775.01 3321.2 164.66
3.1583 974.55 3344.1 162.33 890.92 3307.1 157.72 767.67 3323.8 165.2
3.1667 970.53 3348.9 163.63 884.19 3310.8 158.95 760.24 3326.3 165.73
3.175 966.42 3353.6 164.85 877.35 3314.4 160.15 752.73 3328.8 166.23
3.1833 962.22 3358.2 166.03 870.41 3318 161.34 745.16 3331.3 166.72
3.1917 957.91 3362.7 167.15 863.37 3321.6 162.49 737.53 3333.8 167.19
3.2 953.49 3367.2 168.22 856.22 3325.1 163.59 729.87 3336.3 167.63
3.2083 948.95 3371.7 169.25 848.99 3328.5 164.69 722.16 3338.7 168.05
3.2167 944.26 3376.1 170.23 841.65 3332 165.74 714.4 3341.2 168.46
3.225 939.43 3380.5 171.17 834.35 3335.2 166.75 706.3 3344.6 168.15
3.2333 934.42 3384.9 172.06 826.82 3338.6 167.73 698.46 3347.1 168.55
3.2417 929.24 3389.2 172.89 819.2 3341.9 168.68 690.56 3349.6 168.95
3.25 923.86 3393.6 173.67 811.51 3345.2 169.6 682.61 3352.1 169.34
3.2583 918.27 3397.9 174.39 803.73 3348.5 170.49 674.6 3354.7 169.74
3.2667 912.48 3402.2 175.06 795.88 3351.8 171.35 666.53 3357.3 170.13
3.275 906.47 3406.6 175.68 787.97 3355 172.18 658.41 3359.9 170.52
3.2833 900.25 3410.8 176.26 779.99 3358.3 172.97 650.24 3362.6 170.9
3.2917 893.82 3415.1 176.81 771.96 3361.6 173.75 642.03 3365.4 171.26
3.3 887.17 3419.3 177.33 763.85 3364.8 174.48 633.79 3368.2 171.61
3.3083 880.32 3423.4 177.85 755.66 3368.1 175.18 625.52 3371.2 171.93
3.3167 873.27 3427.5 178.35 747.39 3371.4 175.85 617.22 3374.2 172.23
3.325 866 3431.5 178.86 739 3374.8 176.47 608.88 3377.3 172.49
3.3333 858.52 3435.4 179.37 730.49 3378.2 177.06 600.5 3380.5 172.72
3.3417 850.81 3439.2 179.87 721.81 3381.6 177.61 592.06 3383.9 172.91
3.35 842.86 3442.9 180.36 712.96 3385 178.11 583.52 3387.3 173.09
3.3583 834.65 3446.4 180.82 703.89 3388.5 178.57 574.88 3390.9 173.23
3.3667 826.17 3449.8 181.26 694.59 3392 178.98 566.09 3394.6 173.36
3.375 817.4 3453 181.66 685.03 3395.6 179.34 557.12 3398.3 173.48
3.3833 808.35 3455.9 182.01 675.21 3399.2 179.65 547.97 3402.2 173.6
3.3917 798.99 3458.7 182.31 665.11 3402.9 179.91 538.6 3406.1 173.71
3.4 789.35 3461.3 182.55 654.75 3406.6 180.12 529.03 3410.1 173.83
3.4083 779.42 3463.6 182.73 644.14 3410.3 180.27 519.25 3414.1 173.95
3.4167 769.23 3465.7 182.87 633.3 3414.1 180.38 509.3 3418.2 174.08
3.425 758.8 3467.7 182.96 622.28 3417.9 180.45 499.2 3422.2 174.22
3.4333 748.16 3469.5 183.01 611.12 3421.6 180.47 489 3426.3 174.36
3.4417 737.36 3471.2 183.03 599.88 3425.4 180.46 478.74 3430.3 174.5
3.45 726.43 3472.8 183.02 588.6 3429.1 180.43 468.49 3434.2 174.64
3.4583 715.42 3474.3 183 577.37 3432.7 180.39 458.28 3438.1 174.77
3.4667 704.38 3475.8 182.98 566.22 3436.2 180.34 448.17 3441.9 174.89
3.475 693.38 3477.3 182.97 555.22 3439.6 180.31 438.18 3445.7 175
3.4833 682.47 3478.8 182.98 544.42 3442.9 180.31 428.34 3449.2 175.1
3.4917 671.69 3480.3 183.03 533.85 3446.1 180.34 418.67 3452.7 175.19
3.5 661.07 3482 183.13 523.54 3449 180.4 409.16 3456 175.27
3.5083 650.58 3483.8 183.26 513.51 3451.8 180.52 399.82 3459.1 175.35
3.5167 640.19 3485.9 183.4 503.75 3454.4 180.69 390.63 3462.1 175.42
3.525 629.84 3488.1 183.55 494.27 3456.9 180.91 381.58 3464.9 175.48
3.5333 619.54 3490.3 183.68 485.04 3459.1 181.17 372.65 3467.5 175.55
3.5417 609.27 3492.6 183.79 476.03 3461.2 181.48 363.83 3469.9 175.62
3.55 599.05 3494.8 183.88 467.23 3463.2 181.82 355.11 3472.2 175.69
3.5583 588.87 3496.9 183.94 458.6 3465 182.19 346.49 3474.2 175.77
3.5667 578.72 3499 183.98 450.1 3466.7 182.58 337.95 3476 175.85
3.575 568.6 3501.1 184 441.72 3468.3 182.98 329.5 3477.7 175.95
3.5833 558.47 3503.2 184.01 433.41 3469.8 183.39 321.14 3479.1 176.05
3.5917 548.31 3505.3 184.02 425.16 3471.2 183.81 312.87 3480.4 176.17
3.6 538.14 3507.4 184.01 416.96 3472.5 184.22 304.68 3481.6 176.29
3.6083 527.98 3509.4 184.01 408.77 3473.7 184.64 296.56 3482.5 176.42
3.6167 517.86 3511.4 184.03 400.6 3474.8 185.05 288.5 3483.3 176.55
3.625 507.8 3513.2 184.07 392.43 3475.9 185.46 280.49 3484 176.7
3.6333 497.82 3514.8 184.13 384.25 3476.9 185.88 272.51 3484.5 176.84
3.6417 487.92 3516.3 184.21 376.05 3477.8 186.3 264.54 3485 176.99
3.65 478.11 3517.6 184.31 367.82 3478.6 186.72 256.55 3485.3 177.15
3.6583 468.38 3518.7 184.42 359.56 3479.4 187.15 248.54 3485.5 177.3
3.6667 458.71 3519.7 184.54 351.25 3480 187.58 240.49 3485.7 177.46
3.675 449.08 3520.5 184.64 342.89 3480.6 188.01 232.39 3485.8 177.61
3.6833 439.46 3521.2 184.73 334.46 3481.1 188.44 224.25 3485.7 177.77
3.6917 429.83 3521.8 184.8 325.98 3481.6 188.87 216.06 3485.7 177.93
3.7 420.16 3522.3 184.84 317.43 3482 189.27 207.83 3485.5 178.08
3.7083 410.45 3522.7 184.85 308.83 3482.3 189.66 199.58 3485.3 178.24
3.7167 400.69 3523.1 184.83 300.16 3482.5 190.03 191.31 3485 178.39
3.725 390.88 3523.4 184.77 291.44 3482.7 190.36 183.02 3484.7 178.55
3.7333 381.03 3523.8 184.69 282.67 3482.8 190.66 174.73 3484.3 178.71
