0.0083333 3.471 3.3157 101.31 -35.753 108.24 91.74 -14.476 263.22 85.204
0.016667 4.0242 11.968 101.51 -34.105 117.43 91.708 -12.415 272.44 85.158
0.025 4.5767 20.968 101.73 -32.362 126.75 91.646 -10.217 281.77 85.105
0.033333 5.1307 30.307 101.96 -30.524 136.18 91.564 -7.893 291.22 85.048
0.041667 5.6869 39.952 102.19 -28.599 145.72 91.465 -5.4553 300.8 84.992
0.05 6.2391 49.868 102.4 -26.593 155.35 91.356 -2.9185 310.51 84.942
0.058333 6.7791 60.005 102.59 -24.516 165.06 91.246 -0.29833 320.32 84.901
0.066667 7.2986 70.317 102.73 -22.378 174.82 91.14 2.3893 330.21 84.871
0.075 7.7913 80.75 102.83 -20.192 184.63 91.043 5.1302 340.13 84.852
0.083333 8.2622 91.247 102.86 -17.977 194.47 90.958 7.9122 350.03 84.839
0.091667 8.7177 101.77 102.82 -15.751 204.35 90.887 10.725 359.86 84.829
0.1 9.1787 112.27 102.72 -13.537 214.23 90.831 13.56 369.57 84.813
0.10833 9.6738 122.72 102.55 -11.358 224.13 90.788 16.41 379.12 84.783
0.11667 10.239 133.09 102.34 -9.2367 234.01 90.759 19.268 388.46 84.73
0.125 10.905 143.39 102.08 -7.1954 243.87 90.742 22.124 397.58 84.647
0.13333 11.702 153.59 101.8 -5.2529 253.67 90.737 24.967 406.48 84.529
0.14167 12.644 163.71 101.5 -3.4234 263.38 90.742 27.783 415.16 84.372
0.15 13.73 173.75 101.2 -1.7149 272.98 90.759 30.552 423.66 84.178
0.15833 14.942 183.7 100.9 -0.12972 282.42 90.785 33.252 432.01 83.952
0.16667 16.257 193.58 100.6 1.3371 291.68 90.823 35.856 440.25 83.701
0.175 17.642 203.39 100.32 2.6965 300.72 90.869 38.337 448.43 83.435
0.18333 19.071 213.14 100.05 3.9646 309.52 90.925 40.67 456.58 83.166
0.19167 20.52 222.84 99.769 5.1613 318.08 90.989 42.83 464.73 82.906
0.2 21.971 232.5 99.486 6.3085 326.4 91.058 44.796 472.92 82.664
0.20833 23.416 242.13 99.187 7.4274 334.5 91.131 46.556 481.13 82.451
0.21667 24.851 251.74 98.865 8.5367 342.42 91.207 48.103 489.39 82.27
0.225 26.273 261.33 98.512 9.6496 350.2 91.283 49.439 497.67 82.127
0.23333 27.682 270.9 98.124 10.774 357.87 91.356 50.574 505.96 82.019
0.24167 29.084 280.45 97.699 11.91 365.5 91.426 51.524 514.23 81.946
0.25 30.481 289.96 97.238 13.054 373.12 91.489 52.312 522.47 81.901
0.25833 31.879 299.44 96.747 14.196 380.77 91.543 52.962 530.65 81.88
0.26667 33.284 308.87 96.234 15.328 388.47 91.588 53.503 538.76 81.877
0.275 34.696 318.26 95.707 16.438 396.25 91.622 53.961 546.78 81.885
0.28333 36.112 327.59 95.176 17.519 404.12 91.646 54.36 554.72 81.902
0.29167 37.524 336.87 94.65 18.565 412.09 91.662 54.72 562.57 81.923
0.3 38.923 346.1 94.134 19.573 420.15 91.67 55.059 570.35 81.947
0.30833 40.296 355.29 93.634 20.546 428.29 91.672 55.388 578.05 81.974
0.31667 41.629 364.44 93.15 21.487 436.51 91.665 55.717 585.68 82.002
0.325 42.911 373.56 92.68 22.403 444.79 91.649 56.05 593.27 82.033
0.33333 44.136 382.66 92.221 23.3 453.12 91.621 56.391 600.81 82.066
0.34167 45.298 391.75 91.767 24.185 461.5 91.575 56.742 608.31 82.1
0.35 46.398 400.84 91.314 25.061 469.93 91.508 57.106 615.78 82.135
0.35833 47.439 409.92 90.857 25.933 478.4 91.417 57.485 623.23 82.167
0.36667 48.428 419.01 90.392 26.803 486.94 91.297 57.882 630.66 82.194
0.375 49.374 428.11 89.919 27.669 495.56 91.149 58.3 638.1 82.215
0.38333 50.286 437.21 89.44 28.531 504.27 90.972 58.744 645.54 82.226
0.39167 51.178 446.33 88.959 29.385 513.08 90.768 59.217 653.01 82.228
0.4 52.053 455.45 88.48 30.229 522.01 90.539 59.72 660.53 82.219
0.40833 52.919 464.59 88.013 31.06 531.07 90.291 60.255 668.12 82.202
0.41667 53.777 473.75 87.563 31.877 540.25 90.027 60.823 675.8 82.178
0.425 54.621 482.93 87.139 32.678 549.56 89.754 61.421 683.59 82.15
0.43333 55.445 492.13 86.746 33.467 558.99 89.477 62.046 691.51 82.121
0.44167 56.244 501.37 86.39 34.243 568.53 89.2 62.696 699.55 82.093
0.45 57.008 510.64 86.074 35.012 578.18 88.928 63.364 707.74 82.068
0.45833 57.732 519.96 85.798 35.774 587.92 88.663 64.05 716.06 82.046
0.46667 58.405 529.35 85.561 36.534 597.75 88.409 64.749 724.52 82.028
0.475 59.033 538.82 85.354 37.284 607.66 88.16 65.46 733.11 82.01
0.48333 59.621 548.4 85.173 38.032 617.65 87.922 66.182 741.8 81.989
0.49167 60.182 558.14 85.006 38.772 627.71 87.692 66.914 750.6 81.963
0.5 60.736 568.06 84.844 39.501 637.84 87.467 67.657 759.49 81.928
0.50833 61.307 578.19 84.677 40.211 648.03 87.25 68.409 768.47 81.881
0.51667 61.907 588.54 84.503 40.903 658.3 87.037 69.166 777.53 81.822
0.525 62.557 599.11 84.321 41.567 668.64 86.833 69.925 786.67 81.75
0.53333 63.256 609.89 84.135 42.201 679.03 86.638 70.678 795.91 81.668
0.54167 63.998 620.85 83.949 42.8 689.49 86.455 71.417 805.24 81.579
0.55 64.773 631.97 83.768 43.364 700.02 86.288 72.132 814.68 81.487
0.55833 65.566 643.23 83.594 43.889 710.6 86.141 72.813 824.24 81.395
0.56667 66.363 654.62 83.426 44.375 721.25 86.016 73.448 833.92 81.308
0.575 67.146 666.12 83.259 44.827 731.98 85.916 74.03 843.72 81.227
0.58333 67.905 677.74 83.09 45.242 742.79 85.843 74.552 853.66 81.153
0.59167 68.632 689.48 82.912 45.622 753.7 85.796 75.014 863.72 81.084
0.6 69.325 701.36 82.724 45.972 764.73 85.775 75.416 873.89 81.018
0.60833 69.991 713.36 82.521 46.291 775.89 85.775 75.765 884.17 80.952
0.61667 70.653 725.51 82.301 46.587 787.2 85.792 76.071 894.54 80.879
0.625 71.329 737.78 82.066 46.865 798.68 85.819 76.349 904.99 80.796
0.63333 72.04 750.18 81.822 47.132 810.32 85.85 76.612 915.52 80.699
0.64167 72.799 762.68 81.577 47.394 822.13 85.878 76.879 926.1 80.588
0.65 73.612 775.24 81.343 47.665 834.1 85.895 77.164 936.74 80.462
0.65833 74.471 787.83 81.13 47.957 846.21 85.894 77.485 947.42 80.324
0.66667 75.362 800.41 80.947 48.284 858.44 85.87 77.854 958.15 80.18
0.675 76.263 812.95 80.801 48.661 870.75 85.817 78.284 968.92 80.037
0.68333 77.152 825.4 80.692 49.105 883.11 85.731 78.784 979.73 79.902
0.69167 78.007 837.72 80.617 49.631 895.47 85.608 79.363 990.56 79.782
0.7 78.812 849.89 80.566 50.252 907.8 85.447 80.029 1001.4 79.685
0.70833 79.554 861.88 80.528 50.98 920.06 85.243 80.79 1012.3 79.612
0.71667 80.231 873.67 80.488 51.822 932.22 84.997 81.655 1023.2 79.568
0.725 80.841 885.26 80.433 52.785 944.24 84.707 82.634 1034 79.549
0.73333 81.39 896.64 80.347 53.868 956.12 84.371 83.739 1044.9 79.552
0.74167 81.888 907.82 80.222 55.07 967.84 83.99 84.981 1055.7 79.572
0.75 82.351 918.83 80.052 56.385 979.38 83.561 86.376 1066.4 79.598
0.75833 82.799 929.69 79.838 57.806 990.77 83.086 87.939 1077.1 79.624
0.76667 83.259 940.43 79.585 59.325 1002 82.565 89.682 1087.8 79.642
0.775 83.761 951.09 79.302 60.933 1013.1 81.999 91.618 1098.4 79.643
0.78333 84.334 961.68 79 62.622 1024 81.39 93.756 1108.9 79.624
0.79167 85.002 972.22 78.692 64.386 1034.9 80.74 96.101 1119.4 79.582
0.8 85.785 982.71 78.39 66.22 1045.6 80.055 98.654 1129.8 79.515
0.80833 86.694 993.14 78.106 68.122 1056.2 79.339 101.41 1140.2 79.425
0.81667 87.731 1003.5 77.85 70.089 1066.8 78.596 104.37 1150.6 79.315
0.825 88.898 1013.8 77.633 72.122 1077.2 77.832 107.51 1160.9 79.189
0.83333 90.185 1024 77.458 74.222 1087.6 77.055 110.82 1171.2 79.049
0.84167 91.582 1034 77.329 76.389 1097.9 76.268 114.29 1181.4 78.9
0.85 93.081 1043.9 77.243 78.626 1108.2 75.478 117.89 1191.6 78.745
0.85833 94.675 1053.8 77.195 80.933 1118.4 74.688 121.61 1201.7 78.585
0.86667 96.363 1063.4 77.181 83.311 1128.5 73.906 125.44 1211.8 78.421
0.875 98.142 1073 77.19 85.76 1138.5 73.133 129.34 1221.7 78.254
0.88333 100.01 1082.5 77.214 88.28 1148.5 72.374 133.32 1231.5 78.084
0.89167 101.97 1092 77.243 90.87 1158.5 71.631 137.37 1241.3 77.91
0.9 104.03 1101.4 77.27 93.53 1168.4 70.907 141.46 1250.9 77.734
0.90833 106.17 1110.8 77.289 96.258 1178.2 70.205 145.61 1260.5 77.556
0.91667 108.39 1120.3 77.294 99.052 1188.1 69.527 149.79 1269.9 77.377
0.925 110.69 1129.7 77.283 101.91 1197.9 68.874 154.02 1279.3 77.199
0.93333 113.06 1139.2 77.257 104.83 1207.8 68.25 158.29 1288.6 77.024
0.94167 115.47 1148.7 77.22 107.81 1217.7 67.655 162.59 1297.8 76.855
0.95 117.94 1158.3 77.175 110.85 1227.6 67.092 166.93 1307 76.694
0.95833 120.44 1167.8 77.129 113.95 1237.5 66.563 171.3 1316.2 76.54
0.96667 122.96 1177.4 77.088 117.11 1247.4 66.069 175.7 1325.4 76.395
0.975 125.52 1187 77.058 120.32 1257.4 65.613 180.14 1334.6 76.259
0.98333 128.11 1196.6 77.04 123.6 1267.5 65.197 184.61 1343.8 76.129
0.99167 130.76 1206.2 77.038 126.94 1277.5 64.822 189.11 1353 76.005
1 133.47 1215.8 77.049 130.35 1287.7 64.489 193.63 1362.2 75.885
1.0083 136.27 1225.5 77.071 133.84 1297.9 64.2 198.18 1371.4 75.768
1.0167 139.2 1235.2 77.097 137.42 1308.1 63.955 202.75 1380.5 75.653
1.025 142.27 1245 77.125 141.09 1318.4 63.754 207.35 1389.7 75.54
1.0333 145.51 1254.9 77.149 144.87 1328.7 63.598 211.97 1398.9 75.432
1.0417 148.95 1264.9 77.169 148.75 1339.1 63.484 216.61 1408.1 75.331
1.05 152.6 1275 77.183 152.76 1349.4 63.41 221.27 1417.3 75.242
1.0583 156.46 1285.3 77.194 156.89 1359.8 63.373 225.96 1426.5 75.169
1.0667 160.5 1295.8 77.202 161.14 1370.2 63.37 230.67 1435.7 75.119
1.075 164.7 1306.5 77.208 165.52 1380.5 63.395 235.4 1444.9 75.097
1.0833 169 1317.3 77.206 170.03 1390.8 63.443 240.16 1454.2 75.107
1.0917 173.34 1328.2 77.196 174.67 1401.1 63.507 244.93 1463.5 75.156
1.1 177.71 1339.2 77.175 179.43 1411.2 63.581 249.72 1472.9 75.244
1.1083 182.06 1350.3 77.141 184.32 1421.4 63.657 254.54 1482.3 75.376
1.1167 186.4 1361.3 77.098 189.33 1431.4 63.725 259.37 1491.7 75.551
1.125 190.73 1372.4 77.048 194.47 1441.5 63.779 264.22 1501.1 75.769
1.1333 195.06 1383.6 76.995 199.73 1451.5 63.811 269.08 1510.5 76.028
1.1417 199.41 1394.8 76.944 205.23 1461.6 63.813 272.92 1519.6 77.154
1.15 203.81 1406.1 76.895 210.76 1471.6 63.784 277.83 1529 77.492
1.1583 208.29 1417.5 76.851 216.42 1481.6 63.718 282.78 1538.4 77.859
1.1667 212.87 1429 76.81 222.21 1491.7 63.614 287.77 1547.8 78.251
1.175 217.59 1440.7 76.765 228.11 1501.8 63.473 292.81 1557.1 78.659
1.1833 222.44 1452.5 76.711 234.12 1512 63.298 297.91 1566.4 79.076
1.1917 227.44 1464.4 76.638 240.22 1522.3 63.094 303.08 1575.7 79.492
1.2 232.57 1476.5 76.538 246.37 1532.6 62.866 308.31 1585 79.897
1.2083 237.79 1488.6 76.402 252.56 1542.9 62.623 313.62 1594.2 80.283
1.2167 243.1 1500.7 76.226 258.73 1553.2 62.373 318.99 1603.5 80.638
1.225 248.46 1512.7 76.007 264.86 1563.6 62.123 324.44 1612.7 80.955
1.2333 253.86 1524.6 75.748 270.9 1573.9 61.883 329.93 1621.9 81.225
1.2417 259.3 1536.4 75.453 276.82 1584.1 61.658 335.47 1631 81.444
1.25 264.76 1548 75.13 282.58 1594.4 61.456 341.02 1640.1 81.608
1.2583 270.24 1559.3 74.79 288.15 1604.5 61.283 346.57 1649.2 81.72
1.2667 275.73 1570.4 74.444 293.51 1614.6 61.142 352.1 1658.2 81.781
1.275 281.22 1581.3 74.105 298.65 1624.6 61.037 357.58 1667.2 81.798
1.2833 286.7 1592 73.779 303.57 1634.5 60.969 362.99 1676.2 81.78
1.2917 292.16 1602.5 73.473 308.28 1644.3 60.937 368.3 1685.2 81.736
1.3 297.59 1612.9 73.184 312.79 1654.1 60.94 373.51 1694.2 81.674
1.3083 303 1623.1 72.911 317.13 1663.7 60.974 378.6 1703.3 81.605
1.3167 308.39 1633.3 72.649 321.33 1673.3 61.036 383.56 1712.3 81.535
1.325 313.74 1643.5 72.39 325.42 1682.9 61.12 388.38 1721.5 81.472
1.3333 319.04 1653.7 72.129 329.43 1692.3 61.223 393.07 1730.8 81.418
1.3417 324.28 1663.8 71.858 333.38 1701.7 61.34 397.62 1740.2 81.377
1.35 329.46 1674 71.572 337.29 1711.1 61.468 402.05 1749.8 81.35
1.3583 334.57 1684.2 71.266 341.19 1720.4 61.606 406.34 1759.5 81.337
1.3667 339.6 1694.4 70.937 345.07 1729.7 61.753 410.51 1769.3 81.338
1.375 344.55 1704.6 70.583 348.93 1739 61.908 414.55 1779.3 81.355
1.3833 349.43 1714.7 70.206 352.78 1748.2 62.076 418.47 1789.5 81.387
1.3917 354.22 1724.7 69.809 356.61 1757.5 62.255 422.26 1799.8 81.438
1.4 358.94 1734.7 69.397 360.4 1766.7 62.451 425.93 1810.2 81.509
1.4083 363.6 1744.6 68.975 364.16 1776 62.663 429.47 1820.7 81.604
1.4167 368.2 1754.3 68.55 367.89 1785.2 62.892 432.89 1831.2 81.725
1.425 372.75 1764 68.127 371.58 1794.5 63.14 436.17 1841.8 81.875
1.4333 377.27 1773.6 67.712 375.24 1803.9 63.402 439.34 1852.4 82.056
1.4417 381.75 1783.2 67.306 378.88 1813.2 63.675 442.39 1863 82.266
1.45 386.21 1792.7 66.912 382.52 1822.7 63.955 445.33 1873.5 82.505
1.4583 390.63 1802.3 66.526 386.17 1832.1 64.234 448.17 1884 82.769
1.4667 395.03 1811.8 66.148 389.85 1841.7 64.506 450.93 1894.4 83.052
1.475 399.39 1821.4 65.772 393.57 1851.3 64.766 453.61 1904.8 83.35
1.4833 403.71 1831.1 65.398 397.35 1861 65.006 456.24 1915.1 83.656
1.4917 407.99 1840.8 65.022 401.18 1870.8 65.225 458.83 1925.3 83.963
1.5 412.22 1850.6 64.647 405.08 1880.7 65.419 461.38 1935.4 84.267
1.5083 416.4 1860.5 64.277 409.03 1890.7 65.59 463.93 1945.6 84.562
1.5167 420.53 1870.4 63.92 413.03 1900.8 65.739 466.47 1955.6 84.846
1.525 424.62 1880.4 63.589 417.07 1911 65.869 469.02 1965.7 85.116
1.5333 428.68 1890.5 63.295 421.13 1921.3 65.987 471.59 1975.7 85.372
1.5417 432.72 1900.6 63.05 425.21 1931.7 66.096 474.18 1985.8 85.616
1.55 436.75 1910.8 62.864 429.29 1942.2 66.202 476.81 1995.9 85.849
1.5583 440.79 1921 62.743 433.36 1952.8 66.309 479.47 2006 86.073
1.5667 444.85 1931.3 62.685 437.4 1963.5 66.42 482.18 2016.2 86.29
1.575 448.95 1941.6 62.682 441.42 1974.2 66.536 484.92 2026.4 86.501
1.5833 453.09 1952.1 62.724 445.42 1985 66.657 487.69 2036.7 86.71
1.5917 457.3 1962.8 62.793 449.38 1995.9 66.782 490.49 2047.1 86.915
1.6 461.56 1973.6 62.875 453.32 2006.7 66.909 493.31 2057.6 87.119
1.6083 465.88 1984.5 62.96 457.24 2017.7 67.034 496.14 2068.1 87.322
1.6167 470.23 1995.6 63.039 461.14 2028.7 67.157 498.98 2078.7 87.524
1.625 474.58 2006.8 63.112 465.02 2039.8 67.274 501.81 2089.4 87.727
1.6333 478.91 2018.1 63.171 468.89 2050.9 67.387 504.62 2100.1 87.931
1.6417 483.19 2029.4 63.215 472.75 2062.1 67.495 507.42 2111 88.137
1.65 487.44 2040.8 63.24 476.59 2073.5 67.602 510.2 2121.8 88.347
1.6583 491.65 2052.3 63.24 480.41 2084.9 67.709 512.96 2132.8 88.562
1.6667 495.86 2063.9 63.22 484.21 2096.4 67.821 515.71 2143.8 88.78
1.675 500.07 2075.7 63.177 487.98 2108.1 67.942 518.46 2154.9 89.002
1.6833 504.33 2087.6 63.118 491.71 2119.8 68.073 521.22 2166.1 89.226
1.6917 508.65 2099.7 63.05 495.4 2131.7 68.218 524 2177.4 89.448
1.7 513.06 2112 62.984 499.05 2143.6 68.375 526.81 2188.8 89.665
1.7083 517.56 2124.5 62.934 502.65 2155.6 68.542 529.67 2200.3 89.873
1.7167 522.14 2137.2 62.912 506.22 2167.6 68.717 532.57 2211.8 90.069
1.725 526.77 2150.1 62.933 509.75 2179.7 68.894 535.52 2223.5 90.248
1.7333 531.44 2163.2 63.013 513.25 2191.7 69.066 538.5 2235.3 90.408
1.7417 536.09 2176.4 63.156 516.75 2203.7 69.228 541.52 2247.2 90.55
1.75 540.68 2189.6 63.37 520.25 2215.7 69.373 544.55 2259.2 90.674
1.7583 545.17 2202.8 63.651 523.78 2227.7 69.494 547.57 2271.2 90.784
1.7667 549.53 2216 63.989 527.35 2239.5 69.588 550.58 2283.3 90.884
1.775 553.74 2229.1 64.371 530.98 2251.4 69.652 553.56 2295.5 90.98
1.7833 557.79 2242 64.775 534.68 2263.1 69.686 556.52 2307.7 91.078
1.7917 561.69 2254.8 65.184 538.47 2274.8 69.691 559.44 2319.8 91.183
1.8 565.44 2267.2 65.571 542.34 2286.4 69.669 562.34 2332 91.301
1.8083 569.07 2279.4 65.918 546.31 2298 69.625 565.24 2344.1 91.432
1.8167 572.59 2291.3 66.211 550.37 2309.4 69.562 568.17 2356.1 91.579
1.825 576.04 2302.9 66.443 554.51 2320.7 69.486 571.15 2368.1 91.738
1.8333 579.44 2314.3 66.616 558.72 2331.9 69.4 574.23 2379.9 91.908
1.8417 582.81 2325.5 66.74 562.98 2343 69.307 577.44 2391.6 92.082
1.85 586.2 2336.5 66.823 567.27 2353.9 69.208 580.81 2403.3 92.255
1.8583 589.61 2347.3 66.883 571.59 2364.8 69.103 584.37 2414.8 92.42
1.8667 593.06 2358 66.934 575.91 2375.5 68.991 588.15 2426.2 92.571
1.875 596.57 2368.6 66.994 580.23 2386 68.869 592.14 2437.4 92.703
1.8833 600.14 2379.2 67.077 584.53 2396.5 68.733 596.36 2448.6 92.812
1.8917 603.8 2389.6 67.198 588.81 2406.9 68.581 600.8 2459.7 92.894
1.9 607.52 2399.9 67.367 593.07 2417.2 68.409 605.44 2470.8 92.947
1.9083 611.34 2410.1 67.588 597.33 2427.5 68.215 610.28 2481.7 92.971
1.9167 615.22 2420.3 67.867 601.57 2437.7 67.999 615.28 2492.6 92.965
1.925 619.18 2430.3 68.199 605.81 2448 67.762 620.43 2503.5 92.931
1.9333 623.22 2440.3 68.582 610.07 2458.2 67.505 625.69 2514.3 92.87
1.9417 627.32 2450.2 69.01 614.35 2468.5 67.233 631.06 2525 92.783
1.95 631.5 2460.1 69.473 618.66 2478.9 66.949 636.51 2535.7 92.672
1.9583 635.74 2469.8 69.964 623.01 2489.2 66.661 642.02 2546.4 92.54
1.9667 640.03 2479.6 70.476 627.41 2499.6 66.375 647.59 2557 92.389
1.975 644.37 2489.3 70.999 631.85 2510 66.097 653.2 2567.6 92.22
1.9833 648.74 2499 71.528 636.33 2520.4 65.834 658.84 2578.1 92.038
1.9917 653.13 2508.7 72.059 640.86 2530.9 65.593 664.51 2588.6 91.847
2 657.54 2518.4 72.586 645.43 2541.3 65.378 670.19 2599 91.65
2.0083 661.97 2528.1 73.106 650.04 2551.8 65.193 675.88 2609.4 91.453
2.0167 666.4 2537.8 73.617 654.67 2562.2 65.04 681.57 2619.8 91.259
2.025 670.84 2547.5 74.116 659.32 2572.7 64.919 687.24 2630.2 91.076
2.0333 675.3 2557.2 74.6 664 2583.2 64.832 692.91 2640.5 90.906
2.0417 679.79 2567 75.066 668.7 2593.8 64.776 698.55 2650.9 90.753
2.05 684.31 2576.8 75.509 673.41 2604.3 64.749 704.17 2661.3 90.62
2.0583 688.88 2586.6 75.925 678.15 2615 64.749 709.77 2671.8 90.509
2.0667 693.51 2596.5 76.307 682.91 2625.6 64.772 715.34 2682.2 90.419
2.075 698.21 2606.4 76.654 687.71 2636.4 64.816 720.91 2692.7 90.349
2.0833 703 2616.4 76.957 692.55 2647.1 64.877 726.47 2703.3 90.295
2.0917 707.87 2626.5 77.218 697.44 2658 64.955 732.04 2713.8 90.256
2.1 712.85 2636.7 77.434 702.38 2668.9 65.046 737.62 2724.4 90.228
2.1083 717.92 2647 77.61 707.39 2679.8 65.15 743.22 2735.1 90.207
2.1167 723.11 2657.3 77.751 712.47 2690.8 65.264 748.84 2745.8 90.192
2.125 728.42 2667.8 77.868 717.63 2701.7 65.387 754.49 2756.5 90.182
2.1333 733.84 2678.5 77.968 722.87 2712.8 65.517 760.17 2767.2 90.176
2.1417 739.37 2689.3 78.068 728.2 2723.8 65.654 765.87 2777.9 90.175
2.15 744.97 2700.3 78.17 733.61 2734.8 65.795 771.58 2788.7 90.184
2.1583 750.62 2711.4 78.28 739.12 2745.9 65.935 777.3 2799.4 90.205
2.1667 756.29 2722.6 78.399 744.72 2757 66.073 783.02 2810.2 90.242
2.175 761.97 2733.9 78.525 750.4 2768.1 66.203 788.72 2821 90.3
2.1833 767.65 2745.3 78.653 756.18 2779.3 66.322 794.41 2831.7 90.382
2.1917 773.34 2756.7 78.78 762.04 2790.4 66.425 800.08 2842.6 90.494
2.2 779.07 2768.3 78.9 767.98 2801.7 66.507 805.72 2853.4 90.638
2.2083 784.86 2779.9 79.012 774.01 2812.9 66.566 811.34 2864.2 90.815
2.2167 790.71 2791.5 79.109 780.11 2824.2 66.6 816.93 2875.1 91.027
2.225 796.65 2803.3 79.188 786.28 2835.5 66.606 822.5 2886.1 91.273
2.2333 802.68 2815.2 79.246 792.51 2846.9 66.586 828.07 2897 91.551
2.2417 808.78 2827.3 79.28 798.8 2858.2 66.543 833.63 2908 91.858
2.25 814.95 2839.5 79.284 805.13 2869.6 66.478 839.2 2919.1 92.186
2.2583 821.15 2851.8 79.252 811.49 2880.9 66.4 844.78 2930.2 92.53
2.2667 827.37 2864.2 79.179 817.86 2892.3 66.314 850.38 2941.3 92.881
2.275 833.56 2876.8 79.061 824.2 2903.6 66.229 856.01 2952.4 93.228
2.2833 839.7 2889.3 78.895 830.51 2915 66.152 861.66 2963.6 93.562
2.2917 845.76 2901.7 78.683 836.74 2926.3 66.09 867.35 2974.7 93.871
2.3 851.73 2914.1 78.433 842.86 2937.7 66.053 873.05 2985.8 94.147
2.3083 857.61 2926.3 78.153 848.86 2949.1 66.047 878.78 2996.9 94.38
2.3167 863.4 2938.2 77.857 854.7 2960.5 66.079 884.51 3007.9 94.564
2.325 869.12 2950 77.559 860.36 2971.9 66.153 890.23 3018.8 94.697
2.3333 874.78 2961.5 77.276 865.82 2983.3 66.271 895.92 3029.7 94.778
2.3417 880.37 2972.7 77.023 871.06 2994.7 66.437 901.55 3040.5 94.812
2.35 885.89 2983.7 76.815 876.08 3006 66.65 907.09 3051.2 94.806
2.3583 891.34 2994.4 76.663 880.88 3017.2 66.908 912.51 3061.9 94.772
2.3667 896.73 3005 76.572 885.46 3028.3 67.209 917.77 3072.6 94.722
2.375 902.04 3015.4 76.54 889.83 3039.3 67.55 922.85 3083.3 94.675
2.3833 907.29 3025.7 76.562 894.01 3050.1 67.925 927.69 3093.9 94.644
2.3917 912.46 3036 76.627 898.02 3060.8 68.326 932.29 3104.7 94.647
2.4 917.51 3046.2 76.723 901.88 3071.2 68.757 936.61 3115.5 94.696
2.4083 922.41 3056.4 76.833 905.61 3081.5 69.204 940.65 3126.4 94.801
2.4167 927.14 3066.6 76.941 909.23 3091.6 69.665 944.39 3137.4 94.967
2.425 931.66 3076.9 77.033 912.76 3101.6 70.138 947.84 3148.4 95.197
2.4333 935.95 3087.1 77.094 916.2 3111.4 70.618 951.02 3159.6 95.487
2.4417 940.01 3097.4 77.115 919.58 3121.2 71.103 953.93 3170.9 95.831
2.45 943.83 3107.7 77.092 922.88 3130.8 71.594 956.61 3182.3 96.219
2.4583 947.42 3118 77.028 926.12 3140.5 72.088 959.08 3193.6 96.642
2.4667 950.79 3128.2 76.929 929.3 3150.2 72.584 961.36 3205.1 97.089
2.475 953.98 3138.4 76.808 932.4 3159.9 73.081 963.49 3216.5 97.549
2.4833 957 3148.5 76.677 935.43 3169.6 73.579 965.49 3227.8 98.015
2.4917 959.9 3158.6 76.555 938.39 3179.4 74.075 967.37 3239.2 98.483
2.5 962.7 3168.6 76.453 941.26 3189.3 74.568 969.15 3250.5 98.95
2.5083 965.43 3178.5 76.381 944.07 3199.2 75.054 970.83 3261.6 99.416
2.5167 968.12 3188.5 76.345 946.8 3209.1 75.532 972.41 3272.8 99.884
2.525 970.77 3198.4 76.348 949.46 3219.2 75.998 973.91 3283.8 100.36
2.5333 973.42 3208.3 76.387 952.06 3229.2 76.451 975.32 3294.7 100.84
2.5417 976.05 3218.2 76.455 954.6 3239.4 76.886 976.64 3305.6 101.34
2.55 978.67 3228.2 76.536 957.09 3249.5 77.307 977.89 3316.4 101.86
2.5583 981.29 3238.1 76.624 959.52 3259.8 77.708 979.06 3327.1 102.39
2.5667 983.91 3248.1 76.705 961.91 3270.1 78.09 980.18 3337.8 102.94
2.575 986.51 3258.1 76.768 964.25 3280.5 78.455 981.26 3348.4 103.5
2.5833 989.11 3268.2 76.807 966.54 3290.9 78.802 982.31 3359 104.07
2.5917 991.69 3278.2 76.821 968.77 3301.5 79.133 983.37 3369.5 104.62
2.6 994.25 3288.4 76.814 970.93 3312.1 79.448 984.44 3380.1 105.16
2.6083 996.78 3298.5 76.794 973.03 3322.8 79.749 985.54 3390.6 105.68
2.6167 999.28 3308.7 76.774 975.05 3333.6 80.035 986.67 3401.2 106.16
2.625 1001.7 3319 76.768 976.99 3344.4 80.305 987.84 3411.7 106.6
2.6333 1004.1 3329.3 76.788 978.83 3355.3 80.558 989.03 3422.3 107
2.6417 1006.4 3339.6 76.844 980.58 3366.3 80.793 990.24 3432.8 107.35
2.65 1008.7 3350.1 76.94 982.24 3377.3 81.008 991.44 3443.4 107.66
2.6583 1010.9 3360.6 77.071 983.79 3388.3 81.202 992.61 3454.1 107.93
2.6667 1012.9 3371.3 77.229 985.24 3399.3 81.374 993.72 3464.7 108.18
2.675 1015 3382.1 77.398 986.6 3410.4 81.524 994.75 3475.4 108.4
2.6833 1016.9 3393.1 77.564 987.86 3421.5 81.653 995.69 3486.1 108.61
2.6917 1018.8 3404.2 77.712 989.03 3432.7 81.764 996.5 3496.8 108.82
2.7 1020.6 3415.4 77.834 990.1 3444 81.861 997.2 3507.5 109.03
2.7083 1022.3 3426.8 77.927 991.08 3455.3 81.949 997.76 3518.2 109.26
2.7167 1024 3438.2 77.983 991.97 3466.8 82.031 998.2 3528.9 109.5
2.725 1025.6 3449.8 78.01 992.76 3478.3 82.114 998.52 3539.6 109.76
2.7333 1027 3461.4 78.007 993.46 3490 82.205 998.74 3550.3 110.03
2.7417 1028.4 3473.1 77.973 994.05 3501.8 82.307 998.85 3561 110.3
2.75 1029.6 3485 77.916 994.53 3513.7 82.424 998.88 3571.8 110.58
2.7583 1030.8 3497 77.84 994.91 3525.7 82.562 998.82 3582.7 110.85
2.7667 1031.9 3509.2 77.754 995.18 3537.8 82.719 998.68 3593.6 111.1
2.775 1032.9 3521.7 77.666 995.34 3549.9 82.898 998.46 3604.6 111.34
2.7833 1033.9 3534.5 77.589 995.4 3562.1 83.096 998.15 3615.7 111.56
2.7917 1034.8 3547.5 77.536 995.35 3574.3 83.312 997.74 3627 111.76
2.8 1035.7 3560.7 77.523 995.21 3586.4 83.541 997.21 3638.3 111.95
2.8083 1036.6 3574.2 77.566 994.99 3598.6 83.781 996.55 3649.8 112.13
2.8167 1037.3 3587.8 77.68 994.7 3610.7 84.028 995.76 3661.5 112.32
2.825 1038 3601.5 77.878 994.36 3622.8 84.28 994.82 3673.2 112.51
2.8333 1038.5 3615.3 78.166 993.98 3634.9 84.533 993.73 3684.9 112.73
2.8417 1038.9 3629 78.545 993.57 3647 84.787 992.5 3696.7 112.98
2.85 1039.2 3642.6 79.012 993.16 3659 85.042 991.15 3708.5 113.27
2.8583 1039.3 3656.1 79.557 992.75 3670.9 85.298 989.67 3720.3 113.59
2.8667 1039.2 3669.4 80.163 992.37 3682.9 85.556 988.11 3731.9 113.96
2.875 1039 3682.5 80.809 992.01 3694.7 85.818 986.49 3743.5 114.37
2.8833 1038.7 3695.2 81.472 991.7 3706.6 86.084 984.84 3754.9 114.8
2.8917 1038.3 3707.7 82.134 991.43 3718.3 86.355 983.19 3766.2 115.25
2.9 1037.7 3719.8 82.772 991.2 3729.9 86.631 981.57 3777.3 115.72
2.9083 1037.1 3731.7 83.378 991.01 3741.4 86.91 980.01 3788.3 116.18
2.9167 1036.4 3743.3 83.949 990.86 3752.8 87.19 978.52 3799.2 116.63
2.925 1035.7 3754.7 84.488 990.75 3763.9 87.47 977.13 3810 117.06
2.9333 1035 3766 85.001 990.65 3774.9 87.745 975.84 3820.8 117.47
2.9417 1034.2 3777.2 85.497 990.57 3785.6 88.012 974.66 3831.4 117.85
2.95 1033.5 3788.3 85.986 990.49 3796.1 88.269 973.59 3842.1 118.2
2.9583 1032.7 3799.4 86.477 990.41 3806.4 88.512 972.62 3852.7 118.52
2.9667 1031.9 3810.5 86.981 990.32 3816.6 88.741 971.74 3863.4 118.84
2.975 1031.1 3821.6 87.506 990.2 3826.6 88.954 970.94 3874 119.14
2.9833 1030.4 3832.6 88.063 990.06 3836.4 89.154 970.2 3884.7 119.44
2.9917 1029.7 3843.5 88.656 989.88 3846.1 89.341 969.5 3895.4 119.75
3 1029 3854.4 89.29 989.68 3855.8 89.519 968.82 3906 120.08
3.0083 1028.3 3865.2 89.966 989.44 3865.4 89.692 968.16 3916.7 120.42
3.0167 1027.7 3875.8 90.685 989.17 3875 89.864 967.5 3927.3 120.77
3.025 1027.1 3886.4 91.444 988.88 3884.5 90.039 966.82 3938 121.14
3.0333 1026.6 3896.8 92.238 988.57 3894.1 90.222 966.13 3948.6 121.52
3.0417 1026.1 3907 93.063 988.24 3903.7 90.417 965.42 3959.1 121.9
3.05 1025.6 3917.2 93.912 987.91 3913.4 90.627 964.68 3969.7 122.28
3.0583 1025.1 3927.3 94.779 987.57 3923.1 90.856 963.93 3980.2 122.65
3.0667 1024.6 3937.3 95.655 987.24 3932.8 91.103 963.16 3990.7 123
3.075 1024.1 3947.3 96.542 986.91 3942.5 91.373 962.37 4001.2 123.34
3.0833 1023.7 3957.2 97.428 986.58 3952.3 91.663 961.58 4011.7 123.66
3.0917 1023.2 3967.1 98.311 986.25 3962.2 91.975 960.78 4022.1 123.96
3.1 1022.7 3977 99.189 985.92 3972.1 92.306 959.99 4032.5 124.25
3.1083 1022.2 3986.9 100.06 985.58 3982.1 92.656 959.19 4042.8 124.53
3.1167 1021.6 3996.8 100.92 985.22 3992.1 93.024 958.4 4053.2 124.82
3.125 1021 4006.6 101.77 984.83 4002.2 93.408 957.6 4063.5 125.11
3.1333 1020.4 4016.5 102.61 984.4 4012.3 93.807 956.8 4073.8 125.41
3.1417 1019.8 4026.3 103.44 983.92 4022.5 94.218 955.99 4084 125.73
3.15 1019.2 4036.1 104.25 983.38 4032.8 94.639 955.18 4094.2 126.06
3.1583 1018.6 4045.9 105.05 982.79 4043.1 95.069 954.35 4104.4 126.4
3.1667 1018.1 4055.7 105.82 982.14 4053.5 95.504 953.51 4114.6 126.76
3.175 1017.5 4065.6 106.57 981.43 4063.9 95.941 952.66 4124.8 127.12
3.1833 1017.1 4075.6 107.29 980.67 4074.4 96.379 951.79 4135 127.48
3.1917 1016.7 4085.7 107.97 979.88 4084.9 96.814 950.91 4145.2 127.83
3.2 1016.3 4095.9 108.61 979.05 4095.4 97.244 950.02 4155.5 128.17
3.2083 1016 4106.3 109.2 978.21 4106 97.669 949.12 4165.7 128.5
3.2167 1015.8 4116.8 109.74 977.36 4116.6 98.088 948.21 4176 128.82
3.225 1015.7 4127.6 110.22 976.52 4127.2 98.502 947.3 4186.4 129.12
3.2333 1015.7 4138.5 110.66 975.69 4137.9 98.909 946.37 4196.7 129.42
3.2417 1015.7 4149.6 111.05 974.87 4148.6 99.311 945.43 4207.1 129.7
3.25 1015.7 4160.9 111.4 974.08 4159.3 99.711 944.48 4217.5 129.98
3.2583 1015.6 4172.4 111.73 973.3 4170.1 100.11 943.5 4227.9 130.27
3.2667 1015.5 4184 112.04 972.53 4180.9 100.5 942.48 4238.3 130.56
3.275 1015.3 4195.6 112.33 971.78 4191.7 100.89 941.43 4248.8 130.87
3.2833 1015.1 4207.3 112.6 971.01 4202.5 101.26 940.33 4259.2 131.2
3.2917 1014.7 4219.1 112.85 970.24 4213.3 101.63 939.18 4269.6 131.54
3.3 1014.3 4230.8 113.09 969.46 4224.2 101.98 937.96 4280 131.91
3.3083 1013.7 4242.6 113.31 968.65 4235 102.31 936.67 4290.5 132.31
3.3167 1013.2 4254.4 113.51 967.83 4245.8 102.61 935.32 4300.9 132.72
3.325 1012.5 4266.3 113.72 966.98 4256.7 102.87 933.89 4311.4 133.16
3.3333 1011.9 4278.2 113.91 966.11 4267.5 103.1 932.4 4321.8 133.62
3.3417 1011.1 4290.2 114.09 965.21 4278.4 103.28 930.85 4332.3 134.1
3.35 1010.3 4302.4 114.27 964.3 4289.2 103.43 929.23 4342.7 134.6
3.3583 1009.4 4314.6 114.45 963.37 4300.1 103.55 927.56 4353.1 135.1
3.3667 1008.4 4326.9 114.62 962.4 4311 103.64 925.85 4363.5 135.61
3.375 1007.4 4339.2 114.77 961.4 4321.9 103.7 924.1 4373.9 136.12
3.3833 1006.2 4351.4 114.92 960.35 4332.8 103.75 922.31 4384.3 136.63
3.3917 1005 4363.6 115.05 959.23 4343.7 103.81 920.49 4394.7 137.11
3.4 1003.7 4375.7 115.17 958.03 4354.6 103.88 918.65 4405 137.57
3.4083 1002.3 4387.5 115.28 956.72 4365.5 103.98 916.76 4415.3 138.01
3.4167 1000.9 4399.1 115.39 955.28 4376.3 104.12 914.84 4425.6 138.41
3.425 999.45 4410.5 115.5 953.7 4387.1 104.3 912.87 4435.9 138.76
3.4333 998 4421.5 115.62 951.96 4397.7 104.55 910.84 4446.1 139.08
3.4417 996.54 4432.3 115.75 950.04 4408.2 104.85 908.74 4456.3 139.36
3.45 995.08 4442.8 115.91 947.95 4418.5 105.22 906.54 4466.4 139.61
3.4583 993.62 4453 116.1 945.69 4428.6 105.64 904.23 4476.5 139.82
3.4667 992.15 4463 116.31 943.26 4438.6 106.12 901.78 4486.5 140.02
3.475 990.67 4472.8 116.54 940.67 4448.4 106.65 899.17 4496.4 140.21
3.4833 989.15 4482.4 116.79 937.95 4457.9 107.23 896.39 4506.3 140.41
3.4917 987.6 4491.9 117.04 935.11 4467.3 107.83 893.41 4516 140.61
3.5 985.98 4501.3 117.28 932.17 4476.5 108.46 890.21 4525.5 140.84
3.5083 984.23 4510.6 117.51 929.16 4485.5 109.11 886.77 4535 141.1
3.5167 982.33 4519.8 117.7 926.08 4494.4 109.77 883.1 4544.2 141.39
3.525 980.2 4528.9 117.87 922.96 4503.2 110.44 879.17 4553.3 141.72
3.5333 977.81 4537.8 118 919.79 4511.9 111.11 874.99 4562.3 142.09
3.5417 975.13 4546.5 118.1 916.59 4520.5 111.78 870.56 4571.1 142.5
3.55 972.16 4554.9 118.18 913.35 4528.9 112.46 865.89 4579.8 142.94
3.5583 968.93 4563.1 118.25 910.07 4537.3 113.15 860.98 4588.3 143.41
3.5667 965.48 4571.1 118.32 906.72 4545.7 113.84 855.85 4596.8 143.91
3.575 961.83 4578.8 118.4 903.31 4553.9 114.55 850.52 4605 144.43
3.5833 958.05 4586.2 118.5 899.82 4562.1 115.26 845.02 4613.2 144.97
3.5917 954.16 4593.5 118.62 896.23 4570.2 115.98 839.36 4621.3 145.53
3.6 950.18 4600.7 118.77 892.53 4578.2 116.7 833.57 4629.2 146.11
3.6083 946.16 4607.7 118.94 888.72 4586.2 117.43 827.69 4637 146.71
3.6167 942.12 4614.6 119.12 884.78 4594 118.16 821.72 4644.8 147.32
3.625 938.06 4621.5 119.32 880.73 4601.8 118.88 815.71 4652.4 147.94
3.6333 934.02 4628.4 119.53 876.54 4609.5 119.59 809.67 4659.8 148.57
3.6417 929.98 4635.4 119.74 872.23 4617.2 120.27 803.63 4667.2 149.2
3.65 925.94 4642.4 119.93 867.8 4624.7 120.94 797.6 4674.4 149.83
3.6583 921.9 4649.4 120.13 863.25 4632.3 121.58 791.58 4681.6 150.46
3.6667 917.83 4656.4 120.31 858.59 4639.7 122.18 785.6 4688.6 151.07
3.675 913.73 4663.5 120.49 853.82 4647.2 122.76 779.64 4695.5 151.67
3.6833 909.57 4670.5 120.67 848.95 4654.6 123.3 773.72 4702.4 152.24
3.6917 905.33 4677.6 120.86 843.97 4662 123.82 767.81 4709.2 152.8
3.7 901.03 4684.6 121.06 838.9 4669.4 124.3 761.92 4715.9 153.32
3.7083 896.63 4691.6 121.28 833.74 4676.7 124.76 756.03 4722.6 153.83
3.7167 892.15 4698.6 121.54 828.48 4683.9 125.21 750.12 4729.2 154.31
3.725 887.57 4705.6 121.84 823.13 4691.2 125.63 744.17 4735.8 154.77
3.7333 882.88 4712.5 122.19 817.7 4698.3 126.04 738.19 4742.3 155.22
3.7417 878.07 4719.4 122.59 812.16 4705.4 126.44 732.14 4748.8 155.66
3.75 873.14 4726.4 123.05 806.54 4712.4 126.83 726.02 4755.2 156.08
3.7583 868.06 4733.3 123.55 800.81 4719.2 127.22 719.82 4761.5 156.5
3.7667 862.82 4740.3 124.1 794.98 4726 127.61 713.53 4767.8 156.91
3.775 857.42 4747.3 124.68 789.05 4732.6 128 707.15 4773.9 157.3
3.7833 851.84 4754.2 125.3 783 4739.1 128.4 700.68 4780 157.69
3.7917 846.07 4761.3 125.92 776.84 4745.5 128.81 694.11 4785.9 158.06
3.8 840.14 4768.3 126.56 770.55 4751.8 129.23 687.45 4791.7 158.42
3.8083 834.03 4775.3 127.19 764.13 4757.9 129.67 680.7 4797.4 158.76
3.8167 827.76 4782.3 127.81 757.56 4764 130.14 673.87 4802.9 159.09
3.825 821.33 4789.3 128.4 750.86 4769.9 130.64 666.94 4808.2 159.4
3.8333 814.76 4796.4 128.96 744 4775.8 131.17 659.92 4813.5 159.71
3.8417 808.02 4803.4 129.49 737 4781.6 131.73 652.8 4818.6 160.01
3.85 801.13 4810.5 129.97 729.84 4787.2 132.33 645.58 4823.5 160.31
3.8583 794.04 4817.6 130.4 722.54 4792.9 132.96 638.26 4828.3 160.63
3.8667 786.75 4824.8 130.8 715.08 4798.4 133.62 630.82 4833 160.96
3.875 779.23 4832 131.16 707.49 4803.8 134.32 623.26 4837.6 161.32
3.8833 771.49 4839.2 131.49 699.76 4809.2 135.03 615.56 4842 161.7
3.8917 763.49 4846.5 131.81 691.91 4814.5 135.77 607.73 4846.3 162.11
3.9 755.25 4853.8 132.15 683.94 4819.6 136.52 599.77 4850.5 162.54
3.9083 746.77 4861.1 132.51 675.86 4824.7 137.29 591.67 4854.6 163
3.9167 738.07 4868.4 132.93 667.67 4829.7 138.06 583.43 4858.6 163.48
3.925 729.18 4875.5 133.42 659.4 4834.7 138.83 575.07 4862.6 163.97
3.9333 720.15 4882.5 134.01 651.05 4839.5 139.62 566.59 4866.4 164.48
3.9417 711 4889.4 134.69 642.63 4844.3 140.41 558.02 4870.2 164.99
3.95 701.79 4896 135.49 634.16 4849.1 141.21 549.36 4873.8 165.51
3.9583 692.57 4902.4 136.4 625.65 4853.8 142.02 540.63 4877.4 166.03
3.9667 683.38 4908.6 137.41 617.12 4858.5 142.85 531.86 4880.9 166.55
3.975 674.26 4914.5 138.5 608.59 4863.2 143.7 523.06 4884.4 167.08
3.9833 665.26 4920.1 139.66 600.09 4867.8 144.56 514.25 4887.7 167.62
3.9917 656.4 4925.5 140.85 591.65 4872.5 145.45 505.45 4891 168.17
4 647.71 4930.6 142.06 583.28 4877 146.35 496.66 4894.2 168.75
4.0083 639.19 4935.5 143.26 575.03 4881.6 147.27 487.89 4897.3 169.34
4.0167 630.83 4940.2 144.44 566.9 4886.1 148.2 479.16 4900.4 169.95
4.025 622.57 4944.8 145.6 558.92 4890.4 149.15 470.47 4903.4 170.58
4.0333 614.4 4949.2 146.74 551.1 4894.7 150.09 461.82 4906.3 171.23
4.0417 606.25 4953.5 147.87 543.45 4898.9 151.05 453.22 4909.2 171.88
4.05 598.1 4957.7 148.99 535.97 4902.9 152 444.67 4912 172.55
4.0583 589.93 4961.7 150.11 528.65 4906.8 152.96 436.17 4914.8 173.22
4.0667 581.71 4965.6 151.26 521.47 4910.6 153.93 427.73 4917.5 173.89
4.075 573.46 4969.5 152.45 514.4 4914.2 154.9 419.34 4920.1 174.55
4.0833 565.19 4973.2 153.68 507.42 4917.7 155.89 411.01 4922.8 175.2
4.0917 556.91 4976.8 154.96 500.51 4921.1 156.9 402.74 4925.3 175.84
4.1 548.65 4980.4 156.31 493.62 4924.4 157.94 394.54 4927.8 176.48
4.1083 540.43 4983.8 157.73 486.74 4927.6 159.01 386.41 4930.2 177.11
4.1167 532.28 4987.2 159.2 479.83 4930.7 160.11 378.35 4932.5 177.72
4.125 524.22 4990.5 160.74 472.88 4933.7 161.25 370.36 4934.7 178.34
4.1333 516.24 4993.8 162.33 465.87 4936.6 162.42 362.44 4936.9 178.95
4.1417 508.36 4997 163.97 458.78 4939.5 163.62 354.58 4938.9 179.55
4.15 500.56 5000.1 165.65 451.64 4942.3 164.85 346.77 4940.9 180.15
4.1583 492.82 5003.2 167.37 444.42 4945 166.11 339.02 4942.7 180.74
4.1667 485.12 5006.2 169.11 437.13 4947.7 167.38 331.29 4944.4 181.31
4.175 477.45 5009.1 170.88 429.78 4950.2 168.67 323.59 4946 181.88
4.1833 469.79 5012 172.68 422.39 4952.7 169.97 315.91 4947.6 182.43
4.1917 462.13 5014.7 174.49 414.95 4955 171.28 308.21 4949 182.95
4.2 454.46 5017.3 176.32 407.47 4957.3 172.6 300.51 4950.3 183.46
4.2083 446.77 5019.8 178.17 399.95 4959.4 173.93 292.78 4951.5 183.96
4.2167 439.08 5022.2 180.02 392.43 4961.4 175.29 285.01 4952.5 184.44
4.225 431.38 5024.6 181.88 384.85 4963.4 176.65 277.21 4953.5 184.9
4.2333 423.69 5026.8 183.73 377.24 4965.2 178.04 269.37 4954.3 185.36
4.2417 416.01 5029 185.56 369.58 4967 179.44 261.48 4955.1 185.82
4.25 408.35 5031.1 187.36 361.87 4968.6 180.85 253.56 4955.7 186.27
4.2583 400.72 5033.2 189.1 354.1 4970.2 182.28 245.6 4956.2 186.73
4.2667 393.11 5035.3 190.78 346.47 4971.6 183.71 236.76 4957.7 186.29
4.275 385.53 5037.3 192.39 338.54 4973 185.14 228.75 4958 186.79
4.2833 377.96 5039.4 193.91 330.52 4974.3 186.55 220.72 4958.2 187.3
4.2917 370.39 5041.4 195.33 322.41 4975.5 187.94 212.67 4958.3 187.82
4.3 362.8 5043.4 196.66 314.21 4976.7 189.29 204.61 4958.5 188.33
4.3083 355.16 5045.3 197.9 305.92 4977.7 190.6 196.54 4958.5 188.85
4.3167 347.45 5047.3 199.03 297.52 4978.6 191.85 188.44 4958.6 189.36
4.325 339.64 5049.2 200.08 289.04 4979.5 193.06 180.33 4958.6 189.86
4.3333 331.72 5051.1 201.04 280.48 4980.2 194.2 172.18 4958.6 190.34
4.3417 323.66 5052.9 201.92 271.83 4980.8 195.29 164 4958.5 190.81
4.35 315.47 5054.7 202.73 263.11 4981.4 196.32 155.77 4958.5 191.25
4.3583 307.13 5056.3 203.47 254.32 4981.8 197.31 147.49 4958.4 191.68
4.3667 298.65 5057.9 204.17 245.47 4982.2 198.25 139.16 4958.3 192.09
4.375 290.02 5059.4 204.82 236.57 4982.5 199.14 130.76 4958.2 192.48
4.3833 281.26 5060.7 205.43 227.63 4982.7 200 122.3 4958 192.86
4.3917 272.39 5061.9 206.02 218.64 4982.9 200.81 113.77 4957.8 193.23
4.4 263.4 5063 206.58 209.61 4983 201.59 105.18 4957.6 193.6
4.4083 254.33 5064 207.12 200.54 4983.1 202.33 96.534 4957.4 193.96
4.4167 245.17 5064.8 207.63 191.43 4983.1 203.03 87.824 4957.1 194.32
4.425 235.94 5065.5 208.11 182.26 4983.1 203.68 79.055 4956.8 194.68
4.4333 226.63 5066.1 208.57 173.04 4983 204.28 70.225 4956.5 195.04
4.4417 217.22 5066.6 209 163.74 4982.9 204.83 61.333 4956.2 195.39
4.45 207.71 5067 209.4 154.35 4982.8 205.32 52.372 4955.9 195.74
4.4583 198.06 5067.3 209.77 144.87 4982.6 205.76 43.335 4955.5 196.08
4.4667 188.24 5067.4 210.12 135.26 4982.4 206.15 34.213 4955.2 196.41
4.475 178.24 5067.3 210.44 125.51 4982.2 206.49 24.996 4954.8 196.72
4.4833 168.04 5067.1 210.75 115.62 4982 206.78 15.673 4954.3 197.01
4.4917 157.63 5066.6 211.04 105.56 4981.7 207.02 6.2382 4953.8 197.29
4.5 147.02 5065.9 211.33 95.347 4981.5 207.23 -3.315 4953.3 197.55
4.5083 136.21 5065 211.61 84.973 4981.2 207.41 -12.986 4952.7 197.8
4.5167 125.23 5063.7 211.89 74.445 4981 207.56 -22.772 4952 198.04
4.525 114.11 5062.3 212.16 63.781 4980.7 207.69 -32.661 4951.3 198.28
4.5333 102.9 5060.6 212.43 52.999 4980.4 207.79 -42.639 4950.5 198.52
4.5417 91.617 5058.7 212.69 42.125 4980 207.89 -52.685 4949.6 198.77
4.55 80.315 5056.6 212.94 31.189 4979.6 207.97 -62.776 4948.8 199.04
4.5583 69.03 5054.4 213.18 20.224 4979 208.05 -72.885 4947.8 199.31
4.5667 57.8 5052.2 213.41 9.263 4978.4 208.14 -82.987 4946.9 199.6
4.575 46.656 5049.9 213.63 -1.658 4977.6 208.24 -93.056 4946 199.89
4.5833 35.626 5047.7 213.86 -12.505 4976.7 208.36 -103.07 4945.1 200.18
4.5917 24.726 5045.6 214.09 -23.244 4975.6 208.5 -113.01 4944.2 200.46
4.6 13.963 5043.6 214.32 -33.846 4974.3 208.69 -122.85 4943.3 200.73
4.6083 3.3343 5041.8 214.57 -44.283 4972.9 208.91 -132.61 4942.4 200.97
4.6167 -7.1532 5040.1 214.82 -54.534 4971.3 209.18 -142.25 4941.4 201.18
4.625 -17.506 5038.5 215.06 -64.58 4969.6 209.51 -151.8 4940.4 201.36
4.6333 -27.707 5037 215.3 -74.411 4967.7 209.88 -161.25 4939.4 201.49
4.6417 -37.757 5035.5 215.53 -84.021 4965.8 210.3 -170.62 4938.2 201.59
4.65 -47.659 5033.9 215.74 -93.409 4963.8 210.75 -179.9 4936.9 201.65
4.6583 -57.432 5032.3 215.92 -102.58 4961.7 211.24 -189.1 4935.4 201.7
4.6667 -67.113 5030.7 216.08 -111.55 4959.6 211.75 -198.24 4933.7 201.73
4.675 -76.75 5029 216.19 -120.33 4957.5 212.27 -207.32 4931.8 201.77
4.6833 -86.38 5027.3 216.27 -128.95 4955.4 212.8 -216.34 4929.7 201.82
4.6917 -96.009 5025.5 216.29 -137.42 4953.3 213.31 -225.29 4927.3 201.9
4.7 -105.61 5023.5 216.27 -145.76 4951.1 213.81 -234.19 4924.8 202.02
4.7083 -115.18 5021.5 216.22 -154.02 4948.9 214.3 -243.03 4922 202.17
4.7167 -124.67 5019.3 216.13 -162.2 4946.7 214.76 -251.79 4919.1 202.37
4.725 -134.08 5016.9 216.02 -170.33 4944.5 215.2 -260.48 4916 202.6
4.7333 -143.38 5014.5 215.91 -178.44 4942.1 215.62 -269.08 4912.7 202.88
4.7417 -152.55 5011.9 215.8 -186.54 4939.6 216.02 -277.6 4909.3 203.18
4.75 -161.58 5009.1 215.71 -194.64 4937.1 216.41 -286.03 4905.8 203.51
4.7583 -170.45 5006.3 215.65 -202.76 4934.4 216.78 -294.37 4902.2 203.85
4.7667 -179.19 5003.4 215.6 -210.91 4931.6 217.15 -302.62 4898.6 204.2
4.775 -187.8 5000.3 215.58 -219.1 4928.6 217.51 -310.79 4894.8 204.56
4.7833 -196.3 4997.2 215.57 -227.31 4925.5 217.87 -318.88 4891 204.9
4.7917 -204.72 4993.9 215.56 -235.56 4922.3 218.22 -326.9 4887.1 205.24
4.8 -213.09 4990.6 215.55 -243.85 4919 218.55 -334.87 4883.2 205.57
4.8083 -221.41 4987.1 215.52 -252.16 4915.6 218.87 -342.8 4879.3 205.89
4.8167 -229.73 4983.6 215.46 -260.5 4912.1 219.17 -350.7 4875.3 206.19
4.825 -238.05 4980 215.37 -268.87 4908.6 219.45 -358.58 4871.3 206.47
4.8333 -246.39 4976.4 215.25 -277.26 4904.9 219.7 -366.47 4867.2 206.74
4.8417 -254.77 4972.7 215.09 -285.68 4901.2 219.92 -374.36 4863.2 206.98
4.85 -263.2 4969 214.91 -294.12 4897.4 220.11 -382.27 4859.1 207.21
4.8583 -271.69 4965.2 214.71 -302.58 4893.5 220.27 -390.21 4855 207.41
4.8667 -280.24 4961.4 214.49 -311.08 4889.6 220.4 -398.17 4850.9 207.59
4.875 -288.87 4957.5 214.27 -319.6 4885.5 220.5 -406.15 4846.8 207.75
4.8833 -297.57 4953.6 214.05 -328.15 4881.4 220.58 -414.16 4842.5 207.89
4.8917 -306.35 4949.6 213.83 -336.74 4877.1 220.63 -422.19 4838.3 208.01
4.9 -315.2 4945.5 213.64 -345.35 4872.8 220.66 -430.24 4833.9 208.13
4.9083 -324.1 4941.2 213.46 -353.99 4868.3 220.66 -438.3 4829.4 208.23
4.9167 -333.04 4936.8 213.31 -362.67 4863.8 220.64 -446.38 4824.9 208.33
4.925 -342.02 4932.3 213.18 -371.36 4859.1 220.59 -454.47 4820.2 208.44
4.9333 -351.01 4927.6 213.07 -380.08 4854.3 220.51 -462.57 4815.4 208.55
