0.0083333 -2.7239 4.278 98.186 -15.851 130.31 84.201 7.9581 140.82 83.97
0.016667 -1.7383 15.387 98.311 -13.998 141.25 84.065 10.1 150.05 83.901
0.025 -0.80912 26.689 98.404 -12.096 152.29 83.921 12.277 159.35 83.829
0.033333 0.075111 38.16 98.462 -10.167 163.41 83.772 14.485 168.75 83.75
0.041667 0.93171 49.777 98.483 -8.2365 174.56 83.626 16.721 178.24 83.66
0.05 1.7823 61.513 98.467 -6.3318 185.72 83.488 18.975 187.83 83.553
0.058333 2.6532 73.347 98.417 -4.4799 196.83 83.367 21.235 197.54 83.426
0.066667 3.569 85.25 98.337 -2.7052 207.87 83.272 23.483 207.37 83.278
0.075 4.5579 97.198 98.235 -1.0294 218.78 83.208 25.7 217.32 83.107
0.083333 5.6375 109.16 98.114 0.53068 229.53 83.186 27.863 227.38 82.918
0.091667 6.8228 121.12 97.982 1.9638 240.1 83.21 29.948 237.54 82.714
0.1 8.1142 133.05 97.843 3.2643 250.45 83.286 31.932 247.78 82.503
0.10833 9.4997 144.92 97.697 4.4323 260.59 83.417 33.793 258.09 82.294
0.11667 10.956 156.71 97.546 5.4729 270.49 83.604 35.515 268.43 82.094
0.125 12.454 168.4 97.389 6.3958 280.19 83.844 37.086 278.79 81.913
0.13333 13.966 179.98 97.222 7.2136 289.68 84.136 38.498 289.14 81.759
0.14167 15.469 191.45 97.043 7.9414 299.01 84.472 39.751 299.46 81.636
0.15 16.947 202.79 96.849 8.5951 308.19 84.848 40.848 309.73 81.549
0.15833 18.391 214.02 96.639 9.1892 317.26 85.255 41.798 319.95 81.5
0.16667 19.801 225.15 96.413 9.7379 326.24 85.687 42.611 330.11 81.488
0.175 21.175 236.2 96.173 10.252 335.18 86.137 43.3 340.22 81.513
0.18333 22.517 247.17 95.925 10.74 344.09 86.6 43.875 350.29 81.57
0.19167 23.83 258.09 95.674 11.204 352.99 87.069 44.347 360.34 81.656
0.2 25.116 268.97 95.428 11.648 361.91 87.543 44.723 370.38 81.767
0.20833 26.375 279.81 95.193 12.068 370.84 88.018 45.008 380.42 81.899
0.21667 27.602 290.61 94.974 12.463 379.81 88.494 45.204 390.49 82.048
0.225 28.787 301.37 94.776 12.828 388.8 88.971 45.311 400.59 82.21
0.23333 29.912 312.07 94.599 13.158 397.83 89.446 45.327 410.74 82.383
0.24167 30.957 322.72 94.442 13.448 406.9 89.919 45.25 420.94 82.565
0.25 31.9 333.29 94.302 13.696 416 90.391 45.078 431.18 82.754
0.25833 32.725 343.77 94.173 13.902 425.13 90.859 44.813 441.46 82.949
0.26667 33.417 354.16 94.051 14.063 434.32 91.319 44.456 451.77 83.149
0.275 33.975 364.46 93.928 14.185 443.55 91.771 44.012 462.09 83.351
0.28333 34.404 374.67 93.799 14.267 452.84 92.209 43.49 472.42 83.555
0.29167 34.722 384.8 93.66 14.318 462.19 92.63 42.9 482.75 83.758
0.3 34.952 394.87 93.507 14.339 471.61 93.03 42.252 493.07 83.96
0.30833 35.124 404.89 93.338 14.338 481.12 93.406 41.557 503.38 84.159
0.31667 35.269 414.88 93.151 14.319 490.72 93.757 40.828 513.67 84.354
0.325 35.416 424.84 92.948 14.287 500.41 94.08 40.074 523.94 84.544
0.33333 35.586 434.8 92.729 14.244 510.2 94.376 39.304 534.22 84.729
0.34167 35.795 444.75 92.499 14.191 520.09 94.645 38.524 544.49 84.909
0.35 36.048 454.72 92.26 14.13 530.07 94.89 37.741 554.78 85.085
0.35833 36.342 464.7 92.017 14.058 540.15 95.112 36.957 565.09 85.257
0.36667 36.665 474.69 91.776 13.972 550.32 95.315 36.175 575.43 85.426
0.375 37.002 484.71 91.543 13.869 560.58 95.501 35.398 585.8 85.59
0.38333 37.332 494.75 91.321 13.743 570.94 95.674 34.626 596.21 85.751
0.39167 37.637 504.83 91.117 13.592 581.39 95.833 33.861 606.65 85.906
0.4 37.899 514.95 90.932 13.411 591.93 95.98 33.105 617.13 86.054
0.40833 38.106 525.14 90.769 13.198 602.59 96.114 32.359 627.64 86.194
0.41667 38.247 535.41 90.626 12.952 613.35 96.235 31.623 638.17 86.322
0.425 38.316 545.79 90.501 12.673 624.24 96.343 30.899 648.73 86.437
0.43333 38.316 556.31 90.389 12.364 635.27 96.435 30.184 659.3 86.539
0.44167 38.25 566.99 90.284 12.027 646.43 96.511 29.477 669.9 86.626
0.45 38.123 577.84 90.182 11.663 657.74 96.573 28.774 680.51 86.698
0.45833 37.947 588.88 90.079 11.276 669.2 96.619 28.07 691.15 86.757
0.46667 37.732 600.11 89.972 10.866 680.81 96.653 27.357 701.83 86.806
0.475 37.474 611.52 89.859 10.431 692.56 96.678 26.631 712.56 86.846
0.48333 37.181 623.12 89.736 9.9673 704.43 96.697 25.885 723.35 86.881
0.49167 36.853 634.9 89.603 9.467 716.42 96.713 25.113 734.22 86.911
0.5 36.488 646.88 89.453 8.9205 728.5 96.729 24.312 745.19 86.939
0.50833 36.081 659.07 89.285 8.3166 740.66 96.75 23.48 756.28 86.962
0.51667 35.63 671.49 89.097 7.643 752.88 96.778 22.617 767.49 86.981
0.525 35.128 684.17 88.891 6.8888 765.15 96.813 21.725 778.85 86.99
0.53333 34.572 697.1 88.669 6.0457 777.46 96.856 20.807 790.35 86.984
0.54167 33.967 710.33 88.437 5.1092 789.81 96.907 19.866 801.99 86.96
0.55 33.319 723.83 88.204 4.0811 802.19 96.964 18.905 813.78 86.913
0.55833 32.64 737.6 87.981 2.9694 814.63 97.024 17.925 825.69 86.838
0.56667 31.945 751.6 87.781 1.7894 827.12 97.083 16.927 837.72 86.734
0.575 31.252 765.79 87.619 0.56339 839.67 97.136 15.907 849.85 86.604
0.58333 30.571 780.1 87.507 -0.6816 852.3 97.18 14.863 862.05 86.452
0.59167 29.909 794.45 87.456 -1.9133 865.01 97.208 13.791 874.31 86.284
0.6 29.263 808.78 87.471 -3.0983 877.79 97.215 12.684 886.6 86.113
0.60833 28.629 823 87.555 -4.2031 890.63 97.196 11.542 898.91 85.95
0.61667 27.997 837.06 87.703 -5.1971 903.52 97.145 10.365 911.23 85.808
0.625 27.356 850.9 87.904 -6.0544 916.43 97.057 9.1584 923.55 85.7
0.63333 26.698 864.46 88.146 -6.7556 929.33 96.928 7.9338 935.85 85.635
0.64167 26.015 877.73 88.412 -7.289 942.17 96.753 6.7096 948.15 85.623
0.65 25.301 890.7 88.682 -7.6504 954.91 96.532 5.511 960.45 85.664
0.65833 24.548 903.37 88.942 -7.8437 967.53 96.261 4.3695 972.74 85.758
0.66667 23.753 915.8 89.18 -7.8789 979.98 95.944 3.3212 985.04 85.896
0.675 22.916 928.03 89.392 -7.7711 992.24 95.582 2.4051 997.35 86.067
0.68333 22.05 940.11 89.575 -7.5386 1004.3 95.179 1.6615 1009.7 86.254
0.69167 21.176 952.1 89.728 -7.2009 1016.2 94.741 1.1274 1022 86.441
0.7 20.329 964.03 89.851 -6.7767 1027.8 94.275 0.83575 1034.4 86.607
0.70833 19.548 975.93 89.946 -6.2831 1039.3 93.787 0.81239 1046.8 86.737
0.71667 18.871 987.79 90.015 -5.733 1050.6 93.285 1.0745 1059.2 86.815
0.725 18.338 999.63 90.062 -5.1359 1061.9 92.774 1.6296 1071.6 86.83
0.73333 17.974 1011.4 90.093 -4.4972 1073 92.261 2.4758 1084.1 86.776
0.74167 17.804 1023.2 90.115 -3.8184 1084.1 91.749 3.6017 1096.5 86.65
0.75 17.832 1034.9 90.132 -3.0988 1095.2 91.241 4.9886 1108.9 86.455
0.75833 18.047 1046.5 90.153 -2.3364 1106.3 90.738 6.6107 1121.3 86.197
0.76667 18.438 1058.1 90.18 -1.5282 1117.4 90.239 8.4385 1133.7 85.885
0.775 18.975 1069.6 90.22 -0.67242 1128.5 89.742 10.44 1146.1 85.53
0.78333 19.625 1081.1 90.275 0.23202 1139.7 89.244 12.584 1158.4 85.145
0.79167 20.351 1092.5 90.348 1.1844 1150.8 88.743 14.837 1170.6 84.743
0.8 21.117 1103.8 90.442 2.1826 1162 88.236 17.174 1182.8 84.333
0.80833 21.897 1115.1 90.556 3.2243 1173.2 87.723 19.57 1195 83.927
0.81667 22.666 1126.5 90.689 4.3051 1184.4 87.202 22.005 1207.1 83.53
0.825 23.41 1137.8 90.839 5.4222 1195.6 86.677 24.467 1219.2 83.149
0.83333 24.128 1149.2 91.003 6.5728 1206.8 86.151 26.944 1231.3 82.785
0.84167 24.825 1160.5 91.175 7.7543 1218 85.629 29.43 1243.3 82.44
0.85 25.514 1171.9 91.353 8.9669 1229.3 85.116 31.924 1255.2 82.112
0.85833 26.214 1183.3 91.53 10.211 1240.5 84.62 34.423 1267.2 81.8
0.86667 26.947 1194.7 91.703 11.488 1251.9 84.145 36.928 1279.1 81.502
0.875 27.733 1206.1 91.868 12.802 1263.3 83.697 39.44 1291 81.217
0.88333 28.591 1217.5 92.022 14.155 1274.7 83.281 41.96 1302.8 80.942
0.89167 29.535 1229 92.162 15.553 1286.3 82.899 44.488 1314.7 80.677
0.9 30.569 1240.5 92.289 17 1298 82.554 47.025 1326.5 80.422
0.90833 31.701 1251.9 92.401 18.5 1309.8 82.244 49.57 1338.3 80.177
0.91667 32.927 1263.5 92.499 20.059 1321.8 81.971 52.125 1350.1 79.942
0.925 34.244 1275.1 92.583 21.681 1333.8 81.733 54.688 1361.8 79.72
0.93333 35.648 1286.7 92.656 23.374 1346 81.528 57.261 1373.6 79.511
0.94167 37.133 1298.5 92.719 25.141 1358.3 81.355 59.843 1385.4 79.317
0.95 38.696 1310.3 92.774 26.992 1370.7 81.213 62.438 1397.2 79.136
0.95833 40.335 1322.3 92.826 28.933 1383.1 81.102 65.048 1409 78.972
0.96667 42.046 1334.4 92.878 30.972 1395.7 81.023 67.678 1420.9 78.822
0.975 43.823 1346.7 92.936 33.116 1408.4 80.974 70.332 1432.8 78.687
0.98333 45.652 1359.1 93.003 35.37 1421.1 80.957 73.016 1444.7 78.567
0.99167 47.514 1371.7 93.078 37.742 1434 80.97 75.739 1456.6 78.46
1 49.394 1384.4 93.16 40.232 1446.9 81.013 78.507 1468.6 78.368
1.0083 51.284 1397.2 93.249 42.844 1459.9 81.083 81.327 1480.7 78.289
1.0167 53.185 1410.2 93.337 45.577 1473.1 81.17 84.208 1492.7 78.225
1.025 55.111 1423.2 93.424 48.428 1486.3 81.276 87.155 1504.9 78.176
1.0333 57.085 1436.3 93.506 51.394 1499.6 81.386 90.175 1517 78.145
1.0417 59.129 1449.6 93.582 54.47 1513 81.494 93.27 1529.3 78.133
1.05 61.265 1463 93.65 57.649 1526.4 81.587 96.444 1541.6 78.142
1.0583 63.512 1476.6 93.71 60.924 1540 81.662 99.698 1554 78.174
1.0667 65.88 1490.4 93.757 64.287 1553.7 81.71 103.03 1566.4 78.229
1.075 68.377 1504.5 93.787 67.732 1567.4 81.721 106.44 1579 78.308
1.0833 71.001 1518.9 93.792 71.249 1581.1 81.694 109.92 1591.7 78.407
1.0917 73.741 1533.5 93.761 74.82 1594.9 81.629 113.46 1604.4 78.525
1.1 76.585 1548.3 93.681 78.437 1608.7 81.525 117.07 1617.3 78.655
1.1083 79.513 1563.3 93.539 82.081 1622.5 81.389 120.72 1630.2 78.79
1.1167 82.507 1578.5 93.323 85.73 1636.3 81.227 124.4 1643.3 78.923
1.125 85.547 1593.6 93.026 89.359 1650 81.043 128.12 1656.4 79.043
1.1333 88.621 1608.8 92.648 92.942 1663.6 80.847 131.84 1669.6 79.144
1.1417 91.733 1623.8 92.192 96.456 1677.2 80.651 135.55 1682.8 79.216
1.15 94.886 1638.7 91.67 99.873 1690.7 80.461 139.24 1696.1 79.256
1.1583 98.085 1653.3 91.097 103.17 1704 80.286 142.89 1709.4 79.261
1.1667 101.33 1667.7 90.492 106.32 1717.3 80.131 146.47 1722.6 79.234
1.175 104.63 1681.8 89.875 109.32 1730.4 80.001 149.96 1735.9 79.179
1.1833 107.95 1695.6 89.265 112.15 1743.4 79.9 153.34 1749.1 79.104
1.1917 111.3 1709.2 88.679 114.8 1756.2 79.828 156.58 1762.3 79.019
1.2 114.66 1722.5 88.124 117.29 1768.8 79.784 159.67 1775.4 78.936
1.2083 118.04 1735.6 87.606 119.63 1781.3 79.769 162.59 1788.4 78.864
1.2167 121.43 1748.6 87.124 121.82 1793.7 79.778 165.33 1801.4 78.812
1.225 124.84 1761.4 86.68 123.89 1805.9 79.809 167.89 1814.4 78.787
1.2333 128.25 1774.2 86.27 125.87 1817.9 79.859 170.26 1827.3 78.793
1.2417 131.64 1786.9 85.893 127.77 1829.8 79.926 172.44 1840.2 78.829
1.25 135 1799.5 85.543 129.63 1841.6 80.008 174.47 1853.1 78.893
1.2583 138.29 1812 85.215 131.44 1853.3 80.103 176.34 1866 78.977
1.2667 141.51 1824.5 84.904 133.24 1864.9 80.213 178.07 1878.9 79.075
1.275 144.63 1836.9 84.605 135.03 1876.4 80.336 179.7 1891.8 79.176
1.2833 147.63 1849.2 84.313 136.82 1888 80.475 181.24 1904.7 79.273
1.2917 150.52 1861.4 84.025 138.6 1899.6 80.629 182.71 1917.6 79.36
1.3 153.28 1873.6 83.737 140.38 1911.2 80.801 184.12 1930.6 79.431
1.3083 155.93 1885.7 83.447 142.15 1922.8 80.99 185.49 1943.5 79.488
1.3167 158.49 1897.7 83.155 143.91 1934.5 81.196 186.82 1956.5 79.534
1.325 160.96 1909.7 82.861 145.66 1946.3 81.417 188.12 1969.4 79.576
1.3333 163.38 1921.6 82.563 147.38 1958.1 81.652 189.38 1982.4 79.624
1.3417 165.75 1933.5 82.262 149.09 1970 81.897 190.6 1995.3 79.689
1.35 168.11 1945.5 81.959 150.79 1982 82.148 191.77 2008.2 79.781
1.3583 170.45 1957.4 81.651 152.48 1994 82.399 192.89 2021.1 79.911
1.3667 172.78 1969.3 81.337 154.17 2006.2 82.645 193.95 2034 80.083
1.375 175.1 1981.1 81.017 155.86 2018.3 82.882 194.95 2046.8 80.3
1.3833 177.41 1993 80.687 157.56 2030.6 83.105 195.9 2059.6 80.56
1.3917 179.69 2004.9 80.347 159.28 2042.8 83.31 196.82 2072.4 80.857
1.4 181.93 2016.8 79.996 161.01 2055.2 83.495 197.71 2085.1 81.182
1.4083 184.13 2028.6 79.637 162.77 2067.6 83.658 198.58 2097.7 81.521
1.4167 186.28 2040.5 79.271 164.54 2080 83.799 199.47 2110.3 81.861
1.425 188.37 2052.4 78.907 166.32 2092.5 83.918 200.39 2122.9 82.189
1.4333 190.4 2064.3 78.552 168.12 2105 84.019 201.36 2135.5 82.493
1.4417 192.37 2076.2 78.216 169.92 2117.6 84.102 202.39 2148 82.764
1.45 194.28 2088.1 77.909 171.72 2130.3 84.171 203.49 2160.6 82.995
1.4583 196.14 2100.1 77.641 173.51 2143 84.23 204.67 2173.1 83.185
1.4667 197.96 2112.1 77.415 175.3 2155.8 84.28 205.94 2185.7 83.337
1.475 199.73 2124.2 77.232 177.09 2168.6 84.325 207.28 2198.3 83.455
1.4833 201.48 2136.4 77.089 178.87 2181.4 84.367 208.68 2211 83.545
1.4917 203.22 2148.8 76.977 180.65 2194.4 84.407 210.14 2223.7 83.618
1.5 204.97 2161.3 76.886 182.43 2207.4 84.447 211.63 2236.5 83.678
1.5083 206.75 2173.9 76.805 184.21 2220.4 84.487 213.15 2249.3 83.735
1.5167 208.55 2186.8 76.73 185.99 2233.5 84.527 214.67 2262.1 83.79
1.525 210.39 2199.8 76.657 187.76 2246.7 84.569 216.19 2275.1 83.848
1.5333 212.25 2213 76.588 189.52 2260 84.613 217.69 2288.1 83.907
1.5417 214.11 2226.2 76.522 191.26 2273.3 84.66 219.17 2301.1 83.965
1.55 215.95 2239.6 76.459 192.97 2286.7 84.711 220.63 2314.3 84.018
1.5583 217.77 2253.2 76.392 194.65 2300.2 84.77 222.06 2327.4 84.06
1.5667 219.55 2266.9 76.32 196.29 2313.8 84.838 223.48 2340.7 84.087
1.575 221.3 2280.8 76.24 197.87 2327.4 84.917 224.9 2354 84.092
1.5833 223.03 2295 76.147 199.39 2341.1 85.009 226.31 2367.4 84.073
1.5917 224.74 2309.4 76.042 200.86 2354.9 85.115 227.75 2380.9 84.028
1.6 226.46 2324.1 75.925 202.27 2368.7 85.236 229.2 2394.5 83.956
1.6083 228.19 2339.1 75.804 203.63 2382.5 85.369 230.69 2408.1 83.858
1.6167 229.95 2354.4 75.686 204.95 2396.4 85.513 232.22 2421.8 83.738
1.625 231.75 2369.9 75.587 206.26 2410.3 85.661 233.78 2435.5 83.601
1.6333 233.57 2385.5 75.524 207.56 2424.2 85.808 235.38 2449.3 83.455
1.6417 235.41 2401.2 75.514 208.89 2438.2 85.948 237 2463 83.307
1.65 237.25 2416.9 75.573 210.27 2452.1 86.071 238.65 2476.8 83.164
1.6583 239.06 2432.5 75.713 211.72 2466.1 86.172 240.32 2490.5 83.037
1.6667 240.84 2448 75.937 213.26 2480.1 86.242 241.99 2504.2 82.934
1.675 242.54 2463.2 76.241 214.9 2494.1 86.275 243.65 2517.9 82.862
1.6833 244.18 2478.1 76.614 216.66 2508 86.267 245.31 2531.5 82.83
1.6917 245.74 2492.8 77.038 218.55 2521.9 86.215 246.96 2545 82.843
1.7 247.22 2507.1 77.487 220.56 2535.7 86.116 248.62 2558.5 82.905
1.7083 248.63 2521.1 77.939 222.69 2549.3 85.971 250.28 2571.9 83.016
1.7167 249.98 2534.8 78.371 224.93 2562.9 85.781 251.98 2585.3 83.174
1.725 251.3 2548.3 78.771 227.27 2576.3 85.548 253.72 2598.6 83.374
1.7333 252.59 2561.6 79.129 229.68 2589.6 85.276 255.55 2611.9 83.609
1.7417 253.89 2574.8 79.44 232.16 2602.6 84.97 257.49 2625.2 83.865
1.75 255.21 2587.8 79.704 234.68 2615.4 84.632 259.55 2638.4 84.13
1.7583 256.58 2600.8 79.919 237.23 2628.1 84.267 261.78 2651.7 84.39
1.7667 258.02 2613.6 80.096 239.8 2640.5 83.882 264.19 2664.9 84.629
1.775 259.56 2626.4 80.233 242.38 2652.8 83.475 266.79 2678.1 84.833
1.7833 261.22 2639.2 80.35 244.96 2664.9 83.055 269.58 2691.3 84.993
1.7917 263 2651.8 80.456 247.56 2676.9 82.625 272.57 2704.4 85.1
1.8 264.94 2664.3 80.564 250.17 2688.8 82.189 275.73 2717.5 85.15
1.8083 267.03 2676.7 80.685 252.79 2700.6 81.75 279.05 2730.6 85.145
1.8167 269.26 2689 80.828 255.45 2712.3 81.312 282.5 2743.6 85.091
1.825 271.63 2701.2 81.001 258.14 2724.1 80.878 286.06 2756.5 84.995
1.8333 274.1 2713.3 81.207 260.87 2735.8 80.453 289.7 2769.4 84.868
1.8417 276.67 2725.3 81.447 263.65 2747.6 80.039 293.38 2782.2 84.724
1.85 279.3 2737.3 81.722 266.49 2759.4 79.639 297.1 2794.9 84.575
1.8583 281.95 2749.1 82.025 269.38 2771.2 79.255 300.83 2807.6 84.432
1.8667 284.62 2761 82.355 272.33 2783.2 78.89 304.56 2820.1 84.303
1.875 287.27 2772.8 82.702 275.34 2795.1 78.544 308.28 2832.7 84.194
1.8833 289.9 2784.5 83.064 278.39 2807.2 78.221 312.01 2845.1 84.106
1.8917 292.51 2796.3 83.432 281.48 2819.3 77.92 315.74 2857.5 84.039
1.9 295.11 2808 83.803 284.61 2831.5 77.644 319.49 2869.9 83.987
1.9083 297.71 2819.7 84.174 287.78 2843.8 77.394 323.26 2882.2 83.945
1.9167 300.34 2831.3 84.543 290.97 2856.1 77.171 327.06 2894.5 83.905
1.925 303.02 2843 84.906 294.18 2868.6 76.977 330.9 2906.7 83.862
1.9333 305.78 2854.6 85.265 297.43 2881.1 76.811 334.78 2919 83.808
1.9417 308.64 2866.3 85.618 300.69 2893.7 76.676 338.71 2931.3 83.742
1.95 311.61 2878 85.963 303.99 2906.5 76.568 342.67 2943.5 83.662
1.9583 314.7 2889.7 86.298 307.32 2919.3 76.488 346.65 2955.8 83.57
1.9667 317.91 2901.5 86.62 310.69 2932.2 76.433 350.67 2968.1 83.472
1.975 321.23 2913.3 86.925 314.11 2945.1 76.4 354.69 2980.4 83.374
1.9833 324.66 2925.3 87.212 317.57 2958.1 76.388 358.73 2992.8 83.283
1.9917 328.17 2937.3 87.479 321.1 2971.2 76.393 362.77 3005.2 83.207
2 331.76 2949.5 87.722 324.71 2984.4 76.413 366.82 3017.6 83.151
2.0083 335.41 2961.7 87.945 328.39 2997.5 76.445 370.89 3030.1 83.121
2.0167 339.13 2974.1 88.15 332.16 3010.7 76.488 374.96 3042.6 83.117
2.025 342.88 2986.6 88.339 336.01 3023.9 76.538 379.07 3055.1 83.142
2.0333 346.66 2999.3 88.516 339.97 3037.2 76.598 383.21 3067.7 83.191
2.0417 350.46 3012 88.682 344.01 3050.5 76.668 387.39 3080.3 83.264
2.05 354.26 3024.8 88.837 348.16 3063.8 76.737 391.64 3092.9 83.355
2.0583 358.08 3037.8 88.981 352.4 3077.1 76.814 395.94 3105.6 83.463
2.0667 361.93 3050.7 89.112 356.75 3090.5 76.888 400.31 3118.3 83.585
2.075 365.81 3063.8 89.227 361.19 3103.9 76.957 404.75 3131.1 83.721
2.0833 369.75 3076.9 89.321 365.74 3117.3 77.016 409.24 3143.9 83.875
2.0917 373.75 3090.1 89.39 370.39 3130.8 77.061 413.79 3156.9 84.049
2.1 377.81 3103.5 89.426 375.15 3144.3 77.084 418.39 3169.9 84.249
2.1083 381.93 3117 89.421 380.02 3157.8 77.083 423.03 3183 84.48
2.1167 386.09 3130.7 89.365 385 3171.5 77.05 427.7 3196.2 84.744
2.125 390.26 3144.6 89.252 390.08 3185.1 76.983 432.41 3209.5 85.045
2.1333 394.45 3158.7 89.071 395.3 3198.9 76.878 436.58 3222.8 86.049
2.1417 398.65 3172.8 88.815 400.56 3212.6 76.739 441.34 3236.3 86.415
2.15 402.84 3187.1 88.48 405.87 3226.4 76.566 446.13 3249.9 86.799
2.1583 407.03 3201.4 88.065 411.21 3240.1 76.367 450.95 3263.6 87.189
2.1667 411.24 3215.7 87.574 416.53 3253.9 76.138 455.8 3277.2 87.567
2.175 415.47 3229.9 87.02 421.8 3267.6 75.896 460.69 3290.9 87.915
2.1833 419.75 3243.9 86.42 426.98 3281.3 75.649 465.6 3304.6 88.218
2.1917 424.1 3257.7 85.795 432.01 3294.9 75.406 470.54 3318.3 88.46
2.2 428.54 3271.3 85.168 436.87 3308.4 75.178 475.47 3331.9 88.635
2.2083 433.08 3284.6 84.56 441.52 3321.8 74.977 480.39 3345.5 88.737
2.2167 437.7 3297.7 83.992 445.94 3335 74.81 485.26 3358.9 88.771
2.225 442.41 3310.6 83.477 450.12 3348.1 74.686 490.06 3372.3 88.746
2.2333 447.18 3323.3 83.024 454.05 3360.9 74.611 494.74 3385.7 88.677
2.2417 452.01 3335.9 82.632 457.75 3373.6 74.586 499.29 3398.9 88.58
2.25 456.89 3348.4 82.296 461.24 3386 74.614 503.66 3412.1 88.477
2.2583 461.8 3360.8 82.006 464.56 3398.2 74.691 507.83 3425.2 88.388
2.2667 466.71 3373.1 81.751 467.74 3410.2 74.813 511.78 3438.3 88.328
2.275 471.59 3385.5 81.515 470.82 3422 74.974 515.5 3451.3 88.314
2.2833 476.4 3397.7 81.293 473.85 3433.7 75.174 518.98 3464.2 88.353
2.2917 481.09 3409.9 81.07 476.84 3445.2 75.402 522.24 3477.1 88.448
2.3 485.65 3422.1 80.839 479.82 3456.6 75.653 525.28 3489.9 88.6
2.3083 490.05 3434.1 80.594 482.82 3467.9 75.926 528.12 3502.7 88.8
2.3167 494.27 3446.1 80.333 485.82 3479.2 76.218 530.78 3515.4 89.038
2.325 498.32 3457.9 80.058 488.84 3490.4 76.525 533.3 3528.1 89.304
2.3333 502.2 3469.7 79.769 491.87 3501.6 76.848 535.7 3540.8 89.583
2.3417 505.92 3481.3 79.471 494.87 3512.9 77.186 538.01 3553.4 89.865
2.35 509.5 3492.9 79.168 497.85 3524.1 77.537 540.24 3566.1 90.142
2.3583 512.97 3504.4 78.864 500.79 3535.4 77.899 542.42 3578.7 90.409
2.3667 516.35 3515.9 78.56 503.66 3546.7 78.269 544.56 3591.3 90.665
2.375 519.66 3527.3 78.258 506.48 3558 78.643 546.66 3603.9 90.912
2.3833 522.92 3538.8 77.959 509.23 3569.3 79.014 548.74 3616.5 91.155
2.3917 526.14 3550.2 77.661 511.93 3580.7 79.376 550.78 3629 91.401
2.4 529.34 3561.7 77.359 514.59 3592.1 79.721 552.79 3641.5 91.657
2.4083 532.52 3573.2 77.051 517.22 3603.4 80.044 554.76 3654 91.93
2.4167 535.68 3584.6 76.735 519.83 3614.9 80.34 556.69 3666.4 92.225
2.425 538.81 3596.1 76.406 522.45 3626.3 80.604 558.57 3678.8 92.544
2.4333 541.91 3607.5 76.064 525.07 3637.8 80.835 560.41 3691.1 92.889
2.4417 544.97 3619 75.71 527.72 3649.3 81.034 562.2 3703.3 93.255
2.45 547.99 3630.5 75.349 530.38 3660.9 81.201 563.95 3715.4 93.639
2.4583 550.97 3642 74.987 533.05 3672.6 81.342 565.67 3727.5 94.033
2.4667 553.89 3653.6 74.631 535.74 3684.4 81.461 567.38 3739.5 94.43
2.475 556.78 3665.2 74.293 538.42 3696.3 81.562 569.09 3751.5 94.823
2.4833 559.62 3676.8 73.983 541.09 3708.3 81.65 570.82 3763.5 95.205
2.4917 562.42 3688.5 73.709 543.73 3720.4 81.729 572.58 3775.5 95.571
2.5 565.19 3700.2 73.478 546.35 3732.7 81.799 574.39 3787.4 95.918
2.5083 567.92 3712.1 73.293 548.94 3745.1 81.863 576.25 3799.3 96.244
2.5167 570.63 3724 73.151 551.49 3757.7 81.919 578.16 3811.3 96.55
2.525 573.31 3736.1 73.048 554.02 3770.4 81.965 580.14 3823.2 96.836
2.5333 575.97 3748.3 72.975 556.52 3783.3 81.999 582.17 3835.2 97.105
2.5417 578.62 3760.6 72.923 559.01 3796.2 82.02 584.25 3847.1 97.358
2.55 581.26 3773.1 72.884 561.49 3809.3 82.029 586.36 3859 97.598
2.5583 583.9 3785.7 72.855 563.97 3822.6 82.025 588.49 3870.8 97.826
2.5667 586.54 3798.5 72.836 566.44 3835.9 82.013 590.61 3882.6 98.044
2.575 589.17 3811.3 72.826 568.92 3849.3 81.998 592.71 3894.4 98.251
2.5833 591.79 3824.1 72.824 571.39 3862.7 81.987 594.78 3906.2 98.448
2.5917 594.39 3837 72.828 573.85 3876.2 81.988 596.8 3917.9 98.634
2.6 596.99 3850 72.831 576.27 3889.8 82.009 598.76 3929.7 98.807
2.6083 599.58 3863.2 72.828 578.65 3903.4 82.058 600.66 3941.5 98.966
2.6167 602.18 3876.4 72.813 580.96 3917.1 82.14 602.5 3953.4 99.11
2.625 604.79 3889.9 72.781 583.2 3930.7 82.261 604.3 3965.3 99.237
2.6333 607.44 3903.7 72.731 585.35 3944.4 82.42 606.05 3977.3 99.345
2.6417 610.13 3917.7 72.664 587.4 3958.2 82.616 607.77 3989.4 99.435
2.65 612.87 3932.1 72.585 589.36 3971.9 82.845 609.48 4001.6 99.504
2.6583 615.67 3946.7 72.507 591.23 3985.7 83.098 611.18 4013.8 99.554
2.6667 618.5 3961.6 72.444 593.02 3999.6 83.368 612.89 4026.2 99.585
2.675 621.36 3976.7 72.413 594.76 4013.4 83.642 614.59 4038.6 99.599
2.6833 624.23 3991.8 72.431 596.47 4027.3 83.912 616.29 4051 99.599
2.6917 627.07 4007 72.514 598.18 4041.2 84.168 617.98 4063.5 99.588
2.7 629.87 4022.1 72.669 599.91 4055.1 84.401 619.66 4076 99.57
2.7083 632.59 4037 72.901 601.68 4069 84.606 621.31 4088.5 99.551
2.7167 635.21 4051.7 73.204 603.52 4082.8 84.78 622.91 4101 99.538
2.725 637.71 4066.1 73.57 605.44 4096.6 84.921 624.46 4113.6 99.537
2.7333 640.09 4080.2 73.983 607.45 4110.2 85.029 625.96 4126.1 99.553
2.7417 642.32 4094.1 74.423 609.51 4123.7 85.115 627.96 4139.1 98.853
2.75 644.4 4107.6 74.871 611.73 4137 85.166 629.35 4151.7 98.918
2.7583 646.34 4120.9 75.314 614.03 4150.1 85.193 630.72 4164.4 99.008
2.7667 648.13 4134 75.742 616.42 4162.9 85.197 632.07 4177.2 99.122
2.775 649.79 4146.9 76.154 618.88 4175.6 85.183 633.44 4190 99.254
2.7833 651.32 4159.8 76.549 621.38 4188 85.15 634.87 4202.9 99.396
2.7917 652.75 4172.6 76.932 623.92 4200.1 85.1 636.38 4215.8 99.54
2.8 654.1 4185.5 77.305 626.47 4212 85.033 638 4228.8 99.675
2.8083 655.4 4198.3 77.674 629.08 4223.8 84.942 639.13 4241.3 100.57
2.8167 656.71 4211.1 78.053 631.63 4235.3 84.842 641.01 4254.2 100.67
2.825 658.03 4223.9 78.444 634.15 4246.7 84.724 643.06 4267 100.73
2.8333 659.44 4236.6 78.861 636.63 4258 84.593 645.27 4279.8 100.75
2.8417 660.94 4249.3 79.308 639.09 4269.3 84.449 647.64 4292.5 100.73
2.85 662.57 4261.9 79.791 641.52 4280.5 84.296 650.15 4305.1 100.67
2.8583 664.34 4274.4 80.309 643.92 4291.7 84.138 652.78 4317.6 100.56
2.8667 666.25 4286.8 80.862 646.3 4302.9 83.979 655.51 4330 100.42
2.875 668.28 4299.1 81.444 648.66 4314.1 83.821 658.31 4342.4 100.25
2.8833 670.42 4311.3 82.049 651.01 4325.4 83.669 661.15 4354.8 100.06
2.8917 672.63 4323.4 82.669 653.37 4336.8 83.525 664.01 4367.1 99.873
2.9 674.88 4335.5 83.296 655.72 4348.2 83.39 666.87 4379.4 99.687
2.9083 677.15 4347.5 83.923 658.08 4359.6 83.265 669.72 4391.7 99.512
2.9167 679.4 4359.4 84.543 660.45 4371.2 83.15 672.55 4404 99.353
2.925 681.61 4371.3 85.154 662.83 4382.8 83.046 675.35 4416.2 99.212
2.9333 683.78 4383.1 85.753 665.22 4394.6 82.953 678.14 4428.4 99.088
2.9417 685.92 4394.9 86.342 667.61 4406.4 82.869 680.91 4440.6 98.975
2.95 688.04 4406.6 86.922 670.01 4418.3 82.796 683.69 4452.7 98.869
2.9583 690.17 4418.3 87.495 672.4 4430.3 82.732 686.47 4464.8 98.762
2.9667 692.33 4429.9 88.064 674.78 4442.4 82.678 689.27 4476.8 98.649
2.975 694.57 4441.5 88.632 677.17 4454.6 82.634 692.09 4488.8 98.523
2.9833 696.92 4453.1 89.196 679.54 4466.9 82.6 694.94 4500.7 98.381
2.9917 699.39 4464.7 89.758 681.91 4479.3 82.576 697.82 4512.6 98.224
3 702 4476.3 90.311 684.28 4491.8 82.56 700.72 4524.4 98.054
3.0083 704.76 4488 90.848 686.65 4504.4 82.551 703.64 4536.3 97.874
3.0167 707.65 4499.8 91.362 689.03 4517 82.548 706.57 4548.2 97.693
3.025 710.65 4511.6 91.844 691.42 4529.7 82.549 709.5 4560 97.518
3.0333 713.75 4523.6 92.287 693.84 4542.5 82.551 712.42 4571.9 97.356
3.0417 716.91 4535.8 92.687 696.27 4555.3 82.554 715.33 4583.9 97.213
3.05 720.12 4548 93.039 698.74 4568.2 82.554 718.22 4595.9 97.093
3.0583 723.34 4560.5 93.352 701.25 4581.2 82.556 721.11 4607.8 96.997
3.0667 726.55 4573.1 93.623 703.79 4594.2 82.555 723.98 4619.9 96.925
3.075 729.74 4585.9 93.858 706.37 4607.3 82.55 726.86 4631.9 96.873
3.0833 732.89 4598.8 94.065 709 4620.4 82.547 729.74 4644 96.835
3.0917 736 4611.8 94.244 711.66 4633.7 82.54 732.65 4656 96.807
3.1 739.08 4624.9 94.4 714.37 4646.9 82.532 735.58 4668.1 96.784
3.1083 742.15 4638 94.532 717.11 4660.3 82.523 738.53 4680.2 96.764
3.1167 745.25 4651.3 94.641 719.9 4673.7 82.506 741.52 4692.4 96.75
3.125 748.38 4664.6 94.727 722.72 4687.2 82.481 744.52 4704.5 96.744
3.1333 751.55 4678 94.792 725.59 4700.7 82.445 747.53 4716.7 96.756
3.1417 754.77 4691.6 94.834 728.51 4714.3 82.393 750.54 4729 96.796
3.15 758 4705.3 94.85 731.49 4728 82.322 753.53 4741.3 96.878
3.1583 761.23 4719.2 94.84 734.51 4741.7 82.23 756.47 4753.7 97.015
3.1667 764.41 4733.2 94.797 737.6 4755.4 82.112 759.36 4766.1 97.217
3.175 767.51 4747.5 94.72 740.74 4769.2 81.975 762.17 4778.7 97.494
3.1833 770.5 4761.9 94.599 743.92 4783 81.815 764.9 4791.3 97.847
3.1917 773.38 4776.5 94.431 747.13 4796.8 81.639 767.55 4803.9 98.274
3.2 776.12 4791.2 94.21 750.36 4810.6 81.451 770.11 4816.7 98.766
3.2083 778.76 4805.9 93.938 753.55 4824.5 81.261 772.61 4829.5 99.308
3.2167 781.3 4820.5 93.616 756.7 4838.3 81.083 775.04 4842.3 99.88
3.225 783.78 4835 93.253 759.76 4852.1 80.919 777.42 4855.3 100.46
3.2333 786.25 4849.4 92.862 762.68 4865.8 80.786 779.77 4868.2 101.03
3.2417 788.73 4863.5 92.458 765.44 4879.5 80.694 782.09 4881.2 101.58
3.25 791.25 4877.3 92.055 768.01 4893.1 80.651 784.38 4894.2 102.07
3.2583 793.83 4891 91.669 770.35 4906.5 80.665 786.63 4907.3 102.53
3.2667 796.47 4904.3 91.313 772.46 4919.8 80.741 788.83 4920.4 102.93
3.275 799.19 4917.4 90.998 774.32 4932.8 80.881 790.96 4933.6 103.29
3.2833 801.95 4930.4 90.731 775.95 4945.7 81.085 792.98 4946.8 103.62
3.2917 804.76 4943.1 90.513 777.36 4958.3 81.35 794.86 4960 103.95
3.3 807.59 4955.8 90.342 778.57 4970.7 81.669 796.57 4973.2 104.28
3.3083 810.39 4968.3 90.213 779.61 4982.9 82.038 798.07 4986.5 104.64
3.3167 813.12 4980.8 90.121 780.51 4994.9 82.445 799.32 4999.7 105.03
3.325 815.72 4993.1 90.057 781.31 5006.8 82.88 800.31 5012.9 105.48
3.3333 818.13 5005.4 90.02 782.03 5018.4 83.349 801.02 5026.1 105.99
3.3417 820.31 5017.6 89.996 782.71 5030 83.834 801.45 5039.3 106.56
3.35 822.24 5029.8 89.981 783.34 5041.5 84.335 801.61 5052.5 107.17
3.3583 823.89 5041.8 89.969 783.96 5052.9 84.85 801.5 5065.7 107.84
3.3667 825.26 5053.7 89.956 784.56 5064.4 85.38 801.15 5078.8 108.54
3.375 826.36 5065.5 89.94 785.13 5075.9 85.926 800.6 5091.8 109.26
3.3833 827.22 5077.2 89.921 785.67 5087.3 86.488 799.86 5104.9 110.01
3.3917 827.87 5088.8 89.901 786.17 5098.9 87.071 798.96 5117.9 110.76
3.4 828.34 5100.3 89.879 786.61 5110.5 87.672 797.94 5130.9 111.52
3.4083 828.66 5111.7 89.858 786.98 5122.1 88.293 796.81 5143.8 112.28
3.4167 828.88 5123.1 89.84 787.27 5133.7 88.93 795.6 5156.7 113.05
3.425 829.01 5134.4 89.825 787.47 5145.4 89.579 794.31 5169.5 113.83
3.4333 829.1 5145.7 89.814 787.58 5157.1 90.234 792.96 5182.3 114.63
3.4417 829.14 5157 89.806 787.59 5168.7 90.887 791.55 5195 115.44
3.45 829.16 5168.3 89.797 787.51 5180.4 91.53 790.11 5207.7 116.27
3.4583 829.15 5179.6 89.785 787.35 5192.1 92.156 788.62 5220.2 117.12
3.4667 829.13 5190.9 89.763 787.1 5203.8 92.755 787.1 5232.6 117.98
3.475 829.08 5202.2 89.73 786.78 5215.6 93.323 785.57 5245 118.86
3.4833 829 5213.5 89.68 786.39 5227.4 93.857 784.02 5257.3 119.73
3.4917 828.9 5224.8 89.616 785.93 5239.2 94.354 782.47 5269.5 120.61
3.5 828.76 5236.2 89.536 785.39 5251.1 94.814 780.93 5281.7 121.47
3.5083 828.59 5247.6 89.446 784.79 5263.1 95.238 779.41 5293.8 122.32
3.5167 828.37 5259 89.355 784.12 5275.1 95.63 777.91 5305.9 123.14
3.525 828.1 5270.5 89.27 783.36 5287.2 95.992 776.43 5318 123.93
3.5333 827.77 5282 89.204 782.53 5299.4 96.328 774.98 5330 124.7
3.5417 827.37 5293.6 89.169 781.61 5311.6 96.638 773.56 5342.1 125.44
3.55 826.89 5305.2 89.173 780.59 5323.9 96.925 772.14 5354.2 126.15
3.5583 826.31 5316.9 89.222 779.48 5336.2 97.188 770.74 5366.2 126.85
3.5667 825.63 5328.7 89.314 778.28 5348.4 97.426 769.33 5378.3 127.52
3.575 824.83 5340.6 89.446 776.98 5360.7 97.638 767.9 5390.4 128.19
3.5833 823.91 5352.7 89.606 775.58 5372.9 97.823 766.45 5402.4 128.85
3.5917 822.89 5364.8 89.784 774.09 5385.1 97.98 764.96 5414.4 129.5
3.6 821.77 5377.2 89.968 772.51 5397.3 98.11 763.42 5426.4 130.15
3.6083 820.56 5389.6 90.149 770.85 5409.5 98.214 761.82 5438.3 130.81
3.6167 819.26 5402.2 90.325 769.1 5421.7 98.297 760.16 5450.2 131.47
3.625 817.85 5414.8 90.484 767.27 5433.9 98.364 758.43 5462.1 132.15
3.6333 816.32 5427.6 90.629 765.36 5446.2 98.424 756.61 5474 132.84
3.6417 814.66 5440.4 90.752 763.37 5458.5 98.482 754.7 5485.8 133.54
3.65 812.86 5453.3 90.847 761.29 5470.9 98.549 752.7 5497.7 134.26
3.6583 810.93 5466.4 90.912 759.13 5483.3 98.632 750.59 5509.5 134.99
3.6667 808.87 5479.6 90.947 756.87 5495.8 98.737 748.37 5521.3 135.74
3.675 806.72 5493.1 90.954 754.51 5508.4 98.868 746.04 5533.2 136.51
3.6833 804.48 5506.8 90.94 752.05 5520.9 99.029 743.57 5545.1 137.28
3.6917 802.18 5520.7 90.918 749.47 5533.5 99.219 740.98 5557 138.06
3.7 799.83 5534.9 90.903 746.79 5546 99.436 738.26 5568.9 138.84
3.7083 797.41 5549.4 90.917 744 5558.6 99.674 735.4 5580.8 139.6
3.7167 794.92 5563.9 90.982 741.1 5571.1 99.929 732.42 5592.7 140.35
3.725 792.37 5578.6 91.118 738.12 5583.5 100.19 729.3 5604.6 141.06
3.7333 789.73 5593.3 91.34 735.05 5595.9 100.46 726.06 5616.5 141.75
3.7417 786.98 5607.9 91.656 731.92 5608.2 100.73 722.7 5628.4 142.39
3.75 784.13 5622.3 92.067 728.76 5620.6 100.99 719.21 5640.3 143
3.7583 781.17 5636.6 92.562 725.59 5632.8 101.24 715.61 5652.2 143.57
3.7667 778.1 5650.5 93.125 722.43 5645.1 101.48 711.9 5664.1 144.11
3.775 774.93 5664.2 93.736 719.32 5657.3 101.7 708.08 5675.9 144.62
3.7833 771.68 5677.5 94.369 716.27 5669.4 101.91 704.15 5687.7 145.11
3.7917 768.36 5690.5 95.001 713.3 5681.5 102.12 700.12 5699.5 145.59
3.8 764.98 5703.1 95.615 710.43 5693.6 102.31 695.99 5711.2 146.07
3.8083 761.55 5715.5 96.201 707.66 5705.5 102.5 691.77 5722.9 146.55
3.8167 758.05 5727.7 96.759 704.99 5717.2 102.69 687.48 5734.6 147.04
3.825 754.48 5739.7 97.294 702.42 5728.8 102.88 683.12 5746.2 147.53
3.8333 750.81 5751.6 97.815 699.93 5740.1 103.08 678.71 5757.8 148.04
3.8417 747.05 5763.3 98.323 697.51 5751.2 103.27 674.27 5769.3 148.55
3.85 743.22 5775 98.835 695.13 5762.1 103.48 669.81 5780.8 149.06
3.8583 739.34 5786.6 99.361 692.76 5772.7 103.7 665.36 5792.3 149.56
3.8667 735.43 5798 99.901 690.4 5783 103.92 660.92 5803.7 150.04
3.875 731.52 5809.4 100.47 688.02 5793.2 104.16 656.51 5815.2 150.5
3.8833 727.65 5820.7 101.07 685.59 5803.2 104.41 652.15 5826.6 150.93
3.8917 723.84 5831.9 101.69 683.11 5813.1 104.66 647.85 5838.1 151.32
3.9 720.12 5843 102.35 680.57 5822.9 104.93 643.6 5849.6 151.68
3.9083 716.48 5853.9 103.04 677.96 5832.7 105.21 639.42 5861 152
3.9167 712.94 5864.8 103.76 675.28 5842.5 105.5 635.29 5872.5 152.28
3.925 709.48 5875.5 104.5 672.54 5852.3 105.8 631.22 5884 152.54
3.9333 706.08 5886.2 105.27 669.73 5862.2 106.11 627.2 5895.5 152.78
3.9417 702.72 5896.7 106.07 666.87 5872.3 106.44 623.23 5906.9 153
3.95 699.36 5907.2 106.9 663.94 5882.4 106.78 619.29 5918.3 153.21
3.9583 695.99 5917.6 107.75 660.97 5892.7 107.14 615.37 5929.7 153.43
3.9667 692.59 5927.9 108.64 657.94 5903 107.51 611.49 5940.9 153.65
3.975 689.13 5938.2 109.57 654.86 5913.5 107.91 607.61 5952.1 153.88
3.9833 685.62 5948.4 110.54 651.72 5924 108.34 603.75 5963.3 154.13
3.9917 682.06 5958.5 111.55 648.51 5934.5 108.79 599.9 5974.3 154.4
4 678.48 5968.5 112.6 645.24 5945.1 109.26 596.04 5985.3 154.69
4.0083 674.88 5978.5 113.69 641.91 5955.8 109.76 592.18 5996.3 154.98
4.0167 671.32 5988.4 114.81 638.5 5966.4 110.28 588.31 6007.1 155.29
4.025 667.8 5998.4 115.96 635.01 5977.1 110.82 584.42 6018 155.6
4.0333 664.36 6008.3 117.13 631.45 5987.9 111.37 580.51 6028.9 155.9
4.0417 661.01 6018.4 118.29 627.82 5998.6 111.93 576.57 6039.7 156.21
4.05 657.75 6028.5 119.45 624.12 6009.4 112.49 572.6 6050.6 156.5
4.0583 654.57 6038.7 120.58 620.36 6020.2 113.05 568.58 6061.4 156.78
4.0667 651.46 6049 121.66 616.53 6031.1 113.59 564.51 6072.3 157.06
4.075 648.4 6059.6 122.69 612.66 6042.1 114.12 560.39 6083.2 157.32
4.0833 645.36 6070.3 123.66 608.73 6053.1 114.62 556.22 6094.2 157.57
4.0917 642.33 6081.2 124.54 604.76 6064.1 115.09 551.99 6105.1 157.82
4.1 639.29 6092.2 125.34 600.75 6075.2 115.54 547.72 6116 158.08
4.1083 636.22 6103.5 126.07 596.7 6086.3 115.97 543.4 6126.9 158.33
4.1167 633.1 6114.9 126.71 592.62 6097.5 116.37 539.04 6137.7 158.59
4.125 629.93 6126.5 127.29 588.51 6108.6 116.77 534.63 6148.6 158.87
4.1333 626.67 6138.2 127.8 584.36 6119.7 117.15 530.19 6159.4 159.15
4.1417 623.31 6150.1 128.28 580.19 6130.9 117.53 525.71 6170.2 159.45
4.15 619.81 6162 128.71 576 6142 117.91 521.19 6181 159.76
4.1583 616.18 6173.9 129.12 571.77 6153.1 118.29 516.63 6191.7 160.09
4.1667 612.41 6185.9 129.49 567.54 6164.2 118.68 512.02 6202.5 160.42
4.175 608.54 6197.9 129.84 563.29 6175.3 119.08 507.34 6213.2 160.77
4.1833 604.55 6209.9 130.17 559.03 6186.3 119.47 502.6 6223.9 161.13
4.1917 600.47 6222 130.46 554.75 6197.3 119.85 497.77 6234.6 161.49
4.2 596.29 6234.2 130.73 550.46 6208.4 120.22 492.84 6245.4 161.87
4.2083 592 6246.4 130.96 546.17 6219.4 120.58 487.81 6256.1 162.26
4.2167 587.57 6258.8 131.18 541.85 6230.4 120.9 482.66 6266.8 162.66
4.225 583 6271.3 131.36 537.52 6241.5 121.2 477.39 6277.5 163.07
4.2333 578.26 6284 131.52 533.15 6252.6 121.46 472.01 6288.1 163.5
4.2417 573.32 6296.7 131.66 528.74 6263.7 121.69 466.52 6298.8 163.95
4.25 568.17 6309.4 131.77 524.25 6274.9 121.88 460.93 6309.3 164.41
4.2583 562.82 6322.1 131.86 519.7 6286 122.06 455.27 6319.8 164.87
4.2667 557.29 6334.8 131.93 515.04 6297.2 122.22 449.56 6330.3 165.34
4.275 551.61 6347.3 131.98 510.27 6308.4 122.38 443.82 6340.7 165.8
4.2833 545.82 6359.6 132.03 505.36 6319.6 122.54 438.06 6351 166.25
4.2917 540 6371.6 132.08 500.3 6330.8 122.73 432.3 6361.3 166.67
4.3 534.18 6383.4 132.14 495.09 6341.9 122.96 426.56 6371.6 167.06
4.3083 528.43 6394.9 132.22 489.73 6352.9 123.22 420.83 6381.7 167.42
4.3167 522.76 6406.2 132.34 484.22 6363.7 123.55 415.12 6391.8 167.73
4.325 517.21 6417.2 132.5 478.56 6374.4 123.93 409.4 6401.9 167.99
4.3333 511.78 6427.9 132.72 472.8 6384.9 124.38 403.65 6411.9 168.21
4.3417 506.48 6438.4 132.99 466.93 6395.2 124.9 397.84 6421.7 168.38
4.35 501.28 6448.7 133.32 460.99 6405.2 125.49 391.93 6431.5 168.52
4.3583 496.17 6458.9 133.7 455 6414.9 126.14 385.9 6441.2 168.64
4.3667 491.13 6468.9 134.11 448.98 6424.3 126.84 379.69 6450.6 168.75
4.375 486.11 6478.7 134.55 442.95 6433.5 127.59 373.27 6460 168.85
4.3833 481.07 6488.4 134.99 436.92 6442.5 128.4 366.63 6469.1 168.97
4.3917 475.96 6497.9 135.43 430.89 6451.1 129.23 359.73 6478 169.11
4.4 470.73 6507.2 135.84 424.87 6459.6 130.09 352.58 6486.7 169.29
4.4083 465.34 6516.2 136.22 418.83 6467.9 130.97 345.17 6495.1 169.5
4.4167 459.77 6524.9 136.56 412.78 6476 131.87 337.52 6503.3 169.74
4.425 453.99 6533.3 136.85 406.7 6484 132.78 329.65 6511.3 170.03
4.4333 448 6541.3 137.09 400.57 6491.9 133.71 321.58 6519 170.35
4.4417 441.81 6548.9 137.3 394.38 6499.6 134.64 313.36 6526.4 170.7
4.45 435.44 6556.2 137.47 388.12 6507.3 135.59 305 6533.6 171.09
4.4583 428.91 6563.2 137.63 381.78 6514.8 136.54 296.55 6540.6 171.49
4.4667 422.26 6569.9 137.78 375.36 6522.2 137.5 288.04 6547.4 171.91
4.475 415.51 6576.3 137.94 368.84 6529.6 138.45 279.49 6553.9 172.35
4.4833 408.69 6582.5 138.11 362.25 6536.8 139.43 270.92 6560.3 172.8
4.4917 401.82 6588.5 138.3 355.57 6543.9 140.39 262.35 6566.5 173.26
4.5 394.94 6594.5 138.53 348.81 6550.9 141.34 253.79 6572.5 173.73
4.5083 388.06 6600.3 138.77 341.98 6557.8 142.27 245.24 6578.3 174.21
4.5167 381.2 6606.2 139.05 335.06 6564.5 143.19 236.71 6584 174.69
4.525 374.37 6612 139.33 328.06 6571.1 144.07 228.19 6589.6 175.19
4.5333 367.57 6617.9 139.63 320.98 6577.7 144.92 219.68 6595 175.69
4.5417 360.81 6623.9 139.93 313.82 6584.1 145.72 211.18 6600.4 176.2
4.55 354.08 6629.9 140.22 306.56 6590.5 146.49 202.69 6605.6 176.72
4.5583 347.38 6636 140.5 299.22 6596.7 147.22 194.19 6610.7 177.25
4.5667 340.68 6642.1 140.76 291.77 6602.9 147.91 185.71 6615.8 177.78
4.575 333.97 6648.4 140.99 284.24 6609.1 148.56 177.22 6620.8 178.31
4.5833 327.22 6654.6 141.2 276.6 6615.1 149.18 168.73 6625.8 178.84
4.5917 320.41 6661 141.39 268.88 6621.1 149.76 160.25 6630.7 179.37
4.6 313.51 6667.3 141.56 261.07 6627.1 150.32 151.76 6635.5 179.89
4.6083 306.5 6673.6 141.72 253.18 6632.9 150.85 143.28 6640.3 180.4
4.6167 299.36 6679.9 141.87 245.22 6638.7 151.36 134.79 6645.1 180.9
4.625 292.07 6686.1 142.03 237.19 6644.4 151.85 126.29 6649.8 181.38
4.6333 284.6 6692.2 142.19 229.09 6649.9 152.31 117.79 6654.5 181.84
4.6417 276.95 6698.2 142.37 220.93 6655.4 152.74 109.27 6659.1 182.28
4.65 269.09 6704.1 142.56 212.69 6660.8 153.14 100.73 6663.6 182.7
4.6583 261.02 6710 142.76 204.39 6666.1 153.5 92.16 6668.1 183.11
4.6667 252.75 6715.8 142.97 196.02 6671.3 153.83 83.561 6672.5 183.49
4.675 244.3 6721.6 143.17 187.57 6676.3 154.13 74.923 6676.8 183.87
4.6833 235.7 6727.4 143.38 179.04 6681.3 154.39 66.24 6681 184.24
4.6917 226.96 6733.1 143.58 170.43 6686.1 154.62 57.507 6685.1 184.62
4.7 218.11 6738.9 143.79 161.74 6690.8 154.83 48.716 6689.1 185
4.7083 209.14 6744.5 144.01 152.96 6695.5 155.02 39.862 6693 185.4
4.7167 200.04 6750.2 144.22 144.1 6700 155.22 30.938 6696.7 185.82
4.725 190.8 6755.7 144.45 135.16 6704.4 155.41 21.941 6700.3 186.26
4.7333 181.39 6761.2 144.68 126.14 6708.7 155.62 12.865 6703.7 186.73
4.7417 171.78 6766.7 144.9 117.03 6712.8 155.85 3.709 6707 187.21
4.75 161.94 6772.2 145.13 107.85 6716.9 156.1 -5.528 6710.1 187.72
4.7583 151.84 6777.7 145.35 98.582 6720.8 156.39 -14.844 6713 188.24
4.7667 141.47 6783.3 145.56 89.237 6724.6 156.7 -24.233 6715.7 188.76
4.775 130.81 6788.9 145.79 79.815 6728.3 157.03 -33.689 6718.3 189.28
4.7833 119.89 6794.4 146.03 70.322 6731.9 157.39 -43.201 6720.7 189.8
4.7917 108.74 6799.9 146.31 60.766 6735.3 157.77 -52.755 6722.9 190.3
4.8 97.405 6805.4 146.64 51.157 6738.6 158.16 -62.336 6725 190.8
4.8083 85.965 6810.6 147.04 41.511 6741.9 158.57 -71.927 6726.9 191.28
4.8167 74.486 6815.7 147.52 31.845 6745 158.98 -81.51 6728.6 191.76
4.825 63.039 6820.5 148.07 22.179 6748.1 159.41 -91.069 6730.1 192.24
4.8333 51.69 6825.1 148.71 12.537 6751.2 159.85 -100.59 6731.5 192.73
4.8417 40.493 6829.3 149.41 2.9426 6754.2 160.3 -110.05 6732.8 193.24
4.85 29.496 6833.3 150.17 -6.577 6757.2 160.78 -119.46 6733.9 193.77
4.8583 18.725 6837.1 150.96 -15.997 6760.3 161.28 -128.79 6734.9 194.33
4.8667 8.1892 6840.5 151.77 -25.293 6763.4 161.81 -138.05 6735.8 194.92
4.875 -2.1311 6843.8 152.6 -34.444 6766.5 162.38 -147.24 6736.6 195.55
4.8833 -12.273 6846.8 153.44 -43.434 6769.6 162.98 -156.36 6737.4 196.2
4.8917 -22.294 6849.6 154.29 -52.25 6772.7 163.61 -165.42 6738 196.89
4.9 -32.247 6852.2 155.15 -60.887 6775.8 164.27 -174.42 6738.7 197.59
4.9083 -42.175 6854.5 156.02 -69.346 6778.9 164.96 -183.37 6739.3 198.31
4.9167 -52.106 6856.7 156.92 -77.63 6781.9 165.68 -192.27 6739.9 199.03
4.925 -62.054 6858.7 157.84 -85.75 6784.8 166.42 -201.12 6740.4 199.74
4.9333 -72.012 6860.5 158.8 -93.728 6787.7 167.18 -209.94 6741 200.46
4.9417 -81.96 6862.1 159.79 -101.57 6790.4 167.96 -218.7 6741.5 201.16
4.95 -91.868 6863.7 160.82 -109.32 6793 168.75 -227.42 6742.1 201.86
4.9583 -101.7 6865.1 161.9 -116.98 6795.5 169.56 -236.08 6742.6 202.56
4.9667 -111.42 6866.4 163.02 -124.59 6797.8 170.4 -244.68 6743.1 203.27
4.975 -120.99 6867.6 164.19 -132.18 6800.1 171.25 -253.21 6743.5 203.99
4.9833 -130.4 6868.9 165.4 -139.77 6802.2 172.12 -261.66 6743.9 204.72
4.9917 -139.63 6870 166.66 -147.39 6804.2 173.02 -270.02 6744.2 205.49
5 -148.69 6871.2 167.96 -155.07 6806.1 173.96 -278.3 6744.4 206.28
5.0083 -157.6 6872.2 169.31 -162.83 6807.9 174.92 -286.47 6744.5 207.1
5.0167 -166.39 6873.2 170.7 -170.7 6809.7 175.92 -294.55 6744.6 207.95
5.025 -175.08 6874.1 172.13 -178.68 6811.3 176.95 -302.53 6744.6 208.82
5.0333 -183.72 6874.9 173.6 -186.8 6812.8 178.02 -310.42 6744.5 209.7
5.0417 -192.32 6875.5 175.11 -195.06 6814.2 179.13 -318.23 6744.3 210.59
5.05 -200.9 6876 176.66 -203.45 6815.5 180.27 -325.98 6744 211.47
5.0583 -209.48 6876.3 178.24 -211.97 6816.7 181.44 -333.66 6743.7 212.35
5.0667 -218.05 6876.5 179.87 -220.62 6817.8 182.64 -341.31 6743.2 213.21
5.075 -226.62 6876.6 181.53 -229.37 6818.7 183.87 -348.93 6742.7 214.06
5.0833 -235.17 6876.6 183.22 -238.2 6819.5 185.13 -356.55 6742.1 214.88
5.0917 -243.71 6876.7 184.93 -247.11 6820.1 186.41 -364.19 6741.4 215.68
5.1 -252.24 6876.8 186.65 -256.08 6820.7 187.69 -371.85 6740.7 216.46
5.1083 -260.75 6877 188.36 -265.08 6821 188.99 -379.57 6739.8 217.22
5.1167 -269.28 6877.2 190.07 -274.11 6821.3 190.29 -387.35 6738.8 217.96
5.125 -277.83 6877.5 191.76 -283.16 6821.3 191.57 -395.21 6737.8 218.69
5.1333 -286.43 6877.8 193.41 -292.23 6821.3 192.84 -403.15 6736.7 219.41
5.1417 -295.13 6878.2 195.02 -301.32 6821.1 194.08 -411.18 6735.5 220.1
5.15 -303.94 6878.6 196.57 -310.43 6820.7 195.29 -419.3 6734.2 220.78
5.1583 -312.91 6879 198.06 -319.56 6820.2 196.46 -427.5 6732.9 221.44
5.1667 -322.05 6879.5 199.47 -328.72 6819.6 197.59 -435.76 6731.5 222.07
5.175 -331.38 6880 200.79 -337.92 6818.9 198.66 -444.09 6730 222.67
5.1833 -340.9 6880.6 202.02 -347.15 6818 199.69 -452.45 6728.5 223.24
5.1917 -350.59 6881.2 203.17 -356.42 6817 200.67 -460.84 6727 223.79
5.2 -360.43 6881.7 204.23 -365.72 6815.8 201.6 -469.23 6725.3 224.31
5.2083 -370.4 6882.2 205.23 -375.05 6814.6 202.48 -477.62 6723.6 224.8
5.2167 -380.45 6882.6 206.19 -384.39 6813.2 203.32 -486 6721.8 225.27
5.225 -390.57 6882.8 207.1 -393.74 6811.7 204.12 -494.35 6719.9 225.73
5.2333 -400.7 6882.9 207.99 -403.08 6810.2 204.88 -502.68 6717.9 226.18
5.2417 -410.84 6882.8 208.85 -412.41 6808.5 205.59 -510.99 6715.8 226.63
5.25 -420.97 6882.6 209.69 -421.72 6806.8 206.28 -519.29 6713.6 227.09
5.2583 -431.11 6882.2 210.49 -431 6804.9 206.92 -527.59 6711.3 227.55
5.2667 -441.29 6881.6 211.26 -440.25 6803 207.53 -535.89 6708.8 228.03
5.275 -451.54 6880.8 211.99 -449.46 6801.1 208.1 -544.2 6706.1 228.53
5.2833 -461.92 6879.9 212.69 -458.65 6799.1 208.62 -552.52 6703.3 229.04
5.2917 -472.45 6878.7 213.36 -467.81 6797 209.11 -560.85 6700.3 229.57
5.3 -483.18 6877.4 214.01 -476.94 6795 209.57 -569.16 6697.1 230.13
5.3083 -494.1 6875.9 214.64 -486.06 6792.9 209.99 -577.44 6693.8 230.7
5.3167 -505.19 6874.1 215.26 -495.17 6790.8 210.38 -585.66 6690.3 231.3
5.325 -516.43 6872.1 215.88 -504.26 6788.6 210.76 -593.79 6686.7 231.92
5.3333 -527.73 6869.8 216.51 -513.35 6786.5 211.14 -601.78 6682.9 232.56
5.3417 -539.02 6867.2 217.15 -522.43 6784.2 211.52 -609.61 6679 233.22
5.35 -550.22 6864.4 217.82 -531.51 6782 211.93 -617.25 6675 233.9
5.3583 -561.23 6861.4 218.51 -540.57 6779.6 212.37 -624.68 6670.9 234.6
5.3667 -571.99 6858.2 219.24 -549.62 6777.1 212.86 -631.87 6666.8 235.32
5.375 -582.44 6855 220 -558.64 6774.5 213.41 -638.82 6662.6 236.05
5.3833 -592.55 6851.6 220.81 -567.63 6771.8 214.04 -645.55 6658.3 236.78
5.3917 -602.31 6848.2 221.65 -576.57 6768.8 214.74 -652.06 6654.1 237.52
5.4 -611.72 6844.8 222.54 -585.45 6765.7 215.53 -658.38 6649.7 238.27
5.4083 -620.81 6841.4 223.46 -594.23 6762.4 216.42 -664.52 6645.3 239.01
5.4167 -629.61 6838 224.41 -602.9 6759 217.39 -670.53 6640.8 239.74
5.425 -638.14 6834.6 225.39 -611.43 6755.3 218.44 -676.42 6636.2 240.46
5.4333 -646.45 6831.2 226.39 -619.81 6751.4 219.58 -682.21 6631.4 241.18
5.4417 -654.55 6827.8 227.39 -628 6747.4 220.79 -687.93 6626.4 241.89
5.45 -662.48 6824.3 228.4 -635.98 6743.3 222.08 -693.59 6621.2 242.58
5.4583 -670.27 6820.9 229.39 -643.74 6739 223.43 -699.18 6615.7 243.27
5.4667 -677.98 6817.3 230.37 -651.27 6734.6 224.83 -704.7 6610 243.95
5.475 -685.61 6813.8 231.31 -658.57 6730 226.29 -710.15 6603.9 244.63
5.4833 -693.13 6810.2 232.21 -665.62 6725.4 227.77 -715.5 6597.5 245.31
5.4917 -700.45 6806.4 233.06 -672.46 6720.6 229.31 -720.75 6590.8 246
5.5 -707.45 6802.4 233.87 -679.08 6715.7 230.87 -725.87 6583.9 246.69
5.5083 -714.04 6798.1 234.63 -685.5 6710.7 232.46 -730.84 6576.6 247.39
5.5167 -720.17 6793.7 235.38 -691.75 6705.6 234.05 -735.66 6569.2 248.11
5.525 -725.8 6789 236.11 -697.84 6700.3 235.65 -740.32 6561.5 248.83
5.5333 -730.96 6784.2 236.84 -703.8 6694.9 237.25 -744.81 6553.7 249.56
5.5417 -735.68 6779.3 237.57 -709.64 6689.3 238.84 -749.13 6545.7 250.29
5.55 -740.04 6774.3 238.32 -715.36 6683.5 240.41 -753.3 6537.6 251.02
5.5583 -744.12 6769.2 239.07 -720.98 6677.5 241.96 -757.31 6529.5 251.75
5.5667 -748.03 6764.2 239.82 -726.49 6671.3 243.48 -761.19 6521.3 252.46
5.575 -751.85 6759.1 240.57 -731.88 6665 244.95 -764.93 6513.1 253.14
5.5833 -755.67 6754 241.31 -737.16 6658.5 246.37 -768.57 6504.9 253.8
5.5917 -759.55 6749 242.03 -742.32 6651.8 247.74 -772.11 6496.7 254.43
5.6 -763.54 6743.9 242.72 -747.35 6645 249.04 -775.56 6488.5 255.03
5.6083 -767.65 6738.9 243.4 -752.24 6638 250.28 -778.93 6480.4 255.59
5.6167 -771.9 6733.9 244.05 -757.01 6631 251.43 -782.24 6472.2 256.12
5.625 -776.26 6728.9 244.68 -761.65 6623.8 252.52 -785.49 6464.2 256.62
5.6333 -780.72 6723.9 245.28 -766.18 6616.6 253.54 -788.69 6456.1 257.09
5.6417 -785.23 6718.8 245.86 -770.6 6609.3 254.49 -791.85 6448.1 257.54
5.65 -789.78 6713.6 246.43 -774.93 6601.9 255.37 -794.97 6440.2 257.99
5.6583 -794.32 6708.4 246.97 -779.19 6594.5 256.19 -798.06 6432.3 258.42
5.6667 -798.84 6703.1 247.5 -783.39 6587 256.94 -801.12 6424.4 258.85
5.675 -803.33 6697.8 248.02 -787.53 6579.5 257.65 -804.17 6416.5 259.28
5.6833 -807.77 6692.4 248.51 -791.62 6571.9 258.3 -807.2 6408.7 259.7
5.6917 -812.17 6686.8 248.98 -795.66 6564.3 258.91 -810.23 6400.8 260.13
5.7 -816.54 6681.2 249.41 -799.66 6556.7 259.49 -813.25 6393 260.55
5.7083 -820.86 6675.5 249.81 -803.61 6549 260.03 -816.26 6385.1 260.95
5.7167 -825.13 6669.7 250.15 -807.5 6541.3 260.54 -819.27 6377.3 261.34
5.725 -829.36 6663.7 250.44 -811.14 6533.7 261.03 -823.3 6368.9 260.95
5.7333 -833.52 6657.6 250.67 -814.91 6525.8 261.49 -826.27 6361.1 261.29
5.7417 -837.61 6651.4 250.84 -818.6 6517.9 261.94 -829.23 6353.3 261.61
5.75 -841.62 6644.9 250.94 -822.23 6510 262.37 -832.16 6345.5 261.89
5.7583 -845.53 6638.3 251 -825.78 6501.9 262.78 -835.05 6337.7 262.14
5.7667 -849.33 6631.4 251.01 -829.27 6493.7 263.18 -837.9 6330 262.37
5.775 -853.01 6624.3 250.98 -832.69 6485.4 263.57 -840.68 6322.2 262.57
5.7833 -856.59 6616.9 250.94 -836.05 6477 263.95 -843.4 6314.5 262.77
5.7917 -860.06 6609.3 250.9 -839.35 6468.4 264.32 -846.03 6306.7 262.95
5.8 -863.44 6601.3 250.87 -842.6 6459.6 264.68 -848.58 6298.9 263.13
5.8083 -866.73 6593.1 250.86 -845.77 6450.6 265.05 -851.02 6290.9 263.31
5.8167 -869.96 6584.5 250.89 -848.87 6441.5 265.41 -853.37 6282.8 263.5
5.825 -873.13 6575.5 250.95 -851.87 6432.2 265.78 -855.6 6274.6 263.68
5.8333 -876.24 6566.3 251.05 -854.77 6422.6 266.15 -857.73 6266.1 263.87
5.8417 -879.34 6556.7 251.18 -857.53 6412.9 266.52 -859.74 6257.4 264.05
5.85 -882.41 6546.7 251.34 -860.14 6402.9 266.91 -861.63 6248.4 264.22
5.8583 -885.46 6536.4 251.51 -862.58 6392.7 267.31 -863.42 6239.2 264.38
5.8667 -888.49 6525.8 251.7 -863.62 6382.4 267.83 -865.08 6229.7 264.53
5.875 -891.48 6514.8 251.88 -865.72 6371.7 268.25 -866.65 6219.9 264.65
5.8833 -894.43 6503.5 252.06 -867.71 6360.8 268.67 -868.11 6209.9 264.75
5.8917 -897.31 6492 252.24 -869.59 6349.6 269.1 -869.48 6199.7 264.83
5.9 -900.1 6480.2 252.41 -871.38 6338.1 269.53 -870.76 6189.3 264.9
5.9083 -902.77 6468.1 252.6 -873.07 6326.5 269.95 -871.95 6178.8 264.96
5.9167 -905.32 6455.9 252.8 -874.69 6314.6 270.36 -873.08 6168.1 265.03
5.925 -907.72 6443.5 253.04 -876.15 6302.4 270.7 -874.17 6157.4 265.1
5.9333 -909.96 6430.9 253.32 -877.42 6290.3 271.06 -875.21 6146.7 265.18
5.9417 -912.06 6418.3 253.66 -878.71 6278.2 271.38 -876.24 6136 265.29
5.95 -914 6405.6 254.06 -880.04 6266.2 271.65 -877.28 6125.4 265.42
5.9583 -915.81 6392.9 254.51 -881.44 6254.3 271.85 -878.35 6114.8 265.57
5.9667 -917.51 6380.4 255.02 -882.92 6242.5 271.98 -879.48 6104.3 265.72
5.975 -919.11 6368 255.57 -884.49 6231 272.05 -880.68 6094 265.89
5.9833 -920.66 6355.8 256.14 -886.15 6219.7 272.04 -881.99 6083.7 266.05
5.9917 -922.17 6343.9 256.73 -887.89 6208.7 271.97 -883.41 6073.6 266.19
6 -923.66 6332.2 257.33 -889.7 6198 271.85 -884.96 6063.7 266.32
6.0083 -925.14 6320.8 257.93 -891.55 6187.6 271.68 -886.64 6054 266.41
6.0167 -926.63 6309.6 258.54 -893.44 6177.4 271.48 -888.45 6044.4 266.47
6.025 -928.12 6298.5 259.15 -895.32 6167.4 271.25 -890.4 6034.9 266.48
6.0333 -929.6 6287.6 259.76 -897.2 6157.6 271.02 -892.47 6025.7 266.46
6.0417 -931.07 6276.8 260.36 -899.06 6147.8 270.79 -894.64 6016.5 266.41
6.05 -932.53 6266 260.95 -900.89 6138.2 270.56 -896.9 6007.5 266.34
6.0583 -933.98 6255.2 261.52 -902.68 6128.6 270.34 -899.23 5998.6 266.25
6.0667 -935.4 6244.5 262.07 -904.46 6119.1 270.14 -901.62 5989.7 266.15
6.075 -936.81 6233.8 262.6 -906.21 6109.5 269.95 -904.04 5980.9 266.05
6.0833 -938.2 6223.1 263.11 -907.95 6100 269.77 -906.48 5972 265.96
6.0917 -939.56 6212.4 263.59 -909.7 6090.4 269.59 -908.94 5963.1 265.88
6.1 -940.92 6201.7 264.04 -911.46 6080.9 269.4 -911.41 5954.2 265.82
6.1083 -942.25 6191.1 264.47 -913.25 6071.4 269.21 -913.88 5945.2 265.77
6.1167 -943.58 6180.6 264.87 -915.06 6061.9 269 -916.35 5936.2 265.73
6.125 -944.9 6170.2 265.26 -916.91 6052.4 268.77 -918.84 5927 265.71
