0.0083333 -36.427 0.5934 99.598 -66.264 130.49 88.984 -48.968 311.96 86.614
0.016667 -35.923 8.9076 99.658 -65.254 139.64 88.967 -47.46 321.03 86.545
0.025 -35.397 17.501 99.736 -64.178 148.98 88.933 -45.909 330.17 86.468
0.033333 -34.844 26.369 99.829 -63.031 158.54 88.879 -44.328 339.4 86.387
0.041667 -34.261 35.509 99.928 -61.807 168.3 88.81 -42.731 348.77 86.309
0.05 -33.65 44.906 100.03 -60.502 178.29 88.725 -41.13 358.3 86.241
0.058333 -33.016 54.55 100.12 -59.11 188.49 88.63 -39.535 368.04 86.191
0.066667 -32.371 64.421 100.2 -57.626 198.91 88.527 -37.955 378.02 86.164
0.075 -31.727 74.499 100.27 -56.048 209.55 88.42 -36.394 388.26 86.166
0.083333 -31.099 84.769 100.3 -54.376 220.4 88.312 -34.855 398.78 86.202
0.091667 -30.501 95.207 100.31 -52.619 231.46 88.201 -33.335 409.58 86.272
0.1 -29.937 105.8 100.29 -50.785 242.71 88.092 -31.833 420.64 86.375
0.10833 -29.408 116.54 100.24 -48.89 254.14 87.983 -30.342 431.94 86.505
0.11667 -28.909 127.41 100.17 -46.957 265.71 87.873 -28.859 443.42 86.655
0.125 -28.422 138.39 100.06 -45.01 277.4 87.763 -27.382 455.04 86.818
0.13333 -27.927 149.49 99.943 -43.081 289.17 87.652 -25.91 466.73 86.984
0.14167 -27.396 160.67 99.805 -41.202 300.97 87.541 -24.45 478.44 87.143
0.15 -26.802 171.93 99.657 -39.407 312.76 87.433 -23.009 490.1 87.287
0.15833 -26.122 183.24 99.503 -37.723 324.49 87.332 -21.603 501.66 87.41
0.16667 -25.336 194.58 99.347 -36.18 336.11 87.242 -20.248 513.08 87.507
0.175 -24.436 205.91 99.191 -34.797 347.57 87.17 -18.966 524.33 87.578
0.18333 -23.425 217.2 99.036 -33.587 358.84 87.123 -17.78 535.38 87.622
0.19167 -22.314 228.42 98.882 -32.555 369.89 87.108 -16.713 546.23 87.645
0.2 -21.124 239.55 98.729 -31.698 380.71 87.129 -15.784 556.89 87.651
0.20833 -19.882 250.57 98.573 -31.006 391.3 87.192 -15.012 567.36 87.647
0.21667 -18.61 261.46 98.413 -30.46 401.65 87.298 -14.408 577.67 87.641
0.225 -17.328 272.24 98.243 -30.039 411.8 87.447 -13.98 587.85 87.638
0.23333 -16.05 282.91 98.063 -29.72 421.77 87.634 -13.728 597.92 87.644
0.24167 -14.789 293.51 97.867 -29.482 431.59 87.855 -13.648 607.91 87.665
0.25 -13.557 304.05 97.656 -29.302 441.29 88.104 -13.732 617.84 87.7
0.25833 -12.366 314.56 97.431 -29.166 450.9 88.374 -13.967 627.73 87.752
0.26667 -11.223 325.07 97.196 -29.062 460.43 88.657 -14.338 637.59 87.82
0.275 -10.133 335.58 96.957 -28.982 469.9 88.947 -14.83 647.43 87.901
0.28333 -9.1003 346.12 96.719 -28.924 479.31 89.241 -15.429 657.26 87.994
0.29167 -8.1293 356.69 96.49 -28.889 488.67 89.535 -16.122 667.08 88.096
0.3 -7.2256 367.27 96.277 -28.88 497.98 89.832 -16.897 676.88 88.203
0.30833 -6.3999 377.85 96.085 -28.901 507.23 90.132 -17.747 686.67 88.316
0.31667 -5.6596 388.42 95.917 -28.958 516.41 90.439 -18.665 696.44 88.433
0.325 -5.0181 398.93 95.775 -29.054 525.52 90.755 -19.644 706.18 88.554
0.33333 -4.4854 409.37 95.658 -29.193 534.56 91.086 -20.68 715.88 88.68
0.34167 -4.0706 419.72 95.562 -29.377 543.55 91.431 -21.768 725.55 88.812
0.35 -3.7795 429.96 95.48 -29.606 552.48 91.792 -22.899 735.17 88.949
0.35833 -3.6106 440.09 95.407 -29.879 561.38 92.165 -24.066 744.75 89.093
0.36667 -3.5618 450.13 95.334 -30.198 570.27 92.548 -25.259 754.28 89.241
0.375 -3.6218 460.09 95.258 -30.559 579.17 92.934 -26.464 763.77 89.393
0.38333 -3.7784 469.99 95.172 -30.964 588.1 93.315 -27.671 773.21 89.547
0.39167 -4.0125 479.86 95.075 -31.412 597.09 93.685 -28.866 782.61 89.698
0.4 -4.3056 489.73 94.966 -31.904 606.14 94.035 -30.039 791.97 89.843
0.40833 -4.6356 499.61 94.848 -32.44 615.29 94.36 -31.183 801.3 89.979
0.41667 -4.9826 509.53 94.725 -33.021 624.51 94.656 -32.291 810.6 90.103
0.425 -5.3298 519.48 94.602 -33.646 633.83 94.918 -33.363 819.88 90.213
0.43333 -5.6663 529.46 94.483 -34.314 643.22 95.149 -34.402 829.15 90.308
0.44167 -5.9844 539.48 94.374 -35.022 652.69 95.35 -35.414 838.41 90.387
0.45 -6.2888 549.52 94.275 -35.765 662.21 95.524 -36.408 847.68 90.454
0.45833 -6.5845 559.57 94.189 -36.54 671.79 95.678 -37.395 856.95 90.51
0.46667 -6.8857 569.61 94.116 -37.341 681.4 95.815 -38.385 866.24 90.56
0.475 -7.2078 579.65 94.053 -38.164 691.05 95.943 -39.388 875.55 90.606
0.48333 -7.5737 589.67 94 -39.006 700.73 96.063 -40.413 884.87 90.652
0.49167 -7.9983 599.69 93.955 -39.863 710.45 96.179 -41.464 894.22 90.702
0.5 -8.4934 609.7 93.919 -40.736 720.21 96.293 -42.545 903.6 90.755
0.50833 -9.0739 619.74 93.887 -41.626 730.02 96.4 -43.653 913 90.814
0.51667 -9.7375 629.82 93.865 -42.534 739.9 96.503 -44.786 922.43 90.877
0.525 -10.479 639.97 93.851 -43.465 749.87 96.596 -45.941 931.87 90.944
0.53333 -11.289 650.23 93.846 -44.423 759.93 96.677 -47.112 941.34 91.011
0.54167 -12.149 660.63 93.847 -45.411 770.11 96.745 -48.298 950.83 91.076
0.55 -13.043 671.21 93.854 -46.436 780.4 96.799 -49.497 960.34 91.137
0.55833 -13.948 681.98 93.866 -47.499 790.82 96.84 -50.711 969.85 91.191
0.56667 -14.859 692.96 93.88 -48.606 801.36 96.871 -51.945 979.38 91.239
0.575 -15.77 704.14 93.896 -49.757 812.03 96.897 -53.209 988.92 91.28
0.58333 -16.687 715.51 93.912 -50.958 822.82 96.924 -54.51 998.48 91.314
0.59167 -17.621 727.04 93.926 -52.212 833.71 96.958 -55.862 1008.1 91.344
0.6 -18.587 738.72 93.932 -53.524 844.71 97.008 -57.275 1017.7 91.37
0.60833 -19.598 750.53 93.923 -54.901 855.8 97.078 -58.76 1027.4 91.395
0.61667 -20.667 762.46 93.892 -56.35 866.97 97.174 -60.324 1037.1 91.42
0.625 -21.802 774.53 93.828 -57.883 878.23 97.297 -61.973 1046.9 91.447
0.63333 -23.01 786.72 93.725 -59.507 889.57 97.448 -63.706 1056.9 91.473
0.64167 -24.295 799.07 93.578 -61.229 900.99 97.626 -65.52 1067 91.497
0.65 -25.65 811.61 93.383 -63.061 912.49 97.823 -67.408 1077.2 91.518
0.65833 -27.07 824.35 93.145 -65.003 924.1 98.035 -69.361 1087.5 91.532
0.66667 -28.546 837.3 92.872 -67.055 935.8 98.25 -71.368 1098 91.536
0.675 -30.076 850.45 92.579 -69.206 947.62 98.465 -73.418 1108.7 91.526
0.68333 -31.65 863.81 92.286 -71.447 959.54 98.666 -75.5 1119.5 91.501
0.69167 -33.266 877.33 92.016 -73.756 971.59 98.847 -77.605 1130.4 91.461
0.7 -34.933 890.96 91.785 -76.106 983.74 99.003 -79.725 1141.4 91.406
0.70833 -36.65 904.67 91.619 -78.471 996 99.125 -81.857 1152.5 91.34
0.71667 -38.428 918.39 91.529 -80.814 1008.3 99.212 -83.997 1163.5 91.268
0.725 -40.272 932.08 91.525 -83.103 1020.8 99.261 -86.146 1174.6 91.197
0.73333 -42.188 945.67 91.605 -85.303 1033.2 99.272 -88.302 1185.6 91.133
0.74167 -44.172 959.13 91.764 -87.385 1045.7 99.244 -90.465 1196.6 91.085
0.75 -46.219 972.42 91.988 -89.321 1058.1 99.18 -92.635 1207.5 91.061
0.75833 -48.317 985.5 92.259 -91.092 1070.5 99.081 -94.808 1218.3 91.067
0.76667 -50.449 998.37 92.557 -92.687 1082.8 98.949 -96.978 1229.1 91.109
0.775 -52.601 1011 92.862 -94.1 1095 98.786 -99.139 1239.8 91.19
0.78333 -54.756 1023.4 93.163 -95.336 1107.1 98.594 -101.28 1250.5 91.309
0.79167 -56.903 1035.7 93.448 -96.406 1119 98.373 -103.39 1261.2 91.466
0.8 -59.029 1047.8 93.713 -97.323 1130.7 98.123 -105.45 1271.9 91.656
0.80833 -61.121 1059.8 93.954 -98.11 1142.3 97.845 -107.44 1282.7 91.872
0.81667 -63.165 1071.7 94.171 -98.785 1153.7 97.54 -109.36 1293.5 92.107
0.825 -65.153 1083.5 94.361 -99.376 1164.9 97.203 -111.19 1304.3 92.353
0.83333 -67.064 1095.3 94.533 -99.899 1176 96.841 -112.92 1315.3 92.602
0.84167 -68.888 1107 94.694 -100.37 1187 96.452 -114.54 1326.2 92.844
0.85 -70.612 1118.7 94.848 -100.82 1198 96.039 -116.03 1337.2 93.074
0.85833 -72.221 1130.4 95.004 -101.24 1208.8 95.607 -117.39 1348.2 93.285
0.86667 -73.71 1142 95.169 -101.66 1219.7 95.157 -118.63 1359.2 93.473
0.875 -75.071 1153.6 95.349 -102.08 1230.5 94.697 -119.73 1370.2 93.635
0.88333 -76.306 1165.2 95.547 -102.5 1241.3 94.23 -120.69 1381.1 93.771
0.89167 -77.422 1176.7 95.768 -102.93 1252.2 93.763 -121.53 1391.8 93.879
0.9 -78.43 1188.1 96.012 -103.37 1263.1 93.301 -122.23 1402.5 93.96
0.90833 -79.345 1199.6 96.279 -103.83 1274.1 92.85 -122.81 1413.1 94.014
0.91667 -80.188 1211 96.571 -104.13 1285.3 92.412 -124.33 1422.7 94.903
0.925 -80.973 1222.3 96.883 -104.6 1296.3 92 -124.7 1433.1 94.927
0.93333 -81.72 1233.7 97.214 -105.08 1307.4 91.616 -124.96 1443.4 94.928
0.94167 -82.441 1244.9 97.561 -105.58 1318.5 91.263 -125.13 1453.6 94.91
0.95 -83.148 1256.2 97.923 -106.09 1329.7 90.945 -125.22 1463.8 94.875
0.95833 -83.845 1267.4 98.296 -106.6 1340.9 90.663 -125.23 1473.9 94.825
0.96667 -84.532 1278.5 98.677 -107.13 1352.1 90.421 -125.19 1484.1 94.762
0.975 -85.202 1289.6 99.065 -107.66 1363.4 90.218 -125.1 1494.2 94.689
0.98333 -85.843 1300.7 99.456 -108.2 1374.8 90.055 -124.98 1504.4 94.608
0.99167 -86.441 1311.8 99.849 -108.73 1386.2 89.931 -124.83 1514.7 94.522
1 -86.978 1322.9 100.24 -109.27 1397.8 89.845 -124.68 1525 94.432
1.0083 -87.437 1334 100.62 -109.8 1409.4 89.794 -124.53 1535.3 94.341
1.0167 -87.802 1345.2 101 -110.33 1421.1 89.778 -124.39 1545.7 94.249
1.025 -88.065 1356.5 101.35 -110.85 1432.9 89.794 -124.24 1556.3 94.158
1.0333 -88.221 1367.9 101.69 -111.36 1444.9 89.839 -124.1 1566.9 94.068
1.0417 -88.27 1379.4 101.99 -111.87 1456.9 89.911 -123.96 1577.6 93.98
1.05 -88.221 1391.1 102.27 -112.36 1469 90.008 -123.81 1588.4 93.892
1.0583 -88.083 1402.9 102.52 -112.84 1481.2 90.126 -123.64 1599.2 93.803
1.0667 -87.871 1414.9 102.75 -113.3 1493.4 90.263 -123.44 1610.2 93.712
1.075 -87.602 1427.1 102.95 -113.73 1505.8 90.414 -123.21 1621.2 93.617
1.0833 -87.298 1439.4 103.14 -114.13 1518.2 90.576 -122.92 1632.4 93.518
1.0917 -86.987 1451.9 103.32 -114.49 1530.6 90.743 -122.58 1643.6 93.413
1.1 -86.703 1464.6 103.49 -114.79 1543.1 90.91 -122.17 1654.8 93.303
1.1083 -86.474 1477.4 103.66 -115.01 1555.6 91.073 -121.69 1666.1 93.191
1.1167 -86.32 1490.3 103.83 -115.16 1568.1 91.225 -121.15 1677.5 93.078
1.125 -86.248 1503.2 104 -115.21 1580.7 91.36 -120.54 1689 92.97
1.1333 -86.251 1516.3 104.16 -115.16 1593.3 91.473 -119.88 1700.5 92.871
1.1417 -86.313 1529.4 104.33 -114.98 1605.9 91.558 -119.17 1712.1 92.789
1.15 -86.426 1542.6 104.49 -114.69 1618.6 91.612 -118.43 1723.8 92.728
1.1583 -86.57 1556 104.65 -114.26 1631.4 91.632 -117.66 1735.5 92.697
1.1667 -86.743 1569.5 104.8 -113.7 1644.2 91.616 -116.88 1747.4 92.698
1.175 -86.935 1583.3 104.94 -113.02 1657 91.567 -116.1 1759.4 92.735
1.1833 -87.157 1597.3 105.07 -112.22 1669.9 91.486 -115.31 1771.4 92.809
1.1917 -87.416 1611.5 105.17 -111.32 1682.9 91.379 -114.53 1783.6 92.917
1.2 -87.716 1626 105.25 -110.34 1695.9 91.252 -113.76 1795.9 93.055
1.2083 -88.07 1640.6 105.29 -109.3 1709 91.113 -112.98 1808.2 93.214
1.2167 -88.481 1655.3 105.29 -108.22 1722.1 90.973 -112.2 1820.5 93.385
1.225 -88.946 1670.1 105.25 -107.15 1735.2 90.84 -111.41 1832.9 93.557
1.2333 -89.46 1684.9 105.15 -106.1 1748.4 90.724 -110.61 1845.3 93.717
1.2417 -89.99 1699.5 105.01 -105.1 1761.5 90.632 -109.8 1857.6 93.854
1.25 -90.5 1714 104.82 -104.2 1774.6 90.573 -108.97 1869.9 93.959
1.2583 -90.945 1728.3 104.61 -103.41 1787.7 90.552 -108.13 1882 94.023
1.2667 -91.288 1742.4 104.36 -102.76 1800.7 90.573 -107.29 1894.1 94.043
1.275 -91.512 1756.3 104.1 -102.26 1813.6 90.639 -106.47 1906.1 94.019
1.2833 -91.613 1769.9 103.83 -101.93 1826.4 90.75 -105.69 1918 93.953
1.2917 -91.6 1783.4 103.55 -101.77 1839 90.906 -104.96 1929.9 93.852
1.3 -91.487 1796.6 103.28 -101.78 1851.5 91.104 -104.33 1941.7 93.726
1.3083 -91.282 1809.7 103.03 -101.95 1863.8 91.339 -103.8 1953.4 93.586
1.3167 -90.989 1822.7 102.79 -102.26 1875.9 91.607 -103.42 1965.1 93.444
1.325 -90.61 1835.7 102.57 -102.7 1887.8 91.901 -103.19 1976.8 93.312
1.3333 -90.153 1848.6 102.37 -103.25 1899.5 92.215 -103.14 1988.6 93.201
1.3417 -89.637 1861.5 102.19 -103.88 1911 92.541 -103.28 2000.4 93.118
1.35 -89.088 1874.4 102.02 -104.57 1922.3 92.876 -103.61 2012.2 93.067
1.3583 -88.538 1887.3 101.86 -105.31 1933.5 93.215 -104.13 2024.1 93.051
1.3667 -88.022 1900.1 101.71 -106.08 1944.5 93.553 -104.84 2035.9 93.067
1.375 -87.573 1912.9 101.57 -106.85 1955.5 93.892 -105.71 2047.8 93.111
1.3833 -87.217 1925.5 101.44 -107.64 1966.4 94.228 -106.73 2059.8 93.179
1.3917 -86.977 1938 101.31 -108.43 1977.3 94.564 -107.89 2071.7 93.261
1.4 -86.866 1950.4 101.17 -109.22 1988.2 94.898 -109.16 2083.5 93.351
1.4083 -86.892 1962.5 101.04 -110.02 1999.1 95.237 -110.52 2095.4 93.443
1.4167 -87.054 1974.5 100.9 -110.95 2009.9 95.588 -111.12 2108 92.779
1.425 -87.345 1986.3 100.76 -111.8 2020.9 95.934 -112.61 2119.8 92.857
1.4333 -87.751 1998 100.61 -112.67 2031.9 96.283 -114.15 2131.5 92.926
1.4417 -88.253 2009.5 100.45 -113.58 2043 96.632 -115.73 2143.2 92.985
1.45 -88.83 2020.9 100.28 -114.54 2054.2 96.98 -117.34 2154.9 93.035
1.4583 -89.459 2032.3 100.11 -115.54 2065.4 97.322 -118.97 2166.5 93.077
1.4667 -90.119 2043.6 99.914 -116.59 2076.7 97.654 -120.61 2178.1 93.116
1.475 -90.793 2054.9 99.707 -117.68 2088 97.969 -122.27 2189.6 93.153
1.4833 -91.466 2066.2 99.486 -118.82 2099.3 98.264 -123.93 2201.2 93.19
1.4917 -92.133 2077.6 99.246 -119.99 2110.7 98.532 -125.6 2212.7 93.23
1.5 -92.795 2088.9 98.989 -121.2 2122.2 98.771 -127.28 2224.2 93.274
1.5083 -93.459 2100.3 98.714 -122.44 2133.7 98.978 -128.95 2235.8 93.321
1.5167 -94.14 2111.8 98.422 -123.7 2145.4 99.151 -130.62 2247.3 93.371
1.525 -94.846 2123.2 98.119 -124.98 2157 99.289 -132.28 2258.9 93.423
1.5333 -95.594 2134.7 97.81 -126.28 2168.8 99.395 -133.93 2270.5 93.473
1.5417 -96.392 2146.3 97.505 -127.59 2180.6 99.47 -135.57 2282.1 93.521
1.55 -97.251 2157.8 97.214 -128.92 2192.4 99.516 -137.19 2293.8 93.563
1.5583 -98.168 2169.3 96.946 -130.28 2204.3 99.538 -138.8 2305.5 93.598
1.5667 -99.155 2180.9 96.708 -131.65 2216.3 99.535 -140.39 2317.3 93.624
1.575 -100.2 2192.4 96.506 -133.05 2228.3 99.514 -141.96 2329.2 93.64
1.5833 -101.3 2204.1 96.339 -134.48 2240.4 99.476 -143.52 2341.2 93.644
1.5917 -102.46 2215.7 96.202 -135.95 2252.5 99.425 -145.06 2353.2 93.636
1.6 -103.69 2227.5 96.088 -137.45 2264.7 99.362 -146.6 2365.2 93.618
1.6083 -104.96 2239.4 95.988 -139 2277 99.291 -148.13 2377.3 93.588
1.6167 -106.3 2251.5 95.894 -140.59 2289.3 99.215 -149.66 2389.3 93.548
1.625 -107.71 2263.7 95.804 -142.23 2301.8 99.138 -151.2 2401.4 93.498
1.6333 -109.18 2276 95.717 -143.92 2314.3 99.064 -152.75 2413.4 93.44
1.6417 -110.72 2288.4 95.634 -145.65 2327 98.999 -154.33 2425.4 93.374
1.65 -112.34 2300.9 95.554 -147.43 2339.8 98.946 -155.94 2437.4 93.301
1.6583 -114.02 2313.4 95.477 -149.26 2352.6 98.912 -157.58 2449.3 93.222
1.6667 -115.75 2326.1 95.398 -151.15 2365.6 98.901 -159.26 2461.3 93.135
1.675 -117.53 2338.9 95.314 -153.08 2378.6 98.918 -160.97 2473.3 93.042
1.6833 -119.36 2351.9 95.219 -155.08 2391.7 98.965 -162.73 2485.3 92.942
1.6917 -121.21 2365 95.113 -157.13 2404.8 99.045 -164.53 2497.5 92.834
1.7 -123.09 2378.4 94.994 -159.26 2417.9 99.157 -166.36 2509.7 92.717
1.7083 -125 2392.1 94.865 -161.45 2430.9 99.296 -168.22 2522.1 92.591
1.7167 -126.92 2405.9 94.731 -163.72 2444 99.458 -170.1 2534.6 92.456
1.725 -128.87 2420 94.603 -166.05 2457 99.636 -172 2547.2 92.311
1.7333 -130.85 2434.3 94.491 -168.45 2470 99.819 -173.9 2560 92.159
1.7417 -132.85 2448.8 94.408 -170.9 2483 99.998 -175.81 2572.8 91.999
1.75 -134.88 2463.3 94.365 -173.38 2496.1 100.16 -177.72 2585.7 91.835
1.7583 -136.93 2477.8 94.372 -175.88 2509.1 100.3 -179.62 2598.6 91.671
1.7667 -139.01 2492.2 94.432 -178.36 2522.2 100.4 -181.52 2611.5 91.509
1.775 -141.12 2506.5 94.544 -180.79 2535.4 100.46 -183.41 2624.3 91.355
1.7833 -143.23 2520.6 94.707 -183.16 2548.7 100.47 -185.29 2637 91.213
1.7917 -145.34 2534.4 94.91 -185.41 2561.9 100.43 -187.16 2649.5 91.089
1.8 -147.45 2547.9 95.139 -187.54 2575.2 100.34 -189.02 2662 90.986
1.8083 -149.55 2561.2 95.381 -189.52 2588.6 100.2 -190.85 2674.4 90.908
1.8167 -151.62 2574.2 95.619 -191.33 2601.8 100.02 -192.66 2686.7 90.858
1.825 -153.67 2586.9 95.844 -192.96 2615 99.799 -194.43 2699 90.836
1.8333 -155.72 2599.4 96.048 -194.41 2628 99.548 -196.14 2711.3 90.842
1.8417 -157.76 2611.8 96.231 -195.7 2640.9 99.273 -197.78 2723.6 90.872
1.85 -159.82 2624 96.394 -196.84 2653.6 98.983 -199.32 2736.1 90.922
1.8583 -161.88 2636.2 96.535 -197.85 2666.1 98.68 -200.76 2748.7 90.986
1.8667 -163.95 2648.4 96.663 -198.75 2678.3 98.371 -202.08 2761.4 91.054
1.875 -165.99 2660.5 96.778 -199.58 2690.3 98.054 -203.26 2774.2 91.12
1.8833 -168 2672.6 96.887 -200.35 2702.1 97.734 -204.3 2787.2 91.175
1.8917 -169.93 2684.7 96.996 -201.08 2713.8 97.41 -205.19 2800.3 91.213
1.9 -171.76 2696.8 97.109 -201.78 2725.4 97.079 -205.93 2813.4 91.228
1.9083 -173.45 2708.8 97.233 -202.47 2736.8 96.743 -206.54 2826.5 91.218
1.9167 -175 2720.8 97.368 -203.15 2748.3 96.401 -207.02 2839.7 91.181
1.925 -176.37 2732.8 97.519 -203.81 2759.7 96.052 -207.39 2852.7 91.119
1.9333 -177.58 2744.7 97.686 -204.46 2771.2 95.698 -207.67 2865.7 91.034
1.9417 -178.64 2756.6 97.87 -205.08 2782.7 95.343 -207.88 2878.5 90.933
1.95 -179.56 2768.4 98.068 -205.68 2794.2 94.989 -208.04 2891.2 90.819
1.9583 -180.37 2780.2 98.281 -206.24 2805.9 94.642 -208.16 2903.7 90.698
1.9667 -181.11 2791.8 98.508 -206.78 2817.6 94.306 -208.26 2916.1 90.576
1.975 -181.81 2803.5 98.746 -207.29 2829.4 93.988 -208.34 2928.4 90.456
1.9833 -182.49 2815 98.994 -207.77 2841.2 93.691 -208.42 2940.6 90.339
1.9917 -183.17 2826.5 99.25 -208.23 2853.1 93.42 -208.5 2952.8 90.228
2 -183.86 2837.9 99.513 -208.68 2865.1 93.177 -208.56 2964.8 90.119
2.0083 -184.56 2849.3 99.781 -209.14 2877.1 92.962 -208.62 2976.9 90.012
2.0167 -185.27 2860.6 100.05 -209.59 2889.3 92.775 -208.67 2989 89.902
2.025 -185.95 2872 100.33 -210.05 2901.4 92.615 -208.7 3001 89.786
2.0333 -186.6 2883.3 100.61 -210.53 2913.7 92.478 -208.72 3013.1 89.659
2.0417 -187.19 2894.7 100.88 -211.02 2926.1 92.364 -208.72 3025.2 89.52
2.05 -187.7 2906.1 101.16 -211.51 2938.5 92.268 -208.7 3037.3 89.367
2.0583 -188.12 2917.6 101.44 -212 2951.1 92.191 -208.67 3049.5 89.2
2.0667 -188.44 2929.3 101.71 -212.49 2963.7 92.129 -208.62 3061.6 89.022
2.075 -188.65 2941 101.98 -212.96 2976.4 92.085 -208.56 3073.8 88.836
2.0833 -188.77 2952.9 102.24 -213.4 2989.2 92.058 -208.48 3086.1 88.647
2.0917 -188.8 2964.9 102.49 -213.82 3002 92.049 -208.39 3098.3 88.46
2.1 -188.77 2977 102.73 -214.2 3014.8 92.059 -208.28 3110.7 88.28
2.1083 -188.69 2989.2 102.96 -214.53 3027.7 92.089 -208.13 3123.1 88.113
2.1167 -188.56 3001.6 103.18 -214.82 3040.6 92.141 -207.96 3135.5 87.962
2.125 -188.43 3014.1 103.39 -215.06 3053.5 92.211 -207.73 3148 87.829
2.1333 -188.29 3026.8 103.6 -215.24 3066.4 92.299 -207.44 3160.5 87.715
2.1417 -188.17 3039.5 103.81 -215.37 3079.4 92.398 -207.09 3173.1 87.619
2.15 -188.1 3052.3 104.01 -215.43 3092.3 92.508 -206.67 3185.7 87.538
2.1583 -188.08 3065.2 104.19 -215.43 3105.4 92.617 -206.17 3198.4 87.471
2.1667 -188.1 3078.1 104.36 -215.35 3118.5 92.717 -205.6 3211 87.415
2.175 -188.15 3091 104.51 -215.2 3131.7 92.8 -204.96 3223.7 87.368
2.1833 -188.22 3104 104.65 -214.96 3145 92.857 -204.25 3236.5 87.329
2.1917 -188.29 3117 104.76 -214.62 3158.4 92.882 -203.49 3249.2 87.296
2.2 -188.35 3130.2 104.86 -214.2 3171.9 92.868 -202.69 3262.1 87.272
2.2083 -188.42 3143.4 104.95 -213.67 3185.4 92.812 -201.85 3274.9 87.255
2.2167 -188.5 3156.9 105.02 -213.03 3199.1 92.714 -201.01 3287.9 87.248
2.225 -188.59 3170.5 105.07 -212.3 3212.9 92.574 -200.15 3300.9 87.251
2.2333 -188.71 3184.3 105.11 -211.48 3226.7 92.398 -199.29 3314.1 87.264
2.2417 -188.88 3198.4 105.13 -210.58 3240.4 92.198 -198.42 3327.3 87.285
2.25 -189.08 3212.5 105.11 -209.62 3254.3 91.977 -197.56 3340.7 87.309
2.2583 -189.32 3226.9 105.06 -208.61 3268 91.751 -196.69 3354.1 87.332
2.2667 -189.59 3241.2 104.95 -207.6 3281.8 91.531 -195.82 3367.6 87.347
2.275 -189.88 3255.6 104.8 -206.6 3295.5 91.327 -194.95 3381.1 87.348
2.2833 -190.14 3270 104.58 -205.65 3309.1 91.149 -194.06 3394.7 87.325
2.2917 -190.35 3284.2 104.32 -204.77 3322.6 91.006 -193.18 3408.1 87.275
2.3 -190.46 3298.3 104.01 -204 3336.1 90.904 -192.31 3421.6 87.191
2.3083 -190.45 3312.2 103.67 -203.35 3349.5 90.849 -191.45 3434.9 87.074
2.3167 -190.29 3325.9 103.31 -202.85 3362.7 90.842 -190.65 3448 86.923
2.325 -189.99 3339.5 102.94 -202.51 3375.9 90.883 -189.9 3461.1 86.744
2.3333 -189.55 3352.8 102.58 -202.32 3388.9 90.972 -189.25 3474 86.544
2.3417 -189.01 3366 102.24 -202.29 3401.8 91.107 -188.71 3486.7 86.333
2.35 -188.39 3378.9 101.92 -202.41 3414.6 91.282 -188.3 3499.4 86.121
2.3583 -187.7 3391.8 101.64 -202.67 3427.2 91.495 -188.06 3511.9 85.921
2.3667 -186.97 3404.5 101.38 -203.03 3439.6 91.74 -187.99 3524.4 85.744
2.375 -186.21 3417.1 101.16 -203.49 3451.8 92.012 -188.09 3536.9 85.598
2.3833 -185.46 3429.7 100.96 -204.01 3463.8 92.305 -188.38 3549.3 85.49
2.3917 -184.75 3442.2 100.76 -204.58 3475.6 92.616 -188.85 3561.7 85.424
2.4 -184.11 3454.6 100.58 -205.18 3487.3 92.94 -189.49 3574.1 85.398
2.4083 -183.56 3466.9 100.39 -205.79 3498.8 93.272 -190.28 3586.6 85.409
2.4167 -183.12 3479.1 100.19 -206.42 3510.2 93.605 -191.21 3599 85.45
2.425 -182.81 3491.2 99.971 -207.03 3521.5 93.947 -192.26 3611.5 85.514
2.4333 -182.62 3503.2 99.734 -207.66 3532.7 94.285 -193.41 3623.9 85.59
2.4417 -182.56 3515.1 99.477 -208.29 3543.9 94.618 -194.64 3636.3 85.671
2.45 -182.62 3526.9 99.203 -208.94 3555.1 94.946 -195.94 3648.6 85.749
2.4583 -182.8 3538.7 98.916 -209.63 3566.3 95.266 -197.3 3660.9 85.818
2.4667 -183.08 3550.3 98.624 -210.35 3577.5 95.578 -198.7 3673.1 85.875
2.475 -183.46 3561.8 98.331 -211.12 3588.8 95.878 -200.15 3685.2 85.918
2.4833 -183.92 3573.3 98.045 -211.95 3600.1 96.166 -201.63 3697.2 85.95
2.4917 -184.45 3584.6 97.769 -212.84 3611.4 96.439 -203.13 3709.2 85.97
2.5 -185.04 3596 97.507 -213.79 3622.8 96.698 -204.66 3721 85.984
2.5083 -185.66 3607.3 97.259 -214.79 3634.3 96.938 -206.21 3732.7 85.993
2.5167 -186.32 3618.5 97.017 -215.85 3645.7 97.162 -207.76 3744.4 86
2.525 -187.01 3629.7 96.781 -216.95 3657.2 97.364 -209.32 3756 86.008
2.5333 -187.71 3641 96.545 -218.09 3668.7 97.544 -210.86 3767.6 86.014
2.5417 -188.42 3652.2 96.302 -219.26 3680.3 97.701 -212.39 3779.1 86.019
2.55 -189.16 3663.5 96.046 -220.46 3691.9 97.832 -213.9 3790.6 86.019
2.5583 -189.91 3674.7 95.774 -221.67 3703.6 97.938 -215.38 3802.2 86.011
2.5667 -190.7 3686 95.487 -222.9 3715.3 98.018 -216.83 3813.7 85.991
2.575 -191.52 3697.4 95.19 -224.15 3727.1 98.071 -218.25 3825.3 85.956
2.5833 -192.38 3708.7 94.889 -225.42 3739 98.1 -219.63 3836.9 85.902
2.5917 -193.3 3720.1 94.594 -226.7 3750.9 98.105 -220.98 3848.5 85.828
2.6 -194.28 3731.6 94.319 -228.01 3763 98.088 -222.31 3860.1 85.734
2.6083 -195.33 3743 94.072 -229.35 3775.1 98.051 -223.62 3871.8 85.62
2.6167 -196.45 3754.5 93.865 -230.72 3787.3 97.996 -224.92 3883.5 85.489
2.625 -197.64 3766.1 93.701 -232.12 3799.6 97.926 -226.2 3895.3 85.344
2.6333 -198.92 3777.8 93.581 -233.56 3812 97.844 -227.49 3907 85.189
2.6417 -200.27 3789.5 93.5 -235.04 3824.5 97.751 -228.77 3918.8 85.028
2.65 -201.7 3801.5 93.451 -236.57 3837.1 97.651 -230.07 3930.6 84.865
2.6583 -203.19 3813.5 93.424 -238.14 3849.7 97.544 -231.37 3942.3 84.701
2.6667 -204.74 3825.7 93.412 -239.76 3862.3 97.435 -232.68 3954.1 84.538
2.675 -206.33 3838.1 93.408 -241.43 3875.1 97.327 -234.02 3966 84.376
2.6833 -207.95 3850.6 93.409 -243.15 3887.8 97.223 -235.37 3977.8 84.214
2.6917 -209.61 3863.1 93.412 -244.93 3900.6 97.127 -236.76 3989.7 84.049
2.7 -211.3 3875.8 93.404 -246.77 3913.4 97.044 -238.17 4001.6 83.877
2.7083 -213.03 3888.6 93.385 -248.68 3926.2 96.98 -239.61 4013.7 83.697
2.7167 -214.79 3901.5 93.35 -250.65 3939 96.937 -241.1 4025.8 83.503
2.725 -216.61 3914.5 93.295 -252.7 3951.8 96.921 -242.62 4038 83.293
2.7333 -218.48 3927.7 93.22 -254.83 3964.6 96.934 -244.18 4050.3 83.064
2.7417 -220.41 3941 93.13 -257.04 3977.4 96.976 -245.79 4062.7 82.815
2.75 -222.39 3954.6 93.032 -259.34 3990.2 97.047 -247.43 4075.3 82.548
2.7583 -224.44 3968.4 92.938 -261.72 4002.9 97.143 -249.12 4087.9 82.263
2.7667 -226.54 3982.4 92.862 -264.18 4015.7 97.261 -250.84 4100.6 81.964
2.775 -228.7 3996.5 92.818 -266.7 4028.5 97.394 -252.6 4113.3 81.655
2.7833 -230.89 4010.8 92.822 -269.28 4041.3 97.535 -254.39 4126.1 81.344
2.7917 -233.12 4025.2 92.886 -271.88 4054.1 97.676 -256.22 4138.8 81.035
2.8 -235.38 4039.5 93.019 -274.48 4067 97.809 -258.08 4151.4 80.736
2.8083 -237.66 4053.8 93.224 -277.07 4080 97.927 -259.98 4164 80.454
2.8167 -239.95 4067.9 93.497 -279.6 4093 98.026 -261.91 4176.5 80.195
2.825 -242.25 4081.9 93.831 -282.05 4106 98.101 -263.88 4188.8 79.963
2.8333 -244.54 4095.6 94.212 -284.4 4119 98.15 -265.89 4201.1 79.764
2.8417 -246.81 4109 94.623 -286.62 4132.1 98.17 -267.92 4213.3 79.599
2.85 -249.07 4122.1 95.04 -288.7 4145.2 98.164 -269.99 4225.4 79.47
2.8583 -251.3 4134.9 95.444 -290.61 4158.1 98.131 -272.06 4237.5 79.376
2.8667 -253.53 4147.4 95.82 -292.37 4171 98.075 -274.13 4249.6 79.314
2.875 -255.74 4159.7 96.157 -293.96 4183.8 97.996 -276.18 4261.7 79.28
2.8833 -257.96 4171.7 96.455 -295.4 4196.3 97.897 -278.18 4273.9 79.268
2.8917 -260.18 4183.7 96.715 -296.7 4208.7 97.78 -280.12 4286.1 79.272
2.9 -262.41 4195.5 96.941 -297.88 4220.9 97.645 -281.96 4298.5 79.285
2.9083 -264.64 4207.3 97.144 -298.95 4232.8 97.496 -283.69 4311 79.3
2.9167 -266.84 4219.1 97.332 -299.95 4244.5 97.329 -285.27 4323.6 79.311
2.925 -268.99 4230.9 97.514 -300.88 4256 97.147 -286.71 4336.3 79.312
2.9333 -271.07 4242.6 97.705 -301.78 4267.3 96.952 -287.98 4349 79.3
2.9417 -273.04 4254.3 97.912 -302.64 4278.5 96.743 -289.08 4361.8 79.271
2.95 -274.88 4266 98.143 -303.49 4289.5 96.523 -290.03 4374.6 79.224
2.9583 -276.57 4277.7 98.403 -304.33 4300.6 96.293 -290.81 4387.4 79.159
2.9667 -278.11 4289.3 98.691 -305.16 4311.5 96.056 -291.46 4400.1 79.076
2.975 -279.5 4300.9 99.007 -305.98 4322.5 95.815 -291.98 4412.7 78.977
2.9833 -280.75 4312.5 99.345 -306.78 4333.6 95.573 -292.4 4425.1 78.863
2.9917 -281.88 4323.9 99.703 -307.58 4344.7 95.334 -292.72 4437.5 78.735
3 -282.93 4335.4 100.07 -308.36 4355.9 95.102 -292.98 4449.7 78.595
3.0083 -283.93 4346.7 100.45 -309.11 4367.2 94.878 -293.18 4461.8 78.443
3.0167 -284.91 4358 100.82 -309.85 4378.5 94.665 -293.34 4473.7 78.282
3.025 -285.89 4369.3 101.19 -310.57 4390 94.467 -293.47 4485.6 78.112
3.0333 -286.9 4380.5 101.55 -311.28 4401.5 94.284 -293.57 4497.4 77.932
3.0417 -287.92 4391.7 101.89 -311.97 4413.1 94.117 -293.65 4509.1 77.744
3.05 -288.98 4402.9 102.23 -312.66 4424.7 93.967 -293.71 4520.8 77.549
3.0583 -290.05 4414 102.56 -313.35 4436.5 93.833 -293.75 4532.5 77.349
3.0667 -291.11 4425.2 102.88 -314.04 4448.3 93.715 -293.78 4544.1 77.144
3.075 -292.13 4436.3 103.19 -314.74 4460.2 93.612 -293.78 4555.8 76.936
3.0833 -293.1 4447.5 103.5 -315.44 4472.1 93.524 -293.78 4567.5 76.729
3.0917 -293.98 4458.7 103.81 -316.14 4484.2 93.449 -293.76 4579.1 76.524
3.1 -294.75 4470 104.12 -316.84 4496.3 93.386 -293.73 4590.9 76.324
3.1083 -295.41 4481.4 104.43 -317.53 4508.5 93.336 -293.7 4602.6 76.131
3.1167 -295.94 4492.9 104.73 -318.21 4520.8 93.296 -293.65 4614.4 75.945
3.125 -296.36 4504.5 105.01 -318.87 4533.1 93.267 -293.6 4626.2 75.769
3.1333 -296.67 4516.2 105.29 -319.49 4545.5 93.247 -293.53 4638 75.6
3.1417 -296.88 4528 105.54 -320.08 4558 93.236 -293.45 4649.8 75.438
3.15 -297.01 4539.9 105.78 -320.61 4570.5 93.234 -293.34 4661.7 75.281
3.1583 -297.09 4552 105.99 -321.09 4583 93.241 -293.2 4673.6 75.126
3.1667 -297.12 4564.2 106.18 -321.51 4595.6 93.255 -293.02 4685.5 74.972
3.175 -297.13 4576.6 106.35 -321.86 4608.2 93.275 -292.79 4697.5 74.814
3.1833 -297.15 4589.2 106.5 -322.15 4620.9 93.302 -292.51 4709.5 74.651
3.1917 -297.21 4601.8 106.62 -322.37 4633.6 93.333 -292.17 4721.5 74.481
3.2 -297.33 4614.5 106.72 -322.52 4646.3 93.366 -291.78 4733.6 74.305
3.2083 -297.51 4627.2 106.8 -322.59 4659.1 93.398 -291.32 4745.7 74.123
3.2167 -297.74 4639.9 106.84 -322.6 4671.9 93.425 -290.81 4757.9 73.937
3.225 -298.02 4652.7 106.85 -322.53 4684.8 93.441 -290.25 4770.1 73.75
3.2333 -298.32 4665.5 106.85 -322.39 4697.8 93.442 -289.66 4782.4 73.565
3.2417 -298.64 4678.3 106.82 -322.17 4710.9 93.423 -289.03 4794.8 73.387
3.25 -298.98 4691.2 106.77 -321.86 4724 93.379 -288.38 4807.3 73.219
3.2583 -299.32 4704.3 106.72 -321.48 4737.2 93.308 -287.72 4819.9 73.063
3.2667 -299.69 4717.5 106.66 -321.01 4750.5 93.205 -287.05 4832.5 72.923
3.275 -300.07 4730.9 106.6 -320.46 4763.7 93.073 -286.37 4845.3 72.798
3.2833 -300.46 4744.4 106.53 -319.83 4777 92.91 -285.7 4858.1 72.688
3.2917 -300.89 4758.2 106.45 -319.13 4790.3 92.725 -285.03 4871.1 72.592
3.3 -301.34 4772.1 106.34 -318.37 4803.6 92.524 -284.37 4884 72.506
3.3083 -301.82 4786.1 106.22 -317.58 4816.8 92.313 -283.71 4897 72.427
3.3167 -302.31 4800.2 106.06 -316.77 4830 92.103 -283.05 4910.1 72.35
3.325 -302.81 4814.2 105.86 -315.98 4843.2 91.905 -282.4 4923.1 72.271
3.3333 -303.27 4828.1 105.63 -315.23 4856.3 91.728 -281.76 4936.1 72.186
3.3417 -303.68 4841.9 105.37 -314.55 4869.3 91.582 -281.13 4949 72.092
3.35 -303.98 4855.6 105.08 -313.96 4882.3 91.476 -280.52 4961.8 71.986
3.3583 -304.16 4869 104.77 -313.51 4895.2 91.415 -279.93 4974.5 71.868
3.3667 -304.2 4882.2 104.45 -313.19 4907.9 91.402 -279.38 4987.2 71.737
3.375 -304.09 4895.1 104.13 -313.03 4920.6 91.439 -278.87 4999.7 71.594
3.3833 -303.85 4907.8 103.82 -313.02 4933.2 91.526 -278.41 5012.1 71.443
3.3917 -303.51 4920.3 103.53 -313.18 4945.6 91.658 -278.01 5024.4 71.285
3.4 -303.07 4932.6 103.26 -313.47 4957.9 91.831 -277.69 5036.6 71.126
3.4083 -302.56 4944.8 103 -313.89 4970 92.039 -277.45 5048.8 70.968
3.4167 -301.99 4956.9 102.77 -314.41 4981.9 92.274 -277.3 5060.9 70.817
3.425 -301.4 4968.9 102.56 -315 4993.7 92.531 -277.27 5073 70.677
3.4333 -300.8 4980.8 102.36 -315.65 5005.3 92.802 -277.34 5085.1 70.553
3.4417 -300.24 4992.7 102.16 -316.32 5016.8 93.083 -277.54 5097.3 70.448
3.45 -299.73 5004.7 101.96 -317 5028.2 93.369 -277.88 5109.4 70.366
3.4583 -299.31 5016.5 101.75 -317.66 5039.4 93.657 -278.35 5121.5 70.311
3.4667 -298.99 5028.4 101.53 -318.32 5050.6 93.943 -278.97 5133.6 70.285
3.475 -298.77 5040.2 101.3 -318.94 5061.7 94.233 -279.73 5145.8 70.289
3.4833 -298.67 5051.9 101.03 -319.56 5072.7 94.519 -280.65 5157.9 70.323
3.4917 -298.68 5063.6 100.75 -320.16 5083.8 94.803 -281.7 5170 70.386
3.5 -298.8 5075.1 100.44 -320.77 5094.9 95.083 -282.9 5182 70.473
3.5083 -299.02 5086.6 100.11 -321.39 5105.9 95.359 -284.21 5193.9 70.58
3.5167 -299.33 5097.9 99.761 -322.04 5117 95.629 -285.63 5205.8 70.701
3.525 -299.72 5109.2 99.407 -322.72 5128.2 95.887 -287.15 5217.5 70.829
3.5333 -300.16 5120.4 99.052 -323.45 5139.3 96.133 -288.73 5229.1 70.956
3.5417 -300.65 5131.5 98.701 -324.23 5150.5 96.359 -290.36 5240.6 71.075
3.55 -301.17 5142.5 98.36 -325.05 5161.7 96.564 -292.02 5252 71.18
3.5583 -301.71 5153.6 98.03 -325.91 5173 96.74 -293.69 5263.3 71.266
3.5667 -302.27 5164.6 97.707 -326.8 5184.3 96.889 -295.36 5274.4 71.33
3.575 -302.84 5175.6 97.392 -327.73 5195.6 97.003 -297.01 5285.4 71.371
3.5833 -303.43 5186.7 97.08 -328.67 5206.9 97.084 -298.64 5296.4 71.392
3.5917 -304.04 5197.9 96.765 -329.63 5218.3 97.131 -300.25 5307.3 71.393
3.6 -304.68 5209 96.441 -330.6 5229.8 97.147 -301.84 5318.1 71.38
3.6083 -305.36 5220.3 96.108 -331.57 5241.3 97.133 -303.42 5329 71.358
3.6167 -306.08 5231.6 95.766 -332.55 5252.9 97.095 -304.98 5339.8 71.33
3.625 -306.85 5242.9 95.419 -333.54 5264.6 97.036 -306.55 5350.7 71.299
3.6333 -307.67 5254.3 95.075 -334.55 5276.3 96.96 -308.12 5361.5 71.268
3.6417 -308.55 5265.8 94.743 -335.58 5288.1 96.874 -309.69 5372.5 71.236
3.65 -309.47 5277.2 94.435 -336.63 5299.9 96.78 -311.26 5383.5 71.199
3.6583 -310.43 5288.7 94.159 -337.73 5311.8 96.683 -312.83 5394.5 71.154
3.6667 -311.43 5300.2 93.92 -338.86 5323.8 96.586 -314.39 5405.7 71.094
3.675 -312.48 5311.8 93.721 -340.04 5335.7 96.492 -315.93 5416.8 71.012
3.6833 -313.56 5323.5 93.556 -341.27 5347.7 96.402 -317.43 5428.1 70.904
3.6917 -314.68 5335.4 93.42 -342.56 5359.6 96.317 -318.89 5439.3 70.763
3.7 -315.86 5347.3 93.302 -343.91 5371.6 96.238 -320.3 5450.7 70.59
3.7083 -317.08 5359.5 93.195 -345.31 5383.7 96.166 -321.65 5462 70.384
3.7167 -318.35 5371.8 93.094 -346.78 5395.7 96.103 -322.95 5473.4 70.149
3.725 -319.68 5384.3 92.994 -348.29 5407.8 96.045 -324.19 5484.9 69.892
3.7333 -321.07 5396.8 92.894 -349.86 5419.9 95.997 -325.4 5496.4 69.62
3.7417 -322.52 5409.5 92.79 -351.47 5432.1 95.959 -326.58 5508 69.342
3.75 -324.03 5422.2 92.677 -353.14 5444.3 95.932 -327.74 5519.6 69.066
3.7583 -325.59 5435 92.547 -354.84 5456.7 95.918 -328.92 5531.3 68.8
3.7667 -327.21 5448 92.396 -356.6 5469 95.916 -330.11 5543.1 68.547
3.775 -328.88 5461 92.222 -358.4 5481.5 95.928 -331.33 5555 68.307
3.7833 -330.6 5474.2 92.03 -360.24 5494 95.953 -332.59 5567 68.081
3.7917 -332.37 5487.6 91.822 -362.13 5506.5 95.99 -333.89 5579.2 67.86
3.8 -334.2 5501.1 91.61 -364.07 5519.1 96.036 -335.22 5591.4 67.638
3.8083 -336.07 5514.8 91.407 -366.04 5531.7 96.091 -336.58 5603.7 67.407
3.8167 -337.99 5528.7 91.229 -368.06 5544.4 96.147 -337.96 5616 67.157
3.825 -339.94 5542.8 91.096 -370.1 5557 96.203 -339.35 5628.4 66.881
3.8333 -341.92 5556.9 91.015 -372.16 5569.7 96.253 -340.73 5640.9 66.575
3.8417 -343.92 5571.1 91.01 -374.21 5582.4 96.289 -342.09 5653.3 66.238
3.85 -345.94 5585.3 91.08 -376.26 5595.2 96.31 -343.43 5665.8 65.871
3.8583 -347.97 5599.4 91.221 -378.26 5607.9 96.309 -344.74 5678.2 65.48
3.8667 -349.99 5613.4 91.437 -380.2 5620.7 96.281 -346.02 5690.5 65.072
3.875 -352 5627.1 91.708 -382.05 5633.5 96.221 -347.27 5702.8 64.658
3.8833 -354 5640.6 92.016 -383.8 5646.4 96.126 -348.5 5715 64.248
3.8917 -355.96 5653.8 92.338 -385.42 5659.2 95.995 -349.69 5727.2 63.852
3.9 -357.9 5666.7 92.649 -386.9 5672.1 95.825 -350.86 5739.3 63.478
3.9083 -359.8 5679.3 92.927 -388.22 5684.9 95.614 -352 5751.3 63.132
3.9167 -361.67 5691.7 93.154 -389.39 5697.7 95.365 -353.09 5763.3 62.817
3.925 -363.5 5703.8 93.319 -390.4 5710.4 95.077 -354.13 5775.4 62.532
3.9333 -365.29 5715.6 93.419 -391.25 5723 94.754 -355.08 5787.4 62.274
3.9417 -367.02 5727.3 93.457 -391.97 5735.5 94.397 -355.92 5799.5 62.036
3.95 -368.69 5738.9 93.439 -392.56 5747.8 94.01 -356.62 5811.6 61.812
3.9583 -370.24 5750.4 93.377 -393.05 5759.8 93.598 -357.15 5823.8 61.592
3.9667 -371.67 5761.8 93.285 -393.43 5771.7 93.166 -357.5 5836 61.368
3.975 -372.94 5773.1 93.172 -393.75 5783.4 92.712 -357.62 5848.3 61.135
3.9833 -374.01 5784.4 93.061 -393.99 5794.9 92.246 -357.52 5860.7 60.885
3.9917 -374.88 5795.7 92.962 -394.18 5806.3 91.769 -357.17 5873.1 60.614
4 -375.52 5806.9 92.89 -394.32 5817.5 91.283 -356.59 5885.5 60.319
4.0083 -375.94 5818 92.849 -394.4 5828.6 90.79 -355.78 5897.9 59.999
4.0167 -376.14 5829.1 92.844 -394.43 5839.6 90.293 -354.76 5910.2 59.653
4.025 -376.15 5840.1 92.874 -394.39 5850.6 89.792 -353.56 5922.4 59.282
4.0333 -376 5851 92.936 -394.28 5861.6 89.289 -352.2 5934.6 58.885
4.0417 -375.71 5861.9 93.022 -394.1 5872.7 88.785 -350.71 5946.6 58.463
4.05 -375.31 5872.7 93.126 -393.82 5883.7 88.282 -349.13 5958.4 58.018
4.0583 -374.85 5883.4 93.24 -393.45 5894.9 87.784 -347.47 5970.1 57.55
4.0667 -374.35 5894 93.354 -392.99 5906 87.292 -345.75 5981.6 57.061
4.075 -373.84 5904.6 93.464 -392.44 5917.2 86.812 -344 5992.9 56.553
4.0833 -373.33 5915.1 93.567 -391.8 5928.5 86.348 -342.22 6004.2 56.03
4.0917 -372.84 5925.6 93.66 -391.08 5939.8 85.906 -340.41 6015.3 55.495
4.1 -372.36 5936 93.744 -390.3 5951.1 85.488 -338.58 6026.3 54.952
4.1083 -371.91 5946.4 93.823 -389.45 5962.4 85.099 -336.72 6037.3 54.407
4.1167 -371.47 5956.8 93.903 -388.55 5973.7 84.743 -334.82 6048.2 53.864
4.125 -371.03 5967.2 93.988 -387.6 5985 84.42 -332.89 6059.1 53.327
4.1333 -370.58 5977.5 94.084 -386.61 5996.3 84.132 -330.91 6069.9 52.799
4.1417 -370.09 5987.9 94.193 -385.56 6007.7 83.878 -328.88 6080.8 52.284
4.15 -369.56 5998.3 94.32 -384.47 6019 83.658 -326.8 6091.7 51.783
4.1583 -368.95 6008.7 94.46 -383.32 6030.4 83.468 -324.68 6102.6 51.297
4.1667 -368.24 6019.2 94.61 -382.09 6041.9 83.305 -322.5 6113.5 50.824
4.175 -367.42 6029.8 94.763 -380.78 6053.4 83.168 -320.28 6124.5 50.365
4.1833 -366.47 6040.4 94.911 -379.38 6064.9 83.052 -318.02 6135.4 49.919
4.1917 -365.37 6051.2 95.043 -377.88 6076.5 82.955 -315.7 6146.4 49.483
4.2 -364.12 6062 95.153 -376.27 6088.1 82.874 -313.35 6157.4 49.06
4.2083 -362.7 6073 95.235 -374.55 6099.8 82.81 -310.96 6168.3 48.648
4.2167 -361.12 6084.1 95.288 -372.7 6111.5 82.759 -308.51 6179.3 48.25
4.225 -359.37 6095.4 95.314 -370.73 6123.2 82.722 -306.02 6190.3 47.866
4.2333 -357.5 6106.7 95.322 -368.64 6134.9 82.697 -303.46 6201.4 47.497
4.2417 -355.53 6118.3 95.317 -366.43 6146.6 82.685 -300.85 6212.4 47.144
4.25 -353.52 6129.9 95.303 -364.1 6158.3 82.683 -298.16 6223.4 46.806
4.2583 -351.52 6141.6 95.278 -361.66 6169.9 82.686 -295.39 6234.5 46.482
4.2667 -349.55 6153.3 95.25 -359.09 6181.6 82.692 -292.53 6245.6 46.167
4.275 -347.64 6165.1 95.213 -356.41 6193.3 82.693 -289.57 6256.7 45.858
4.2833 -345.79 6176.9 95.174 -353.62 6204.9 82.684 -286.5 6267.8 45.55
4.2917 -343.98 6188.8 95.134 -350.7 6216.6 82.657 -283.33 6278.8 45.238
4.3 -342.19 6200.8 95.097 -347.67 6228.4 82.603 -280.03 6289.9 44.916
4.3083 -340.42 6212.8 95.067 -344.51 6240.2 82.515 -276.61 6301 44.583
4.3167 -338.64 6225 95.046 -341.23 6252 82.387 -273.06 6312.1 44.237
4.325 -336.81 6237.5 95.034 -337.84 6263.9 82.216 -269.39 6323.2 43.878
4.3333 -334.9 6250.1 95.028 -334.33 6275.8 82 -265.59 6334.3 43.51
4.3417 -332.9 6263 95.017 -330.72 6287.8 81.738 -261.66 6345.4 43.138
4.35 -330.76 6276.1 94.991 -327.01 6299.7 81.435 -257.62 6356.6 42.766
4.3583 -328.49 6289.3 94.935 -323.21 6311.7 81.097 -253.47 6367.8 42.402
4.3667 -326.06 6302.7 94.834 -319.35 6323.6 80.73 -249.21 6379.1 42.05
4.375 -323.49 6316.2 94.677 -315.44 6335.6 80.343 -244.88 6390.3 41.713
4.3833 -320.78 6329.6 94.452 -311.51 6347.4 79.944 -240.47 6401.6 41.394
4.3917 -317.95 6343 94.155 -307.57 6359.2 79.54 -236.01 6412.9 41.092
4.4 -315 6356.2 93.784 -303.64 6371 79.138 -231.52 6424.1 40.8
4.4083 -311.94 6369.2 93.344 -299.76 6382.7 78.741 -227 6435.3 40.516
4.4167 -308.76 6381.9 92.842 -295.93 6394.3 78.354 -222.49 6446.3 40.229
4.425 -305.45 6394.3 92.29 -292.18 6405.9 77.975 -217.98 6457.3 39.934
4.4333 -302.01 6406.4 91.7 -288.52 6417.4 77.606 -213.49 6468.2 39.621
4.4417 -298.44 6418.3 91.084 -284.97 6428.8 77.244 -209.04 6478.9 39.286
4.45 -294.75 6429.8 90.454 -281.52 6440.2 76.887 -204.63 6489.4 38.923
4.4583 -290.97 6441.2 89.819 -278.18 6451.5 76.534 -200.26 6499.9 38.534
4.4667 -287.08 6452.3 89.185 -274.96 6462.6 76.18 -195.95 6510.2 38.119
4.475 -283.11 6463.3 88.553 -271.83 6473.7 75.826 -191.68 6520.4 37.684
4.4833 -279.04 6474.2 87.921 -268.79 6484.6 75.469 -187.47 6530.6 37.237
4.4917 -274.87 6485 87.285 -265.83 6495.4 75.11 -183.32 6540.7 36.786
4.5 -270.62 6495.8 86.637 -262.93 6506 74.747 -179.21 6550.8 36.339
4.5083 -266.3 6506.6 85.971 -260.07 6516.4 74.38 -175.16 6560.9 35.907
4.5167 -261.92 6517.3 85.28 -257.22 6526.7 74.01 -171.16 6571 35.496
4.525 -257.51 6528 84.558 -254.38 6536.8 73.636 -167.22 6581.2 35.111
4.5333 -253.08 6538.6 83.799 -251.52 6546.7 73.261 -163.33 6591.3 34.757
4.5417 -248.65 6549.1 83.005 -248.63 6556.5 72.881 -159.5 6601.5 34.433
4.55 -244.26 6559.5 82.177 -245.69 6566.3 72.496 -155.72 6611.6 34.138
4.5583 -239.91 6569.8 81.316 -242.7 6575.9 72.109 -152 6621.8 33.87
4.5667 -235.63 6579.9 80.43 -239.66 6585.5 71.718 -148.33 6631.9 33.621
4.575 -231.43 6589.9 79.528 -236.57 6595.1 71.322 -144.71 6641.9 33.387
4.5833 -227.3 6599.7 78.62 -233.43 6604.6 70.921 -141.14 6651.9 33.163
4.5917 -223.26 6609.4 77.712 -230.25 6614.2 70.514 -137.62 6661.8 32.94
4.6 -219.29 6619.1 76.813 -227.05 6623.8 70.097 -134.13 6671.6 32.714
4.6083 -215.39 6628.6 75.926 -223.82 6633.4 69.673 -130.68 6681.4 32.48
4.6167 -211.54 6638.1 75.052 -220.57 6643 69.239 -127.25 6691 32.232
4.625 -207.72 6647.6 74.189 -217.32 6652.7 68.795 -123.84 6700.6 31.967
4.6333 -203.93 6657.2 73.331 -214.05 6662.3 68.338 -120.43 6710.1 31.681
4.6417 -200.15 6666.7 72.472 -210.77 6672 67.871 -117.02 6719.5 31.374
4.65 -196.36 6676.2 71.603 -207.47 6681.7 67.391 -113.6 6728.9 31.046
4.6583 -192.56 6685.8 70.717 -204.14 6691.4 66.901 -110.17 6738.2 30.696
4.6667 -188.75 6695.3 69.807 -200.75 6701.1 66.399 -106.71 6747.5 30.328
4.675 -184.93 6704.9 68.871 -197.31 6710.8 65.89 -103.22 6756.7 29.947
4.6833 -181.09 6714.4 67.909 -193.81 6720.6 65.375 -99.695 6766 29.557
4.6917 -177.23 6723.9 66.924 -190.22 6730.4 64.857 -96.138 6775.2 29.163
4.7 -173.36 6733.4 65.926 -186.55 6740.2 64.338 -92.543 6784.5 28.773
4.7083 -169.49 6742.9 64.924 -182.79 6750.1 63.821 -88.909 6793.7 28.391
4.7167 -165.6 6752.4 63.933 -178.96 6760 63.309 -85.235 6803 28.023
4.725 -161.72 6761.9 62.968 -175.05 6769.9 62.803 -81.52 6812.3 27.672
4.7333 -157.84 6771.5 62.047 -171.07 6779.9 62.307 -77.763 6821.5 27.339
4.7417 -153.97 6781.1 61.174 -167.05 6789.8 61.82 -73.96 6830.8 27.022
4.75 -150.11 6790.8 60.369 -162.98 6799.8 61.343 -70.109 6840.1 26.72
4.7583 -146.28 6800.5 59.635 -158.88 6809.8 60.878 -66.207 6849.4 26.426
4.7667 -142.46 6810.3 58.975 -154.76 6819.9 60.422 -62.251 6858.7 26.136
4.775 -138.67 6820.2 58.386 -150.61 6829.9 59.978 -58.237 6868 25.842
4.7833 -134.91 6830.1 57.864 -146.45 6840 59.544 -54.163 6877.3 25.538
4.7917 -131.16 6840.2 57.402 -142.26 6850 59.121 -50.026 6886.6 25.219
4.8 -127.41 6850.4 56.986 -138.04 6860.2 58.71 -45.824 6895.9 24.883
4.8083 -123.63 6860.6 56.606 -133.78 6870.3 58.311 -41.558 6905.2 24.528
4.8167 -119.8 6871 56.255 -129.48 6880.5 57.927 -37.231 6914.5 24.159
4.825 -115.89 6881.5 55.923 -125.13 6890.7 57.557 -32.843 6923.9 23.777
4.8333 -111.86 6892.1 55.599 -120.72 6900.9 57.204 -28.398 6933.2 23.391
4.8417 -107.7 6902.7 55.277 -116.27 6911.2 56.868 -23.895 6942.6 23.005
4.85 -103.38 6913.5 54.951 -111.77 6921.5 56.55 -19.337 6952 22.627
4.8583 -98.897 6924.4 54.615 -107.24 6931.8 56.248 -14.722 6961.5 22.261
4.8667 -94.255 6935.3 54.266 -102.69 6942.1 55.963 -10.047 6971 21.909
4.875 -89.463 6946.4 53.903 -98.135 6952.4 55.691 -5.3069 6980.6 21.57
4.8833 -84.547 6957.6 53.529 -93.591 6962.7 55.432 -0.49557 6990.2 21.243
4.8917 -79.534 6968.9 53.148 -89.068 6973 55.179 4.3955 6999.8 20.919
4.9 -74.45 6980.4 52.772 -84.572 6983.3 54.932 9.373 7009.4 20.59
4.9083 -69.338 6991.9 52.407 -80.107 6993.5 54.684 14.443 7019 20.249
4.9167 -64.202 7003.5 52.066 -75.663 7003.7 54.433 19.608 7028.6 19.884
4.925 -59.06 7015.1 51.759 -71.228 7014 54.174 24.868 7038.2 19.49
4.9333 -53.918 7026.8 51.494 -66.782 7024.2 53.903 30.218 7047.7 19.06
4.9417 -48.783 7038.3 51.274 -62.297 7034.5 53.616 35.649 7057.1 18.594
4.95 -43.653 7049.6 51.104 -57.743 7044.7 53.312 41.146 7066.5 18.095
4.9583 -38.556 7060.8 50.97 -53.092 7055 52.984 46.694 7075.8 17.568
4.9667 -33.484 7071.7 50.871 -48.313 7065.2 52.634 52.277 7085 17.022
4.975 -28.46 7082.3 50.788 -43.377 7075.5 52.258 57.876 7094.1 16.468
4.9833 -23.496 7092.5 50.708 -38.266 7085.6 51.855 63.481 7103.1 15.916
4.9917 -18.61 7102.4 50.61 -32.968 7095.7 51.424 69.084 7112.1 15.376
5 -13.815 7112 50.477 -27.478 7105.7 50.965 74.685 7121 14.856
5.0083 -9.1238 7121.2 50.293 -21.803 7115.6 50.478 80.292 7129.7 14.36
5.0167 -4.5414 7130.1 50.046 -15.956 7125.3 49.962 85.921 7138.4 13.889
5.025 -0.061815 7138.8 49.731 -9.9577 7134.9 49.417 91.596 7147 13.441
5.0333 4.3434 7147.2 49.349 -3.8372 7144.2 48.846 97.343 7155.4 13.008
5.0417 8.7136 7155.3 48.91 2.3764 7153.4 48.246 103.2 7163.7 12.583
5.05 13.104 7163.3 48.425 8.6543 7162.3 47.618 109.19 7171.8 12.153
5.0583 17.573 7171 47.91 14.967 7171 46.963 115.34 7179.8 11.707
5.0667 22.177 7178.4 47.381 21.293 7179.4 46.279 121.68 7187.6 11.238
5.075 26.957 7185.6 46.853 27.616 7187.5 45.566 128.23 7195.2 10.735
5.0833 31.945 7192.4 46.339 33.927 7195.5 44.822 134.99 7202.6 10.196
5.0917 37.14 7198.9 45.849 40.226 7203.2 44.046 141.94 7209.8 9.6179
5.1 42.525 7205.1 45.388 46.52 7210.7 43.238 149.09 7216.8 9.0032
5.1083 48.063 7210.9 44.957 52.822 7217.9 42.397 156.41 7223.6 8.3561
5.1167 53.71 7216.5 44.551 59.15 7225 41.525 163.87 7230.2 7.6833
5.125 59.432 7221.9 44.162 65.516 7231.9 40.627 171.45 7236.5 6.9897
5.1333 65.18 7227.1 43.788 71.961 7238.6 39.694 179.11 7242.6 6.2848
5.1417 70.935 7232.1 43.413 78.483 7245.2 38.747 186.83 7248.5 5.5732
5.15 76.672 7237 43.028 85.104 7251.6 37.784 194.59 7254.1 4.8593
5.1583 82.374 7241.9 42.628 91.835 7257.9 36.815 202.37 7259.6 4.1457
5.1667 88.014 7246.7 42.211 98.677 7264.1 35.849 210.16 7264.8 3.4342
5.175 93.593 7251.6 41.776 105.63 7270.1 34.894 217.96 7269.7 2.7242
5.1833 99.114 7256.5 41.326 112.69 7276 33.956 225.77 7274.5 2.0151
5.1917 104.58 7261.5 40.868 119.84 7281.8 33.044 233.58 7279.1 1.3045
5.2 110.01 7266.5 40.408 127.07 7287.5 32.162 241.4 7283.4 0.59112
5.2083 115.43 7271.6 39.951 134.36 7293 31.31 249.24 7287.5 359.87
5.2167 120.86 7276.7 39.505 141.71 7298.4 30.491 257.1 7291.4 359.15
5.225 126.33 7281.8 39.075 149.11 7303.7 29.704 264.97 7295.2 358.43
5.2333 131.86 7286.9 38.662 156.55 7308.9 28.945 272.87 7298.7 357.7
5.2417 137.47 7292 38.267 164.04 7313.9 28.21 280.78 7302.1 356.97
5.25 143.18 7297 37.887 171.58 7318.8 27.495 288.7 7305.2 356.23
5.2583 148.99 7301.9 37.519 179.17 7323.5 26.794 296.64 7308.2 355.5
5.2667 154.93 7306.8 37.155 186.82 7328.1 26.105 304.59 7311 354.78
5.275 161.01 7311.6 36.79 194.54 7332.5 25.423 312.55 7313.7 354.06
5.2833 167.23 7316.4 36.416 202.35 7336.9 24.747 320.53 7316.1 353.34
5.2917 173.6 7321.1 36.027 210.23 7341.1 24.078 328.54 7318.5 352.64
5.3 180.15 7325.7 35.618 218.2 7345.1 23.415 336.58 7320.6 351.95
5.3083 186.89 7330.3 35.185 226.24 7349.1 22.762 344.67 7322.7 351.27
5.3167 193.81 7334.8 34.725 234.35 7352.9 22.121 352.81 7324.6 350.6
5.325 200.94 7339.2 34.24 242.53 7356.5 21.493 361.02 7326.4 349.95
5.3333 208.28 7343.4 33.731 250.75 7360 20.881 369.29 7328 349.32
5.3417 215.82 7347.6 33.204 259 7363.3 20.282 377.63 7329.6 348.72
5.35 223.56 7351.6 32.663 267.28 7366.4 19.699 386.03 7331 348.13
5.3583 231.47 7355.6 32.112 275.56 7369.3 19.13 394.49 7332.3 347.56
5.3667 239.55 7359.4 31.558 283.85 7371.9 18.563 403 7333.5 347.01
5.375 247.77 7363.3 31.004 292.16 7374.4 17.993 411.54 7334.5 346.48
5.3833 256.11 7367.2 30.444 300.48 7376.6 17.421 420.11 7335.3 345.95
5.3917 264.57 7371 29.879 308.81 7378.7 16.839 428.7 7335.9 345.43
5.4 273.15 7374.9 29.305 317.18 7380.5 16.242 437.3 7336.3 344.89
5.4083 281.87 7378.8 28.722 325.61 7382.1 15.62 445.91 7336.5 344.34
5.4167 290.72 7382.8 28.126 334.11 7383.5 14.973 454.52 7336.4 343.76
5.425 299.73 7386.8 27.516 342.71 7384.8 14.299 463.14 7336.1 343.15
5.4333 308.9 7390.7 26.89 351.41 7386 13.597 471.76 7335.5 342.5
5.4417 318.23 7394.6 26.248 360.23 7387.1 12.862 480.41 7334.7 341.8
5.45 327.71 7398.4 25.576 369.16 7388 12.107 489.07 7333.7 341.06
5.4583 337.31 7401.9 24.872 378.22 7388.9 11.326 497.74 7332.5 340.27
5.4667 346.99 7405.2 24.129 387.4 7389.7 10.521 506.43 7331.1 339.44
5.475 356.72 7408.1 23.341 396.67 7390.5 9.6924 515.12 7329.5 338.59
5.4833 366.45 7410.7 22.507 406.03 7391.1 8.841 523.8 7327.8 337.7
5.4917 376.11 7412.8 21.629 415.45 7391.7 7.966 532.44 7326 336.8
5.5 385.66 7414.5 20.705 424.92 7392.2 7.0668 541.04 7324.1 335.89
5.5083 395.05 7415.7 19.741 434.4 7392.6 6.143 549.56 7322.1 334.98
5.5167 404.25 7416.6 18.738 443.86 7393 5.1943 557.99 7320 334.06
5.525 413.23 7417.2 17.699 453.3 7393.3 4.2214 566.31 7317.8 333.14
5.5333 421.99 7417.5 16.624 462.67 7393.5 3.2261 574.51 7315.6 332.22
5.5417 430.54 7417.7 15.516 471.97 7393.7 2.2101 582.58 7313.4 331.3
5.55 438.88 7417.7 14.377 481.16 7393.9 1.1787 590.52 7311 330.37
5.5583 447.06 7417.7 13.205 490.23 7394.1 0.13564 598.33 7308.7 329.43
5.5667 455.11 7417.7 11.999 499.16 7394.2 359.08 606.03 7306.3 328.49
5.575 463.07 7417.8 10.76 507.92 7394.3 358.03 613.62 7304 327.55
5.5833 470.99 7417.9 9.4813 516.53 7394.4 356.96 621.11 7301.6 326.6
5.5917 478.9 7418.1 8.1671 524.94 7394.4 355.91 628.53 7299.2 325.67
5.6 486.83 7418.2 6.8145 533.17 7394.3 354.83 635.88 7296.8 324.75
5.6083 494.79 7418.2 5.4281 541.2 7394.2 353.76 643.17 7294.4 323.85
5.6167 502.78 7418.2 4.01 549.06 7393.8 352.67 650.41 7292 322.99
5.625 510.77 7417.9 2.564 556.76 7393.4 351.56 657.58 7289.6 322.17
5.6333 518.75 7417.4 1.0972 564.29 7392.7 350.44 664.7 7287.2 321.39
5.6417 526.69 7416.7 359.61 571.72 7391.9 349.29 671.75 7284.7 320.65
5.65 534.55 7415.8 358.11 579.04 7391 348.12 678.72 7282.2 319.95
5.6583 542.3 7414.7 356.6 586.29 7389.8 346.93 685.62 7279.7 319.29
5.6667 549.91 7413.5 355.07 593.5 7388.5 345.71 692.42 7277 318.65
5.675 557.37 7412.1 353.53 600.71 7387.1 344.48 699.13 7274.3 318.04
5.6833 564.67 7410.8 351.97 607.91 7385.6 343.23 705.74 7271.5 317.44
5.6917 571.82 7409.5 350.4 615.18 7384 341.97 712.24 7268.6 316.84
5.7 578.81 7408.2 348.81 622.46 7382.3 340.71 718.65 7265.6 316.24
5.7083 585.67 7406.9 347.2 629.8 7380.6 339.44 724.95 7262.5 315.63
5.7167 592.41 7405.7 345.57 637.15 7378.7 338.18 731.16 7259.3 315.01
5.725 599.07 7404.5 343.92 644.53 7376.7 336.91 737.28 7255.9 314.38
5.7333 605.67 7403.3 342.26 651.91 7374.5 335.66 743.31 7252.4 313.74
5.7417 612.23 7402 340.59 659.27 7372.2 334.4 749.26 7248.7 313.1
5.75 618.76 7400.6 338.93 666.59 7369.7 333.15 755.14 7244.9 312.45
5.7583 625.28 7399.2 337.27 673.89 7367 331.9 760.97 7240.9 311.79
5.7667 631.78 7397.6 335.62 681.13 7364 330.65 766.75 7236.7 311.14
5.775 638.28 7396 334 688.34 7360.9 329.41 772.51 7232.5 310.49
5.7833 644.76 7394.3 332.39 695.52 7357.6 328.16 778.25 7228.1 309.84
5.7917 651.21 7392.6 330.81 702.69 7354.2 326.93 784.01 7223.6 309.21
5.8 657.62 7390.9 329.27 709.87 7350.6 325.7 789.79 7219 308.57
5.8083 663.99 7389.2 327.75 717.06 7346.9 324.5 795.61 7214.3 307.95
5.8167 670.28 7387.7 326.27 724.28 7343.2 323.32 801.48 7209.7 307.34
5.825 676.51 7386.2 324.82 731.53 7339.4 322.18 807.41 7205 306.74
5.8333 682.64 7384.9 323.4 738.83 7335.5 321.06 813.4 7200.2 306.15
5.8417 688.7 7383.6 322.02 746.13 7331.6 319.99 819.45 7195.4 305.57
5.85 694.67 7382.4 320.67 753.45 7327.6 318.96 825.55 7190.6 305.01
5.8583 700.59 7381.1 319.37 760.76 7323.4 317.97 831.68 7185.7 304.48
5.8667 706.46 7379.8 318.12 768.04 7319.1 317.03 837.85 7180.7 303.96
5.875 712.33 7378.3 316.94 775.26 7314.6 316.12 844.04 7175.5 303.46
5.8833 717.42 7379.8 314.91 782.43 7309.9 315.26 850.24 7170.2 302.99
5.8917 724.18 7374.6 314.83 789.53 7305.1 314.45 856.46 7164.8 302.54
5.9 730.24 7372.3 313.92 796.58 7300.1 313.67 862.69 7159.3 302.1
5.9083 736.43 7369.8 313.12 803.59 7294.9 312.94 868.95 7153.7 301.69
5.9167 742.76 7366.9 312.43 810.57 7289.7 312.25 875.25 7148 301.29
5.925 749.26 7363.9 311.84 817.56 7284.5 311.61 881.59 7142.4 300.9
5.9333 755.93 7360.6 311.34 824.58 7279.2 311.02 887.99 7136.8 300.52
5.9417 762.76 7357.2 310.91 831.67 7274 310.47 894.45 7131.2 300.15
5.95 769.75 7353.7 310.52 838.81 7268.8 309.97 900.98 7125.8 299.79
5.9583 776.87 7350.1 310.16 846.04 7263.6 309.52 907.57 7120.4 299.45
5.9667 784.12 7346.4 309.8 853.34 7258.3 309.11 914.22 7115.2 299.12
5.975 791.45 7342.5 309.43 860.69 7253.1 308.75 920.92 7110 298.81
5.9833 798.84 7338.6 309.03 868.09 7247.7 308.42 927.65 7104.9 298.52
5.9917 806.25 7334.4 308.6 875.51 7242.1 308.14 934.42 7099.7 298.26
6 813.66 7330 308.12 882.93 7236.3 307.88 941.2 7094.5 298.03
6.0083 821.03 7325.4 307.6 890.34 7230.4 307.65 948.02 7089.2 297.82
6.0167 828.36 7320.3 307.05 897.75 7224.2 307.44 954.88 7083.8 297.64
6.025 835.66 7315 306.47 905.15 7217.9 307.25 961.81 7078.2 297.49
6.0333 842.95 7309.3 305.88 912.58 7211.5 307.08 968.83 7072.5 297.34
6.0417 850.24 7303.4 305.27 920.07 7205 306.93 975.96 7066.7 297.21
6.05 857.55 7297.1 304.67 927.65 7198.6 306.79 983.24 7060.8 297.08
6.0583 864.92 7290.7 304.09 935.36 7192.1 306.67 990.68 7054.8 296.95
6.0667 872.34 7284 303.53 943.24 7185.7 306.57 998.29 7048.8 296.8
6.075 879.82 7277.2 303.01 951.31 7179.4 306.48 1006.1 7042.8 296.63
6.0833 887.32 7270.2 302.53 959.57 7173.1 306.41 1014 7036.7 296.45
6.0917 894.82 7263.1 302.09 968.03 7166.7 306.36 1022 7030.6 296.24
6.1 902.27 7255.8 301.71 976.63 7160.2 306.33 1030.2 7024.5 296.01
6.1083 909.64 7248.2 301.38 985.35 7153.5 306.3 1038.3 7018.2 295.77
6.1167 916.88 7240.5 301.1 994.13 7146.5 306.29 1046.5 7011.8 295.51
6.125 923.99 7232.4 300.88 1002.9 7139.3 306.28 1054.5 7005.2 295.26
6.1333 930.95 7224.2 300.71 1011.6 7131.6 306.28 1062.5 6998.5 295.02
6.1417 937.78 7215.8 300.59 1020.2 7123.7 306.27 1070.4 6991.6 294.8
6.15 944.5 7207.2 300.52 1028.6 7115.5 306.26 1078.2 6984.5 294.61
6.1583 951.17 7198.7 300.49 1036.8 7107.1 306.24 1085.9 6977.4 294.45
6.1667 957.83 7190.2 300.49 1044.8 7098.7 306.2 1093.5 6970.3 294.32
6.175 964.55 7182 300.52 1052.5 7090.3 306.14 1101 6963.2 294.24
6.1833 971.37 7174 300.57 1060 7082.1 306.06 1108.5 6956.2 294.19
6.1917 978.33 7166.4 300.64 1067.3 7074.2 305.95 1116 6949.2 294.17
6.2 985.43 7159.2 300.71 1074.4 7066.7 305.82 1123.3 6942.4 294.18
6.2083 992.67 7152.3 300.78 1081.2 7059.4 305.66 1130.6 6935.7 294.21
6.2167 999.99 7145.6 300.85 1087.9 7052.4 305.48 1137.8 6929.1 294.24
6.225 1007.3 7139.1 300.92 1094.3 7045.6 305.26 1144.7 6922.3 294.28
6.2333 1014.6 7132.6 300.97 1100.5 7038.8 305.02 1151.3 6915.5 294.3
6.2417 1021.8 7126.1 301.01 1106.5 7032 304.76 1157.7 6908.5 294.3
6.25 1028.8 7119.4 301.02 1112.3 7025 304.47 1163.7 6901.3 294.28
6.2583 1035.6 7112.5 301.02 1117.9 7017.9 304.16 1169.3 6893.7 294.23
6.2667 1042.1 7105.3 300.98 1123.3 7010.4 303.83 1174.5 6885.9 294.16
6.275 1048.4 7098 300.93 1128.6 7002.8 303.48 1179.4 6877.9 294.07
6.2833 1054.5 7090.4 300.85 1133.7 6995 303.11 1184.1 6869.8 293.94
6.2917 1060.5 7082.8 300.76 1138.8 6987.1 302.72 1188.5 6861.6 293.81
6.3 1066.4 7075.3 300.66 1143.8 6979.3 302.31 1192.8 6853.4 293.65
6.3083 1072.2 7067.8 300.56 1148.9 6971.6 301.89 1197.1 6845.4 293.49
6.3167 1078.1 7060.5 300.48 1154 6964.2 301.46 1201.4 6837.6 293.32
6.325 1084 7053.5 300.42 1159.1 6956.9 301.01 1205.8 6830.1 293.15
6.3333 1089.9 7046.6 300.38 1164.3 6949.9 300.55 1210.2 6822.7 292.98
6.3417 1095.9 7039.8 300.38 1169.4 6943.1 300.08 1214.6 6815.5 292.81
6.35 1101.8 7033.1 300.41 1174.6 6936.2 299.61 1219.1 6808.3 292.65
6.3583 1107.6 7026.2 300.48 1179.6 6929.3 299.14 1223.5 6801 292.48
6.3667 1113.2 7019.2 300.57 1184.5 6922.2 298.67 1227.8 6793.6 292.32
6.375 1118.7 7011.8 300.68 1189.3 6914.7 298.21 1231.9 6786 292.16
6.3833 1124 7004 300.81 1193.9 6906.8 297.75 1235.9 6778 292
6.3917 1129 6995.8 300.95 1198.3 6898.6 297.31 1239.7 6769.8 291.84
6.4 1133.9 6987.2 301.09 1202.6 6889.9 296.89 1243.2 6761.3 291.69
6.4083 1138.7 6978.4 301.21 1206.8 6881.1 296.48 1246.7 6752.8 291.54
6.4167 1143.5 6969.5 301.32 1211 6872.2 296.1 1250.1 6744.2 291.39
6.425 1148.3 6960.7 301.41 1215.2 6863.4 295.74 1253.5 6735.8 291.24
6.4333 1153.2 6952.1 301.49 1219.5 6854.7 295.41 1257 6727.7 291.11
