0.0083333 -35.392 3.7395 98.928 -64.744 80.697 90.443 -46.301 138.53 80.361
0.016667 -34.726 10.606 98.901 -63.668 88.448 90.406 -44.863 146.39 80.262
0.025 -34.032 17.659 98.879 -62.532 96.293 90.375 -43.337 154.29 80.164
0.033333 -33.298 24.914 98.87 -61.332 104.25 90.346 -41.727 162.22 80.067
0.041667 -32.515 32.389 98.875 -60.066 112.32 90.315 -40.036 170.2 79.968
0.05 -31.674 40.104 98.899 -58.73 120.52 90.281 -38.27 178.2 79.867
0.058333 -30.77 48.077 98.942 -57.319 128.86 90.239 -36.431 186.25 79.762
0.066667 -29.802 56.327 99.003 -55.829 137.35 90.189 -34.522 194.33 79.65
0.075 -28.776 64.866 99.082 -54.254 145.99 90.129 -32.546 202.45 79.527
0.083333 -27.7 73.701 99.174 -52.59 154.77 90.056 -30.505 210.61 79.389
0.091667 -26.586 82.838 99.272 -50.831 163.72 89.974 -28.398 218.8 79.231
0.1 -25.449 92.27 99.372 -48.976 172.81 89.882 -26.226 227.04 79.048
0.10833 -24.306 101.98 99.467 -47.023 182.06 89.781 -23.988 235.32 78.833
0.11667 -23.167 111.96 99.549 -44.971 191.47 89.674 -21.686 243.63 78.583
0.125 -22.04 122.19 99.614 -42.825 201.03 89.563 -19.32 252 78.292
0.13333 -20.926 132.63 99.657 -40.591 210.73 89.449 -16.895 260.41 77.958
0.14167 -19.819 143.27 99.676 -38.278 220.58 89.333 -14.418 268.87 77.579
0.15 -18.707 154.07 99.672 -35.896 230.56 89.218 -11.896 277.38 77.156
0.15833 -17.573 165 99.644 -33.465 240.65 89.101 -9.3429 285.95 76.694
0.16667 -16.403 176.03 99.599 -30.998 250.83 88.985 -6.7718 294.58 76.197
0.175 -15.179 187.12 99.539 -28.516 261.08 88.87 -4.1995 303.27 75.674
0.18333 -13.892 198.24 99.472 -26.038 271.36 88.758 -1.6433 312.01 75.135
0.19167 -12.532 209.36 99.404 -23.585 281.64 88.651 0.87929 320.79 74.59
0.2 -11.096 220.45 99.34 -21.174 291.87 88.552 3.3523 329.62 74.05
0.20833 -9.5828 231.49 99.284 -18.82 302.01 88.465 5.7618 338.46 73.526
0.21667 -7.995 242.45 99.24 -16.539 312.03 88.395 8.0975 347.31 73.026
0.225 -6.3402 253.32 99.207 -14.338 321.89 88.347 10.353 356.16 72.556
0.23333 -4.6302 264.1 99.181 -12.223 331.57 88.326 12.525 364.98 72.121
0.24167 -2.881 274.78 99.157 -10.197 341.04 88.337 14.616 373.76 71.724
0.25 -1.1077 285.35 99.125 -8.2583 350.31 88.38 16.631 382.49 71.362
0.25833 0.68041 295.82 99.075 -6.4035 359.38 88.457 18.577 391.17 71.035
0.26667 2.4817 306.19 98.996 -4.6265 368.26 88.565 20.463 399.78 70.737
0.275 4.301 316.46 98.876 -2.9195 376.99 88.701 22.298 408.33 70.463
0.28333 6.1466 326.64 98.706 -1.2743 385.58 88.857 24.092 416.82 70.209
0.29167 8.0249 336.73 98.482 0.31776 394.06 89.028 25.852 425.27 69.968
0.3 9.939 346.72 98.2 1.8648 402.47 89.203 27.581 433.69 69.736
0.30833 11.887 356.63 97.861 3.3739 410.84 89.374 29.283 442.09 69.51
0.31667 13.862 366.43 97.469 4.8507 419.18 89.533 30.955 450.49 69.286
0.325 15.855 376.14 97.031 6.3001 427.5 89.672 32.595 458.9 69.065
0.33333 17.847 385.76 96.554 7.7249 435.84 89.784 34.197 467.33 68.846
0.34167 19.823 395.27 96.049 9.1272 444.18 89.864 35.755 475.79 68.629
0.35 21.759 404.69 95.524 10.509 452.54 89.909 37.262 484.28 68.415
0.35833 23.64 414.01 94.988 11.872 460.9 89.917 38.714 492.8 68.206
0.36667 25.447 423.25 94.447 13.217 469.29 89.889 40.108 501.36 68.002
0.375 27.171 432.41 93.904 14.548 477.68 89.824 41.447 509.94 67.804
0.38333 28.808 441.49 93.361 15.866 486.09 89.725 42.732 518.54 67.612
0.39167 30.36 450.51 92.816 17.174 494.51 89.592 43.972 527.15 67.426
0.4 31.837 459.47 92.266 18.475 502.95 89.428 45.178 535.78 67.244
0.40833 33.257 468.38 91.709 19.773 511.43 89.232 46.361 544.42 67.066
0.41667 34.642 477.25 91.141 21.069 519.95 89.007 47.536 553.07 66.891
0.425 36.013 486.07 90.561 22.368 528.53 88.751 48.717 561.73 66.717
0.43333 37.392 494.85 89.969 23.672 537.17 88.465 49.917 570.42 66.544
0.44167 38.799 503.59 89.366 24.985 545.89 88.149 51.148 579.13 66.373
0.45 40.248 512.28 88.756 26.311 554.7 87.805 52.418 587.87 66.203
0.45833 41.742 520.93 88.143 27.654 563.59 87.432 53.734 596.66 66.035
0.46667 43.283 529.53 87.534 29.017 572.58 87.035 55.099 605.5 65.871
0.475 44.86 538.09 86.936 30.403 581.67 86.618 56.513 614.39 65.714
0.48333 46.454 546.61 86.353 31.818 590.83 86.184 57.974 623.35 65.563
0.49167 48.051 555.1 85.791 33.262 600.08 85.739 59.478 632.36 65.422
0.5 49.626 563.58 85.254 34.74 609.4 85.29 61.019 641.44 65.291
0.50833 51.154 572.06 84.741 36.252 618.79 84.843 62.593 650.58 65.17
0.51667 52.629 580.57 84.253 37.798 628.22 84.402 64.194 659.78 65.06
0.525 54.03 589.12 83.787 39.379 637.7 83.973 65.819 669.05 64.959
0.53333 55.363 597.73 83.338 40.992 647.23 83.559 67.464 678.37 64.865
0.54167 56.63 606.43 82.901 42.637 656.79 83.162 69.129 687.76 64.776
0.55 57.846 615.21 82.471 44.31 666.4 82.784 70.811 697.2 64.69
0.55833 59.03 624.1 82.04 46.009 676.05 82.426 72.512 706.7 64.602
0.56667 60.207 633.1 81.607 47.733 685.75 82.088 74.231 716.26 64.512
0.575 61.402 642.21 81.163 49.48 695.53 81.767 75.967 725.87 64.416
0.58333 62.636 651.42 80.713 51.248 705.36 81.468 77.718 735.55 64.313
0.59167 63.922 660.74 80.255 53.037 715.28 81.185 79.484 745.28 64.203
0.6 65.271 670.17 79.795 54.845 725.29 80.925 81.26 755.06 64.086
0.60833 66.679 679.7 79.336 56.671 735.39 80.683 83.043 764.91 63.964
0.61667 68.143 689.35 78.883 58.512 745.59 80.461 84.829 774.82 63.839
0.625 69.655 699.12 78.442 60.361 755.88 80.26 86.614 784.79 63.712
0.63333 71.205 709.05 78.018 62.21 766.25 80.081 88.395 794.84 63.586
0.64167 72.791 719.14 77.608 64.054 776.72 79.919 90.173 804.97 63.464
0.65 74.409 729.44 77.219 65.879 787.26 79.776 91.948 815.19 63.345
0.65833 76.066 739.96 76.848 67.674 797.88 79.648 93.723 825.51 63.232
0.66667 77.771 750.75 76.495 69.427 808.55 79.532 95.503 835.94 63.123
0.675 79.53 761.79 76.154 71.13 819.28 79.422 97.294 846.5 63.016
0.68333 81.364 773.12 75.829 72.772 830.04 79.313 99.105 857.18 62.91
0.69167 83.288 784.72 75.517 74.351 840.83 79.198 100.94 867.99 62.802
0.7 85.316 796.58 75.22 75.868 851.65 79.073 102.81 878.92 62.688
0.70833 87.46 808.67 74.94 77.332 862.49 78.933 104.72 889.96 62.566
0.71667 89.723 820.92 74.679 78.757 873.36 78.776 106.67 901.1 62.434
0.725 92.099 833.3 74.443 80.162 884.25 78.601 108.65 912.31 62.292
0.73333 94.57 845.73 74.232 81.573 895.18 78.41 110.67 923.57 62.139
0.74167 97.108 858.16 74.048 83.017 906.14 78.203 112.73 934.86 61.979
0.75 99.678 870.54 73.887 84.522 917.15 77.981 114.81 946.14 61.814
0.75833 102.24 882.81 73.745 86.115 928.19 77.747 116.9 957.4 61.649
0.76667 104.77 894.93 73.612 87.816 939.26 77.502 119.01 968.61 61.49
0.775 107.23 906.86 73.479 89.643 950.35 77.245 121.13 979.76 61.342
0.78333 109.59 918.58 73.334 91.605 961.46 76.975 123.26 990.85 61.209
0.79167 111.84 930.08 73.163 93.701 972.55 76.688 125.41 1001.9 61.098
0.8 113.97 941.35 72.956 95.924 983.61 76.382 127.57 1012.8 61.01
0.80833 116 952.41 72.703 98.261 994.61 76.05 129.77 1023.7 60.949
0.81667 117.92 963.27 72.398 100.69 1005.5 75.687 132.03 1034.6 60.913
0.825 119.76 973.96 72.04 103.2 1016.4 75.289 134.34 1045.4 60.9
0.83333 121.53 984.53 71.635 105.76 1027.1 74.85 136.75 1056.3 60.908
0.84167 123.25 995.01 71.194 108.35 1037.7 74.37 139.26 1067.1 60.93
0.85 124.94 1005.4 70.732 110.97 1048.1 73.847 141.88 1077.9 60.96
0.85833 126.59 1015.8 70.269 113.59 1058.4 73.284 144.63 1088.8 60.993
0.86667 128.24 1026.2 69.826 116.22 1068.6 72.683 147.51 1099.7 61.02
0.875 129.9 1036.5 69.424 118.85 1078.7 72.053 150.51 1110.5 61.037
0.88333 131.57 1046.8 69.084 121.5 1088.7 71.401 153.65 1121.4 61.039
0.89167 133.29 1057 68.818 124.16 1098.7 70.735 156.89 1132.2 61.022
0.9 135.07 1067.1 68.636 126.86 1108.5 70.066 160.23 1143.1 60.985
0.90833 136.92 1077.1 68.54 129.59 1118.3 69.404 163.66 1153.8 60.929
0.91667 138.85 1087 68.523 132.37 1128.2 68.757 167.14 1164.6 60.856
0.925 140.88 1096.7 68.576 135.2 1138 68.132 170.67 1175.3 60.769
0.93333 143 1106.3 68.685 138.08 1147.8 67.537 174.22 1186 60.674
0.94167 145.21 1115.8 68.833 141 1157.6 66.974 177.78 1196.6 60.575
0.95 147.53 1125.1 69.005 143.97 1167.5 66.448 181.35 1207.3 60.478
0.95833 149.94 1134.3 69.186 146.97 1177.3 65.961 184.91 1217.9 60.388
0.96667 152.44 1143.4 69.363 149.99 1187.2 65.511 188.47 1228.5 60.31
0.975 155.05 1152.4 69.525 153.03 1197.1 65.1 192.01 1239.1 60.246
0.98333 157.75 1161.4 69.666 156.09 1207 64.728 195.55 1249.7 60.199
0.99167 160.56 1170.4 69.782 159.16 1216.9 64.394 199.09 1260.3 60.17
1 163.46 1179.3 69.872 162.25 1226.8 64.1 202.63 1271 60.158
1.0083 166.46 1188.1 69.938 165.36 1236.7 63.844 206.17 1281.7 60.161
1.0167 169.56 1196.9 69.984 168.5 1246.7 63.629 209.72 1292.3 60.176
1.025 172.75 1205.7 70.016 171.69 1256.6 63.456 213.29 1303 60.2
1.0333 176.03 1214.5 70.041 174.92 1266.6 63.323 216.86 1313.7 60.23
1.0417 179.39 1223.2 70.066 178.22 1276.7 63.231 220.46 1324.3 60.263
1.05 182.83 1232 70.099 181.57 1286.7 63.178 224.07 1335 60.296
1.0583 186.34 1240.8 70.148 184.98 1296.8 63.163 227.7 1345.7 60.328
1.0667 189.93 1249.6 70.218 188.45 1307 63.182 231.35 1356.3 60.359
1.075 193.6 1258.5 70.315 191.96 1317.2 63.232 235.02 1367 60.389
1.0833 197.36 1267.4 70.443 195.52 1327.4 63.308 238.7 1377.6 60.42
1.0917 201.21 1276.5 70.607 199.1 1337.8 63.406 242.4 1388.3 60.456
1.1 205.17 1285.8 70.808 202.69 1348.1 63.524 246.12 1399 60.498
1.1083 209.23 1295.1 71.047 206.3 1358.5 63.657 249.86 1409.8 60.549
1.1167 213.39 1304.7 71.325 209.9 1369 63.804 253.61 1420.5 60.612
1.125 217.65 1314.4 71.64 213.51 1379.4 63.963 257.38 1431.3 60.689
1.1333 221.98 1324.3 71.988 217.12 1389.9 64.133 261.17 1442.1 60.78
1.1417 226.36 1334.4 72.37 220.74 1400.4 64.317 264.98 1452.9 60.885
1.15 230.78 1344.6 72.778 224.39 1410.9 64.511 268.81 1463.7 61.003
1.1583 235.22 1355 73.209 228.06 1421.4 64.716 272.66 1474.5 61.131
1.1667 239.67 1365.5 73.658 231.78 1431.9 64.932 276.54 1485.2 61.269
1.175 244.13 1376.2 74.12 235.57 1442.4 65.156 280.45 1495.9 61.413
1.1833 248.62 1387.1 74.592 239.44 1452.9 65.385 284.4 1506.6 61.561
1.1917 253.13 1398.1 75.07 243.39 1463.5 65.616 288.39 1517.2 61.712
1.2 257.69 1409.3 75.546 247.45 1474 65.851 292.43 1527.8 61.866
1.2083 262.3 1420.7 76.017 251.61 1484.6 66.078 296.51 1538.4 62.024
1.2167 266.99 1432.3 76.48 255.89 1495.2 66.294 300.65 1549 62.188
1.225 271.73 1444 76.927 260.28 1505.9 66.502 304.85 1559.6 62.359
1.2333 276.52 1455.9 77.354 264.78 1516.7 66.697 309.08 1570.2 62.541
1.2417 281.36 1468 77.753 269.37 1527.6 66.883 313.36 1580.9 62.737
1.25 286.21 1480.3 78.121 274.04 1538.5 67.053 317.66 1591.6 62.948
1.2583 291.06 1492.6 78.45 278.78 1549.6 67.223 321.97 1602.3 63.177
1.2667 295.88 1505 78.736 283.55 1560.7 67.391 326.26 1613.1 63.423
1.275 300.65 1517.5 78.976 288.33 1571.9 67.567 330.53 1623.9 63.684
1.2833 305.35 1529.9 79.172 293.1 1583.2 67.759 334.75 1634.6 63.958
1.2917 309.97 1542.2 79.329 297.81 1594.6 67.978 338.9 1645.3 64.241
1.3 314.52 1554.5 79.456 302.44 1605.9 68.23 342.95 1656 64.528
1.3083 319.01 1566.5 79.566 306.96 1617.3 68.524 346.91 1666.6 64.814
1.3167 323.45 1578.4 79.674 311.34 1628.6 68.868 350.74 1677.1 65.096
1.325 327.84 1590 79.793 315.55 1639.8 69.263 354.44 1687.5 65.369
1.3333 332.17 1601.4 79.936 319.59 1651 69.713 358.01 1697.9 65.633
1.3417 336.41 1612.6 80.113 323.44 1661.9 70.216 361.44 1708.2 65.887
1.35 340.54 1623.6 80.327 327.09 1672.8 70.769 364.72 1718.5 66.135
1.3583 344.52 1634.4 80.578 330.55 1683.4 71.368 367.86 1728.7 66.379
1.3667 348.33 1645 80.86 333.82 1693.9 72.005 370.85 1739 66.625
1.375 351.95 1655.6 81.163 336.92 1704.2 72.675 373.7 1749.3 66.88
1.3833 355.4 1666 81.472 339.87 1714.3 73.368 376.4 1759.6 67.149
1.3917 358.67 1676.4 81.773 342.67 1724.3 74.08 378.94 1770 67.438
1.4 361.77 1686.7 82.05 345.35 1734 74.804 381.34 1780.5 67.75
1.4083 364.72 1697.1 82.291 347.91 1743.7 75.535 383.58 1791 68.086
1.4167 367.5 1707.3 82.488 350.37 1753.3 76.271 385.66 1801.6 68.446
1.425 370.14 1717.6 82.637 352.73 1762.7 76.999 387.59 1812.2 68.826
1.4333 372.64 1727.9 82.741 355 1772.1 77.743 389.37 1822.8 69.222
1.4417 375.03 1738.1 82.807 357.18 1781.5 78.477 391 1833.4 69.628
1.45 377.31 1748.3 82.849 359.27 1790.8 79.208 392.49 1844 70.035
1.4583 379.51 1758.5 82.882 361.27 1800.1 79.937 393.85 1854.4 70.438
1.4667 381.64 1768.6 82.924 363.18 1809.4 80.66 395.08 1864.9 70.831
1.475 383.73 1778.7 82.99 365 1818.8 81.376 396.2 1875.2 71.211
1.4833 385.78 1788.7 83.094 366.75 1828.1 82.082 397.23 1885.4 71.574
1.4917 387.82 1798.7 83.244 368.43 1837.4 82.772 398.16 1895.5 71.922
1.5 389.84 1808.8 83.443 370.04 1846.8 83.444 399.01 1905.5 72.257
1.5083 391.84 1818.7 83.688 371.59 1856.2 84.091 399.79 1915.4 72.58
1.5167 393.82 1828.7 83.971 373.09 1865.6 84.708 400.51 1925.2 72.895
1.525 395.76 1838.7 84.28 374.54 1875.1 85.291 401.17 1935 73.207
1.5333 397.64 1848.7 84.602 375.95 1884.6 85.835 401.78 1944.7 73.515
1.5417 399.45 1858.6 84.924 377.32 1894.2 86.337 402.35 1954.3 73.823
1.55 401.18 1868.6 85.234 378.64 1903.8 86.795 402.87 1963.8 74.127
1.5583 402.83 1878.5 85.523 379.9 1913.5 87.208 403.37 1973.4 74.425
1.5667 404.41 1888.4 85.787 381.11 1923.3 87.578 403.84 1982.9 74.712
1.575 405.94 1898.2 86.023 382.26 1933.2 87.907 404.29 1992.4 74.983
1.5833 407.43 1908 86.235 383.33 1943.1 88.201 404.72 2001.8 75.231
1.5917 408.89 1917.8 86.425 384.34 1953.1 88.464 405.15 2011.3 75.451
1.6 410.34 1927.7 86.601 385.27 1963.2 88.702 405.57 2020.8 75.639
1.6083 411.78 1937.5 86.769 386.14 1973.3 88.921 405.99 2030.3 75.791
1.6167 413.19 1947.4 86.934 386.94 1983.4 89.127 406.41 2039.8 75.909
1.625 414.57 1957.4 87.104 387.67 1993.5 89.322 406.83 2049.3 75.995
1.6333 415.88 1967.5 87.274 388.35 2003.7 89.512 407.24 2058.9 76.052
1.6417 417.1 1977.7 87.451 388.97 2013.8 89.695 407.64 2068.5 76.087
1.65 418.19 1988.1 87.632 389.53 2024 89.871 408.03 2078.2 76.105
1.6583 419.14 1998.5 87.812 390.04 2034.2 90.037 408.41 2087.9 76.112
