0.0083333 13.851 1.3439 102.47 -7.4254 91.04 91.941 28.987 140.25 80.776
0.016667 14.84 10.083 102.65 -5.9189 99.86 91.999 30.762 148.75 80.705
0.025 15.826 19.061 102.83 -4.34 108.79 92.067 32.57 157.33 80.647
0.033333 16.804 28.259 102.99 -2.6929 117.81 92.139 34.413 166 80.599
0.041667 17.774 37.657 103.13 -0.9856 126.91 92.21 36.292 174.76 80.558
0.05 18.736 47.218 103.25 0.76829 136.09 92.281 38.204 183.63 80.524
0.058333 19.701 56.925 103.34 2.5584 145.33 92.342 40.147 192.59 80.492
0.066667 20.677 66.731 103.41 4.364 154.61 92.4 42.113 201.64 80.46
0.075 21.681 76.616 103.44 6.1698 163.92 92.451 44.094 210.77 80.424
0.083333 22.726 86.542 103.44 7.9558 173.24 92.502 46.08 219.96 80.38
0.091667 23.826 96.478 103.42 9.7032 182.54 92.558 48.06 229.17 80.323
0.1 24.993 106.4 103.38 11.395 191.81 92.625 50.02 238.39 80.249
0.10833 26.233 116.27 103.32 13.015 201 92.712 51.946 247.58 80.157
0.11667 27.544 126.09 103.25 14.553 210.1 92.824 53.821 256.73 80.046
0.125 28.92 135.84 103.18 15.999 219.08 92.968 55.629 265.81 79.917
0.13333 30.34 145.5 103.11 17.352 227.92 93.148 57.354 274.81 79.775
0.14167 31.783 155.09 103.04 18.61 236.6 93.365 58.98 283.73 79.628
0.15 33.219 164.6 102.97 19.778 245.1 93.617 60.49 292.58 79.483
0.15833 34.623 174.03 102.91 20.863 253.42 93.899 61.87 301.35 79.351
0.16667 35.971 183.42 102.83 21.875 261.56 94.206 63.11 310.05 79.243
0.175 37.249 192.76 102.75 22.826 269.54 94.53 64.2 318.72 79.169
0.18333 38.446 202.08 102.65 23.731 277.37 94.863 65.136 327.35 79.136
0.19167 39.556 211.37 102.53 24.599 285.05 95.196 65.918 335.96 79.151
0.2 40.576 220.65 102.39 25.441 292.63 95.522 66.548 344.55 79.214
0.20833 41.506 229.91 102.22 26.264 300.11 95.835 67.033 353.14 79.323
0.21667 42.352 239.14 102.02 27.071 307.52 96.132 67.385 361.72 79.474
0.225 43.124 248.32 101.8 27.859 314.89 96.408 67.616 370.28 79.657
0.23333 43.833 257.46 101.55 28.626 322.22 96.664 67.74 378.82 79.862
0.24167 44.49 266.52 101.29 29.365 329.53 96.898 67.772 387.32 80.077
0.25 45.111 275.5 101.01 30.068 336.83 97.113 67.725 395.78 80.293
0.25833 45.699 284.38 100.73 30.729 344.14 97.31 67.613 404.18 80.499
0.26667 46.258 293.16 100.44 31.339 351.47 97.49 67.446 412.52 80.688
0.275 46.785 301.83 100.16 31.894 358.82 97.655 67.235 420.79 80.855
0.28333 47.277 310.39 99.883 32.388 366.2 97.805 66.988 429 80.995
0.29167 47.724 318.86 99.614 32.819 373.62 97.939 66.711 437.15 81.11
0.3 48.118 327.25 99.355 33.185 381.08 98.057 66.41 445.24 81.199
0.30833 48.45 335.57 99.105 33.487 388.58 98.155 66.09 453.29 81.265
0.31667 48.715 343.85 98.863 33.724 396.14 98.232 65.756 461.3 81.31
0.325 48.913 352.1 98.63 33.9 403.75 98.286 65.413 469.28 81.337
0.33333 49.048 360.34 98.404 34.018 411.42 98.313 65.065 477.24 81.349
0.34167 49.127 368.58 98.185 34.082 419.15 98.315 64.716 485.19 81.346
0.35 49.165 376.84 97.973 34.096 426.94 98.289 64.369 493.13 81.329
0.35833 49.177 385.1 97.768 34.063 434.79 98.239 64.029 501.06 81.3
0.36667 49.182 393.37 97.57 33.99 442.7 98.166 63.696 508.97 81.257
0.375 49.194 401.65 97.378 33.878 450.68 98.074 63.372 516.88 81.202
0.38333 49.228 409.93 97.192 33.733 458.71 97.966 63.056 524.77 81.135
0.39167 49.291 418.2 97.009 33.558 466.8 97.847 62.746 532.65 81.056
0.4 49.389 426.47 96.829 33.355 474.95 97.719 62.441 540.52 80.967
0.40833 49.514 434.73 96.647 33.129 483.17 97.587 62.137 548.38 80.87
0.41667 49.657 442.99 96.462 32.883 491.44 97.454 61.834 556.23 80.766
0.425 49.801 451.24 96.272 32.619 499.78 97.319 61.53 564.08 80.658
0.43333 49.932 459.51 96.075 32.34 508.19 97.185 61.225 571.95 80.546
0.44167 50.026 467.78 95.872 32.049 516.66 97.052 60.923 579.83 80.431
0.45 50.067 476.09 95.663 31.746 525.22 96.918 60.624 587.75 80.311
0.45833 50.043 484.43 95.451 31.434 533.85 96.783 60.335 595.7 80.186
0.46667 49.95 492.83 95.233 31.115 542.57 96.646 60.058 603.71 80.053
0.475 49.788 501.3 95.014 30.788 551.37 96.506 59.796 611.76 79.911
0.48333 49.566 509.86 94.793 30.457 560.25 96.362 59.553 619.89 79.758
0.49167 49.307 518.51 94.572 30.12 569.22 96.215 59.327 628.07 79.593
0.5 49.02 527.28 94.35 29.779 578.28 96.064 59.117 636.33 79.416
0.50833 48.732 536.18 94.13 29.435 587.41 95.91 58.918 644.67 79.228
0.51667 48.444 545.21 93.91 29.087 596.63 95.753 58.722 653.08 79.032
0.525 48.163 554.37 93.689 28.737 605.92 95.594 58.523 661.58 78.832
0.53333 47.88 563.67 93.468 28.385 615.28 95.433 58.313 670.16 78.631
0.54167 47.583 573.12 93.244 28.03 624.71 95.269 58.085 678.84 78.433
0.55 47.256 582.72 93.013 27.671 634.21 95.103 57.837 687.63 78.24
0.55833 46.881 592.49 92.774 27.308 643.76 94.934 57.567 696.53 78.054
0.56667 46.446 602.43 92.525 26.938 653.38 94.758 57.28 705.55 77.873
0.575 45.938 612.54 92.266 26.558 663.06 94.577 56.983 714.71 77.695
0.58333 45.348 622.85 91.999 26.166 672.79 94.39 56.688 724.01 77.516
0.59167 44.678 633.33 91.729 25.76 682.58 94.191 56.408 733.46 77.328
0.6 43.934 643.99 91.462 25.337 692.42 93.985 56.158 743.05 77.126
0.60833 43.13 654.83 91.207 24.901 702.33 93.77 55.952 752.8 76.905
0.61667 42.289 665.8 90.971 24.453 712.3 93.544 55.801 762.7 76.659
0.625 41.436 676.88 90.758 24.001 722.35 93.306 55.715 772.72 76.388
0.63333 40.601 688.05 90.576 23.555 732.48 93.06 55.695 782.86 76.091
0.64167 39.81 699.25 90.424 23.129 742.69 92.804 55.744 793.1 75.772
0.65 39.081 710.45 90.298 22.739 753 92.536 55.857 803.41 75.437
0.65833 38.431 721.59 90.188 22.405 763.4 92.255 56.029 813.77 75.094
0.66667 37.867 732.63 90.079 22.147 773.89 91.957 56.253 824.15 74.75
0.675 37.393 743.54 89.951 21.984 784.48 91.637 56.527 834.53 74.414
0.68333 37.009 754.26 89.783 21.937 795.14 91.291 56.848 844.9 74.091
0.69167 36.711 764.79 89.552 22.021 805.86 90.912 57.221 855.23 73.787
0.7 36.494 775.11 89.239 22.25 816.61 90.493 57.657 865.53 73.501
0.70833 36.349 785.21 88.829 22.634 827.38 90.029 58.175 875.79 73.231
0.71667 36.264 795.09 88.313 23.176 838.13 89.512 58.795 886.01 72.974
0.725 36.229 804.79 87.691 23.876 848.82 88.939 59.546 896.21 72.722
0.73333 36.233 814.32 86.971 24.728 859.44 88.306 60.458 906.39 72.466
0.74167 36.269 823.71 86.171 25.725 869.94 87.612 61.56 916.57 72.199
0.75 36.344 833.01 85.31 26.856 880.3 86.856 62.879 926.76 71.912
0.75833 36.473 842.23 84.414 28.11 890.52 86.043 64.436 936.97 71.601
0.76667 36.685 851.4 83.508 29.476 900.58 85.175 66.244 947.21 71.261
0.775 37.014 860.5 82.618 30.947 910.49 84.26 68.31 957.48 70.895
0.78333 37.499 869.53 81.766 32.517 920.26 83.303 70.629 967.77 70.503
0.79167 38.17 878.47 80.968 34.184 929.89 82.312 73.191 978.08 70.091
0.8 39.05 887.31 80.235 35.951 939.42 81.295 75.975 988.38 69.666
0.80833 40.143 896.02 79.573 37.823 948.87 80.26 78.961 998.65 69.235
0.81667 41.441 904.57 78.978 39.809 958.25 79.214 82.122 1008.9 68.804
0.825 42.923 912.97 78.442 41.917 967.6 78.165 85.431 1019 68.379
0.83333 44.57 921.21 77.953 44.158 976.91 77.118 88.866 1029.1 67.964
0.84167 46.361 929.28 77.496 46.54 986.21 76.08 92.407 1039.1 67.56
0.85 48.281 937.19 77.057 49.068 995.5 75.058 96.038 1048.9 67.167
0.85833 50.31 944.98 76.622 51.745 1004.8 74.056 99.75 1058.7 66.785
0.86667 52.428 952.66 76.181 54.571 1014 73.08 103.54 1068.3 66.413
0.875 54.619 960.26 75.727 57.541 1023.2 72.133 107.4 1077.8 66.048
0.88333 56.866 967.81 75.258 60.651 1032.4 71.223 111.34 1087.2 65.69
0.89167 59.16 975.35 74.774 63.893 1041.6 70.351 115.36 1096.4 65.336
0.9 61.499 982.89 74.277 67.257 1050.6 69.52 119.48 1105.6 64.988
0.90833 63.888 990.45 73.771 70.736 1059.6 68.732 123.68 1114.7 64.646
0.91667 66.333 998.05 73.263 74.323 1068.6 67.989 127.98 1123.8 64.312
0.925 68.846 1005.7 72.756 78.016 1077.5 67.29 132.38 1132.8 63.988
0.93333 71.437 1013.4 72.258 81.81 1086.3 66.635 136.87 1141.8 63.675
0.94167 74.115 1021.1 71.772 85.707 1095.1 66.023 141.46 1150.7 63.377
0.95 76.886 1028.9 71.3 89.708 1103.8 65.45 146.14 1159.6 63.093
0.95833 79.753 1036.8 70.846 93.816 1112.6 64.915 150.91 1168.5 62.826
0.96667 82.715 1044.7 70.409 98.037 1121.3 64.413 155.76 1177.3 62.574
0.975 85.77 1052.7 69.99 102.37 1130 63.941 160.69 1186.1 62.338
0.98333 88.919 1060.7 69.587 106.83 1138.8 63.496 165.69 1194.8 62.117
0.99167 92.167 1068.7 69.202 111.4 1147.6 63.075 170.77 1203.5 61.908
1 95.523 1076.8 68.833 116.1 1156.3 62.675 175.91 1212.2 61.713
1.0083 99.003 1084.9 68.482 120.92 1165.2 62.294 181.12 1220.8 61.528
1.0167 102.63 1093 68.151 125.86 1174 61.933 186.4 1229.4 61.354
1.025 106.43 1101.2 67.844 130.91 1182.9 61.59 191.75 1237.9 61.19
1.0333 110.42 1109.3 67.565 136.09 1191.7 61.265 197.16 1246.3 61.035
1.0417 114.62 1117.5 67.32 141.39 1200.6 60.962 202.65 1254.7 60.891
1.05 119.05 1125.7 67.112 146.82 1209.5 60.679 208.21 1263 60.757
1.0583 123.69 1134 66.946 152.36 1218.4 60.419 213.84 1271.2 60.633
1.0667 128.53 1142.4 66.823 158.04 1227.3 60.183 219.55 1279.4 60.52
1.075 133.58 1150.9 66.74 163.85 1236.1 59.973 225.34 1287.5 60.42
1.0833 138.8 1159.5 66.693 169.81 1245 59.782 231.22 1295.5 60.333
1.0917 144.19 1168.2 66.674 175.91 1253.8 59.617 237.2 1303.5 60.263
1.1 149.74 1177.1 66.675 182.17 1262.6 59.466 243.27 1311.5 60.21
1.1083 155.45 1186.1 66.683 188.59 1271.3 59.332 249.43 1319.5 60.18
1.1167 161.3 1195.1 66.687 195.18 1280 59.207 255.7 1327.4 60.175
1.125 167.29 1204.3 66.676 201.93 1288.7 59.085 262.07 1335.4 60.198
1.1333 173.42 1213.6 66.641 208.84 1297.3 58.96 268.54 1343.3 60.254
1.1417 179.68 1222.9 66.573 215.9 1306 58.827 275.1 1351.4 60.343
1.15 186.09 1232.3 66.465 223.11 1314.6 58.681 281.75 1359.4 60.469
1.1583 192.64 1241.8 66.314 230.45 1323.2 58.517 288.46 1367.5 60.628
1.1667 199.36 1251.2 66.113 237.89 1331.7 58.334 295.24 1375.7 60.818
1.175 206.25 1260.7 65.861 245.42 1340.3 58.132 302.06 1383.9 61.034
1.1833 213.32 1270.1 65.557 253 1348.8 57.912 308.91 1392.1 61.268
1.1917 220.58 1279.4 65.204 260.6 1357.4 57.678 315.76 1400.4 61.511
1.2 228.02 1288.7 64.806 268.19 1365.9 57.437 322.6 1408.7 61.754
1.2083 235.63 1297.8 64.372 275.77 1374.4 57.194 328.93 1417 62.578
1.2167 243.39 1306.7 63.914 283.23 1382.8 56.961 335.68 1425.2 62.798
1.225 251.25 1315.5 63.443 290.56 1391.3 56.746 342.37 1433.4 62.996
1.2333 259.17 1324.2 62.972 297.75 1399.6 56.557 348.99 1441.5 63.166
1.2417 267.1 1332.7 62.51 304.76 1407.9 56.404 355.53 1449.6 63.309
1.25 274.94 1341 62.061 311.57 1416.1 56.292 361.97 1457.6 63.425
1.2583 282.64 1349.3 61.63 318.17 1424.3 56.226 368.32 1465.5 63.52
1.2667 290.14 1357.6 61.215 324.55 1432.3 56.207 374.57 1473.4 63.599
1.275 297.41 1365.8 60.817 330.72 1440.3 56.233 380.71 1481.3 63.672
1.2833 304.46 1374 60.434 336.7 1448.1 56.301 386.75 1489.1 63.746
1.2917 311.33 1382.1 60.06 342.48 1455.8 56.403 392.68 1497 63.828
1.3 318.03 1390.3 59.692 348.11 1463.5 56.532 398.51 1504.8 63.926
1.3083 324.57 1398.5 59.331 353.6 1471 56.68 404.22 1512.7 64.044
1.3167 330.98 1406.7 58.972 358.99 1478.5 56.839 409.81 1520.6 64.185
1.325 337.28 1414.9 58.615 364.29 1485.9 57.002 415.3 1528.5 64.349
1.3333 343.49 1423.1 58.263 369.53 1493.2 57.165 420.68 1536.5 64.535
1.3417 349.66 1431.3 57.912 374.73 1500.6 57.324 425.94 1544.5 64.74
1.35 355.78 1439.5 57.567 379.91 1507.9 57.479 431.1 1552.5 64.96
1.3583 361.9 1447.7 57.227 385.08 1515.1 57.631 436.16 1560.5 65.193
1.3667 368 1456 56.896 390.25 1522.4 57.783 441.12 1568.6 65.436
1.375 374.08 1464.2 56.576 395.41 1529.8 57.936 445.99 1576.7 65.686
1.3833 380.15 1472.4 56.266 400.56 1537.1 58.094 450.78 1584.8 65.944
1.3917 386.18 1480.6 55.967 405.71 1544.5 58.262 455.49 1592.9 66.209
1.4 392.15 1488.7 55.676 410.85 1552 58.436 460.15 1601 66.481
1.4083 398.04 1496.9 55.395 415.97 1559.4 58.617 464.75 1609.1 66.761
1.4167 403.85 1505 55.118 421.08 1567 58.801 469.31 1617.2 67.052
1.425 409.56 1513.1 54.841 426.16 1574.6 58.985 473.84 1625.3 67.351
1.4333 415.16 1521.1 54.566 431.22 1582.2 59.161 478.33 1633.3 67.659
1.4417 420.68 1529.2 54.288 436.27 1589.9 59.325 482.81 1641.4 67.973
1.45 426.11 1537.2 54.004 441.3 1597.6 59.471 487.27 1649.4 68.29
1.4583 431.49 1545.2 53.714 446.32 1605.4 59.594 491.72 1657.4 68.607
1.4667 436.83 1553.2 53.414 451.34 1613.2 59.691 496.17 1665.3 68.918
1.475 442.15 1561.3 53.111 456.35 1621.2 59.761 500.63 1673.2 69.219
1.4833 447.46 1569.3 52.803 461.38 1629.1 59.805 505.08 1681.1 69.506
1.4917 452.77 1577.4 52.496 466.4 1637.2 59.826 509.55 1689 69.775
1.5 458.08 1585.6 52.195 471.44 1645.3 59.828 514.04 1696.9 70.024
1.5083 463.4 1593.8 51.906 476.48 1653.5 59.814 518.55 1704.8 70.25
1.5167 468.7 1602 51.637 481.53 1661.8 59.791 523.08 1712.7 70.454
1.525 473.98 1610.3 51.39 486.57 1670.2 59.761 527.64 1720.7 70.636
1.5333 479.23 1618.6 51.173 491.61 1678.6 59.727 532.23 1728.7 70.799
1.5417 484.42 1627.1 50.992 496.63 1687.2 59.691 536.85 1736.8 70.942
1.55 489.56 1635.6 50.849 501.64 1695.8 59.654 541.48 1745 71.068
1.5583 494.64 1644.2 50.744 506.63 1704.4 59.612 546.14 1753.3 71.179
1.5667 499.67 1652.9 50.675 511.6 1713.2 59.566 550.81 1761.6 71.275
1.575 504.66 1661.7 50.639 516.55 1722 59.511 555.48 1770 71.358
1.5833 509.63 1670.7 50.629 521.49 1730.8 59.449 560.14 1778.4 71.427
1.5917 514.61 1679.7 50.644 526.42 1739.8 59.377 564.78 1786.9 71.483
1.6 519.61 1688.9 50.675 531.34 1748.8 59.297 569.38 1795.4 71.526
1.6083 524.65 1698.2 50.723 536.26 1757.9 59.213 573.95 1803.9 71.558
1.6167 529.75 1707.5 50.787 541.19 1767.1 59.128 578.47 1812.4 71.579
1.625 534.89 1717 50.865 546.11 1776.4 59.049 582.93 1821 71.592
1.6333 540.1 1726.6 50.955 551.04 1785.9 58.981 587.34 1829.7 71.6
1.6417 545.37 1736.2 51.053 555.94 1795.5 58.93 591.7 1838.3 71.605
1.65 550.72 1746 51.153 560.82 1805.2 58.903 596 1847.1 71.611
1.6583 556.17 1755.9 51.248 565.67 1815 58.901 600.27 1856 71.622
1.6667 561.71 1766 51.335 570.45 1824.9 58.927 604.49 1865 71.639
1.675 567.36 1776.2 51.407 575.17 1835 58.98 608.68 1874.1 71.665
1.6833 573.13 1786.6 51.465 579.8 1845.1 59.056 612.85 1883.4 71.699
1.6917 579.01 1797.2 51.509 584.35 1855.4 59.152 617 1892.8 71.741
1.7 585 1808 51.545 588.8 1865.7 59.26 621.12 1902.4 71.791
1.7083 591.07 1818.9 51.581 593.16 1876 59.374 625.23 1912.1 71.846
1.7167 597.2 1829.9 51.627 597.45 1886.4 59.489 629.32 1921.9 71.904
1.725 603.37 1841.1 51.691 601.67 1896.8 59.598 633.37 1931.8 71.966
1.7333 609.54 1852.3 51.782 605.85 1907.3 59.699 637.38 1941.7 72.032
1.7417 615.68 1863.5 51.904 610.02 1917.8 59.79 641.34 1951.7 72.102
1.75 621.74 1874.6 52.061 614.19 1928.3 59.87 645.25 1961.6 72.182
1.7583 627.7 1885.6 52.253 618.38 1938.8 59.943 649.08 1971.6 72.276
1.7667 633.53 1896.6 52.48 622.61 1949.2 60.012 652.84 1981.6 72.391
1.775 639.21 1907.3 52.735 626.89 1959.7 60.082 656.52 1991.5 72.534
1.7833 644.72 1917.9 53.019 631.22 1970.1 60.158 660.12 2001.4 72.711
1.7917 650.07 1928.4 53.325 635.59 1980.4 60.243 663.65 2011.3 72.928
1.8 655.25 1938.6 53.651 639.98 1990.7 60.343 667.12 2021.3 73.189
1.8083 660.26 1948.8 53.996 644.38 2000.8 60.459 670.54 2031.2 73.497
1.8167 665.1 1958.9 54.363 648.76 2010.7 60.591 673.92 2041.2 73.849
1.825 669.77 1968.9 54.756 653.09 2020.4 60.741 677.27 2051.2 74.244
1.8333 674.29 1978.9 55.178 657.36 2030 60.905 680.61 2061.3 74.674
1.8417 678.65 1989 55.633 661.55 2039.3 61.082 683.95 2071.4 75.131
1.85 682.87 1999.1 56.123 665.63 2048.4 61.268 687.3 2081.5 75.609
1.8583 686.97 2009.3 56.649 669.6 2057.3 61.462 690.65 2091.6 76.097
1.8667 690.96 2019.4 57.21 673.47 2066 61.662 694.02 2101.6 76.589
1.875 694.87 2029.7 57.806 677.25 2074.5 61.866 697.39 2111.6 77.079
1.8833 698.72 2039.9 58.432 680.93 2082.9 62.075 700.76 2121.6 77.564
1.8917 702.54 2050.1 59.088 684.53 2091.2 62.289 704.12 2131.4 78.043
1.9 706.34 2060.2 59.768 688.08 2099.4 62.511 707.46 2141.1 78.517
1.9083 710.14 2070.3 60.472 691.59 2107.6 62.741 710.76 2150.7 78.987
1.9167 713.95 2080.3 61.195 695.07 2115.9 62.989 714.03 2160.2 79.457
1.925 717.78 2090.2 61.937 698.54 2124.1 63.252 717.24 2169.5 79.93
1.9333 721.62 2100 62.697 701.99 2132.5 63.535 720.4 2178.8 80.41
1.9417 725.45 2109.7 63.473 705.45 2140.9 63.84 723.51 2187.9 80.898
1.95 729.27 2119.4 64.268 708.9 2149.3 64.171 726.56 2197 81.395
1.9583 733.06 2129 65.082 712.35 2157.9 64.53 729.56 2206 81.903
1.9667 736.79 2138.6 65.915 715.8 2166.5 64.918 732.51 2215 82.419
1.975 740.47 2148.1 66.768 719.24 2175.2 65.337 735.44 2224 82.942
1.9833 744.08 2157.6 67.641 722.66 2184 65.787 738.33 2233 83.468
1.9917 747.62 2167.1 68.534 726.08 2192.8 66.268 741.2 2242 83.995
2 751.1 2176.5 69.444 729.47 2201.7 66.781 744.07 2251 84.519
2.0083 754.54 2185.9 70.37 732.85 2210.6 67.324 746.93 2260.1 85.035
2.0167 757.96 2195.2 71.307 736.21 2219.5 67.896 749.78 2269.1 85.541
2.025 761.39 2204.5 72.251 739.55 2228.6 68.495 752.65 2278.2 86.035
2.0333 764.85 2213.7 73.197 742.86 2237.6 69.118 755.51 2287.3 86.514
2.0417 768.38 2222.9 74.14 746.16 2246.7 69.76 758.39 2296.4 86.978
2.05 771.98 2232.1 75.073 749.43 2255.9 70.417 761.26 2305.5 87.427
2.0583 775.67 2241.3 75.992 752.67 2265.1 71.086 764.13 2314.7 87.86
2.0667 779.46 2250.5 76.89 755.9 2274.4 71.76 766.99 2323.9 88.28
2.075 783.35 2259.8 77.762 759.09 2283.7 72.436 769.84 2333.1 88.689
2.0833 787.34 2269.1 78.603 762.26 2293.1 73.111 772.66 2342.4 89.089
2.0917 791.42 2278.6 79.409 765.4 2302.5 73.782 775.46 2351.7 89.484
2.1 795.6 2288.1 80.177 768.51 2312 74.447 778.22 2361.1 89.878
2.1083 799.87 2297.8 80.906 771.59 2321.5 75.103 780.93 2370.5 90.274
2.1167 804.21 2307.7 81.595 774.66 2331.1 75.753 783.6 2379.9 90.678
2.125 808.6 2317.6 82.248 777.7 2340.7 76.399 786.22 2389.3 91.092
2.1333 813.02 2327.7 82.869 780.72 2350.3 77.038 788.78 2398.7 91.519
2.1417 817.42 2337.9 83.465 783.73 2360 77.67 791.3 2408.1 91.96
2.15 821.79 2348.2 84.043 786.72 2369.7 78.299 793.77 2417.5 92.416
2.1583 826.11 2358.7 84.607 789.71 2379.5 78.92 796.2 2426.9 92.888
2.1667 830.37 2369.2 85.157 792.7 2389.3 79.533 798.59 2436.3 93.374
2.175 834.58 2379.8 85.695 795.68 2399.1 80.134 800.94 2445.7 93.873
2.1833 838.74 2390.5 86.219 798.65 2408.9 80.716 803.25 2455.1 94.383
2.1917 842.86 2401.2 86.729 801.62 2418.8 81.28 805.53 2464.5 94.903
2.2 846.95 2412 87.224 804.58 2428.7 81.818 807.76 2473.9 95.433
2.2083 851.01 2422.8 87.703 807.52 2438.6 82.326 809.94 2483.4 95.971
2.2167 855.03 2433.8 88.168 810.45 2448.5 82.805 812.06 2493 96.52
2.225 858.99 2444.7 88.619 813.36 2458.5 83.253 814.11 2502.7 97.08
2.2333 862.86 2455.8 89.06 816.24 2468.4 83.673 816.07 2512.4 97.657
2.2417 866.61 2466.8 89.492 819.09 2478.3 84.071 817.93 2522.2 98.252
2.25 870.21 2477.9 89.923 821.88 2488.3 84.454 819.67 2532.1 98.869
2.2583 873.63 2489 90.355 824.63 2498.2 84.833 821.3 2542 99.512
2.2667 876.85 2500.1 90.796 827.29 2508.2 85.221 822.79 2552 100.18
2.275 879.85 2511 91.25 829.87 2518.2 85.63 824.16 2562 100.88
2.2833 882.65 2521.8 91.723 832.34 2528.2 86.075 825.41 2571.9 101.6
2.2917 885.24 2532.4 92.222 834.68 2538.3 86.565 826.54 2581.8 102.33
2.3 887.65 2542.8 92.747 836.88 2548.3 87.125 827.57 2591.7 103.09
2.3083 889.88 2553.1 93.307 838.92 2558.4 87.751 828.5 2601.5 103.84
2.3167 891.97 2563.1 93.907 840.78 2568.5 88.452 829.34 2611.2 104.59
2.325 893.93 2572.9 94.55 842.45 2578.6 89.232 830.08 2620.8 105.34
2.3333 895.78 2582.6 95.238 843.91 2588.6 90.09 830.74 2630.4 106.07
2.3417 897.55 2592.1 95.971 845.16 2598.5 91.025 831.29 2640 106.78
2.35 899.25 2601.5 96.742 846.2 2608.4 92.029 831.71 2649.5 107.47
2.3583 900.9 2610.8 97.543 847.02 2618.1 93.095 831.99 2659 108.13
2.3667 902.51 2620 98.358 847.64 2627.6 94.216 832.09 2668.5 108.79
2.375 904.05 2629.1 99.171 848.07 2637 95.383 831.99 2678 109.43
2.3833 905.45 2638.2 99.965 848.31 2646.2 96.582 831.66 2687.5 110.06
2.3917 906.64 2647.1 100.73 848.39 2655.2 97.81 831.08 2697.1 110.7
2.4 907.53 2656 101.45 848.32 2664 99.057 830.21 2706.7 111.35
2.4083 908.07 2664.6 102.14 848.1 2672.7 100.31 829.06 2716.3 112.01
2.4167 908.24 2673.1 102.79 847.76 2681.3 101.58 827.62 2725.9 112.69
2.425 908.03 2681.3 103.42 847.29 2689.8 102.84 825.9 2735.4 113.39
2.4333 907.49 2689.2 104.04 846.69 2698.2 104.09 823.92 2744.9 114.11
2.4417 906.63 2696.9 104.67 845.96 2706.6 105.32 821.69 2754.3 114.84
2.45 905.51 2704.4 105.29 845.08 2715 106.54 819.25 2763.7 115.58
2.4583 904.15 2711.6 105.93 844.04 2723.4 107.74 816.62 2772.9 116.32
2.4667 902.61 2718.8 106.57 842.83 2731.8 108.9 813.82 2782.1 117.05
2.475 900.93 2725.8 107.23 841.43 2740.2 110.04 810.89 2791.1 117.77
2.4833 899.19 2732.7 107.9 839.84 2748.7 111.14 807.85 2800.1 118.46
2.4917 897.42 2739.7 108.58 838.04 2757.2 112.2 804.7 2808.9 119.12
2.5 895.66 2746.7 109.27 836.04 2765.6 113.23 801.45 2817.7 119.76
2.5083 893.94 2753.7 109.97 833.84 2774.1 114.2 798.11 2826.4 120.36
2.5167 892.27 2760.7 110.67 831.44 2782.5 115.14 794.69 2835 120.92
2.525 890.65 2767.8 111.36 828.85 2790.9 116.03 791.17 2843.5 121.45
2.5333 889.06 2774.9 112.04 826.1 2799.3 116.87 787.56 2852 121.96
2.5417 887.48 2782 112.71 823.19 2807.6 117.67 783.85 2860.4 122.45
2.55 885.89 2789.2 113.36 820.14 2815.9 118.43 780.05 2868.7 122.92
2.5583 884.28 2796.4 114 816.97 2824 119.14 776.57 2877.6 122.68
2.5667 882.63 2803.5 114.61 813.7 2832.2 119.82 772.58 2885.8 123.14
2.575 880.94 2810.7 115.2 810.34 2840.3 120.45 768.51 2894 123.58
2.5833 879.19 2817.9 115.76 806.88 2848.5 121.06 764.37 2902.1 124.02
2.5917 877.38 2825.1 116.3 803.35 2856.6 121.63 760.16 2910.2 124.46
2.6 875.5 2832.4 116.82 799.73 2864.7 122.18 755.9 2918.2 124.89
2.6083 873.52 2839.6 117.32 796.02 2872.9 122.7 751.59 2926.2 125.31
2.6167 871.43 2847 117.8 792.21 2881 123.2 747.23 2934.2 125.71
2.625 869.2 2854.4 118.26 788.31 2889.2 123.67 742.83 2942.2 126.11
2.6333 866.79 2861.8 118.69 784.29 2897.3 124.12 738.37 2950.1 126.48
2.6417 864.2 2869.2 119.09 780.16 2905.5 124.55 733.86 2958 126.82
2.65 861.4 2876.7 119.47 775.9 2913.7 124.96 729.29 2966 127.15
2.6583 858.38 2884.2 119.82 771.5 2921.8 125.35 724.66 2973.9 127.45
2.6667 855.15 2891.7 120.12 766.97 2930 125.72 719.96 2981.7 127.72
2.675 851.7 2899.3 120.39 762.29 2938.2 126.07 715.19 2989.5 127.98
2.6833 848.07 2906.8 120.61 757.46 2946.3 126.41 710.33 2997.3 128.21
2.6917 844.25 2914.4 120.78 752.47 2954.4 126.73 705.39 3005 128.43
2.7 840.25 2922.1 120.91 747.33 2962.6 127.04 700.36 3012.6 128.64
2.7083 836.09 2929.8 120.99 742.03 2970.7 127.35 695.22 3020.2 128.85
2.7167 831.75 2937.6 121.04 736.56 2978.9 127.64 689.97 3027.6 129.05
2.725 827.23 2945.4 121.07 730.91 2987 127.94 684.59 3035 129.26
2.7333 822.5 2953.4 121.07 725.1 2995.1 128.24 679.08 3042.3 129.48
2.7417 817.54 2961.4 121.07 719.1 3003.3 128.53 673.41 3049.5 129.7
2.75 812.32 2969.7 121.06 712.92 3011.4 128.83 667.58 3056.7 129.92
2.7583 806.83 2978.1 121.07 706.54 3019.6 129.14 661.57 3063.8 130.15
2.7667 801.03 2986.6 121.09 699.97 3027.7 129.45 655.37 3070.9 130.38
2.775 794.91 2995.4 121.15 693.2 3035.8 129.76 648.97 3078 130.61
2.7833 788.45 3004.3 121.25 686.23 3043.9 130.08 642.38 3085.1 130.84
2.7917 781.65 3013.3 121.4 679.07 3052.1 130.39 635.6 3092.2 131.06
2.8 774.5 3022.5 121.61 671.71 3060.2 130.72 628.65 3099.3 131.28
2.8083 767.04 3031.7 121.89 664.19 3068.4 131.04 621.55 3106.5 131.48
2.8167 759.29 3041 122.24 656.51 3076.5 131.37 614.32 3113.6 131.69
2.825 751.27 3050.2 122.67 648.69 3084.7 131.7 607 3120.8 131.88
2.8333 743.04 3059.5 123.17 640.77 3092.9 132.02 599.61 3127.9 132.07
2.8417 734.62 3068.6 123.74 632.78 3101.1 132.35 592.18 3135.1 132.26
2.85 726.1 3077.7 124.37 624.76 3109.4 132.68 584.75 3142.2 132.45
2.8583 717.5 3086.6 125.06 616.74 3117.6 133 577.34 3149.3 132.63
2.8667 708.9 3095.4 125.78 608.77 3125.8 133.32 569.97 3156.4 132.81
2.875 700.36 3104 126.52 600.88 3133.9 133.63 562.66 3163.6 132.99
2.8833 691.93 3112.5 127.26 593.1 3141.9 133.92 555.43 3170.7 133.17
2.8917 683.66 3120.7 127.99 585.46 3149.9 134.19 548.28 3177.8 133.33
2.9 675.57 3128.9 128.7 577.98 3157.7 134.45 541.22 3184.9 133.49
2.9083 667.67 3136.8 129.38 570.68 3165.4 134.68 534.25 3192.1 133.64
2.9167 659.94 3144.7 130.03 563.57 3172.9 134.88 527.38 3199.3 133.78
2.925 652.36 3152.4 130.66 556.64 3180.3 135.06 520.59 3206.5 133.9
2.9333 644.9 3160 131.27 549.88 3187.5 135.2 513.89 3213.7 134.02
2.9417 637.53 3167.5 131.86 543.28 3194.5 135.32 507.28 3220.9 134.13
2.95 630.24 3174.9 132.43 536.83 3201.4 135.42 500.74 3228.2 134.24
2.9583 623 3182.2 132.98 530.5 3208.2 135.5 494.29 3235.4 134.35
2.9667 615.8 3189.5 133.53 524.28 3215 135.56 487.9 3242.6 134.46
2.975 608.63 3196.7 134.06 518.13 3221.6 135.6 481.58 3249.8 134.59
2.9833 601.47 3204 134.58 512.03 3228.2 135.64 475.32 3257 134.72
2.9917 594.34 3211.1 135.09 505.98 3234.7 135.68 469.09 3264.1 134.86
3 587.22 3218.3 135.59 499.94 3241.2 135.71 462.9 3271.1 135.01
3.0083 580.13 3225.5 136.07 493.91 3247.7 135.75 456.73 3278.2 135.18
3.0167 573.07 3232.7 136.53 487.87 3254.2 135.78 450.57 3285.2 135.35
3.025 566.02 3239.8 136.97 481.81 3260.8 135.83 444.4 3292.2 135.52
3.0333 559 3246.9 137.4 475.73 3267.3 135.87 438.23 3299.1 135.69
3.0417 552 3254 137.8 469.61 3273.9 135.92 432.05 3306 135.85
3.05 545 3261.1 138.2 463.45 3280.5 135.97 425.85 3312.9 136.01
3.0583 538.02 3268 138.58 457.24 3287.1 136.03 419.64 3319.8 136.16
3.0667 531.04 3275 138.96 450.99 3293.8 136.09 413.41 3326.7 136.3
3.075 524.06 3281.8 139.35 444.69 3300.5 136.15 407.18 3333.6 136.43
3.0833 517.08 3288.6 139.74 438.35 3307.2 136.21 400.95 3340.5 136.55
3.0917 510.1 3295.4 140.14 431.95 3313.9 136.28 394.72 3347.4 136.66
3.1 503.13 3302.2 140.57 425.51 3320.6 136.35 388.49 3354.2 136.76
