0.0083333 2.8121 3.9541 97.377 -26.708 102.85 86.415 1.1523 278.39 85.291
0.016667 3.7755 10.81 97.481 -25.843 111.3 86.392 2.4199 286.1 85.22
0.025 4.7389 17.845 97.598 -24.873 119.88 86.382 3.7082 293.86 85.151
0.033333 5.697 25.078 97.724 -23.792 128.58 86.386 5.0119 301.69 85.088
0.041667 6.6421 32.525 97.853 -22.601 137.43 86.401 6.3259 309.61 85.037
0.05 7.5705 40.204 97.972 -21.301 146.42 86.424 7.6453 317.65 85.003
0.058333 8.4779 48.128 98.073 -19.901 155.53 86.451 8.9654 325.84 84.991
0.066667 9.3617 56.306 98.145 -18.408 164.77 86.474 10.282 334.21 85.006
0.075 10.216 64.736 98.181 -16.833 174.13 86.484 11.592 342.78 85.052
0.083333 11.045 73.417 98.174 -15.188 183.58 86.475 12.89 351.57 85.131
0.091667 11.85 82.342 98.121 -13.487 193.1 86.441 14.176 360.59 85.244
0.1 12.633 91.488 98.023 -11.745 202.69 86.375 15.447 369.82 85.389
0.10833 13.409 100.84 97.882 -9.9748 212.32 86.279 16.699 379.24 85.564
0.11667 14.194 110.38 97.704 -8.1946 221.97 86.153 17.931 388.81 85.763
0.125 14.997 120.06 97.498 -6.4228 231.62 85.999 19.14 398.48 85.978
0.13333 15.845 129.86 97.269 -4.6767 241.27 85.828 20.323 408.19 86.204
0.14167 16.753 139.75 97.029 -2.9758 250.89 85.65 21.474 417.89 86.432
0.15 17.737 149.69 96.788 -1.3391 260.47 85.477 22.587 427.5 86.653
0.15833 18.807 159.66 96.553 0.2151 270 85.323 23.653 436.98 86.862
0.16667 19.966 169.63 96.332 1.6701 279.46 85.2 24.662 446.28 87.053
0.175 21.211 179.58 96.127 3.0115 288.84 85.122 25.6 455.38 87.223
0.18333 22.526 189.49 95.94 4.2274 298.12 85.096 26.453 464.24 87.371
0.19167 23.887 199.35 95.77 5.3091 307.3 85.13 27.206 472.88 87.498
0.2 25.264 209.13 95.611 6.2516 316.36 85.228 27.843 481.31 87.607
0.20833 26.625 218.85 95.458 7.053 325.28 85.389 28.347 489.56 87.703
0.21667 27.937 228.48 95.304 7.7156 334.07 85.61 28.705 497.67 87.791
0.225 29.172 238.05 95.143 8.2446 342.73 85.886 28.903 505.67 87.877
0.23333 30.303 247.55 94.972 8.6482 351.24 86.209 28.931 513.61 87.968
0.24167 31.308 256.99 94.79 8.937 359.64 86.572 28.779 521.54 88.068
0.25 32.176 266.37 94.603 9.1229 367.92 86.967 28.444 529.5 88.183
0.25833 32.901 275.69 94.416 9.2179 376.11 87.387 27.92 537.5 88.314
0.26667 33.491 284.97 94.24 9.2339 384.23 87.827 27.206 545.57 88.464
0.275 33.961 294.2 94.086 9.181 392.29 88.283 26.304 553.72 88.635
0.28333 34.333 303.4 93.962 9.0682 400.32 88.752 25.214 561.95 88.826
0.29167 34.624 312.56 93.878 8.9017 408.34 89.234 23.939 570.25 89.037
0.3 34.857 321.7 93.84 8.6864 416.37 89.728 22.483 578.61 89.268
0.30833 35.039 330.81 93.851 8.425 424.41 90.235 20.849 587 89.518
0.31667 35.175 339.89 93.909 8.1185 432.48 90.755 19.041 595.4 89.789
0.325 35.257 348.93 94.01 7.7668 440.58 91.287 17.067 603.8 90.08
0.33333 35.277 357.93 94.148 7.3694 448.72 91.832 14.935 612.18 90.392
0.34167 35.225 366.89 94.311 6.9241 456.91 92.386 12.654 620.51 90.726
0.35 35.094 375.81 94.489 6.4306 465.14 92.947 10.239 628.8 91.08
0.35833 34.874 384.68 94.672 5.8874 473.41 93.513 7.7041 637.02 91.453
0.36667 34.562 393.5 94.85 5.2941 481.74 94.078 5.0698 645.18 91.844
0.375 34.158 402.29 95.015 4.65 490.11 94.64 2.3557 653.28 92.249
0.38333 33.667 411.04 95.164 3.9543 498.55 95.195 -0.41679 661.32 92.663
0.39167 33.098 419.78 95.294 3.206 507.04 95.74 -3.2258 669.32 93.082
0.4 32.463 428.52 95.405 2.4028 515.6 96.273 -6.0514 677.29 93.499
0.40833 31.777 437.26 95.5 1.542 524.23 96.789 -8.876 685.24 93.909
0.41667 31.056 446.04 95.583 0.62012 532.92 97.288 -11.687 693.19 94.307
0.425 30.307 454.85 95.657 -0.36632 541.68 97.766 -14.473 701.16 94.689
0.43333 29.535 463.71 95.726 -1.4208 550.49 98.221 -17.233 709.16 95.053
0.44167 28.746 472.62 95.798 -2.5466 559.35 98.651 -19.964 717.23 95.399
0.45 27.922 481.58 95.874 -3.7465 568.25 99.055 -22.674 725.36 95.726
0.45833 27.06 490.59 95.963 -5.0234 577.18 99.429 -25.368 733.59 96.038
0.46667 26.124 499.62 96.066 -6.3797 586.14 99.774 -28.056 741.91 96.335
0.475 25.114 508.68 96.189 -7.8181 595.12 100.09 -30.748 750.35 96.622
0.48333 23.993 517.75 96.334 -9.3414 604.11 100.37 -33.452 758.89 96.899
0.49167 22.752 526.84 96.5 -10.952 613.13 100.61 -36.175 767.56 97.167
0.5 21.378 535.95 96.686 -12.653 622.16 100.83 -38.922 776.33 97.426
0.50833 19.868 545.09 96.885 -14.448 631.23 101.01 -41.695 785.2 97.675
0.51667 18.234 554.32 97.091 -16.34 640.33 101.15 -44.496 794.17 97.909
0.525 16.48 563.65 97.296 -18.333 649.47 101.27 -47.324 803.22 98.127
0.53333 14.631 573.14 97.491 -20.429 658.67 101.37 -50.18 812.33 98.323
0.54167 12.706 582.8 97.674 -22.63 667.93 101.44 -53.065 821.49 98.495
0.55 10.735 592.63 97.848 -24.941 677.26 101.51 -55.983 830.69 98.641
0.55833 8.7204 602.63 98.016 -27.361 686.66 101.56 -58.943 839.93 98.76
0.56667 6.6715 612.78 98.184 -29.891 696.15 101.62 -61.955 849.19 98.855
0.575 4.5901 623.05 98.355 -32.532 705.73 101.69 -65.034 858.48 98.93
0.58333 2.4712 633.44 98.527 -35.281 715.39 101.78 -68.195 867.81 98.991
0.59167 0.30879 643.94 98.696 -38.137 725.13 101.89 -71.458 877.17 99.045
0.6 -1.9051 654.55 98.855 -41.098 734.97 102.02 -74.839 886.57 99.098
0.60833 -4.1801 665.3 98.992 -44.159 744.89 102.18 -78.352 896.04 99.159
0.61667 -6.5225 676.21 99.098 -47.318 754.9 102.37 -82.009 905.58 99.234
0.625 -8.9556 687.3 99.167 -50.568 764.99 102.59 -85.814 915.2 99.325
0.63333 -11.481 698.6 99.192 -53.908 775.16 102.84 -89.769 924.9 99.436
0.64167 -14.113 710.13 99.176 -57.332 785.42 103.1 -93.866 934.7 99.566
0.65 -16.86 721.89 99.126 -60.834 795.77 103.37 -98.092 944.59 99.711
0.65833 -19.724 733.88 99.06 -64.41 806.2 103.65 -102.43 954.56 99.867
0.66667 -22.707 746.08 98.995 -68.05 816.73 103.93 -106.86 964.6 100.03
0.675 -25.801 758.47 98.954 -71.748 827.33 104.2 -111.36 974.69 100.19
0.68333 -28.996 771 98.961 -75.493 838.02 104.45 -115.91 984.8 100.34
0.69167 -32.278 783.65 99.034 -79.271 848.78 104.69 -120.48 994.93 100.49
0.7 -35.631 796.35 99.187 -83.07 859.61 104.9 -125.06 1005 100.62
0.70833 -39.045 809.07 99.43 -86.87 870.49 105.09 -129.63 1015.1 100.75
0.71667 -42.507 821.74 99.764 -90.654 881.41 105.25 -134.18 1025.1 100.87
0.725 -46.003 834.3 100.18 -94.401 892.36 105.39 -138.71 1035.1 100.99
0.73333 -49.522 846.7 100.68 -98.088 903.32 105.5 -143.2 1044.9 101.12
0.74167 -53.047 858.9 101.23 -101.7 914.25 105.59 -147.64 1054.7 101.26
0.75 -56.568 870.84 101.82 -105.2 925.15 105.67 -152.05 1064.4 101.42
0.75833 -60.071 882.51 102.43 -108.59 935.99 105.72 -156.4 1074.1 101.6
0.76667 -63.546 893.9 103.03 -111.85 946.74 105.76 -160.7 1083.7 101.81
0.775 -66.996 905.03 103.62 -114.97 957.4 105.78 -164.94 1093.3 102.04
0.78333 -70.432 915.94 104.18 -117.95 967.93 105.79 -169.1 1102.8 102.29
0.79167 -73.866 926.69 104.72 -120.79 978.34 105.8 -173.18 1112.4 102.57
0.8 -77.313 937.32 105.23 -123.51 988.61 105.79 -177.17 1122 102.85
0.80833 -80.778 947.9 105.72 -126.1 998.74 105.78 -181.04 1131.6 103.13
0.81667 -84.263 958.45 106.18 -128.6 1008.7 105.76 -184.8 1141.3 103.4
0.825 -87.761 969.01 106.62 -131.02 1018.6 105.73 -188.43 1151.1 103.65
0.83333 -91.253 979.61 107.05 -133.39 1028.4 105.71 -191.93 1160.9 103.88
0.84167 -94.722 990.24 107.48 -135.72 1038.1 105.68 -195.28 1170.7 104.07
0.85 -98.143 1000.9 107.92 -138.03 1047.7 105.65 -198.5 1180.6 104.24
0.85833 -101.49 1011.6 108.36 -140.35 1057.3 105.63 -201.57 1190.6 104.36
0.86667 -104.76 1022.2 108.82 -142.68 1066.8 105.61 -204.52 1200.5 104.46
0.875 -107.92 1032.9 109.31 -145.03 1076.4 105.59 -207.33 1210.5 104.53
0.88333 -110.97 1043.5 109.81 -147.4 1086 105.57 -210.03 1220.5 104.57
0.89167 -113.93 1054 110.35 -149.81 1095.6 105.56 -212.62 1230.4 104.6
0.9 -116.79 1064.5 110.91 -152.24 1105.3 105.56 -215.11 1240.4 104.61
0.90833 -119.58 1074.9 111.49 -154.71 1115.1 105.56 -217.51 1250.3 104.61
0.91667 -122.32 1085.3 112.09 -157.04 1125.3 105.55 -220.78 1258.8 105.56
0.925 -125.04 1095.7 112.71 -159.55 1135.2 105.56 -223.04 1268.7 105.57
0.93333 -127.77 1106 113.33 -162.08 1145.3 105.58 -225.24 1278.5 105.57
0.94167 -130.52 1116.3 113.96 -164.64 1155.4 105.61 -227.38 1288.3 105.57
0.95 -133.31 1126.6 114.6 -167.22 1165.6 105.65 -229.47 1298.2 105.57
0.95833 -136.15 1136.9 115.23 -169.82 1176 105.7 -231.52 1308 105.56
0.96667 -139.03 1147.3 115.85 -172.45 1186.4 105.77 -233.53 1317.9 105.54
0.975 -141.94 1157.6 116.46 -175.12 1196.8 105.84 -235.51 1327.8 105.52
0.98333 -144.85 1168 117.06 -177.83 1207.4 105.93 -237.46 1337.8 105.47
0.99167 -147.76 1178.4 117.63 -180.58 1218 106.03 -239.39 1347.9 105.41
1 -150.62 1188.8 118.17 -183.37 1228.8 106.15 -241.29 1358 105.34
1.0083 -153.43 1199.3 118.67 -186.22 1239.6 106.28 -243.17 1368.2 105.25
1.0167 -156.16 1209.9 119.12 -189.1 1250.5 106.43 -245.03 1378.5 105.14
1.025 -158.81 1220.6 119.52 -192.03 1261.4 106.6 -246.87 1388.9 105.02
1.0333 -161.38 1231.4 119.86 -194.98 1272.5 106.78 -248.69 1399.4 104.89
1.0417 -163.87 1242.4 120.13 -197.96 1283.7 106.98 -250.49 1410.1 104.75
1.05 -166.31 1253.5 120.33 -200.95 1294.9 107.2 -252.28 1420.8 104.6
1.0583 -168.71 1264.8 120.47 -203.95 1306.2 107.43 -254.05 1431.6 104.45
1.0667 -171.1 1276.3 120.55 -206.95 1317.7 107.67 -255.8 1442.5 104.3
1.075 -173.51 1288 120.58 -209.93 1329.2 107.93 -257.54 1453.5 104.14
1.0833 -175.96 1299.9 120.59 -212.91 1340.8 108.18 -259.26 1464.6 103.98
1.0917 -178.49 1312 120.58 -215.92 1352.2 108.46 -260.29 1476.8 103.1
1.1 -181.1 1324.2 120.57 -218.84 1364 108.71 -261.98 1488.1 102.94
1.1083 -183.81 1336.5 120.57 -221.74 1376 108.95 -263.65 1499.4 102.77
1.1167 -186.62 1348.8 120.58 -224.61 1388.1 109.17 -265.29 1510.8 102.59
1.125 -189.5 1361.2 120.61 -227.45 1400.3 109.35 -266.9 1522.2 102.39
1.1333 -192.44 1373.5 120.66 -230.27 1412.6 109.5 -268.5 1533.7 102.17
1.1417 -195.42 1385.9 120.73 -233.06 1425.1 109.6 -270.07 1545.3 101.95
1.15 -198.44 1398.3 120.82 -235.82 1437.8 109.65 -271.62 1556.9 101.71
1.1583 -201.5 1410.8 120.93 -238.55 1450.5 109.65 -273.17 1568.6 101.47
1.1667 -204.6 1423.4 121.06 -241.23 1463.5 109.6 -274.73 1580.4 101.24
1.175 -207.77 1436.2 121.21 -243.86 1476.5 109.5 -276.3 1592.2 101.02
1.1833 -211.02 1449.1 121.36 -246.45 1489.7 109.35 -277.89 1604.2 100.82
1.1917 -214.36 1462.2 121.51 -248.97 1503 109.17 -279.53 1616.3 100.65
1.2 -217.8 1475.6 121.65 -251.44 1516.4 108.97 -281.2 1628.4 100.51
1.2083 -221.36 1489.2 121.77 -253.85 1529.8 108.75 -282.92 1640.7 100.4
1.2167 -225.01 1503 121.86 -256.22 1543.3 108.53 -284.69 1653.1 100.33
1.225 -228.76 1516.9 121.9 -258.55 1556.8 108.32 -286.49 1665.6 100.28
1.2333 -232.58 1530.9 121.88 -260.87 1570.3 108.12 -288.32 1678.1 100.25
1.2417 -236.45 1544.8 121.8 -263.19 1583.8 107.95 -290.18 1690.7 100.22
1.25 -240.3 1558.8 121.66 -265.54 1597.2 107.82 -292.04 1703.4 100.19
1.2583 -244.11 1572.6 121.46 -267.94 1610.6 107.72 -293.89 1716 100.14
1.2667 -247.82 1586.3 121.2 -270.41 1623.9 107.66 -295.74 1728.7 100.06
1.275 -251.37 1599.8 120.9 -272.98 1637.2 107.63 -297.57 1741.2 99.945
1.2833 -254.73 1613.1 120.56 -275.64 1650.3 107.65 -299.4 1753.7 99.793
1.2917 -257.88 1626.3 120.2 -278.41 1663.3 107.7 -301.24 1766.1 99.606
1.3 -260.82 1639.3 119.83 -281.28 1676.2 107.79 -303.11 1778.3 99.392
1.3083 -263.57 1652.1 119.46 -284.25 1688.9 107.91 -305.04 1790.5 99.161
1.3167 -266.16 1664.7 119.1 -287.3 1701.3 108.07 -307.06 1802.5 98.929
1.325 -268.63 1677.2 118.75 -290.4 1713.6 108.26 -309.21 1814.3 98.709
1.3333 -271.03 1689.7 118.41 -293.55 1725.6 108.48 -311.51 1826.1 98.519
1.3417 -273.41 1702.1 118.09 -296.7 1737.4 108.74 -314.01 1837.8 98.371
1.35 -275.81 1714.4 117.78 -299.85 1749 109.01 -316.72 1849.3 98.277
1.3583 -278.27 1726.7 117.48 -302.98 1760.3 109.32 -319.65 1860.9 98.241
1.3667 -280.83 1738.9 117.19 -306.07 1771.5 109.64 -322.82 1872.4 98.266
1.375 -283.51 1751 116.9 -309.12 1782.4 109.98 -326.22 1883.8 98.349
1.3833 -286.31 1763 116.62 -312.13 1793.2 110.32 -329.83 1895.2 98.48
1.3917 -289.22 1774.8 116.34 -315.11 1803.9 110.68 -333.63 1906.5 98.651
1.4 -292.23 1786.5 116.06 -318.08 1814.5 111.03 -337.6 1917.8 98.849
1.4083 -295.3 1798 115.77 -321.05 1825 111.38 -341.7 1929.1 99.061
1.4167 -298.42 1809.4 115.48 -324.04 1835.6 111.72 -345.91 1940.2 99.275
1.425 -301.55 1820.6 115.18 -327.07 1846.1 112.04 -350.19 1951.3 99.484
1.4333 -304.66 1831.7 114.87 -330.16 1856.7 112.36 -354.52 1962.3 99.681
1.4417 -307.75 1842.6 114.56 -333.3 1867.4 112.65 -358.88 1973.2 99.862
1.45 -310.8 1853.6 114.24 -336.52 1878 112.93 -363.26 1984 100.03
1.4583 -313.82 1864.4 113.92 -339.81 1888.7 113.18 -367.64 1994.6 100.18
1.4667 -316.8 1875.3 113.6 -343.17 1899.5 113.41 -372.01 2005.2 100.32
1.475 -319.76 1886.1 113.28 -346.6 1910.3 113.62 -376.37 2015.7 100.44
1.4833 -322.71 1897 112.95 -350.09 1921.1 113.8 -380.72 2026.1 100.56
1.4917 -325.67 1907.8 112.63 -353.63 1931.9 113.95 -385.04 2036.4 100.67
1.5 -328.66 1918.7 112.3 -357.22 1942.7 114.08 -389.33 2046.8 100.78
1.5083 -331.68 1929.6 111.96 -360.84 1953.6 114.17 -393.6 2057.1 100.87
1.5167 -334.75 1940.5 111.61 -364.51 1964.4 114.24 -397.83 2067.4 100.95
1.525 -337.9 1951.4 111.25 -368.22 1975.3 114.27 -402.01 2077.7 101.01
1.5333 -341.11 1962.2 110.89 -371.97 1986.2 114.27 -406.15 2088.1 101.06
1.5417 -344.41 1973.1 110.52 -375.77 1997.2 114.24 -410.25 2098.5 101.08
1.55 -347.79 1983.9 110.15 -379.62 2008.2 114.19 -414.3 2109 101.08
1.5583 -351.26 1994.8 109.8 -383.51 2019.3 114.11 -418.31 2119.5 101.06
1.5667 -354.81 2005.6 109.47 -387.46 2030.4 114.01 -422.28 2130.1 101.03
1.575 -358.44 2016.5 109.18 -391.46 2041.6 113.9 -426.22 2140.7 100.97
1.5833 -362.13 2027.4 108.93 -395.52 2052.8 113.77 -430.14 2151.4 100.91
1.5917 -365.89 2038.3 108.73 -399.62 2064 113.63 -434.04 2162.2 100.85
1.6 -369.72 2049.3 108.58 -403.76 2075.2 113.49 -437.93 2173 100.78
1.6083 -373.6 2060.4 108.47 -407.95 2086.5 113.35 -441.82 2183.9 100.71
1.6167 -377.55 2071.5 108.39 -412.17 2097.8 113.22 -445.7 2194.9 100.65
1.625 -381.58 2082.8 108.33 -416.42 2109.1 113.09 -449.59 2205.9 100.58
1.6333 -385.65 2094.2 108.28 -420.71 2120.5 112.97 -453.48 2216.9 100.5
1.6417 -389.79 2105.8 108.21 -425.02 2131.9 112.87 -457.38 2228 100.42
1.65 -393.99 2117.5 108.14 -429.37 2143.3 112.78 -461.28 2239.2 100.32
1.6583 -398.23 2129.3 108.05 -433.76 2154.9 112.71 -465.2 2250.3 100.2
1.6667 -402.53 2141.2 107.95 -438.19 2166.5 112.67 -469.13 2261.6 100.06
1.675 -406.89 2153.2 107.85 -442.66 2178.1 112.64 -473.09 2272.9 99.901
1.6833 -411.31 2165.2 107.74 -447.19 2189.9 112.64 -477.08 2284.2 99.721
1.6917 -415.81 2177.4 107.63 -451.76 2201.7 112.66 -481.12 2295.6 99.523
1.7 -420.4 2189.6 107.5 -456.39 2213.6 112.7 -485.22 2307.1 99.314
1.7083 -425.1 2202 107.37 -461.07 2225.6 112.76 -489.39 2318.6 99.097
1.7167 -429.91 2214.7 107.22 -465.8 2237.6 112.84 -493.63 2330.3 98.878
1.725 -434.86 2227.5 107.06 -470.59 2249.7 112.94 -497.95 2342 98.664
1.7333 -439.95 2240.6 106.9 -475.42 2261.7 113.05 -502.33 2353.8 98.456
1.7417 -445.16 2254 106.72 -480.3 2273.8 113.16 -506.78 2365.7 98.256
1.75 -450.48 2267.6 106.56 -485.21 2285.9 113.27 -511.27 2377.7 98.063
1.7583 -455.89 2281.5 106.4 -490.15 2298 113.37 -515.78 2389.8 97.874
1.7667 -461.36 2295.4 106.27 -495.12 2310.1 113.46 -520.28 2401.9 97.685
1.775 -466.85 2309.5 106.19 -500.09 2322.2 113.53 -524.75 2413.9 97.491
1.7833 -472.34 2323.5 106.15 -505.05 2334.4 113.57 -529.16 2426 97.286
1.7917 -477.8 2337.4 106.17 -509.99 2346.6 113.57 -533.48 2438 97.067
1.8 -483.19 2351.2 106.25 -514.9 2358.8 113.54 -537.71 2450 96.832
1.8083 -488.51 2364.8 106.38 -519.74 2371.2 113.46 -541.83 2461.9 96.579
1.8167 -493.72 2378.1 106.56 -524.5 2383.6 113.33 -545.82 2473.6 96.313
1.825 -498.83 2391.1 106.77 -529.16 2396.1 113.16 -549.69 2485.3 96.037
1.8333 -503.82 2403.8 107 -533.69 2408.6 112.93 -553.44 2496.9 95.757
1.8417 -508.69 2416.2 107.21 -538.08 2421.2 112.65 -557.07 2508.5 95.482
1.85 -513.46 2428.2 107.4 -542.29 2433.8 112.32 -560.6 2520 95.217
1.8583 -518.14 2440 107.55 -546.33 2446.3 111.95 -564.02 2531.6 94.97
1.8667 -522.73 2451.6 107.66 -550.18 2458.9 111.54 -567.34 2543.2 94.744
1.875 -527.25 2463 107.73 -553.85 2471.4 111.1 -570.56 2554.9 94.54
1.8833 -531.7 2474.2 107.76 -557.32 2483.7 110.62 -573.67 2566.8 94.359
1.8917 -536.06 2485.4 107.74 -560.62 2496 110.13 -576.65 2578.9 94.194
1.9 -540.32 2496.6 107.7 -563.75 2508.2 109.62 -579.51 2591.1 94.041
1.9083 -544.45 2507.7 107.63 -566.74 2520.2 109.1 -582.21 2603.5 93.891
1.9167 -548.43 2518.8 107.54 -569.6 2532.1 108.57 -584.74 2616 93.734
1.925 -552.23 2529.9 107.45 -572.36 2544 108.04 -587.08 2628.8 93.563
1.9333 -555.84 2541 107.36 -575.04 2555.8 107.5 -589.22 2641.6 93.369
1.9417 -559.24 2552.2 107.28 -577.66 2567.5 106.95 -591.16 2654.5 93.146
1.95 -562.43 2563.3 107.22 -580.22 2579.1 106.4 -592.88 2667.4 92.89
1.9583 -565.43 2574.5 107.18 -582.74 2590.8 105.84 -594.4 2680.2 92.6
1.9667 -568.26 2585.7 107.16 -585.23 2602.4 105.27 -595.73 2693.1 92.276
1.975 -570.95 2596.8 107.16 -587.68 2614.1 104.7 -596.87 2705.8 91.921
1.9833 -573.53 2608 107.18 -590.11 2625.7 104.11 -597.84 2718.4 91.538
1.9917 -576.04 2619 107.23 -592.5 2637.4 103.51 -598.67 2730.9 91.133
2 -578.51 2630.1 107.3 -594.86 2649.1 102.91 -599.38 2743.3 90.711
2.0083 -580.97 2641 107.38 -597.17 2660.9 102.31 -599.99 2755.5 90.277
2.0167 -583.44 2651.9 107.47 -599.44 2672.7 101.71 -600.52 2767.7 89.834
2.025 -585.93 2662.8 107.58 -601.66 2684.5 101.12 -600.98 2779.8 89.385
2.0333 -588.45 2673.6 107.68 -603.84 2696.3 100.55 -601.39 2791.8 88.935
2.0417 -590.99 2684.4 107.79 -605.97 2708.2 99.997 -601.76 2803.9 88.484
2.05 -593.55 2695.2 107.9 -608.06 2720.1 99.475 -602.09 2815.9 88.032
2.0583 -596.11 2706 108.01 -610.1 2732.1 98.985 -602.4 2827.9 87.582
2.0667 -598.64 2716.8 108.11 -612.11 2744.2 98.528 -602.67 2839.9 87.134
2.075 -601.13 2727.8 108.21 -614.08 2756.2 98.105 -602.92 2852 86.687
2.0833 -603.56 2738.8 108.3 -616.01 2768.4 97.715 -603.14 2864.1 86.242
2.0917 -605.9 2750 108.37 -617.9 2780.6 97.355 -603.34 2876.3 85.8
2.1 -608.14 2761.3 108.43 -619.76 2792.9 97.022 -603.52 2888.5 85.36
2.1083 -610.26 2772.8 108.46 -621.57 2805.2 96.713 -603.67 2900.7 84.924
2.1167 -612.26 2784.4 108.48 -623.33 2817.5 96.426 -603.81 2913 84.491
2.125 -614.14 2796.2 108.48 -625.02 2829.9 96.158 -603.92 2925.3 84.061
2.1333 -615.89 2808.2 108.47 -626.66 2842.4 95.905 -604.01 2937.7 83.635
2.1417 -617.52 2820.3 108.46 -628.22 2854.9 95.669 -604.09 2950.2 83.213
2.15 -619.03 2832.5 108.44 -629.71 2867.4 95.448 -604.14 2962.6 82.794
2.1583 -620.45 2844.9 108.44 -631.11 2880 95.241 -604.17 2975.1 82.38
2.1667 -621.81 2857.5 108.45 -632.42 2892.7 95.05 -604.18 2987.7 81.97
2.175 -623.12 2870.1 108.48 -633.65 2905.5 94.873 -604.15 3000.3 81.565
2.1833 -624.42 2882.8 108.52 -634.78 2918.3 94.71 -604.1 3012.9 81.167
2.1917 -625.72 2895.5 108.57 -635.82 2931.3 94.558 -604.01 3025.6 80.777
2.2 -627.03 2908.2 108.62 -636.76 2944.3 94.414 -603.89 3038.3 80.397
2.2083 -628.35 2921.1 108.66 -637.61 2957.5 94.275 -603.73 3051 80.029
2.2167 -629.69 2933.9 108.7 -638.35 2970.8 94.134 -603.54 3063.8 79.676
2.225 -631.04 2946.9 108.73 -638.99 2984.1 93.989 -603.31 3076.5 79.338
2.2333 -632.39 2960.1 108.75 -639.52 2997.6 93.833 -603.04 3089.3 79.017
2.2417 -633.75 2973.5 108.75 -639.93 3011.2 93.664 -602.74 3102.2 78.715
2.25 -635.11 2987.1 108.73 -640.23 3024.8 93.48 -602.41 3115.1 78.433
2.2583 -636.45 3001 108.69 -640.42 3038.5 93.278 -602.05 3128 78.17
2.2667 -637.75 3015.1 108.62 -640.49 3052.2 93.064 -601.65 3141.1 77.926
2.275 -639.01 3029.4 108.52 -640.46 3065.9 92.835 -601.23 3154.2 77.7
2.2833 -640.21 3043.8 108.38 -640.34 3079.6 92.604 -600.78 3167.3 77.49
2.2917 -641.34 3058.4 108.19 -640.14 3093.4 92.369 -600.31 3180.5 77.293
2.3 -642.4 3073 107.97 -639.9 3107 92.144 -599.82 3193.7 77.107
2.3083 -643.38 3087.5 107.69 -639.63 3120.7 91.932 -599.31 3206.9 76.927
2.3167 -644.26 3101.9 107.38 -639.37 3134.3 91.74 -598.79 3220.2 76.751
2.325 -645.04 3116.1 107.04 -639.15 3147.8 91.572 -598.26 3233.3 76.574
2.3333 -645.69 3130.1 106.66 -638.99 3161.2 91.432 -597.74 3246.4 76.393
2.3417 -646.21 3143.8 106.26 -638.91 3174.5 91.32 -597.21 3259.4 76.203
2.35 -646.58 3157.3 105.85 -638.94 3187.7 91.237 -596.71 3272.2 76.002
2.3583 -646.81 3170.5 105.42 -639.09 3200.8 91.18 -596.23 3285 75.788
2.3667 -646.9 3183.6 104.99 -639.36 3213.8 91.146 -595.8 3297.6 75.56
2.375 -646.85 3196.4 104.55 -639.76 3226.6 91.129 -595.41 3310.2 75.319
2.3833 -646.69 3209.1 104.12 -640.26 3239.3 91.127 -595.08 3322.6 75.066
2.3917 -646.41 3221.8 103.67 -640.86 3251.8 91.134 -594.83 3335.1 74.806
2.4 -646.02 3234.4 103.23 -641.53 3264.1 91.145 -594.66 3347.4 74.542
2.4083 -645.55 3247 102.78 -642.26 3276.3 91.159 -594.59 3359.8 74.281
2.4167 -645.03 3259.6 102.33 -643.01 3288.3 91.172 -594.61 3372.2 74.028
2.425 -644.48 3272.2 101.88 -643.77 3300.1 91.182 -594.74 3384.6 73.789
2.4333 -643.93 3284.8 101.43 -644.52 3311.8 91.188 -594.97 3397.1 73.57
2.4417 -643.42 3297.3 100.99 -645.25 3323.4 91.19 -595.3 3409.6 73.375
2.45 -642.96 3309.8 100.54 -645.95 3334.9 91.188 -595.72 3422.2 73.206
2.4583 -642.57 3322.1 100.08 -646.62 3346.4 91.183 -596.23 3434.8 73.066
2.4667 -642.28 3334.4 99.627 -647.26 3357.8 91.175 -596.82 3447.3 72.951
2.475 -642.06 3346.5 99.161 -647.88 3369.2 91.165 -597.46 3459.9 72.861
2.4833 -641.92 3358.5 98.686 -648.48 3380.6 91.152 -598.16 3472.4 72.789
2.4917 -641.84 3370.3 98.199 -649.08 3392 91.138 -598.89 3484.9 72.732
2.5 -641.81 3382.1 97.7 -649.67 3403.4 91.12 -599.64 3497.3 72.682
2.5083 -641.79 3393.7 97.188 -650.27 3414.9 91.1 -600.4 3509.6 72.635
2.5167 -641.78 3405.3 96.665 -650.88 3426.3 91.075 -601.17 3521.9 72.585
2.525 -641.75 3416.9 96.131 -651.5 3437.8 91.046 -601.94 3534 72.528
2.5333 -641.71 3428.5 95.588 -652.12 3449.4 91.009 -602.7 3546.1 72.463
2.5417 -641.63 3440 95.037 -652.75 3461 90.966 -603.47 3558.1 72.387
2.55 -641.54 3451.6 94.478 -653.36 3472.7 90.913 -604.23 3570.1 72.302
2.5583 -641.44 3463.2 93.911 -653.97 3484.4 90.852 -604.99 3582 72.21
2.5667 -641.34 3474.8 93.334 -654.55 3496.1 90.779 -605.75 3593.9 72.11
2.575 -641.28 3486.5 92.747 -655.12 3508 90.696 -606.52 3605.7 72.006
2.5833 -641.25 3498.2 92.152 -655.66 3519.9 90.602 -607.28 3617.5 71.897
2.5917 -641.29 3509.9 91.551 -656.18 3531.9 90.497 -608.03 3629.3 71.784
2.6 -641.4 3521.7 90.95 -656.67 3544 90.384 -608.76 3641 71.665
2.6083 -641.58 3533.5 90.355 -657.14 3556.1 90.263 -609.45 3652.7 71.537
2.6167 -641.82 3545.3 89.777 -657.59 3568.3 90.137 -610.1 3664.5 71.396
2.625 -642.12 3557.1 89.225 -658.02 3580.6 90.007 -610.68 3676.2 71.238
2.6333 -642.46 3569 88.707 -658.44 3592.9 89.876 -611.19 3687.9 71.06
2.6417 -642.82 3580.9 88.23 -658.83 3605.3 89.746 -611.62 3699.7 70.86
2.65 -643.21 3592.8 87.796 -659.21 3617.7 89.62 -611.95 3711.5 70.637
2.6583 -643.61 3604.9 87.405 -659.58 3630.1 89.499 -612.21 3723.4 70.391
2.6667 -644.01 3617 87.05 -659.93 3642.6 89.382 -612.39 3735.4 70.129
2.675 -644.41 3629.3 86.724 -660.26 3655 89.271 -612.5 3747.4 69.854
2.6833 -644.82 3641.7 86.415 -660.57 3667.5 89.164 -612.58 3759.5 69.576
2.6917 -645.22 3654.2 86.117 -660.86 3680 89.06 -612.62 3771.7 69.303
2.7 -645.63 3666.9 85.822 -661.14 3692.6 88.956 -612.66 3784 69.042
2.7083 -646.05 3679.7 85.526 -661.41 3705.2 88.849 -612.72 3796.4 68.801
2.7167 -646.5 3692.7 85.224 -661.66 3717.9 88.736 -612.79 3808.8 68.583
2.725 -646.97 3705.7 84.911 -661.92 3730.6 88.616 -612.88 3821.3 68.391
2.7333 -647.47 3718.9 84.583 -662.18 3743.4 88.485 -613 3833.8 68.222
2.7417 -647.99 3732.3 84.24 -662.44 3756.2 88.342 -613.13 3846.4 68.071
2.75 -648.52 3745.8 83.883 -662.72 3769.1 88.186 -613.26 3859.1 67.931
2.7583 -649.06 3759.5 83.519 -663.02 3782.1 88.016 -613.35 3871.8 67.79
2.7667 -649.61 3773.4 83.16 -663.34 3795.1 87.833 -613.39 3884.6 67.64
2.775 -650.15 3787.4 82.817 -663.68 3808.1 87.637 -613.36 3897.5 67.469
2.7833 -650.68 3801.7 82.508 -664.03 3821.1 87.429 -613.22 3910.5 67.267
2.7917 -651.21 3816.1 82.247 -664.38 3834.2 87.209 -612.98 3923.6 67.031
2.8 -651.72 3830.5 82.05 -664.72 3847.3 86.977 -612.61 3936.8 66.756
2.8083 -652.2 3845 81.926 -665.03 3860.4 86.731 -612.12 3950.1 66.445
2.8167 -652.65 3859.4 81.881 -665.29 3873.5 86.47 -611.52 3963.4 66.101
2.825 -653.06 3873.6 81.912 -665.48 3886.7 86.189 -610.81 3976.8 65.735
2.8333 -653.43 3887.6 82.01 -665.57 3899.9 85.884 -610.02 3990.2 65.355
2.8417 -653.75 3901.4 82.156 -665.54 3913.2 85.55 -609.16 4003.6 64.972
2.85 -654.01 3914.8 82.33 -665.36 3926.5 85.182 -608.23 4016.9 64.596
2.8583 -654.21 3927.8 82.502 -665.02 3939.8 84.774 -607.24 4030.2 64.234
2.8667 -654.34 3940.5 82.643 -664.51 3953.1 84.322 -606.19 4043.4 63.891
2.875 -654.42 3952.9 82.725 -663.82 3966.5 83.821 -605.06 4056.6 63.568
2.8833 -654.43 3964.9 82.726 -662.95 3979.8 83.271 -603.83 4069.6 63.263
2.8917 -654.38 3976.7 82.634 -661.9 3993.1 82.672 -602.46 4082.5 62.97
2.9 -654.24 3988.3 82.447 -660.69 4006.3 82.027 -600.92 4095.4 62.681
2.9083 -654 3999.8 82.169 -659.32 4019.4 81.338 -599.18 4108.2 62.389
2.9167 -653.62 4011.1 81.812 -657.8 4032.3 80.613 -597.19 4121 62.083
2.925 -653.06 4022.3 81.392 -656.17 4045.2 79.858 -594.93 4133.7 61.756
2.9333 -652.29 4033.5 80.93 -654.41 4057.8 79.08 -592.37 4146.5 61.401
2.9417 -651.28 4044.5 80.447 -652.55 4070.3 78.284 -589.5 4159.2 61.015
2.95 -650.01 4055.5 79.962 -650.59 4082.7 77.477 -586.32 4171.9 60.597
2.9583 -648.49 4066.4 79.493 -648.53 4095 76.662 -582.84 4184.6 60.149
2.9667 -646.74 4077.1 79.052 -646.36 4107.1 75.842 -579.09 4197.2 59.676
2.975 -644.79 4087.7 78.645 -644.09 4119.2 75.016 -575.11 4209.8 59.185
2.9833 -642.67 4098.2 78.272 -641.7 4131.2 74.184 -570.93 4222.3 58.684
2.9917 -640.42 4108.6 77.926 -639.19 4143.1 73.344 -566.6 4234.6 58.179
3 -638.05 4118.9 77.602 -636.56 4155.1 72.494 -562.16 4246.8 57.678
3.0083 -635.59 4129.1 77.287 -633.79 4167 71.631 -557.66 4258.8 57.185
3.0167 -633.09 4139.3 76.974 -630.9 4178.9 70.755 -553.12 4270.6 56.703
3.025 -630.58 4149.5 76.656 -627.89 4190.8 69.867 -548.58 4282.2 56.234
3.0333 -628.1 4159.7 76.328 -624.76 4202.6 68.971 -544.04 4293.5 55.776
3.0417 -625.69 4169.9 75.989 -621.52 4214.5 68.07 -539.52 4304.7 55.329
3.05 -623.36 4180.2 75.642 -618.19 4226.2 67.175 -535.01 4315.7 54.888
3.0583 -621.13 4190.5 75.29 -614.76 4238 66.285 -530.5 4326.5 54.452
3.0667 -618.98 4200.8 74.939 -611.26 4249.7 65.417 -525.98 4337.2 54.016
3.075 -616.89 4211.1 74.594 -607.67 4261.3 64.578 -521.42 4347.8 53.576
3.0833 -614.84 4221.5 74.258 -604.01 4272.9 63.775 -516.8 4358.3 53.131
3.0917 -612.78 4231.9 73.934 -600.27 4284.4 63.013 -512.11 4368.8 52.677
3.1 -610.69 4242.2 73.623 -596.45 4295.9 62.298 -507.32 4379.2 52.214
3.1083 -608.51 4252.5 73.322 -592.54 4307.4 61.632 -502.41 4389.6 51.742
3.1167 -606.22 4262.9 73.025 -588.53 4318.9 61.014 -497.39 4400 51.262
3.125 -603.77 4273.2 72.728 -584.41 4330.4 60.444 -492.25 4410.4 50.776
3.1333 -601.14 4283.5 72.427 -580.19 4341.9 59.919 -486.99 4420.8 50.288
3.1417 -598.31 4293.8 72.115 -575.86 4353.4 59.434 -481.62 4431.3 49.804
3.15 -595.25 4304.1 71.794 -571.42 4364.9 58.985 -476.16 4441.7 49.33
3.1583 -591.96 4314.4 71.468 -566.86 4376.5 58.568 -470.63 4452.2 48.87
3.1667 -588.42 4324.8 71.144 -562.18 4388 58.178 -465.04 4462.7 48.431
3.175 -584.63 4335.2 70.838 -557.38 4399.6 57.813 -459.41 4473.2 48.019
3.1833 -580.57 4345.7 70.563 -552.45 4411.2 57.47 -453.75 4483.7 47.638
3.1917 -576.24 4356.3 70.336 -547.4 4422.8 57.148 -448.07 4494.3 47.292
3.2 -571.65 4367 70.168 -542.22 4434.4 56.845 -442.37 4504.9 46.981
3.2083 -566.81 4377.9 70.066 -536.89 4446 56.562 -436.65 4515.5 46.704
3.2167 -561.77 4389 70.028 -531.42 4457.6 56.297 -430.88 4526.2 46.459
3.225 -556.55 4400.1 70.051 -525.79 4469.2 56.05 -425.06 4536.8 46.239
3.2333 -551.17 4411.5 70.123 -520 4480.8 55.822 -419.15 4547.5 46.04
3.2417 -545.62 4422.9 70.234 -514.03 4492.4 55.609 -413.13 4558.2 45.854
3.25 -539.92 4434.5 70.374 -507.88 4503.9 55.411 -406.98 4569 45.674
3.2583 -534.02 4446.3 70.533 -501.55 4515.5 55.226 -400.69 4579.7 45.498
3.2667 -527.93 4458.2 70.699 -495.03 4527 55.052 -394.24 4590.5 45.32
3.275 -521.62 4470.3 70.866 -488.33 4538.4 54.886 -387.64 4601.2 45.141
3.2833 -515.09 4482.6 71.026 -481.45 4549.8 54.726 -380.88 4612 44.966
3.2917 -508.35 4495 71.164 -474.4 4561.1 54.575 -373.99 4622.9 44.798
3.3 -501.42 4507.6 71.277 -467.2 4572.4 54.428 -366.99 4633.7 44.645
3.3083 -494.33 4520.3 71.347 -459.85 4583.7 54.287 -359.93 4644.5 44.514
3.3167 -487.12 4533.1 71.365 -452.39 4594.9 54.154 -352.82 4655.3 44.413
3.325 -479.83 4545.9 71.321 -444.84 4606 54.028 -345.72 4666.2 44.346
3.3333 -472.52 4558.7 71.206 -437.22 4617.1 53.911 -338.65 4677 44.315
3.3417 -465.22 4571.3 71.018 -429.58 4628.2 53.805 -331.64 4687.7 44.318
3.35 -457.96 4583.8 70.755 -421.95 4639.2 53.71 -324.7 4698.4 44.349
3.3583 -450.75 4596 70.423 -414.37 4650.1 53.627 -317.85 4709 44.4
3.3667 -443.61 4607.9 70.031 -406.9 4661.1 53.557 -311.09 4719.5 44.457
