0.0083333 -0.50765 2.7651 95.793 -30.11 108.3 86.687 -0.44922 225.13 83.84
0.016667 0.51625 10.459 95.863 -29.189 116.94 86.684 0.74472 232.69 83.769
0.025 1.5862 18.416 95.938 -28.173 125.74 86.665 1.9926 240.34 83.688
0.033333 2.6912 26.638 96.011 -27.062 134.69 86.622 3.2813 248.13 83.606
0.041667 3.8159 35.125 96.073 -25.859 143.8 86.555 4.5971 256.09 83.533
0.05 4.9398 43.871 96.115 -24.572 153.05 86.461 5.9255 264.25 83.478
0.058333 6.0375 52.868 96.132 -23.208 162.45 86.337 7.2537 272.63 83.45
0.066667 7.0891 62.109 96.122 -21.776 171.96 86.187 8.5705 281.26 83.457
0.075 8.0732 71.577 96.086 -20.289 181.59 86.008 9.8679 290.12 83.501
0.083333 8.9821 81.265 96.026 -18.758 191.32 85.807 11.14 299.21 83.585
0.091667 9.8156 91.153 95.95 -17.195 201.14 85.589 12.387 308.51 83.704
0.1 10.586 101.22 95.866 -15.616 211.02 85.36 13.606 317.96 83.853
0.10833 11.317 111.44 95.78 -14.036 220.94 85.126 14.801 327.52 84.022
0.11667 12.041 121.79 95.702 -12.469 230.9 84.9 15.975 337.14 84.202
0.125 12.796 132.21 95.638 -10.934 240.85 84.692 17.129 346.76 84.381
0.13333 13.621 142.68 95.587 -9.4473 250.79 84.509 18.263 356.33 84.549
0.14167 14.548 153.15 95.553 -8.0264 260.67 84.365 19.377 365.81 84.699
0.15 15.596 163.6 95.529 -6.6892 270.47 84.268 20.464 375.16 84.823
0.15833 16.77 173.99 95.507 -5.4523 280.16 84.226 21.516 384.37 84.918
0.16667 18.058 184.3 95.478 -4.3309 289.71 84.245 22.52 393.43 84.986
0.175 19.433 194.52 95.429 -3.3374 299.11 84.327 23.462 402.34 85.027
0.18333 20.859 204.65 95.352 -2.4807 308.32 84.472 24.325 411.13 85.049
0.19167 22.298 214.69 95.235 -1.7647 317.34 84.676 25.088 419.83 85.058
0.2 23.709 224.65 95.072 -1.1889 326.17 84.934 25.734 428.46 85.064
0.20833 25.056 234.56 94.861 -0.7474 334.82 85.236 26.244 437.06 85.074
0.21667 26.303 244.42 94.606 -0.4294 343.3 85.574 26.602 445.66 85.098
0.225 27.422 254.25 94.315 -0.2204 351.64 85.937 26.793 454.3 85.142
0.23333 28.393 264.06 94.003 -0.10423 359.86 86.317 26.806 462.98 85.213
0.24167 29.208 273.83 93.686 -0.063843 368 86.705 26.634 471.73 85.314
0.25 29.876 283.57 93.382 -0.083229 376.09 87.095 26.273 480.54 85.449
0.25833 30.414 293.27 93.107 -0.14958 384.17 87.484 25.724 489.42 85.617
0.26667 30.848 302.92 92.875 -0.25304 392.26 87.869 24.989 498.35 85.818
0.275 31.205 312.53 92.696 -0.38762 400.39 88.251 24.075 507.32 86.049
0.28333 31.508 322.07 92.576 -0.55175 408.58 88.632 22.989 516.32 86.308
0.29167 31.775 331.56 92.513 -0.7467 416.83 89.016 21.744 525.33 86.591
0.3 32.013 341 92.505 -0.97603 425.17 89.406 20.349 534.34 86.897
0.30833 32.224 350.39 92.542 -1.2447 433.58 89.804 18.819 543.33 87.221
0.31667 32.404 359.74 92.614 -1.5574 442.07 90.216 17.165 552.3 87.561
0.325 32.537 369.07 92.71 -1.9188 450.63 90.642 15.4 561.24 87.915
0.33333 32.616 378.39 92.818 -2.3309 459.24 91.083 13.537 570.14 88.28
0.34167 32.627 387.71 92.93 -2.7945 467.92 91.538 11.589 579.01 88.656
0.35 32.557 397.06 93.038 -3.3075 476.65 92.005 9.5663 587.83 89.04
0.35833 32.404 406.43 93.139 -3.867 485.44 92.482 7.4809 596.62 89.433
0.36667 32.166 415.84 93.229 -4.4692 494.28 92.965 5.3432 605.37 89.832
0.375 31.849 425.3 93.31 -5.1091 503.19 93.449 3.1636 614.08 90.236
0.38333 31.467 434.81 93.382 -5.7849 512.17 93.931 0.95207 622.76 90.644
0.39167 31.031 444.37 93.447 -6.4922 521.22 94.407 -1.2813 631.41 91.056
0.4 30.559 453.99 93.509 -7.2328 530.36 94.873 -3.5273 640.04 91.468
0.40833 30.068 463.66 93.571 -8.0082 539.59 95.325 -5.7772 648.67 91.881
0.41667 29.566 473.37 93.637 -8.8219 548.9 95.76 -8.0221 657.3 92.29
0.425 29.059 483.12 93.71 -9.679 558.31 96.176 -10.254 665.94 92.694
0.43333 28.545 492.9 93.794 -10.586 567.81 96.57 -12.467 674.61 93.09
0.44167 28.016 502.7 93.893 -11.549 577.4 96.94 -14.656 683.32 93.475
0.45 27.455 512.52 94.008 -12.576 587.06 97.283 -16.817 692.09 93.846
0.45833 26.846 522.37 94.141 -13.673 596.81 97.599 -18.948 700.93 94.199
0.46667 26.169 532.27 94.291 -14.844 606.64 97.884 -21.052 709.85 94.533
0.475 25.416 542.22 94.452 -16.092 616.53 98.139 -23.13 718.85 94.845
0.48333 24.564 552.27 94.618 -17.42 626.5 98.361 -25.188 727.94 95.134
0.49167 23.611 562.45 94.779 -18.827 636.53 98.551 -27.233 737.11 95.399
0.5 22.56 572.78 94.926 -20.313 646.63 98.711 -29.274 746.35 95.641
0.50833 21.421 583.27 95.053 -21.878 656.79 98.842 -31.321 755.67 95.861
0.51667 20.203 593.92 95.157 -23.522 667.02 98.95 -33.384 765.04 96.059
0.525 18.91 604.72 95.236 -25.247 677.33 99.039 -35.475 774.46 96.24
0.53333 17.554 615.63 95.291 -27.055 687.71 99.117 -37.604 783.92 96.403
0.54167 16.138 626.64 95.324 -28.951 698.17 99.191 -39.782 793.43 96.552
0.55 14.663 637.73 95.334 -30.942 708.71 99.269 -42.018 802.97 96.687
0.55833 13.129 648.91 95.319 -33.035 719.35 99.357 -44.322 812.55 96.809
0.56667 11.53 660.2 95.282 -35.237 730.08 99.462 -46.7 822.18 96.919
0.575 9.851 671.6 95.222 -37.556 740.92 99.589 -49.159 831.88 97.014
0.58333 8.0823 683.16 95.144 -39.997 751.86 99.74 -51.705 841.65 97.094
0.59167 6.204 694.92 95.057 -42.563 762.93 99.916 -54.342 851.51 97.156
0.6 4.2069 706.88 94.97 -45.256 774.12 100.12 -57.074 861.48 97.198
0.60833 2.0683 719.09 94.896 -48.07 785.44 100.33 -59.901 871.57 97.219
0.61667 -0.21716 731.54 94.851 -50.997 796.87 100.57 -62.826 881.78 97.219
0.625 -2.6431 744.23 94.851 -54.025 808.42 100.81 -65.847 892.13 97.199
0.63333 -5.2077 757.12 94.915 -57.135 820.07 101.05 -68.962 902.6 97.161
0.64167 -7.8971 770.18 95.057 -60.308 831.82 101.28 -72.164 913.19 97.109
0.65 -10.698 783.35 95.286 -63.521 843.63 101.51 -75.446 923.89 97.049
0.65833 -13.588 796.58 95.608 -66.749 855.49 101.71 -78.797 934.67 96.988
0.66667 -16.546 809.8 96.02 -69.968 867.37 101.89 -82.205 945.52 96.933
0.675 -19.554 822.96 96.511 -73.156 879.24 102.06 -85.653 956.39 96.892
0.68333 -22.593 836 97.065 -76.29 891.08 102.2 -89.124 967.28 96.873
0.69167 -25.649 848.88 97.661 -79.351 902.86 102.32 -92.597 978.14 96.88
0.7 -28.71 861.56 98.272 -82.325 914.56 102.43 -96.054 988.96 96.917
0.70833 -31.769 874.01 98.874 -85.2 926.17 102.53 -99.473 999.71 96.987
0.71667 -34.819 886.22 99.44 -87.968 937.66 102.62 -102.83 1010.4 97.088
0.725 -37.858 898.19 99.953 -90.626 949.03 102.7 -106.12 1021 97.219
0.73333 -40.887 909.92 100.4 -93.174 960.27 102.77 -109.31 1031.5 97.375
0.74167 -43.913 921.45 100.78 -95.617 971.38 102.84 -112.4 1042 97.549
0.75 -46.948 932.82 101.1 -97.962 982.36 102.9 -115.37 1052.4 97.735
0.75833 -50.002 944.07 101.37 -100.22 993.21 102.95 -118.21 1062.8 97.925
0.76667 -53.083 955.24 101.61 -102.4 1003.9 102.99 -120.92 1073.1 98.11
0.775 -56.189 966.36 101.83 -104.52 1014.6 103.02 -123.49 1083.5 98.284
0.78333 -59.309 977.44 102.05 -106.58 1025.1 103.02 -125.92 1093.9 98.439
0.79167 -62.428 988.49 102.28 -108.61 1035.6 103 -128.22 1104.3 98.571
0.8 -65.521 999.51 102.53 -110.61 1045.9 102.95 -130.39 1114.7 98.675
0.80833 -68.568 1010.5 102.81 -112.59 1056.2 102.87 -132.43 1125.3 98.749
0.81667 -71.543 1021.4 103.11 -114.57 1066.5 102.76 -134.35 1135.9 98.791
0.825 -74.433 1032.2 103.44 -116.54 1076.7 102.63 -136.17 1146.5 98.803
0.83333 -77.226 1043 103.81 -118.52 1086.8 102.47 -137.88 1157.2 98.785
0.84167 -79.922 1053.8 104.2 -120.51 1097 102.29 -139.51 1168 98.739
0.85 -82.529 1064.4 104.62 -122.52 1107.1 102.09 -141.07 1178.8 98.669
0.85833 -85.066 1075 105.07 -124.53 1117.3 101.87 -142.57 1189.6 98.579
0.86667 -87.55 1085.6 105.53 -126.56 1127.5 101.65 -144.02 1200.5 98.47
0.875 -90.006 1096.1 106.02 -128.61 1137.7 101.42 -145.43 1211.3 98.347
0.88333 -92.457 1106.7 106.53 -130.67 1148 101.2 -146.81 1222.2 98.213
0.89167 -94.918 1117.2 107.06 -132.75 1158.3 100.99 -148.18 1233 98.072
0.9 -97.404 1127.7 107.61 -134.83 1168.8 100.79 -149.54 1243.9 97.925
0.90833 -99.92 1138.2 108.16 -136.94 1179.2 100.61 -150.89 1254.7 97.775
0.91667 -102.46 1148.8 108.72 -139.07 1189.8 100.45 -152.24 1265.5 97.625
0.925 -105.02 1159.4 109.28 -141.22 1200.4 100.3 -153.59 1276.3 97.475
0.93333 -107.57 1169.9 109.82 -143.41 1211.1 100.19 -154.93 1287.1 97.326
0.94167 -110.1 1180.6 110.35 -145.63 1221.9 100.09 -156.27 1297.9 97.179
0.95 -112.58 1191.2 110.85 -147.89 1232.7 100.02 -157.61 1308.7 97.033
0.95833 -115.01 1202 111.32 -150.19 1243.6 99.967 -158.94 1319.5 96.888
0.96667 -117.35 1212.8 111.75 -152.54 1254.6 99.936 -160.26 1330.3 96.743
0.975 -119.61 1223.7 112.13 -154.94 1265.6 99.925 -161.58 1341.2 96.596
0.98333 -121.78 1234.8 112.46 -157.37 1276.7 99.934 -162.89 1352.1 96.445
0.99167 -123.87 1246 112.75 -159.85 1287.9 99.961 -164.2 1363.1 96.287
1 -125.89 1257.4 113 -162.36 1299.2 100.01 -165.52 1374.1 96.123
1.0083 -127.87 1268.9 113.2 -164.9 1310.5 100.07 -166.84 1385.2 95.95
1.0167 -129.82 1280.6 113.38 -167.47 1321.9 100.15 -168.18 1396.3 95.766
1.025 -131.76 1292.5 113.54 -170.05 1333.4 100.25 -169.53 1407.5 95.572
1.0333 -133.71 1304.5 113.68 -172.64 1344.9 100.36 -170.89 1418.7 95.368
1.0417 -135.7 1316.7 113.82 -175.23 1356.5 100.49 -172.28 1430.1 95.154
1.05 -137.75 1329 113.97 -177.84 1368.3 100.62 -173.68 1441.5 94.932
1.0583 -139.87 1341.4 114.13 -180.43 1380 100.76 -175.11 1452.9 94.704
1.0667 -142.07 1353.9 114.28 -183.03 1391.9 100.9 -176.56 1464.4 94.473
1.075 -144.35 1366.3 114.44 -185.63 1403.8 101.04 -178.03 1476 94.243
1.0833 -146.71 1378.8 114.6 -188.21 1415.9 101.17 -179.53 1487.6 94.017
1.0917 -149.12 1391.2 114.74 -190.78 1428 101.27 -181.08 1499.3 93.8
1.1 -151.58 1403.6 114.87 -193.33 1440.2 101.36 -182.67 1511 93.597
1.1083 -154.1 1416 114.98 -195.85 1452.6 101.41 -184.31 1522.8 93.413
1.1167 -156.68 1428.5 115.09 -198.33 1465.1 101.44 -186.03 1534.7 93.253
1.125 -159.34 1441.1 115.17 -200.77 1477.6 101.43 -187.82 1546.6 93.121
1.1333 -162.1 1453.8 115.25 -203.15 1490.3 101.39 -189.72 1558.6 93.022
1.1417 -164.97 1466.7 115.31 -205.46 1503.1 101.32 -191.71 1570.7 92.96
1.15 -167.98 1479.8 115.36 -207.71 1515.9 101.23 -193.81 1582.9 92.936
1.1583 -171.12 1493 115.38 -209.91 1528.8 101.12 -196.03 1595.2 92.951
1.1667 -174.39 1506.4 115.38 -212.05 1541.7 101 -198.35 1607.6 93.003
1.175 -177.77 1519.9 115.35 -214.17 1554.6 100.88 -200.77 1620 93.09
1.1833 -181.25 1533.4 115.28 -216.26 1567.4 100.78 -203.29 1632.5 93.205
1.1917 -184.8 1547 115.16 -218.38 1580.3 100.69 -205.89 1645.1 93.341
1.2 -188.36 1560.4 115.01 -220.53 1593 100.64 -208.56 1657.6 93.489
1.2083 -191.9 1573.7 114.82 -222.76 1605.6 100.62 -211.29 1670.1 93.637
1.2167 -195.36 1586.8 114.59 -225.08 1618.1 100.64 -214.07 1682.6 93.776
1.225 -198.7 1599.7 114.35 -227.51 1630.4 100.71 -216.9 1694.9 93.896
1.2333 -201.9 1612.5 114.09 -230.08 1642.5 100.82 -219.78 1707.1 93.989
1.2417 -204.94 1625 113.83 -232.79 1654.5 100.98 -222.72 1719.2 94.048
1.25 -207.83 1637.4 113.59 -235.65 1666.3 101.19 -225.73 1731.1 94.072
1.2583 -210.57 1649.6 113.38 -238.63 1678 101.43 -228.83 1742.8 94.061
1.2667 -213.19 1661.6 113.19 -241.73 1689.4 101.72 -232.05 1754.4 94.018
1.275 -215.72 1673.6 113.04 -244.94 1700.7 102.04 -235.4 1765.8 93.951
1.2833 -218.17 1685.5 112.92 -248.22 1711.8 102.39 -238.91 1777.1 93.871
1.2917 -220.58 1697.4 112.83 -251.55 1722.8 102.76 -242.6 1788.3 93.789
1.3 -222.99 1709.3 112.76 -254.91 1733.6 103.15 -246.47 1799.4 93.718
1.3083 -225.41 1721.2 112.7 -258.28 1744.3 103.56 -250.54 1810.5 93.672
1.3167 -227.88 1733 112.65 -261.65 1754.8 103.98 -254.81 1821.6 93.662
1.325 -230.43 1744.9 112.59 -265.01 1765.3 104.41 -259.28 1832.7 93.698
1.3333 -233.08 1756.6 112.53 -268.37 1775.6 104.85 -263.92 1843.7 93.787
1.3417 -235.83 1768.3 112.45 -271.72 1785.9 105.3 -268.72 1854.9 93.93
1.35 -238.68 1779.8 112.36 -275.07 1796.2 105.75 -273.66 1866 94.128
1.3583 -241.65 1791.2 112.25 -278.44 1806.3 106.21 -278.73 1877.1 94.376
1.3667 -244.71 1802.5 112.12 -281.83 1816.5 106.68 -283.88 1888.2 94.666
1.375 -247.87 1813.6 111.99 -285.25 1826.7 107.15 -289.11 1899.3 94.99
1.3833 -251.11 1824.6 111.85 -288.72 1836.9 107.62 -294.4 1910.2 95.336
1.3917 -254.41 1835.4 111.72 -292.24 1847.1 108.09 -299.71 1921.1 95.695
1.4 -257.77 1846.2 111.58 -295.81 1857.3 108.57 -305.04 1931.9 96.057
1.4083 -261.17 1856.9 111.46 -299.42 1867.6 109.04 -310.38 1942.6 96.415
1.4167 -264.59 1867.6 111.35 -303.09 1877.9 109.5 -315.71 1953.2 96.761
1.425 -268.05 1878.2 111.24 -306.8 1888.2 109.96 -321.02 1963.6 97.092
1.4333 -271.53 1888.9 111.14 -310.55 1898.6 110.4 -326.31 1973.9 97.404
1.4417 -275.04 1899.5 111.03 -314.34 1909.1 110.83 -331.56 1984.1 97.698
1.45 -278.58 1910.2 110.92 -318.17 1919.6 111.25 -336.77 1994.3 97.972
1.4583 -282.88 1920.4 110.71 -322.04 1930.3 111.64 -341.93 2004.4 98.228
1.4667 -285.82 1931.8 110.66 -325.96 1940.9 112.01 -347.03 2014.4 98.467
1.475 -289.54 1942.6 110.5 -329.93 1951.7 112.36 -352.07 2024.5 98.687
1.4833 -293.34 1953.4 110.34 -333.96 1962.5 112.69 -357.05 2034.5 98.891
1.4917 -297.22 1964.3 110.19 -338.05 1973.5 113.01 -361.96 2044.6 99.076
1.5 -301.17 1975.1 110.04 -342.21 1984.4 113.3 -366.81 2054.7 99.242
1.5083 -305.21 1986 109.92 -346.44 1995.5 113.57 -371.6 2064.9 99.388
1.5167 -309.33 1996.8 109.84 -350.74 2006.6 113.84 -376.34 2075.1 99.511
1.525 -313.51 2007.7 109.79 -355.12 2017.7 114.08 -381.04 2085.4 99.611
1.5333 -317.77 2018.7 109.79 -359.58 2028.9 114.32 -385.7 2095.7 99.687
1.5417 -322.1 2029.6 109.83 -364.11 2040.1 114.54 -390.34 2106.1 99.739
1.55 -326.53 2040.7 109.89 -368.71 2051.4 114.75 -394.98 2116.6 99.769
1.5583 -331.05 2051.9 109.96 -373.39 2062.6 114.95 -399.61 2127.1 99.779
1.5667 -335.68 2063.2 110.03 -378.14 2073.9 115.13 -404.25 2137.6 99.772
1.575 -340.42 2074.6 110.09 -382.98 2085.3 115.31 -408.92 2148.1 99.751
1.5833 -345.28 2086.1 110.15 -387.9 2096.6 115.46 -413.61 2158.7 99.718
1.5917 -350.24 2097.7 110.19 -392.91 2108.1 115.61 -418.35 2169.3 99.676
1.6 -355.31 2109.4 110.22 -398.01 2119.5 115.75 -423.13 2180 99.628
1.6083 -360.5 2121 110.24 -403.21 2131 115.87 -427.97 2190.6 99.574
1.6167 -365.82 2132.7 110.25 -408.52 2142.6 115.99 -432.86 2201.3 99.514
1.625 -371.26 2144.5 110.24 -413.93 2154.2 116.11 -437.82 2212.1 99.446
1.6333 -376.84 2156.3 110.24 -419.45 2165.8 116.23 -442.85 2222.9 99.368
1.6417 -382.55 2168.3 110.22 -425.08 2177.5 116.35 -447.96 2233.8 99.278
1.65 -388.39 2180.4 110.21 -430.8 2189.2 116.48 -453.13 2244.7 99.173
1.6583 -394.37 2192.8 110.21 -436.62 2200.9 116.61 -458.38 2255.8 99.051
1.6667 -400.47 2205.4 110.23 -442.53 2212.7 116.75 -463.71 2266.9 98.91
1.675 -406.68 2218.2 110.29 -448.5 2224.4 116.88 -469.1 2278.1 98.752
1.6833 -412.98 2231.2 110.38 -454.55 2236.2 117.02 -474.56 2289.4 98.577
1.6917 -419.35 2244.3 110.52 -460.63 2247.9 117.14 -480.07 2300.7 98.389
1.7 -425.76 2257.6 110.73 -466.75 2259.6 117.25 -485.63 2312 98.193
1.7083 -432.2 2270.8 111 -472.88 2271.3 117.34 -491.22 2323.4 97.995
1.7167 -438.64 2284 111.35 -479.01 2283.1 117.41 -496.83 2334.7 97.799
1.725 -445.06 2297.1 111.75 -485.12 2294.8 117.45 -502.46 2345.9 97.613
1.7333 -451.44 2309.9 112.21 -491.18 2306.6 117.46 -508.07 2357.2 97.443
1.7417 -457.76 2322.6 112.71 -497.17 2318.3 117.44 -513.68 2368.3 97.293
1.75 -463.99 2334.9 113.23 -503.08 2330.1 117.39 -519.26 2379.4 97.167
1.7583 -470.12 2346.9 113.75 -508.87 2341.9 117.32 -524.81 2390.4 97.067
1.7667 -476.13 2358.6 114.25 -514.54 2353.7 117.22 -530.33 2401.3 96.994
1.775 -482.05 2370 114.71 -520.07 2365.4 117.11 -535.8 2412.3 96.945
1.7833 -487.87 2381.1 115.12 -525.44 2377.1 116.99 -541.22 2423.2 96.919
1.7917 -493.62 2392 115.48 -530.65 2388.7 116.85 -546.58 2434.2 96.911
1.8 -499.31 2402.7 115.79 -535.7 2400.2 116.71 -551.87 2445.3 96.916
1.8083 -504.97 2413.2 116.06 -540.6 2411.6 116.57 -557.09 2456.4 96.93
1.8167 -510.6 2423.7 116.28 -545.36 2422.9 116.43 -562.23 2467.7 96.946
1.825 -516.19 2434.1 116.46 -550 2434 116.29 -567.26 2479.1 96.959
1.8333 -521.74 2444.5 116.62 -554.53 2444.9 116.15 -572.19 2490.7 96.966
1.8417 -527.22 2454.9 116.77 -558.99 2455.8 116 -577 2502.4 96.961
1.85 -532.62 2465.3 116.92 -563.39 2466.5 115.85 -581.69 2514.2 96.943
1.8583 -537.91 2475.8 117.08 -567.76 2477.1 115.69 -586.25 2526 96.909
1.8667 -543.09 2486.3 117.26 -572.13 2487.7 115.52 -590.67 2537.9 96.859
1.875 -548.14 2496.8 117.47 -576.5 2498.2 115.34 -594.96 2549.9 96.791
1.8833 -553.07 2507.3 117.71 -580.89 2508.8 115.15 -599.11 2561.8 96.707
1.8917 -557.86 2517.8 117.99 -585.31 2519.4 114.94 -603.15 2573.7 96.606
1.9 -562.54 2528.3 118.31 -589.77 2530.2 114.72 -607.07 2585.6 96.49
1.9083 -567.12 2538.8 118.66 -594.26 2540.9 114.5 -610.89 2597.4 96.358
1.9167 -571.62 2549.3 119.05 -598.77 2551.8 114.26 -614.63 2609.1 96.212
1.925 -576.07 2559.7 119.47 -603.31 2562.8 114.01 -618.29 2620.8 96.051
1.9333 -580.49 2570 119.91 -607.86 2573.9 113.77 -621.9 2632.4 95.877
1.9417 -584.88 2580.3 120.36 -612.41 2585 113.52 -625.45 2644 95.69
1.95 -589.27 2590.5 120.83 -616.97 2596.2 113.28 -628.97 2655.5 95.491
1.9583 -593.66 2600.6 121.29 -621.52 2607.4 113.05 -632.46 2667.1 95.28
1.9667 -598.05 2610.8 121.76 -626.07 2618.7 112.83 -635.94 2678.6 95.059
1.975 -602.44 2620.9 122.21 -630.61 2630 112.62 -639.4 2690.1 94.828
1.9833 -606.81 2631 122.64 -635.16 2641.4 112.43 -642.85 2701.7 94.589
1.9917 -611.17 2641.2 123.05 -639.71 2652.7 112.26 -646.3 2713.2 94.342
2 -615.5 2651.5 123.43 -644.27 2664.2 112.1 -649.74 2724.8 94.09
2.0083 -619.8 2662 123.77 -648.84 2675.6 111.97 -653.2 2736.3 93.833
2.0167 -624.05 2672.6 124.07 -653.42 2687.1 111.84 -656.66 2747.9 93.574
2.025 -628.27 2683.4 124.31 -658.02 2698.6 111.74 -660.13 2759.5 93.313
2.0333 -632.45 2694.4 124.51 -662.63 2710.2 111.65 -663.62 2771 93.052
2.0417 -636.61 2705.7 124.64 -667.25 2721.9 111.57 -667.13 2782.6 92.792
2.05 -640.73 2717.1 124.72 -671.87 2733.6 111.51 -670.66 2794.2 92.535
2.0583 -644.84 2728.7 124.75 -676.48 2745.4 111.45 -674.21 2805.9 92.281
2.0667 -648.95 2740.5 124.75 -681.08 2757.3 111.41 -677.79 2817.5 92.03
2.075 -653.06 2752.5 124.72 -685.66 2769.2 111.37 -681.39 2829.3 91.783
2.0833 -657.2 2764.6 124.68 -690.2 2781.2 111.33 -685.01 2841.1 91.538
2.0917 -661.38 2776.9 124.64 -694.71 2793.2 111.31 -688.64 2852.9 91.295
2.1 -665.62 2789.2 124.61 -699.19 2805.3 111.28 -692.28 2864.8 91.053
2.1083 -669.93 2801.6 124.59 -703.62 2817.5 111.25 -695.93 2876.8 90.809
2.1167 -674.3 2813.9 124.59 -708.01 2829.7 111.22 -699.58 2888.9 90.564
2.125 -678.75 2826.2 124.6 -712.35 2842 111.19 -703.23 2901 90.318
2.1333 -683.24 2838.4 124.61 -716.65 2854.5 111.14 -706.89 2913.2 90.07
2.1417 -687.78 2850.7 124.64 -720.91 2867 111.08 -710.57 2925.4 89.824
2.15 -692.39 2863 124.67 -725.13 2879.7 111 -714.25 2937.7 89.581
2.1583 -697.05 2875.4 124.7 -729.29 2892.4 110.91 -717.96 2950 89.346
2.1667 -701.77 2887.9 124.73 -733.41 2905.3 110.8 -721.7 2962.3 89.122
2.175 -706.58 2900.6 124.76 -737.48 2918.2 110.67 -725.48 2974.7 88.916
2.1833 -711.45 2913.6 124.77 -741.5 2931.3 110.52 -729.3 2987.1 88.731
2.1917 -716.4 2926.8 124.76 -745.48 2944.4 110.36 -733.17 2999.6 88.573
2.2 -721.42 2940.2 124.71 -749.4 2957.5 110.19 -737.09 3012.1 88.444
2.2083 -726.49 2953.7 124.61 -753.28 2970.7 110.02 -741.05 3024.6 88.346
2.2167 -731.6 2967.4 124.46 -757.13 2983.8 109.85 -745.05 3037.1 88.278
2.225 -736.73 2981.1 124.24 -760.97 2997 109.7 -749.09 3049.7 88.237
2.2333 -741.85 2994.7 123.97 -764.8 3010.1 109.56 -753.15 3062.3 88.218
2.2417 -746.93 3008.3 123.64 -768.64 3023.1 109.45 -757.23 3074.9 88.215
2.25 -751.92 3021.6 123.26 -772.52 3036 109.36 -761.31 3087.5 88.219
2.2583 -756.79 3034.8 122.86 -776.45 3048.9 109.31 -765.39 3100 88.222
2.2667 -761.52 3047.8 122.43 -780.45 3061.6 109.3 -769.48 3112.5 88.215
2.275 -766.09 3060.6 122.01 -784.53 3074.2 109.32 -773.56 3124.8 88.192
2.2833 -770.51 3073.1 121.6 -788.69 3086.7 109.39 -777.65 3137.1 88.147
2.2917 -774.76 3085.5 121.22 -792.95 3099 109.49 -781.75 3149.3 88.079
2.3 -778.89 3097.7 120.87 -797.29 3111.1 109.64 -785.87 3161.4 87.985
2.3083 -782.9 3109.8 120.57 -801.7 3123.1 109.81 -790.03 3173.4 87.871
2.3167 -786.81 3121.8 120.32 -806.19 3134.9 110.02 -794.23 3185.3 87.741
2.325 -790.65 3133.7 120.09 -810.72 3146.5 110.24 -798.5 3197.2 87.604
2.3333 -794.43 3145.7 119.9 -815.29 3158 110.5 -802.85 3209 87.468
2.3417 -798.19 3157.7 119.73 -819.88 3169.3 110.76 -807.28 3220.9 87.344
2.35 -801.93 3169.6 119.57 -824.49 3180.5 111.03 -811.81 3232.7 87.239
2.3583 -805.68 3181.6 119.42 -829.09 3191.6 111.32 -816.43 3244.5 87.163
2.3667 -809.47 3193.5 119.26 -833.69 3202.6 111.6 -821.16 3256.4 87.121
2.375 -813.29 3205.4 119.09 -838.28 3213.6 111.89 -826 3268.3 87.117
2.3833 -817.16 3217.2 118.9 -842.88 3224.5 112.18 -830.93 3280.2 87.15
2.3917 -821.09 3228.9 118.68 -847.48 3235.3 112.47 -835.97 3292 87.218
2.4 -825.08 3240.4 118.45 -852.1 3246.2 112.75 -841.09 3303.9 87.318
2.4083 -829.14 3251.8 118.19 -856.74 3257 113.04 -846.31 3315.6 87.443
2.4167 -833.25 3263 117.91 -861.42 3267.9 113.32 -851.6 3327.3 87.586
2.425 -837.42 3274.1 117.62 -866.14 3278.8 113.6 -856.97 3338.9 87.74
2.4333 -841.64 3285.1 117.32 -870.9 3289.7 113.87 -862.4 3350.3 87.899
2.4417 -845.91 3295.9 117.01 -875.7 3300.6 114.14 -867.89 3361.6 88.056
2.45 -850.22 3306.7 116.71 -880.55 3311.6 114.41 -873.43 3372.8 88.207
2.4583 -854.56 3317.4 116.4 -885.44 3322.6 114.66 -879 3383.8 88.35
2.4667 -858.95 3328.1 116.09 -890.37 3333.6 114.91 -884.6 3394.7 88.481
2.475 -863.37 3338.8 115.78 -895.33 3344.7 115.14 -890.21 3405.5 88.6
2.4833 -867.84 3349.5 115.46 -900.32 3355.7 115.36 -895.83 3416.1 88.707
2.4917 -872.36 3360.2 115.12 -905.34 3366.9 115.55 -901.44 3426.8 88.803
2.5 -876.93 3370.9 114.78 -910.4 3378 115.73 -907.03 3437.3 88.886
2.5083 -881.57 3381.7 114.42 -915.48 3389.3 115.88 -912.59 3447.8 88.959
2.5167 -886.27 3392.5 114.04 -920.61 3400.6 116.02 -918.13 3458.3 89.02
2.525 -891.03 3403.4 113.67 -925.77 3411.9 116.13 -923.63 3468.8 89.069
2.5333 -895.85 3414.3 113.3 -930.98 3423.4 116.22 -929.09 3479.3 89.106
2.5417 -900.72 3425.2 112.96 -936.24 3434.8 116.29 -934.52 3489.7 89.13
2.55 -905.64 3436.2 112.64 -941.55 3446.4 116.34 -939.93 3500.1 89.14
2.5583 -910.62 3447.2 112.36 -946.91 3457.9 116.38 -945.32 3510.5 89.136
2.5667 -915.65 3458.2 112.12 -952.34 3469.6 116.4 -950.7 3521 89.12
2.575 -920.78 3469.4 111.92 -957.81 3481.2 116.41 -956.08 3531.4 89.09
2.5833 -925.99 3480.6 111.75 -963.34 3492.9 116.42 -961.47 3541.8 89.05
2.5917 -931.32 3492 111.6 -968.93 3504.6 116.42 -966.87 3552.3 89
2.6 -936.77 3503.5 111.48 -974.56 3516.4 116.41 -972.29 3562.8 88.943
2.6083 -942.34 3515.1 111.36 -980.24 3528.1 116.4 -977.73 3573.3 88.879
2.6167 -948.02 3526.8 111.26 -985.97 3539.9 116.39 -983.19 3583.9 88.81
2.625 -953.81 3538.6 111.17 -991.75 3551.7 116.37 -988.68 3594.5 88.734
2.6333 -959.7 3550.4 111.08 -997.58 3563.6 116.36 -994.19 3605.2 88.649
2.6417 -965.69 3562.2 111 -1003.5 3575.4 116.35 -999.71 3616.1 88.554
2.65 -971.79 3574.1 110.9 -1009.4 3587.3 116.33 -1005.3 3626.9 88.444
2.6583 -978 3586 110.81 -1015.4 3599.2 116.32 -1010.8 3637.9 88.313
2.6667 -984.3 3598 110.71 -1021.5 3611.1 116.31 -1016.4 3649 88.159
2.675 -990.71 3610.2 110.6 -1027.6 3623.1 116.3 -1021.9 3660.1 87.976
2.6833 -997.22 3622.6 110.5 -1033.8 3635 116.3 -1027.5 3671.3 87.761
2.6917 -1003.8 3635.1 110.41 -1040.1 3646.9 116.29 -1033.1 3682.6 87.514
2.7 -1010.5 3647.8 110.35 -1046.5 3658.9 116.29 -1038.7 3694 87.238
2.7083 -1017.2 3660.7 110.33 -1052.9 3670.8 116.29 -1044.3 3705.5 86.937
2.7167 -1024 3673.6 110.36 -1059.3 3682.7 116.28 -1050 3717 86.618
2.725 -1030.8 3686.7 110.45 -1065.7 3694.6 116.27 -1055.7 3728.6 86.294
2.7333 -1037.6 3699.7 110.62 -1072.2 3706.5 116.25 -1061.4 3740.3 85.976
2.7417 -1044.4 3712.6 110.86 -1078.6 3718.4 116.22 -1067.2 3752 85.679
2.75 -1051.1 3725.4 111.18 -1084.9 3730.4 116.18 -1073 3763.8 85.415
2.7583 -1057.9 3738 111.55 -1091.1 3742.3 116.12 -1078.8 3775.7 85.198
2.7667 -1064.6 3750.3 111.97 -1097.2 3754.2 116.03 -1084.6 3787.6 85.036
2.775 -1071.2 3762.4 112.42 -1103.2 3766.2 115.92 -1090.5 3799.6 84.936
2.7833 -1077.6 3774.1 112.85 -1108.9 3778.1 115.79 -1096.3 3811.5 84.899
2.7917 -1084 3785.6 113.25 -1114.5 3790 115.62 -1102.1 3823.5 84.924
2.8 -1090.2 3796.7 113.59 -1119.9 3801.9 115.43 -1107.8 3835.5 85.002
2.8083 -1096.4 3807.6 113.86 -1125 3813.7 115.2 -1113.5 3847.5 85.124
2.8167 -1102.3 3818.4 114.05 -1130 3825.4 114.95 -1119 3859.4 85.275
2.825 -1108.2 3829 114.16 -1134.8 3837 114.68 -1124.4 3871.4 85.437
2.8333 -1114 3839.5 114.19 -1139.4 3848.5 114.38 -1129.6 3883.3 85.594
2.8417 -1119.7 3850 114.15 -1143.9 3859.8 114.07 -1134.6 3895.2 85.729
2.85 -1125.3 3860.5 114.05 -1148.3 3871 113.73 -1139.4 3907.2 85.827
2.8583 -1130.7 3871.1 113.93 -1152.5 3882.1 113.39 -1144 3919.1 85.877
2.8667 -1136.1 3881.6 113.78 -1156.7 3893.1 113.02 -1148.3 3931 85.872
2.875 -1141.2 3892.2 113.64 -1160.9 3904.1 112.65 -1152.4 3943 85.809
2.8833 -1146.2 3902.8 113.53 -1165 3914.9 112.26 -1156.3 3955 85.691
2.8917 -1151 3913.5 113.45 -1169.1 3925.8 111.86 -1160 3966.9 85.523
2.9 -1155.7 3924.2 113.41 -1173.1 3936.6 111.44 -1163.5 3978.9 85.314
2.9083 -1160.2 3934.9 113.42 -1177.1 3947.5 111 -1166.8 3990.9 85.075
2.9167 -1164.5 3945.6 113.47 -1181.1 3958.4 110.54 -1170 4002.8 84.817
2.925 -1168.8 3956.3 113.57 -1185.1 3969.4 110.06 -1173 4014.7 84.548
2.9333 -1172.9 3966.9 113.7 -1189 3980.4 109.55 -1176 4026.6 84.277
2.9417 -1176.9 3977.6 113.86 -1193 3991.5 109.03 -1178.9 4038.4 84.008
2.95 -1180.9 3988.2 114.04 -1196.8 4002.7 108.49 -1181.7 4050.2 83.743
2.9583 -1184.8 3998.7 114.23 -1200.7 4013.9 107.94 -1184.5 4062 83.481
2.9667 -1188.7 4009.2 114.42 -1204.5 4025.2 107.39 -1187.3 4073.7 83.222
2.975 -1192.6 4019.7 114.61 -1208.3 4036.5 106.85 -1190.1 4085.4 82.961
2.9833 -1196.4 4030.1 114.79 -1212 4047.9 106.32 -1192.8 4097.1 82.695
2.9917 -1200.3 4040.5 114.98 -1215.8 4059.3 105.81 -1195.5 4108.7 82.42
3 -1204.1 4050.9 115.18 -1219.5 4070.8 105.34 -1198.1 4120.4 82.134
3.0083 -1207.9 4061.3 115.37 -1223.2 4082.3 104.89 -1200.8 4132.1 81.837
3.0167 -1211.7 4071.8 115.58 -1226.9 4093.9 104.49 -1203.4 4143.7 81.53
3.025 -1215.4 4082.4 115.79 -1230.6 4105.5 104.12 -1206 4155.4 81.216
3.0333 -1219.1 4093.1 116.01 -1234.3 4117.2 103.79 -1208.6 4167.2 80.897
3.0417 -1222.7 4104 116.23 -1237.9 4129 103.5 -1211.2 4178.9 80.579
3.05 -1226.2 4115.1 116.44 -1241.6 4140.9 103.24 -1213.8 4190.6 80.264
3.0583 -1229.7 4126.3 116.63 -1245.2 4152.8 103.02 -1216.4 4202.3 79.955
3.0667 -1233 4137.7 116.79 -1248.8 4164.8 102.82 -1219 4214.1 79.652
3.075 -1236.3 4149.3 116.93 -1252.3 4176.9 102.64 -1221.6 4225.8 79.355
3.0833 -1239.5 4161.1 117.03 -1255.8 4188.9 102.49 -1224.2 4237.6 79.061
3.0917 -1242.7 4173.1 117.1 -1259.2 4201.1 102.37 -1226.8 4249.4 78.768
3.1 -1245.8 4185.3 117.15 -1262.5 4213.2 102.26 -1229.4 4261.2 78.472
3.1083 -1248.8 4197.6 117.18 -1265.8 4225.4 102.18 -1231.9 4273.1 78.169
3.1167 -1251.9 4210 117.2 -1268.9 4237.6 102.12 -1234.4 4285.1 77.861
3.125 -1255.1 4222.5 117.21 -1272 4249.9 102.08 -1236.8 4297.1 77.547
3.1333 -1258.3 4235.1 117.23 -1275.1 4262.3 102.07 -1239.1 4309.2 77.233
3.1417 -1261.6 4247.6 117.24 -1278 4274.7 102.07 -1241.4 4321.4 76.924
3.15 -1264.9 4260.1 117.26 -1280.9 4287.3 102.08 -1243.7 4333.6 76.628
3.1583 -1268.3 4272.6 117.29 -1283.7 4299.9 102.1 -1245.9 4346 76.356
3.1667 -1271.8 4285.2 117.33 -1286.4 4312.7 102.11 -1248 4358.4 76.114
3.175 -1275.4 4297.8 117.38 -1289.1 4325.7 102.11 -1250.1 4370.8 75.91
3.1833 -1279 4310.6 117.44 -1291.6 4338.7 102.1 -1252.2 4383.3 75.747
3.1917 -1282.7 4323.5 117.5 -1294.1 4351.9 102.05 -1254.2 4395.9 75.625
3.2 -1286.4 4336.6 117.55 -1296.4 4365.2 101.97 -1256.2 4408.5 75.54
3.2083 -1290.1 4349.9 117.59 -1298.7 4378.5 101.86 -1258.2 4421.2 75.484
3.2167 -1293.8 4363.5 117.59 -1300.9 4391.9 101.71 -1260.2 4433.8 75.444
3.225 -1297.4 4377.2 117.54 -1303 4405.2 101.53 -1262.1 4446.6 75.409
3.2333 -1301 4391.1 117.43 -1305 4418.6 101.32 -1264 4459.3 75.364
3.2417 -1304.4 4405 117.24 -1307 4431.8 101.09 -1265.8 4472.1 75.296
3.25 -1307.7 4419 116.99 -1308.9 4445 100.87 -1267.6 4484.9 75.195
3.2583 -1310.9 4432.9 116.67 -1310.8 4458.1 100.65 -1269.3 4497.8 75.053
3.2667 -1314 4446.6 116.3 -1312.8 4471.1 100.45 -1271 4510.7 74.87
3.275 -1316.8 4460.3 115.88 -1314.7 4484 100.28 -1272.6 4523.5 74.649
3.2833 -1319.5 4473.7 115.42 -1316.7 4496.7 100.15 -1274.2 4536.4 74.399
3.2917 -1321.9 4486.9 114.95 -1318.7 4509.3 100.06 -1275.7 4549.3 74.133
3.3 -1324.1 4500 114.48 -1320.9 4521.8 100.03 -1277.3 4562.1 73.865
3.3083 -1326.2 4512.8 114.02 -1323.1 4534.2 100.04 -1278.8 4574.9 73.611
3.3167 -1328.1 4525.5 113.57 -1325.3 4546.4 100.09 -1280.5 4587.6 73.385
3.325 -1329.8 4538.1 113.14 -1327.7 4558.4 100.17 -1282.1 4600.2 73.199
3.3333 -1331.5 4550.6 112.73 -1330.1 4570.4 100.28 -1283.9 4612.7 73.06
3.3417 -1333 4562.9 112.33 -1332.6 4582.1 100.39 -1285.8 4625.2 72.97
3.35 -1334.5 4575.3 111.94 -1335.2 4593.7 100.51 -1287.7 4637.6 72.927
3.3583 -1336 4587.6 111.54 -1337.7 4605.1 100.62 -1289.8 4649.9 72.923
3.3667 -1337.4 4599.9 111.14 -1340.2 4616.4 100.71 -1292 4662.1 72.95
3.375 -1338.8 4612.1 110.74 -1342.7 4627.5 100.78 -1294.2 4674.3 72.995
3.3833 -1340.3 4624.2 110.31 -1345.2 4638.4 100.83 -1296.6 4686.4 73.047
3.3917 -1341.8 4636.3 109.87 -1347.6 4649.3 100.85 -1299 4698.5 73.095
3.4 -1343.3 4648.3 109.4 -1350 4660.2 100.84 -1301.5 4710.6 73.134
3.4083 -1344.8 4660.1 108.92 -1352.3 4670.9 100.82 -1304.1 4722.6 73.157
3.4167 -1346.4 4671.8 108.42 -1354.6 4681.7 100.79 -1306.7 4734.6 73.166
3.425 -1348.1 4683.4 107.9 -1356.8 4692.6 100.74 -1309.4 4746.5 73.163
3.4333 -1349.7 4694.9 107.37 -1359 4703.4 100.69 -1312 4758.4 73.153
3.4417 -1351.4 4706.3 106.83 -1361.2 4714.3 100.64 -1314.8 4770.2 73.141
3.45 -1353.1 4717.6 106.28 -1363.4 4725.3 100.6 -1317.5 4782 73.134
3.4583 -1354.8 4728.9 105.72 -1365.6 4736.4 100.55 -1320.3 4793.7 73.136
3.4667 -1356.5 4740.1 105.16 -1367.9 4747.5 100.5 -1323 4805.2 73.148
3.475 -1358.2 4751.4 104.58 -1370.2 4758.7 100.44 -1325.8 4816.7 73.169
3.4833 -1359.9 4762.7 104 -1372.5 4769.9 100.38 -1328.5 4828.2 73.196
3.4917 -1361.6 4774 103.39 -1374.9 4781.2 100.31 -1331.2 4839.5 73.222
3.5 -1363.3 4785.3 102.77 -1377.2 4792.4 100.22 -1333.9 4850.7 73.237
3.5083 -1365 4796.7 102.12 -1379.6 4803.7 100.11 -1336.5 4861.9 73.236
3.5167 -1366.8 4808 101.44 -1382 4815.1 99.992 -1339.1 4873 73.207
3.525 -1368.6 4819.4 100.74 -1384.4 4826.4 99.853 -1341.6 4884 73.147
3.5333 -1370.5 4830.8 100.03 -1386.8 4837.9 99.698 -1344.1 4895 73.052
3.5417 -1372.5 4842.1 99.314 -1389.1 4849.4 99.531 -1346.6 4906 72.921
3.55 -1374.5 4853.5 98.613 -1391.5 4861 99.355 -1349 4916.9 72.758
3.5583 -1376.6 4864.8 97.944 -1393.8 4872.6 99.173 -1351.4 4927.9 72.57
3.5667 -1378.7 4876.1 97.324 -1396.1 4884.4 98.988 -1353.7 4938.9 72.364
3.575 -1380.9 4887.3 96.766 -1398.3 4896.3 98.802 -1356.1 4949.8 72.149
3.5833 -1383.1 4898.6 96.279 -1400.6 4908.2 98.614 -1358.5 4960.8 71.933
3.5917 -1385.4 4910 95.862 -1402.9 4920.3 98.425 -1360.9 4971.9 71.723
3.6 -1387.7 4921.4 95.507 -1405.2 4932.4 98.231 -1363.3 4983 71.523
3.6083 -1390 4933 95.205 -1407.5 4944.5 98.033 -1365.7 4994.1 71.333
3.6167 -1392.4 4944.8 94.94 -1409.8 4956.8 97.828 -1368.2 5005.3 71.152
3.625 -1394.7 4956.7 94.702 -1412.1 4969 97.614 -1370.6 5016.6 70.976
3.6333 -1397.1 4968.7 94.481 -1414.4 4981.3 97.392 -1373.1 5027.9 70.798
3.6417 -1399.5 4980.9 94.273 -1416.7 4993.6 97.164 -1375.5 5039.3 70.613
3.65 -1401.9 4993.1 94.077 -1419.1 5005.9 96.933 -1378 5050.8 70.415
3.6583 -1404.4 5005.5 93.881 -1421.4 5018.3 96.704 -1380.4 5062.4 70.2
3.6667 -1406.8 5017.8 93.686 -1423.7 5030.6 96.483 -1382.8 5074 69.967
3.675 -1409.2 5030.3 93.483 -1426.1 5043 96.276 -1385.1 5085.7 69.717
3.6833 -1411.7 5042.8 93.269 -1428.4 5055.5 96.091 -1387.5 5097.6 69.453
3.6917 -1414.1 5055.4 93.043 -1430.7 5067.9 95.931 -1389.8 5109.5 69.18
3.7 -1416.6 5068.2 92.8 -1433 5080.4 95.801 -1392.1 5121.5 68.904
3.7083 -1419.1 5081.2 92.542 -1435.3 5092.8 95.702 -1394.4 5133.7 68.631
3.7167 -1421.7 5094.5 92.276 -1437.7 5105.3 95.633 -1396.6 5146 68.366
3.725 -1424.2 5108 92.007 -1440 5117.8 95.59 -1398.9 5158.3 68.111
3.7333 -1426.8 5121.7 91.75 -1442.4 5130.3 95.567 -1401.1 5170.8 67.865
3.7417 -1429.4 5135.7 91.511 -1444.8 5142.7 95.553 -1403.3 5183.4 67.626
3.75 -1432 5149.8 91.31 -1447.2 5155.2 95.539 -1405.5 5196 67.389
3.7583 -1434.6 5163.9 91.15 -1449.7 5167.7 95.513 -1407.6 5208.6 67.148
3.7667 -1437.2 5178.1 91.037 -1452.1 5180.3 95.462 -1409.7 5221.3 66.896
3.775 -1439.8 5192.2 90.974 -1454.6 5192.8 95.372 -1411.7 5233.9 66.629
3.7833 -1442.4 5206.1 90.954 -1457 5205.5 95.234 -1413.7 5246.5 66.341
3.7917 -1445 5219.8 90.967 -1459.3 5218.2 95.037 -1415.6 5258.9 66.033
3.8 -1447.5 5233.1 90.999 -1461.5 5231 94.774 -1417.4 5271.3 65.707
3.8083 -1450 5246.2 91.033 -1463.6 5243.9 94.441 -1419.2 5283.6 65.37
3.8167 -1452.4 5258.9 91.051 -1465.6 5256.9 94.038 -1421 5295.7 65.029
3.825 -1454.7 5271.3 91.034 -1467.5 5269.9 93.566 -1422.7 5307.7 64.695
3.8333 -1456.9 5283.3 90.969 -1469.1 5282.9 93.031 -1424.3 5319.7 64.379
3.8417 -1459 5295 90.851 -1470.6 5295.9 92.439 -1425.9 5331.6 64.092
3.85 -1460.9 5306.5 90.68 -1471.9 5308.9 91.802 -1427.5 5343.6 63.843
3.8583 -1462.8 5317.8 90.463 -1473 5321.8 91.129 -1428.9 5355.6 63.636
3.8667 -1464.5 5328.9 90.211 -1474 5334.6 90.43 -1430.3 5367.6 63.475
3.875 -1466.1 5340 89.935 -1474.8 5347.2 89.718 -1431.6 5379.9 63.357
3.8833 -1467.7 5351 89.647 -1475.5 5359.7 88.999 -1432.8 5392.2 63.278
3.8917 -1469 5362.1 89.36 -1476.1 5372 88.285 -1433.8 5404.8 63.227
3.9 -1470.2 5373.1 89.088 -1476.5 5384.2 87.58 -1434.6 5417.5 63.194
3.9083 -1471.2 5384.1 88.841 -1476.9 5396.3 86.887 -1435.1 5430.4 63.166
3.9167 -1472 5395.1 88.627 -1477.2 5408.2 86.209 -1435.5 5443.4 63.13
3.925 -1472.6 5406.2 88.452 -1477.4 5420 85.544 -1435.7 5456.5 63.076
3.9333 -1472.9 5417.2 88.316 -1477.5 5431.8 84.891 -1435.6 5469.7 62.995
3.9417 -1473.1 5428.2 88.219 -1477.5 5443.5 84.246 -1435.2 5482.8 62.881
3.95 -1473 5439.1 88.159 -1477.5 5455.2 83.605 -1434.7 5496 62.731
3.9583 -1472.8 5450 88.127 -1477.4 5466.9 82.962 -1434 5509.1 62.546
3.9667 -1472.4 5460.8 88.12 -1477.2 5478.6 82.316 -1433.1 5522 62.328
3.975 -1472 5471.5 88.129 -1476.9 5490.3 81.665 -1432.1 5534.8 62.081
3.9833 -1471.4 5482.2 88.147 -1476.5 5502 81.013 -1431 5547.4 61.809
3.9917 -1470.9 5492.9 88.176 -1476.1 5513.8 80.355 -1429.8 5559.9 61.516
4 -1470.4 5503.5 88.205 -1475.6 5525.5 79.702 -1428.6 5572.2 61.207
4.0083 -1469.9 5514 88.234 -1475 5537.2 79.061 -1427.3 5584.4 60.885
4.0167 -1469.4 5524.5 88.265 -1474.4 5548.9 78.438 -1425.9 5596.4 60.551
4.025 -1468.9 5535 88.297 -1473.7 5560.7 77.841 -1424.5 5608.3 60.207
4.0333 -1468.5 5545.5 88.334 -1472.9 5572.5 77.276 -1423 5620.1 59.856
4.0417 -1468 5556.1 88.378 -1472 5584.3 76.751 -1421.5 5631.9 59.498
4.05 -1467.5 5566.6 88.43 -1471.1 5596.1 76.267 -1419.9 5643.6 59.138
4.0583 -1467 5577.3 88.492 -1470.1 5608 75.828 -1418.2 5655.2 58.78
4.0667 -1466.3 5588 88.561 -1469 5619.9 75.432 -1416.5 5666.9 58.427
4.075 -1465.6 5598.7 88.632 -1467.8 5631.9 75.078 -1414.7 5678.5 58.088
4.0833 -1464.8 5609.6 88.699 -1466.5 5643.9 74.761 -1412.8 5690.2 57.766
4.0917 -1463.8 5620.6 88.755 -1465.2 5655.9 74.48 -1410.8 5701.9 57.47
4.1 -1462.6 5631.6 88.794 -1463.8 5668 74.229 -1408.8 5713.5 57.203
4.1083 -1461.4 5642.8 88.811 -1462.2 5680 74.006 -1406.7 5725.3 56.969
4.1167 -1459.9 5654.1 88.804 -1460.6 5692.1 73.807 -1404.6 5737 56.768
4.125 -1458.3 5665.5 88.776 -1458.9 5704.1 73.632 -1402.5 5748.8 56.598
4.1333 -1456.6 5677 88.73 -1457.1 5716 73.479 -1400.2 5760.6 56.454
4.1417 -1454.7 5688.7 88.679 -1455.2 5728 73.348 -1398 5772.4 56.329
4.15 -1452.7 5700.6 88.619 -1453.1 5739.9 73.24 -1395.6 5784.2 56.214
4.1583 -1450.6 5712.6 88.555 -1451 5751.7 73.153 -1393.2 5796 56.1
4.1667 -1448.5 5724.7 88.494 -1448.6 5763.6 73.086 -1390.6 5807.8 55.978
4.175 -1446.4 5736.9 88.433 -1446.2 5775.4 73.036 -1388 5819.6 55.842
4.1833 -1444.3 5749.2 88.375 -1443.6 5787.2 72.998 -1385.2 5831.3 55.685
4.1917 -1442.1 5761.6 88.322 -1440.8 5799.1 72.967 -1382.2 5843.1 55.509
4.2 -1440 5774 88.274 -1437.9 5811 72.936 -1379.1 5854.8 55.313
4.2083 -1437.8 5786.6 88.229 -1434.8 5822.9 72.897 -1375.9 5866.5 55.106
4.2167 -1435.7 5799.3 88.181 -1431.6 5834.9 72.844 -1372.5 5878.2 54.893
4.225 -1433.5 5812.1 88.124 -1428.2 5847 72.769 -1369 5889.9 54.685
4.2333 -1431.3 5825.1 88.043 -1424.6 5859.1 72.669 -1365.3 5901.6 54.491
4.2417 -1429 5838.1 87.923 -1420.9 5871.3 72.543 -1361.6 5913.4 54.32
4.25 -1426.7 5851.3 87.753 -1417.2 5883.5 72.387 -1357.7 5925.1 54.178
4.2583 -1424.2 5864.5 87.514 -1413.3 5895.7 72.208 -1353.7 5936.9 54.067
4.2667 -1421.8 5877.8 87.199 -1409.3 5907.9 72.005 -1349.7 5948.8 53.986
4.275 -1419.2 5891 86.8 -1405.3 5920.1 71.79 -1345.6 5960.7 53.931
4.2833 -1416.5 5904.1 86.318 -1401.3 5932.3 71.567 -1341.4 5972.6 53.892
4.2917 -1413.6 5917 85.757 -1397.3 5944.4 71.346 -1337.1 5984.5 53.858
4.3 -1410.7 5929.7 85.131 -1393.3 5956.5 71.132 -1332.9 5996.3 53.818
4.3083 -1407.6 5942.2 84.451 -1389.4 5968.5 70.933 -1328.5 6008.2 53.76
4.3167 -1404.3 5954.4 83.734 -1385.5 5980.5 70.75 -1324.2 6019.9 53.672
4.325 -1401 5966.2 82.996 -1381.8 5992.4 70.588 -1319.8 6031.6 53.549
4.3333 -1397.5 5977.8 82.255 -1378.1 6004.3 70.446 -1315.4 6043.3 53.386
4.3417 -1394 5989.1 81.523 -1374.5 6016 70.323 -1311 6054.8 53.184
4.35 -1390.3 6000.1 80.808 -1371.1 6027.7 70.214 -1306.6 6066.3 52.947
4.3583 -1386.6 6010.9 80.115 -1367.8 6039.2 70.115 -1302.3 6077.7 52.683
4.3667 -1382.9 6021.5 79.442 -1364.6 6050.6 70.02 -1298 6089 52.402
4.375 -1379 6032 78.784 -1361.5 6061.9 69.922 -1293.9 6100.3 52.114
4.3833 -1375.1 6042.5 78.135 -1358.5 6073 69.818 -1289.8 6111.6 51.831
4.3917 -1371.1 6052.9 77.488 -1355.6 6084 69.699 -1285.8 6122.9 51.56
4.4 -1367.1 6063.3 76.834 -1352.8 6094.8 69.562 -1281.9 6134.2 51.31
4.4083 -1363 6073.6 76.164 -1350 6105.5 69.405 -1278.1 6145.5 51.086
4.4167 -1358.9 6083.9 75.465 -1347.3 6116.2 69.227 -1274.4 6156.9 50.89
4.425 -1354.8 6094.1 74.737 -1344.5 6126.7 69.026 -1270.8 6168.2 50.723
4.4333 -1350.7 6104.3 73.973 -1341.7 6137.1 68.805 -1267.3 6179.5 50.582
4.4417 -1346.6 6114.4 73.175 -1338.8 6147.6 68.569 -1263.9 6190.8 50.467
4.45 -1342.7 6124.4 72.348 -1335.9 6158 68.318 -1260.6 6202.1 50.373
4.4583 -1338.8 6134.4 71.499 -1332.8 6168.5 68.057 -1257.4 6213.3 50.298
4.4667 -1335 6144.2 70.639 -1329.6 6179 67.79 -1254.2 6224.5 50.24
4.475 -1331.3 6153.9 69.779 -1326.3 6189.6 67.52 -1251.1 6235.6 50.199
4.4833 -1327.7 6163.6 68.931 -1323 6200.2 67.248 -1248.1 6246.7 50.173
4.4917 -1324.2 6173.3 68.104 -1319.5 6211 66.977 -1245.1 6257.7 50.163
4.5 -1320.7 6182.9 67.307 -1315.9 6221.8 66.707 -1242.2 6268.6 50.168
4.5083 -1317.2 6192.6 66.541 -1312.2 6232.6 66.437 -1239.3 6279.5 50.186
4.5167 -1313.6 6202.3 65.809 -1308.5 6243.6 66.168 -1236.3 6290.4 50.217
4.525 -1310.1 6212 65.105 -1304.8 6254.5 65.898 -1233.4 6301.3 50.257
4.5333 -1306.5 6221.9 64.426 -1301 6265.5 65.626 -1230.4 6312.2 50.301
4.5417 -1302.8 6231.9 63.764 -1297.2 6276.4 65.35 -1227.4 6323.1 50.345
4.55 -1299.1 6241.9 63.115 -1293.4 6287.4 65.071 -1224.3 6334 50.381
4.5583 -1295.4 6252.1 62.476 -1289.6 6298.4 64.788 -1221.2 6344.9 50.405
4.5667 -1291.6 6262.4 61.849 -1285.8 6309.4 64.502 -1217.9 6355.9 50.41
4.575 -1287.8 6272.7 61.238 -1281.9 6320.4 64.215 -1214.5 6366.8 50.392
4.5833 -1284.1 6283.2 60.651 -1278.1 6331.4 63.929 -1211 6377.8 50.348
4.5917 -1280.4 6293.7 60.096 -1274.1 6342.5 63.647 -1207.4 6388.8 50.279
4.6 -1276.7 6304.3 59.586 -1270.2 6353.6 63.373 -1203.8 6399.8 50.186
4.6083 -1273 6315 59.128 -1266.1 6364.8 63.111 -1200 6410.8 50.072
4.6167 -1269.3 6325.7 58.725 -1262 6376.1 62.865 -1196.2 6421.9 49.943
4.625 -1265.6 6336.6 58.378 -1257.9 6387.4 62.638 -1192.3 6433 49.804
4.6333 -1261.8 6347.5 58.079 -1253.6 6398.9 62.434 -1188.4 6444.2 49.661
4.6417 -1258 6358.6 57.819 -1249.4 6410.4 62.254 -1184.5 6455.4 49.521
4.65 -1254 6369.8 57.585 -1245 6422 62.1 -1180.5 6466.7 49.389
4.6583 -1249.9 6381.2 57.362 -1240.7 6433.7 61.972 -1176.6 6478.1 49.268
4.6667 -1245.6 6392.7 57.14 -1236.3 6445.4 61.871 -1172.7 6489.5 49.161
4.675 -1241.2 6404.4 56.911 -1231.9 6457.2 61.794 -1168.7 6501 49.068
4.6833 -1236.7 6416.3 56.67 -1227.5 6469 61.739 -1164.9 6512.6 48.99
4.6917 -1232.1 6428.2 56.41 -1223.1 6480.8 61.706 -1161 6524.3 48.924
4.7 -1227.4 6440.3 56.128 -1218.6 6492.7 61.691 -1157.1 6536 48.869
4.7083 -1222.7 6452.5 55.828 -1214.2 6504.7 61.691 -1153.3 6547.7 48.822
4.7167 -1217.9 6464.7 55.508 -1209.7 6516.8 61.705 -1149.4 6559.5 48.779
4.725 -1213.1 6477.1 55.175 -1205.2 6528.9 61.73 -1145.6 6571.4 48.738
4.7333 -1208.3 6489.6 54.838 -1200.7 6541.2 61.763 -1141.7 6583.3 48.697
4.7417 -1203.4 6502.2 54.513 -1196.2 6553.6 61.802 -1137.8 6595.3 48.653
4.75 -1198.5 6515 54.214 -1191.6 6566.1 61.845 -1133.9 6607.3 48.603
4.7583 -1193.4 6527.9 53.959 -1187.1 6578.8 61.891 -1129.9 6619.3 48.546
4.7667 -1188.3 6540.8 53.767 -1182.4 6591.6 61.937 -1125.9 6631.5 48.482
4.775 -1183.1 6553.9 53.653 -1177.8 6604.5 61.984 -1121.8 6643.6 48.411
4.7833 -1177.7 6567 53.628 -1173.1 6617.6 62.031 -1117.7 6655.8 48.332
4.7917 -1172.2 6580 53.703 -1168.4 6630.7 62.076 -1113.5 6668 48.248
4.8 -1166.7 6593.1 53.877 -1163.6 6643.9 62.118 -1109.3 6680.3 48.161
4.8083 -1161.1 6606.2 54.146 -1158.8 6657.1 62.156 -1105.1 6692.5 48.075
4.8167 -1155.5 6619.2 54.494 -1154 6670.2 62.192 -1100.9 6704.8 47.996
4.825 -1149.9 6632.1 54.907 -1149.1 6683.2 62.224 -1096.6 6717 47.928
4.8333 -1144.5 6644.9 55.364 -1144.2 6696.2 62.25 -1092.3 6729.3 47.879
4.8417 -1139.1 6657.6 55.84 -1139.3 6708.9 62.27 -1088.1 6741.5 47.853
4.85 -1134 6670.1 56.315 -1134.3 6721.5 62.281 -1083.8 6753.6 47.856
4.8583 -1129 6682.5 56.765 -1129.2 6733.8 62.281 -1079.4 6765.7 47.891
4.8667 -1124.2 6694.7 57.176 -1124.1 6745.8 62.268 -1075.1 6777.7 47.959
4.875 -1119.6 6706.6 57.538 -1119 6757.6 62.238 -1070.7 6789.6 48.059
4.8833 -1115.2 6718.4 57.849 -1113.8 6769.2 62.189 -1066.2 6801.5 48.188
4.8917 -1110.9 6730 58.115 -1108.6 6780.4 62.115 -1061.6 6813.2 48.339
4.9 -1106.6 6741.4 58.342 -1103.4 6791.4 62.016 -1056.8 6824.8 48.503
4.9083 -1102.3 6752.6 58.541 -1098.1 6802.1 61.889 -1052 6836.3 48.672
4.9167 -1098.1 6763.7 58.724 -1092.9 6812.6 61.733 -1046.9 6847.7 48.834
4.925 -1093.7 6774.6 58.895 -1087.8 6822.8 61.547 -1041.7 6858.9 48.979
4.9333 -1089.2 6785.4 59.069 -1082.6 6832.9 61.332 -1036.4 6869.9 49.097
4.9417 -1084.6 6796.1 59.251 -1077.5 6842.8 61.091 -1030.9 6880.8 49.18
4.95 -1079.8 6806.7 59.444 -1072.3 6852.6 60.825 -1025.2 6891.5 49.224
4.9583 -1074.9 6817.1 59.653 -1067.2 6862.3 60.538 -1019.4 6902 49.225
4.9667 -1069.9 6827.5 59.875 -1062.1 6872 60.232 -1013.5 6912.4 49.183
4.975 -1064.7 6837.8 60.109 -1057 6881.6 59.91 -1007.6 6922.7 49.101
4.9833 -1059.5 6848 60.352 -1051.9 6891.1 59.574 -1001.6 6932.7 48.983
4.9917 -1054.1 6858.1 60.599 -1046.8 6900.7 59.227 -995.58 6942.7 48.836
5 -1048.7 6868.1 60.851 -1041.6 6910.3 58.869 -989.55 6952.5 48.666
5.0083 -1043.2 6878.1 61.105 -1036.3 6919.9 58.502 -983.52 6962.2 48.482
5.0167 -1037.7 6888 61.363 -1031 6929.6 58.127 -977.51 6971.8 48.288
5.025 -1032.2 6897.9 61.628 -1025.6 6939.2 57.746 -971.51 6981.2 48.09
5.0333 -1026.7 6907.7 61.903 -1020.2 6948.9 57.36 -965.53 6990.6 47.894
5.0417 -1021.2 6917.5 62.189 -1014.7 6958.6 56.972 -959.56 7000 47.702
5.05 -1015.7 6927.2 62.488 -1009.1 6968.4 56.586 -953.6 7009.2 47.514
5.0583 -1010.1 6937 62.801 -1003.5 6978.1 56.206 -947.64 7018.5 47.334
5.0667 -1004.6 6946.7 63.124 -997.86 6987.8 55.838 -941.67 7027.6 47.159
5.075 -999.02 6956.4 63.454 -992.15 6997.6 55.486 -935.7 7036.8 46.989
