0.0083333 34.819 0.39267 93.802 17.494 95.15 85.426 38.179 183.09 85.503
0.016667 35.849 9.2303 93.788 19.326 103.83 85.435 39.938 192.71 85.693
0.025 36.893 18.236 93.746 21.206 112.65 85.431 41.718 202.42 85.889
0.033333 37.962 27.383 93.675 23.122 121.6 85.418 43.512 212.22 86.087
0.041667 39.068 36.644 93.574 25.059 130.67 85.4 45.316 222.06 86.282
0.05 40.227 45.994 93.445 26.997 139.83 85.38 47.121 231.91 86.47
0.058333 41.449 55.407 93.292 28.916 149.06 85.364 48.92 241.74 86.647
0.066667 42.745 64.861 93.121 30.794 158.33 85.36 50.701 251.49 86.807
0.075 44.122 74.336 92.936 32.608 167.61 85.374 52.452 261.15 86.947
0.083333 45.581 83.819 92.743 34.338 176.88 85.412 54.16 270.68 87.065
0.091667 47.115 93.293 92.546 35.967 186.1 85.481 55.81 280.07 87.16
0.1 48.71 102.75 92.35 37.481 195.26 85.585 57.386 289.32 87.235
0.10833 50.347 112.17 92.156 38.871 204.33 85.726 58.872 298.43 87.291
0.11667 52.003 121.55 91.966 40.129 213.31 85.907 60.251 307.43 87.332
0.125 53.652 130.88 91.781 41.254 222.18 86.125 61.51 316.33 87.365
0.13333 55.271 140.15 91.598 42.248 230.95 86.377 62.634 325.18 87.394
0.14167 56.841 149.36 91.416 43.115 239.63 86.661 63.612 334 87.427
0.15 58.348 158.5 91.233 43.858 248.21 86.968 64.431 342.83 87.467
0.15833 59.782 167.58 91.044 44.485 256.71 87.293 65.085 351.69 87.52
0.16667 61.133 176.6 90.848 45.002 265.14 87.632 65.564 360.61 87.591
0.175 62.394 185.57 90.646 45.413 273.53 87.978 65.865 369.6 87.68
0.18333 63.556 194.49 90.438 45.724 281.89 88.326 65.981 378.66 87.791
0.19167 64.613 203.37 90.229 45.939 290.22 88.675 65.911 387.81 87.924
0.2 65.563 212.22 90.025 46.06 298.56 89.022 65.651 397.02 88.079
0.20833 66.397 221.04 89.829 46.09 306.9 89.367 65.2 406.29 88.256
0.21667 67.115 229.82 89.651 46.03 315.26 89.709 64.557 415.61 88.455
0.225 67.705 238.59 89.495 45.884 323.64 90.051 63.722 424.95 88.674
0.23333 68.163 247.33 89.368 45.652 332.06 90.392 62.695 434.3 88.914
0.24167 68.479 256.05 89.276 45.337 340.52 90.735 61.48 443.64 89.173
0.25 68.637 264.74 89.217 44.94 349.01 91.078 60.08 452.97 89.453
0.25833 68.64 273.39 89.194 44.463 357.55 91.422 58.501 462.27 89.751
0.26667 68.485 282.02 89.202 43.908 366.14 91.764 56.751 471.54 90.067
0.275 68.18 290.61 89.237 43.274 374.78 92.104 54.84 480.78 90.399
0.28333 67.731 299.17 89.294 42.56 383.46 92.437 52.78 489.98 90.746
0.29167 67.171 307.72 89.361 41.765 392.2 92.763 50.586 499.15 91.105
0.3 66.515 316.25 89.432 40.886 401 93.077 48.271 508.28 91.473
0.30833 65.789 324.78 89.505 39.92 409.85 93.378 45.852 517.39 91.847
0.31667 65.017 333.31 89.569 38.864 418.77 93.664 43.346 526.47 92.226
0.325 64.219 341.87 89.621 37.716 427.75 93.935 40.768 535.52 92.605
0.33333 63.412 350.45 89.657 36.475 436.79 94.192 38.135 544.54 92.983
0.34167 62.604 359.09 89.676 35.142 445.89 94.436 35.459 553.55 93.357
0.35 61.797 367.77 89.68 33.717 455.04 94.667 32.754 562.55 93.728
0.35833 60.987 376.52 89.668 32.203 464.24 94.889 30.028 571.54 94.093
0.36667 60.162 385.33 89.647 30.605 473.48 95.102 27.289 580.53 94.453
0.375 59.315 394.2 89.62 28.928 482.76 95.309 24.542 589.53 94.808
0.38333 58.432 403.15 89.593 27.174 492.06 95.509 21.788 598.55 95.157
0.39167 57.502 412.16 89.573 25.348 501.38 95.703 19.026 607.61 95.501
0.4 56.52 421.24 89.565 23.451 510.72 95.89 16.253 616.71 95.84
0.40833 55.471 430.38 89.572 21.485 520.08 96.067 13.461 625.85 96.172
0.41667 54.358 439.58 89.596 19.448 529.45 96.231 10.645 635.06 96.498
0.425 53.171 448.87 89.639 17.338 538.85 96.38 7.7929 644.32 96.816
0.43333 51.916 458.23 89.701 15.153 548.26 96.512 4.8947 653.63 97.128
0.44167 50.583 467.69 89.778 12.889 557.72 96.625 1.938 662.99 97.433
0.45 49.172 477.25 89.869 10.546 567.23 96.72 -1.0892 672.4 97.732
0.45833 47.689 486.92 89.971 8.1187 576.8 96.799 -4.2 681.83 98.025
0.46667 46.119 496.7 90.083 5.6056 586.45 96.866 -7.4058 691.29 98.316
0.475 44.466 506.62 90.202 3.0029 596.2 96.929 -10.718 700.76 98.603
0.48333 42.727 516.67 90.326 0.30621 606.06 96.993 -14.146 710.24 98.89
0.49167 40.901 526.86 90.455 -2.4881 616.04 97.067 -17.699 719.74 99.178
0.5 38.988 537.2 90.581 -5.3938 626.15 97.158 -21.383 729.26 99.465
0.50833 36.981 547.73 90.708 -8.4122 636.38 97.271 -25.202 738.81 99.752
0.51667 34.881 558.44 90.833 -11.556 646.75 97.411 -29.161 748.42 100.04
0.525 32.689 569.36 90.955 -14.835 657.24 97.581 -33.261 758.11 100.32
0.53333 30.4 580.51 91.078 -18.261 667.86 97.782 -37.501 767.91 100.59
0.54167 28.012 591.9 91.205 -21.843 678.61 98.013 -41.882 777.84 100.86
0.55 25.533 603.53 91.342 -25.589 689.49 98.275 -46.403 787.93 101.11
0.55833 22.963 615.39 91.499 -29.501 700.49 98.564 -51.059 798.2 101.35
0.56667 20.301 627.47 91.686 -33.578 711.63 98.877 -55.85 808.67 101.57
0.575 17.552 639.75 91.912 -37.81 722.9 99.213 -60.77 819.33 101.78
0.58333 14.717 652.18 92.19 -42.183 734.31 99.569 -65.817 830.19 101.99
0.59167 11.78 664.74 92.527 -46.675 745.83 99.942 -70.984 841.23 102.19
0.6 8.7468 677.37 92.931 -51.257 757.47 100.33 -76.264 852.44 102.39
0.60833 5.6058 690.02 93.404 -55.896 769.19 100.74 -81.647 863.78 102.61
0.61667 2.3511 702.65 93.948 -60.559 780.98 101.16 -87.12 875.22 102.84
0.625 -1.0113 715.21 94.559 -65.21 792.8 101.6 -92.669 886.72 103.1
0.63333 -4.4869 727.66 95.231 -69.815 804.61 102.05 -98.275 898.26 103.39
0.64167 -8.0676 739.97 95.954 -74.346 816.36 102.52 -103.92 909.79 103.71
0.65 -11.746 752.1 96.714 -78.78 828.02 102.99 -109.57 921.28 104.05
0.65833 -15.513 764.04 97.496 -83.101 839.53 103.48 -115.21 932.71 104.43
0.66667 -19.35 775.79 98.285 -87.303 850.87 103.98 -120.81 944.05 104.82
0.675 -23.254 787.35 99.072 -91.386 861.99 104.47 -126.35 955.3 105.22
0.68333 -27.216 798.73 99.849 -95.36 872.9 104.96 -131.8 966.43 105.62
0.69167 -31.233 809.96 100.61 -99.238 883.58 105.44 -137.14 977.45 106.01
0.7 -35.297 821.06 101.37 -103.04 894.03 105.91 -142.36 988.37 106.39
0.70833 -39.398 832.03 102.11 -106.79 904.29 106.36 -147.45 999.17 106.74
0.71667 -43.52 842.88 102.85 -110.5 914.37 106.78 -152.41 1009.9 107.06
0.725 -47.655 853.62 103.58 -114.19 924.31 107.19 -157.22 1020.5 107.36
0.73333 -51.786 864.26 104.3 -117.89 934.15 107.57 -161.92 1031 107.62
0.74167 -55.908 874.81 105.04 -121.6 943.93 107.93 -166.5 1041.5 107.85
0.75 -60.007 885.27 105.78 -125.33 953.67 108.27 -170.98 1051.9 108.06
0.75833 -64.082 895.67 106.53 -129.09 963.42 108.59 -175.39 1062.3 108.25
0.76667 -68.125 906.02 107.28 -132.88 973.18 108.9 -179.74 1072.6 108.43
0.775 -72.137 916.33 108.05 -136.7 982.98 109.2 -184.06 1082.9 108.6
0.78333 -76.11 926.64 108.82 -140.54 992.82 109.5 -188.36 1093.1 108.76
0.79167 -80.047 936.95 109.58 -144.42 1002.7 109.78 -192.66 1103.4 108.93
0.8 -83.949 947.28 110.35 -148.31 1012.6 110.07 -196.96 1113.6 109.1
0.80833 -87.823 957.63 111.1 -152.23 1022.6 110.35 -201.29 1123.8 109.27
0.81667 -91.677 968.01 111.84 -156.18 1032.6 110.64 -205.64 1134 109.45
0.825 -95.519 978.4 112.57 -160.15 1042.6 110.92 -210.01 1144.2 109.64
0.83333 -99.356 988.8 113.29 -164.14 1052.7 111.19 -214.39 1154.4 109.82
0.84167 -103.2 999.18 114.01 -168.17 1062.7 111.47 -218.79 1164.6 110.01
0.85 -107.04 1009.5 114.72 -172.24 1072.8 111.75 -223.18 1174.7 110.19
0.85833 -110.9 1019.8 115.43 -176.35 1082.9 112.03 -227.58 1184.8 110.38
0.86667 -114.77 1030.1 116.15 -180.5 1092.9 112.31 -231.96 1194.9 110.55
0.875 -118.65 1040.3 116.89 -184.7 1103 112.6 -236.33 1205 110.72
0.88333 -122.54 1050.5 117.64 -188.94 1113.1 112.89 -240.67 1215 110.87
0.89167 -126.43 1060.7 118.41 -193.24 1123.2 113.19 -245 1225.1 111.01
0.9 -130.32 1070.8 119.2 -197.57 1133.3 113.5 -249.3 1235.1 111.14
0.90833 -134.21 1081.1 120.01 -201.95 1143.4 113.82 -253.59 1245.1 111.25
0.91667 -138.09 1091.4 120.83 -206.37 1153.6 114.15 -257.86 1255.1 111.34
0.925 -141.95 1101.8 121.65 -210.82 1163.7 114.5 -262.12 1265.1 111.42
0.93333 -145.81 1112.5 122.46 -215.32 1173.8 114.85 -266.37 1275.1 111.48
0.94167 -149.67 1123.2 123.26 -219.84 1183.9 115.21 -270.61 1285.2 111.52
0.95 -153.52 1134.2 124.02 -224.4 1194.1 115.57 -274.85 1295.2 111.56
0.95833 -157.37 1145.4 124.75 -228.99 1204.3 115.94 -279.07 1305.3 111.58
0.96667 -161.24 1156.7 125.43 -233.62 1214.6 116.31 -283.29 1315.4 111.6
0.975 -165.15 1168.2 126.06 -238.28 1224.8 116.67 -287.5 1325.6 111.61
0.98333 -169.1 1179.9 126.63 -242.97 1235.2 117.03 -291.68 1335.7 111.62
0.99167 -173.12 1191.6 127.14 -247.7 1245.6 117.38 -295.85 1345.9 111.64
1 -177.23 1203.3 127.6 -252.44 1256.1 117.73 -300 1356.1 111.65
1.0083 -181.44 1215.1 128 -257.21 1266.6 118.07 -304.14 1366.4 111.66
1.0167 -185.74 1226.9 128.34 -261.99 1277.2 118.39 -308.26 1376.7 111.68
1.025 -190.14 1238.7 128.63 -266.76 1287.8 118.71 -312.37 1387.1 111.69
1.0333 -194.62 1250.5 128.88 -271.51 1298.5 119.01 -316.5 1397.5 111.71
1.0417 -199.21 1262.4 129.08 -276.24 1309.2 119.29 -320.64 1408 111.73
1.05 -203.89 1274.2 129.26 -280.92 1319.9 119.57 -324.81 1418.6 111.75
1.0583 -208.68 1286.1 129.42 -285.56 1330.7 119.83 -329.03 1429.2 111.78
1.0667 -213.61 1298 129.56 -290.13 1341.6 120.08 -333.31 1440 111.81
1.075 -218.7 1309.9 129.7 -294.64 1352.5 120.31 -337.65 1450.9 111.84
1.0833 -223.96 1321.9 129.83 -299.1 1363.4 120.53 -342.07 1461.8 111.89
1.0917 -229.4 1333.9 129.97 -303.51 1374.4 120.74 -346.55 1472.9 111.94
1.1 -235.03 1345.9 130.11 -307.89 1385.5 120.95 -351.1 1484 112.01
1.1083 -240.82 1357.9 130.26 -312.28 1396.7 121.15 -355.7 1495.2 112.09
1.1167 -246.75 1369.8 130.4 -316.68 1408 121.35 -360.35 1506.4 112.19
1.125 -252.77 1381.6 130.55 -321.13 1419.4 121.56 -365.02 1517.6 112.29
1.1333 -258.84 1393.4 130.69 -325.67 1430.8 121.79 -369.71 1528.8 112.39
1.1417 -264.92 1405 130.83 -330.31 1442.3 122.03 -374.39 1539.9 112.49
1.15 -270.95 1416.4 130.98 -335.07 1453.8 122.3 -379.06 1551 112.58
1.1583 -276.91 1427.7 131.14 -339.98 1465.2 122.6 -383.72 1562.1 112.66
1.1667 -282.78 1438.9 131.33 -345.03 1476.5 122.93 -388.37 1573 112.71
1.175 -288.57 1449.9 131.54 -350.23 1487.7 123.3 -393.01 1583.9 112.74
1.1833 -294.27 1460.7 131.79 -355.56 1498.7 123.71 -397.67 1594.6 112.73
1.1917 -299.91 1471.3 132.08 -361.01 1509.5 124.16 -402.36 1605.3 112.7
1.2 -305.52 1481.9 132.41 -366.55 1520 124.64 -407.1 1615.8 112.64
1.2083 -311.12 1492.3 132.77 -372.17 1530.3 125.16 -411.93 1626.2 112.55
1.2167 -316.73 1502.5 133.16 -377.83 1540.4 125.7 -416.87 1636.6 112.44
1.225 -322.37 1512.7 133.57 -383.52 1550.1 126.27 -421.94 1646.8 112.33
1.2333 -328.05 1522.9 133.97 -389.24 1559.7 126.86 -427.16 1657 112.2
1.2417 -333.78 1532.9 134.36 -394.96 1569.1 127.47 -432.54 1667 112.08
1.25 -339.56 1542.8 134.73 -400.71 1578.3 128.1 -438.09 1677 111.97
1.2583 -345.42 1552.7 135.06 -406.48 1587.4 128.73 -443.81 1686.9 111.87
1.2667 -351.35 1562.3 135.33 -412.29 1596.4 129.38 -449.69 1696.7 111.78
1.275 -357.38 1571.8 135.55 -418.15 1605.3 130.04 -455.72 1706.5 111.69
1.2833 -363.5 1581.1 135.71 -424.09 1614.2 130.71 -461.89 1716.1 111.62
1.2917 -369.72 1590.2 135.82 -430.11 1623 131.38 -468.18 1725.6 111.54
1.3 -376.07 1599.1 135.88 -436.24 1631.8 132.05 -474.57 1734.9 111.46
1.3083 -382.53 1607.8 135.91 -442.49 1640.6 132.72 -481.05 1744.2 111.38
1.3167 -389.11 1616.4 135.91 -448.85 1649.3 133.38 -487.59 1753.3 111.28
1.325 -395.8 1624.8 135.91 -455.32 1658 134.04 -494.19 1762.3 111.17
1.3333 -402.59 1633.1 135.9 -461.89 1666.7 134.69 -500.83 1771.2 111.04
1.3417 -409.45 1641.3 135.89 -468.55 1675.3 135.31 -507.49 1779.9 110.89
1.35 -416.35 1649.5 135.9 -475.31 1683.8 135.9 -514.19 1788.5 110.73
1.3583 -423.26 1657.7 135.9 -482.14 1692.3 136.46 -520.89 1797 110.56
1.3667 -430.17 1665.8 135.91 -489.04 1700.7 136.97 -527.62 1805.3 110.38
1.375 -437.05 1674 135.91 -495.99 1709.1 137.45 -534.35 1813.5 110.19
1.3833 -443.9 1682.1 135.9 -503.01 1717.5 137.88 -541.09 1821.6 110
1.3917 -450.7 1690.3 135.86 -510.09 1725.9 138.26 -547.85 1829.6 109.81
1.4 -457.47 1698.5 135.8 -517.24 1734.3 138.59 -554.61 1837.5 109.62
1.4083 -464.23 1706.7 135.71 -524.45 1742.6 138.88 -561.39 1845.3 109.43
1.4167 -471 1715 135.6 -531.74 1751 139.12 -568.19 1853.1 109.24
1.425 -477.8 1723.3 135.47 -539.11 1759.4 139.33 -575 1860.8 109.04
1.4333 -484.67 1731.6 135.33 -546.55 1767.9 139.49 -581.84 1868.5 108.84
1.4417 -491.63 1740 135.19 -554.07 1776.3 139.63 -588.71 1876.2 108.63
1.45 -498.7 1748.4 135.06 -561.66 1784.7 139.73 -595.62 1883.9 108.4
1.4583 -505.89 1756.8 134.96 -569.32 1793.1 139.81 -602.56 1891.6 108.17
1.4667 -513.22 1765.3 134.88 -577.04 1801.5 139.86 -609.54 1899.3 107.92
1.475 -520.7 1773.8 134.82 -584.81 1809.9 139.89 -616.57 1907 107.66
1.4833 -528.33 1782.3 134.78 -592.63 1818.3 139.91 -623.65 1914.8 107.39
1.4917 -536.12 1790.8 134.75 -600.51 1826.6 139.91 -630.77 1922.6 107.12
1.5 -544.07 1799.2 134.73 -608.43 1834.9 139.88 -637.93 1930.4 106.83
1.5083 -552.18 1807.7 134.71 -616.41 1843.2 139.85 -645.13 1938.3 106.54
1.5167 -560.44 1816.1 134.67 -624.44 1851.5 139.79 -652.38 1946.1 106.25
1.525 -568.82 1824.5 134.61 -632.54 1859.7 139.72 -659.66 1953.8 105.96
1.5333 -577.33 1832.9 134.54 -640.7 1868 139.62 -666.98 1961.6 105.66
1.5417 -585.96 1841.1 134.45 -648.94 1876.3 139.51 -674.34 1969.3 105.35
1.55 -594.72 1849.4 134.33 -657.25 1884.5 139.39 -681.73 1977.1 105.04
1.5583 -603.64 1857.6 134.19 -665.64 1892.8 139.25 -689.17 1984.8 104.72
1.5667 -612.74 1865.8 134.03 -674.11 1901 139.09 -696.66 1992.5 104.39
1.575 -622.04 1874 133.86 -682.64 1909.3 138.93 -704.2 2000.2 104.03
1.5833 -631.56 1882.3 133.69 -691.24 1917.5 138.76 -711.79 2008 103.66
1.5917 -641.33 1890.6 133.52 -699.9 1925.7 138.59 -719.43 2015.8 103.26
1.6 -651.36 1899 133.37 -708.62 1933.8 138.43 -727.12 2023.7 102.83
1.6083 -661.6 1907.4 133.24 -717.38 1942 138.27 -734.86 2031.7 102.37
1.6167 -672.05 1915.8 133.15 -726.19 1950.1 138.12 -742.63 2039.9 101.88
1.625 -682.65 1924.3 133.09 -735.04 1958.3 137.99 -750.42 2048.1 101.37
1.6333 -693.33 1932.8 133.07 -743.93 1966.5 137.86 -758.22 2056.4 100.83
1.6417 -704.04 1941.3 133.09 -752.86 1974.7 137.74 -766.01 2064.8 100.27
1.65 -714.68 1949.7 133.14 -761.81 1983 137.63 -773.76 2073.3 99.701
1.6583 -725.18 1957.9 133.2 -770.78 1991.4 137.51 -781.47 2081.7 99.123
1.6667 -735.49 1966.1 133.27 -779.74 1999.8 137.38 -789.12 2090.2 98.544
1.675 -745.55 1974 133.31 -788.69 2008.5 137.22 -796.69 2098.7 97.969
1.6833 -755.33 1981.8 133.32 -797.58 2017.2 137.03 -804.16 2107.2 97.404
1.6917 -764.82 1989.4 133.28 -806.41 2026.1 136.79 -811.54 2115.6 96.854
1.7 -774.04 1996.9 133.18 -815.12 2035.1 136.5 -818.82 2124.1 96.322
1.7083 -783 2004.3 133.03 -823.69 2044.2 136.14 -825.99 2132.5 95.812
1.7167 -791.72 2011.7 132.82 -832.08 2053.3 135.7 -833.05 2140.9 95.324
1.725 -800.24 2019.1 132.57 -840.27 2062.6 135.19 -840 2149.4 94.857
1.7333 -808.53 2026.6 132.27 -848.23 2071.8 134.6 -846.84 2158 94.41
1.7417 -816.6 2034.2 131.95 -855.93 2081 133.93 -853.57 2166.8 93.98
1.75 -824.43 2041.9 131.59 -863.38 2090.1 133.19 -860.17 2175.6 93.563
1.7583 -831.99 2049.8 131.21 -870.57 2099.2 132.38 -866.65 2184.7 93.154
1.7667 -839.28 2057.8 130.8 -877.5 2108.2 131.51 -872.99 2193.9 92.749
1.775 -846.29 2066 130.37 -884.2 2117.1 130.6 -879.17 2203.3 92.343
1.7833 -853.01 2074.2 129.91 -890.68 2126 129.64 -885.2 2212.9 91.933
1.7917 -859.45 2082.4 129.43 -896.97 2134.8 128.66 -891.04 2222.6 91.514
1.8 -865.61 2090.7 128.93 -903.09 2143.6 127.65 -896.71 2232.4 91.085
1.8083 -871.52 2098.9 128.41 -909.05 2152.5 126.62 -902.18 2242.4 90.646
1.8167 -877.21 2107.2 127.87 -914.88 2161.4 125.58 -907.45 2252.4 90.196
1.825 -882.7 2115.3 127.32 -920.59 2170.4 124.54 -912.52 2262.4 89.738
1.8333 -888.03 2123.5 126.75 -926.19 2179.5 123.49 -917.39 2272.4 89.273
1.8417 -893.22 2131.7 126.17 -931.66 2188.7 122.45 -922.07 2282.3 88.805
1.85 -898.34 2139.8 125.59 -937.02 2198 121.41 -926.57 2292.2 88.335
1.8583 -903.42 2147.8 125 -942.26 2207.5 120.39 -930.9 2302.1 87.867
1.8667 -908.49 2155.9 124.42 -947.37 2217.1 119.37 -935.06 2311.9 87.4
1.875 -913.58 2163.9 123.85 -952.35 2226.8 118.38 -939.08 2321.6 86.936
1.8833 -918.7 2171.8 123.28 -957.19 2236.6 117.41 -942.95 2331.3 86.475
1.8917 -923.83 2179.8 122.73 -961.89 2246.5 116.47 -946.7 2340.9 86.014
1.9 -928.98 2187.7 122.19 -966.46 2256.4 115.56 -950.32 2350.6 85.551
1.9083 -934.12 2195.7 121.68 -970.9 2266.4 114.68 -953.82 2360.2 85.083
1.9167 -939.24 2203.7 121.19 -975.22 2276.5 113.84 -957.2 2369.8 84.608
1.925 -944.34 2211.8 120.72 -979.43 2286.6 113.03 -960.48 2379.4 84.123
1.9333 -949.38 2220 120.28 -983.54 2296.7 112.26 -963.64 2389 83.627
1.9417 -954.36 2228.3 119.87 -987.55 2306.9 111.53 -966.7 2398.7 83.12
1.95 -959.26 2236.7 119.48 -991.48 2317.1 110.83 -969.66 2408.3 82.603
1.9583 -964.08 2245.3 119.12 -995.31 2327.4 110.16 -972.52 2417.9 82.079
1.9667 -968.78 2254 118.78 -999.06 2337.8 109.53 -975.28 2427.5 81.55
1.975 -973.38 2262.9 118.46 -1002.7 2348.3 108.93 -977.96 2437.2 81.02
1.9833 -977.84 2271.9 118.15 -1006.3 2358.8 108.37 -980.55 2446.8 80.494
1.9917 -982.17 2281.1 117.84 -1009.8 2369.3 107.84 -983.07 2456.4 79.973
2 -986.36 2290.5 117.54 -1013.2 2379.9 107.34 -985.51 2466 79.46
2.0083 -990.42 2300.1 117.23 -1016.4 2390.6 106.88 -987.87 2475.7 78.956
2.0167 -994.37 2309.8 116.91 -1019.6 2401.3 106.45 -990.16 2485.3 78.46
2.025 -998.23 2319.7 116.58 -1022.7 2412 106.06 -992.38 2495 77.971
2.0333 -1002 2329.7 116.24 -1025.6 2422.8 105.69 -994.52 2504.7 77.486
2.0417 -1005.8 2340 115.9 -1028.4 2433.6 105.36 -996.57 2514.4 77.002
2.05 -1009.6 2350.4 115.55 -1031.1 2444.4 105.06 -998.54 2524.1 76.519
2.0583 -1013.5 2360.9 115.19 -1033.7 2455.3 104.78 -1000.4 2534 76.034
2.0667 -1017.4 2371.6 114.83 -1036.1 2466.2 104.52 -1002.2 2543.8 75.548
2.075 -1021.3 2382.5 114.48 -1038.3 2477.1 104.27 -1003.8 2553.7 75.065
2.0833 -1025.3 2393.5 114.14 -1040.4 2488.2 104.04 -1005.4 2563.7 74.589
2.0917 -1029.2 2404.7 113.82 -1042.2 2499.2 103.81 -1006.8 2573.8 74.126
2.1 -1033.2 2416.1 113.52 -1043.9 2510.4 103.59 -1008.1 2584 73.68
2.1083 -1037.2 2427.7 113.24 -1045.4 2521.6 103.36 -1009.2 2594.2 73.26
2.1167 -1041.1 2439.5 112.98 -1046.8 2532.8 103.14 -1010.3 2604.5 72.868
2.125 -1044.9 2451.5 112.72 -1048 2544.2 102.91 -1011.2 2614.9 72.506
2.1333 -1048.6 2463.6 112.45 -1049 2555.6 102.67 -1012 2625.3 72.174
2.1417 -1052.1 2475.7 112.16 -1049.9 2567.1 102.44 -1012.7 2635.8 71.866
2.15 -1055.3 2487.9 111.83 -1050.8 2578.5 102.2 -1013.3 2646.2 71.577
2.1583 -1058.2 2500.1 111.44 -1051.6 2590.1 101.95 -1013.8 2656.7 71.295
2.1667 -1060.8 2512.2 110.99 -1052.4 2601.6 101.71 -1014.1 2667.2 71.011
2.175 -1063.1 2524.1 110.47 -1053.1 2613.1 101.45 -1014.4 2677.6 70.713
2.1833 -1065 2535.8 109.88 -1054 2624.6 101.19 -1014.5 2688 70.39
2.1917 -1066.6 2547.3 109.23 -1054.9 2636.1 100.91 -1014.6 2698.3 70.037
2.2 -1067.9 2558.5 108.53 -1055.8 2647.4 100.63 -1014.6 2708.6 69.649
2.2083 -1069 2569.5 107.78 -1056.8 2658.6 100.33 -1014.5 2718.9 69.226
2.2167 -1069.9 2580.3 106.99 -1057.9 2669.7 100.02 -1014.4 2729.1 68.774
2.225 -1070.7 2591 106.15 -1059 2680.7 99.689 -1014.3 2739.4 68.3
2.2333 -1071.4 2601.6 105.28 -1060.2 2691.4 99.345 -1014.1 2749.7 67.818
2.2417 -1072 2612.1 104.38 -1061.3 2702 98.986 -1014 2760.1 67.339
2.25 -1072.5 2622.7 103.46 -1062.4 2712.3 98.613 -1013.9 2770.5 66.877
2.2583 -1072.9 2633.4 102.52 -1063.4 2722.5 98.227 -1013.7 2781 66.443
2.2667 -1073.2 2644.1 101.57 -1064.3 2732.5 97.827 -1013.6 2791.5 66.046
2.275 -1073.3 2654.9 100.61 -1065 2742.4 97.415 -1013.5 2802.2 65.691
2.2833 -1073.3 2665.8 99.644 -1065.7 2752.1 96.991 -1013.4 2812.8 65.379
2.2917 -1073.2 2676.7 98.681 -1066.2 2761.8 96.552 -1013.2 2823.5 65.106
2.3 -1073 2687.6 97.719 -1066.5 2771.4 96.101 -1013 2834.2 64.867
2.3083 -1072.6 2698.3 96.759 -1066.7 2781 95.635 -1012.8 2844.8 64.652
2.3167 -1072.2 2709 95.799 -1066.8 2790.6 95.154 -1012.5 2855.3 64.453
2.325 -1071.8 2719.4 94.836 -1066.8 2800.3 94.657 -1012.1 2865.8 64.261
2.3333 -1071.4 2729.7 93.868 -1066.6 2810.1 94.144 -1011.6 2876.2 64.067
2.3417 -1071 2739.9 92.889 -1066.4 2820 93.615 -1011.1 2886.5 63.868
2.35 -1070.7 2749.9 91.894 -1066.1 2829.9 93.07 -1010.5 2896.8 63.661
2.3583 -1070.5 2759.8 90.878 -1065.6 2840 92.511 -1009.7 2907 63.445
2.3667 -1070.3 2769.6 89.839 -1065.1 2850.2 91.937 -1008.9 2917.1 63.224
2.375 -1070.1 2779.4 88.774 -1064.6 2860.4 91.35 -1008 2927.2 62.999
2.3833 -1069.9 2789.1 87.682 -1063.9 2870.7 90.75 -1007.1 2937.3 62.777
2.3917 -1069.8 2798.9 86.561 -1063.1 2881.1 90.139 -1006.1 2947.4 62.561
2.4 -1069.6 2808.7 85.414 -1062.3 2891.5 89.517 -1005 2957.5 62.354
2.4083 -1069.4 2818.5 84.243 -1061.3 2901.9 88.885 -1003.9 2967.7 62.157
2.4167 -1069.2 2828.3 83.054 -1060.3 2912.3 88.244 -1002.7 2977.9 61.971
2.425 -1069 2838.1 81.853 -1059.1 2922.8 87.595 -1001.4 2988.2 61.795
2.4333 -1068.8 2848 80.65 -1057.8 2933.3 86.938 -1000.1 2998.5 61.625
2.4417 -1068.6 2857.9 79.456 -1056.4 2943.9 86.277 -998.78 3008.8 61.46
2.45 -1068.5 2867.9 78.284 -1054.9 2954.5 85.613 -997.37 3019.2 61.296
2.4583 -1068.4 2877.8 77.149 -1053.4 2965.2 84.949 -995.9 3029.6 61.133
2.4667 -1068.3 2887.9 76.065 -1051.7 2975.9 84.289 -994.37 3040 60.968
2.475 -1068.3 2898 75.046 -1050 2986.7 83.636 -992.77 3050.4 60.803
2.4833 -1068.2 2908.2 74.105 -1048.2 2997.6 82.994 -991.12 3060.9 60.639
2.4917 -1068.2 2918.4 73.248 -1046.3 3008.6 82.367 -989.41 3071.5 60.48
2.5 -1068.2 2928.8 72.478 -1044.4 3019.6 81.758 -987.65 3082.1 60.328
2.5083 -1068.1 2939.3 71.794 -1042.5 3030.7 81.173 -985.85 3092.8 60.186
2.5167 -1068 2950 71.187 -1040.5 3041.8 80.613 -984.01 3103.5 60.056
2.525 -1067.8 2960.9 70.646 -1038.5 3053 80.082 -982.14 3114.3 59.938
2.5333 -1067.5 2971.9 70.155 -1036.5 3064.2 79.583 -980.26 3125.2 59.832
2.5417 -1067.1 2983.1 69.699 -1034.5 3075.5 79.117 -978.35 3136.1 59.733
2.55 -1066.6 2994.4 69.266 -1032.5 3086.8 78.687 -976.43 3147 59.638
2.5583 -1065.9 3005.9 68.837 -1030.5 3098.2 78.291 -974.5 3158 59.54
2.5667 -1065.1 3017.5 68.407 -1028.4 3109.5 77.932 -972.56 3169 59.434
2.575 -1064.2 3029.1 67.967 -1026.4 3121 77.607 -970.6 3179.9 59.313
2.5833 -1063 3040.9 67.51 -1024.4 3132.5 77.314 -968.63 3191 59.172
2.5917 -1061.7 3052.7 67.025 -1022.4 3144.2 77.049 -966.64 3202 59.007
2.6 -1060.2 3064.6 66.517 -1020.4 3155.9 76.809 -964.62 3213.1 58.817
2.6083 -1058.5 3076.6 65.988 -1018.4 3167.8 76.587 -962.57 3224.3 58.6
2.6167 -1056.5 3088.7 65.442 -1016.5 3179.8 76.379 -960.49 3235.6 58.359
2.625 -1054.4 3100.9 64.89 -1014.6 3192 76.178 -958.37 3247.1 58.096
2.6333 -1052 3113.3 64.344 -1012.7 3204.4 75.978 -956.22 3258.6 57.817
2.6417 -1049.4 3125.9 63.822 -1010.8 3217 75.775 -954.03 3270.4 57.525
2.65 -1046.6 3138.7 63.337 -1008.9 3229.7 75.564 -951.81 3282.2 57.226
2.6583 -1043.6 3151.6 62.907 -1007 3242.7 75.342 -949.58 3294.3 56.926
2.6667 -1040.3 3164.6 62.547 -1005 3255.7 75.105 -947.33 3306.5 56.631
2.675 -1037 3177.8 62.265 -1003 3268.9 74.851 -945.07 3318.7 56.343
2.6833 -1033.5 3190.9 62.066 -1000.9 3282.2 74.58 -942.83 3331.1 56.068
2.6917 -1029.9 3204.1 61.949 -998.66 3295.5 74.292 -940.6 3343.4 55.808
2.7 -1026.4 3217.2 61.906 -996.34 3308.7 73.989 -938.39 3355.7 55.565
2.7083 -1022.9 3230.2 61.926 -993.9 3321.8 73.673 -936.21 3367.9 55.342
2.7167 -1019.5 3243.1 61.996 -991.35 3334.8 73.347 -934.06 3380 55.139
2.725 -1016.2 3255.9 62.104 -988.66 3347.6 73.011 -931.93 3391.9 54.956
2.7333 -1013.1 3268.5 62.238 -985.87 3360 72.667 -929.81 3403.7 54.794
2.7417 -1010.1 3281 62.39 -982.98 3372.2 72.316 -927.7 3415.2 54.651
2.75 -1007.2 3293.3 62.556 -980.02 3384 71.955 -925.58 3426.6 54.525
2.7583 -1004.4 3305.5 62.731 -976.99 3395.5 71.585 -923.44 3437.7 54.411
2.7667 -1001.6 3317.6 62.916 -973.91 3406.6 71.204 -921.24 3448.7 54.307
2.775 -998.83 3329.6 63.112 -970.81 3417.4 70.809 -918.98 3459.4 54.205
2.7833 -996.05 3341.5 63.318 -967.7 3427.8 70.401 -916.63 3470 54.1
2.7917 -993.22 3353.3 63.535 -964.57 3438.1 69.979 -914.18 3480.4 53.983
2.8 -990.33 3365.1 63.764 -961.43 3448.1 69.547 -911.6 3490.6 53.849
2.8083 -987.35 3376.9 64 -958.27 3458 69.104 -908.9 3500.7 53.691
2.8167 -984.26 3388.5 64.241 -955.08 3467.8 68.656 -906.06 3510.6 53.503
2.825 -981.05 3400 64.485 -951.85 3477.5 68.209 -903.08 3520.4 53.284
2.8333 -977.73 3411.4 64.727 -948.57 3487.2 67.769 -899.96 3530 53.031
2.8417 -974.29 3422.7 64.963 -945.23 3496.9 67.339 -896.71 3539.5 52.746
2.85 -970.73 3433.9 65.188 -941.82 3506.6 66.925 -893.34 3548.8 52.432
2.8583 -967.06 3444.9 65.398 -938.33 3516.3 66.526 -889.86 3558.1 52.094
2.8667 -963.28 3455.8 65.592 -934.75 3526.1 66.143 -886.28 3567.2 51.739
2.875 -959.39 3466.6 65.768 -931.09 3535.9 65.774 -882.62 3576.3 51.373
2.8833 -955.41 3477.4 65.927 -927.34 3545.8 65.42 -878.88 3585.3 51.006
2.8917 -951.33 3488.1 66.069 -923.5 3555.6 65.076 -875.08 3594.2 50.645
2.9 -947.17 3498.7 66.199 -919.59 3565.4 64.74 -871.23 3603.2 50.295
