0.0083333 -18.148 5.2513 98.693 -47.061 120.03 83.692 -6.8221 249.36 81.945
0.016667 -17.444 14.886 98.901 -45.768 129.89 83.717 -5.4368 259.22 81.959
0.025 -16.698 24.803 99.087 -44.421 139.88 83.715 -3.9837 269.18 81.984
0.033333 -15.922 34.989 99.243 -43.023 150 83.69 -2.4703 279.26 82.018
0.041667 -15.14 45.419 99.365 -41.576 160.25 83.643 -0.90578 289.46 82.063
0.05 -14.366 56.074 99.444 -40.085 170.61 83.58 0.69943 299.79 82.116
0.058333 -13.624 66.928 99.478 -38.55 181.09 83.504 2.334 310.23 82.179
0.066667 -12.927 77.953 99.467 -36.978 191.69 83.422 3.9861 320.79 82.249
0.075 -12.285 89.122 99.411 -35.374 202.39 83.338 5.6435 331.45 82.326
0.083333 -11.698 100.41 99.313 -33.75 213.18 83.259 7.2935 342.16 82.408
0.091667 -11.159 111.77 99.179 -32.121 224.03 83.192 8.9233 352.9 82.494
0.1 -10.65 123.18 99.016 -30.507 234.93 83.142 10.52 363.64 82.583
0.10833 -10.146 134.6 98.828 -28.931 245.83 83.117 12.071 374.33 82.673
0.11667 -9.6201 145.99 98.622 -27.417 256.69 83.122 13.562 384.94 82.763
0.125 -9.0492 157.32 98.401 -25.991 267.48 83.163 14.98 395.43 82.85
0.13333 -8.4159 168.57 98.166 -24.679 278.16 83.244 16.313 405.8 82.934
0.14167 -7.7115 179.7 97.918 -23.499 288.7 83.368 17.546 416.01 83.012
0.15 -6.9369 190.69 97.654 -22.468 299.06 83.536 18.668 426.07 83.084
0.15833 -6.101 201.53 97.374 -21.595 309.25 83.746 19.667 435.99 83.149
0.16667 -5.2178 212.22 97.076 -20.88 319.25 83.997 20.532 445.77 83.208
0.175 -4.3051 222.76 96.758 -20.318 329.06 84.284 21.254 455.45 83.261
0.18333 -3.3817 233.18 96.418 -19.896 338.71 84.599 21.824 465.04 83.31
0.19167 -2.4652 243.49 96.056 -19.596 348.21 84.936 22.237 474.57 83.358
0.2 -1.5714 253.73 95.677 -19.399 357.59 85.286 22.485 484.08 83.409
0.20833 -0.7113 263.92 95.284 -19.282 366.88 85.644 22.566 493.58 83.466
0.21667 0.10713 274.06 94.886 -19.227 376.11 86.001 22.475 503.1 83.535
0.225 0.88335 284.19 94.489 -19.215 385.29 86.352 22.211 512.64 83.619
0.23333 1.6198 294.31 94.101 -19.236 394.44 86.694 21.773 522.22 83.724
0.24167 2.3215 304.42 93.73 -19.28 403.57 87.024 21.161 531.84 83.853
0.25 2.9928 314.54 93.382 -19.346 412.7 87.341 20.375 541.48 84.009
0.25833 3.6353 324.65 93.062 -19.435 421.82 87.646 19.418 551.14 84.196
0.26667 4.2458 334.76 92.774 -19.552 430.93 87.943 18.293 560.81 84.412
0.275 4.8172 344.86 92.52 -19.702 440.04 88.235 17.005 570.46 84.658
0.28333 5.3382 354.96 92.3 -19.892 449.14 88.524 15.562 580.09 84.932
0.29167 5.797 365.06 92.114 -20.127 458.24 88.816 13.97 589.69 85.231
0.3 6.1843 375.15 91.958 -20.41 467.34 89.112 12.241 599.23 85.552
0.30833 6.4925 385.26 91.827 -20.742 476.45 89.415 10.387 608.7 85.889
0.31667 6.7224 395.37 91.718 -21.12 485.57 89.726 8.4211 618.11 86.239
0.325 6.8745 405.5 91.621 -21.541 494.73 90.043 6.3568 627.44 86.597
0.33333 6.9601 415.66 91.529 -21.996 503.93 90.364 4.209 636.7 86.96
0.34167 6.9907 425.84 91.434 -22.479 513.18 90.688 1.9919 645.87 87.325
0.35 6.9774 436.05 91.327 -22.985 522.51 91.01 -0.28084 654.97 87.688
0.35833 6.9337 446.29 91.203 -23.508 531.9 91.324 -2.597 663.99 88.05
0.36667 6.8707 456.56 91.056 -24.044 541.37 91.63 -4.9459 672.95 88.409
0.375 6.7955 466.87 90.885 -24.595 550.92 91.924 -7.3183 681.85 88.766
0.38333 6.7083 477.22 90.69 -25.163 560.55 92.201 -9.7069 690.71 89.122
0.39167 6.6086 487.61 90.477 -25.753 570.25 92.461 -12.106 699.53 89.477
0.4 6.4849 498.04 90.254 -26.373 580.02 92.704 -14.511 708.34 89.832
0.40833 6.3272 508.51 90.035 -27.031 589.84 92.928 -16.919 717.15 90.188
0.41667 6.1242 519.03 89.833 -27.737 599.73 93.134 -19.326 725.99 90.544
0.425 5.8558 529.61 89.665 -28.496 609.66 93.323 -21.731 734.87 90.899
0.43333 5.5189 540.26 89.545 -29.314 619.64 93.494 -24.131 743.8 91.252
0.44167 5.1087 550.98 89.482 -30.196 629.68 93.649 -26.524 752.8 91.6
0.45 4.6268 561.81 89.482 -31.142 639.77 93.789 -28.909 761.89 91.941
0.45833 4.08 572.77 89.541 -32.152 649.94 93.915 -31.285 771.07 92.271
0.46667 3.4738 583.89 89.65 -33.222 660.18 94.031 -33.653 780.34 92.589
0.475 2.8208 595.19 89.794 -34.352 670.5 94.136 -36.015 789.7 92.892
0.48333 2.1243 606.71 89.956 -35.539 680.93 94.235 -38.374 799.15 93.18
0.49167 1.3936 618.43 90.123 -36.783 691.47 94.33 -40.737 808.68 93.452
0.5 0.62146 630.33 90.285 -38.084 702.12 94.424 -43.111 818.28 93.711
0.50833 -0.1995 642.37 90.437 -39.447 712.89 94.522 -45.505 827.95 93.957
0.51667 -1.0841 654.51 90.575 -40.876 723.78 94.629 -47.931 837.69 94.194
0.525 -2.0422 666.71 90.697 -42.378 734.81 94.749 -50.399 847.49 94.426
0.53333 -3.0792 678.96 90.8 -43.963 745.95 94.886 -52.921 857.36 94.655
0.54167 -4.2014 691.26 90.882 -45.639 757.22 95.045 -55.509 867.32 94.884
0.55 -5.4076 703.63 90.939 -47.417 768.6 95.226 -58.169 877.36 95.116
0.55833 -6.6995 716.08 90.972 -49.303 780.1 95.432 -60.91 887.52 95.351
0.56667 -8.0668 728.67 90.982 -51.301 791.72 95.664 -63.736 897.8 95.588
0.575 -9.5033 741.45 90.972 -53.413 803.46 95.921 -66.649 908.22 95.827
0.58333 -10.995 754.44 90.946 -55.636 815.32 96.198 -69.648 918.8 96.065
0.59167 -12.537 767.68 90.912 -57.965 827.3 96.492 -72.73 929.53 96.299
0.6 -14.121 781.17 90.882 -60.387 839.4 96.797 -75.89 940.41 96.527
0.60833 -15.738 794.9 90.87 -62.888 851.62 97.108 -79.121 951.45 96.745
0.61667 -17.388 808.84 90.89 -65.452 863.96 97.417 -82.418 962.63 96.955
0.625 -19.074 822.94 90.957 -68.056 876.42 97.72 -85.773 973.92 97.155
0.63333 -20.799 837.12 91.081 -70.678 888.98 98.009 -89.179 985.31 97.349
0.64167 -22.575 851.34 91.271 -73.298 901.63 98.28 -92.629 996.76 97.54
0.65 -24.414 865.51 91.53 -75.891 914.34 98.529 -96.114 1008.3 97.736
0.65833 -26.325 879.58 91.859 -78.437 927.1 98.753 -99.629 1019.8 97.941
0.66667 -28.322 893.48 92.254 -80.919 939.88 98.95 -103.16 1031.2 98.164
0.675 -30.409 907.18 92.707 -83.32 952.65 99.12 -106.7 1042.7 98.41
0.68333 -32.591 920.63 93.21 -85.629 965.37 99.262 -110.24 1054.1 98.684
0.69167 -34.866 933.82 93.749 -87.837 978.02 99.378 -113.75 1065.5 98.988
0.7 -37.231 946.73 94.312 -89.938 990.56 99.47 -117.22 1076.8 99.321
0.70833 -39.673 959.36 94.884 -91.933 1003 99.541 -120.62 1088.1 99.68
0.71667 -42.182 971.74 95.456 -93.823 1015.2 99.594 -123.95 1099.4 100.06
0.725 -44.741 983.9 96.02 -95.613 1027.3 99.631 -127.17 1110.6 100.45
0.73333 -47.328 995.9 96.574 -97.312 1039.3 99.655 -130.25 1121.8 100.84
0.74167 -49.927 1007.8 97.109 -98.931 1051 99.67 -133.19 1133.1 101.22
0.75 -52.5 1019.5 97.628 -100.48 1062.6 99.677 -135.96 1144.4 101.57
0.75833 -55.031 1031.3 98.124 -101.97 1074.1 99.677 -138.55 1155.7 101.9
0.76667 -57.489 1042.9 98.602 -103.43 1085.4 99.672 -140.96 1167 102.18
0.775 -59.858 1054.6 99.062 -104.85 1096.7 99.662 -143.18 1178.4 102.42
0.78333 -62.126 1066.2 99.511 -106.26 1107.8 99.647 -145.21 1189.8 102.62
0.79167 -64.291 1077.8 99.955 -107.66 1118.9 99.626 -147.07 1201.2 102.77
0.8 -66.354 1089.3 100.4 -109.06 1130 99.598 -148.76 1212.6 102.88
0.80833 -68.325 1100.8 100.87 -110.46 1141 99.562 -150.3 1224 102.96
0.81667 -70.217 1112.3 101.35 -111.88 1152 99.516 -151.7 1235.5 103
0.825 -72.046 1123.7 101.87 -113.31 1163.1 99.461 -152.98 1246.9 103.03
0.83333 -73.829 1135.1 102.41 -114.75 1174.1 99.395 -154.15 1258.3 103.04
0.84167 -75.582 1146.4 103 -116.2 1185.2 99.318 -155.23 1269.6 103.04
0.85 -77.317 1157.6 103.62 -117.66 1196.3 99.231 -156.22 1281 103.03
0.85833 -79.047 1168.8 104.26 -119.05 1207.6 99.129 -157.89 1291.6 103.83
0.86667 -80.772 1180 104.93 -120.52 1218.8 99.028 -158.75 1302.9 103.82
0.875 -82.496 1191.2 105.61 -122 1230 98.925 -159.54 1314.1 103.8
0.88333 -84.213 1202.4 106.29 -123.47 1241.2 98.821 -160.27 1325.4 103.77
0.89167 -85.917 1213.5 106.97 -124.94 1252.5 98.722 -160.96 1336.7 103.73
0.9 -87.599 1224.7 107.63 -126.41 1263.9 98.631 -161.59 1348 103.68
0.90833 -89.25 1235.9 108.27 -127.88 1275.3 98.55 -162.19 1359.3 103.62
0.91667 -90.86 1247.1 108.88 -129.36 1286.8 98.484 -162.76 1370.6 103.54
0.925 -92.423 1258.4 109.47 -130.85 1298.3 98.432 -163.31 1381.9 103.46
0.93333 -93.935 1269.7 110.04 -132.34 1309.9 98.397 -163.85 1393.3 103.36
0.94167 -95.395 1281.2 110.57 -133.85 1321.5 98.377 -164.39 1404.7 103.26
0.95 -96.81 1292.7 111.07 -135.37 1333.2 98.373 -164.93 1416.1 103.17
0.95833 -98.187 1304.4 111.55 -136.9 1344.9 98.384 -165.5 1427.6 103.07
0.96667 -99.538 1316.1 111.99 -138.44 1356.7 98.407 -166.08 1439.1 102.98
0.975 -100.87 1328.1 112.39 -139.99 1368.6 98.443 -166.67 1450.6 102.9
0.98333 -102.21 1340.1 112.76 -141.54 1380.6 98.489 -167.28 1462.2 102.82
0.99167 -103.55 1352.3 113.08 -143.09 1392.6 98.545 -167.9 1473.9 102.74
1 -104.9 1364.7 113.37 -144.63 1404.6 98.611 -168.51 1485.6 102.66
1.0083 -106.27 1377.3 113.62 -146.16 1416.8 98.684 -169.11 1497.3 102.58
1.0167 -107.66 1390.1 113.83 -147.67 1429.1 98.766 -169.68 1509.2 102.48
1.025 -109.06 1403 114.03 -149.17 1441.4 98.855 -170.23 1521 102.36
1.0333 -110.49 1416.1 114.2 -150.64 1453.8 98.95 -170.74 1533 102.22
1.0417 -111.96 1429.3 114.35 -152.08 1466.4 99.05 -171.21 1544.9 102.06
1.05 -113.45 1442.6 114.49 -153.5 1479.1 99.151 -171.66 1557 101.89
1.0583 -114.97 1455.9 114.61 -154.9 1491.8 99.251 -172.07 1569.1 101.7
1.0667 -116.51 1469.3 114.72 -156.26 1504.7 99.345 -172.48 1581.2 101.51
1.075 -118.07 1482.6 114.82 -157.6 1517.7 99.427 -172.89 1593.4 101.33
1.0833 -119.64 1496 114.92 -158.92 1530.8 99.493 -173.32 1605.6 101.16
1.0917 -121.23 1509.4 115 -160.2 1544 99.538 -173.78 1618 101.02
1.1 -122.87 1522.9 115.09 -161.44 1557.3 99.558 -174.3 1630.4 100.91
1.1083 -124.56 1536.5 115.16 -162.65 1570.7 99.55 -174.87 1642.9 100.83
1.1167 -126.34 1550.2 115.23 -163.82 1584.2 99.513 -175.51 1655.5 100.8
1.125 -128.22 1564 115.28 -164.94 1597.8 99.449 -176.22 1668.2 100.81
1.1333 -130.21 1578 115.3 -166.02 1611.4 99.36 -176.99 1681 100.86
1.1417 -132.3 1592.2 115.28 -167.06 1625.2 99.251 -177.82 1694 100.92
1.15 -134.5 1606.4 115.21 -168.08 1638.9 99.129 -178.68 1707 101.01
1.1583 -136.76 1620.8 115.07 -169.08 1652.8 99 -179.58 1720.2 101.09
1.1667 -139.07 1635.1 114.86 -170.09 1666.6 98.874 -180.49 1733.4 101.16
1.175 -141.4 1649.4 114.58 -171.13 1680.4 98.759 -181.41 1746.7 101.21
1.1833 -143.69 1663.5 114.24 -172.23 1694.2 98.663 -182.34 1760.1 101.22
1.1917 -145.91 1677.5 113.83 -173.4 1707.9 98.594 -183.26 1773.4 101.2
1.2 -148.01 1691.4 113.39 -174.68 1721.5 98.557 -184.19 1786.8 101.12
1.2083 -149.97 1705 112.92 -176.09 1735.1 98.558 -185.14 1800.1 101.01
1.2167 -151.77 1718.5 112.44 -177.63 1748.5 98.599 -186.13 1813.3 100.85
1.225 -153.43 1731.8 111.98 -179.32 1761.7 98.682 -187.18 1826.4 100.67
1.2333 -154.96 1744.8 111.55 -181.16 1774.7 98.807 -188.33 1839.5 100.47
1.2417 -156.4 1757.8 111.16 -183.13 1787.5 98.971 -189.6 1852.5 100.26
1.25 -157.79 1770.5 110.82 -185.23 1800.1 99.171 -191.01 1865.3 100.06
1.2583 -159.15 1783.2 110.53 -187.44 1812.5 99.403 -192.6 1878.1 99.873
1.2667 -160.52 1795.8 110.28 -189.75 1824.6 99.661 -194.38 1890.8 99.719
1.275 -161.93 1808.4 110.05 -192.12 1836.6 99.94 -196.37 1903.5 99.602
1.2833 -163.4 1820.9 109.85 -194.59 1848.2 100.23 -197.89 1916.7 98.789
1.2917 -164.95 1833.4 109.66 -197.05 1859.8 100.54 -200.31 1929.3 98.76
1.3 -166.59 1845.8 109.46 -199.52 1871.3 100.85 -202.93 1941.8 98.771
1.3083 -168.32 1858.2 109.25 -202.01 1882.7 101.17 -205.74 1954.3 98.817
1.3167 -170.15 1870.4 109.01 -204.51 1894.1 101.49 -208.73 1966.8 98.892
1.325 -172.05 1882.5 108.75 -207.03 1905.4 101.81 -211.86 1979.3 98.989
1.3333 -174.01 1894.5 108.46 -209.56 1916.7 102.13 -215.12 1991.7 99.101
1.3417 -176.04 1906.4 108.14 -212.13 1927.9 102.46 -218.49 2004 99.221
1.35 -178.11 1918.1 107.81 -214.73 1939.2 102.79 -221.95 2016.3 99.343
1.3583 -180.24 1929.8 107.47 -217.37 1950.5 103.13 -225.47 2028.4 99.463
1.3667 -182.4 1941.3 107.12 -220.05 1961.9 103.48 -229.06 2040.5 99.579
1.375 -184.62 1952.7 106.79 -222.79 1973.2 103.82 -232.68 2052.5 99.689
1.3833 -186.88 1964.1 106.47 -225.58 1984.5 104.17 -236.35 2064.4 99.794
1.3917 -189.2 1975.5 106.17 -228.42 1995.8 104.52 -240.04 2076.2 99.896
1.4 -191.58 1986.9 105.89 -231.3 2007.2 104.87 -243.77 2087.9 99.996
1.4083 -194.03 1998.3 105.63 -234.23 2018.5 105.21 -247.52 2099.6 100.1
1.4167 -196.55 2009.8 105.37 -237.2 2029.8 105.53 -251.3 2111.1 100.2
1.425 -199.14 2021.3 105.11 -240.2 2041.2 105.83 -255.1 2122.6 100.3
1.4333 -201.82 2032.8 104.85 -243.25 2052.6 106.1 -258.91 2134.1 100.41
1.4417 -204.57 2044.4 104.58 -246.34 2064 106.35 -262.73 2145.5 100.52
1.45 -207.39 2056 104.3 -249.47 2075.6 106.56 -266.55 2156.9 100.63
1.4583 -210.28 2067.7 104 -252.66 2087.2 106.75 -270.37 2168.3 100.73
1.4667 -213.23 2079.4 103.71 -255.91 2098.8 106.9 -274.18 2179.7 100.83
1.475 -216.24 2091.2 103.42 -259.22 2110.6 107.04 -277.96 2191 100.92
1.4833 -219.28 2103 103.17 -262.59 2122.5 107.14 -281.72 2202.4 100.99
1.4917 -222.36 2114.9 102.95 -266.02 2134.4 107.24 -285.46 2213.8 101.05
1.5 -225.47 2126.8 102.79 -269.52 2146.4 107.31 -289.16 2225.2 101.09
1.5083 -228.61 2138.8 102.7 -273.08 2158.5 107.39 -292.83 2236.7 101.11
1.5167 -231.79 2150.8 102.67 -276.7 2170.6 107.45 -296.49 2248.1 101.12
1.525 -235.02 2163 102.7 -280.38 2182.8 107.52 -300.14 2259.6 101.11
1.5333 -238.32 2175.3 102.77 -284.1 2195 107.59 -303.8 2271.1 101.1
1.5417 -241.72 2187.8 102.88 -287.88 2207.2 107.67 -307.47 2282.7 101.07
1.55 -245.21 2200.4 103 -291.7 2219.5 107.75 -311.17 2294.2 101.05
1.5583 -248.82 2213.2 103.11 -295.57 2231.8 107.83 -314.92 2305.8 101.02
1.5667 -252.55 2226.1 103.21 -299.49 2244.2 107.92 -318.73 2317.5 101
1.575 -256.41 2239 103.3 -303.47 2256.6 108.02 -322.6 2329.2 100.99
1.5833 -260.39 2252 103.35 -307.52 2269 108.13 -326.54 2340.9 100.99
1.5917 -264.5 2265.1 103.38 -311.65 2281.5 108.24 -330.56 2352.7 100.98
1.6 -268.75 2278.2 103.36 -315.85 2294.1 108.37 -334.65 2364.6 100.98
1.6083 -273.12 2291.4 103.32 -320.14 2306.8 108.51 -338.81 2376.5 100.98
1.6167 -277.62 2304.6 103.24 -324.52 2319.4 108.67 -343.03 2388.5 100.97
1.625 -282.23 2318.1 103.15 -328.99 2332.2 108.83 -347.31 2400.7 100.95
1.6333 -286.95 2331.7 103.05 -333.56 2345 109.02 -351.63 2412.9 100.91
1.6417 -291.76 2345.5 102.96 -338.22 2357.8 109.22 -355.98 2425.2 100.85
1.65 -296.65 2359.5 102.9 -342.96 2370.6 109.42 -360.38 2437.6 100.78
1.6583 -301.6 2373.7 102.88 -347.77 2383.4 109.63 -364.8 2450.1 100.68
1.6667 -306.6 2388 102.92 -352.63 2396.3 109.84 -369.26 2462.7 100.57
1.675 -311.63 2402.5 103.04 -357.53 2409.1 110.05 -373.74 2475.3 100.46
1.6833 -316.69 2417 103.23 -362.44 2422 110.24 -378.26 2488 100.35
1.6917 -321.78 2431.5 103.52 -367.35 2434.8 110.41 -382.82 2500.7 100.24
1.7 -326.87 2445.8 103.89 -372.22 2447.6 110.56 -387.41 2513.3 100.16
1.7083 -331.96 2460.1 104.33 -377.04 2460.5 110.67 -392.04 2526 100.1
1.7167 -337.04 2474 104.84 -381.78 2473.3 110.76 -396.71 2538.6 100.06
1.725 -342.09 2487.7 105.38 -386.42 2486.2 110.8 -401.39 2551.2 100.07
1.7333 -347.1 2501.1 105.94 -390.95 2499 110.81 -406.09 2563.7 100.11
1.7417 -352.04 2514.2 106.49 -395.33 2511.9 110.78 -410.78 2576.1 100.18
1.75 -356.91 2526.9 107 -399.57 2524.7 110.73 -415.45 2588.6 100.27
1.7583 -361.7 2539.3 107.45 -403.66 2537.5 110.65 -420.08 2601 100.4
1.7667 -366.42 2551.4 107.85 -407.59 2550.2 110.55 -424.64 2613.4 100.53
1.775 -371.08 2563.4 108.19 -411.37 2562.9 110.43 -429.12 2625.8 100.68
1.7833 -375.68 2575.1 108.49 -415 2575.5 110.3 -433.49 2638.3 100.83
1.7917 -380.22 2586.8 108.74 -418.5 2587.9 110.16 -437.75 2650.8 100.97
1.8 -384.69 2598.3 108.96 -421.88 2600.2 110.02 -441.87 2663.3 101.11
1.8083 -389.08 2609.8 109.16 -425.17 2612.4 109.87 -445.86 2676 101.24
1.8167 -393.38 2621.3 109.35 -428.39 2624.4 109.72 -449.7 2688.7 101.35
1.825 -397.57 2632.8 109.54 -431.56 2636.3 109.56 -453.4 2701.5 101.45
1.8333 -401.63 2644.3 109.75 -434.69 2648.1 109.39 -456.97 2714.3 101.54
1.8417 -405.56 2655.8 109.98 -437.82 2659.8 109.22 -460.4 2727.2 101.62
1.85 -409.36 2667.3 110.23 -440.94 2671.5 109.03 -463.71 2740 101.69
1.8583 -413.04 2678.9 110.51 -444.07 2683.2 108.83 -466.9 2752.9 101.75
1.8667 -416.6 2690.4 110.84 -447.21 2694.9 108.61 -469.99 2765.8 101.8
1.875 -420.08 2701.9 111.19 -450.37 2706.6 108.39 -472.97 2778.6 101.84
1.8833 -423.5 2713.3 111.59 -453.54 2718.3 108.15 -475.86 2791.4 101.86
1.8917 -426.87 2724.8 112.02 -456.72 2730.1 107.91 -478.65 2804.2 101.85
1.9 -430.22 2736.1 112.48 -459.91 2742 107.67 -481.35 2817 101.82
1.9083 -433.56 2747.5 112.96 -463.09 2753.9 107.42 -483.97 2829.7 101.76
1.9167 -436.9 2758.7 113.48 -466.27 2766 107.19 -486.5 2842.4 101.67
1.925 -440.25 2769.9 114 -469.44 2778.1 106.96 -488.96 2855.2 101.54
1.9333 -443.6 2781.1 114.53 -472.61 2790.2 106.74 -491.34 2867.9 101.39
1.9417 -446.94 2792.3 115.06 -475.77 2802.4 106.53 -493.66 2880.6 101.2
1.95 -450.26 2803.4 115.59 -478.94 2814.6 106.34 -495.93 2893.4 100.99
1.9583 -453.55 2814.6 116.1 -482.1 2826.9 106.16 -498.15 2906.2 100.76
1.9667 -456.78 2825.9 116.59 -485.27 2839.1 105.99 -500.34 2918.9 100.52
1.975 -459.95 2837.3 117.06 -488.45 2851.4 105.84 -502.51 2931.7 100.28
1.9833 -463.05 2848.8 117.49 -491.64 2863.8 105.69 -504.67 2944.4 100.03
1.9917 -466.09 2860.5 117.89 -494.84 2876.1 105.55 -506.83 2957.1 99.788
2 -469.07 2872.4 118.25 -498.05 2888.5 105.42 -508.99 2969.8 99.552
2.0083 -471.99 2884.5 118.57 -501.26 2901 105.29 -511.15 2982.5 99.323
2.0167 -474.88 2896.8 118.84 -504.46 2913.5 105.18 -513.32 2995.2 99.098
2.025 -477.75 2909.2 119.08 -507.64 2926 105.08 -515.49 3007.8 98.874
2.0333 -480.62 2921.8 119.28 -510.81 2938.6 104.99 -517.66 3020.5 98.648
2.0417 -483.49 2934.6 119.47 -513.94 2951.2 104.92 -519.81 3033.1 98.415
2.05 -486.39 2947.5 119.64 -517.03 2963.9 104.86 -521.96 3045.7 98.172
2.0583 -489.33 2960.5 119.8 -520.09 2976.7 104.82 -524.08 3058.4 97.917
2.0667 -492.32 2973.7 119.96 -523.09 2989.6 104.79 -526.18 3071.1 97.65
2.075 -495.38 2986.9 120.12 -526.05 3002.6 104.77 -528.27 3083.9 97.372
2.0833 -498.5 3000.1 120.27 -528.96 3015.6 104.76 -530.34 3096.7 97.088
2.0917 -501.69 3013.3 120.4 -531.82 3028.8 104.76 -532.4 3109.6 96.804
2.1 -504.91 3026.5 120.52 -534.63 3042.1 104.75 -534.46 3122.5 96.527
2.1083 -508.17 3039.7 120.61 -537.39 3055.5 104.73 -536.55 3135.6 96.267
2.1167 -511.45 3052.9 120.67 -540.09 3069 104.7 -538.66 3148.6 96.032
2.125 -514.76 3066.1 120.71 -542.75 3082.6 104.65 -540.82 3161.8 95.829
2.1333 -518.08 3079.5 120.72 -545.34 3096.3 104.58 -543.04 3175 95.666
2.1417 -521.44 3093.1 120.71 -547.88 3110 104.48 -545.32 3188.3 95.544
2.15 -524.83 3106.9 120.67 -550.36 3123.9 104.36 -547.67 3201.6 95.466
2.1583 -528.25 3120.9 120.61 -552.78 3137.8 104.22 -550.09 3214.9 95.429
2.1667 -531.71 3135.2 120.52 -555.15 3151.7 104.06 -552.57 3228.3 95.428
2.175 -535.2 3149.7 120.4 -557.48 3165.7 103.9 -555.11 3241.7 95.457
2.1833 -538.71 3164.5 120.24 -559.78 3179.7 103.73 -557.69 3255.2 95.506
2.1917 -542.23 3179.3 120.02 -562.06 3193.6 103.58 -560.3 3268.6 95.567
2.2 -545.74 3194.1 119.75 -564.35 3207.6 103.46 -562.93 3282 95.629
2.2083 -549.23 3208.9 119.42 -566.67 3221.5 103.36 -565.56 3295.3 95.686
2.2167 -552.66 3223.5 119.04 -569.03 3235.4 103.31 -568.19 3308.6 95.73
2.225 -555.99 3237.9 118.61 -571.47 3249.2 103.31 -570.81 3321.9 95.758
2.2333 -559.22 3252.1 118.16 -574.01 3262.9 103.36 -573.43 3335.1 95.768
2.2417 -562.3 3266 117.68 -576.65 3276.6 103.47 -576.05 3348.2 95.762
2.25 -565.23 3279.7 117.21 -579.4 3290.2 103.64 -578.68 3361.3 95.744
2.2583 -568.01 3293.1 116.75 -582.28 3303.7 103.86 -581.34 3374.3 95.718
2.2667 -570.66 3306.2 116.33 -585.27 3317 104.13 -584.05 3387.2 95.691
2.275 -573.2 3319.2 115.95 -588.38 3330.2 104.44 -586.82 3400.1 95.667
2.2833 -575.65 3331.9 115.61 -591.58 3343.2 104.79 -589.67 3413 95.653
2.2917 -578.04 3344.5 115.33 -594.85 3356 105.16 -592.61 3425.9 95.651
2.3 -580.39 3356.9 115.1 -598.18 3368.6 105.55 -595.66 3438.8 95.663
2.3083 -582.73 3369.3 114.91 -601.55 3381 105.95 -598.82 3451.8 95.688
2.3167 -585.1 3381.7 114.77 -604.93 3393.2 106.35 -602.1 3464.7 95.725
2.325 -587.5 3394 114.67 -608.32 3405.2 106.74 -605.49 3477.7 95.769
2.3333 -589.96 3406.2 114.58 -611.69 3417.1 107.12 -609.01 3490.7 95.818
2.3417 -592.49 3418.4 114.51 -615.06 3428.7 107.49 -612.63 3503.8 95.867
2.35 -595.09 3430.6 114.44 -618.43 3440.3 107.84 -616.37 3516.8 95.913
2.3583 -597.77 3442.7 114.36 -621.79 3451.8 108.17 -620.22 3529.8 95.955
2.3667 -600.53 3454.7 114.25 -625.16 3463.3 108.49 -624.16 3542.8 95.992
2.375 -603.37 3466.6 114.1 -628.56 3474.8 108.79 -628.21 3555.7 96.026
2.3833 -606.28 3478.4 113.91 -632 3486.3 109.09 -632.36 3568.6 96.059
2.3917 -609.27 3490.1 113.68 -635.49 3497.8 109.37 -636.6 3581.3 96.095
2.4 -612.33 3501.6 113.42 -639.05 3509.4 109.64 -640.94 3593.9 96.136
2.4083 -615.44 3513.1 113.12 -642.67 3521.1 109.91 -645.36 3606.4 96.188
2.4167 -618.6 3524.5 112.79 -646.36 3532.9 110.16 -649.86 3618.7 96.253
2.425 -621.81 3535.8 112.46 -650.12 3544.7 110.4 -654.44 3630.9 96.333
2.4333 -625.07 3547.1 112.11 -653.95 3556.6 110.62 -659.07 3643 96.428
2.4417 -628.38 3558.4 111.77 -657.83 3568.6 110.83 -663.74 3655 96.537
2.45 -631.73 3569.6 111.43 -661.77 3580.5 111.01 -668.44 3666.9 96.657
2.4583 -635.15 3581 111.08 -665.74 3592.5 111.17 -673.15 3678.8 96.783
2.4667 -638.62 3592.4 110.74 -669.74 3604.5 111.29 -677.85 3690.6 96.911
2.475 -642.16 3603.8 110.4 -673.78 3616.4 111.39 -682.54 3702.3 97.035
2.4833 -645.77 3615.3 110.04 -677.83 3628.4 111.45 -687.19 3714.1 97.147
2.4917 -649.44 3626.9 109.69 -681.91 3640.3 111.49 -691.8 3725.9 97.244
2.5 -653.17 3638.6 109.33 -686.01 3652.2 111.49 -696.36 3737.6 97.319
2.5083 -656.93 3650.3 108.97 -690.14 3664.2 111.47 -700.88 3749.4 97.369
2.5167 -660.74 3662.1 108.63 -694.3 3676.1 111.43 -705.36 3761.3 97.392
2.525 -664.58 3673.9 108.3 -698.5 3688.1 111.37 -709.8 3773.1 97.387
2.5333 -668.44 3685.7 108 -702.75 3700.2 111.31 -714.21 3785 97.355
2.5417 -672.35 3697.6 107.73 -707.05 3712.2 111.24 -718.61 3796.9 97.298
2.55 -676.33 3709.6 107.48 -711.4 3724.4 111.17 -723.01 3808.7 97.22
2.5583 -680.39 3721.7 107.25 -715.83 3736.6 111.1 -727.4 3820.6 97.127
2.5667 -684.55 3733.9 107.05 -720.31 3748.9 111.05 -731.82 3832.5 97.022
2.575 -688.85 3746.2 106.86 -724.87 3761.3 111 -736.25 3844.3 96.911
2.5833 -693.28 3758.6 106.69 -729.51 3773.8 110.97 -740.72 3856.2 96.8
2.5917 -697.84 3771.1 106.54 -734.22 3786.4 110.95 -745.23 3868.1 96.692
2.6 -702.51 3783.7 106.41 -739.02 3799 110.94 -749.77 3880 96.59
2.6083 -707.27 3796.4 106.3 -743.89 3811.7 110.94 -754.37 3892 96.495
2.6167 -712.12 3809.2 106.2 -748.85 3824.4 110.95 -759.02 3904 96.406
2.625 -717.04 3822 106.1 -753.89 3837.1 110.98 -763.72 3916.1 96.321
2.6333 -722.02 3835 106.01 -759.01 3849.9 111.01 -768.47 3928.3 96.233
2.6417 -727.06 3848.1 105.91 -764.22 3862.6 111.06 -773.28 3940.6 96.137
2.65 -732.15 3861.3 105.82 -769.52 3875.3 111.12 -778.15 3953 96.026
2.6583 -737.3 3874.7 105.73 -774.89 3888.1 111.19 -783.07 3965.6 95.894
2.6667 -742.49 3888.3 105.65 -780.34 3900.8 111.27 -788.05 3978.2 95.735
2.675 -747.74 3902 105.59 -785.86 3913.5 111.36 -793.07 3991 95.547
2.6833 -753.02 3915.9 105.57 -791.45 3926.2 111.46 -798.12 4003.8 95.328
2.6917 -758.34 3929.9 105.61 -797.08 3939 111.57 -803.22 4016.7 95.083
2.7 -763.68 3943.9 105.7 -802.74 3951.7 111.67 -808.34 4029.5 94.818
2.7083 -769.06 3958 105.87 -808.41 3964.5 111.77 -813.48 4042.4 94.542
2.7167 -774.45 3971.9 106.12 -814.07 3977.3 111.87 -818.63 4055.2 94.268
2.725 -779.86 3985.8 106.44 -819.68 3990.2 111.94 -823.79 4068 94.008
2.7333 -785.28 3999.4 106.83 -825.22 4003.1 112 -828.95 4080.7 93.776
2.7417 -790.68 4012.8 107.28 -830.66 4016 112.03 -834.1 4093.3 93.582
2.75 -796.06 4025.9 107.75 -835.96 4028.9 112.03 -839.24 4105.8 93.434
2.7583 -801.4 4038.8 108.24 -841.11 4041.8 112.01 -844.35 4118.3 93.338
2.7667 -806.69 4051.3 108.72 -846.09 4054.6 111.96 -849.44 4130.7 93.294
2.775 -811.92 4063.5 109.16 -850.88 4067.4 111.88 -854.49 4143.1 93.298
2.7833 -817.08 4075.5 109.56 -855.47 4080 111.77 -859.49 4155.5 93.343
2.7917 -822.19 4087.2 109.91 -859.86 4092.6 111.65 -864.42 4167.9 93.417
2.8 -827.23 4098.7 110.22 -864.07 4104.9 111.52 -869.27 4180.4 93.507
2.8083 -832.21 4110.1 110.48 -868.11 4117.2 111.38 -874.03 4192.9 93.6
2.8167 -837.11 4121.4 110.71 -871.99 4129.2 111.24 -878.67 4205.5 93.682
2.825 -841.93 4132.7 110.92 -875.75 4141.1 111.11 -883.18 4218.2 93.741
2.8333 -846.64 4143.9 111.12 -879.41 4152.9 110.97 -887.55 4230.9 93.77
2.8417 -851.25 4155.1 111.33 -883.01 4164.5 110.84 -891.77 4243.7 93.764
2.85 -855.73 4166.3 111.55 -886.57 4176.1 110.71 -895.84 4256.5 93.721
2.8583 -860.07 4177.6 111.81 -890.11 4187.6 110.57 -899.73 4269.3 93.644
2.8667 -864.29 4189 112.1 -893.66 4199.2 110.43 -903.47 4282.1 93.538
2.875 -868.38 4200.3 112.43 -897.22 4210.7 110.28 -907.05 4294.8 93.409
2.8833 -872.35 4211.7 112.8 -900.82 4222.2 110.12 -910.49 4307.5 93.263
2.8917 -876.23 4223.2 113.21 -904.44 4233.8 109.95 -913.8 4320.2 93.106
2.9 -880.03 4234.6 113.65 -908.09 4245.4 109.76 -916.99 4332.7 92.943
2.9083 -883.78 4245.9 114.12 -911.77 4257.1 109.55 -920.08 4345.2 92.776
2.9167 -887.49 4257.3 114.61 -915.46 4268.8 109.34 -923.08 4357.6 92.605
2.925 -891.19 4268.5 115.11 -919.15 4280.5 109.13 -926.02 4369.9 92.43
2.9333 -894.89 4279.6 115.6 -922.83 4292.3 108.91 -928.91 4382.2 92.248
2.9417 -898.6 4290.7 116.1 -926.5 4304.1 108.71 -931.77 4394.5 92.059
2.95 -902.32 4301.7 116.58 -930.15 4315.9 108.52 -934.59 4406.7 91.858
2.9583 -906.04 4312.6 117.06 -933.77 4327.7 108.34 -937.41 4418.9 91.647
2.9667 -909.76 4323.5 117.52 -937.37 4339.6 108.19 -940.22 4431.1 91.425
2.975 -913.47 4334.3 117.97 -940.95 4351.6 108.06 -943.03 4443.4 91.193
2.9833 -917.15 4345.3 118.41 -944.52 4363.6 107.95 -945.84 4455.6 90.955
2.9917 -920.79 4356.3 118.83 -948.08 4375.6 107.86 -948.67 4467.8 90.713
3 -924.39 4367.5 119.24 -951.65 4387.8 107.78 -951.51 4480.1 90.469
3.0083 -927.92 4378.8 119.63 -955.23 4400 107.71 -954.36 4492.4 90.227
3.0167 -931.39 4390.3 120 -958.82 4412.3 107.65 -957.22 4504.7 89.987
3.025 -934.8 4402.1 120.33 -962.43 4424.7 107.59 -960.09 4517 89.747
3.0333 -938.16 4414 120.62 -966.04 4437.1 107.53 -962.95 4529.3 89.505
3.0417 -941.47 4426.1 120.86 -969.67 4449.6 107.47 -965.81 4541.7 89.259
3.05 -944.75 4438.4 121.06 -973.29 4462.2 107.42 -968.65 4554.1 89.002
3.0583 -948 4450.8 121.21 -976.9 4474.8 107.37 -971.46 4566.5 88.732
3.0667 -951.24 4463.5 121.33 -980.49 4487.4 107.32 -974.24 4578.9 88.447
3.075 -954.49 4476.3 121.4 -984.05 4500 107.29 -976.97 4591.3 88.147
3.0833 -957.76 4489.2 121.46 -987.57 4512.6 107.27 -979.67 4603.9 87.833
3.0917 -961.06 4502.2 121.5 -991.03 4525.3 107.26 -982.33 4616.4 87.513
3.1 -964.42 4515.2 121.53 -994.44 4538 107.26 -984.95 4629 87.193
3.1083 -967.83 4528.3 121.55 -997.79 4550.7 107.26 -987.54 4641.7 86.883
3.1167 -971.29 4541.3 121.56 -1001.1 4563.6 107.27 -990.11 4654.5 86.594
3.125 -974.78 4554.3 121.57 -1004.3 4576.5 107.27 -992.68 4667.4 86.334
3.1333 -978.3 4567.4 121.58 -1007.5 4589.6 107.25 -995.25 4680.3 86.109
3.1417 -981.85 4580.5 121.59 -1010.6 4602.8 107.21 -997.83 4693.3 85.923
3.15 -985.43 4593.6 121.6 -1013.6 4616.1 107.15 -1000.4 4706.4 85.772
3.1583 -989.05 4606.9 121.6 -1016.6 4629.6 107.05 -1003.1 4719.6 85.653
3.1667 -992.71 4620.4 121.59 -1019.5 4643.2 106.91 -1005.7 4732.8 85.556
3.175 -996.43 4634.1 121.56 -1022.3 4656.9 106.73 -1008.4 4746.1 85.468
3.1833 -1000.2 4647.9 121.5 -1025.2 4670.8 106.52 -1011 4759.5 85.376
3.1917 -1004 4662 121.4 -1027.9 4684.7 106.29 -1013.7 4773 85.269
3.2 -1007.9 4676.2 121.23 -1030.7 4698.7 106.03 -1016.4 4786.4 85.136
3.2083 -1011.7 4690.4 120.99 -1033.4 4712.7 105.76 -1019 4799.9 84.97
3.2167 -1015.6 4704.7 120.67 -1036.1 4726.6 105.5 -1021.6 4813.5 84.769
3.225 -1019.4 4718.9 120.27 -1038.8 4740.6 105.25 -1024.2 4827 84.535
3.2333 -1023.1 4733.1 119.79 -1041.5 4754.4 105.02 -1026.7 4840.5 84.275
3.2417 -1026.7 4747.1 119.26 -1044.3 4768.2 104.83 -1029.2 4854 83.999
3.25 -1030.2 4760.9 118.69 -1047.1 4781.9 104.67 -1031.8 4867.4 83.72
3.2583 -1033.5 4774.5 118.1 -1050.1 4795.3 104.56 -1034.3 4880.7 83.45
3.2667 -1036.7 4788 117.51 -1053.1 4808.7 104.49 -1036.9 4893.9 83.202
3.275 -1039.6 4801.3 116.95 -1056.3 4821.8 104.46 -1039.6 4907.1 82.982
3.2833 -1042.4 4814.4 116.43 -1059.5 4834.7 104.48 -1042.3 4920.2 82.795
3.2917 -1045 4827.3 115.96 -1062.8 4847.5 104.54 -1045.2 4933.1 82.641
3.3 -1047.5 4840.1 115.55 -1066.3 4860 104.63 -1048.2 4946 82.514
3.3083 -1049.9 4852.9 115.19 -1069.8 4872.4 104.74 -1051.3 4958.8 82.406
3.3167 -1052.2 4865.5 114.88 -1073.4 4884.5 104.88 -1054.5 4971.6 82.309
3.325 -1054.6 4878.1 114.62 -1077 4896.5 105.04 -1057.9 4984.2 82.212
3.3333 -1057 4890.6 114.38 -1080.6 4908.3 105.2 -1061.4 4996.9 82.108
3.3417 -1059.4 4903.1 114.16 -1084.3 4920 105.37 -1065 5009.5 81.991
3.35 -1061.9 4915.5 113.95 -1087.9 4931.5 105.55 -1068.7 5022 81.862
3.3583 -1064.4 4927.8 113.74 -1091.6 4943 105.72 -1072.6 5034.6 81.722
3.3667 -1067.1 4940 113.52 -1095.2 4954.4 105.9 -1076.5 5047.1 81.578
3.375 -1069.8 4952 113.28 -1098.9 4965.8 106.08 -1080.5 5059.5 81.44
3.3833 -1072.6 4964 113.03 -1102.5 4977.1 106.26 -1084.7 5071.9 81.318
3.3917 -1075.4 4975.9 112.75 -1106.1 4988.5 106.45 -1088.9 5084.2 81.225
3.4 -1078.4 4987.6 112.45 -1109.8 4999.8 106.63 -1093.2 5096.5 81.169
3.4083 -1081.3 4999.3 112.13 -1113.5 5011.1 106.82 -1097.5 5108.7 81.156
3.4167 -1084.3 5010.8 111.8 -1117.2 5022.5 107.01 -1102 5120.7 81.189
3.425 -1087.4 5022.3 111.46 -1120.9 5033.9 107.2 -1106.5 5132.7 81.267
3.4333 -1090.4 5033.8 111.12 -1124.6 5045.2 107.38 -1111.1 5144.6 81.382
3.4417 -1093.5 5045.2 110.78 -1128.4 5056.6 107.56 -1115.7 5156.4 81.526
3.45 -1096.7 5056.6 110.44 -1132.2 5068 107.72 -1120.3 5168 81.688
3.4583 -1099.8 5068.1 110.1 -1136.1 5079.4 107.86 -1125 5179.6 81.856
3.4667 -1103 5079.5 109.75 -1140 5090.9 107.99 -1129.7 5191.1 82.021
3.475 -1106.2 5091 109.39 -1143.9 5102.4 108.09 -1134.4 5202.5 82.173
3.4833 -1109.5 5102.4 109.02 -1147.8 5113.9 108.17 -1139.1 5213.8 82.308
3.4917 -1112.9 5114 108.62 -1151.7 5125.5 108.22 -1143.8 5225.1 82.422
3.5 -1116.3 5125.5 108.21 -1155.7 5137.2 108.25 -1148.5 5236.4 82.516
3.5083 -1119.8 5137.2 107.79 -1159.7 5148.9 108.25 -1153.1 5247.7 82.59
3.5167 -1123.3 5148.8 107.35 -1163.8 5160.7 108.23 -1157.8 5258.9 82.65
3.525 -1126.9 5160.5 106.92 -1167.9 5172.6 108.19 -1162.5 5270.2 82.697
3.5333 -1130.5 5172.2 106.51 -1172 5184.5 108.14 -1167.1 5281.5 82.735
3.5417 -1134.3 5184 106.12 -1176.2 5196.5 108.08 -1171.8 5292.8 82.766
3.55 -1138 5195.9 105.76 -1180.4 5208.5 108.01 -1176.4 5304.2 82.791
3.5583 -1141.8 5207.8 105.45 -1184.6 5220.5 107.95 -1181 5315.5 82.809
3.5667 -1145.7 5219.7 105.18 -1188.8 5232.5 107.9 -1185.6 5327 82.819
3.575 -1149.6 5231.8 104.94 -1193.1 5244.6 107.86 -1190.2 5338.4 82.818
3.5833 -1153.7 5244 104.73 -1197.3 5256.7 107.83 -1194.8 5349.9 82.806
3.5917 -1157.8 5256.4 104.54 -1201.7 5268.8 107.81 -1199.3 5361.4 82.78
3.6 -1162.1 5268.9 104.36 -1206 5280.9 107.81 -1203.9 5373 82.744
3.6083 -1166.6 5281.4 104.18 -1210.3 5293.1 107.82 -1208.4 5384.6 82.7
3.6167 -1171.1 5294.1 104.02 -1214.8 5305.4 107.84 -1212.9 5396.3 82.651
3.625 -1175.8 5306.8 103.85 -1219.2 5317.7 107.87 -1217.4 5408 82.603
3.6333 -1180.5 5319.6 103.69 -1223.7 5330.1 107.92 -1221.9 5419.7 82.562
3.6417 -1185.3 5332.5 103.51 -1228.3 5342.6 107.97 -1226.5 5431.5 82.532
3.65 -1190.3 5345.4 103.34 -1232.9 5355.2 108.03 -1231.1 5443.3 82.516
3.6583 -1195.3 5358.5 103.15 -1237.7 5367.8 108.1 -1235.7 5455.3 82.515
3.6667 -1200.3 5371.8 102.96 -1242.5 5380.4 108.18 -1240.4 5467.3 82.528
3.675 -1205.5 5385.2 102.77 -1247.4 5393.1 108.26 -1245.2 5479.5 82.548
3.6833 -1210.7 5398.9 102.6 -1252.3 5405.7 108.35 -1249.9 5491.8 82.567
3.6917 -1215.9 5412.8 102.45 -1257.3 5418.4 108.44 -1254.7 5504.1 82.578
3.7 -1221.3 5426.9 102.34 -1262.4 5431.1 108.54 -1259.5 5516.6 82.57
3.7083 -1226.6 5441.2 102.29 -1267.6 5443.7 108.64 -1264.4 5529.2 82.534
3.7167 -1232 5455.6 102.32 -1272.7 5456.3 108.74 -1269.1 5541.9 82.464
3.725 -1237.5 5470.1 102.43 -1277.9 5469 108.84 -1273.9 5554.5 82.357
3.7333 -1242.9 5484.5 102.64 -1283.1 5481.6 108.93 -1278.6 5567.2 82.214
3.7417 -1248.3 5498.8 102.95 -1288.2 5494.4 109 -1283.3 5579.8 82.041
3.75 -1253.6 5513 103.34 -1293.3 5507.1 109.05 -1287.9 5592.4 81.847
3.7583 -1258.9 5526.9 103.82 -1298.4 5520 109.08 -1292.5 5604.8 81.645
3.7667 -1264.2 5540.5 104.36 -1303.3 5532.9 109.09 -1297.1 5617.2 81.45
3.775 -1269.3 5553.8 104.94 -1308.2 5546 109.06 -1301.7 5629.4 81.275
3.7833 -1274.4 5566.7 105.52 -1312.9 5559.1 108.99 -1306.4 5641.5 81.134
3.7917 -1279.4 5579.3 106.07 -1317.5 5572.2 108.9 -1311 5653.5 81.038
3.8 -1284.3 5591.6 106.58 -1321.9 5585.4 108.76 -1315.7 5665.5 80.994
3.8083 -1289.1 5603.5 107.02 -1326.2 5598.6 108.59 -1320.4 5677.5 81.006
3.8167 -1293.8 5615.3 107.39 -1330.4 5611.7 108.39 -1325.1 5689.5 81.07
3.825 -1298.5 5626.9 107.68 -1334.4 5624.7 108.17 -1329.8 5701.6 81.18
3.8333 -1303.2 5638.4 107.89 -1338.3 5637.5 107.92 -1334.4 5713.9 81.325
3.8417 -1307.8 5649.7 108.05 -1342.1 5650.1 107.65 -1338.9 5726.2 81.493
3.85 -1312.3 5661.1 108.15 -1345.7 5662.5 107.37 -1343.2 5738.8 81.669
3.8583 -1316.8 5672.4 108.21 -1349.2 5674.7 107.07 -1347.4 5751.5 81.837
3.8667 -1321.2 5683.6 108.25 -1352.7 5686.8 106.77 -1351.3 5764.3 81.985
3.875 -1325.4 5694.9 108.29 -1356 5698.6 106.46 -1355 5777.3 82.101
3.8833 -1329.5 5706.1 108.35 -1359.3 5710.3 106.15 -1358.5 5790.4 82.178
3.8917 -1333.4 5717.3 108.42 -1362.6 5721.9 105.83 -1361.6 5803.5 82.211
3.9 -1337.2 5728.6 108.53 -1365.8 5733.5 105.5 -1364.5 5816.6 82.198
3.9083 -1340.7 5739.8 108.69 -1368.9 5745.1 105.17 -1367.2 5829.6 82.142
3.9167 -1344.2 5751 108.89 -1372.1 5756.7 104.84 -1369.7 5842.6 82.044
3.925 -1347.5 5762.2 109.13 -1375.2 5768.4 104.5 -1372.1 5855.5 81.911
3.9333 -1350.7 5773.4 109.41 -1378.3 5780.2 104.16 -1374.3 5868.2 81.746
3.9417 -1353.8 5784.7 109.73 -1381.4 5792.1 103.81 -1376.4 5880.9 81.555
3.95 -1356.9 5795.9 110.07 -1384.6 5804 103.47 -1378.4 5893.4 81.344
3.9583 -1360 5807.1 110.44 -1387.7 5816.1 103.13 -1380.4 5905.8 81.118
3.9667 -1363.1 5818.3 110.82 -1390.8 5828.2 102.79 -1382.3 5918.1 80.88
3.975 -1366.2 5829.4 111.22 -1393.8 5840.3 102.46 -1384.3 5930.4 80.635
3.9833 -1369.3 5840.5 111.62 -1396.9 5852.4 102.15 -1386.2 5942.6 80.386
3.9917 -1372.4 5851.6 112.03 -1400 5864.5 101.85 -1388.1 5954.7 80.135
4 -1375.5 5862.7 112.45 -1403 5876.6 101.57 -1390 5966.9 79.885
4.0083 -1378.6 5873.7 112.87 -1406.1 5888.7 101.31 -1391.9 5979 79.638
4.0167 -1381.6 5884.8 113.3 -1409.1 5900.9 101.06 -1393.8 5991.2 79.393
4.025 -1384.6 5896 113.71 -1412.1 5913 100.84 -1395.7 6003.3 79.149
4.0333 -1387.4 5907.3 114.12 -1415.1 5925.2 100.64 -1397.5 6015.5 78.905
4.0417 -1390.2 5918.6 114.51 -1418 5937.4 100.46 -1399.3 6027.7 78.66
4.05 -1392.9 5930.2 114.86 -1420.9 5949.7 100.29 -1401.1 6039.8 78.409
4.0583 -1395.5 5941.9 115.18 -1423.8 5962.1 100.15 -1403 6052 78.15
4.0667 -1398.1 5953.9 115.45 -1426.7 5974.6 100.03 -1404.8 6064.2 77.881
4.075 -1400.6 5966 115.67 -1429.5 5987.2 99.93 -1406.6 6076.4 77.602
4.0833 -1403.2 5978.3 115.84 -1432.3 5999.9 99.851 -1408.4 6088.7 77.311
4.0917 -1405.7 5990.8 115.98 -1435.1 6012.6 99.794 -1410.1 6100.9 77.01
4.1 -1408.3 6003.5 116.07 -1437.8 6025.4 99.758 -1411.9 6113.3 76.702
4.1083 -1410.9 6016.4 116.15 -1440.5 6038.3 99.743 -1413.7 6125.7 76.392
4.1167 -1413.5 6029.4 116.21 -1443.1 6051.2 99.747 -1415.4 6138.1 76.085
4.125 -1416.1 6042.5 116.26 -1445.7 6064.2 99.763 -1417 6150.6 75.785
4.1333 -1418.8 6055.7 116.3 -1448.2 6077.2 99.79 -1418.7 6163.1 75.498
4.1417 -1421.5 6068.8 116.34 -1450.6 6090.3 99.821 -1420.2 6175.7 75.227
4.15 -1424.2 6081.9 116.38 -1453 6103.4 99.85 -1421.7 6188.4 74.973
4.1583 -1426.9 6095 116.43 -1455.3 6116.6 99.866 -1423.2 6201.2 74.737
4.1667 -1429.7 6108.1 116.48 -1457.5 6129.9 99.865 -1424.5 6214 74.514
4.175 -1432.5 6121.2 116.54 -1459.6 6143.3 99.839 -1425.9 6227 74.3
4.1833 -1435.3 6134.5 116.6 -1461.6 6156.9 99.782 -1427.1 6240 74.09
4.1917 -1438.3 6147.9 116.66 -1463.6 6170.5 99.689 -1428.4 6253.1 73.877
4.2 -1441.2 6161.5 116.7 -1465.4 6184.3 99.561 -1429.6 6266.3 73.656
4.2083 -1444.2 6175.3 116.71 -1467.1 6198.2 99.398 -1430.7 6279.6 73.424
4.2167 -1447.3 6189.4 116.67 -1468.7 6212.1 99.201 -1431.9 6292.9 73.177
4.225 -1450.4 6203.6 116.57 -1470.3 6226.2 98.978 -1433 6306.4 72.918
4.2333 -1453.5 6218 116.39 -1471.7 6240.3 98.736 -1434.1 6320 72.648
4.2417 -1456.7 6232.5 116.12 -1473.1 6254.4 98.487 -1435.2 6333.6 72.373
4.25 -1459.8 6247 115.77 -1474.5 6268.5 98.231 -1436.2 6347.3 72.1
4.2583 -1462.9 6261.4 115.34 -1475.8 6282.6 97.985 -1437.2 6361.1 71.834
4.2667 -1466 6275.7 114.84 -1477.2 6296.6 97.756 -1438.2 6374.8 71.581
4.275 -1468.9 6289.8 114.28 -1478.6 6310.5 97.548 -1439.2 6388.5 71.345
4.2833 -1471.7 6303.6 113.68 -1480 6324.2 97.368 -1440.1 6402.1 71.128
4.2917 -1474.3 6317.2 113.06 -1481.6 6337.9 97.218 -1441 6415.7 70.927
4.3 -1476.7 6330.6 112.43 -1483.2 6351.4 97.099 -1441.8 6429.2 70.739
4.3083 -1478.8 6343.8 111.81 -1484.9 6364.7 97.008 -1442.7 6442.6 70.557
4.3167 -1480.6 6356.7 111.2 -1486.7 6377.8 96.945 -1443.6 6455.9 70.372
4.325 -1482.3 6369.5 110.62 -1488.6 6390.7 96.903 -1444.5 6469.1 70.177
4.3333 -1483.8 6382.2 110.07 -1490.6 6403.4 96.878 -1445.4 6482.2 69.964
4.3417 -1485.1 6394.9 109.54 -1492.7 6415.9 96.863 -1446.4 6495.2 69.727
4.35 -1486.3 6407.5 109.04 -1494.7 6428.2 96.854 -1447.5 6508.1 69.464
4.3583 -1487.4 6420.2 108.56 -1496.9 6440.3 96.846 -1448.6 6521 69.176
4.3667 -1488.3 6433 108.09 -1499 6452.2 96.834 -1449.9 6533.7 68.869
4.375 -1489.3 6445.7 107.63 -1501 6464 96.815 -1451.3 6546.5 68.552
4.3833 -1490.2 6458.5 107.17 -1503 6475.6 96.79 -1452.8 6559.1 68.234
4.3917 -1491.1 6471.3 106.71 -1505 6487 96.756 -1454.4 6571.8 67.927
4.4 -1492 6484.1 106.25 -1506.9 6498.4 96.715 -1456.1 6584.4 67.644
4.4083 -1493 6496.7 105.78 -1508.7 6509.7 96.67 -1458 6596.9 67.394
4.4167 -1494.1 6509.3 105.29 -1510.5 6520.9 96.622 -1460 6609.3 67.185
4.425 -1495.2 6521.6 104.79 -1512.2 6532.2 96.574 -1462.1 6621.7 67.022
4.4333 -1496.4 6533.9 104.28 -1513.8 6543.5 96.53 -1464.3 6634.1 66.905
4.4417 -1497.7 6545.9 103.76 -1515.4 6554.7 96.493 -1466.5 6646.3 66.829
4.45 -1499 6557.8 103.23 -1517 6566.1 96.463 -1468.8 6658.5 66.787
4.4583 -1500.3 6569.6 102.69 -1518.6 6577.4 96.441 -1471 6670.6 66.77
4.4667 -1501.7 6581.3 102.14 -1520.2 6588.9 96.43 -1473.3 6682.6 66.767
4.475 -1503.1 6592.9 101.59 -1521.8 6600.3 96.426 -1475.6 6694.6 66.765
4.4833 -1504.5 6604.6 101.04 -1523.5 6611.9 96.428 -1477.8 6706.4 66.752
4.4917 -1505.8 6616.2 100.48 -1525.2 6623.4 96.432 -1480 6718.2 66.721
4.5 -1507.1 6627.8 99.926 -1526.9 6635.1 96.436 -1482.1 6729.9 66.663
4.5083 -1508.5 6639.5 99.364 -1528.6 6646.7 96.437 -1484.2 6741.5 66.575
4.5167 -1509.8 6651.3 98.791 -1530.4 6658.4 96.43 -1486.3 6753 66.456
4.525 -1511.1 6663.1 98.204 -1532.2 6670.2 96.415 -1488.3 6764.5 66.309
4.5333 -1512.4 6675 97.601 -1533.9 6682 96.391 -1490.2 6775.9 66.136
4.5417 -1513.8 6686.9 96.981 -1535.7 6693.8 96.355 -1492.2 6787.3 65.944
4.55 -1515.2 6698.8 96.346 -1537.5 6705.7 96.311 -1494.1 6798.6 65.739
4.5583 -1516.8 6710.8 95.705 -1539.2 6717.7 96.26 -1496 6810 65.528
4.5667 -1518.4 6722.7 95.067 -1541 6729.6 96.205 -1497.8 6821.4 65.316
4.575 -1520.1 6734.7 94.443 -1542.7 6741.7 96.148 -1499.7 6832.8 65.107
4.5833 -1521.9 6746.6 93.849 -1544.5 6753.7 96.092 -1501.5 6844.2 64.904
4.5917 -1523.8 6758.6 93.293 -1546.2 6765.8 96.039 -1503.3 6855.7 64.708
4.6 -1525.7 6770.5 92.786 -1547.9 6777.9 95.992 -1505.1 6867.3 64.518
4.6083 -1527.7 6782.6 92.33 -1549.7 6790.1 95.948 -1506.9 6879 64.333
4.6167 -1529.8 6794.7 91.925 -1551.4 6802.3 95.907 -1508.6 6890.7 64.152
4.625 -1531.9 6807 91.562 -1553.1 6814.5 95.866 -1510.3 6902.5 63.973
4.6333 -1534 6819.4 91.234 -1554.9 6826.7 95.822 -1512 6914.4 63.794
4.6417 -1536.1 6832 90.932 -1556.7 6839 95.771 -1513.7 6926.3 63.614
4.65 -1538.3 6844.8 90.649 -1558.5 6851.4 95.71 -1515.3 6938.2 63.433
4.6583 -1540.4 6857.7 90.372 -1560.3 6863.8 95.636 -1516.9 6950.2 63.251
4.6667 -1542.5 6870.8 90.103 -1562.1 6876.2 95.548 -1518.5 6962.2 63.069
4.675 -1544.7 6884 89.822 -1563.9 6888.7 95.444 -1520 6974.2 62.887
4.6833 -1546.9 6897.3 89.534 -1565.7 6901.3 95.327 -1521.6 6986.2 62.706
4.6917 -1549.1 6910.8 89.227 -1567.6 6913.9 95.198 -1523.2 6998.3 62.525
4.7 -1551.3 6924.4 88.897 -1569.4 6926.6 95.059 -1524.7 7010.3 62.343
4.7083 -1553.6 6938.1 88.545 -1571.2 6939.2 94.913 -1526.3 7022.5 62.158
4.7167 -1556 6952.1 88.177 -1573 6951.9 94.764 -1527.8 7034.6 61.969
4.725 -1558.3 6966.2 87.798 -1574.9 6964.6 94.612 -1529.3 7046.9 61.772
4.7333 -1560.7 6980.6 87.424 -1576.7 6977.3 94.458 -1530.7 7059.2 61.565
4.7417 -1563.1 6995.1 87.067 -1578.5 6990 94.302 -1532.1 7071.5 61.346
4.75 -1565.5 7009.8 86.748 -1580.3 7002.7 94.14 -1533.4 7083.9 61.113
4.7583 -1567.8 7024.6 86.476 -1582.1 7015.4 93.968 -1534.6 7096.4 60.866
4.7667 -1570.1 7039.4 86.27 -1583.9 7028 93.781 -1535.8 7108.9 60.607
4.775 -1572.3 7054.2 86.134 -1585.6 7040.7 93.571 -1536.8 7121.4 60.336
4.7833 -1574.4 7068.9 86.071 -1587.3 7053.3 93.333 -1537.8 7133.9 60.058
4.7917 -1576.4 7083.4 86.074 -1588.9 7066 93.06 -1538.8 7146.4 59.774
4.8 -1578.4 7097.7 86.13 -1590.4 7078.6 92.748 -1539.7 7158.8 59.488
4.8083 -1580.3 7111.6 86.221 -1591.8 7091.4 92.394 -1540.5 7171.2 59.203
4.8167 -1582.1 7125.2 86.324 -1593.1 7104.1 91.998 -1541.3 7183.4 58.92
4.825 -1583.8 7138.5 86.414 -1594.3 7116.9 91.561 -1542.1 7195.6 58.639
4.8333 -1585.5 7151.5 86.465 -1595.3 7129.7 91.087 -1542.8 7207.7 58.362
4.8417 -1587.1 7164.1 86.463 -1596.2 7142.5 90.583 -1543.4 7219.8 58.085
4.85 -1588.7 7176.5 86.394 -1596.9 7155.3 90.054 -1543.9 7231.8 57.807
4.8583 -1590.2 7188.6 86.263 -1597.4 7168 89.509 -1544.3 7243.8 57.525
4.8667 -1591.6 7200.6 86.076 -1597.8 7180.7 88.955 -1544.6 7255.8 57.237
4.875 -1592.8 7212.4 85.849 -1598.1 7193.3 88.397 -1544.6 7267.8 56.942
4.8833 -1593.8 7224.1 85.598 -1598.2 7205.8 87.839 -1544.5 7279.9 56.638
4.8917 -1594.5 7235.7 85.341 -1598.2 7218.2 87.282 -1544.1 7292 56.325
4.9 -1595 7247.1 85.094 -1598.1 7230.4 86.726 -1543.5 7304.2 56.003
4.9083 -1595 7258.4 84.871 -1598 7242.4 86.166 -1542.6 7316.4 55.673
4.9167 -1594.8 7269.6 84.684 -1597.7 7254.3 85.598 -1541.4 7328.7 55.337
4.925 -1594.2 7280.5 84.539 -1597.3 7266.1 85.017 -1540 7340.9 54.994
4.9333 -1593.4 7291.3 84.438 -1596.8 7277.8 84.415 -1538.4 7353.1 54.646
4.9417 -1592.3 7302 84.381 -1596.3 7289.4 83.789 -1536.5 7365.3 54.291
4.95 -1591 7312.5 84.362 -1595.6 7301 83.134 -1534.5 7377.3 53.927
4.9583 -1589.7 7322.8 84.378 -1594.8 7312.5 82.448 -1532.4 7389.2 53.552
4.9667 -1588.2 7333 84.417 -1593.8 7324.1 81.733 -1530.1 7400.9 53.164
4.975 -1586.6 7343.1 84.472 -1592.8 7335.6 80.993 -1527.7 7412.5 52.757
4.9833 -1584.9 7353.2 84.537 -1591.6 7347.1 80.233 -1525.2 7423.8 52.331
4.9917 -1583.3 7363.2 84.609 -1590.2 7358.7 79.465 -1522.7 7435 51.882
5 -1581.7 7373.2 84.683 -1588.7 7370.3 78.695 -1520.2 7446 51.411
5.0083 -1580.1 7383.1 84.759 -1587 7381.9 77.935 -1517.6 7456.9 50.917
5.0167 -1578.5 7393.1 84.834 -1585.2 7393.5 77.198 -1514.9 7467.6 50.401
5.025 -1577.1 7403 84.907 -1583.3 7405 76.49 -1512.2 7478.3 49.869
5.0333 -1575.7 7412.9 84.978 -1581.4 7416.6 75.822 -1509.4 7488.9 49.324
5.0417 -1574.3 7422.7 85.045 -1579.3 7428.1 75.197 -1506.5 7499.4 48.77
5.05 -1573 7432.6 85.108 -1577.1 7439.6 74.619 -1503.5 7510 48.213
5.0583 -1571.6 7442.5 85.164 -1574.9 7451 74.088 -1500.5 7520.5 47.658
5.0667 -1570.2 7452.5 85.211 -1572.6 7462.4 73.605 -1497.4 7531.1 47.108
5.075 -1568.8 7462.5 85.248 -1570.3 7473.8 73.165 -1494.2 7541.6 46.567
5.0833 -1567.2 7472.5 85.269 -1567.8 7485.1 72.764 -1490.8 7552.2 46.036
5.0917 -1565.4 7482.7 85.271 -1565.3 7496.4 72.399 -1487.5 7562.8 45.517
5.1 -1563.4 7493 85.25 -1562.8 7507.7 72.065 -1484 7573.5 45.012
5.1083 -1561.2 7503.4 85.205 -1560.1 7519 71.757 -1480.4 7584.1 44.52
5.1167 -1558.7 7513.9 85.135 -1557.3 7530.2 71.472 -1476.8 7594.7 44.042
5.125 -1556 7524.5 85.043 -1554.4 7541.3 71.207 -1473.1 7605.3 43.581
5.1333 -1552.9 7535.2 84.933 -1551.3 7552.5 70.961 -1469.3 7615.8 43.138
5.1417 -1549.6 7546.1 84.815 -1548.1 7563.5 70.733 -1465.4 7626.4 42.715
5.15 -1546 7557.2 84.693 -1544.7 7574.5 70.521 -1461.4 7636.9 42.315
5.1583 -1542.2 7568.3 84.574 -1541.2 7585.4 70.325 -1457.3 7647.3 41.939
5.1667 -1538.2 7579.7 84.467 -1537.5 7596.2 70.143 -1453.1 7657.8 41.589
5.175 -1534.2 7591.1 84.358 -1533.7 7606.9 69.974 -1448.9 7668.2 41.264
5.1833 -1530.3 7602.7 84.249 -1529.7 7617.6 69.814 -1444.5 7678.6 40.964
5.1917 -1526.4 7614.4 84.123 -1525.6 7628.1 69.66 -1440 7688.9 40.686
5.2 -1522.6 7626.1 83.969 -1521.3 7638.7 69.508 -1435.3 7699.2 40.425
5.2083 -1518.9 7637.9 83.785 -1516.9 7649.2 69.35 -1430.6 7709.5 40.177
5.2167 -1515.3 7649.7 83.565 -1512.3 7659.7 69.182 -1425.8 7719.7 39.936
5.225 -1511.7 7661.6 83.314 -1507.6 7670.2 68.997 -1420.8 7729.9 39.698
5.2333 -1508.1 7673.6 83.038 -1502.7 7680.6 68.792 -1415.7 7740.1 39.458
5.2417 -1504.4 7685.7 82.746 -1497.7 7691.1 68.562 -1410.5 7750.2 39.213
5.25 -1500.5 7698 82.446 -1492.5 7701.6 68.306 -1405.2 7760.2 38.961
5.2583 -1496.4 7710.3 82.143 -1487.2 7712 68.022 -1399.8 7770.2 38.703
5.2667 -1492 7722.6 81.836 -1481.7 7722.5 67.712 -1394.2 7780.1 38.438
5.275 -1487.2 7735 81.521 -1476.2 7732.9 67.379 -1388.6 7789.9 38.169
5.2833 -1482.1 7747.2 81.189 -1470.5 7743.3 67.026 -1382.9 7799.6 37.894
5.2917 -1476.7 7759.4 80.83 -1464.7 7753.6 66.658 -1377 7809.3 37.615
5.3 -1471 7771.3 80.434 -1458.9 7763.9 66.276 -1371.1 7818.9 37.331
5.3083 -1465.1 7782.9 79.991 -1453.1 7774.2 65.884 -1365.1 7828.4 37.036
5.3167 -1459 7794.2 79.491 -1447.3 7784.5 65.487 -1359.1 7837.8 36.726
5.325 -1452.8 7805.1 78.93 -1441.5 7794.7 65.081 -1353 7847.1 36.396
5.3333 -1446.6 7815.7 78.304 -1435.9 7804.9 64.668 -1346.9 7856.3 36.038
5.3417 -1440.4 7825.9 77.616 -1430.3 7815 64.245 -1340.7 7865.4 35.645
5.35 -1434.3 7835.7 76.869 -1424.8 7825.1 63.809 -1334.6 7874.4 35.213
5.3583 -1428.2 7845.2 76.069 -1419.5 7835.2 63.355 -1328.4 7883.3 34.74
5.3667 -1422.2 7854.4 75.22 -1414.3 7845.1 62.88 -1322.2 7892 34.225
5.375 -1416.4 7863.4 74.325 -1409.3 7854.9 62.379 -1316 7900.7 33.676
5.3833 -1410.6 7872.2 73.392 -1404.5 7864.6 61.849 -1309.9 7909.3 33.098
5.3917 -1404.8 7880.9 72.421 -1399.7 7874.1 61.28 -1303.7 7917.8 32.504
5.4 -1399 7889.4 71.42 -1395.1 7883.5 60.679 -1297.6 7926.2 31.906
5.4083 -1393.1 7897.9 70.393 -1390.6 7892.6 60.032 -1291.4 7934.7 31.317
5.4167 -1387.1 7906.4 69.345 -1386.1 7901.6 59.352 -1285.4 7943.1 30.749
5.425 -1381.1 7914.7 68.282 -1381.7 7910.4 58.625 -1279.4 7951.4 30.209
5.4333 -1374.9 7923 67.206 -1377.2 7919 57.865 -1273.4 7959.8 29.704
5.4417 -1368.6 7931.3 66.12 -1372.8 7927.5 57.07 -1267.5 7968.2 29.235
5.45 -1362.4 7939.4 65.024 -1368.3 7935.9 56.244 -1261.8 7976.5 28.798
5.4583 -1356.1 7947.4 63.919 -1363.7 7944.2 55.398 -1256.1 7984.8 28.387
5.4667 -1349.9 7955.3 62.805 -1359.1 7952.4 54.527 -1250.5 7993.1 27.991
5.475 -1343.8 7963.1 61.682 -1354.4 7960.6 53.636 -1245 8001.2 27.598
5.4833 -1337.7 7970.8 60.547 -1349.6 7968.8 52.74 -1239.6 8009.3 27.196
5.4917 -1331.8 7978.3 59.402 -1344.7 7976.9 51.845 -1234.3 8017.3 26.773
5.5 -1326 7985.6 58.245 -1339.7 7985.1 50.942 -1229.1 8025.1 26.322
5.5083 -1320.3 7992.9 57.076 -1334.7 7993.2 50.047 -1223.9 8032.7 25.835
5.5167 -1314.6 8000 55.898 -1329.6 8001.2 49.159 -1218.7 8040.2 25.311
5.525 -1309 8007 54.711 -1324.4 8009.3 48.27 -1213.5 8047.5 24.754
5.5333 -1303.2 8013.9 53.517 -1319.1 8017.2 47.388 -1208.3 8054.7 24.167
5.5417 -1297.4 8020.8 52.317 -1313.8 8025.2 46.503 -1203 8061.7 23.561
5.55 -1291.6 8027.7 51.113 -1308.4 8033.1 45.617 -1197.6 8068.7 22.945
5.5583 -1285.6 8034.5 49.905 -1303 8041 44.723 -1192.2 8075.7 22.33
5.5667 -1279.5 8041.3 48.693 -1297.6 8048.8 43.822 -1186.6 8082.6 21.727
5.575 -1273.3 8048.2 47.476 -1292 8056.7 42.906 -1181 8089.5 21.142
5.5833 -1267.1 8055 46.253 -1286.4 8064.5 41.982 -1175.2 8096.4 20.582
5.5917 -1260.8 8061.9 45.027 -1280.7 8072.3 41.052 -1169.3 8103.4 20.049
5.6 -1254.5 8068.9 43.797 -1275 8080.1 40.119 -1163.4 8110.3 19.54
5.6083 -1248.3 8075.8 42.576 -1269.1 8087.9 39.194 -1157.4 8117.2 19.053
5.6167 -1242 8082.8 41.368 -1263.2 8095.6 38.283 -1151.3 8124.1 18.579
5.625 -1235.9 8089.7 40.19 -1257.1 8103.3 37.396 -1145.2 8131 18.112
5.6333 -1229.7 8096.7 39.051 -1250.9 8111 36.541 -1139.1 8137.7 17.64
5.6417 -1223.6 8103.6 37.966 -1244.7 8118.6 35.723 -1132.9 8144.3 17.157
5.65 -1217.5 8110.5 36.942 -1238.3 8126.2 34.947 -1126.7 8150.8 16.651
5.6583 -1211.5 8117.3 35.985 -1231.8 8133.7 34.212 -1120.4 8157.2 16.117
5.6667 -1205.4 8124.1 35.098 -1225.2 8141.1 33.514 -1114.2 8163.5 15.55
5.675 -1199.3 8130.9 34.274 -1218.5 8148.6 32.846 -1107.8 8169.6 14.946
5.6833 -1193.2 8137.8 33.508 -1211.7 8156 32.2 -1101.4 8175.8 14.304
5.6917 -1187 8144.7 32.79 -1204.8 8163.4 31.566 -1095 8181.8 13.627
5.7 -1180.7 8151.7 32.103 -1197.8 8170.9 30.934 -1088.4 8187.9 12.915
5.7083 -1174.3 8158.7 31.438 -1190.8 8178.4 30.296 -1081.8 8194 12.174
5.7167 -1167.8 8165.8 30.791 -1183.6 8186 29.647 -1075 8200.1 11.407
5.725 -1161.1 8173 30.156 -1176.4 8193.5 28.985 -1068.2 8206.2 10.618
5.7333 -1154.3 8180.2 29.531 -1169.1 8201 28.31 -1061.2 8212.3 9.8085
5.7417 -1147.3 8187.3 28.916 -1161.8 8208.5 27.627 -1054.1 8218.4 8.9805
5.75 -1140.2 8194.5 28.305 -1154.4 8215.9 26.943 -1047 8224.4 8.1355
5.7583 -1133 8201.6 27.708 -1147 8223.2 26.266 -1039.8 8230.4 7.2716
5.7667 -1125.7 8208.6 27.12 -1139.6 8230.3 25.604 -1032.4 8236.2 6.3862
5.775 -1118.2 8215.5 26.544 -1132.2 8237.3 24.96 -1025 8241.9 5.4769
5.7833 -1110.6 8222.3 25.983 -1124.8 8244.1 24.344 -1017.6 8247.4 4.5419
5.7917 -1103 8229.1 25.436 -1116.1 8251.1 24.243 -1010 8252.7 3.5814
5.8 -1095.4 8235.9 24.907 -1110.1 8257.4 23.181 -1002.4 8258 2.5886
5.8083 -1087.7 8242.7 24.392 -1102.7 8264 22.629 -994.74 8263.1 1.5727
5.8167 -1080 8249.4 23.891 -1095.4 8270.5 22.085 -986.96 8268.2 0.53515
5.825 -1072.4 8256.2 23.399 -1088 8277 21.537 -979.1 8273.2 359.48
5.8333 -1064.9 8262.9 22.912 -1080.6 8283.5 20.978 -971.14 8278.2 358.43
5.8417 -1057.5 8269.6 22.42 -1073.1 8290 20.385 -963.09 8283.2 357.37
5.85 -1050.2 8276.2 21.918 -1065.4 8296.5 19.755 -954.93 8288.1 356.33
5.8583 -1043.2 8282.6 21.396 -1057.6 8303 19.076 -946.67 8293 355.32
5.8667 -1036.3 8288.8 20.844 -1049.7 8309.4 18.339 -938.31 8297.8 354.33
5.875 -1029.7 8294.8 20.253 -1041.5 8315.6 17.537 -929.87 8302.4 353.37
5.8833 -1023.2 8300.4 19.615 -1033.2 8321.6 16.666 -921.34 8306.8 352.45
5.8917 -1017 8305.8 18.925 -1024.6 8327.3 15.726 -912.75 8310.9 351.55
5.9 -1011.1 8310.8 18.182 -1015.9 8332.7 14.714 -904.11 8314.7 350.68
5.9083 -1005.2 8315.6 17.387 -1007 8337.8 13.63 -895.43 8318.1 349.82
5.9167 -999.6 8320.3 16.549 -998.01 8342.6 12.477 -886.72 8321.2 348.96
5.925 -994.06 8324.8 15.678 -988.95 8347.1 11.255 -877.99 8324 348.09
5.9333 -988.58 8329.2 14.786 -979.84 8351.4 9.9648 -869.26 8326.4 347.2
5.9417 -983.1 8333.5 13.884 -970.74 8355.5 8.6099 -860.53 8328.6 346.27
5.95 -977.58 8337.7 12.978 -961.67 8359.5 7.1922 -851.81 8330.6 345.29
5.9583 -972 8341.7 12.065 -952.64 8363.4 5.7149 -843.1 8332.3 344.27
5.9667 -966.4 8345.5 11.136 -943.67 8367.2 4.1825 -834.41 8333.9 343.21
5.975 -960.81 8348.9 10.179 -934.76 8371 2.5992 -825.75 8335.2 342.09
5.9833 -955.27 8352.1 9.1913 -925.9 8374.6 0.9708 -817.13 8336.3 340.94
5.9917 -949.81 8355.1 8.1656 -917.06 8378 359.3 -808.55 8337.1 339.75
6 -944.42 8357.7 7.0973 -908.24 8381.1 357.6 -800.04 8337.6 338.54
6.0083 -939.12 8360 5.9826 -899.44 8384 355.88 -791.6 8337.7 337.31
6.0167 -933.87 8362 4.8346 -890.59 8386.4 354.12 -783.25 8337.4 336.07
6.025 -928.66 8363.6 3.6448 -881.75 8388.5 352.35 -775.01 8336.6 334.82
6.0333 -923.46 8365 2.4185 -872.89 8390.1 350.57 -766.89 8335.5 333.57
6.0417 -918.27 8366 1.1611 -864.03 8391.4 348.78 -758.91 8333.9 332.33
6.05 -913.05 8366.8 359.88 -855.19 8392.3 346.98 -751.08 8332.2 331.09
6.0583 -907.78 8367.6 358.6 -846.38 8393 345.19 -743.42 8330.2 329.86
6.0667 -902.42 8368.5 357.31 -837.62 8393.5 343.39 -735.91 8328.1 328.64
6.075 -896.96 8369.6 356.04 -828.93 8394 341.6 -728.57 8326 327.43
6.0833 -891.4 8371.2 354.79 -820.33 8394.5 339.84 -721.38 8324 326.24
6.0917 -885.71 8373.2 353.56 -811.81 8395 338.08 -714.36 8322 325.08
6.1 -879.92 8375.5 352.33 -803.37 8395.4 336.36 -707.48 8320.1 323.94
6.1083 -874.02 8378 351.12 -795.02 8395.8 334.66 -700.74 8318.1 322.83
6.1167 -868.03 8380.7 349.9 -786.72 8396 333.01 -694.13 8316.1 321.76
6.125 -861.97 8383.3 348.67 -778.49 8395.9 331.38 -687.66 8313.9 320.72
6.1333 -855.86 8385.7 347.43 -770.3 8395.5 329.8 -681.3 8311.4 319.71
6.1417 -849.74 8387.7 346.16 -762.15 8394.6 328.26 -675.08 8308.7 318.74
6.15 -843.62 8389.2 344.86 -754.03 8393.3 326.75 -668.97 8305.6 317.8
6.1583 -837.52 8390.3 343.54 -745.95 8391.4 325.27 -662.98 8302.1 316.88
6.1667 -831.43 8391 342.21 -737.91 8389.1 323.82 -657.11 8298.4 315.99
6.175 -825.34 8391.4 340.88 -729.91 8386.5 322.4 -651.35 8294.4 315.12
6.1833 -819.25 8391.5 339.56 -721.98 8383.7 321 -645.69 8290.4 314.25
6.1917 -813.12 8391.5 338.29 -714.11 8380.8 319.63 -640.12 8286.4 313.4
6.2 -806.96 8391.6 337.06 -706.31 8378 318.29 -634.64 8282.5 312.56
6.2083 -800.72 8391.7 335.9 -698.6 8375.2 316.99 -629.22 8278.9 311.72
6.2167 -794.4 8391.8 334.82 -690.96 8372.5 315.73 -623.84 8275.4 310.9
6.225 -787.97 8392 333.83 -683.4 8370 314.53 -618.5 8272.1 310.08
6.2333 -781.42 8392.2 332.92 -675.91 8367.4 313.37 -613.17 8268.9 309.27
6.2417 -774.74 8392.2 332.09 -668.48 8364.8 312.29 -607.86 8265.7 308.48
6.25 -767.9 8391.8 331.34 -661.09 8361.9 311.26 -602.54 8262.2 307.7
6.2583 -760.92 8391 330.66 -653.75 8358.6 310.31 -597.22 8258.5 306.93
6.2667 -753.77 8389.6 330.03 -646.44 8354.8 309.42 -591.91 8254.3 306.19
6.275 -746.47 8387.6 329.45 -639.17 8350.5 308.6 -586.6 8249.7 305.46
6.2833 -739.03 8384.9 328.9 -631.94 8345.6 307.85 -581.32 8244.6 304.75
6.2917 -731.45 8381.6 328.39 -624.76 8340.3 307.15 -576.07 8239.2 304.06
6.3 -723.74 8377.9 327.89 -617.64 8334.6 306.5 -570.86 8233.5 303.38
6.3083 -715.93 8373.8 327.42 -610.58 8328.8 305.9 -565.69 8227.8 302.73
6.3167 -708.01 8369.4 326.98 -603.58 8322.9 305.35 -560.56 8222.1 302.11
6.325 -700.01 8365 326.56 -596.66 8317.2 304.84 -555.45 8216.7 301.5
6.3333 -691.93 8360.6 326.17 -589.8 8311.7 304.37 -550.36 8211.6 300.93
6.3417 -683.78 8356.1 325.83 -582.97 8306.6 303.94 -545.26 8206.8 300.38
6.35 -675.56 8351.7 325.51 -576.18 8301.6 303.55 -540.13 8202.3 299.86
6.3583 -667.27 8347.1 325.24 -569.4 8296.8 303.2 -534.95 8197.9 299.38
6.3667 -658.93 8342.1 325 -562.6 8291.9 302.89 -529.69 8193.5 298.92
6.375 -650.54 8336.8 324.78 -555.77 8286.8 302.62 -524.35 8188.8 298.49
6.3833 -642.14 8330.8 324.58 -548.89 8281.2 302.4 -518.9 8183.7 298.08
6.3917 -633.74 8324.2 324.37 -541.97 8275 302.21 -513.36 8178.1 297.69
6.4 -625.38 8316.9 324.14 -535.01 8268.2 302.05 -507.74 8171.8 297.32
6.4083 -617.11 8308.9 323.88 -528.02 8260.7 301.92 -502.04 8165 296.97
6.4167 -608.98 8300.5 323.56 -521.02 8252.7 301.82 -496.3 8157.7 296.62
6.425 -601.03 8291.8 323.18 -514.05 8244.4 301.73 -490.54 8150.1 296.29
6.4333 -593.31 8283.1 322.72 -507.13 8236 301.64 -484.78 8142.6 295.96
6.4417 -585.85 8274.8 322.2 -500.29 8227.8 301.57 -479.03 8135.4 295.65
6.45 -578.68 8266.9 321.62 -493.54 8219.9 301.49 -473.31 8128.6 295.35
6.4583 -571.78 8259.7 321 -486.9 8212.7 301.41 -467.63 8122.4 295.06
6.4667 -565.15 8253.3 320.34 -480.36 8206 301.32 -461.96 8116.8 294.79
6.475 -558.75 8247.7 319.66 -473.93 8199.9 301.24 -456.31 8111.8 294.54
6.4833 -552.51 8242.5 318.98 -467.58 8194.2 301.15 -450.65 8107.2 294.31
6.4917 -546.37 8237.8 318.29 -461.3 8188.7 301.07 -444.96 8102.6 294.1
6.5 -540.28 8233 317.61 -455.08 8183.1 300.99 -439.24 8097.9 293.91
6.5083 -534.22 8228.1 316.95 -448.91 8177.2 300.91 -433.46 8092.7 293.73
6.5167 -528.12 8222.6 316.28 -442.79 8170.8 300.85 -427.62 8086.8 293.57
6.525 -521.98 8216.5 315.61 -436.73 8163.9 300.79 -421.75 8080.2 293.42
6.5333 -515.82 8209.8 314.93 -430.74 8156.4 300.73 -415.84 8072.8 293.28
6.5417 -509.62 8202.6 314.25 -424.84 8148.5 300.68 -409.92 8064.8 293.15
6.55 -503.43 8195.1 313.55 -419.06 8140.4 300.63 -404.01 8056.5 293.03
6.5583 -497.27 8187.7 312.85 -413.4 8132.5 300.58 -398.15 8048.2 292.91
6.5667 -491.17 8180.5 312.13 -407.89 8124.9 300.52 -392.34 8040.1 292.8
6.575 -485.16 8173.9 311.4 -402.51 8118 300.46 -386.6 8032.6 292.71
6.5833 -479.23 8168.1 310.66 -397.25 8111.9 300.39 -380.93 8025.9 292.63
6.5917 -473.39 8162.9 309.92 -392.09 8106.6 300.3 -375.33 8019.9 292.56
6.6 -467.63 8158.3 309.17 -386.98 8101.9 300.21 -369.77 8014.7 292.51
6.6083 -461.91 8154.1 308.44 -381.88 8097.6 300.11 -364.23 8009.9 292.48
6.6167 -456.21 8149.9 307.7 -376.75 8093.3 300 -358.71 8005.4 292.46
6.625 -450.51 8145.4 306.98 -371.55 8088.8 299.88 -353.18 8000.6 292.45
6.6333 -444.77 8140.2 306.27 -366.26 8083.6 299.76 -347.64 7995.3 292.45
6.6417 -438.99 8134.1 305.56 -360.89 8077.5 299.64 -342.09 7989.2 292.46
6.65 -433.17 8127.1 304.85 -355.44 8070.4 299.51 -336.54 7982.3 292.47
6.6583 -427.31 8119.1 304.15 -349.96 8062.4 299.39 -331.02 7974.5 292.48
6.6667 -421.46 8110.4 303.45 -344.47 8053.7 299.26 -325.55 7966.1 292.49
6.675 -415.62 8101.4 302.74 -339.04 8044.7 299.14 -320.16 7957.4 292.5
6.6833 -409.84 8092.4 302.03 -333.7 8035.7 299.02 -314.88 7948.8 292.5
6.6917 -404.11 8083.9 301.31 -328.47 8027.2 298.91 -309.7 7940.7 292.51
6.7 -398.45 8076.1 300.59 -323.37 8019.5 298.8 -304.62 7933.3 292.52
6.7083 -392.82 8069.3 299.88 -318.37 8012.8 298.69 -299.62 7926.9 292.53
6.7167 -387.17 8063.5 299.18 -313.42 8007.1 298.59 -294.64 7921.5 292.56
6.725 -381.48 8058.4 298.51 -308.46 8002.1 298.49 -289.63 7916.9 292.59
6.7333 -375.66 8053.7 297.88 -303.42 7997.6 298.4 -284.54 7912.6 292.63
6.7417 -369.65 8049 297.3 -298.21 7993 298.3 -279.32 7908.4 292.68
6.75 -363.42 8043.7 296.78 -292.79 7987.9 298.21 -273.92 7903.7 292.73
6.7583 -356.94 8037.6 296.31 -287.12 7981.9 298.11 -268.34 7898.1 292.78
6.7667 -350.28 8030.2 295.92 -281.22 7974.6 298.01 -262.61 7891.4 292.83
6.775 -343.44 8021.7 295.6 -275.13 7966.1 297.9 -256.79 7883.4 292.86
6.7833 -336.56 8012.1 295.31 -268.96 7956.5 297.79 -250.97 7874.4 292.89
6.7917 -329.78 8001.8 295.08 -262.84 7946.2 297.68 -245.28 7864.7 292.89
6.8 -323.26 7991.4 294.89 -256.95 7935.9 297.56 -239.86 7855 292.88
