0.0083333 -17.689 2.9 96.856 -48.592 98.052 86.185 -19.181 197.19 83.954
0.016667 -16.831 10.291 96.815 -47.72 106.79 86.095 -17.946 205.45 84.034
0.025 -15.93 17.946 96.773 -46.778 115.71 85.97 -16.632 213.78 84.1
0.033333 -14.992 25.881 96.727 -45.76 124.83 85.808 -15.245 222.2 84.154
0.041667 -14.028 34.115 96.672 -44.658 134.1 85.612 -13.792 230.74 84.196
0.05 -13.051 42.655 96.605 -43.472 143.54 85.382 -12.28 239.42 84.229
0.058333 -12.077 51.504 96.525 -42.201 153.12 85.122 -10.719 248.28 84.257
0.066667 -11.123 60.664 96.43 -40.846 162.82 84.842 -9.1191 257.35 84.285
0.075 -10.203 70.121 96.321 -39.416 172.61 84.546 -7.4893 266.62 84.316
0.083333 -9.3285 79.859 96.199 -37.92 182.48 84.241 -5.8395 276.12 84.356
0.091667 -8.5046 89.857 96.066 -36.371 192.41 83.936 -4.1785 285.84 84.406
0.1 -7.7325 100.08 95.924 -34.786 202.39 83.634 -2.5143 295.75 84.466
0.10833 -7.0039 110.49 95.775 -33.182 212.42 83.341 -0.85419 305.82 84.535
0.11667 -6.3 121.06 95.619 -31.577 222.49 83.065 0.79528 316.03 84.611
0.125 -5.596 131.75 95.456 -29.989 232.57 82.813 2.4274 326.32 84.687
0.13333 -4.8735 142.5 95.286 -28.439 242.68 82.586 4.035 336.66 84.759
0.14167 -4.0959 153.28 95.107 -26.945 252.79 82.391 5.6102 346.99 84.821
0.15 -3.2398 164.04 94.917 -25.524 262.89 82.233 7.1433 357.28 84.869
0.15833 -2.2855 174.76 94.712 -24.194 272.98 82.115 8.6229 367.5 84.899
0.16667 -1.2242 185.4 94.486 -22.968 283.02 82.041 10.036 377.62 84.91
0.175 -0.059034 195.94 94.236 -21.858 292.99 82.013 11.368 387.63 84.904
0.18333 1.1932 206.36 93.958 -20.876 302.89 82.032 12.602 397.54 84.882
0.19167 2.5065 216.64 93.651 -20.026 312.67 82.097 13.723 407.33 84.85
0.2 3.8491 226.8 93.316 -19.31 322.33 82.209 14.713 417.04 84.814
0.20833 5.1878 236.84 92.955 -18.728 331.85 82.364 15.557 426.66 84.78
0.21667 6.4905 246.79 92.572 -18.273 341.23 82.557 16.242 436.24 84.756
0.225 7.7283 256.66 92.175 -17.935 350.47 82.785 16.757 445.79 84.746
0.23333 8.8763 266.49 91.773 -17.704 359.57 83.043 17.093 455.34 84.756
0.24167 9.9169 276.28 91.378 -17.565 368.55 83.325 17.245 464.9 84.789
0.25 10.839 286.05 91.002 -17.503 377.44 83.628 17.211 474.51 84.847
0.25833 11.641 295.82 90.657 -17.506 386.27 83.947 16.99 484.17 84.931
0.26667 12.328 305.59 90.351 -17.561 395.05 84.28 16.584 493.9 85.038
0.275 12.909 315.35 90.09 -17.66 403.81 84.627 15.996 503.71 85.169
0.28333 13.395 325.11 89.879 -17.795 412.57 84.987 15.231 513.61 85.322
0.29167 13.798 334.86 89.718 -17.964 421.36 85.36 14.292 523.59 85.495
0.3 14.127 344.6 89.603 -18.166 430.18 85.749 13.185 533.65 85.686
0.30833 14.386 354.32 89.531 -18.406 439.06 86.153 11.915 543.78 85.894
0.31667 14.579 364.01 89.494 -18.685 447.98 86.572 10.488 553.97 86.12
0.325 14.708 373.68 89.486 -19.009 456.96 87.007 8.9105 564.21 86.362
0.33333 14.776 383.33 89.498 -19.381 465.99 87.456 7.1908 574.46 86.621
0.34167 14.785 392.98 89.524 -19.806 475.07 87.916 5.3382 584.72 86.896
0.35 14.74 402.63 89.557 -20.284 484.2 88.385 3.3628 594.96 87.187
0.35833 14.648 412.29 89.594 -20.816 493.37 88.86 1.2772 605.17 87.491
0.36667 14.516 421.98 89.631 -21.399 502.6 89.337 -0.90559 615.32 87.809
0.375 14.353 431.71 89.669 -22.031 511.89 89.813 -3.1714 625.39 88.136
0.38333 14.169 441.5 89.707 -22.709 521.23 90.286 -5.5059 635.4 88.472
0.39167 13.971 451.33 89.746 -23.429 530.64 90.753 -7.8951 645.32 88.814
0.4 13.765 461.23 89.788 -24.189 540.12 91.212 -10.326 655.17 89.159
0.40833 13.553 471.19 89.835 -24.988 549.68 91.662 -12.786 664.96 89.505
0.41667 13.331 481.2 89.888 -25.824 559.31 92.102 -15.266 674.69 89.852
0.425 13.092 491.25 89.951 -26.699 569.03 92.531 -17.758 684.38 90.198
0.43333 12.82 501.36 90.027 -27.616 578.82 92.948 -20.253 694.05 90.543
0.44167 12.5 511.49 90.119 -28.578 588.7 93.352 -22.747 703.72 90.887
0.45 12.118 521.65 90.231 -29.592 598.66 93.742 -25.236 713.39 91.228
0.45833 11.643 531.83 90.365 -30.664 608.7 94.115 -27.716 723.09 91.567
0.46667 11.066 542.03 90.526 -31.803 618.82 94.469 -30.184 732.82 91.902
0.475 10.368 552.26 90.713 -33.017 629.01 94.8 -32.64 742.58 92.23
0.48333 9.5427 562.52 90.925 -34.312 639.27 95.106 -35.081 752.37 92.551
0.49167 8.5849 572.85 91.157 -35.696 649.6 95.384 -37.508 762.2 92.86
0.5 7.5015 583.28 91.402 -37.174 660 95.633 -39.921 772.05 93.155
0.50833 6.2993 593.85 91.649 -38.749 670.46 95.854 -42.325 781.93 93.432
0.51667 5.0053 604.58 91.888 -40.425 680.98 96.048 -44.726 791.84 93.69
0.525 3.631 615.51 92.111 -42.202 691.56 96.221 -47.131 801.77 93.927
0.53333 2.2109 626.64 92.314 -44.081 702.2 96.378 -49.554 811.73 94.143
0.54167 0.73326 637.97 92.49 -46.063 712.9 96.528 -52.007 821.73 94.339
0.55 -0.78362 649.47 92.647 -48.147 723.66 96.677 -54.507 831.78 94.517
0.55833 -2.3525 661.14 92.784 -50.334 734.48 96.836 -57.072 841.9 94.682
0.56667 -3.984 672.97 92.904 -52.625 745.37 97.011 -59.717 852.08 94.836
0.575 -5.6893 684.93 93.009 -55.022 756.33 97.21 -62.459 862.36 94.983
0.58333 -7.4799 697.05 93.099 -57.527 767.37 97.438 -65.31 872.73 95.126
0.59167 -9.3714 709.32 93.177 -60.143 778.51 97.697 -68.279 883.2 95.268
0.6 -11.37 721.76 93.249 -62.871 789.74 97.987 -71.371 893.78 95.408
0.60833 -13.478 734.39 93.318 -65.713 801.1 98.307 -74.586 904.46 95.548
0.61667 -15.706 747.21 93.392 -68.668 812.57 98.652 -77.92 915.23 95.684
0.625 -18.047 760.22 93.481 -71.732 824.19 99.015 -81.364 926.08 95.815
0.63333 -20.506 773.42 93.598 -74.897 835.94 99.391 -84.907 937 95.939
0.64167 -23.081 786.78 93.756 -78.152 847.83 99.773 -88.537 947.95 96.053
0.65 -25.768 800.28 93.968 -81.483 859.85 100.15 -92.241 958.94 96.156
0.65833 -28.569 813.88 94.248 -84.869 871.99 100.53 -96.005 969.93 96.25
0.66667 -31.477 827.51 94.605 -88.291 884.23 100.89 -99.818 980.92 96.336
0.675 -34.488 841.13 95.043 -91.725 896.54 101.23 -103.67 991.9 96.42
0.68333 -37.593 854.68 95.558 -95.148 908.9 101.56 -107.55 1002.9 96.507
0.69167 -40.779 868.11 96.144 -98.538 921.27 101.87 -111.46 1013.8 96.605
0.7 -44.025 881.37 96.789 -101.87 933.61 102.15 -115.39 1024.8 96.719
0.70833 -47.315 894.41 97.473 -105.14 945.89 102.42 -119.33 1035.7 96.859
0.71667 -50.624 907.21 98.178 -108.31 958.07 102.68 -123.27 1046.7 97.027
0.725 -53.936 919.74 98.881 -111.39 970.12 102.91 -127.2 1057.7 97.227
0.73333 -57.229 932 99.568 -114.37 982.01 103.13 -131.11 1068.7 97.458
0.74167 -60.5 944 100.22 -117.24 993.72 103.34 -134.99 1079.8 97.718
0.75 -63.752 955.78 100.84 -120.02 1005.2 103.54 -138.81 1090.9 97.999
0.75833 -66.997 967.39 101.43 -122.7 1016.5 103.72 -142.56 1102 98.294
0.76667 -70.254 978.87 101.99 -125.29 1027.6 103.9 -146.22 1113.2 98.593
0.775 -73.537 990.28 102.54 -127.81 1038.6 104.07 -149.76 1124.4 98.884
0.78333 -76.861 1001.6 103.07 -130.27 1049.3 104.24 -153.16 1135.6 99.158
0.79167 -80.227 1013 103.6 -132.68 1059.9 104.4 -156.43 1146.8 99.405
0.8 -83.632 1024.3 104.13 -135.06 1070.3 104.56 -159.54 1158 99.618
0.80833 -87.066 1035.6 104.67 -137.43 1080.6 104.72 -162.5 1169.2 99.794
0.81667 -90.509 1046.9 105.22 -139.79 1090.9 104.88 -165.3 1180.4 99.929
0.825 -93.942 1058.1 105.79 -142.16 1101.1 105.03 -167.97 1191.5 100.02
0.83333 -97.344 1069.3 106.38 -144.55 1111.3 105.18 -170.5 1202.6 100.08
0.84167 -100.69 1080.4 106.99 -146.97 1121.4 105.32 -172.92 1213.6 100.11
0.85 -103.97 1091.4 107.62 -149.43 1131.6 105.45 -175.25 1224.6 100.1
0.85833 -107.16 1102.3 108.27 -151.93 1141.8 105.57 -177.51 1235.6 100.08
0.86667 -110.27 1113.1 108.94 -154.48 1152 105.68 -179.73 1246.5 100.04
0.875 -113.3 1123.9 109.64 -157.08 1162.3 105.78 -181.91 1257.4 99.99
0.88333 -116.27 1134.5 110.36 -159.73 1172.6 105.86 -184.09 1268.4 99.935
0.89167 -119.18 1145.1 111.11 -162.43 1183 105.93 -186.27 1279.3 99.877
0.9 -122.07 1155.8 111.87 -165.18 1193.5 105.99 -188.47 1290.3 99.818
0.90833 -124.95 1166.4 112.65 -167.97 1204 106.04 -190.69 1301.3 99.759
0.91667 -127.84 1177 113.44 -170.79 1214.6 106.08 -192.94 1312.2 99.701
0.925 -130.74 1187.7 114.24 -173.65 1225.3 106.13 -195.23 1323.2 99.641
0.93333 -133.67 1198.4 115.04 -176.55 1236.1 106.19 -197.55 1334.2 99.58
0.94167 -136.61 1209.2 115.82 -179.47 1246.9 106.26 -199.9 1345.2 99.517
0.95 -139.56 1219.9 116.58 -182.43 1257.8 106.35 -202.28 1356.2 99.45
0.95833 -142.49 1230.7 117.32 -185.42 1268.8 106.46 -204.69 1367.3 99.38
0.96667 -145.38 1241.5 118.01 -188.44 1279.9 106.6 -207.13 1378.3 99.306
0.975 -148.23 1252.4 118.65 -191.51 1291 106.75 -209.59 1389.3 99.228
0.98333 -151 1263.3 119.23 -194.63 1302.3 106.93 -212.08 1400.4 99.149
0.99167 -153.71 1274.2 119.76 -197.79 1313.6 107.12 -214.59 1411.6 99.067
1 -156.33 1285.2 120.22 -201 1325 107.33 -217.12 1422.7 98.985
1.0083 -158.9 1296.3 120.62 -204.27 1336.6 107.55 -219.68 1434 98.904
1.0167 -161.41 1307.5 120.97 -207.58 1348.1 107.78 -222.26 1445.3 98.824
1.025 -163.9 1318.8 121.26 -210.94 1359.8 108.01 -224.86 1456.7 98.746
1.0333 -166.4 1330.2 121.5 -214.35 1371.5 108.25 -227.47 1468.1 98.672
1.0417 -168.94 1341.9 121.71 -217.78 1383.3 108.48 -230.09 1479.7 98.599
1.05 -171.54 1353.7 121.89 -221.24 1395.2 108.72 -232.71 1491.3 98.529
1.0583 -174.24 1365.7 122.06 -224.72 1407.1 108.96 -235.33 1503 98.46
1.0667 -177.05 1377.8 122.23 -228.2 1419.1 109.2 -237.95 1514.8 98.391
1.075 -180 1390.1 122.4 -231.68 1431.2 109.43 -240.55 1526.6 98.321
1.0833 -183.06 1402.6 122.57 -235.16 1443.3 109.67 -243.14 1538.5 98.249
1.0917 -186.26 1415.2 122.74 -238.63 1455.6 109.89 -245.7 1550.4 98.174
1.1 -189.56 1427.8 122.91 -242.08 1467.9 110.1 -248.25 1562.4 98.095
1.1083 -192.96 1440.5 123.06 -245.52 1480.4 110.28 -250.78 1574.4 98.014
1.1167 -196.46 1453.2 123.19 -248.94 1493 110.44 -253.31 1586.4 97.931
1.125 -200.04 1466 123.3 -252.35 1505.8 110.57 -255.82 1598.5 97.848
1.1333 -203.72 1478.8 123.39 -255.72 1518.8 110.65 -258.34 1610.7 97.767
1.1417 -207.52 1491.7 123.46 -259.08 1531.9 110.7 -260.87 1622.9 97.692
1.15 -211.45 1504.7 123.5 -262.4 1545.2 110.69 -263.42 1635.2 97.625
1.1583 -215.55 1517.9 123.53 -265.68 1558.6 110.64 -266 1647.6 97.57
1.1667 -219.82 1531.2 123.55 -268.92 1572.2 110.54 -268.61 1660.2 97.528
1.175 -224.27 1544.7 123.56 -272.11 1586 110.41 -271.27 1672.8 97.502
1.1833 -228.92 1558.4 123.56 -275.26 1599.8 110.25 -273.96 1685.6 97.492
1.1917 -233.74 1572.2 123.54 -278.37 1613.6 110.08 -276.69 1698.6 97.496
1.2 -238.7 1586.2 123.51 -281.44 1627.5 109.9 -279.45 1711.6 97.511
1.2083 -243.79 1600.3 123.46 -284.49 1641.4 109.72 -282.24 1724.8 97.534
1.2167 -248.94 1614.5 123.39 -287.54 1655.3 109.56 -285.06 1738.1 97.56
1.225 -254.11 1628.6 123.3 -290.59 1669 109.43 -287.9 1751.4 97.582
1.2333 -259.24 1642.7 123.18 -293.68 1682.6 109.33 -290.76 1764.8 97.597
1.2417 -264.26 1656.6 123.05 -296.82 1696.1 109.26 -293.63 1778.2 97.598
1.25 -269.12 1670.5 122.89 -300.03 1709.4 109.24 -296.53 1791.5 97.584
1.2583 -273.76 1684.1 122.72 -303.32 1722.6 109.25 -299.46 1804.7 97.552
1.2667 -278.18 1697.6 122.53 -306.72 1735.5 109.31 -302.44 1817.8 97.504
1.275 -282.35 1710.9 122.33 -310.21 1748.3 109.4 -305.47 1830.8 97.442
1.2833 -286.3 1724.1 122.13 -313.81 1760.8 109.52 -308.57 1843.6 97.371
1.2917 -290.05 1737.1 121.92 -317.51 1773.1 109.68 -311.77 1856.2 97.295
1.3 -293.63 1749.9 121.7 -321.28 1785.3 109.86 -315.07 1868.7 97.222
1.3083 -297.09 1762.7 121.48 -325.13 1797.3 110.07 -318.5 1881 97.157
1.3167 -300.47 1775.4 121.25 -329.03 1809.1 110.3 -322.06 1893.1 97.106
1.325 -303.79 1788 121.02 -332.97 1820.8 110.54 -325.76 1905.1 97.07
1.3333 -307.1 1800.7 120.78 -336.93 1832.3 110.81 -329.6 1917 97.055
1.3417 -310.43 1813.3 120.53 -340.91 1843.8 111.08 -333.57 1928.8 97.059
1.35 -313.8 1825.8 120.27 -344.88 1855.2 111.36 -337.68 1940.5 97.081
1.3583 -317.22 1838.3 119.99 -348.86 1866.5 111.64 -341.91 1952.1 97.119
1.3667 -320.69 1850.8 119.7 -352.84 1877.8 111.93 -346.24 1963.8 97.169
1.375 -324.21 1863.1 119.39 -356.82 1889.1 112.21 -350.68 1975.4 97.227
1.3833 -327.77 1875.3 119.07 -360.82 1900.4 112.49 -355.2 1987 97.287
1.3917 -331.36 1887.4 118.72 -364.83 1911.7 112.76 -359.8 1998.5 97.348
1.4 -334.97 1899.4 118.35 -368.87 1922.9 113.02 -364.46 2010.1 97.405
1.4083 -338.6 1911.2 117.95 -372.93 1934.2 113.27 -369.18 2021.6 97.458
1.4167 -342.25 1922.9 117.54 -377.04 1945.5 113.5 -373.94 2033.2 97.506
1.425 -345.91 1934.4 117.11 -381.19 1956.8 113.71 -378.75 2044.7 97.55
1.4333 -349.6 1945.9 116.66 -385.39 1968.2 113.9 -383.59 2056.2 97.592
1.4417 -353.33 1957.2 116.21 -389.62 1979.5 114.07 -388.47 2067.7 97.632
1.45 -357.11 1968.5 115.74 -393.9 1990.9 114.23 -393.38 2079.2 97.673
1.4583 -360.96 1979.8 115.27 -398.22 2002.3 114.36 -398.3 2090.7 97.716
1.4667 -364.87 1991 114.79 -402.58 2013.7 114.47 -403.24 2102.1 97.761
1.475 -368.86 2002.3 114.3 -406.98 2025.2 114.56 -408.19 2113.6 97.809
1.4833 -372.94 2013.5 113.8 -411.41 2036.8 114.64 -413.15 2125.1 97.858
1.4917 -377.12 2024.8 113.29 -415.88 2048.4 114.68 -418.1 2136.5 97.906
1.5 -381.37 2036.1 112.76 -420.4 2060.1 114.71 -423.04 2148 97.951
1.5083 -385.72 2047.5 112.23 -424.95 2071.8 114.72 -427.98 2159.6 97.99
1.5167 -390.13 2058.9 111.69 -429.55 2083.6 114.7 -432.9 2171.1 98.02
1.525 -394.62 2070.4 111.14 -434.19 2095.5 114.66 -437.81 2182.7 98.041
1.5333 -399.16 2081.9 110.61 -438.89 2107.4 114.6 -442.71 2194.4 98.051
1.5417 -403.74 2093.5 110.09 -443.62 2119.4 114.51 -447.6 2206.1 98.049
1.55 -408.37 2105.1 109.61 -448.41 2131.4 114.4 -452.5 2217.8 98.036
1.5583 -413.03 2116.8 109.17 -453.24 2143.5 114.28 -457.41 2229.6 98.013
1.5667 -417.73 2128.5 108.78 -458.11 2155.6 114.14 -462.33 2241.4 97.982
1.575 -422.48 2140.4 108.43 -463.03 2167.7 113.99 -467.28 2253.3 97.946
1.5833 -427.3 2152.3 108.14 -468 2179.9 113.83 -472.26 2265.3 97.908
1.5917 -432.2 2164.4 107.88 -473.01 2192.1 113.66 -477.27 2277.2 97.869
1.6 -437.18 2176.6 107.65 -478.07 2204.4 113.49 -482.33 2289.2 97.832
1.6083 -442.28 2189 107.44 -483.18 2216.8 113.32 -487.44 2301.2 97.798
1.6167 -447.48 2201.4 107.23 -488.34 2229.3 113.15 -492.59 2313.2 97.768
1.625 -452.79 2214 107.02 -493.56 2241.8 112.99 -497.8 2325.3 97.74
1.6333 -458.21 2226.7 106.8 -498.85 2254.4 112.83 -503.05 2337.4 97.713
1.6417 -463.74 2239.5 106.57 -504.21 2267.1 112.69 -508.34 2349.5 97.684
1.65 -469.38 2252.4 106.31 -509.65 2279.9 112.56 -513.68 2361.7 97.649
1.6583 -475.12 2265.4 106.04 -515.16 2292.8 112.44 -519.05 2373.9 97.603
1.6667 -480.95 2278.5 105.74 -520.77 2305.8 112.33 -524.46 2386.3 97.541
1.675 -486.88 2291.7 105.43 -526.46 2318.7 112.24 -529.9 2398.8 97.459
1.6833 -492.9 2305.1 105.11 -532.24 2331.7 112.17 -535.38 2411.4 97.354
1.6917 -499.01 2318.7 104.8 -538.11 2344.8 112.11 -540.87 2424.1 97.222
1.7 -505.19 2332.5 104.52 -544.07 2357.8 112.07 -546.39 2436.9 97.064
1.7083 -511.43 2346.5 104.29 -550.1 2370.9 112.04 -551.94 2449.9 96.88
1.7167 -517.72 2360.7 104.11 -556.21 2383.9 112.03 -557.5 2462.9 96.676
1.725 -524.04 2375 104.01 -562.36 2397 112.02 -563.1 2476.1 96.456
1.7333 -530.37 2389.5 103.99 -568.54 2410.1 112.01 -568.71 2489.2 96.23
1.7417 -536.7 2404 104.06 -574.73 2423.2 112 -574.35 2502.4 96.007
1.75 -543.01 2418.4 104.22 -580.89 2436.4 111.99 -580.01 2515.6 95.795
1.7583 -549.28 2432.8 104.46 -586.99 2449.6 111.97 -585.69 2528.8 95.606
1.7667 -555.5 2447 104.76 -593.01 2463 111.92 -591.37 2541.9 95.446
1.775 -561.65 2461 105.12 -598.9 2476.3 111.86 -597.04 2554.9 95.322
1.7833 -567.71 2474.7 105.49 -604.65 2489.8 111.77 -602.68 2567.9 95.237
1.7917 -573.68 2488.2 105.85 -610.22 2503.2 111.66 -608.28 2580.8 95.19
1.8 -579.56 2501.3 106.17 -615.61 2516.7 111.5 -613.8 2593.7 95.177
1.8083 -585.35 2514.2 106.43 -620.79 2530.2 111.32 -619.23 2606.5 95.192
1.8167 -591.07 2526.7 106.62 -625.76 2543.5 111.09 -624.53 2619.3 95.226
1.825 -596.71 2539.1 106.74 -630.52 2556.8 110.83 -629.68 2632.2 95.265
1.8333 -602.29 2551.3 106.79 -635.08 2569.9 110.53 -634.65 2645.1 95.298
1.8417 -607.81 2563.4 106.79 -639.46 2582.9 110.2 -639.43 2658 95.313
1.85 -613.23 2575.4 106.75 -643.68 2595.7 109.84 -644 2671 95.3
1.8583 -618.55 2587.4 106.68 -647.74 2608.3 109.46 -648.36 2684 95.249
1.8667 -623.75 2599.4 106.6 -651.69 2620.7 109.05 -652.5 2697.1 95.156
1.875 -628.79 2611.4 106.53 -655.55 2633 108.62 -656.43 2710.3 95.02
1.8833 -633.65 2623.5 106.48 -659.32 2645.1 108.18 -660.17 2723.4 94.843
1.8917 -638.31 2635.6 106.45 -663.04 2657.2 107.73 -663.73 2736.6 94.632
1.9 -642.77 2647.8 106.44 -666.7 2669.3 107.26 -667.13 2749.8 94.394
1.9083 -647.03 2660 106.47 -670.33 2681.3 106.78 -670.4 2762.9 94.138
1.9167 -651.11 2672.3 106.52 -673.93 2693.4 106.28 -673.56 2776 93.875
1.925 -655.03 2684.6 106.59 -677.49 2705.5 105.77 -676.62 2789.1 93.614
1.9333 -658.82 2696.9 106.68 -681.03 2717.6 105.26 -679.6 2802.1 93.362
1.9417 -662.52 2709.2 106.78 -684.55 2729.9 104.72 -682.53 2815.1 93.125
1.95 -666.17 2721.4 106.9 -688.04 2742.2 104.19 -685.4 2828 92.906
1.9583 -669.8 2733.6 107.02 -691.51 2754.6 103.64 -688.22 2840.9 92.705
1.9667 -673.43 2745.7 107.15 -694.97 2767 103.1 -691.01 2853.9 92.52
1.975 -677.08 2757.7 107.29 -698.42 2779.5 102.55 -693.74 2866.8 92.349
1.9833 -680.75 2769.6 107.43 -701.86 2792.1 102.02 -696.44 2879.7 92.185
1.9917 -684.45 2781.4 107.57 -705.3 2804.8 101.5 -699.09 2892.6 92.023
2 -688.16 2793.2 107.72 -708.74 2817.5 101 -701.69 2905.5 91.858
2.0083 -691.87 2805 107.87 -712.18 2830.3 100.52 -704.25 2918.4 91.684
2.0167 -695.55 2816.7 108.02 -715.63 2843.1 100.08 -706.77 2931.3 91.499
2.025 -699.2 2828.6 108.17 -719.08 2856.1 99.662 -709.24 2944.2 91.301
2.0333 -702.79 2840.5 108.32 -722.53 2869.1 99.28 -711.67 2957.1 91.09
2.0417 -706.3 2852.5 108.47 -725.97 2882.2 98.931 -714.07 2970 90.868
2.05 -709.71 2864.7 108.61 -729.39 2895.5 98.611 -716.44 2982.9 90.636
2.0583 -713.03 2877.1 108.75 -732.8 2908.8 98.321 -718.78 2995.9 90.4
2.0667 -716.23 2889.6 108.88 -736.18 2922.2 98.057 -721.1 3008.8 90.163
2.075 -719.32 2902.2 109 -739.53 2935.7 97.816 -723.39 3021.8 89.927
2.0833 -722.3 2915 109.11 -742.85 2949.3 97.598 -725.66 3034.8 89.695
2.0917 -725.17 2928 109.21 -746.13 2963 97.401 -727.89 3047.8 89.469
2.1 -727.95 2941.1 109.31 -749.37 2976.8 97.226 -730.1 3060.9 89.248
2.1083 -730.64 2954.3 109.4 -752.56 2990.7 97.074 -732.27 3074 89.03
2.1167 -733.27 2967.7 109.5 -755.7 3004.7 96.943 -734.4 3087.2 88.813
2.125 -735.88 2981.3 109.61 -758.78 3018.8 96.836 -736.49 3100.3 88.595
2.1333 -738.48 2995 109.72 -761.8 3033 96.751 -738.54 3113.6 88.373
2.1417 -741.12 3008.8 109.83 -764.75 3047.3 96.689 -740.56 3126.8 88.145
2.15 -743.81 3022.8 109.96 -767.62 3061.8 96.645 -742.53 3140.2 87.912
2.1583 -746.55 3036.9 110.08 -770.4 3076.4 96.615 -744.48 3153.6 87.674
2.1667 -749.35 3051.2 110.22 -773.07 3091.1 96.595 -746.41 3167 87.437
2.175 -752.2 3065.7 110.35 -775.63 3105.9 96.578 -748.32 3180.5 87.205
2.1833 -755.11 3080.3 110.48 -778.07 3120.8 96.558 -750.24 3194.2 86.986
2.1917 -758.08 3095.2 110.61 -780.37 3135.7 96.529 -752.17 3207.9 86.788
2.2 -761.09 3110.2 110.74 -782.55 3150.7 96.487 -754.12 3221.7 86.618
2.2083 -764.15 3125.5 110.85 -784.61 3165.8 96.43 -756.09 3235.7 86.484
2.2167 -767.25 3140.9 110.93 -786.54 3180.8 96.358 -758.09 3249.7 86.389
2.225 -770.36 3156.4 110.97 -788.38 3195.8 96.275 -760.1 3263.9 86.334
2.2333 -773.46 3172 110.97 -790.14 3210.8 96.186 -762.12 3278.2 86.318
2.2417 -776.51 3187.6 110.9 -791.84 3225.8 96.1 -764.15 3292.5 86.335
2.25 -779.48 3203 110.76 -793.53 3240.7 96.026 -766.17 3306.9 86.374
2.2583 -782.33 3218.3 110.55 -795.23 3255.5 95.974 -768.17 3321.4 86.427
2.2667 -785.01 3233.4 110.27 -796.98 3270.2 95.954 -770.13 3335.9 86.48
2.275 -787.49 3248.1 109.93 -798.79 3284.9 95.974 -772.05 3350.3 86.52
2.2833 -789.76 3262.6 109.53 -800.71 3299.5 96.041 -773.93 3364.8 86.538
2.2917 -791.82 3276.7 109.09 -802.74 3313.9 96.158 -775.77 3379.2 86.527
2.3 -793.68 3290.5 108.63 -804.89 3328.2 96.323 -777.57 3393.6 86.481
2.3083 -795.38 3304 108.15 -807.18 3342.4 96.535 -779.35 3408 86.4
2.3167 -796.93 3317.2 107.66 -809.58 3356.3 96.785 -781.14 3422.3 86.29
2.325 -798.37 3330.3 107.18 -812.09 3370 97.064 -782.95 3436.6 86.159
2.3333 -799.71 3343.3 106.7 -814.69 3383.5 97.362 -784.82 3450.9 86.018
2.3417 -800.96 3356.3 106.24 -817.34 3396.8 97.664 -786.77 3465.2 85.88
2.35 -802.17 3369.2 105.79 -820.02 3409.8 97.964 -788.83 3479.5 85.759
2.3583 -803.36 3382.1 105.37 -822.69 3422.5 98.245 -791.03 3493.8 85.665
2.3667 -804.55 3395 104.96 -825.33 3435.1 98.504 -793.39 3508 85.61
2.375 -805.78 3407.9 104.58 -827.91 3447.4 98.733 -795.91 3522.3 85.598
2.3833 -807.07 3420.8 104.21 -830.42 3459.6 98.932 -798.6 3536.6 85.63
2.3917 -808.45 3433.6 103.86 -832.86 3471.6 99.102 -801.47 3550.8 85.706
2.4 -809.92 3446.3 103.51 -835.21 3483.6 99.246 -804.49 3564.9 85.819
2.4083 -811.51 3458.9 103.17 -837.49 3495.5 99.372 -807.66 3579 85.962
2.4167 -813.22 3471.4 102.83 -839.7 3507.5 99.485 -810.94 3593 86.126
2.425 -815.03 3483.7 102.48 -841.87 3519.5 99.591 -814.31 3606.8 86.302
2.4333 -816.95 3496 102.12 -844.01 3531.6 99.696 -817.76 3620.6 86.483
2.4417 -818.94 3508.1 101.74 -846.14 3543.8 99.802 -821.24 3634.2 86.662
2.45 -820.99 3520.2 101.35 -848.27 3556.1 99.911 -824.74 3647.6 86.835
2.4583 -823.06 3532.3 100.94 -850.41 3568.5 100.02 -828.24 3660.9 87.001
2.4667 -825.13 3544.3 100.5 -852.58 3580.9 100.13 -831.71 3674 87.16
2.475 -827.18 3556.4 100.04 -854.79 3593.5 100.23 -835.14 3687.1 87.312
2.4833 -829.21 3568.5 99.563 -857.02 3606.1 100.32 -838.52 3700 87.459
2.4917 -831.19 3580.6 99.059 -859.29 3618.8 100.39 -841.84 3712.8 87.602
2.5 -833.14 3592.8 98.536 -861.59 3631.5 100.43 -845.09 3725.5 87.742
2.5083 -835.07 3605.1 97.999 -863.91 3644.3 100.44 -848.27 3738.2 87.876
2.5167 -836.99 3617.4 97.457 -866.26 3657.2 100.42 -851.37 3750.9 88.002
2.525 -838.94 3629.7 96.92 -868.63 3670.1 100.36 -854.4 3763.5 88.116
2.5333 -840.92 3642.1 96.4 -871.01 3683.1 100.27 -857.35 3776.1 88.211
2.5417 -842.95 3654.5 95.911 -873.42 3696.1 100.15 -860.22 3788.7 88.284
2.55 -845.06 3667 95.463 -875.84 3709.2 99.993 -863.03 3801.3 88.328
2.5583 -847.23 3679.5 95.066 -878.29 3722.4 99.814 -865.76 3813.9 88.34
2.5667 -849.47 3692.1 94.725 -880.77 3735.6 99.616 -868.45 3826.5 88.319
2.575 -851.77 3704.7 94.438 -883.28 3748.9 99.405 -871.09 3839.1 88.267
2.5833 -854.11 3717.4 94.197 -885.83 3762.3 99.187 -873.7 3851.8 88.188
2.5917 -856.49 3730.3 93.986 -888.41 3775.7 98.967 -876.3 3864.5 88.088
2.6 -858.88 3743.3 93.787 -891.04 3789.2 98.751 -878.91 3877.3 87.977
2.6083 -861.26 3756.4 93.579 -893.71 3802.6 98.544 -881.55 3890 87.863
2.6167 -863.63 3769.8 93.342 -896.43 3816.1 98.351 -884.23 3902.9 87.755
2.625 -865.97 3783.3 93.063 -899.2 3829.5 98.174 -886.99 3915.8 87.661
2.6333 -868.27 3797.1 92.735 -902.01 3843 98.017 -889.82 3928.8 87.586
2.6417 -870.55 3811 92.357 -904.88 3856.5 97.884 -892.75 3941.8 87.534
2.65 -872.81 3825.1 91.938 -907.8 3870 97.777 -895.78 3955 87.502
2.6583 -875.08 3839.3 91.488 -910.77 3883.5 97.698 -898.93 3968.2 87.489
2.6667 -877.36 3853.7 91.022 -913.8 3897 97.649 -902.18 3981.5 87.486
2.675 -879.69 3868.2 90.557 -916.9 3910.6 97.631 -905.53 3994.9 87.487
2.6833 -882.07 3882.9 90.109 -920.07 3924.3 97.646 -908.99 4008.4 87.482
2.6917 -884.51 3897.9 89.695 -923.32 3938.1 97.692 -912.54 4022 87.464
2.7 -887.02 3913 89.33 -926.64 3952 97.769 -916.18 4035.7 87.426
2.7083 -889.58 3928.4 89.028 -930.04 3966.1 97.874 -919.88 4049.3 87.364
2.7167 -892.19 3944.1 88.799 -933.52 3980.3 98.004 -923.64 4063 87.275
2.725 -894.84 3960 88.653 -937.07 3994.7 98.151 -927.45 4076.7 87.163
2.7333 -897.51 3976.1 88.593 -940.68 4009.2 98.311 -931.3 4090.3 87.03
2.7417 -900.19 3992.4 88.622 -944.33 4023.9 98.476 -935.17 4103.9 86.884
2.75 -902.87 4008.7 88.739 -947.99 4038.7 98.637 -939.04 4117.4 86.731
2.7583 -905.56 4025 88.937 -951.64 4053.7 98.787 -942.9 4130.8 86.579
2.7667 -908.26 4041.3 89.209 -955.25 4068.7 98.918 -946.74 4144 86.437
2.775 -910.99 4057.4 89.545 -958.77 4083.7 99.023 -950.52 4157.2 86.31
2.7833 -913.76 4073.2 89.929 -962.18 4098.7 99.097 -954.24 4170.2 86.202
2.7917 -916.58 4088.8 90.346 -965.45 4113.8 99.135 -957.87 4183.1 86.116
2.8 -919.46 4103.9 90.777 -968.55 4128.7 99.137 -961.38 4196 86.052
2.8083 -922.4 4118.7 91.206 -971.45 4143.5 99.101 -964.75 4208.8 86.007
2.8167 -925.38 4133.1 91.619 -974.14 4158.2 99.031 -967.95 4221.5 85.978
2.825 -928.38 4147.1 92.009 -976.62 4172.7 98.927 -970.98 4234.2 85.962
2.8333 -931.38 4160.8 92.377 -978.89 4187.1 98.797 -973.81 4247 85.953
2.8417 -934.34 4174.2 92.726 -980.96 4201.3 98.643 -976.42 4259.8 85.947
2.85 -937.26 4187.4 93.059 -982.84 4215.2 98.47 -978.81 4272.7 85.942
2.8583 -940.12 4200.5 93.381 -984.54 4229 98.283 -980.98 4285.7 85.936
2.8667 -942.89 4213.5 93.692 -986.1 4242.5 98.085 -982.93 4298.9 85.927
2.875 -945.58 4226.5 93.993 -987.54 4255.9 97.876 -984.66 4312.3 85.917
2.8833 -948.16 4239.4 94.282 -988.87 4269.1 97.657 -986.18 4325.7 85.907
2.8917 -950.64 4252.3 94.559 -990.13 4282.1 97.428 -987.51 4339.4 85.9
2.9 -953 4265.3 94.82 -991.31 4295 97.186 -988.66 4353.1 85.897
2.9083 -955.23 4278.1 95.064 -992.44 4307.8 96.93 -989.65 4367 85.899
2.9167 -957.33 4290.9 95.292 -993.53 4320.4 96.656 -990.49 4380.9 85.907
2.925 -959.29 4303.7 95.504 -994.57 4333 96.362 -991.19 4394.9 85.919
2.9333 -961.12 4316.3 95.704 -995.57 4345.5 96.048 -991.77 4408.9 85.932
2.9417 -962.82 4328.8 95.9 -996.53 4358 95.714 -992.23 4422.9 85.944
2.95 -964.4 4341.3 96.096 -997.44 4370.4 95.36 -992.58 4436.8 85.947
2.9583 -965.87 4353.6 96.299 -998.3 4382.9 94.99 -992.83 4450.6 85.936
2.9667 -967.24 4366 96.515 -999.11 4395.3 94.607 -992.96 4464.4 85.906
2.975 -968.53 4378.2 96.751 -999.87 4407.8 94.218 -993 4478 85.853
2.9833 -969.78 4390.5 97.006 -1000.6 4420.4 93.826 -992.94 4491.5 85.772
2.9917 -970.99 4402.8 97.282 -1001.2 4433 93.439 -992.78 4504.9 85.662
3 -972.19 4415.1 97.578 -1001.9 4445.8 93.061 -992.53 4518.2 85.524
3.0083 -973.39 4427.3 97.89 -1002.5 4458.6 92.697 -992.2 4531.3 85.36
3.0167 -974.6 4439.6 98.215 -1003.1 4471.5 92.35 -991.8 4544.4 85.174
3.025 -975.83 4451.9 98.552 -1003.6 4484.4 92.022 -991.34 4557.3 84.971
3.0333 -977.06 4464.2 98.896 -1004.2 4497.5 91.715 -990.83 4570.2 84.758
3.0417 -978.29 4476.5 99.246 -1004.8 4510.7 91.429 -990.3 4583 84.542
3.05 -979.49 4488.9 99.601 -1005.4 4523.9 91.162 -989.75 4595.8 84.329
3.0583 -980.65 4501.2 99.958 -1006 4537.3 90.914 -989.2 4608.5 84.125
