0.0083333 -4.4497 3.1782 100.91 -28.097 100.8 89.763 8.295 238.14 84.057
0.016667 -3.7877 11.969 101.08 -26.93 110.07 89.758 10.225 246.81 83.921
0.025 -3.1095 21.134 101.26 -25.637 119.49 89.732 12.216 255.69 83.808
0.033333 -2.4233 30.676 101.46 -24.21 129.04 89.685 14.265 264.78 83.725
0.041667 -1.7424 40.584 101.67 -22.646 138.71 89.62 16.371 274.1 83.679
0.05 -1.0823 50.834 101.89 -20.946 148.49 89.54 18.535 283.62 83.673
0.058333 -0.45823 61.387 102.12 -19.118 158.37 89.45 20.76 293.34 83.707
0.066667 0.11735 72.196 102.36 -17.174 168.35 89.356 23.051 303.22 83.773
0.075 0.63991 83.2 102.6 -15.134 178.41 89.262 25.416 313.22 83.865
0.083333 1.1138 94.335 102.83 -13.02 188.55 89.173 27.858 323.3 83.971
0.091667 1.5573 105.54 103.05 -10.861 198.75 89.094 30.388 333.4 84.077
0.1 2.0018 116.73 103.23 -8.6854 209 89.028 33.007 343.48 84.171
0.10833 2.4871 127.87 103.38 -6.5242 219.28 88.978 35.718 353.5 84.239
0.11667 3.0695 138.91 103.49 -4.4071 229.58 88.945 38.519 363.42 84.27
0.125 3.7946 149.81 103.55 -2.361 239.87 88.928 41.403 373.21 84.257
0.13333 4.7117 160.56 103.56 -0.4092 250.13 88.929 44.36 382.87 84.193
0.14167 5.8437 171.16 103.5 1.4302 260.34 88.944 47.374 392.39 84.079
0.15 7.1918 181.62 103.38 3.1456 270.48 88.973 50.422 401.78 83.917
0.15833 8.7339 191.95 103.2 4.7321 280.51 89.014 53.48 411.07 83.713
0.16667 10.432 202.17 102.96 6.1916 290.42 89.063 56.52 420.28 83.475
0.175 12.238 212.3 102.65 7.5326 300.19 89.119 59.511 429.45 83.214
0.18333 14.109 222.38 102.29 8.7697 309.81 89.179 62.421 438.59 82.942
0.19167 16.007 232.44 101.88 9.9222 319.26 89.24 65.221 447.75 82.67
0.2 17.904 242.49 101.41 11.012 328.54 89.299 67.88 456.94 82.41
0.20833 19.783 252.55 100.9 12.064 337.66 89.354 70.373 466.17 82.171
0.21667 21.636 262.62 100.35 13.099 346.63 89.402 72.676 475.45 81.962
0.225 23.454 272.69 99.76 14.139 355.45 89.441 74.772 484.77 81.788
0.23333 25.253 282.75 99.138 15.201 364.15 89.468 76.648 494.14 81.656
0.24167 27.034 292.76 98.485 16.297 372.75 89.484 78.297 503.53 81.567
0.25 28.821 302.72 97.802 17.436 381.28 89.485 79.719 512.93 81.523
0.25833 30.616 312.59 97.093 18.62 389.77 89.474 80.918 522.33 81.524
0.26667 32.435 322.36 96.361 19.848 398.25 89.449 81.904 531.71 81.567
0.275 34.281 332.02 95.611 21.116 406.75 89.412 82.695 541.05 81.65
0.28333 36.152 341.57 94.847 22.418 415.29 89.365 83.308 550.36 81.77
0.29167 38.039 351.02 94.075 23.748 423.9 89.309 83.766 559.61 81.924
0.3 39.933 360.38 93.297 25.097 432.58 89.245 84.097 568.82 82.104
0.30833 41.819 369.66 92.518 26.461 441.37 89.175 84.325 577.98 82.308
0.31667 43.678 378.91 91.738 27.832 450.25 89.099 84.478 587.08 82.528
0.325 45.499 388.12 90.959 29.209 459.25 89.019 84.581 596.15 82.759
0.33333 47.269 397.34 90.178 30.59 468.35 88.931 84.656 605.18 82.996
0.34167 48.984 406.56 89.392 31.975 477.54 88.836 84.724 614.17 83.234
0.35 50.646 415.79 88.598 33.364 486.84 88.731 84.802 623.14 83.468
0.35833 52.261 425.03 87.791 34.76 496.21 88.613 84.9 632.08 83.696
0.36667 53.837 434.27 86.968 36.165 505.67 88.478 85.026 641.02 83.918
0.375 55.384 443.5 86.127 37.583 515.19 88.326 85.185 649.95 84.135
0.38333 56.911 452.69 85.266 39.016 524.77 88.151 85.375 658.89 84.349
0.39167 58.425 461.84 84.389 40.468 534.42 87.953 85.594 667.84 84.567
0.4 59.919 470.94 83.498 41.943 544.11 87.73 85.836 676.82 84.793
0.40833 61.396 479.98 82.601 43.441 553.86 87.483 86.096 685.83 85.036
0.41667 62.848 488.98 81.707 44.966 563.65 87.212 86.366 694.89 85.303
0.425 64.26 497.94 80.829 46.52 573.5 86.918 86.642 704.01 85.6
0.43333 65.621 506.88 79.978 48.107 583.41 86.604 86.92 713.19 85.933
0.44167 66.913 515.84 79.169 49.726 593.37 86.273 87.199 722.44 86.305
0.45 68.127 524.83 78.416 51.38 603.39 85.927 87.479 731.77 86.717
0.45833 69.251 533.89 77.731 53.069 613.47 85.571 87.764 741.17 87.167
0.46667 70.271 543.06 77.122 54.794 623.62 85.207 88.059 750.66 87.651
0.475 71.199 552.35 76.596 56.553 633.84 84.838 88.371 760.22 88.162
0.48333 72.046 561.78 76.152 58.345 644.12 84.468 88.706 769.86 88.693
0.49167 72.834 571.38 75.786 60.166 654.46 84.099 89.071 779.58 89.235
0.5 73.609 581.16 75.487 62.014 664.85 83.733 89.47 789.37 89.78
0.50833 74.414 591.13 75.24 63.883 675.3 83.373 89.907 799.24 90.319
0.51667 75.3 601.3 75.03 65.769 685.78 83.022 90.382 809.18 90.847
0.525 76.312 611.66 74.84 67.799 696.4 82.674 89.781 818.52 92.231
0.53333 77.479 622.23 74.662 69.692 706.93 82.35 90.324 828.62 92.731
0.54167 78.802 632.96 74.484 71.59 717.47 82.045 90.89 838.81 93.215
0.55 80.269 643.85 74.309 73.474 728.03 81.763 91.468 849.08 93.685
0.55833 81.853 654.87 74.138 75.343 738.6 81.508 92.05 859.44 94.147
0.56667 83.52 666 73.975 77.189 749.18 81.285 92.626 869.91 94.603
0.575 85.243 677.24 73.822 79.006 759.79 81.097 93.188 880.49 95.057
0.58333 86.989 688.59 73.677 80.788 770.44 80.947 93.731 891.18 95.511
0.59167 88.744 700.07 73.546 82.532 781.14 80.838 94.253 902.01 95.966
0.6 90.495 711.71 73.431 84.234 791.92 80.771 94.755 912.96 96.421
0.60833 92.246 723.52 73.331 85.892 802.79 80.747 95.241 924.06 96.871
0.61667 94.013 735.51 73.247 87.506 813.76 80.762 95.718 935.29 97.313
0.625 95.821 747.72 73.18 89.078 824.85 80.815 96.197 946.67 97.74
0.63333 97.701 760.14 73.13 90.614 836.07 80.901 96.688 958.18 98.145
0.64167 99.684 772.75 73.099 92.122 847.42 81.015 97.203 969.81 98.524
0.65 101.79 785.55 73.09 93.612 858.89 81.149 97.75 981.55 98.873
0.65833 104.03 798.49 73.105 95.098 870.49 81.298 98.339 993.37 99.189
0.66667 106.39 811.54 73.149 96.596 882.19 81.452 98.976 1005.3 99.472
0.675 108.85 824.65 73.224 98.12 893.98 81.604 99.666 1017.2 99.727
0.68333 111.37 837.76 73.33 99.688 905.83 81.745 100.41 1029.1 99.957
0.69167 113.91 850.82 73.464 101.32 917.73 81.867 101.21 1041 100.17
0.7 116.43 863.79 73.621 103.02 929.65 81.962 102.06 1052.8 100.37
0.70833 118.9 876.63 73.795 104.8 941.57 82.022 102.97 1064.5 100.57
0.71667 121.28 889.29 73.973 106.68 953.46 82.04 103.94 1076.1 100.78
0.725 123.55 901.75 74.148 108.66 965.3 82.01 104.97 1087.6 100.99
0.73333 125.7 913.99 74.309 110.73 977.07 81.927 106.08 1099 101.21
0.74167 127.74 926 74.449 112.9 988.75 81.787 107.27 1110.2 101.45
0.75 129.66 937.77 74.562 115.16 1000.3 81.591 108.55 1121.3 101.69
0.75833 131.49 949.33 74.647 117.51 1011.8 81.338 109.96 1132.2 101.94
0.76667 133.24 960.7 74.709 119.92 1023.1 81.033 111.51 1143.1 102.18
0.775 134.94 971.93 74.754 122.4 1034.3 80.681 113.22 1153.9 102.42
0.78333 136.6 983.06 74.79 124.93 1045.4 80.285 115.12 1164.7 102.63
0.79167 138.26 994.1 74.828 127.51 1056.4 79.857 117.21 1175.4 102.82
0.8 139.93 1005.1 74.875 130.12 1067.2 79.405 119.53 1186.2 102.97
0.80833 141.65 1016 74.937 132.76 1077.9 78.935 122.06 1196.9 103.09
0.81667 143.44 1026.9 75.023 135.44 1088.5 78.46 124.83 1207.6 103.16
0.825 145.31 1037.7 75.133 138.13 1099.1 77.974 127.81 1218.4 103.19
0.83333 147.29 1048.5 75.275 140.86 1109.6 77.493 131 1229.1 103.19
0.84167 149.39 1059.2 75.446 143.61 1120 77.017 134.39 1239.9 103.15
0.85 151.62 1069.9 75.648 146.39 1130.4 76.545 137.95 1250.6 103.08
0.85833 153.98 1080.5 75.876 149.2 1140.8 76.078 141.67 1261.2 103
0.86667 156.48 1090.9 76.129 152.05 1151.2 75.615 145.51 1271.8 102.89
0.875 159.11 1101.4 76.4 154.94 1161.7 75.153 149.45 1282.3 102.79
0.88333 161.86 1111.7 76.687 157.87 1172.1 74.691 153.48 1292.7 102.68
0.89167 164.72 1122 76.984 160.85 1182.6 74.228 157.58 1303 102.58
0.9 167.68 1132.3 77.288 163.87 1193.1 73.764 161.72 1313.2 102.48
0.90833 170.71 1142.6 77.595 166.95 1203.7 73.301 165.91 1323.3 102.4
0.91667 173.79 1152.9 77.902 170.07 1214.3 72.841 170.14 1333.4 102.33
0.925 176.92 1163.2 78.207 173.24 1224.9 72.391 174.39 1343.3 102.27
0.93333 180.07 1173.5 78.508 176.46 1235.5 71.956 178.67 1353.2 102.23
0.94167 183.23 1183.8 78.805 179.73 1246.1 71.543 182.98 1363 102.19
0.95 186.41 1194.1 79.095 183.05 1256.7 71.157 187.31 1372.8 102.16
0.95833 189.59 1204.4 79.376 186.42 1267.4 70.805 191.68 1382.7 102.14
0.96667 192.78 1214.8 79.647 189.83 1278.1 70.492 196.06 1392.5 102.12
0.975 196 1225.1 79.906 193.29 1288.8 70.218 200.48 1402.3 102.11
0.98333 199.24 1235.4 80.148 196.79 1299.6 69.986 204.91 1412.2 102.1
0.99167 202.53 1245.8 80.371 200.33 1310.4 69.792 209.36 1422.2 102.09
1 205.89 1256.2 80.571 203.91 1321.3 69.633 213.82 1432.1 102.09
1.0083 209.31 1266.7 80.744 207.52 1332.2 69.505 218.3 1442.1 102.09
1.0167 212.82 1277.3 80.886 211.17 1343.2 69.401 222.79 1452.2 102.09
1.025 216.43 1288 80.995 214.86 1354.3 69.316 227.29 1462.3 102.1
1.0333 220.14 1298.8 81.071 218.6 1365.5 69.243 231.8 1472.4 102.11
1.0417 223.96 1309.8 81.115 222.39 1376.7 69.178 236.34 1482.6 102.12
1.05 227.9 1320.9 81.132 226.23 1388 69.117 240.9 1492.8 102.13
1.0583 231.96 1332.2 81.129 230.14 1399.3 69.057 245.49 1503 102.14
1.0667 236.15 1343.6 81.115 234.12 1410.7 68.996 250.12 1513.3 102.16
1.075 240.45 1355.2 81.097 238.18 1422.1 68.933 254.8 1523.6 102.17
1.0833 244.85 1366.9 81.081 242.33 1433.5 68.868 259.51 1533.9 102.18
1.0917 249.3 1378.7 81.07 246.58 1445 68.801 264.27 1544.3 102.18
1.1 253.8 1390.6 81.064 250.93 1456.5 68.731 269.07 1554.7 102.19
1.1083 258.33 1402.7 81.064 255.38 1468 68.657 273.91 1565.2 102.2
1.1167 262.88 1414.8 81.066 259.92 1479.6 68.577 278.78 1575.7 102.22
1.125 267.47 1427 81.068 264.57 1491.3 68.49 283.67 1586.3 102.26
1.1333 272.1 1439.3 81.067 269.31 1503 68.393 288.57 1596.9 102.3
1.1417 276.78 1451.8 81.063 274.15 1514.7 68.282 293.48 1607.7 102.37
1.15 281.53 1464.4 81.052 279.07 1526.5 68.157 298.38 1618.5 102.46
1.1583 286.34 1477.2 81.031 284.08 1538.4 68.011 303.29 1629.4 102.58
1.1667 291.22 1490.2 80.999 289.15 1550.4 67.849 308.19 1640.4 102.71
1.175 296.14 1503.4 80.953 294.29 1562.4 67.667 313.09 1651.5 102.86
1.1833 301.11 1516.9 80.888 299.48 1574.5 67.471 318.01 1662.6 103.02
1.1917 306.08 1530.5 80.799 304.7 1586.6 67.263 322.94 1673.9 103.18
1.2 311.04 1544.3 80.68 309.93 1598.7 67.049 327.91 1685.1 103.33
1.2083 315.96 1558.2 80.526 315.16 1610.9 66.837 332.92 1696.4 103.46
1.2167 320.83 1572.1 80.331 320.34 1623.2 66.633 337.97 1707.7 103.55
1.225 325.65 1586 80.094 325.46 1635.4 66.447 343.07 1718.9 103.59
1.2333 330.41 1599.7 79.818 330.48 1647.7 66.285 348.2 1730.1 103.58
1.2417 335.14 1613.2 79.506 335.37 1660 66.156 353.36 1741.2 103.51
1.25 339.85 1626.4 79.167 340.09 1672.4 66.065 358.52 1752.3 103.39
1.2583 344.55 1639.3 78.807 344.62 1684.7 66.016 363.65 1763.2 103.2
1.2667 349.25 1652 78.439 348.94 1697 66.014 368.72 1774 102.97
1.275 353.95 1664.3 78.073 353.04 1709.3 66.059 373.68 1784.7 102.7
1.2833 358.64 1676.4 77.721 356.9 1721.6 66.151 378.49 1795.4 102.4
1.2917 363.32 1688.2 77.391 360.54 1733.7 66.29 383.12 1806 102.1
1.3 368.01 1699.9 77.088 363.96 1745.7 66.471 387.51 1816.6 101.81
1.3083 372.69 1711.4 76.813 367.19 1757.6 66.692 391.65 1827.3 101.55
1.3167 377.37 1722.8 76.568 370.24 1769.3 66.947 395.5 1838 101.34
1.325 382.02 1734.1 76.35 373.15 1780.9 67.23 399.04 1848.8 101.17
1.3333 386.61 1745.4 76.161 375.95 1792.2 67.541 402.26 1859.8 101.07
1.3417 391.12 1756.6 75.994 378.66 1803.4 67.869 405.18 1870.9 101.04
1.35 395.51 1767.9 75.849 381.32 1814.4 68.214 407.79 1882.3 101.07
1.3583 399.75 1779.1 75.722 383.93 1825.3 68.57 410.12 1893.8 101.16
1.3667 403.81 1790.3 75.607 386.52 1836.1 68.939 412.18 1905.4 101.31
1.375 407.7 1801.4 75.502 389.08 1846.7 69.319 414.01 1917.2 101.5
1.3833 411.39 1812.5 75.402 391.62 1857.4 69.711 415.62 1929.1 101.73
1.3917 414.9 1823.6 75.305 394.14 1868 70.115 417.05 1941.2 101.99
1.4 418.22 1834.6 75.208 396.63 1878.7 70.534 418.31 1953.3 102.26
1.4083 421.36 1845.7 75.112 399.08 1889.4 70.967 419.43 1965.4 102.55
1.4167 424.36 1856.7 75.014 401.48 1900.2 71.415 420.43 1977.5 102.84
1.425 427.23 1867.7 74.915 403.83 1911 71.876 421.32 1989.6 103.15
1.4333 430 1878.7 74.818 406.13 1922 72.35 422.12 2001.7 103.46
1.4417 432.7 1889.8 74.724 408.37 1932.9 72.832 422.84 2013.7 103.79
1.45 435.34 1900.8 74.632 410.55 1944 73.318 423.48 2025.6 104.13
1.4583 437.96 1912 74.541 412.69 1955 73.801 424.07 2037.5 104.49
1.4667 440.57 1923.1 74.45 414.8 1966.1 74.277 424.6 2049.2 104.86
1.475 443.19 1934.2 74.355 416.86 1977.2 74.738 425.09 2060.9 105.26
1.4833 445.83 1945.4 74.253 418.9 1988.4 75.18 425.55 2072.4 105.68
1.4917 448.49 1956.5 74.14 420.91 1999.5 75.597 426 2083.9 106.11
1.5 451.18 1967.6 74.015 422.9 2010.7 75.985 426.43 2095.4 106.56
1.5083 453.9 1978.7 73.876 424.86 2021.9 76.339 426.86 2106.8 107.01
1.5167 456.62 1989.9 73.725 426.78 2033.2 76.665 427.31 2118.1 107.46
1.525 459.35 2001 73.567 428.66 2044.6 76.958 427.76 2129.5 107.91
1.5333 462.05 2012.1 73.408 430.5 2056.1 77.221 428.24 2140.8 108.34
1.5417 464.71 2023.4 73.257 432.27 2067.6 77.457 428.73 2152.2 108.76
1.55 467.3 2034.6 73.125 433.98 2079.3 77.669 429.24 2163.6 109.15
1.5583 469.8 2046 73.021 435.63 2091 77.862 429.76 2175 109.51
1.5667 472.2 2057.5 72.956 437.21 2102.8 78.039 430.28 2186.5 109.85
1.575 474.49 2069.1 72.933 438.73 2114.7 78.203 430.8 2198 110.15
1.5833 476.65 2080.8 72.954 440.18 2126.7 78.358 431.3 2209.5 110.44
1.5917 478.7 2092.7 73.015 441.57 2138.7 78.504 431.78 2221.2 110.69
1.6 480.64 2104.7 73.106 442.9 2150.8 78.644 432.22 2232.8 110.93
1.6083 482.48 2116.9 73.214 444.18 2162.9 78.779 432.61 2244.5 111.16
1.6167 484.24 2129.3 73.324 445.4 2175.1 78.91 432.96 2256.2 111.38
1.625 485.94 2141.8 73.426 446.57 2187.3 79.038 433.24 2267.9 111.6
1.6333 487.58 2154.5 73.511 447.66 2199.6 79.166 433.45 2279.6 111.83
1.6417 489.16 2167.3 73.577 448.69 2212 79.295 433.59 2291.3 112.07
1.65 490.67 2180.2 73.623 449.63 2224.5 79.43 433.65 2303 112.32
1.6583 492.11 2193.3 73.651 450.48 2237.1 79.573 433.63 2314.7 112.58
1.6667 493.47 2206.5 73.663 451.22 2249.8 79.729 433.52 2326.5 112.87
1.675 494.76 2219.8 73.662 451.85 2262.7 79.901 433.33 2338.2 113.17
1.6833 495.99 2233.3 73.65 452.35 2275.8 80.093 433.04 2350.1 113.48
1.6917 497.17 2247 73.635 452.72 2288.9 80.307 432.65 2362 113.8
1.7 498.33 2261 73.622 452.96 2302.3 80.544 432.16 2374 114.13
1.7083 499.49 2275.2 73.62 453.07 2315.7 80.803 431.57 2386.1 114.47
1.7167 500.65 2289.6 73.639 453.04 2329.3 81.082 430.87 2398.3 114.81
1.725 501.84 2304.3 73.693 452.9 2343 81.376 430.05 2410.6 115.15
1.7333 503.03 2319.3 73.796 452.66 2356.7 81.683 429.12 2423.1 115.49
1.7417 504.21 2334.4 73.963 452.32 2370.5 81.997 428.06 2435.7 115.82
1.75 505.34 2349.7 74.209 451.92 2384.2 82.312 426.87 2448.4 116.16
1.7583 506.39 2365.1 74.545 451.47 2398 82.626 425.56 2461.2 116.51
1.7667 507.31 2380.4 74.979 451 2411.8 82.935 424.12 2474.1 116.85
1.775 508.07 2395.6 75.511 450.53 2425.5 83.236 422.56 2487 117.21
1.7833 508.65 2410.7 76.135 450.08 2439.1 83.529 420.89 2499.9 117.58
1.7917 509.03 2425.5 76.836 449.67 2452.7 83.816 419.12 2512.9 117.97
1.8 509.21 2440.1 77.594 449.32 2466.2 84.096 417.27 2525.8 118.37
1.8083 509.21 2454.4 78.39 449.04 2479.6 84.372 415.35 2538.8 118.78
1.8167 509.04 2468.4 79.195 448.84 2492.8 84.647 413.4 2551.6 119.21
1.825 508.72 2482.1 79.992 448.72 2505.9 84.924 411.43 2564.4 119.66
1.8333 508.27 2495.5 80.769 448.67 2518.8 85.207 409.48 2577.2 120.11
1.8417 507.7 2508.8 81.521 448.7 2531.5 85.497 407.57 2589.9 120.57
1.85 507.03 2521.9 82.248 448.79 2544 85.798 405.72 2602.5 121.03
1.8583 506.27 2534.8 82.956 448.91 2556.4 86.113 403.96 2615 121.48
1.8667 505.44 2547.7 83.649 449.06 2568.4 86.443 402.32 2627.4 121.93
1.875 504.54 2560.6 84.338 449.21 2580.3 86.79 400.8 2639.8 122.36
1.8833 503.58 2573.3 85.033 449.33 2592 87.155 399.42 2652.1 122.78
1.8917 502.58 2586 85.745 449.42 2603.5 87.537 398.19 2664.3 123.17
1.9 501.55 2598.7 86.481 449.46 2614.8 87.939 397.12 2676.5 123.55
1.9083 500.5 2611.2 87.251 449.43 2626 88.357 396.2 2688.5 123.91
1.9167 499.46 2623.6 88.059 449.34 2637.2 88.792 395.43 2700.5 124.24
1.925 498.41 2635.9 88.909 449.18 2648.3 89.242 394.79 2712.4 124.55
1.9333 497.39 2648.1 89.801 448.95 2659.3 89.702 394.29 2724.3 124.84
1.9417 496.38 2660.1 90.733 448.65 2670.4 90.172 393.9 2736 125.12
1.95 495.41 2672.1 91.704 448.29 2681.6 90.645 393.6 2747.7 125.38
1.9583 494.45 2683.9 92.71 447.88 2692.8 91.118 393.39 2759.3 125.62
1.9667 493.52 2695.6 93.749 447.42 2704.1 91.588 393.24 2770.9 125.86
1.975 492.6 2707.3 94.816 446.91 2715.5 92.049 393.14 2782.4 126.1
1.9833 491.68 2718.9 95.907 446.37 2727 92.502 393.07 2793.8 126.33
1.9917 490.75 2730.5 97.02 445.79 2738.6 92.946 393.01 2805.3 126.57
2 489.8 2742.1 98.152 445.17 2750.2 93.381 392.95 2816.6 126.81
2.0083 488.82 2753.6 99.298 444.52 2762 93.811 392.89 2828 127.06
2.0167 487.81 2765.1 100.46 443.82 2773.9 94.24 392.81 2839.3 127.32
2.025 486.76 2776.5 101.62 443.08 2785.8 94.673 392.7 2850.6 127.58
2.0333 485.69 2787.9 102.78 442.3 2797.8 95.114 392.56 2861.8 127.85
2.0417 484.62 2799.3 103.93 441.45 2809.8 95.568 392.38 2873.1 128.13
2.05 483.55 2810.7 105.06 440.55 2821.9 96.038 392.16 2884.4 128.4
2.0583 482.52 2822 106.17 439.59 2834.1 96.523 391.91 2895.7 128.68
2.0667 481.53 2833.4 107.24 438.56 2846.2 97.023 391.61 2907 128.94
2.075 480.62 2844.9 108.26 437.47 2858.5 97.534 391.26 2918.3 129.2
2.0833 479.79 2856.4 109.22 436.31 2870.7 98.049 390.86 2929.7 129.45
2.0917 479.03 2868.1 110.13 435.08 2883 98.564 390.41 2941.1 129.69
2.1 478.36 2879.9 110.96 433.8 2895.4 99.07 389.91 2952.5 129.92
2.1083 477.74 2892 111.72 432.45 2907.8 99.56 389.34 2964 130.14
2.1167 477.18 2904.2 112.41 431.05 2920.2 100.03 388.71 2975.6 130.36
2.125 476.63 2916.6 113.02 429.6 2932.6 100.47 388.01 2987.2 130.58
2.1333 476.09 2929.2 113.55 428.1 2945 100.89 387.25 2998.8 130.8
2.1417 475.51 2942 114.03 426.56 2957.5 101.28 386.41 3010.5 131.02
2.15 474.87 2955 114.45 424.98 2969.9 101.65 385.51 3022.2 131.25
2.1583 474.15 2968.1 114.83 423.36 2982.4 101.99 384.55 3034 131.49
2.1667 473.31 2981.3 115.17 421.7 2994.8 102.31 383.53 3045.8 131.74
2.175 472.34 2994.7 115.48 420.01 3007.3 102.62 382.45 3057.6 131.99
2.1833 471.24 3008.1 115.75 418.28 3019.8 102.91 381.31 3069.5 132.25
2.1917 470.01 3021.6 115.99 416.53 3032.4 103.19 380.11 3081.4 132.51
2.2 468.68 3035.1 116.19 414.75 3045 103.46 378.85 3093.4 132.76
2.2083 467.24 3048.7 116.35 412.94 3057.7 103.71 377.52 3105.5 133.02
2.2167 465.72 3062.4 116.46 411.12 3070.4 103.93 376.1 3117.5 133.27
2.225 464.1 3076.2 116.55 409.29 3083.2 104.13 374.58 3129.6 133.53
2.2333 462.39 3090.2 116.6 407.44 3096.1 104.3 372.94 3141.8 133.8
2.2417 460.55 3104.4 116.63 405.59 3109.1 104.43 371.17 3154 134.08
2.25 458.58 3118.7 116.65 403.73 3122.1 104.52 369.25 3166.2 134.39
2.2583 456.44 3133.2 116.66 401.86 3135.2 104.58 367.17 3178.5 134.73
2.2667 454.12 3147.8 116.67 399.97 3148.3 104.6 364.94 3190.8 135.09
2.275 451.61 3162.6 116.68 398.06 3161.4 104.59 362.54 3203.1 135.5
2.2833 448.93 3177.3 116.69 396.1 3174.5 104.57 360.01 3215.4 135.93
2.2917 446.08 3191.9 116.71 394.07 3187.6 104.53 357.34 3227.7 136.4
2.3 443.12 3206.5 116.74 391.94 3200.6 104.5 354.57 3240 136.88
2.3083 440.08 3220.8 116.79 389.7 3213.5 104.5 351.71 3252.2 137.36
2.3167 437.04 3234.8 116.84 387.3 3226.3 104.52 348.79 3264.4 137.83
2.325 434.02 3248.6 116.9 384.72 3239 104.6 345.82 3276.6 138.27
2.3333 431.07 3262 116.97 381.96 3251.6 104.73 342.81 3288.7 138.67
2.3417 428.2 3275.1 117.04 378.98 3264 104.93 339.77 3300.7 139.03
2.35 425.42 3287.9 117.12 375.8 3276.3 105.2 336.69 3312.7 139.33
2.3583 422.73 3300.4 117.21 372.41 3288.5 105.53 333.54 3324.6 139.57
2.3667 420.13 3312.6 117.3 368.82 3300.4 105.94 330.29 3336.3 139.76
2.375 417.6 3324.7 117.39 365.06 3312.2 106.41 326.9 3348 139.92
2.3833 415.13 3336.6 117.48 361.14 3323.8 106.95 323.33 3359.5 140.05
2.3917 412.69 3348.4 117.56 357.08 3335.1 107.52 319.54 3370.9 140.18
2.4 410.21 3360.1 117.64 352.94 3346.3 108.15 315.49 3382.2 140.33
2.4083 407.63 3371.8 117.71 348.7 3357.2 108.81 311.13 3393.3 140.5
2.4167 404.87 3383.3 117.77 344.41 3368 109.5 306.44 3404.3 140.72
2.425 401.86 3394.6 117.82 340.08 3378.5 110.21 301.41 3415.2 141
2.4333 398.55 3405.8 117.86 335.7 3388.9 110.93 296.04 3425.9 141.34
2.4417 394.9 3416.8 117.9 331.29 3399.2 111.67 290.32 3436.6 141.73
2.45 390.9 3427.5 117.94 326.84 3409.3 112.43 284.28 3447.1 142.18
2.4583 386.55 3437.9 117.98 322.32 3419.3 113.19 277.95 3457.4 142.68
2.4667 381.88 3448 118.03 317.74 3429.2 113.97 271.36 3467.7 143.21
2.475 376.95 3457.9 118.1 313.06 3439 114.77 264.55 3477.9 143.76
2.4833 371.81 3467.5 118.18 308.26 3448.8 115.57 257.55 3487.9 144.32
2.4917 366.5 3476.9 118.27 303.35 3458.5 116.39 250.4 3497.8 144.88
2.5 361.1 3486.2 118.38 298.3 3468.2 117.21 243.14 3507.6 145.43
2.5083 355.62 3495.3 118.48 293.12 3477.8 118.03 235.8 3517.2 145.98
2.5167 350.13 3504.5 118.6 287.8 3487.4 118.85 228.4 3526.6 146.53
2.525 344.65 3513.6 118.71 282.35 3496.9 119.66 220.97 3535.9 147.08
2.5333 339.2 3522.8 118.83 276.79 3506.3 120.45 213.53 3545 147.64
2.5417 333.79 3532 118.94 271.13 3515.7 121.21 206.09 3554 148.2
2.55 328.42 3541.3 119.05 265.38 3525 121.94 198.68 3562.7 148.78
2.5583 323.08 3550.6 119.15 259.55 3534.3 122.63 191.29 3571.3 149.38
2.5667 317.75 3559.9 119.25 253.64 3543.5 123.27 183.96 3579.8 149.99
2.575 312.4 3569.3 119.34 247.64 3552.7 123.87 176.66 3588.1 150.6
2.5833 307.01 3578.7 119.42 241.56 3561.9 124.43 169.42 3596.3 151.22
2.5917 301.56 3588.1 119.51 235.38 3571.2 124.94 162.23 3604.4 151.82
2.6 296.02 3597.5 119.6 229.08 3580.5 125.4 155.08 3612.5 152.41
2.6083 290.38 3607 119.7 222.66 3589.7 125.82 147.96 3620.5 152.97
2.6167 284.62 3616.4 119.82 216.08 3599.1 126.21 140.86 3628.5 153.49
2.625 278.75 3625.9 119.96 209.35 3608.4 126.55 133.76 3636.5 153.98
2.6333 272.75 3635.4 120.11 202.46 3617.7 126.86 126.64 3644.5 154.42
2.6417 266.62 3644.9 120.3 195.41 3627 127.13 119.48 3652.5 154.82
2.65 260.33 3654.5 120.5 188.21 3636.3 127.37 112.27 3660.4 155.2
2.6583 253.9 3664 120.71 180.87 3645.5 127.58 104.99 3668.4 155.55
2.6667 247.31 3673.6 120.93 173.4 3654.6 127.77 97.617 3676.3 155.9
2.675 240.54 3683.1 121.13 165.82 3663.7 127.93 90.156 3684.1 156.24
2.6833 233.59 3692.7 121.32 158.14 3672.6 128.07 82.597 3691.9 156.6
2.6917 226.45 3702.4 121.49 150.38 3681.4 128.2 74.934 3699.6 156.98
2.7 219.12 3712 121.63 142.53 3690.2 128.33 67.167 3707.1 157.39
2.7083 211.57 3721.6 121.76 134.59 3698.9 128.46 59.293 3714.5 157.82
2.7167 203.8 3731.1 121.87 126.56 3707.5 128.6 51.31 3721.8 158.28
2.725 195.78 3740.5 121.99 118.41 3716.1 128.77 43.215 3729 158.77
2.7333 187.49 3749.8 122.1 110.13 3724.6 128.98 35.001 3736.1 159.27
2.7417 178.91 3759.1 122.22 101.69 3733 129.22 26.66 3743 159.79
2.75 170.03 3768.4 122.35 93.066 3741.4 129.51 18.183 3749.9 160.3
2.7583 160.83 3777.8 122.48 84.241 3749.7 129.84 9.559 3756.8 160.81
2.7667 151.34 3787.2 122.61 75.201 3757.9 130.22 0.77932 3763.6 161.32
2.775 141.56 3796.9 122.76 65.939 3766 130.64 -8.1628 3770.3 161.8
2.7833 131.5 3806.6 122.92 56.458 3773.9 131.1 -17.27 3777.1 162.28
2.7917 121.2 3816.6 123.13 46.768 3781.7 131.6 -26.54 3783.8 162.74
2.8 110.69 3826.6 123.39 36.893 3789.3 132.12 -35.965 3790.5 163.19
2.8083 100.04 3836.7 123.75 26.861 3796.8 132.67 -45.529 3797.1 163.63
2.8167 89.282 3846.7 124.2 16.707 3804.1 133.24 -55.215 3803.7 164.07
2.825 78.486 3856.6 124.79 6.4699 3811.2 133.82 -64.999 3810.2 164.52
2.8333 67.713 3866.2 125.5 -3.8109 3818.3 134.42 -74.857 3816.5 164.98
2.8417 57.013 3875.5 126.35 -14.097 3825.3 135.05 -84.765 3822.7 165.46
2.85 46.437 3884.4 127.32 -24.352 3832.3 135.7 -94.7 3828.7 165.97
2.8583 36.027 3892.8 128.39 -34.544 3839.3 136.4 -104.64 3834.4 166.5
2.8667 25.818 3900.8 129.55 -44.645 3846.3 137.13 -114.59 3840 167.07
2.875 15.819 3908.3 130.76 -54.631 3853.3 137.92 -124.52 3845.4 167.68
2.8833 6.0163 3915.4 132.01 -64.481 3860.3 138.76 -134.44 3850.6 168.32
2.8917 -3.6386 3922.1 133.28 -74.181 3867.3 139.67 -144.36 3855.7 169.01
2.9 -13.211 3928.4 134.56 -83.716 3874.3 140.63 -154.27 3860.6 169.75
2.9083 -22.77 3934.4 135.84 -93.078 3881.2 141.66 -164.19 3865.4 170.53
2.9167 -32.381 3940.2 137.12 -102.26 3887.9 142.74 -174.12 3870.2 171.36
2.925 -42.089 3945.6 138.39 -111.26 3894.5 143.87 -184.06 3875 172.22
2.9333 -51.924 3950.9 139.66 -120.08 3900.8 145.04 -194.01 3879.7 173.11
2.9417 -61.88 3955.9 140.93 -128.74 3906.9 146.24 -203.96 3884.5 174.03
2.95 -71.93 3960.7 142.21 -137.24 3912.6 147.47 -213.88 3889.3 174.97
2.9583 -82.02 3965.3 143.49 -145.61 3918.1 148.71 -223.76 3894.2 175.91
2.9667 -92.079 3969.8 144.79 -153.89 3923.4 149.96 -233.56 3899 176.84
2.975 -102.03 3974.1 146.11 -162.11 3928.4 151.23 -243.27 3903.9 177.75
2.9833 -111.81 3978.3 147.45 -170.31 3933.2 152.51 -252.86 3908.7 178.63
2.9917 -121.34 3982.5 148.83 -178.55 3937.8 153.81 -262.31 3913.4 179.47
3 -130.59 3986.5 150.25 -186.87 3942.3 155.11 -271.61 3918 180.26
3.0083 -139.54 3990.5 151.73 -195.31 3946.7 156.44 -280.75 3922.6 181.01
3.0167 -148.2 3994.5 153.26 -203.9 3950.9 157.79 -289.75 3926.9 181.71
3.025 -156.59 3998.5 154.86 -212.68 3955.2 159.16 -298.62 3931.1 182.36
3.0333 -164.77 4002.4 156.53 -221.66 3959.3 160.56 -307.41 3935.1 182.97
3.0417 -172.78 4006.2 158.27 -230.85 3963.3 162 -316.14 3938.9 183.55
3.05 -180.69 4010.1 160.08 -240.24 3967.3 163.47 -324.85 3942.5 184.11
3.0583 -188.54 4013.8 161.95 -249.8 3971.1 164.98 -333.61 3945.9 184.67
3.0667 -196.37 4017.5 163.89 -259.52 3974.8 166.53 -342.43 3949.1 185.22
3.075 -204.2 4021.2 165.87 -269.37 3978.3 168.11 -351.38 3952.1 185.78
3.0833 -212.04 4024.8 167.9 -279.3 3981.7 169.73 -360.47 3955 186.35
3.0917 -219.89 4028.4 169.95 -289.3 3984.9 171.38 -369.72 3957.7 186.93
3.1 -227.76 4032 172.02 -299.33 3987.9 173.06 -379.15 3960.2 187.5
3.1083 -235.64 4035.7 174.08 -309.37 3990.7 174.76 -388.76 3962.7 188.08
3.1167 -243.54 4039.3 176.14 -319.41 3993.3 176.47 -398.54 3965 188.64
3.125 -251.47 4043.1 178.17 -329.44 3995.8 178.2 -408.46 3967.2 189.18
3.1333 -259.44 4046.8 180.15 -339.46 3998.1 179.91 -418.52 3969.3 189.69
3.1417 -267.48 4050.6 182.09 -349.48 4000.3 181.62 -428.69 3971.4 190.17
3.15 -275.61 4054.3 183.95 -359.49 4002.3 183.3 -438.94 3973.3 190.6
3.1583 -283.85 4058 185.74 -369.51 4004.2 184.94 -449.24 3975.1 191
3.1667 -292.24 4061.6 187.42 -379.55 4006 186.54 -459.59 3976.9 191.36
3.175 -300.79 4065 189.01 -389.62 4007.6 188.09 -469.97 3978.5 191.68
3.1833 -309.51 4068.3 190.49 -399.72 4009.1 189.56 -480.36 3980.1 191.98
3.1917 -318.42 4071.4 191.85 -409.86 4010.6 190.97 -490.77 3981.6 192.26
3.2 -327.51 4074.3 193.11 -420.05 4011.9 192.29 -501.18 3983 192.53
3.2083 -336.8 4077.1 194.26 -430.23 4013.1 193.54 -511.79 3984.9 192.18
3.2167 -346.27 4079.7 195.31 -440.5 4014.2 194.7 -522.19 3986.1 192.46
3.225 -355.93 4082.3 196.28 -450.82 4015.3 195.78 -532.6 3987.3 192.73
3.2333 -365.78 4084.8 197.18 -461.2 4016.2 196.77 -543 3988.5 193.02
3.2417 -375.8 4087.3 198.04 -471.65 4017.1 197.68 -553.38 3989.5 193.31
3.25 -386 4089.8 198.86 -482.16 4017.9 198.51 -563.75 3990.6 193.61
3.2583 -396.37 4092.3 199.66 -492.77 4018.5 199.25 -574.09 3991.6 193.91
3.2667 -406.91 4094.8 200.45 -503.5 4019.1 199.91 -584.39 3992.6 194.21
3.275 -417.61 4097.2 201.24 -514.34 4019.6 200.5 -594.66 3993.6 194.51
3.2833 -428.48 4099.6 202.02 -525.34 4020 201.01 -604.89 3994.5 194.81
3.2917 -439.53 4101.8 202.78 -536.5 4020.3 201.46 -615.09 3995.4 195.11
3.3 -450.78 4103.8 203.52 -547.84 4020.5 201.83 -625.27 3996.3 195.4
3.3083 -462.23 4105.5 204.22 -559.37 4020.6 202.14 -635.45 3997.2 195.68
3.3167 -473.9 4107 204.88 -571.09 4020.7 202.39 -645.65 3997.9 195.96
3.325 -485.82 4108.2 205.47 -583 4020.8 202.59 -655.92 3998.6 196.24
3.3333 -497.98 4109.1 205.99 -595.1 4020.8 202.74 -666.27 3999.2 196.51
3.3417 -510.41 4109.7 206.44 -607.37 4020.9 202.84 -676.74 3999.7 196.77
3.35 -523.08 4109.9 206.83 -619.81 4021 202.91 -687.35 4000 197.04
3.3583 -535.98 4109.7 207.15 -632.39 4021.1 202.94 -698.14 4000.3 197.3
3.3667 -549.09 4109.3 207.4 -645.09 4021.2 202.93 -709.1 4000.4 197.57
3.375 -562.36 4108.5 207.61 -657.9 4021.3 202.9 -720.25 4000.4 197.83
3.3833 -575.76 4107.4 207.76 -670.78 4021.3 202.85 -731.58 4000.4 198.08
3.3917 -589.23 4106.2 207.87 -683.72 4021.4 202.77 -743.06 4000.2 198.34
3.4 -602.7 4104.7 207.94 -696.69 4021.3 202.68 -754.67 3999.9 198.6
3.4083 -616.11 4103.1 207.99 -709.66 4021.2 202.59 -766.38 3999.6 198.85
3.4167 -629.42 4101.4 208.01 -722.6 4020.9 202.51 -778.14 3999.3 199.1
3.425 -642.55 4099.6 208.01 -735.49 4020.4 202.44 -789.91 3998.9 199.34
3.4333 -655.47 4097.9 208.01 -748.29 4019.8 202.41 -801.64 3998.4 199.58
3.4417 -668.15 4096.1 208.01 -760.97 4018.9 202.42 -813.3 3997.9 199.81
3.45 -680.61 4094.5 208.01 -773.49 4017.8 202.48 -824.86 3997.3 200.04
3.4583 -692.85 4092.9 208.02 -785.81 4016.5 202.61 -836.29 3996.6 200.25
3.4667 -704.89 4091.5 208.03 -797.9 4015 202.81 -847.56 3995.9 200.45
3.475 -716.74 4090 208.02 -809.74 4013.4 203.07 -858.68 3995 200.63
3.4833 -728.4 4088.5 208.01 -821.3 4011.5 203.4 -869.65 3993.9 200.81
3.4917 -739.89 4087 207.97 -832.57 4009.5 203.79 -880.46 3992.7 200.97
3.5 -751.22 4085.3 207.92 -843.56 4007.3 204.23 -891.14 3991.3 201.11
3.5083 -762.43 4083.6 207.86 -854.27 4005.1 204.71 -901.69 3989.7 201.25
3.5167 -773.56 4081.7 207.79 -864.74 4002.7 205.21 -912.14 3987.9 201.38
3.525 -784.64 4079.8 207.71 -874.98 4000.3 205.73 -922.51 3985.9 201.52
3.5333 -795.69 4077.8 207.64 -885.04 3997.8 206.24 -932.81 3983.6 201.65
3.5417 -806.72 4075.7 207.58 -894.97 3995.3 206.75 -943.05 3981.2 201.79
3.55 -817.73 4073.5 207.54 -904.79 3992.7 207.23 -953.26 3978.5 201.94
3.5583 -828.7 4071.2 207.52 -914.57 3990 207.7 -963.44 3975.7 202.1
3.5667 -839.62 4068.8 207.55 -924.33 3987.3 208.14 -973.6 3972.6 202.27
3.575 -850.48 4066.3 207.61 -934.1 3984.4 208.56 -983.74 3969.5 202.46
3.5833 -861.28 4063.7 207.71 -943.9 3981.5 208.96 -993.86 3966.1 202.67
3.5917 -872.01 4061 207.83 -953.74 3978.4 209.34 -1004 3962.7 202.89
3.6 -882.67 4058.2 207.98 -963.64 3975.3 209.71 -1014 3959.2 203.12
3.6083 -893.27 4055.2 208.14 -973.57 3972 210.08 -1024.1 3955.5 203.36
3.6167 -903.8 4052.1 208.29 -983.54 3968.6 210.45 -1034.1 3951.8 203.6
3.625 -914.29 4048.8 208.44 -993.53 3965.1 210.81 -1044 3948 203.85
3.6333 -924.75 4045.4 208.57 -1003.5 3961.6 211.19 -1054 3944.1 204.1
3.6417 -935.18 4041.9 208.67 -1013.5 3957.9 211.57 -1063.9 3940.2 204.35
3.65 -945.61 4038.3 208.73 -1023.5 3954.1 211.95 -1073.7 3936.2 204.6
3.6583 -956.06 4034.5 208.77 -1033.5 3950.3 212.33 -1083.5 3932.1 204.84
3.6667 -966.54 4030.8 208.78 -1043.5 3946.4 212.71 -1093.2 3928.1 205.08
3.675 -977.07 4026.9 208.76 -1053.5 3942.5 213.08 -1102.9 3924 205.31
3.6833 -987.67 4023 208.71 -1063.5 3938.4 213.45 -1112.6 3919.8 205.54
3.6917 -998.34 4019.1 208.65 -1073.5 3934.3 213.8 -1122.2 3915.7 205.75
3.7 -1009.1 4015.2 208.57 -1083.6 3930.1 214.12 -1131.8 3911.5 205.96
3.7083 -1019.9 4011.2 208.47 -1093.7 3925.9 214.43 -1141.4 3907.2 206.15
3.7167 -1030.8 4007.2 208.36 -1103.8 3921.5 214.71 -1150.9 3902.9 206.33
3.725 -1041.8 4003.1 208.24 -1114 3917.1 214.96 -1160.4 3898.6 206.5
3.7333 -1052.9 3999 208.12 -1124.3 3912.7 215.17 -1169.9 3894.2 206.65
3.7417 -1063.9 3994.7 207.98 -1134.5 3908.1 215.36 -1179.4 3889.7 206.79
3.75 -1075 3990.3 207.84 -1144.8 3903.5 215.51 -1188.9 3885.1 206.93
3.7583 -1086.1 3985.8 207.69 -1155.1 3898.8 215.64 -1198.4 3880.5 207.05
