0.0083333 -19.765 1.7526 97.673 -52.568 134.37 85.592 -20.253 261.97 82.689
0.016667 -19.053 9.7606 97.682 -51.61 143.36 85.561 -18.755 269.15 82.595
0.025 -18.338 18.067 97.704 -50.547 152.51 85.513 -17.189 276.41 82.492
0.033333 -17.607 26.698 97.741 -49.375 161.83 85.443 -15.557 283.77 82.379
0.041667 -16.853 35.674 97.794 -48.098 171.3 85.346 -13.865 291.26 82.26
0.05 -16.074 45.012 97.862 -46.721 180.87 85.222 -12.12 298.93 82.136
0.058333 -15.275 54.717 97.943 -45.253 190.54 85.072 -10.336 306.79 82.013
0.066667 -14.466 64.782 98.03 -43.706 200.29 84.897 -8.5234 314.88 81.899
0.075 -13.664 75.188 98.116 -42.092 210.1 84.702 -6.6961 323.2 81.801
0.083333 -12.883 85.898 98.189 -40.428 219.96 84.493 -4.8658 331.75 81.724
0.091667 -12.139 96.871 98.236 -38.729 229.87 84.279 -3.0427 340.53 81.672
0.1 -11.444 108.04 98.248 -37.015 239.83 84.064 -1.235 349.5 81.649
0.10833 -10.797 119.35 98.211 -35.301 249.84 83.861 0.55203 358.63 81.652
0.11667 -10.191 130.73 98.121 -33.611 259.91 83.674 2.3138 367.87 81.676
0.125 -9.6099 142.12 97.973 -31.963 270.02 83.51 4.0477 377.17 81.715
0.13333 -9.0253 153.45 97.769 -30.378 280.17 83.376 5.7509 386.47 81.759
0.14167 -8.4072 164.68 97.513 -28.877 290.35 83.275 7.419 395.74 81.797
0.15 -7.7276 175.78 97.215 -27.48 300.51 83.213 9.0447 404.92 81.821
0.15833 -6.9683 186.72 96.882 -26.205 310.64 83.189 10.619 414 81.823
0.16667 -6.1251 197.5 96.523 -25.065 320.69 83.206 12.126 422.96 81.797
0.175 -5.2074 208.12 96.147 -24.072 330.61 83.264 13.548 431.82 81.743
0.18333 -4.2337 218.59 95.759 -23.23 340.37 83.362 14.865 440.58 81.663
0.19167 -3.2246 228.97 95.362 -22.537 349.93 83.499 16.051 449.29 81.566
0.2 -2.199 239.29 94.958 -21.987 359.26 83.674 17.082 457.97 81.46
0.20833 -1.1735 249.59 94.545 -21.567 368.34 83.882 17.933 466.67 81.36
0.21667 -0.16558 259.92 94.123 -21.26 377.18 84.12 18.583 475.42 81.278
0.225 0.80788 270.31 93.69 -21.045 385.78 84.386 19.011 484.26 81.229
0.23333 1.7305 280.75 93.25 -20.902 394.16 84.674 19.204 493.21 81.224
0.24167 2.5893 291.23 92.808 -20.811 402.35 84.982 19.154 502.29 81.273
0.25 3.3744 301.74 92.368 -20.756 410.41 85.304 18.859 511.5 81.381
0.25833 4.0779 312.25 91.938 -20.725 418.36 85.639 18.323 520.83 81.55
0.26667 4.6989 322.73 91.525 -20.711 426.27 85.984 17.555 530.27 81.777
0.275 5.2343 333.15 91.137 -20.714 434.16 86.338 16.569 539.78 82.057
0.28333 5.6808 343.49 90.783 -20.738 442.08 86.698 15.385 549.34 82.38
0.29167 6.0348 353.74 90.467 -20.79 450.06 87.066 14.022 558.93 82.737
0.3 6.2947 363.88 90.195 -20.881 458.11 87.44 12.502 568.51 83.117
0.30833 6.4559 373.94 89.968 -21.02 466.27 87.819 10.847 578.06 83.51
0.31667 6.5187 383.92 89.785 -21.218 474.53 88.202 9.0767 587.56 83.906
0.325 6.4872 393.86 89.642 -21.48 482.89 88.587 7.2112 597 84.298
0.33333 6.3663 403.77 89.534 -21.809 491.35 88.972 5.2668 606.36 84.682
0.34167 6.1676 413.69 89.451 -22.206 499.9 89.354 3.2574 615.65 85.053
0.35 5.9032 423.63 89.383 -22.665 508.55 89.73 1.1947 624.86 85.412
0.35833 5.5896 433.6 89.322 -23.18 517.29 90.096 -0.91264 634 85.757
0.36667 5.243 443.62 89.256 -23.744 526.1 90.45 -3.0573 643.06 86.092
0.375 4.8813 453.69 89.177 -24.348 535.01 90.788 -5.2347 652.05 86.418
0.38333 4.52 463.79 89.078 -24.987 544 91.109 -7.4408 660.98 86.737
0.39167 4.1716 473.92 88.957 -25.656 553.08 91.411 -9.6725 669.86 87.053
0.4 3.8424 484.08 88.811 -26.354 562.25 91.693 -11.927 678.68 87.367
0.40833 3.5336 494.25 88.646 -27.083 571.53 91.956 -14.201 687.47 87.679
0.41667 3.2384 504.43 88.468 -27.848 580.91 92.201 -16.49 696.23 87.991
0.425 2.9453 514.62 88.287 -28.656 590.4 92.427 -18.792 704.97 88.302
0.43333 2.635 524.8 88.117 -29.516 600 92.637 -21.099 713.71 88.61
0.44167 2.283 534.99 87.969 -30.438 609.7 92.831 -23.409 722.46 88.913
0.45 1.868 545.18 87.856 -31.43 619.5 93.006 -25.713 731.22 89.209
0.45833 1.3731 555.38 87.788 -32.497 629.4 93.162 -28.008 740.02 89.496
0.46667 0.77436 565.62 87.768 -33.646 639.38 93.295 -30.287 748.87 89.77
0.475 0.064499 575.91 87.794 -34.877 649.46 93.403 -32.548 757.76 90.031
0.48333 -0.75058 586.29 87.856 -36.189 659.61 93.485 -34.79 766.71 90.275
0.49167 -1.6714 596.81 87.939 -37.578 669.85 93.539 -37.013 775.71 90.503
0.5 -2.6787 607.49 88.026 -39.04 680.16 93.566 -39.221 784.78 90.714
0.50833 -3.7403 618.37 88.099 -40.572 690.57 93.569 -41.421 793.9 90.91
0.51667 -4.8535 629.45 88.148 -42.171 701.08 93.553 -43.622 803.07 91.093
0.525 -5.9974 640.7 88.171 -43.838 711.68 93.526 -45.836 812.31 91.264
0.53333 -7.1788 652.09 88.17 -45.577 722.4 93.497 -48.077 821.61 91.429
0.54167 -8.4097 663.6 88.153 -47.395 733.24 93.474 -50.359 830.98 91.59
0.55 -9.7073 675.19 88.126 -49.301 744.2 93.468 -52.694 840.44 91.749
0.55833 -11.087 686.86 88.095 -51.306 755.29 93.487 -55.097 850.01 91.91
0.56667 -12.564 698.61 88.065 -53.422 766.5 93.54 -57.577 859.7 92.074
0.575 -14.15 710.47 88.038 -55.658 777.83 93.628 -60.141 869.54 92.241
0.58333 -15.846 722.48 88.017 -58.024 789.29 93.756 -62.795 879.54 92.41
0.59167 -17.667 734.68 88.004 -60.519 800.86 93.92 -65.537 889.73 92.576
0.6 -19.597 747.12 87.999 -63.145 812.54 94.119 -68.369 900.11 92.738
0.60833 -21.631 759.83 88.004 -65.894 824.34 94.344 -71.283 910.68 92.89
0.61667 -23.763 772.84 88.024 -68.754 836.24 94.588 -74.276 921.44 93.028
0.625 -25.979 786.14 88.069 -71.712 848.25 94.841 -77.339 932.37 93.149
0.63333 -28.279 799.71 88.149 -74.746 860.36 95.097 -80.466 943.44 93.249
0.64167 -30.656 813.5 88.276 -77.837 872.56 95.348 -83.65 954.62 93.329
0.65 -33.099 827.46 88.464 -80.964 884.86 95.585 -86.885 965.86 93.392
0.65833 -35.618 841.51 88.718 -84.102 897.24 95.81 -90.167 977.14 93.44
0.66667 -38.2 855.59 89.046 -87.232 909.69 96.017 -93.49 988.41 93.48
0.675 -40.849 869.63 89.448 -90.334 922.19 96.207 -96.85 999.64 93.52
0.68333 -43.566 883.55 89.921 -93.389 934.72 96.382 -100.24 1010.8 93.569
0.69167 -46.35 897.3 90.459 -96.381 947.26 96.543 -103.66 1021.9 93.635
0.7 -49.205 910.83 91.051 -99.294 959.77 96.694 -107.1 1032.9 93.727
0.70833 -52.127 924.08 91.681 -102.12 972.23 96.833 -110.54 1043.9 93.85
0.71667 -55.11 937.03 92.333 -104.84 984.6 96.963 -113.97 1054.8 94.008
0.725 -58.146 949.67 92.99 -107.45 996.85 97.082 -117.38 1065.7 94.201
0.73333 -61.225 961.99 93.64 -109.94 1008.9 97.188 -120.75 1076.6 94.427
0.74167 -64.335 974.05 94.276 -112.32 1020.9 97.28 -124.05 1087.6 94.681
0.75 -67.469 985.88 94.895 -114.58 1032.6 97.355 -127.26 1098.6 94.953
0.75833 -70.617 997.53 95.498 -116.73 1044.2 97.41 -130.36 1109.8 95.235
0.76667 -73.764 1009.1 96.085 -118.77 1055.5 97.445 -133.34 1121 95.515
0.775 -76.891 1020.5 96.659 -120.71 1066.7 97.459 -136.16 1132.4 95.783
0.78333 -79.98 1032 97.224 -122.57 1077.7 97.452 -138.83 1143.9 96.028
0.79167 -83.008 1043.4 97.784 -124.36 1088.5 97.428 -141.33 1155.5 96.243
0.8 -85.956 1054.8 98.346 -126.11 1099.2 97.389 -143.66 1167.2 96.422
0.80833 -88.799 1066.2 98.918 -127.82 1109.8 97.339 -145.82 1178.9 96.562
0.81667 -91.532 1077.6 99.507 -129.53 1120.4 97.284 -147.8 1190.7 96.663
0.825 -94.141 1088.9 100.12 -131.24 1130.8 97.226 -149.63 1202.5 96.725
0.83333 -96.633 1100.2 100.77 -132.98 1141.3 97.169 -151.32 1214.2 96.753
0.84167 -99.007 1111.5 101.44 -134.74 1151.8 97.115 -152.88 1226 96.75
0.85 -101.28 1122.7 102.16 -136.55 1162.3 97.065 -154.33 1237.6 96.721
0.85833 -103.46 1133.8 102.91 -138.4 1172.8 97.02 -155.7 1249.2 96.672
0.86667 -105.57 1144.8 103.7 -140.3 1183.4 96.978 -157 1260.7 96.608
0.875 -107.62 1155.8 104.51 -142.23 1194 96.939 -158.25 1272.2 96.534
0.88333 -109.63 1166.7 105.33 -144.18 1204.7 96.903 -159.47 1283.6 96.455
0.89167 -111.61 1177.6 106.17 -146.16 1215.4 96.871 -160.68 1295 96.374
0.9 -113.58 1188.5 107 -148.15 1226.3 96.844 -161.9 1306.3 96.296
0.90833 -115.53 1199.4 107.81 -150.16 1237.2 96.825 -163.13 1317.5 96.223
0.91667 -117.47 1210.2 108.61 -152.18 1248.1 96.821 -164.38 1328.8 96.158
0.925 -119.39 1221.1 109.38 -154.21 1259.2 96.835 -165.66 1340 96.102
0.93333 -121.3 1232 110.12 -156.26 1270.3 96.872 -166.96 1351.1 96.057
0.94167 -123.19 1242.9 110.84 -158.33 1281.4 96.938 -168.3 1362.3 96.022
0.95 -125.07 1253.8 111.53 -160.45 1292.7 97.037 -169.65 1373.4 95.997
0.95833 -126.93 1264.8 112.2 -162.6 1304 97.169 -171.03 1384.4 95.979
0.96667 -128.78 1275.9 112.84 -164.8 1315.4 97.337 -172.41 1395.5 95.966
0.975 -130.62 1287.1 113.46 -167.05 1326.9 97.536 -173.79 1406.5 95.954
0.98333 -132.47 1298.3 114.06 -169.35 1338.5 97.766 -175.17 1417.4 95.939
0.99167 -134.32 1309.7 114.62 -171.68 1350.1 98.023 -176.54 1428.4 95.919
1 -136.19 1321.3 115.15 -174.05 1361.8 98.302 -177.9 1439.4 95.89
1.0083 -138.08 1333 115.63 -176.42 1373.6 98.6 -179.25 1450.5 95.85
1.0167 -140 1344.8 116.06 -178.8 1385.4 98.913 -180.58 1461.5 95.798
1.025 -141.94 1356.9 116.43 -181.17 1397.3 99.239 -181.9 1472.7 95.733
1.0333 -143.9 1369.1 116.76 -183.51 1409.3 99.574 -183.22 1483.9 95.656
1.0417 -145.88 1381.5 117.04 -185.81 1421.4 99.916 -184.53 1495.2 95.569
1.05 -147.9 1394 117.29 -188.08 1433.5 100.26 -185.84 1506.5 95.475
1.0583 -149.96 1406.7 117.5 -190.31 1445.7 100.61 -187.15 1517.9 95.376
1.0667 -152.08 1419.4 117.68 -192.5 1457.9 100.95 -188.46 1529.4 95.274
1.075 -154.25 1432.2 117.85 -194.66 1470.3 101.29 -189.77 1541 95.171
1.0833 -156.48 1444.9 117.99 -196.81 1482.7 101.6 -191.07 1552.6 95.069
1.0917 -158.76 1457.6 118.11 -198.94 1495.2 101.9 -192.37 1564.2 94.968
1.1 -161.09 1470.3 118.21 -201.06 1507.8 102.17 -193.67 1575.9 94.868
1.1083 -163.46 1482.9 118.29 -203.18 1520.5 102.4 -194.96 1587.6 94.769
1.1167 -165.88 1495.5 118.36 -205.3 1533.3 102.58 -196.26 1599.3 94.671
1.125 -168.37 1508.3 118.42 -207.41 1546.3 102.72 -197.56 1611 94.574
1.1333 -170.95 1521.2 118.47 -209.5 1559.3 102.8 -198.88 1622.8 94.48
1.1417 -173.62 1534.3 118.51 -211.58 1572.4 102.84 -200.23 1634.6 94.391
1.15 -176.39 1547.7 118.54 -213.63 1585.7 102.82 -201.63 1646.4 94.311
1.1583 -179.27 1561.3 118.55 -215.64 1599 102.75 -203.08 1658.3 94.243
1.1667 -182.25 1575.3 118.52 -217.6 1612.4 102.64 -204.61 1670.3 94.191
1.175 -185.3 1589.5 118.45 -219.53 1625.9 102.5 -206.22 1682.4 94.16
1.1833 -188.44 1603.9 118.31 -221.41 1639.3 102.34 -207.93 1694.5 94.15
1.1917 -191.64 1618.4 118.12 -223.28 1652.8 102.17 -209.72 1706.7 94.164
1.2 -194.88 1632.9 117.85 -225.13 1666.2 102 -211.6 1719 94.198
1.2083 -198.14 1647.3 117.53 -227.01 1679.6 101.85 -213.57 1731.2 94.248
1.2167 -201.38 1661.5 117.15 -228.94 1692.9 101.71 -215.61 1743.4 94.308
1.225 -204.56 1675.5 116.74 -230.95 1706.1 101.61 -217.71 1755.6 94.369
1.2333 -207.64 1689.2 116.31 -233.07 1719.2 101.53 -219.87 1767.7 94.422
1.2417 -210.59 1702.7 115.88 -235.32 1732.2 101.49 -222.08 1779.7 94.458
1.25 -213.41 1715.9 115.45 -237.72 1745 101.48 -224.33 1791.5 94.47
1.2583 -216.09 1728.8 115.05 -240.28 1757.7 101.51 -226.63 1803.3 94.453
1.2667 -218.64 1741.6 114.68 -243 1770.2 101.56 -229 1814.9 94.405
1.275 -221.09 1754.2 114.35 -245.88 1782.5 101.64 -231.44 1826.4 94.327
1.2833 -223.45 1766.6 114.07 -248.89 1794.7 101.74 -233.98 1837.9 94.225
1.2917 -225.73 1779 113.81 -252.02 1806.7 101.87 -236.64 1849.2 94.107
1.3 -227.94 1791.5 113.58 -255.24 1818.5 102 -239.45 1860.6 93.984
1.3083 -230.09 1803.9 113.37 -258.53 1830.2 102.16 -242.43 1871.9 93.868
1.3167 -232.19 1816.3 113.16 -261.86 1841.7 102.33 -245.6 1883.2 93.771
1.325 -234.28 1828.8 112.95 -265.21 1853.2 102.51 -248.98 1894.6 93.703
1.3333 -236.37 1841.3 112.72 -268.58 1864.5 102.71 -252.57 1906.1 93.674
1.3417 -238.5 1853.7 112.46 -271.95 1875.7 102.93 -256.36 1917.6 93.689
1.35 -240.68 1866 112.18 -275.31 1886.9 103.17 -260.36 1929.2 93.749
1.3583 -242.93 1878.2 111.87 -278.67 1898 103.43 -264.54 1940.9 93.853
1.3667 -245.29 1890.3 111.53 -282.04 1909 103.72 -268.89 1952.5 93.998
1.375 -247.76 1902.1 111.17 -285.42 1920.1 104.02 -273.38 1964.3 94.175
1.3833 -250.35 1913.8 110.79 -288.82 1931.1 104.35 -277.99 1976 94.379
1.3917 -253.06 1925.3 110.4 -292.25 1942.1 104.69 -282.7 1987.7 94.601
1.4 -255.9 1936.6 110.01 -295.72 1953.1 105.04 -287.49 1999.3 94.836
1.4083 -258.84 1947.8 109.62 -299.23 1964.1 105.39 -292.34 2010.9 95.078
1.4167 -261.86 1959 109.25 -302.77 1975.1 105.75 -297.24 2022.4 95.324
1.425 -264.97 1970.2 108.88 -306.35 1986.2 106.1 -302.18 2033.9 95.572
1.4333 -268.13 1981.3 108.53 -309.96 1997.3 106.44 -307.15 2045.3 95.821
1.4417 -271.33 1992.6 108.19 -313.59 2008.3 106.77 -312.16 2056.5 96.073
1.45 -274.57 2003.8 107.85 -317.25 2019.5 107.08 -317.18 2067.8 96.328
1.4583 -277.84 2015.2 107.52 -320.93 2030.6 107.37 -322.23 2079 96.586
1.4667 -281.16 2026.7 107.19 -324.62 2041.8 107.63 -327.28 2090.1 96.848
1.475 -284.53 2038.2 106.86 -328.33 2053 107.88 -332.34 2101.3 97.114
1.4833 -287.96 2049.8 106.53 -332.07 2064.3 108.1 -337.38 2112.4 97.38
1.4917 -291.47 2061.4 106.21 -335.83 2075.6 108.3 -342.41 2123.5 97.644
1.5 -295.05 2073 105.9 -339.64 2087 108.47 -347.4 2134.6 97.904
1.5083 -298.72 2084.7 105.62 -343.49 2098.5 108.63 -352.36 2145.8 98.154
1.5167 -302.48 2096.4 105.39 -347.4 2110 108.76 -357.27 2156.9 98.391
1.525 -306.32 2108 105.2 -351.37 2121.5 108.87 -362.12 2168.1 98.613
1.5333 -310.24 2119.7 105.07 -355.42 2133.2 108.96 -366.93 2179.2 98.817
1.5417 -314.25 2131.5 105 -359.55 2144.8 109.02 -371.7 2190.4 99.003
1.55 -318.33 2143.3 104.98 -363.76 2156.6 109.07 -376.42 2201.6 99.169
1.5583 -322.52 2155.2 105 -368.04 2168.4 109.09 -381.13 2212.8 99.318
1.5667 -326.79 2167.2 105.06 -372.41 2180.3 109.1 -385.82 2224 99.451
1.575 -331.17 2179.5 105.13 -376.85 2192.2 109.09 -390.51 2235.2 99.569
1.5833 -335.62 2191.8 105.2 -381.36 2204.2 109.06 -395.22 2246.5 99.676
1.5917 -340.17 2204.3 105.27 -385.94 2216.3 109.03 -399.95 2257.9 99.773
1.6 -344.81 2216.9 105.33 -390.59 2228.5 108.99 -404.72 2269.3 99.861
1.6083 -349.55 2229.5 105.38 -395.31 2240.7 108.94 -409.53 2280.7 99.941
1.6167 -354.39 2242.2 105.41 -400.1 2253 108.9 -414.38 2292.3 100.01
1.625 -359.36 2254.9 105.42 -404.96 2265.3 108.88 -419.28 2304 100.07
1.6333 -364.44 2267.7 105.4 -409.9 2277.7 108.86 -424.23 2315.8 100.12
1.6417 -369.65 2280.6 105.36 -414.93 2290.2 108.87 -429.21 2327.7 100.15
1.65 -374.99 2293.7 105.31 -420.05 2302.7 108.89 -434.22 2339.8 100.16
1.6583 -380.45 2306.8 105.25 -425.26 2315.2 108.94 -439.26 2351.9 100.14
1.6667 -386.01 2320.2 105.19 -430.58 2327.8 109.01 -444.32 2364.2 100.11
1.675 -391.67 2333.8 105.14 -435.98 2340.3 109.1 -449.4 2376.5 100.05
1.6833 -397.39 2347.6 105.13 -441.48 2352.9 109.21 -454.5 2388.9 99.969
1.6917 -403.18 2361.5 105.16 -447.04 2365.5 109.33 -459.61 2401.3 99.868
1.7 -408.99 2375.6 105.26 -452.66 2378 109.46 -464.74 2413.8 99.752
1.7083 -414.83 2389.6 105.43 -458.31 2390.6 109.59 -469.89 2426.3 99.627
1.7167 -420.67 2403.7 105.67 -463.96 2403.2 109.72 -475.06 2438.8 99.502
1.725 -426.51 2417.6 105.99 -469.58 2415.8 109.84 -480.25 2451.2 99.383
1.7333 -432.33 2431.3 106.37 -475.14 2428.4 109.94 -485.47 2463.7 99.281
1.7417 -438.12 2444.7 106.81 -480.6 2441.1 110.02 -490.71 2476.1 99.202
1.75 -443.88 2457.8 107.28 -485.94 2453.7 110.08 -495.98 2488.4 99.155
1.7583 -449.59 2470.5 107.76 -491.14 2466.3 110.11 -501.27 2500.7 99.145
1.7667 -455.25 2482.9 108.22 -496.17 2478.9 110.12 -506.57 2513 99.176
1.775 -460.85 2494.9 108.64 -501.02 2491.5 110.1 -511.88 2525.3 99.249
1.7833 -466.42 2506.6 109.01 -505.7 2504 110.06 -517.18 2537.6 99.361
1.7917 -471.95 2518.1 109.32 -510.2 2516.4 109.99 -522.45 2549.9 99.509
1.8 -477.46 2529.4 109.58 -514.54 2528.6 109.91 -527.68 2562.2 99.683
1.8083 -482.94 2540.6 109.79 -518.73 2540.8 109.81 -532.84 2574.6 99.875
1.8167 -488.39 2551.7 109.95 -522.8 2552.8 109.69 -537.91 2587.1 100.07
1.825 -493.8 2562.8 110.08 -526.76 2564.6 109.57 -542.86 2599.6 100.26
1.8333 -499.13 2573.9 110.19 -530.65 2576.3 109.43 -547.68 2612.2 100.44
1.8417 -504.36 2585.1 110.3 -534.49 2587.8 109.29 -552.35 2624.8 100.58
1.85 -509.47 2596.3 110.42 -538.3 2599.3 109.13 -556.84 2637.5 100.68
1.8583 -514.42 2607.5 110.57 -542.11 2610.6 108.96 -561.14 2650.2 100.73
1.8667 -519.21 2618.8 110.75 -545.92 2621.9 108.77 -565.26 2663 100.74
1.875 -523.83 2630 110.97 -549.74 2633.2 108.57 -569.19 2675.8 100.69
1.8833 -528.27 2641.3 111.25 -553.59 2644.5 108.35 -572.93 2688.6 100.59
1.8917 -532.56 2652.5 111.57 -557.47 2655.7 108.1 -576.5 2701.4 100.45
1.9 -536.71 2663.7 111.95 -561.37 2667.1 107.83 -579.91 2714.1 100.26
1.9083 -540.75 2674.9 112.38 -565.29 2678.5 107.54 -583.18 2726.8 100.04
1.9167 -544.71 2686 112.86 -569.22 2690 107.23 -586.33 2739.4 99.8
1.925 -548.62 2697.1 113.38 -573.17 2701.5 106.9 -589.39 2752 99.536
1.9333 -552.5 2708.1 113.93 -577.12 2713.2 106.56 -592.36 2764.5 99.259
1.9417 -556.38 2719.1 114.51 -581.07 2724.9 106.21 -595.26 2776.9 98.975
1.95 -560.26 2730 115.11 -585.03 2736.7 105.87 -598.12 2789.2 98.688
1.9583 -564.15 2740.9 115.71 -588.99 2748.5 105.54 -600.95 2801.5 98.4
1.9667 -568.03 2751.9 116.31 -592.94 2760.4 105.22 -603.75 2813.7 98.112
1.975 -571.92 2762.8 116.9 -596.91 2772.4 104.93 -606.54 2825.8 97.825
1.9833 -575.79 2773.8 117.47 -600.88 2784.5 104.67 -609.32 2837.8 97.538
1.9917 -579.63 2784.9 118.03 -604.87 2796.6 104.45 -612.1 2849.8 97.252
2 -583.43 2796 118.56 -608.87 2808.7 104.26 -614.88 2861.8 96.966
2.0083 -587.2 2807.3 119.06 -612.88 2821 104.1 -617.67 2873.7 96.679
2.0167 -590.93 2818.8 119.52 -616.9 2833.3 103.98 -620.46 2885.6 96.391
2.025 -594.61 2830.5 119.94 -620.93 2845.6 103.9 -623.26 2897.5 96.105
2.0333 -598.27 2842.3 120.31 -624.97 2858.1 103.85 -626.08 2909.4 95.82
2.0417 -601.91 2854.3 120.64 -629 2870.6 103.82 -628.9 2921.3 95.539
2.05 -605.54 2866.5 120.91 -633.03 2883.1 103.83 -631.74 2933.2 95.262
2.0583 -609.18 2878.8 121.14 -637.05 2895.7 103.86 -634.59 2945.2 94.99
2.0667 -612.83 2891.3 121.34 -641.05 2908.4 103.91 -637.44 2957.3 94.725
2.075 -616.5 2904 121.5 -645.04 2921 103.98 -640.28 2969.4 94.466
2.0833 -620.21 2916.8 121.64 -649 2933.7 104.08 -643.12 2981.7 94.212
2.0917 -623.96 2929.8 121.77 -652.94 2946.5 104.19 -645.94 2994 93.961
2.1 -627.76 2942.8 121.9 -656.87 2959.3 104.32 -648.74 3006.4 93.711
2.1083 -631.62 2956 122.02 -660.78 2972.1 104.45 -651.52 3018.9 93.46
2.1167 -635.54 2969.1 122.13 -664.67 2985 104.6 -654.26 3031.5 93.205
2.125 -639.5 2982.2 122.23 -668.54 2998 104.74 -656.99 3044.2 92.945
2.1333 -643.49 2995.4 122.32 -672.41 3011.1 104.88 -659.69 3056.9 92.679
2.1417 -647.52 3008.6 122.4 -676.24 3024.4 104.99 -662.39 3069.7 92.407
2.15 -651.57 3021.8 122.46 -680.06 3037.7 105.08 -665.1 3082.6 92.132
2.1583 -655.66 3035.1 122.51 -683.84 3051.2 105.14 -667.83 3095.5 91.858
2.1667 -659.8 3048.6 122.55 -687.59 3064.8 105.16 -670.59 3108.4 91.588
2.175 -664.01 3062.2 122.57 -691.28 3078.5 105.13 -673.42 3121.4 91.331
2.1833 -668.3 3076 122.57 -694.92 3092.3 105.07 -676.31 3134.4 91.09
2.1917 -672.68 3090.1 122.55 -698.5 3106.2 104.97 -679.29 3147.4 90.874
2.2 -677.15 3104.4 122.48 -702.01 3120.1 104.84 -682.36 3160.4 90.686
2.2083 -681.7 3118.8 122.38 -705.47 3134 104.69 -685.51 3173.5 90.531
2.2167 -686.3 3133.3 122.21 -708.88 3147.9 104.54 -688.75 3186.6 90.41
2.225 -690.95 3147.8 121.98 -712.25 3161.7 104.4 -692.07 3199.6 90.321
2.2333 -695.59 3162.2 121.69 -715.62 3175.5 104.28 -695.46 3212.7 90.26
2.2417 -700.19 3176.6 121.33 -719 3189.1 104.21 -698.89 3225.8 90.22
2.25 -704.7 3190.7 120.93 -722.42 3202.6 104.18 -702.36 3238.9 90.192
2.2583 -709.09 3204.6 120.49 -725.9 3216 104.21 -705.85 3251.9 90.166
2.2667 -713.33 3218.3 120.02 -729.47 3229.2 104.3 -709.36 3264.9 90.131
2.275 -717.4 3231.8 119.55 -733.15 3242.2 104.45 -712.87 3277.9 90.077
2.2833 -721.31 3244.9 119.08 -736.94 3255.1 104.66 -716.38 3290.8 89.997
2.2917 -725.07 3257.9 118.64 -740.85 3267.8 104.91 -719.92 3303.6 89.887
2.3 -728.71 3270.6 118.23 -744.87 3280.3 105.2 -723.49 3316.4 89.747
2.3083 -732.23 3283.1 117.86 -748.99 3292.7 105.52 -727.11 3329.1 89.579
2.3167 -735.67 3295.5 117.53 -753.19 3304.9 105.84 -730.81 3341.8 89.392
2.325 -739.06 3307.9 117.24 -757.46 3316.9 106.17 -734.62 3354.4 89.196
2.3333 -742.4 3320.2 116.98 -761.76 3328.8 106.48 -738.57 3367 89.005
2.3417 -745.73 3332.5 116.75 -766.08 3340.5 106.78 -742.67 3379.5 88.835
2.35 -749.06 3344.8 116.53 -770.38 3352.1 107.06 -746.97 3392 88.698
2.3583 -752.42 3357 116.32 -774.67 3363.5 107.31 -751.47 3404.5 88.608
2.3667 -755.81 3369.3 116.1 -778.94 3374.8 107.55 -756.19 3417 88.575
2.375 -759.24 3381.4 115.87 -783.17 3386 107.77 -761.13 3429.4 88.607
2.3833 -762.72 3393.6 115.63 -787.39 3397.1 107.97 -766.29 3441.8 88.704
2.3917 -766.25 3405.6 115.35 -791.59 3408.2 108.17 -771.66 3454.2 88.865
2.4 -769.83 3417.5 115.05 -795.79 3419.3 108.37 -777.22 3466.5 89.084
2.4083 -773.46 3429.3 114.72 -800.01 3430.3 108.57 -782.96 3478.7 89.35
2.4167 -777.14 3441 114.37 -804.26 3441.4 108.78 -788.83 3490.9 89.651
2.425 -780.87 3452.6 114 -808.56 3452.6 109 -794.83 3503 89.975
2.4333 -784.65 3464.1 113.61 -812.9 3463.7 109.22 -800.91 3514.9 90.31
2.4417 -788.48 3475.4 113.22 -817.3 3475 109.44 -807.05 3526.8 90.643
2.45 -792.34 3486.8 112.83 -821.76 3486.3 109.65 -813.23 3538.6 90.968
2.4583 -796.24 3498.1 112.44 -826.28 3497.6 109.85 -819.42 3550.2 91.278
2.4667 -800.18 3509.3 112.06 -830.84 3509 110.03 -825.61 3561.7 91.572
2.475 -804.17 3520.6 111.68 -835.45 3520.5 110.18 -831.78 3573.1 91.851
2.4833 -808.22 3531.9 111.3 -840.09 3532.1 110.31 -837.93 3584.4 92.117
2.4917 -812.33 3543.2 110.92 -844.77 3543.7 110.41 -844.05 3595.6 92.373
2.5 -816.5 3554.6 110.53 -849.48 3555.3 110.47 -850.13 3606.7 92.624
2.5083 -820.75 3566 110.15 -854.21 3567 110.52 -856.16 3617.8 92.87
2.5167 -825.07 3577.4 109.78 -858.98 3578.8 110.54 -862.16 3628.8 93.114
2.525 -829.46 3588.8 109.41 -863.77 3590.6 110.55 -868.1 3639.8 93.351
2.5333 -833.91 3600.3 109.08 -868.61 3602.5 110.55 -873.99 3650.8 93.579
2.5417 -838.42 3611.7 108.78 -873.48 3614.4 110.55 -879.82 3661.8 93.79
2.55 -842.98 3623.2 108.52 -878.41 3626.4 110.56 -885.59 3672.8 93.978
2.5583 -847.59 3634.8 108.31 -883.38 3638.4 110.57 -891.29 3683.9 94.135
2.5667 -852.25 3646.4 108.15 -888.41 3650.4 110.6 -896.93 3695 94.254
2.575 -856.98 3658.1 108.02 -893.49 3662.5 110.63 -902.49 3706.3 94.331
2.5833 -861.8 3670 107.94 -898.63 3674.6 110.67 -908 3717.6 94.365
2.5917 -866.72 3682 107.87 -903.82 3686.7 110.71 -913.45 3729 94.359
2.6 -871.75 3694.2 107.82 -909.07 3698.9 110.74 -918.85 3740.5 94.316
2.6083 -876.9 3706.5 107.78 -914.38 3711.1 110.78 -924.21 3752.1 94.244
2.6167 -882.17 3718.9 107.75 -919.74 3723.3 110.8 -929.56 3763.7 94.153
2.625 -887.58 3731.5 107.74 -925.17 3735.5 110.83 -934.9 3775.5 94.051
2.6333 -893.12 3744 107.73 -930.66 3747.8 110.84 -940.25 3787.3 93.947
2.6417 -898.79 3756.7 107.72 -936.21 3760.1 110.86 -945.63 3799.2 93.845
2.65 -904.6 3769.3 107.72 -941.85 3772.5 110.89 -951.03 3811.2 93.748
2.6583 -910.54 3782.1 107.71 -947.56 3784.9 110.92 -956.46 3823.2 93.654
2.6667 -916.61 3794.9 107.71 -953.36 3797.4 110.98 -961.93 3835.4 93.559
2.675 -922.78 3807.8 107.71 -959.25 3809.9 111.06 -967.43 3847.6 93.454
2.6833 -929.04 3820.9 107.72 -965.22 3822.5 111.16 -972.96 3859.9 93.334
2.6917 -935.37 3834.1 107.76 -971.27 3835 111.3 -978.51 3872.3 93.188
2.7 -941.75 3847.6 107.83 -977.38 3847.7 111.46 -984.08 3884.8 93.013
2.7083 -948.16 3861.1 107.94 -983.55 3860.3 111.64 -989.65 3897.4 92.805
2.7167 -954.57 3874.8 108.12 -989.76 3872.9 111.84 -995.24 3910.1 92.566
2.725 -960.99 3888.5 108.37 -995.97 3885.6 112.04 -1000.8 3922.8 92.305
2.7333 -967.39 3902.2 108.69 -1002.2 3898.2 112.24 -1006.4 3935.5 92.03
2.7417 -973.78 3915.9 109.09 -1008.3 3910.9 112.43 -1012 3948.3 91.759
2.75 -980.16 3929.4 109.55 -1014.4 3923.5 112.59 -1017.7 3961 91.506
2.7583 -986.51 3942.6 110.07 -1020.4 3936.2 112.73 -1023.3 3973.8 91.289
2.7667 -992.81 3955.6 110.61 -1026.2 3948.9 112.83 -1029 3986.5 91.123
2.775 -999.05 3968.3 111.16 -1031.9 3961.6 112.9 -1034.7 3999.1 91.017
2.7833 -1005.2 3980.6 111.67 -1037.5 3974.2 112.92 -1040.3 4011.7 90.978
2.7917 -1011.3 3992.5 112.14 -1042.8 3986.9 112.91 -1046 4024.3 91.007
2.8 -1017.2 4004.1 112.53 -1048 3999.5 112.87 -1051.7 4036.8 91.094
2.8083 -1023 4015.5 112.86 -1053.1 4012.1 112.8 -1057.3 4049.3 91.228
2.8167 -1028.7 4026.6 113.11 -1057.9 4024.6 112.71 -1062.8 4061.8 91.391
2.825 -1034.4 4037.5 113.31 -1062.6 4037 112.6 -1068.2 4074.3 91.562
2.8333 -1039.9 4048.4 113.46 -1067.2 4049.3 112.48 -1073.5 4086.9 91.718
2.8417 -1045.4 4059.2 113.56 -1071.6 4061.5 112.34 -1078.5 4099.6 91.838
2.85 -1050.8 4070.1 113.63 -1076 4073.6 112.19 -1083.3 4112.4 91.906
2.8583 -1056 4081 113.7 -1080.2 4085.5 112.01 -1087.9 4125.2 91.908
2.8667 -1061.1 4091.9 113.78 -1084.4 4097.3 111.82 -1092.3 4138.2 91.84
2.875 -1066.1 4103 113.87 -1088.6 4108.9 111.6 -1096.4 4151.2 91.703
2.8833 -1071 4114.1 113.99 -1092.7 4120.5 111.35 -1100.2 4164.2 91.503
2.8917 -1075.7 4125.3 114.14 -1096.9 4132 111.07 -1103.9 4177.3 91.252
2.9 -1080.3 4136.6 114.32 -1101 4143.4 110.77 -1107.3 4190.4 90.963
2.9083 -1084.7 4147.8 114.54 -1105.1 4154.8 110.43 -1110.6 4203.4 90.65
2.9167 -1089 4159.1 114.79 -1109.2 4166.2 110.07 -1113.8 4216.4 90.326
2.925 -1093.2 4170.4 115.08 -1113.4 4177.7 109.69 -1116.9 4229.4 90.001
2.9333 -1097.3 4181.6 115.38 -1117.5 4189.2 109.3 -1119.9 4242.2 89.681
2.9417 -1101.4 4192.7 115.71 -1121.6 4200.7 108.91 -1122.8 4254.9 89.367
2.95 -1105.5 4203.8 116.05 -1125.6 4212.4 108.53 -1125.7 4267.6 89.057
2.9583 -1109.6 4214.8 116.4 -1129.7 4224.1 108.16 -1128.5 4280.1 88.743
2.9667 -1113.6 4225.8 116.74 -1133.8 4235.9 107.82 -1131.3 4292.6 88.417
2.975 -1117.7 4236.7 117.09 -1137.8 4247.8 107.51 -1134.1 4305.1 88.071
2.9833 -1121.7 4247.7 117.43 -1141.8 4259.7 107.23 -1136.9 4317.5 87.695
2.9917 -1125.8 4258.6 117.77 -1145.8 4271.7 106.99 -1139.5 4329.8 87.282
3 -1129.8 4269.7 118.1 -1149.8 4283.8 106.78 -1142.2 4342.1 86.832
3.0083 -1133.8 4280.9 118.42 -1153.8 4295.9 106.59 -1144.8 4354.4 86.344
3.0167 -1137.7 4292.2 118.73 -1157.8 4308 106.43 -1147.3 4366.7 85.826
3.025 -1141.6 4303.6 119.02 -1161.8 4320.1 106.29 -1149.9 4379 85.288
3.0333 -1145.4 4315.2 119.3 -1165.8 4332.3 106.17 -1152.4 4391.2 84.741
3.0417 -1149.2 4327.1 119.55 -1169.8 4344.5 106.05 -1154.9 4403.4 84.202
3.05 -1152.9 4339 119.78 -1173.9 4356.6 105.94 -1157.5 4415.6 83.683
3.0583 -1156.5 4351.2 119.98 -1177.9 4368.8 105.83 -1160.1 4427.8 83.199
3.0667 -1160.1 4363.4 120.14 -1181.9 4381.1 105.73 -1162.8 4439.9 82.758
3.075 -1163.7 4375.9 120.28 -1185.9 4393.3 105.62 -1165.5 4452.1 82.366
3.0833 -1167.2 4388.4 120.39 -1189.8 4405.7 105.52 -1168.3 4464.3 82.024
3.0917 -1170.8 4401.1 120.49 -1193.8 4418.1 105.42 -1171.2 4476.5 81.727
3.1 -1174.3 4414 120.58 -1197.7 4430.5 105.32 -1174.1 4488.7 81.468
3.1083 -1177.8 4426.9 120.66 -1201.5 4443.1 105.23 -1177 4501 81.233
3.1167 -1181.3 4439.9 120.74 -1205.3 4455.8 105.14 -1180 4513.4 81.008
3.125 -1184.9 4453 120.81 -1209 4468.6 105.04 -1182.9 4525.8 80.778
3.1333 -1188.6 4466.1 120.88 -1212.7 4481.5 104.95 -1185.8 4538.4 80.53
3.1417 -1192.3 4479.3 120.95 -1216.3 4494.5 104.86 -1188.6 4550.9 80.253
3.15 -1196 4492.5 121.02 -1219.8 4507.7 104.76 -1191.3 4563.6 79.943
3.1583 -1199.7 4505.8 121.08 -1223.3 4521 104.65 -1194 4576.3 79.598
3.1667 -1203.5 4519.2 121.15 -1226.7 4534.3 104.53 -1196.7 4589.2 79.225
3.175 -1207.3 4532.7 121.21 -1230.1 4547.8 104.4 -1199.3 4602 78.833
3.1833 -1211.2 4546.4 121.26 -1233.4 4561.4 104.26 -1201.9 4614.9 78.436
3.1917 -1215.2 4560.3 121.29 -1236.7 4575 104.1 -1204.5 4627.9 78.051
3.2 -1219.2 4574.3 121.3 -1239.9 4588.7 103.92 -1207.1 4640.9 77.693
3.2083 -1223.2 4588.5 121.28 -1243 4602.5 103.73 -1209.8 4654 77.377
3.2167 -1227.3 4602.8 121.19 -1246.1 4616.3 103.53 -1212.5 4667.1 77.114
3.225 -1231.5 4617.1 121.05 -1249.2 4630.1 103.32 -1215.3 4680.3 76.91
3.2333 -1235.6 4631.4 120.83 -1252.3 4643.9 103.12 -1218.2 4693.5 76.765
3.2417 -1239.6 4645.7 120.53 -1255.3 4657.7 102.92 -1221.1 4706.8 76.674
3.25 -1243.7 4659.9 120.15 -1258.4 4671.4 102.74 -1224.1 4720.1 76.626
3.2583 -1247.6 4673.8 119.71 -1261.4 4685.1 102.58 -1227.1 4733.4 76.605
3.2667 -1251.3 4687.6 119.21 -1264.5 4698.8 102.44 -1230.2 4746.8 76.592
3.275 -1254.9 4701.2 118.68 -1267.7 4712.3 102.34 -1233.3 4760.1 76.57
3.2833 -1258.3 4714.5 118.12 -1271 4725.7 102.26 -1236.3 4773.4 76.523
3.2917 -1261.4 4727.6 117.56 -1274.3 4739 102.23 -1239.4 4786.7 76.439
3.3 -1264.4 4740.6 117.02 -1277.7 4752.1 102.23 -1242.5 4799.9 76.309
3.3083 -1267.2 4753.3 116.51 -1281.2 4765.1 102.27 -1245.5 4813.1 76.135
3.3167 -1269.9 4765.8 116.04 -1284.8 4777.8 102.34 -1248.6 4826.2 75.921
3.325 -1272.5 4778.3 115.6 -1288.4 4790.3 102.44 -1251.8 4839.2 75.68
3.3333 -1275 4790.6 115.2 -1292.1 4802.6 102.56 -1255 4852.2 75.426
3.3417 -1277.4 4802.9 114.83 -1295.8 4814.7 102.7 -1258.4 4865.1 75.179
3.35 -1279.8 4815.2 114.49 -1299.6 4826.7 102.85 -1261.8 4878 74.955
3.3583 -1282.3 4827.4 114.16 -1303.3 4838.4 103 -1265.4 4890.8 74.772
3.3667 -1284.7 4839.6 113.83 -1307 4850 103.15 -1269.2 4903.6 74.642
3.375 -1287.2 4851.8 113.5 -1310.7 4861.5 103.29 -1273.1 4916.5 74.572
3.3833 -1289.8 4863.8 113.16 -1314.4 4873 103.43 -1277.2 4929.3 74.564
3.3917 -1292.4 4875.8 112.79 -1318.1 4884.4 103.55 -1281.5 4942.1 74.614
3.4 -1295.1 4887.7 112.41 -1321.7 4895.7 103.67 -1285.8 4954.8 74.712
3.4083 -1297.8 4899.4 112 -1325.4 4907.1 103.78 -1290.3 4967.6 74.845
3.4167 -1300.6 4911 111.58 -1329 4918.5 103.89 -1294.8 4980.3 74.999
3.425 -1303.4 4922.5 111.15 -1332.7 4930 104 -1299.4 4992.9 75.159
3.4333 -1306.2 4933.8 110.72 -1336.4 4941.4 104.12 -1304 5005.4 75.311
3.4417 -1309.1 4945 110.3 -1340.1 4952.9 104.25 -1308.6 5017.8 75.445
3.45 -1312 4956.2 109.89 -1343.8 4964.5 104.38 -1313.2 5030 75.557
3.4583 -1314.9 4967.3 109.5 -1347.6 4976 104.51 -1317.8 5042.1 75.644
3.4667 -1317.9 4978.3 109.12 -1351.4 4987.6 104.65 -1322.4 5054.1 75.709
3.475 -1320.9 4989.4 108.77 -1355.3 4999.2 104.8 -1327 5066 75.757
3.4833 -1324 5000.5 108.43 -1359.1 5010.8 104.93 -1331.7 5077.7 75.796
3.4917 -1327.1 5011.7 108.09 -1363 5022.5 105.05 -1336.3 5089.3 75.833
3.5 -1330.3 5022.9 107.75 -1366.8 5034.2 105.16 -1340.9 5100.8 75.877
3.5083 -1333.6 5034.1 107.39 -1370.7 5045.9 105.25 -1345.6 5112.2 75.93
3.5167 -1336.9 5045.5 107.02 -1374.6 5057.7 105.31 -1350.2 5123.6 75.997
3.525 -1340.4 5056.9 106.63 -1378.5 5069.6 105.34 -1354.9 5135 76.075
3.5333 -1343.9 5068.3 106.23 -1382.4 5081.5 105.36 -1359.5 5146.3 76.157
3.5417 -1347.4 5079.9 105.82 -1386.3 5093.5 105.35 -1364.1 5157.7 76.239
3.55 -1351 5091.4 105.42 -1390.3 5105.6 105.33 -1368.7 5169.1 76.309
3.5583 -1354.7 5103.1 105.05 -1394.3 5117.7 105.29 -1373.2 5180.6 76.359
3.5667 -1358.4 5114.7 104.7 -1398.3 5129.9 105.26 -1377.6 5192.1 76.381
3.575 -1362.2 5126.4 104.4 -1402.4 5142.1 105.23 -1382 5203.7 76.37
3.5833 -1366 5138.2 104.14 -1406.4 5154.4 105.21 -1386.3 5215.4 76.323
3.5917 -1369.8 5150.1 103.92 -1410.5 5166.6 105.21 -1390.7 5227.2 76.243
3.6 -1373.8 5162.1 103.74 -1414.6 5178.9 105.22 -1394.9 5239 76.134
3.6083 -1377.8 5174.3 103.58 -1418.7 5191.2 105.25 -1399.2 5250.9 76.005
3.6167 -1381.9 5186.6 103.42 -1422.9 5203.5 105.3 -1403.5 5262.9 75.867
3.625 -1386.1 5199.1 103.27 -1427 5215.8 105.37 -1407.8 5274.9 75.728
3.6333 -1390.5 5211.7 103.11 -1431.2 5228.2 105.45 -1412.1 5287 75.598
3.6417 -1394.9 5224.3 102.94 -1435.3 5240.6 105.53 -1416.4 5299.1 75.484
3.65 -1399.3 5237.1 102.77 -1439.5 5253 105.61 -1420.8 5311.3 75.39
3.6583 -1403.9 5249.9 102.58 -1443.8 5265.6 105.69 -1425.1 5323.5 75.314
3.6667 -1408.6 5262.7 102.38 -1448.1 5278.2 105.76 -1429.4 5335.8 75.252
3.675 -1413.3 5275.6 102.16 -1452.5 5290.8 105.82 -1433.8 5348.1 75.197
3.6833 -1418.2 5288.7 101.93 -1456.9 5303.5 105.87 -1438 5360.5 75.14
3.6917 -1423.1 5301.9 101.71 -1461.4 5316.3 105.9 -1442.3 5372.9 75.07
3.7 -1428.2 5315.2 101.49 -1466 5329.1 105.92 -1446.5 5385.4 74.977
3.7083 -1433.2 5328.8 101.3 -1470.6 5341.8 105.93 -1450.6 5398 74.853
3.7167 -1438.4 5342.5 101.15 -1475.3 5354.6 105.92 -1454.7 5410.6 74.692
3.725 -1443.6 5356.4 101.06 -1480.1 5367.4 105.9 -1458.8 5423.3 74.492
3.7333 -1448.8 5370.5 101.03 -1484.9 5380.2 105.86 -1462.8 5436.1 74.253
3.7417 -1454 5384.6 101.1 -1489.7 5393 105.8 -1466.8 5448.9 73.98
3.75 -1459.2 5398.8 101.25 -1494.6 5405.8 105.73 -1470.7 5461.8 73.679
3.7583 -1464.4 5412.9 101.5 -1499.3 5418.6 105.65 -1474.6 5474.7 73.358
3.7667 -1469.5 5427 101.84 -1504.1 5431.4 105.54 -1478.5 5487.6 73.025
3.775 -1474.6 5440.8 102.26 -1508.7 5444.3 105.41 -1482.4 5500.4 72.689
3.7833 -1479.7 5454.4 102.74 -1513.3 5457.3 105.26 -1486.3 5513.2 72.356
3.7917 -1484.7 5467.8 103.26 -1517.7 5470.2 105.09 -1490.2 5526 72.031
3.8 -1489.6 5480.8 103.78 -1522 5483.3 104.9 -1494 5538.7 71.718
3.8083 -1494.4 5493.6 104.28 -1526.2 5496.3 104.69 -1497.8 5551.3 71.418
3.8167 -1499.1 5506 104.73 -1530.2 5509.3 104.47 -1501.6 5563.8 71.131
3.825 -1503.7 5518.1 105.11 -1534 5522.3 104.23 -1505.2 5576.3 70.858
3.8333 -1508.3 5530 105.41 -1537.7 5535.2 103.98 -1508.8 5588.8 70.598
3.8417 -1512.7 5541.7 105.64 -1541.1 5547.9 103.72 -1512.2 5601.3 70.351
3.85 -1517.1 5553.3 105.81 -1544.5 5560.5 103.46 -1515.5 5613.8 70.119
3.8583 -1521.4 5564.9 105.92 -1547.7 5573 103.2 -1518.7 5626.4 69.903
3.8667 -1525.6 5576.4 105.98 -1550.7 5585.3 102.93 -1521.8 5639 69.704
3.875 -1529.8 5587.9 106.02 -1553.7 5597.3 102.66 -1524.7 5651.8 69.523
3.8833 -1533.8 5599.5 106.04 -1556.6 5609.2 102.39 -1527.4 5664.6 69.361
3.8917 -1537.8 5611 106.06 -1559.4 5621 102.11 -1530.1 5677.5 69.217
3.9 -1541.5 5622.6 106.1 -1562.1 5632.7 101.84 -1532.6 5690.4 69.087
3.9083 -1545.2 5634.2 106.17 -1564.8 5644.2 101.55 -1534.9 5703.3 68.966
3.9167 -1548.6 5645.7 106.27 -1567.4 5655.8 101.26 -1537.2 5716.3 68.847
3.925 -1551.9 5657.3 106.4 -1570.1 5667.3 100.96 -1539.3 5729.2 68.721
3.9333 -1555.1 5668.8 106.56 -1572.7 5678.9 100.65 -1541.3 5742.1 68.579
3.9417 -1558.1 5680.3 106.76 -1575.3 5690.5 100.34 -1543.3 5754.9 68.413
3.95 -1560.9 5691.7 106.99 -1577.9 5702.3 100.01 -1545.2 5767.6 68.215
3.9583 -1563.7 5703.1 107.23 -1580.5 5714.1 99.674 -1547 5780.1 67.978
3.9667 -1566.3 5714.4 107.49 -1583 5725.9 99.331 -1548.7 5792.6 67.701
3.975 -1568.9 5725.7 107.76 -1585.5 5737.9 98.983 -1550.4 5804.9 67.383
3.9833 -1571.4 5737 108.03 -1588 5749.9 98.633 -1552.1 5817.1 67.028
3.9917 -1573.9 5748.2 108.31 -1590.5 5762 98.285 -1553.7 5829.2 66.64
4 -1576.4 5759.4 108.59 -1593 5774 97.944 -1555.4 5841.3 66.228
4.0083 -1578.9 5770.6 108.87 -1595.4 5786.1 97.613 -1557 5853.3 65.801
4.0167 -1581.4 5781.9 109.16 -1597.8 5798.3 97.299 -1558.6 5865.2 65.368
4.025 -1583.8 5793.1 109.46 -1600.2 5810.4 97.004 -1560.2 5877.2 64.942
4.0333 -1586.3 5804.5 109.76 -1602.5 5822.6 96.731 -1561.8 5889.1 64.529
4.0417 -1588.7 5815.9 110.07 -1604.8 5834.8 96.484 -1563.5 5901.1 64.14
4.05 -1591 5827.5 110.37 -1607.1 5847 96.265 -1565.1 5913 63.78
4.0583 -1593.3 5839.2 110.68 -1609.4 5859.3 96.073 -1566.7 5925 63.454
4.0667 -1595.5 5851 110.96 -1611.6 5871.6 95.908 -1568.4 5937.1 63.164
4.075 -1597.6 5862.9 111.22 -1613.8 5884 95.769 -1570 5949.1 62.908
4.0833 -1599.6 5875 111.45 -1615.9 5896.5 95.652 -1571.7 5961.2 62.687
4.0917 -1601.6 5887.3 111.64 -1618 5909.1 95.557 -1573.3 5973.3 62.493
4.1 -1603.4 5899.7 111.78 -1620.1 5921.8 95.48 -1574.9 5985.4 62.323
4.1083 -1605.1 5912.3 111.89 -1622.1 5934.5 95.419 -1576.5 5997.5 62.167
4.1167 -1606.7 5925.1 111.95 -1624.1 5947.3 95.373 -1578 6009.7 62.019
4.125 -1608.3 5938.1 111.99 -1626 5960.2 95.34 -1579.4 6021.9 61.867
4.1333 -1609.8 5951.3 112.01 -1627.8 5973.2 95.319 -1580.8 6034.1 61.701
4.1417 -1611.4 5964.6 112.01 -1629.6 5986.2 95.31 -1582.1 6046.4 61.512
4.15 -1613 5978 112 -1631.3 5999.3 95.309 -1583.3 6058.6 61.29
4.1583 -1614.6 5991.4 111.99 -1632.8 6012.4 95.319 -1584.5 6071 61.026
4.1667 -1616.3 6005 111.97 -1634.3 6025.6 95.333 -1585.6 6083.3 60.715
4.175 -1618.1 6018.5 111.95 -1635.7 6038.8 95.351 -1586.5 6095.7 60.355
4.1833 -1619.9 6032.2 111.92 -1637 6052 95.364 -1587.5 6108.1 59.947
4.1917 -1621.7 6045.9 111.91 -1638.2 6065.3 95.372 -1588.3 6120.6 59.498
4.2 -1623.6 6059.7 111.89 -1639.2 6078.7 95.365 -1589.1 6133.1 59.017
4.2083 -1625.5 6073.6 111.86 -1640.2 6092.1 95.34 -1589.8 6145.7 58.519
4.2167 -1627.5 6087.6 111.82 -1641 6105.5 95.291 -1590.5 6158.4 58.019
4.225 -1629.5 6101.7 111.75 -1641.8 6118.9 95.215 -1591.2 6171.2 57.535
4.2333 -1631.5 6116 111.64 -1642.4 6132.4 95.109 -1591.9 6184 57.083
4.2417 -1633.5 6130.3 111.49 -1643 6145.9 94.975 -1592.5 6196.9 56.676
4.25 -1635.5 6144.7 111.27 -1643.5 6159.3 94.814 -1593.2 6209.9 56.326
4.2583 -1637.4 6159.1 110.99 -1644 6172.8 94.628 -1593.8 6222.9 56.035
4.2667 -1639.3 6173.5 110.63 -1644.4 6186.3 94.426 -1594.4 6236 55.806
4.275 -1641.1 6187.7 110.21 -1644.9 6199.7 94.214 -1595 6249 55.632
4.2833 -1642.8 6201.9 109.74 -1645.4 6213.2 93.999 -1595.5 6262.1 55.501
4.2917 -1644.3 6215.8 109.23 -1645.9 6226.6 93.789 -1596.1 6275.2 55.401
4.3 -1645.6 6229.6 108.7 -1646.5 6239.9 93.592 -1596.6 6288.2 55.314
4.3083 -1646.8 6243.2 108.16 -1647.1 6253.2 93.415 -1597 6301.1 55.226
4.3167 -1647.7 6256.5 107.63 -1647.9 6266.3 93.26 -1597.4 6314 55.121
4.325 -1648.4 6269.6 107.12 -1648.8 6279.4 93.133 -1597.8 6326.8 54.99
4.3333 -1649 6282.5 106.64 -1649.7 6292.3 93.033 -1598.2 6339.5 54.824
4.3417 -1649.4 6295.2 106.19 -1650.8 6305.1 92.962 -1598.6 6352.2 54.626
4.35 -1649.6 6307.8 105.77 -1651.9 6317.7 92.914 -1599 6364.8 54.399
4.3583 -1649.7 6320.3 105.37 -1653.1 6330.1 92.886 -1599.4 6377.3 54.152
4.3667 -1649.7 6332.7 104.99 -1654.3 6342.4 92.872 -1599.8 6389.9 53.898
4.375 -1649.6 6345.1 104.6 -1655.6 6354.4 92.865 -1600.3 6402.4 53.654
4.3833 -1649.4 6357.5 104.2 -1656.9 6366.2 92.86 -1600.9 6414.9 53.431
4.3917 -1649.2 6370 103.79 -1658.1 6377.9 92.851 -1601.5 6427.5 53.244
4.4 -1649 6382.3 103.36 -1659.3 6389.4 92.832 -1602.2 6440 53.103
4.4083 -1648.8 6394.7 102.9 -1660.5 6400.8 92.802 -1603 6452.5 53.011
4.4167 -1648.6 6406.9 102.42 -1661.6 6412.1 92.76 -1603.9 6465 52.972
4.425 -1648.6 6419.1 101.91 -1662.6 6423.3 92.705 -1604.9 6477.4 52.982
4.4333 -1648.5 6431.2 101.38 -1663.6 6434.5 92.64 -1606 6489.8 53.034
4.4417 -1648.6 6443.1 100.83 -1664.5 6445.7 92.567 -1607.2 6502.2 53.118
4.45 -1648.8 6454.9 100.27 -1665.4 6456.9 92.488 -1608.4 6514.4 53.223
4.4583 -1649 6466.5 99.702 -1666.3 6468.2 92.406 -1609.7 6526.6 53.338
4.4667 -1649.4 6478.1 99.127 -1667.1 6479.5 92.323 -1611 6538.6 53.451
4.475 -1649.7 6489.5 98.552 -1668 6490.8 92.238 -1612.4 6550.6 53.55
4.4833 -1650.1 6500.9 97.977 -1668.8 6502.2 92.151 -1613.7 6562.5 53.63
4.4917 -1650.5 6512.1 97.4 -1669.7 6513.6 92.06 -1615 6574.3 53.683
4.5 -1651 6523.4 96.819 -1670.6 6525.1 91.962 -1616.3 6586 53.706
4.5083 -1651.4 6534.7 96.229 -1671.5 6536.6 91.855 -1617.6 6597.6 53.699
4.5167 -1651.8 6545.9 95.626 -1672.4 6548.2 91.736 -1618.8 6609.2 53.66
4.525 -1652.2 6557.2 95.004 -1673.3 6559.8 91.602 -1620 6620.6 53.591
4.5333 -1652.7 6568.5 94.36 -1674.2 6571.4 91.453 -1621.1 6632.1 53.494
4.5417 -1653.1 6579.8 93.692 -1675.1 6583 91.289 -1622.1 6643.4 53.373
4.55 -1653.6 6591.2 93.002 -1675.9 6594.7 91.112 -1623.1 6654.7 53.229
4.5583 -1654.2 6602.7 92.297 -1676.8 6606.5 90.924 -1624.1 6666 53.066
4.5667 -1654.8 6614.1 91.586 -1677.6 6618.3 90.729 -1625 6677.2 52.887
4.575 -1655.5 6625.7 90.881 -1678.5 6630.1 90.53 -1625.9 6688.3 52.695
4.5833 -1656.3 6637.2 90.197 -1679.2 6642 90.33 -1626.8 6699.4 52.493
4.5917 -1657.2 6648.8 89.545 -1680 6653.9 90.133 -1627.7 6710.5 52.286
4.6 -1658.1 6660.4 88.936 -1680.8 6665.9 89.939 -1628.6 6721.5 52.077
4.6083 -1659 6672.1 88.375 -1681.5 6677.9 89.749 -1629.4 6732.6 51.87
4.6167 -1660 6683.9 87.864 -1682.2 6690 89.562 -1630.3 6743.6 51.667
4.625 -1661 6695.7 87.397 -1682.9 6702 89.374 -1631.1 6754.7 51.472
4.6333 -1662 6707.7 86.969 -1683.6 6714.1 89.184 -1631.9 6765.8 51.286
4.6417 -1663 6719.8 86.572 -1684.3 6726.3 88.987 -1632.7 6777 51.109
4.65 -1664.1 6732 86.197 -1685 6738.5 88.781 -1633.5 6788.2 50.94
4.6583 -1665 6744.3 85.841 -1685.7 6750.7 88.564 -1634.2 6799.5 50.774
4.6667 -1666 6756.8 85.5 -1686.4 6763 88.336 -1634.9 6810.8 50.608
4.675 -1666.9 6769.3 85.172 -1687.1 6775.2 88.099 -1635.5 6822.1 50.436
4.6833 -1667.8 6781.9 84.856 -1687.7 6787.6 87.856 -1636 6833.5 50.251
4.6917 -1668.7 6794.6 84.549 -1688.4 6799.9 87.611 -1636.5 6845 50.047
4.7 -1669.7 6807.3 84.249 -1689 6812.3 87.371 -1637 6856.4 49.819
4.7083 -1670.6 6820.2 83.956 -1689.6 6824.7 87.14 -1637.3 6868 49.561
4.7167 -1671.6 6833.3 83.671 -1690.2 6837.1 86.924 -1637.7 6879.5 49.27
4.725 -1672.5 6846.6 83.397 -1690.8 6849.6 86.728 -1637.9 6891.2 48.946
4.7333 -1673.6 6860.1 83.14 -1691.3 6862 86.553 -1638.1 6902.8 48.588
4.7417 -1674.6 6873.9 82.906 -1691.9 6874.3 86.399 -1638.2 6914.6 48.199
4.75 -1675.7 6887.9 82.701 -1692.4 6886.7 86.264 -1638.2 6926.4 47.785
4.7583 -1676.8 6902 82.533 -1693 6899 86.144 -1638.1 6938.3 47.351
4.7667 -1677.8 6916.4 82.411 -1693.5 6911.3 86.032 -1637.9 6950.3 46.904
4.775 -1678.9 6930.8 82.34 -1694 6923.6 85.92 -1637.6 6962.3 46.45
4.7833 -1679.9 6945.2 82.325 -1694.4 6936 85.8 -1637.3 6974.3 45.997
4.7917 -1680.8 6959.5 82.369 -1694.8 6948.3 85.663 -1636.8 6986.4 45.549
4.8 -1681.7 6973.6 82.457 -1695.1 6960.6 85.5 -1636.4 6998.5 45.112
4.8083 -1682.5 6987.4 82.589 -1695.3 6973.1 85.305 -1635.8 7010.5 44.689
4.8167 -1683.2 7001 82.746 -1695.4 6985.6 85.073 -1635.3 7022.4 44.281
4.825 -1683.9 7014.1 82.91 -1695.4 6998.2 84.801 -1634.7 7034.3 43.89
4.8333 -1684.5 7026.9 83.061 -1695.2 7010.8 84.487 -1634.1 7046.1 43.516
4.8417 -1685 7039.4 83.176 -1694.8 7023.6 84.133 -1633.5 7057.8 43.158
4.85 -1685.4 7051.5 83.238 -1694.3 7036.3 83.742 -1632.9 7069.3 42.815
4.8583 -1685.8 7063.3 83.235 -1693.6 7049.1 83.317 -1632.3 7080.9 42.489
4.8667 -1686.1 7074.8 83.162 -1692.7 7061.8 82.864 -1631.6 7092.3 42.175
4.875 -1686.4 7086.1 83.025 -1691.7 7074.4 82.387 -1630.8 7103.8 41.876
4.8833 -1686.5 7097.3 82.832 -1690.6 7086.9 81.892 -1629.9 7115.2 41.591
4.8917 -1686.6 7108.3 82.598 -1689.4 7099.1 81.385 -1628.8 7126.7 41.319
4.9 -1686.5 7119.3 82.329 -1688 7111.2 80.864 -1627.5 7138.2 41.06
4.9083 -1686.3 7130.2 82.051 -1686.6 7123.1 80.336 -1626 7149.8 40.814
4.9167 -1685.8 7140.9 81.777 -1685.1 7134.7 79.799 -1624.2 7161.5 40.58
4.925 -1685.1 7151.6 81.519 -1683.5 7146.1 79.254 -1622.2 7173.2 40.357
4.9333 -1684.2 7162.1 81.289 -1681.9 7157.3 78.698 -1619.9 7185 40.144
4.9417 -1683 7172.5 81.093 -1680.1 7168.4 78.126 -1617.4 7196.9 39.935
4.95 -1681.5 7182.8 80.932 -1678.2 7179.4 77.537 -1614.6 7208.8 39.73
4.9583 -1679.9 7192.8 80.805 -1676.3 7190.2 76.928 -1611.7 7220.6 39.524
4.9667 -1678 7202.7 80.706 -1674.2 7201.1 76.296 -1608.6 7232.3 39.312
4.975 -1676 7212.5 80.624 -1672 7211.9 75.641 -1605.4 7244 39.091
4.9833 -1673.9 7222.2 80.548 -1669.7 7222.8 74.966 -1602.1 7255.5 38.857
4.9917 -1671.6 7231.7 80.47 -1667.2 7233.7 74.276 -1598.7 7266.9 38.607
5 -1669.3 7241.2 80.377 -1664.6 7244.6 73.576 -1595.2 7278.1 38.337
5.0083 -1666.9 7250.6 80.265 -1662 7255.5 72.872 -1591.8 7289 38.046
5.0167 -1664.5 7260 80.131 -1659.2 7266.5 72.174 -1588.3 7299.9 37.733
5.025 -1662.1 7269.3 79.976 -1656.3 7277.4 71.492 -1584.7 7310.5 37.397
5.0333 -1659.7 7278.7 79.805 -1653.4 7288.2 70.833 -1581.2 7321 37.038
5.0417 -1657.3 7288 79.623 -1650.4 7299 70.205 -1577.5 7331.4 36.658
5.05 -1655 7297.4 79.442 -1647.4 7309.7 69.615 -1573.8 7341.6 36.261
5.0583 -1652.6 7306.8 79.271 -1644.3 7320.3 69.065 -1570.1 7351.8 35.846
5.0667 -1650.3 7316.2 79.12 -1641.1 7330.9 68.555 -1566.2 7361.9 35.418
5.075 -1647.9 7325.7 78.997 -1637.9 7341.4 68.085 -1562.3 7371.9 34.98
5.0833 -1645.5 7335.2 78.905 -1634.6 7351.8 67.651 -1558.3 7381.9 34.536
5.0917 -1643 7344.7 78.847 -1631.3 7362.2 67.247 -1554.1 7391.9 34.088
5.1 -1640.4 7354.3 78.817 -1627.8 7372.6 66.868 -1549.9 7401.8 33.638
5.1083 -1637.7 7364 78.807 -1624.3 7382.9 66.506 -1545.6 7411.7 33.189
5.1167 -1634.8 7373.8 78.806 -1620.7 7393.3 66.158 -1541.2 7421.5 32.742
5.125 -1631.8 7383.6 78.803 -1617 7403.6 65.818 -1536.8 7431.3 32.298
5.1333 -1628.5 7393.5 78.785 -1613.2 7413.9 65.485 -1532.2 7441.1 31.858
5.1417 -1625 7403.5 78.74 -1609.3 7424.2 65.16 -1527.6 7450.8 31.423
5.15 -1621.3 7413.6 78.676 -1605.3 7434.4 64.838 -1523 7460.5 30.991
5.1583 -1617.3 7423.8 78.579 -1601.2 7444.6 64.527 -1518.3 7470.1 30.564
5.1667 -1613 7434.1 78.455 -1596.9 7454.8 64.229 -1513.5 7479.6 30.142
5.175 -1608.6 7444.5 78.309 -1592.5 7464.9 63.948 -1508.6 7489.1 29.725
5.1833 -1604 7455 78.155 -1587.9 7474.9 63.683 -1503.7 7498.5 29.314
5.1917 -1599.4 7465.7 77.995 -1583.2 7484.9 63.439 -1498.7 7507.9 28.91
5.2 -1594.7 7476.4 77.834 -1578.4 7494.8 63.216 -1493.6 7517.3 28.514
5.2083 -1589.9 7487.2 77.681 -1573.4 7504.7 63.008 -1488.3 7526.6 28.125
5.2167 -1585.2 7498.1 77.534 -1568.3 7514.5 62.813 -1483 7535.8 27.746
5.225 -1581.1 7509 77.153 -1563 7524.2 62.627 -1477.5 7545.1 27.375
5.2333 -1575.7 7520.2 77.25 -1557.6 7533.8 62.442 -1471.8 7554.3 27.012
5.2417 -1570.9 7531.4 77.107 -1552 7543.4 62.253 -1466.1 7563.5 26.655
5.25 -1566.1 7542.6 76.949 -1546.4 7552.9 62.056 -1460.1 7572.6 26.303
5.2583 -1561.2 7553.9 76.77 -1540.6 7562.4 61.847 -1454.1 7581.7 25.953
5.2667 -1556.3 7565.3 76.559 -1534.7 7571.8 61.625 -1447.9 7590.7 25.602
5.275 -1551.2 7576.7 76.299 -1528.8 7581.1 61.392 -1441.6 7599.7 25.248
5.2833 -1546 7588.1 75.981 -1522.7 7590.4 61.15 -1435.1 7608.6 24.886
5.2917 -1540.6 7599.4 75.6 -1516.6 7599.6 60.906 -1428.6 7617.5 24.516
5.3 -1535 7610.6 75.151 -1510.4 7608.7 60.663 -1422 7626.3 24.137
5.3083 -1529.1 7621.6 74.641 -1504.1 7617.8 60.429 -1415.3 7635 23.747
5.3167 -1523.1 7632.4 74.075 -1497.8 7626.8 60.208 -1408.5 7643.6 23.35
5.325 -1516.9 7642.9 73.464 -1491.4 7635.8 60.003 -1401.7 7652.1 22.945
5.3333 -1510.5 7653.1 72.823 -1485 7644.7 59.818 -1394.9 7660.5 22.536
5.3417 -1504 7662.9 72.164 -1478.7 7653.7 59.65 -1388 7668.8 22.127
5.35 -1497.3 7672.5 71.501 -1472.3 7662.5 59.496 -1381.2 7677.1 21.719
5.3583 -1490.6 7681.7 70.842 -1466.1 7671.4 59.353 -1374.3 7685.2 21.316
5.3667 -1483.8 7690.6 70.192 -1459.9 7680.1 59.213 -1367.5 7693.3 20.919
5.375 -1477 7699.3 69.551 -1453.7 7688.8 59.068 -1360.7 7701.3 20.528
5.3833 -1470.2 7707.8 68.915 -1447.8 7697.4 58.911 -1354 7709.2 20.141
5.3917 -1463.4 7716.2 68.275 -1441.9 7705.8 58.734 -1347.2 7717 19.755
5.4 -1456.6 7724.4 67.623 -1436.1 7714.2 58.532 -1340.5 7724.7 19.366
5.4083 -1449.9 7732.5 66.951 -1430.5 7722.3 58.298 -1333.9 7732.4 18.97
5.4167 -1443.1 7740.5 66.252 -1425 7730.3 58.029 -1327.3 7739.9 18.561
5.425 -1436.3 7748.3 65.517 -1419.5 7738.1 57.725 -1320.7 7747.4 18.134
5.4333 -1429.6 7756.1 64.745 -1414.2 7745.7 57.381 -1314.2 7754.9 17.686
5.4417 -1422.9 7763.7 63.934 -1408.8 7753.2 57.003 -1307.7 7762.2 17.217
5.45 -1416.1 7771.2 63.084 -1403.4 7760.6 56.594 -1301.2 7769.5 16.725
5.4583 -1409.4 7778.5 62.201 -1398 7767.9 56.149 -1294.8 7776.7 16.214
5.4667 -1402.8 7785.7 61.289 -1392.6 7775.1 55.682 -1288.5 7783.8 15.686
5.475 -1396.2 7792.7 60.352 -1387 7782.3 55.187 -1282.2 7790.8 15.147
5.4833 -1389.6 7799.6 59.397 -1381.4 7789.5 54.676 -1275.9 7797.8 14.602
5.4917 -1383.1 7806.4 58.423 -1375.6 7796.7 54.141 -1269.6 7804.6 14.058
5.5 -1376.6 7813.2 57.437 -1369.8 7803.9 53.59 -1263.4 7811.4 13.519
5.5083 -1370.2 7819.8 56.438 -1363.8 7811.2 53.02 -1257.1 7818.1 12.989
5.5167 -1363.8 7826.4 55.425 -1357.8 7818.4 52.429 -1250.9 7824.8 12.471
5.525 -1357.5 7833 54.397 -1351.7 7825.7 51.816 -1244.6 7831.3 11.965
5.5333 -1351.1 7839.5 53.352 -1345.5 7833 51.179 -1238.3 7837.7 11.471
5.5417 -1344.8 7846.1 52.288 -1339.3 7840.2 50.514 -1232 7844.1 10.985
5.55 -1338.4 7852.6 51.203 -1333 7847.4 49.822 -1225.7 7850.4 10.506
5.5583 -1332 7859.1 50.095 -1326.7 7854.6 49.101 -1219.2 7856.6 10.03
5.5667 -1325.5 7865.6 48.965 -1320.3 7861.7 48.352 -1212.8 7862.7 9.5542
5.575 -1319.1 7872.1 47.816 -1313.9 7868.8 47.576 -1206.3 7868.8 9.0753
5.5833 -1312.5 7878.5 46.65 -1307.4 7875.8 46.776 -1199.7 7874.8 8.5931
5.5917 -1306 7885 45.474 -1300.8 7882.8 45.956 -1193 7880.7 8.1052
5.6 -1299.4 7891.5 44.301 -1294.2 7889.8 45.122 -1186.3 7886.7 7.6132
5.6083 -1292.7 7898 43.134 -1287.5 7896.7 44.278 -1179.6 7892.5 7.1161
5.6167 -1286.1 7904.5 41.992 -1280.7 7903.6 43.432 -1172.7 7898.4 6.6165
5.625 -1279.5 7911.1 40.888 -1273.8 7910.5 42.59 -1165.8 7904.2 6.1145
5.6333 -1272.8 7917.7 39.831 -1266.9 7917.4 41.759 -1158.8 7910 5.6104
5.6417 -1266.2 7924.4 38.836 -1259.8 7924.3 40.944 -1151.8 7915.7 5.1045
5.65 -1259.6 7931.1 37.908 -1252.6 7931.2 40.15 -1144.7 7921.5 4.5949
5.6583 -1253 7938 37.058 -1245.4 7938 39.379 -1137.6 7927.1 4.0812
5.6667 -1246.3 7944.9 36.263 -1238 7944.7 38.637 -1130.4 7932.8 3.5602
5.675 -1239.6 7951.9 35.54 -1230.6 7951.5 37.921 -1123.1 7938.4 3.0305
5.6833 -1232.8 7959 34.872 -1223 7958.2 37.229 -1115.8 7943.9 2.4922
5.6917 -1225.9 7966.2 34.245 -1215.4 7964.8 36.566 -1108.5 7949.4 1.9423
5.7 -1218.8 7973.3 33.646 -1207.7 7971.4 35.917 -1101.1 7954.8 1.3812
5.7083 -1211.6 7980.5 33.062 -1199.9 7977.9 35.288 -1093.7 7960.1 0.80986
5.7167 -1204.1 7987.6 32.479 -1192.1 7984.5 34.654 -1086.2 7965.4 0.23013
5.725 -1196.5 7994.6 31.91 -1184.2 7991 34.042 -1078.7 7970.7 359.64
5.7333 -1188.6 8001.6 31.335 -1176.3 7997.4 33.441 -1071.2 7975.8 359.05
5.7417 -1180.6 8008.5 30.757 -1168.3 8003.9 32.848 -1063.6 7981 358.46
5.75 -1172.5 8015.4 30.174 -1160.2 8010.3 32.256 -1055.9 7986 357.86
5.7583 -1164.3 8022.3 29.588 -1152.2 8016.7 31.674 -1048.2 7991 357.26
5.7667 -1155.9 8029.2 29.006 -1144.1 8023.1 31.092 -1040.5 7996 356.65
5.775 -1147.5 8036.1 28.416 -1136 8029.4 30.524 -1032.6 8000.9 356.03
5.7833 -1139 8043.1 27.826 -1127.8 8035.7 29.985 -1024.7 8005.7 355.4
5.7917 -1130.5 8050.1 27.239 -1119.6 8042 29.441 -1016.7 8010.5 354.75
5.8 -1121.9 8057.2 26.657 -1111.3 8048.2 28.925 -1008.6 8015.2 354.08
5.8083 -1113.2 8064.4 26.081 -1103 8054.3 28.39 -1000.4 8019.8 353.38
5.8167 -1104.6 8071.5 25.512 -1094.6 8060.5 27.875 -992.12 8024.2 352.65
5.825 -1095.9 8078.5 24.946 -1086.2 8066.5 27.319 -983.75 8028.6 351.9
5.8333 -1087.3 8085.3 24.378 -1077.6 8072.5 26.767 -975.29 8032.9 351.12
5.8417 -1078.7 8092 23.791 -1069 8078.4 26.169 -966.74 8037 350.33
5.85 -1070.4 8098.3 23.191 -1060.3 8084.3 25.433 -958.08 8041.1 349.52
5.8583 -1062 8104.4 22.554 -1051.4 8090 24.797 -949.42 8045.1 348.71
5.8667 -1053.8 8110.2 21.86 -1042.4 8095.7 24.008 -940.65 8049 347.9
5.875 -1045.9 8115.7 21.102 -1033.2 8101.2 23.164 -931.82 8052.7 347.1
5.8833 -1038.2 8120.8 20.259 -1024 8106.7 22.241 -922.93 8056.4 346.32
5.8917 -1030.6 8125.7 19.341 -1014.6 8112 21.233 -913.97 8060 345.56
5.9 -1023.3 8130.4 18.345 -1005.1 8117.1 20.154 -904.96 8063.4 344.83
5.9083 -1016.1 8134.8 17.271 -995.44 8122.1 19.003 -895.88 8066.8 344.13
5.9167 -1009 8139.2 16.132 -985.72 8126.8 17.788 -886.74 8069.9 343.46
5.925 -1002 8143.3 14.943 -975.95 8131.3 16.52 -877.54 8072.9 342.82
5.9333 -995.1 8147.4 13.72 -966.16 8135.6 15.17 -868.26 8075.7 342.19
5.9417 -988.16 8151.3 12.486 -956.39 8139.5 13.774 -858.91 8078.3 341.58
5.95 -981.17 8155.1 11.257 -946.67 8143.2 12.338 -849.5 8080.6 340.98
5.9583 -974.14 8158.6 10.049 -936.98 8146.6 10.848 -840.03 8082.7 340.39
5.9667 -967.04 8161.9 8.8732 -927.37 8149.7 9.3278 -830.49 8084.5 339.8
5.975 -959.89 8164.8 7.7366 -917.83 8152.6 7.7759 -820.91 8086 339.2
5.9833 -952.71 8167.4 6.6395 -908.38 8155.2 6.1958 -811.3 8087.2 338.6
5.9917 -945.54 8169.6 5.5782 -899.01 8157.6 4.5923 -801.66 8088.2 338
6 -938.4 8171.5 4.5448 -889.7 8159.8 2.9699 -792.02 8088.9 337.38
6.0083 -931.31 8173.1 3.5319 -880.45 8161.7 1.3386 -782.38 8089.4 336.76
6.0167 -924.29 8174.4 2.5291 -871.22 8163.4 359.7 -772.77 8089.6 336.14
6.025 -917.33 8175.4 1.5291 -862.03 8164.9 358.08 -763.19 8089.6 335.51
6.0333 -910.42 8176.4 0.53047 -852.79 8166.2 356.46 -753.66 8089.4 334.88
6.0417 -903.55 8177.2 359.53 -843.54 8167.3 354.88 -744.18 8089 334.26
6.05 -896.69 8178 358.53 -834.24 8168.1 353.33 -734.77 8088.5 333.63
6.0583 -889.82 8178.9 357.53 -824.9 8168.7 351.84 -725.43 8087.8 333.01
6.0667 -882.92 8179.7 356.54 -815.48 8169 350.4 -716.16 8086.9 332.4
6.075 -875.97 8180.6 355.57 -806.02 8169.1 349.03 -706.95 8085.9 331.8
6.0833 -868.95 8181.6 354.63 -796.49 8169 347.72 -697.82 8084.7 331.2
6.0917 -861.86 8182.5 353.72 -786.93 8168.7 346.49 -688.75 8083.4 330.62
6.1 -854.69 8183.4 352.85 -777.33 8168.1 345.33 -679.74 8081.9 330.06
6.1083 -847.44 8184.3 352.03 -767.71 8167.3 344.25 -670.78 8080.2 329.5
6.1167 -840.13 8185 351.25 -758.1 8166.3 343.23 -661.87 8078.4 328.97
6.125 -832.77 8185.6 350.51 -748.49 8165.1 342.27 -653 8076.5 328.45
6.1333 -825.38 8186 349.82 -738.9 8163.8 341.38 -644.15 8074.4 327.94
6.1417 -817.97 8186.2 349.16 -729.32 8162.3 340.54 -635.34 8072.2 327.46
6.15 -810.55 8186.3 348.54 -719.76 8160.6 339.75 -626.55 8069.8 327
6.1583 -803.11 8186.1 347.93 -710.21 8158.8 339.01 -617.77 8067.3 326.55
6.1667 -795.64 8185.8 347.36 -700.65 8156.9 338.3 -609.02 8064.7 326.13
6.175 -788.14 8185.3 346.8 -691.06 8154.8 337.63 -600.29 8062 325.72
6.1833 -780.56 8184.6 346.27 -681.42 8152.6 337 -591.59 8059.2 325.33
6.1917 -772.87 8183.7 345.78 -671.72 8150.2 336.39 -582.92 8056.3 324.95
6.2 -765.05 8182.6 345.32 -661.94 8147.6 335.81 -574.28 8053.4 324.58
6.2083 -757.06 8181.2 344.91 -652.08 8144.7 335.25 -565.68 8050.3 324.22
6.2167 -748.86 8179.6 344.55 -642.13 8141.7 334.72 -557.12 8047.2 323.87
6.225 -740.43 8177.6 344.26 -632.11 8138.4 334.2 -548.6 8044 323.53
6.2333 -731.77 8175.2 344.02 -622.02 8134.9 333.71 -540.11 8040.6 323.19
6.2417 -722.87 8172.5 343.85 -611.9 8131.2 333.24 -531.64 8037.2 322.86
6.25 -713.74 8169.5 343.72 -601.76 8127.2 332.79 -523.17 8033.6 322.54
6.2583 -704.38 8166 343.63 -591.63 8123 332.36 -514.69 8029.9 322.23
6.2667 -694.82 8162.3 343.57 -581.54 8118.6 331.94 -506.19 8026 321.94
6.275 -685.07 8158.2 343.52 -571.52 8114 331.55 -497.63 8021.9 321.66
6.2833 -675.14 8153.9 343.48 -561.57 8109.2 331.17 -489.01 8017.6 321.41
6.2917 -665.04 8149.2 343.43 -551.7 8104.3 330.8 -480.31 8013.2 321.19
6.3 -654.8 8144.4 343.37 -541.92 8099.1 330.46 -471.52 8008.6 321
6.3083 -644.44 8139.3 343.3 -532.2 8093.8 330.12 -462.64 8003.8 320.84
6.3167 -633.97 8134 343.2 -522.55 8088.4 329.8 -453.69 7998.9 320.72
6.325 -623.42 8128.5 343.07 -512.93 8082.8 329.49 -444.66 7993.8 320.62
6.3333 -612.82 8122.9 342.91 -503.34 8077 329.2 -435.6 7988.6 320.54
6.3417 -602.21 8117.1 342.71 -493.76 8071.2 328.93 -426.52 7983.4 320.48
6.35 -591.61 8111.2 342.48 -484.18 8065.2 328.67 -417.45 7978.1 320.44
6.3583 -581.08 8105.1 342.21 -474.6 8059.1 328.43 -408.42 7972.8 320.39
6.3667 -570.64 8099 341.9 -465.03 8053 328.23 -399.46 7967.5 320.33
6.375 -560.34 8092.7 341.55 -455.49 8046.9 328.05 -390.6 7962.2 320.26
6.3833 -550.22 8086.3 341.17 -445.99 8040.8 327.9 -381.84 7956.9 320.17
6.3917 -540.3 8079.9 340.76 -436.57 8034.8 327.79 -373.19 7951.6 320.05
6.4 -530.63 8073.4 340.32 -427.26 8028.8 327.72 -364.65 7946.4 319.92
6.4083 -521.2 8066.9 339.85 -418.09 8023.1 327.68 -356.22 7941.2 319.76
6.4167 -512.01 8060.5 339.36 -409.08 8017.5 327.69 -347.87 7936.1 319.59
6.425 -503.03 8054.2 338.83 -400.25 8012.1 327.72 -339.59 7931 319.41
6.4333 -494.22 8048.2 338.27 -391.6 8007 327.77 -331.36 7925.9 319.23
6.4417 -485.53 8042.4 337.67 -383.13 8002 327.83 -323.16 7920.9 319.06
6.45 -476.92 8036.9 337.03 -374.83 7997.2 327.9 -314.97 7916 318.91
6.4583 -468.34 8031.6 336.35 -366.68 7992.6 327.96 -306.77 7911 318.78
6.4667 -459.76 8026.5 335.65 -358.65 7988.2 328 -298.56 7906.2 318.67
