0.0083333 -4.8798 5.6025 96.992 -31.364 125.1 85.785 4.6798 299.83 81.801
0.016667 -4.2954 13.382 97.091 -30.47 134.1 85.726 5.8486 308.7 81.731
0.025 -3.69 21.451 97.186 -29.489 143.29 85.656 7.0825 317.7 81.667
0.033333 -3.057 29.817 97.272 -28.424 152.66 85.572 8.3736 326.87 81.612
0.041667 -2.3968 38.479 97.341 -27.28 162.21 85.469 9.7136 336.25 81.572
0.05 -1.7097 47.438 97.385 -26.059 171.93 85.346 11.093 345.86 81.551
0.058333 -1.0096 56.681 97.4 -24.767 181.82 85.201 12.503 355.74 81.55
0.066667 -0.30783 66.197 97.384 -23.405 191.87 85.033 13.937 365.87 81.573
0.075 0.3798 75.966 97.335 -21.981 202.08 84.843 15.388 376.26 81.619
0.083333 1.0473 85.975 97.253 -20.496 212.44 84.638 16.851 386.89 81.686
0.091667 1.6862 96.201 97.142 -18.96 222.94 84.419 18.325 397.7 81.772
0.1 2.2967 106.62 97.006 -17.383 233.57 84.193 19.806 408.66 81.87
0.10833 2.8884 117.21 96.848 -15.778 244.31 83.964 21.294 419.71 81.975
0.11667 3.4778 127.95 96.674 -14.16 255.15 83.741 22.783 430.78 82.081
0.125 4.0861 138.81 96.49 -12.55 266.05 83.528 24.269 441.82 82.179
0.13333 4.7394 149.74 96.299 -10.969 276.98 83.334 25.744 452.76 82.266
0.14167 5.4648 160.73 96.104 -9.4403 287.91 83.165 27.194 463.57 82.335
0.15 6.2841 171.74 95.906 -7.9874 298.8 83.026 28.604 474.21 82.386
0.15833 7.2106 182.73 95.704 -6.6327 309.62 82.924 29.954 484.65 82.418
0.16667 8.2454 193.68 95.497 -5.396 320.31 82.864 31.222 494.91 82.435
0.175 9.3748 204.56 95.281 -4.2931 330.86 82.848 32.383 504.97 82.439
0.18333 10.572 215.34 95.051 -3.3348 341.22 82.879 33.414 514.87 82.438
0.19167 11.801 226.02 94.803 -2.527 351.4 82.959 34.29 524.64 82.437
0.2 13.02 236.6 94.531 -1.8694 361.37 83.085 34.994 534.29 82.445
0.20833 14.195 247.09 94.228 -1.3571 371.14 83.256 35.507 543.88 82.466
0.21667 15.29 257.51 93.893 -0.98072 380.72 83.468 35.82 553.42 82.508
0.225 16.29 267.87 93.527 -0.72835 390.14 83.718 35.926 562.94 82.572
0.23333 17.184 278.2 93.135 -0.5865 399.41 84.001 35.823 572.45 82.661
0.24167 17.972 288.5 92.727 -0.54176 408.58 84.312 35.516 581.98 82.774
0.25 18.664 298.79 92.315 -0.58198 417.66 84.647 35.009 591.52 82.91
0.25833 19.271 309.07 91.911 -0.69723 426.7 85.003 34.312 601.06 83.066
0.26667 19.811 319.33 91.528 -0.88058 435.71 85.376 33.432 610.59 83.238
0.275 20.298 329.59 91.176 -1.127 444.71 85.764 32.378 620.1 83.424
0.28333 20.746 339.82 90.863 -1.4345 453.72 86.167 31.157 629.58 83.622
0.29167 21.157 350.01 90.595 -1.802 462.75 86.583 29.773 638.99 83.83
0.3 21.535 360.17 90.374 -2.2293 471.81 87.013 28.232 648.34 84.047
0.30833 21.872 370.26 90.197 -2.7165 480.89 87.457 26.536 657.6 84.276
0.31667 22.16 380.3 90.06 -3.2624 490 87.913 24.688 666.78 84.517
0.325 22.388 390.28 89.956 -3.8656 499.13 88.383 22.693 675.86 84.771
0.33333 22.545 400.19 89.877 -4.5232 508.3 88.864 20.555 684.84 85.04
0.34167 22.619 410.04 89.813 -5.231 517.5 89.354 18.285 693.73 85.324
0.35 22.608 419.85 89.761 -5.9852 526.73 89.85 15.893 702.53 85.622
0.35833 22.511 429.63 89.713 -6.7811 536 90.348 13.394 711.25 85.933
0.36667 22.333 439.41 89.666 -7.614 545.33 90.844 10.803 719.89 86.253
0.375 22.078 449.19 89.619 -8.4812 554.71 91.334 8.1383 728.47 86.581
0.38333 21.759 459 89.573 -9.38 564.14 91.812 5.4159 736.99 86.911
0.39167 21.387 468.84 89.528 -10.309 573.64 92.275 2.6515 745.47 87.241
0.4 20.971 478.74 89.485 -11.267 583.2 92.72 -0.14228 753.92 87.57
0.40833 20.521 488.69 89.447 -12.255 592.82 93.145 -2.9561 762.36 87.897
0.41667 20.038 498.7 89.415 -13.275 602.5 93.549 -5.7847 770.79 88.222
0.425 19.524 508.76 89.389 -14.329 612.23 93.931 -8.6262 779.24 88.547
0.43333 18.974 518.87 89.372 -15.419 622.02 94.292 -11.481 787.71 88.876
0.44167 18.376 529.02 89.364 -16.55 631.85 94.632 -14.352 796.22 89.211
0.45 17.723 539.21 89.368 -17.724 641.73 94.953 -17.241 804.77 89.555
0.45833 17.006 549.44 89.388 -18.949 651.66 95.254 -20.149 813.39 89.909
0.46667 16.218 559.7 89.426 -20.228 661.63 95.534 -23.076 822.07 90.272
0.475 15.346 570 89.483 -21.573 671.64 95.784 -26.019 830.81 90.642
0.48333 14.396 580.37 89.564 -22.992 681.66 95.998 -28.97 839.61 91.014
0.49167 13.367 590.83 89.667 -24.489 691.69 96.171 -31.921 848.46 91.382
0.5 12.271 601.39 89.791 -26.036 701.84 96.335 -34.861 857.37 91.739
0.50833 11.12 612.12 89.929 -27.665 712.1 96.497 -37.783 866.32 92.076
0.51667 9.9195 622.99 90.085 -29.365 722.41 96.623 -40.676 875.3 92.387
0.525 8.6896 634 90.26 -30.995 732.94 96.768 -43.535 884.31 92.666
0.53333 7.4432 645.24 90.431 -32.785 743.54 96.911 -46.365 893.35 92.912
0.54167 6.1729 656.6 90.62 -34.523 754.42 97.112 -49.174 902.42 93.125
0.55 4.8738 668.14 90.802 -36.471 765.29 97.289 -51.964 911.54 93.304
0.55833 3.5389 679.8 90.991 -38.489 776.32 97.5 -54.762 920.72 93.458
0.56667 2.1491 691.62 91.168 -40.658 787.29 97.679 -57.582 929.97 93.591
0.575 0.69306 703.56 91.329 -42.973 798.29 97.861 -60.441 939.32 93.707
0.58333 -0.83418 715.66 91.472 -45.378 809.36 98.058 -63.369 948.8 93.817
0.59167 -2.4526 727.91 91.596 -47.9 820.48 98.261 -66.382 958.42 93.925
0.6 -4.1557 740.32 91.701 -50.57 831.63 98.468 -69.492 968.2 94.033
0.60833 -5.926 752.96 91.792 -53.363 842.9 98.691 -72.709 978.16 94.142
0.61667 -7.7702 765.77 91.875 -56.262 854.28 98.93 -76.042 988.29 94.255
0.625 -9.685 778.77 91.971 -59.279 865.8 99.181 -79.486 998.6 94.368
0.63333 -11.66 791.94 92.091 -62.407 877.43 99.435 -83.035 1009.1 94.478
0.64167 -13.689 805.26 92.251 -65.628 889.19 99.695 -86.679 1019.7 94.583
0.65 -15.783 818.67 92.467 -68.879 901.1 99.964 -90.407 1030.4 94.683
0.65833 -17.936 832.15 92.751 -72.231 913.1 100.23 -94.199 1041.1 94.776
0.66667 -20.172 845.62 93.107 -75.554 925.18 100.49 -98.041 1052 94.866
0.675 -22.497 859.04 93.536 -78.819 937.3 100.74 -101.92 1062.8 94.957
0.68333 -24.917 872.33 94.029 -82.018 949.37 100.98 -105.83 1073.6 95.056
0.69167 -27.432 885.47 94.572 -85.124 961.32 101.18 -109.75 1084.4 95.17
0.7 -30.036 898.4 95.147 -88.117 973.14 101.36 -113.67 1095.1 95.306
0.70833 -32.714 911.11 95.731 -90.982 984.82 101.54 -117.58 1105.7 95.47
0.71667 -35.448 923.57 96.303 -93.707 996.31 101.71 -121.48 1116.3 95.667
0.725 -38.219 935.79 96.847 -96.288 1007.6 101.88 -125.34 1126.8 95.896
0.73333 -41.014 947.79 97.352 -98.731 1018.7 102.05 -129.15 1137.2 96.156
0.74167 -43.83 959.6 97.82 -101.05 1029.6 102.22 -132.89 1147.6 96.441
0.75 -46.664 971.27 98.255 -103.25 1040.3 102.39 -136.55 1158 96.74
0.75833 -49.529 982.85 98.67 -105.37 1050.7 102.55 -140.12 1168.4 97.042
0.76667 -52.429 994.37 99.077 -107.41 1061.1 102.71 -143.56 1178.7 97.336
0.775 -55.364 1005.8 99.49 -109.42 1071.2 102.85 -146.87 1189.1 97.607
0.78333 -58.332 1017.3 99.923 -111.4 1081.3 102.98 -150.04 1199.4 97.846
0.79167 -61.325 1028.8 100.38 -113.39 1091.2 103.09 -153.06 1209.7 98.044
0.8 -64.331 1040.2 100.88 -115.38 1101.1 103.19 -155.93 1220 98.196
0.80833 -67.332 1051.6 101.42 -117.39 1110.9 103.26 -158.64 1230.3 98.3
0.81667 -70.311 1063 102 -119.44 1120.7 103.32 -161.21 1240.5 98.357
0.825 -73.247 1074.3 102.61 -121.52 1130.4 103.36 -163.66 1250.7 98.373
0.83333 -76.119 1085.5 103.27 -123.64 1140.2 103.39 -165.98 1260.8 98.353
0.84167 -78.913 1096.7 103.95 -125.79 1149.9 103.41 -168.21 1270.8 98.305
0.85 -81.617 1107.7 104.65 -127.97 1159.6 103.42 -170.35 1280.8 98.236
0.85833 -84.225 1118.6 105.38 -130.18 1169.3 103.43 -172.42 1290.6 98.153
0.86667 -86.738 1129.5 106.11 -132.42 1179.1 103.45 -174.43 1300.5 98.06
0.875 -89.165 1140.3 106.86 -134.67 1188.9 103.47 -176.39 1310.3 97.962
0.88333 -91.521 1151.1 107.62 -136.95 1198.8 103.51 -178.31 1320 97.86
0.89167 -93.824 1161.7 108.4 -139.24 1208.7 103.57 -180.19 1329.7 97.752
0.9 -96.092 1172.4 109.18 -141.56 1218.7 103.64 -182.04 1339.4 97.638
0.90833 -98.344 1183 109.99 -143.9 1228.8 103.74 -183.85 1349.1 97.514
0.91667 -100.59 1193.6 110.8 -146.28 1239 103.87 -185.62 1358.8 97.379
0.925 -102.85 1204.2 111.63 -148.68 1249.3 104.02 -187.35 1368.4 97.229
0.93333 -105.11 1214.7 112.47 -151.13 1259.7 104.21 -189.04 1378.1 97.062
0.94167 -107.37 1225.3 113.31 -153.63 1270.1 104.41 -190.7 1387.8 96.878
0.95 -109.63 1235.8 114.14 -156.18 1280.7 104.65 -192.34 1397.4 96.677
0.95833 -111.86 1246.4 114.97 -158.78 1291.3 104.91 -193.95 1407.2 96.46
0.96667 -114.07 1257 115.77 -161.45 1302 105.18 -195.54 1416.9 96.227
0.975 -116.22 1267.7 116.53 -164.17 1312.7 105.48 -197.13 1426.7 95.982
0.98333 -118.3 1278.5 117.25 -166.95 1323.5 105.8 -198.71 1436.6 95.725
0.99167 -120.33 1289.3 117.91 -169.78 1334.4 106.13 -200.3 1446.5 95.458
1 -122.28 1300.4 118.51 -172.64 1345.3 106.47 -201.91 1456.5 95.182
1.0083 -124.18 1311.5 119.05 -175.52 1356.3 106.82 -203.53 1466.5 94.897
1.0167 -126.03 1322.9 119.53 -178.42 1367.4 107.19 -205.17 1476.7 94.606
1.025 -127.87 1334.4 119.95 -181.33 1378.5 107.56 -206.83 1487 94.307
1.0333 -129.72 1346.1 120.32 -184.22 1389.7 107.93 -208.51 1497.3 94
1.0417 -131.6 1358 120.65 -187.09 1400.9 108.32 -210.2 1507.8 93.687
1.05 -133.57 1370.1 120.95 -189.95 1412.2 108.71 -211.9 1518.3 93.367
1.0583 -135.66 1382.3 121.22 -192.78 1423.5 109.09 -213.61 1528.9 93.041
1.0667 -137.88 1394.5 121.48 -195.58 1434.9 109.47 -215.32 1539.6 92.712
1.075 -140.25 1406.8 121.71 -198.35 1446.4 109.84 -217.02 1550.3 92.38
1.0833 -142.76 1419 121.9 -201.09 1457.9 110.19 -218.73 1561.1 92.047
1.0917 -145.38 1431.2 122.06 -203.82 1469.6 110.52 -220.44 1571.9 91.716
1.1 -148.09 1443.3 122.17 -206.53 1481.3 110.82 -222.16 1582.8 91.389
1.1083 -150.88 1455.4 122.25 -209.23 1493.1 111.08 -223.88 1593.7 91.069
1.1167 -153.75 1467.5 122.28 -211.91 1505.1 111.29 -225.63 1604.7 90.757
1.125 -156.68 1479.7 122.29 -214.58 1517.2 111.45 -227.4 1615.8 90.456
1.1333 -159.69 1492 122.27 -217.24 1529.4 111.56 -229.21 1626.9 90.169
1.1417 -162.78 1504.4 122.22 -219.88 1541.7 111.61 -231.07 1638.2 89.897
1.15 -165.98 1517.1 122.17 -222.49 1554.1 111.6 -232.98 1649.6 89.643
1.1583 -169.28 1530 122.1 -225.09 1566.6 111.54 -234.95 1661 89.409
1.1667 -172.7 1543 122.03 -227.66 1579.2 111.43 -236.98 1672.6 89.195
1.175 -176.23 1556.3 121.94 -230.21 1591.9 111.28 -239.06 1684.3 89.001
1.1833 -179.88 1569.7 121.83 -232.75 1604.6 111.1 -241.2 1696.1 88.828
1.1917 -183.62 1583.2 121.7 -235.3 1617.3 110.89 -243.38 1707.9 88.671
1.2 -187.44 1596.7 121.55 -237.88 1630 110.68 -245.6 1719.8 88.529
1.2083 -191.3 1610.2 121.37 -240.5 1642.7 110.46 -247.85 1731.7 88.395
1.2167 -195.17 1623.5 121.17 -243.19 1655.3 110.26 -250.11 1743.5 88.265
1.225 -199.01 1636.6 120.96 -245.97 1667.8 110.08 -252.39 1755.4 88.131
1.2333 -202.76 1649.6 120.74 -248.85 1680.2 109.94 -254.69 1767.1 87.989
1.2417 -206.4 1662.3 120.52 -251.85 1692.5 109.84 -257 1778.8 87.832
1.25 -209.92 1674.9 120.32 -254.98 1704.7 109.79 -259.33 1790.3 87.658
1.2583 -213.3 1687.3 120.14 -258.23 1716.7 109.79 -261.71 1801.8 87.465
1.2667 -216.55 1699.4 119.98 -261.59 1728.5 109.85 -264.15 1813.2 87.253
1.275 -219.7 1711.4 119.86 -265.06 1740.1 109.98 -266.68 1824.4 87.026
1.2833 -222.76 1723.3 119.76 -268.62 1751.6 110.16 -269.33 1835.6 86.791
1.2917 -225.76 1735.1 119.68 -272.24 1762.8 110.41 -272.13 1846.7 86.556
1.3 -228.71 1746.8 119.63 -275.91 1773.9 110.72 -275.1 1857.7 86.331
1.3083 -231.65 1758.4 119.58 -279.61 1784.7 111.08 -278.28 1868.8 86.126
1.3167 -234.6 1770.1 119.53 -283.32 1795.4 111.49 -281.69 1879.8 85.954
1.325 -237.6 1781.7 119.47 -287.04 1805.8 111.93 -285.33 1890.7 85.823
1.3333 -240.67 1793.2 119.41 -290.76 1816.1 112.41 -289.23 1901.7 85.74
1.3417 -243.83 1804.6 119.33 -294.47 1826.3 112.91 -293.37 1912.7 85.713
1.35 -247.1 1816 119.24 -298.19 1836.3 113.42 -297.75 1923.6 85.742
1.3583 -250.48 1827.2 119.13 -301.91 1846.2 113.94 -302.35 1934.5 85.827
1.3667 -253.98 1838.2 119.01 -305.66 1856.1 114.46 -307.15 1945.4 85.965
1.375 -257.59 1849.1 118.87 -309.44 1865.9 114.97 -312.14 1956.2 86.151
1.3833 -261.31 1859.7 118.73 -313.27 1875.7 115.48 -317.28 1967 86.377
1.3917 -265.12 1870.3 118.59 -317.14 1885.5 115.97 -322.54 1977.6 86.636
1.4 -269.02 1880.6 118.45 -321.08 1895.3 116.44 -327.9 1988.2 86.919
1.4083 -272.98 1890.8 118.32 -325.07 1905.2 116.9 -333.35 1998.7 87.22
1.4167 -277 1900.9 118.21 -329.13 1915 117.35 -338.85 2009 87.533
1.425 -281.05 1910.9 118.11 -333.25 1925 117.77 -344.4 2019.3 87.852
1.4333 -285.13 1920.9 118.03 -337.41 1935 118.19 -349.98 2029.5 88.175
1.4417 -289.23 1930.8 117.96 -341.63 1945 118.58 -355.58 2039.5 88.499
1.45 -293.35 1940.7 117.9 -345.89 1955.1 118.97 -361.19 2049.5 88.823
1.4583 -297.49 1950.6 117.85 -350.19 1965.2 119.33 -366.82 2059.4 89.148
1.4667 -301.66 1960.4 117.79 -354.53 1975.4 119.68 -372.45 2069.2 89.472
1.475 -305.86 1970.3 117.73 -358.92 1985.7 120.02 -378.08 2079 89.796
1.4833 -310.12 1980.2 117.66 -363.35 1996 120.33 -383.71 2088.7 90.119
1.4917 -314.44 1990.2 117.58 -367.84 2006.4 120.61 -389.35 2098.4 90.442
1.5 -318.83 2000.1 117.49 -372.38 2016.8 120.88 -394.98 2108.2 90.763
1.5083 -323.29 2010 117.4 -376.98 2027.2 121.11 -400.6 2118 91.081
1.5167 -327.82 2019.9 117.3 -381.66 2037.7 121.32 -406.21 2127.8 91.395
1.525 -332.43 2029.9 117.22 -386.4 2048.2 121.5 -411.82 2137.7 91.704
1.5333 -337.1 2039.8 117.15 -391.23 2058.7 121.66 -417.41 2147.6 92.005
1.5417 -341.84 2049.8 117.1 -396.13 2069.2 121.78 -423 2157.7 92.299
1.55 -346.64 2059.7 117.06 -401.1 2079.8 121.88 -428.57 2167.8 92.582
1.5583 -351.51 2069.7 117.05 -406.16 2090.4 121.96 -434.13 2178.1 92.856
1.5667 -356.47 2079.8 117.04 -411.3 2101 122.03 -439.69 2188.4 93.118
1.575 -361.52 2089.9 117.04 -416.52 2111.7 122.07 -445.24 2198.8 93.368
1.5833 -366.67 2100.1 117.04 -421.82 2122.4 122.11 -450.79 2209.2 93.605
1.5917 -371.93 2110.3 117.02 -427.21 2133.1 122.13 -456.35 2219.7 93.827
1.6 -377.28 2120.7 117 -432.69 2143.8 122.16 -461.92 2230.2 94.036
1.6083 -382.74 2131.1 116.97 -438.27 2154.6 122.18 -467.51 2240.7 94.228
1.6167 -388.31 2141.6 116.93 -443.95 2165.4 122.21 -473.14 2251.2 94.404
1.625 -394 2152.1 116.9 -449.73 2176.2 122.25 -478.81 2261.7 94.561
1.6333 -399.81 2162.6 116.86 -455.63 2187 122.3 -484.53 2272.2 94.701
1.6417 -405.76 2173.3 116.82 -461.63 2197.9 122.36 -490.32 2282.7 94.821
1.65 -411.87 2184 116.78 -467.74 2208.8 122.44 -496.19 2293.3 94.922
1.6583 -418.13 2194.9 116.72 -473.96 2219.7 122.53 -502.14 2303.8 95.004
1.6667 -424.56 2206 116.66 -480.29 2230.6 122.64 -508.19 2314.4 95.069
1.675 -431.17 2217.3 116.58 -486.72 2241.6 122.77 -514.34 2325.1 95.118
1.6833 -437.95 2228.8 116.5 -493.25 2252.5 122.92 -520.6 2335.8 95.153
1.6917 -444.9 2240.5 116.41 -499.88 2263.5 123.07 -526.95 2346.6 95.177
1.7 -451.99 2252.5 116.33 -506.59 2274.5 123.24 -533.4 2357.4 95.192
1.7083 -459.22 2264.7 116.26 -513.39 2285.5 123.41 -539.95 2368.3 95.203
1.7167 -466.53 2277 116.22 -520.25 2296.5 123.58 -546.56 2379.2 95.212
1.725 -473.91 2289.4 116.23 -527.17 2307.6 123.74 -553.24 2390.1 95.224
1.7333 -481.32 2301.8 116.3 -534.13 2318.7 123.89 -559.97 2400.9 95.242
1.7417 -488.73 2314.2 116.43 -541.11 2329.9 124.02 -566.72 2411.7 95.269
1.75 -496.11 2326.4 116.63 -548.09 2341.1 124.13 -573.48 2422.4 95.31
1.7583 -503.44 2338.5 116.91 -555.05 2352.4 124.21 -580.22 2432.9 95.366
1.7667 -510.71 2350.5 117.24 -561.96 2363.7 124.25 -586.94 2443.4 95.44
1.775 -517.89 2362.1 117.63 -568.79 2375.1 124.27 -593.6 2453.8 95.534
1.7833 -524.97 2373.6 118.05 -575.52 2386.5 124.25 -600.2 2464.2 95.648
1.7917 -531.96 2384.8 118.47 -582.12 2397.8 124.19 -606.72 2474.5 95.78
1.8 -538.85 2395.8 118.89 -588.56 2409.1 124.09 -613.15 2484.9 95.929
1.8083 -545.64 2406.6 119.29 -594.84 2420.3 123.96 -619.48 2495.3 96.091
1.8167 -552.37 2417.2 119.65 -600.94 2431.4 123.8 -625.7 2505.7 96.26
1.825 -559.04 2427.6 119.97 -606.86 2442.3 123.61 -631.8 2516.4 96.43
1.8333 -565.67 2437.9 120.24 -612.6 2453.1 123.39 -637.78 2527.1 96.593
1.8417 -572.26 2448.1 120.47 -618.17 2463.7 123.14 -643.63 2538.1 96.741
1.85 -578.81 2458.2 120.66 -623.59 2474.2 122.87 -649.36 2549.1 96.867
1.8583 -585.3 2468.3 120.81 -628.89 2484.5 122.58 -654.95 2560.4 96.964
1.8667 -591.71 2478.3 120.93 -634.08 2494.6 122.28 -660.42 2571.8 97.026
1.875 -598.04 2488.3 121.03 -639.19 2504.7 121.95 -665.75 2583.3 97.051
1.8833 -604.27 2498.3 121.12 -644.24 2514.6 121.61 -670.97 2594.9 97.037
1.8917 -610.37 2508.4 121.21 -649.25 2524.5 121.26 -676.07 2606.5 96.985
1.9 -616.34 2518.5 121.3 -654.24 2534.4 120.89 -681.05 2618.1 96.898
1.9083 -622.17 2528.6 121.41 -659.23 2544.3 120.51 -685.92 2629.7 96.779
1.9167 -627.87 2538.7 121.53 -664.2 2554.2 120.12 -690.7 2641.3 96.635
1.925 -633.43 2548.9 121.67 -669.18 2564.2 119.72 -695.38 2652.9 96.47
1.9333 -638.89 2559.1 121.83 -674.16 2574.3 119.31 -699.97 2664.3 96.292
1.9417 -644.24 2569.2 122 -679.13 2584.3 118.9 -704.48 2675.7 96.104
1.95 -649.52 2579.4 122.19 -684.1 2594.5 118.49 -708.91 2687.1 95.912
1.9583 -654.74 2589.5 122.4 -689.06 2604.8 118.08 -713.27 2698.3 95.717
1.9667 -659.92 2599.6 122.61 -694.02 2615.1 117.69 -717.55 2709.5 95.522
1.975 -665.08 2609.6 122.83 -698.97 2625.4 117.3 -721.77 2720.7 95.325
1.9833 -670.2 2619.5 123.06 -703.93 2635.9 116.93 -725.92 2731.8 95.126
1.9917 -675.3 2629.4 123.28 -708.9 2646.4 116.58 -730.02 2742.9 94.924
2 -680.37 2639.2 123.51 -713.88 2657 116.25 -734.07 2753.9 94.715
2.0083 -685.4 2649 123.75 -718.89 2667.6 115.94 -738.08 2764.9 94.499
2.0167 -690.38 2658.7 123.98 -723.93 2678.4 115.65 -742.05 2775.9 94.275
2.025 -695.3 2668.5 124.22 -729 2689.2 115.37 -746 2786.8 94.041
2.0333 -700.14 2678.3 124.47 -734.1 2700 115.11 -749.94 2797.8 93.799
2.0417 -704.91 2688.2 124.72 -739.23 2711 114.86 -753.88 2808.7 93.55
2.05 -709.59 2698.3 124.97 -744.38 2722.1 114.62 -757.81 2819.7 93.296
2.0583 -714.2 2708.5 125.22 -749.54 2733.2 114.39 -761.75 2830.7 93.04
2.0667 -718.75 2718.8 125.46 -754.71 2744.4 114.18 -765.71 2841.7 92.786
2.075 -723.24 2729.4 125.69 -759.87 2755.7 113.97 -769.68 2852.8 92.537
2.0833 -727.7 2740.1 125.91 -765.01 2767.1 113.77 -773.66 2863.9 92.294
2.0917 -732.14 2751 126.11 -770.11 2778.5 113.6 -777.66 2875.1 92.06
2.1 -736.6 2762.1 126.3 -775.18 2790 113.44 -781.65 2886.4 91.832
2.1083 -741.09 2773.4 126.46 -780.2 2801.6 113.3 -785.64 2897.7 91.611
2.1167 -745.63 2784.9 126.62 -785.17 2813.2 113.19 -789.62 2909.1 91.392
2.125 -750.26 2796.6 126.77 -790.09 2824.8 113.11 -793.57 2920.5 91.173
2.1333 -754.96 2808.3 126.9 -794.96 2836.6 113.05 -797.49 2932 90.947
2.1417 -759.75 2820.1 127.01 -799.79 2848.4 113.02 -801.36 2943.6 90.71
2.15 -764.63 2831.9 127.11 -804.56 2860.3 113.01 -805.2 2955.1 90.458
2.1583 -769.57 2843.7 127.17 -809.3 2872.3 113.02 -808.98 2966.7 90.188
2.1667 -774.58 2855.5 127.22 -813.99 2884.4 113.03 -812.72 2978.4 89.899
2.175 -779.64 2867.4 127.24 -818.63 2896.6 113.04 -816.41 2990 89.592
2.1833 -784.76 2879.3 127.24 -823.23 2908.9 113.05 -820.06 3001.8 89.27
2.1917 -789.96 2891.3 127.24 -827.79 2921.3 113.04 -823.66 3013.5 88.938
2.2 -795.24 2903.4 127.22 -832.29 2933.7 113.02 -827.24 3025.3 88.602
2.2083 -800.62 2915.7 127.21 -836.73 2946.3 112.96 -830.79 3037.2 88.27
2.2167 -806.09 2928.2 127.18 -841.11 2959 112.89 -834.32 3049.2 87.951
2.225 -811.64 2940.9 127.14 -845.42 2971.7 112.79 -837.84 3061.3 87.65
2.2333 -817.27 2953.8 127.08 -849.67 2984.4 112.66 -841.35 3073.4 87.373
2.2417 -822.95 2967 126.99 -853.87 2997.3 112.52 -844.85 3085.6 87.124
2.25 -828.66 2980.2 126.84 -858.01 3010.1 112.37 -848.35 3097.9 86.903
2.2583 -834.36 2993.6 126.65 -862.13 3022.9 112.22 -851.84 3110.2 86.708
2.2667 -840.02 3006.9 126.39 -866.22 3035.8 112.07 -855.32 3122.5 86.531
2.275 -845.61 3020.2 126.09 -870.32 3048.5 111.93 -858.78 3134.8 86.367
2.2833 -851.08 3033.4 125.73 -874.44 3061.2 111.8 -862.23 3147.1 86.204
2.2917 -856.41 3046.5 125.33 -878.61 3073.8 111.69 -865.67 3159.2 86.031
2.3 -861.55 3059.4 124.91 -882.83 3086.2 111.61 -869.09 3171.3 85.84
2.3083 -866.49 3072.2 124.48 -887.12 3098.5 111.55 -872.49 3183.3 85.621
2.3167 -871.23 3084.8 124.05 -891.49 3110.6 111.51 -875.89 3195.1 85.367
2.325 -875.78 3097.2 123.65 -895.94 3122.5 111.49 -879.29 3206.9 85.077
2.3333 -880.16 3109.5 123.28 -900.45 3134.1 111.5 -882.7 3218.4 84.749
2.3417 -884.4 3121.7 122.93 -905.03 3145.5 111.53 -886.14 3229.9 84.389
2.35 -888.51 3133.8 122.62 -909.64 3156.7 111.58 -889.63 3241.2 84.004
2.3583 -892.52 3145.9 122.34 -914.27 3167.6 111.65 -893.17 3252.5 83.605
2.3667 -896.47 3157.9 122.07 -918.9 3178.4 111.75 -896.79 3263.6 83.203
2.375 -900.36 3170 121.82 -923.51 3188.9 111.86 -900.5 3274.7 82.81
2.3833 -904.23 3181.9 121.58 -928.08 3199.2 112 -904.31 3285.7 82.438
2.3917 -908.09 3193.9 121.33 -932.61 3209.4 112.15 -908.24 3296.7 82.097
2.4 -911.96 3205.8 121.08 -937.09 3219.5 112.33 -912.3 3307.6 81.795
2.4083 -915.86 3217.6 120.81 -941.52 3229.5 112.52 -916.48 3318.5 81.535
2.4167 -919.79 3229.3 120.53 -945.9 3239.4 112.72 -920.78 3329.4 81.319
2.425 -923.76 3240.9 120.22 -950.25 3249.3 112.94 -925.19 3340.2 81.143
2.4333 -927.78 3252.3 119.9 -954.59 3259.1 113.16 -929.72 3351.1 81.004
2.4417 -931.85 3263.5 119.55 -958.91 3269 113.38 -934.33 3361.8 80.893
2.45 -935.97 3274.6 119.2 -963.24 3278.8 113.61 -939.03 3372.5 80.804
2.4583 -940.15 3285.5 118.83 -967.6 3288.7 113.83 -943.78 3383.2 80.727
2.4667 -944.36 3296.2 118.46 -971.98 3298.6 114.04 -948.58 3393.8 80.655
2.475 -948.61 3306.8 118.08 -976.4 3308.5 114.24 -953.4 3404.3 80.58
2.4833 -952.89 3317.3 117.7 -980.85 3318.4 114.42 -958.25 3414.7 80.497
2.4917 -957.19 3327.7 117.33 -985.34 3328.3 114.6 -963.09 3425.1 80.403
2.5 -961.48 3338 116.95 -989.86 3338.3 114.75 -967.93 3435.4 80.296
2.5083 -965.78 3348.2 116.57 -994.4 3348.3 114.89 -972.76 3445.6 80.176
2.5167 -970.06 3358.4 116.18 -998.96 3358.4 115.02 -977.58 3455.8 80.044
2.525 -974.34 3368.6 115.78 -1003.5 3368.5 115.13 -982.39 3465.9 79.904
2.5333 -978.62 3378.7 115.36 -1008.1 3378.7 115.23 -987.2 3476 79.758
2.5417 -982.9 3388.8 114.92 -1012.7 3388.9 115.31 -992 3486 79.61
2.55 -987.2 3398.9 114.46 -1017.3 3399.3 115.38 -996.8 3496.1 79.464
2.5583 -991.54 3409 113.99 -1021.9 3409.7 115.44 -1001.6 3506.1 79.322
2.5667 -995.93 3419.1 113.5 -1026.5 3420.2 115.49 -1006.4 3516.2 79.187
2.575 -1000.4 3429.2 113.01 -1031.1 3430.7 115.51 -1011.3 3526.2 79.058
2.5833 -1004.9 3439.3 112.52 -1035.8 3441.3 115.53 -1016.1 3536.3 78.935
2.5917 -1009.5 3449.4 112.06 -1040.5 3452 115.52 -1021 3546.4 78.817
2.6 -1014.2 3459.6 111.63 -1045.3 3462.7 115.49 -1025.9 3556.6 78.701
2.6083 -1018.9 3469.8 111.24 -1050.1 3473.4 115.43 -1030.7 3566.7 78.584
2.6167 -1023.7 3480 110.89 -1054.9 3484 115.34 -1035.6 3577 78.462
2.625 -1028.5 3490.3 110.58 -1059.8 3494.8 115.26 -1040.4 3587.2 78.333
2.6333 -1033.4 3500.7 110.31 -1064.7 3505.7 115.16 -1045.3 3597.5 78.191
2.6417 -1038.4 3511.2 110.07 -1069.7 3516.5 115.05 -1050.1 3607.8 78.035
2.65 -1043.4 3521.9 109.85 -1074.7 3527.5 114.95 -1054.9 3618.2 77.864
2.6583 -1048.5 3532.7 109.63 -1079.8 3538.4 114.84 -1059.7 3628.6 77.676
2.6667 -1053.6 3543.6 109.43 -1084.9 3549.4 114.72 -1064.4 3639 77.472
2.675 -1058.8 3554.5 109.22 -1090 3560.4 114.6 -1069.2 3649.5 77.253
2.6833 -1064 3565.5 109.03 -1095.2 3571.5 114.47 -1073.9 3660 77.02
2.6917 -1069.3 3576.6 108.83 -1100.3 3582.7 114.34 -1078.7 3670.5 76.776
2.7 -1074.7 3587.8 108.63 -1105.5 3593.9 114.2 -1083.5 3681.1 76.523
2.7083 -1080.2 3599 108.42 -1110.7 3605.1 114.07 -1088.3 3691.7 76.262
2.7167 -1085.8 3610.4 108.2 -1116 3616.3 113.93 -1093.1 3702.5 75.995
2.725 -1091.5 3621.9 107.98 -1121.2 3627.4 113.78 -1097.9 3713.3 75.724
2.7333 -1097.3 3633.6 107.74 -1126.5 3638.7 113.65 -1102.8 3724.1 75.448
2.7417 -1103.2 3645.4 107.51 -1131.8 3649.9 113.52 -1107.7 3735.1 75.167
2.75 -1109.2 3657.5 107.29 -1137.1 3661 113.38 -1112.6 3746.2 74.882
2.7583 -1115.3 3669.8 107.09 -1142.5 3672.2 113.26 -1117.5 3757.4 74.593
2.7667 -1121.6 3682.1 106.93 -1147.9 3683.4 113.12 -1122.4 3768.6 74.3
2.775 -1127.8 3694.7 106.8 -1153.3 3694.5 113.02 -1127.2 3779.9 74.004
2.7833 -1134.1 3707.4 106.73 -1158.7 3705.6 112.89 -1132.1 3791.3 73.708
2.7917 -1140.5 3719.8 106.73 -1164.1 3716.9 112.77 -1136.9 3802.7 73.415
2.8 -1146.8 3732.5 106.78 -1169.5 3728.1 112.67 -1141.8 3814.1 73.126
2.8083 -1153 3744.9 106.88 -1174.8 3739.4 112.56 -1146.6 3825.5 72.846
2.8167 -1159.2 3757.1 107.01 -1180 3750.8 112.44 -1151.4 3836.9 72.579
2.825 -1165.3 3769.2 107.16 -1185.1 3762.3 112.31 -1156.1 3848.2 72.329
2.8333 -1171.2 3780.9 107.29 -1190.1 3773.9 112.13 -1160.9 3859.5 72.098
2.8417 -1177 3792.4 107.39 -1195 3785.5 111.93 -1165.6 3870.7 71.888
2.85 -1182.6 3803.7 107.42 -1199.7 3797.1 111.7 -1170.3 3881.9 71.697
2.8583 -1188 3814.7 107.37 -1204.3 3808.7 111.42 -1174.8 3893 71.526
2.8667 -1193.2 3825.5 107.22 -1208.7 3820.4 111.1 -1179.3 3904.1 71.371
2.875 -1198.2 3836.1 106.98 -1213 3832 110.75 -1183.6 3915.2 71.228
2.8833 -1203.1 3846.5 106.65 -1217.1 3843.5 110.35 -1187.8 3926.4 71.092
2.8917 -1207.9 3856.8 106.26 -1221 3855 109.91 -1191.7 3937.5 70.958
2.9 -1212.5 3867 105.8 -1224.8 3866.3 109.43 -1195.4 3948.7 70.82
2.9083 -1217 3877.1 105.32 -1228.4 3877.5 108.91 -1198.9 3960 70.673
2.9167 -1221.3 3887.2 104.84 -1231.9 3888.5 108.35 -1202.2 3971.3 70.514
2.925 -1225.4 3897.2 104.38 -1235.2 3899.4 107.75 -1205.1 3982.7 70.341
2.9333 -1229.3 3907.1 103.96 -1238.4 3910.2 107.12 -1207.8 3994.2 70.152
2.9417 -1233 3917.1 103.6 -1241.4 3920.9 106.46 -1210.3 4005.7 69.948
2.95 -1236.4 3927 103.31 -1244.4 3931.4 105.76 -1212.6 4017.3 69.73
2.9583 -1239.5 3936.8 103.09 -1247.1 3941.9 105.05 -1214.7 4028.9 69.499
2.9667 -1242.4 3946.7 102.94 -1249.8 3952.3 104.31 -1216.6 4040.5 69.257
2.975 -1245.1 3956.4 102.85 -1252.4 3962.8 103.56 -1218.4 4052 69.005
2.9833 -1247.6 3966.2 102.8 -1254.8 3973.2 102.81 -1220.1 4063.5 68.743
2.9917 -1249.9 3975.9 102.79 -1257.2 3983.7 102.04 -1221.6 4074.9 68.471
3 -1252 3985.5 102.8 -1259.4 3994.2 101.28 -1223 4086.3 68.188
3.0083 -1254 3995.1 102.81 -1261.6 4004.7 100.53 -1224.3 4097.6 67.891
3.0167 -1255.8 4004.7 102.82 -1263.7 4015.3 99.778 -1225.6 4108.8 67.58
3.025 -1257.6 4014.3 102.82 -1265.7 4025.9 99.043 -1226.6 4119.9 67.252
3.0333 -1259.4 4023.8 102.81 -1267.7 4036.6 98.323 -1227.6 4131 66.905
3.0417 -1261.1 4033.3 102.8 -1269.5 4047.2 97.623 -1228.5 4142 66.54
3.05 -1262.8 4042.8 102.78 -1271.3 4057.9 96.944 -1229.2 4152.9 66.155
3.0583 -1264.5 4052.2 102.76 -1273 4068.6 96.289 -1229.8 4163.7 65.753
3.0667 -1266.1 4061.5 102.76 -1274.7 4079.3 95.661 -1230.3 4174.6 65.337
3.075 -1267.8 4070.8 102.76 -1276.3 4090 95.063 -1230.7 4185.4 64.909
3.0833 -1269.4 4080.1 102.78 -1277.8 4100.6 94.497 -1231.1 4196.2 64.473
3.0917 -1271 4089.4 102.82 -1279.3 4111.3 93.966 -1231.3 4206.9 64.034
3.1 -1272.5 4098.6 102.87 -1280.7 4122 93.471 -1231.5 4217.7 63.596
3.1083 -1274 4108 102.94 -1282 4132.7 93.014 -1231.7 4228.5 63.162
3.1167 -1275.4 4117.4 103.02 -1283.3 4143.4 92.597 -1231.8 4239.3 62.736
3.125 -1276.8 4126.9 103.1 -1284.4 4154.1 92.219 -1231.9 4250.1 62.32
3.1333 -1278 4136.6 103.17 -1285.5 4164.9 91.879 -1232 4260.9 61.914
3.1417 -1279.1 4146.4 103.22 -1286.4 4175.7 91.577 -1232 4271.7 61.519
3.15 -1280.2 4156.4 103.25 -1287.3 4186.6 91.31 -1231.9 4282.5 61.134
3.1583 -1281.1 4166.5 103.26 -1288 4197.5 91.077 -1231.8 4293.3 60.76
3.1667 -1281.9 4176.9 103.26 -1288.7 4208.4 90.873 -1231.6 4304.1 60.392
3.175 -1282.6 4187.4 103.23 -1289.2 4219.4 90.695 -1231.3 4314.9 60.032
3.1833 -1283.3 4198.1 103.2 -1289.6 4230.4 90.54 -1231 4325.7 59.677
3.1917 -1283.8 4208.9 103.16 -1289.8 4241.4 90.403 -1230.5 4336.3 59.327
3.2 -1284.3 4219.8 103.12 -1290 4252.5 90.283 -1229.9 4346.9 58.98
3.2083 -1284.7 4230.9 103.08 -1290 4263.5 90.172 -1229.2 4357.5 58.637
3.2167 -1285.2 4241.9 103.05 -1289.9 4274.6 90.067 -1228.4 4368 58.296
3.225 -1285.6 4253 103.02 -1289.7 4285.7 89.966 -1227.5 4378.4 57.957
3.2333 -1286.1 4264.1 102.98 -1289.4 4296.9 89.863 -1226.6 4388.7 57.619
3.2417 -1286.6 4275.3 102.95 -1289 4308 89.753 -1225.5 4399.1 57.279
3.25 -1287 4286.5 102.91 -1288.5 4319.2 89.634 -1224.3 4409.4 56.936
3.2583 -1287.5 4297.8 102.86 -1287.8 4330.5 89.502 -1223 4419.7 56.587
3.2667 -1287.9 4309.2 102.8 -1287 4341.8 89.352 -1221.6 4430 56.227
3.275 -1288.4 4320.7 102.72 -1286.1 4353.1 89.181 -1220.1 4440.4 55.852
3.2833 -1288.8 4332.4 102.62 -1285.1 4364.5 88.986 -1218.5 4450.8 55.458
3.2917 -1289.3 4344.3 102.48 -1284 4375.9 88.765 -1216.7 4461.4 55.04
3.3 -1289.6 4356.4 102.3 -1282.7 4387.4 88.514 -1214.7 4472 54.596
3.3083 -1289.9 4368.6 102.07 -1281.4 4398.9 88.234 -1212.6 4482.7 54.123
3.3167 -1290 4381 101.77 -1280 4410.5 87.922 -1210.3 4493.4 53.619
3.325 -1290 4393.4 101.41 -1278.5 4422 87.579 -1207.9 4504.2 53.087
3.3333 -1289.8 4405.8 100.99 -1276.9 4433.6 87.206 -1205.4 4515 52.529
3.3417 -1289.4 4418.2 100.5 -1275.3 4445.2 86.805 -1202.7 4525.8 51.95
3.35 -1288.8 4430.5 99.952 -1273.7 4456.7 86.381 -1200 4536.6 51.357
3.3583 -1287.9 4442.6 99.367 -1272.1 4468.3 85.936 -1197.2 4547.3 50.757
3.3667 -1286.8 4454.6 98.754 -1270.6 4479.7 85.477 -1194.3 4558 50.158
3.375 -1285.5 4466.3 98.13 -1269 4491.1 85.012 -1191.5 4568.5 49.568
3.3833 -1283.9 4477.8 97.508 -1267.5 4502.4 84.547 -1188.7 4578.9 48.994
3.3917 -1282.1 4489.2 96.899 -1266.1 4513.5 84.09 -1185.9 4589.2 48.444
3.4 -1280.1 4500.3 96.306 -1264.6 4524.5 83.649 -1183.2 4599.3 47.92
3.4083 -1277.9 4511.3 95.733 -1263.3 4535.3 83.227 -1180.5 4609.3 47.425
3.4167 -1275.7 4522.1 95.176 -1261.9 4545.9 82.827 -1178 4619.2 46.958
3.425 -1273.4 4532.8 94.626 -1260.5 4556.3 82.449 -1175.5 4629 46.518
3.4333 -1271 4543.4 94.07 -1259.2 4566.4 82.091 -1173.1 4638.6 46.101
3.4417 -1268.6 4554 93.497 -1257.8 4576.3 81.746 -1170.8 4648.2 45.703
3.45 -1266.2 4564.6 92.894 -1256.4 4585.9 81.407 -1168.5 4657.7 45.319
3.4583 -1263.8 4575.1 92.25 -1255 4595.3 81.065 -1166.3 4667.1 44.947
3.4667 -1261.3 4585.7 91.557 -1253.5 4604.5 80.711 -1164.1 4676.4 44.583
3.475 -1258.8 4596.2 90.811 -1252 4613.5 80.338 -1162 4685.7 44.226
3.4833 -1256.2 4606.6 90.009 -1250.5 4622.4 79.942 -1159.8 4694.9 43.877
3.4917 -1253.6 4616.9 89.161 -1248.9 4631.2 79.51 -1157.7 4704 43.538
3.5 -1250.9 4627.1 88.269 -1247.2 4640 79.054 -1155.6 4713.1 43.208
3.5083 -1248.2 4637.2 87.349 -1245.5 4648.7 78.563 -1153.4 4722 42.889
3.5167 -1245.4 4647.1 86.412 -1243.7 4657.4 78.05 -1151.2 4730.9 42.582
3.525 -1242.5 4656.9 85.471 -1241.9 4666.1 77.519 -1148.9 4739.8 42.285
3.5333 -1239.6 4666.5 84.539 -1240 4674.8 76.975 -1146.6 4748.5 41.994
3.5417 -1236.7 4675.9 83.623 -1238 4683.6 76.426 -1144.2 4757.1 41.703
3.55 -1233.8 4685.2 82.731 -1236 4692.4 75.877 -1141.7 4765.7 41.404
3.5583 -1231 4694.3 81.863 -1233.8 4701.3 75.333 -1139.2 4774.2 41.089
3.5667 -1228.1 4703.3 81.016 -1231.7 4710.2 74.796 -1136.6 4782.6 40.748
3.575 -1225.3 4712.3 80.187 -1229.4 4719.1 74.264 -1134 4790.9 40.373
3.5833 -1222.5 4721.2 79.365 -1227.1 4728 73.731 -1131.2 4799.2 39.958
3.5917 -1219.8 4730.1 78.541 -1224.8 4736.8 73.154 -1128.5 4807.4 39.5
3.6 -1217.1 4738.9 77.712 -1222.6 4745.5 72.522 -1125.7 4815.6 38.998
3.6083 -1214.4 4747.7 76.887 -1220.4 4754.2 71.855 -1122.9 4823.8 38.454
3.6167 -1211.7 4756.5 75.987 -1218 4762.8 71.148 -1120 4831.9 37.881
3.625 -1209 4765.2 75.092 -1215.5 4771.7 70.513 -1117.1 4840.1 37.279
3.6333 -1206.2 4774.1 74.147 -1212.7 4780.5 69.877 -1114.1 4848.3 36.676
3.6417 -1203.4 4782.9 73.191 -1209.9 4789.7 69.311 -1111.2 4856.5 36.066
3.65 -1200.5 4791.7 72.233 -1206.8 4798.9 68.79 -1108.1 4864.8 35.48
3.6583 -1197.6 4800.5 71.256 -1203.7 4808.2 68.233 -1105.1 4873.1 34.919
3.6667 -1194.7 4809.4 70.27 -1200.1 4817.9 67.926 -1102.1 4881.5 34.401
3.675 -1191.7 4818.3 69.335 -1196.7 4827.5 67.511 -1098.9 4890 33.914
3.6833 -1188.6 4827.1 68.441 -1193.3 4837 67.042 -1095.6 4898.5 33.455
3.6917 -1185.6 4835.9 67.591 -1189.9 4846.5 66.589 -1092.2 4907.1 33.023
3.7 -1182.6 4844.5 66.826 -1186.7 4855.9 66.035 -1088.7 4915.7 32.588
3.7083 -1179.5 4853.5 66.078 -1183.2 4865.5 65.616 -1085.2 4924.4 32.191
3.7167 -1176.5 4862.5 65.406 -1179.3 4875.3 65.365 -1081.6 4933.1 31.798
3.725 -1173.4 4871.5 64.787 -1175.6 4884.9 64.998 -1077.9 4941.8 31.389
3.7333 -1170.4 4880.6 64.228 -1171.9 4894.5 64.628 -1074.1 4950.5 30.965
3.7417 -1167.4 4889.7 63.715 -1168.1 4904.1 64.279 -1070.3 4959.2 30.526
3.75 -1164.4 4898.9 63.232 -1164.3 4913.8 63.922 -1066.3 4967.9 30.068
3.7583 -1161.2 4908.3 62.76 -1160.5 4923.4 63.531 -1062.3 4976.5 29.595
3.7667 -1158 4917.7 62.293 -1156.6 4933.1 63.155 -1058.3 4985.2 29.114
3.775 -1154.6 4927.2 61.817 -1152.6 4942.7 62.77 -1054.2 4993.9 28.63
3.7833 -1151.1 4936.8 61.336 -1148.6 4952.4 62.31 -1050 5002.6 28.141
3.7917 -1147.4 4946.2 60.843 -1144.9 4962 61.812 -1045.7 5011.2 27.63
3.8 -1143.7 4955.8 60.348 -1140.7 4971.8 61.387 -1041.4 5020 27.163
3.8083 -1139.6 4965.9 59.766 -1136.6 4981.5 60.959 -1037.1 5028.7 26.681
3.8167 -1135.4 4975.9 59.2 -1132.1 4991.4 60.614 -1032.6 5037.5 26.214
3.825 -1131.1 4985.9 58.622 -1127.8 5001.1 60.177 -1028.1 5046.4 25.738
3.8333 -1126.7 4996 58.046 -1123.4 5010.9 59.749 -1023.5 5055.2 25.256
3.8417 -1122.2 5006.2 57.467 -1119.1 5020.5 59.304 -1018.8 5064.1 24.762
3.85 -1117.7 5016.5 56.911 -1114.7 5030.2 58.852 -1013.9 5073 24.253
3.8583 -1113.1 5026.9 56.39 -1110.4 5039.8 58.375 -1009 5081.8 23.727
3.8667 -1108.6 5037.1 55.907 -1106.2 5049.4 57.867 -1004 5090.7 23.173
3.875 -1104 5047.8 55.423 -1101.7 5059 57.469 -998.83 5099.5 22.621
3.8833 -1099.4 5058.3 54.988 -1097.2 5068.5 57.022 -993.58 5108.3 22.062
3.8917 -1094.7 5068.7 54.571 -1092.6 5078 56.565 -988.24 5117 21.493
3.9 -1090.1 5078.9 54.151 -1088.2 5087.5 56.016 -982.77 5125.7 20.922
3.9083 -1085.4 5089 53.712 -1083.3 5097 55.541 -977.22 5134.3 20.365
3.9167 -1080.6 5098.9 53.225 -1078.5 5106.5 54.971 -971.57 5142.8 19.811
3.925 -1075.8 5108.5 52.662 -1073.5 5116.2 54.418 -965.82 5151.3 19.269
3.9333 -1071 5117.8 52.009 -1068 5125.7 53.825 -959.97 5159.6 18.736
3.9417 -1066.1 5126.9 51.246 -1062.5 5135 53.06 -954 5167.8 18.209
3.95 -1061.3 5135.6 50.363 -1056.9 5144.2 52.178 -947.92 5175.9 17.685
3.9583 -1056.5 5144 49.36 -1051.1 5153.2 51.205 -941.69 5183.9 17.158
3.9667 -1051.8 5152.1 48.244 -1045.1 5162.2 50.145 -935.31 5191.7 16.623
3.975 -1047.1 5160 47.035 -1039 5171 48.998 -928.76 5199.3 16.076
3.9833 -1042.3 5167.7 45.76 -1032.7 5179.6 47.769 -922.01 5206.7 15.513
3.9917 -1037.6 5175.2 44.452 -1026.4 5188.1 46.465 -915.06 5213.9 14.934
4 -1032.9 5182.5 43.148 -1020 5196.3 45.096 -907.9 5220.9 14.338
4.0083 -1028.2 5189.6 41.883 -1013.6 5204.4 43.672 -900.52 5227.6 13.729
4.0167 -1023.3 5196.6 40.691 -1007.2 5212.2 42.203 -892.94 5234.1 13.111
4.025 -1018.4 5203.5 39.595 -1000.7 5219.7 40.705 -885.16 5240.4 12.487
4.0333 -1013.3 5210.1 38.611 -994.28 5227 39.189 -877.21 5246.4 11.864
4.0417 -1008 5216.4 37.741 -987.79 5234.1 37.667 -869.11 5252.1 11.246
4.05 -1002.6 5222.5 36.977 -981.24 5241 36.152 -860.88 5257.7 10.636
4.0583 -997.11 5228.3 36.304 -974.61 5247.7 34.654 -852.56 5263.1 10.037
4.0667 -991.48 5233.7 35.696 -967.87 5254.2 33.182 -844.17 5268.3 9.4511
4.075 -985.81 5238.9 35.126 -960.99 5260.5 31.745 -835.74 5273.3 8.8783
4.0833 -980.09 5243.8 34.567 -953.95 5266.7 30.348 -827.29 5278.2 8.3192
4.0917 -974.36 5248.4 33.998 -946.73 5272.7 29.001 -818.84 5282.9 7.7737
4.1 -968.62 5252.8 33.398 -939.34 5278.6 27.705 -810.38 5287.4 7.2408
4.1083 -962.88 5256.9 32.756 -931.77 5284.3 26.465 -801.94 5291.8 6.721
4.1167 -957.12 5261 32.071 -924.03 5289.9 25.284 -793.49 5296 6.2142
4.125 -951.36 5264.9 31.346 -916.15 5295.3 24.165 -785.03 5300.1 5.7203
4.1333 -945.57 5268.8 30.593 -908.15 5300.5 23.109 -776.57 5304 5.2383
4.1417 -939.77 5272.7 29.821 -900.04 5305.6 22.116 -768.08 5307.8 4.7696
4.15 -933.94 5276.6 29.047 -891.86 5310.5 21.194 -759.57 5311.4 4.3114
4.1583 -928.08 5280.5 28.282 -883.6 5315.2 20.316 -751.03 5314.9 3.8633
4.1667 -922.19 5284.5 27.537 -875.28 5319.8 19.507 -742.45 5318.4 3.423
4.175 -916.27 5288.5 26.82 -866.91 5324.2 18.755 -733.85 5321.7 2.9885
4.1833 -910.32 5292.5 26.134 -858.47 5328.5 18.047 -725.22 5324.9 2.5564
4.1917 -904.34 5296.5 25.481 -849.96 5332.7 17.378 -716.56 5328 2.1256
4.2 -898.34 5300.6 24.859 -841.39 5336.7 16.76 -707.89 5331 1.6933
4.2083 -892.3 5304.6 24.265 -832.74 5340.6 16.169 -699.2 5334 1.2591
4.2167 -886.23 5308.6 23.694 -823.99 5344.4 15.6 -690.48 5336.9 0.82419
4.225 -880.12 5312.6 23.146 -815.17 5348.1 15.057 -681.74 5339.8 0.39125
4.2333 -873.94 5316.6 22.621 -806.26 5351.7 14.533 -672.97 5342.6 359.96
4.2417 -867.69 5320.5 22.119 -797.27 5355.2 14.026 -664.15 5345.3 359.55
4.25 -861.33 5324.3 21.65 -788.21 5358.6 13.528 -655.29 5348 359.15
4.2583 -854.83 5328.1 21.221 -779.08 5361.9 13.038 -646.37 5350.5 358.78
4.2667 -848.18 5331.8 20.841 -769.9 5365.2 12.567 -637.4 5353 358.44
4.275 -841.34 5335.5 20.52 -760.66 5368.3 12.115 -628.36 5355.3 358.14
4.2833 -834.29 5339.1 20.269 -751.36 5371.3 11.674 -619.26 5357.5 357.87
4.2917 -827.02 5342.6 20.09 -742.01 5374.3 11.258 -610.12 5359.7 357.65
4.3 -819.51 5346 19.982 -732.58 5377.2 10.867 -600.92 5361.7 357.46
4.3083 -811.76 5349.4 19.94 -723.07 5379.9 10.503 -591.69 5363.6 357.3
4.3167 -803.79 5352.6 19.95 -713.46 5382.6 10.17 -582.43 5365.4 357.17
4.325 -795.58 5355.8 19.999 -703.73 5385.1 9.8584 -573.14 5367 357.05
4.3333 -787.14 5358.9 20.061 -693.86 5387.5 9.5755 -563.82 5368.6 356.94
4.3417 -778.47 5362 20.118 -683.84 5389.8 9.3181 -554.47 5370.1 356.84
4.35 -769.57 5365 20.149 -673.65 5392 9.0766 -545.05 5371.4 356.72
4.3583 -760.43 5367.8 20.138 -663.28 5394 8.846 -535.57 5372.7 356.59
4.3667 -751.03 5370.7 20.069 -652.73 5395.9 8.6259 -526 5373.9 356.44
4.375 -741.36 5373.4 19.939 -642.01 5397.6 8.402 -516.32 5374.9 356.27
4.3833 -731.39 5376 19.747 -631.12 5399.2 8.1734 -506.51 5375.9 356.07
4.3917 -721.1 5378.6 19.496 -620.08 5400.7 7.9345 -496.57 5376.8 355.86
4.4 -710.52 5381 19.2 -608.89 5402 7.6751 -486.48 5377.5 355.64
4.4083 -699.61 5383.4 18.865 -597.59 5403.3 7.3997 -476.25 5378.2 355.4
4.4167 -688.42 5385.5 18.515 -586.19 5404.4 7.0987 -465.92 5378.8 355.16
4.425 -676.97 5387.6 18.155 -574.71 5405.5 6.7783 -455.49 5379.4 354.91
4.4333 -665.3 5389.5 17.798 -563.2 5406.5 6.4382 -445.01 5379.9 354.67
4.4417 -653.46 5391.3 17.451 -551.66 5407.4 6.0825 -434.53 5380.3 354.43
4.45 -641.5 5392.9 17.122 -540.12 5408.2 5.716 -424.07 5380.8 354.19
4.4583 -629.49 5394.3 16.813 -528.62 5409.1 5.3453 -413.69 5381.2 353.96
4.4667 -617.46 5395.6 16.519 -517.18 5409.9 4.9791 -403.42 5381.6 353.74
4.475 -605.48 5396.7 16.244 -505.83 5410.7 4.6253 -393.28 5382 353.52
4.4833 -593.62 5397.7 15.982 -494.6 5411.5 4.2929 -383.3 5382.4 353.31
4.4917 -581.9 5398.6 15.729 -483.5 5412.3 3.9903 -373.47 5382.9 353.12
4.5 -570.39 5399.3 15.475 -472.57 5413.1 3.7249 -363.79 5383.4 352.93
4.5083 -559.1 5400 15.213 -461.82 5414 3.502 -354.25 5383.9 352.77
