0.0083333 95.692 6.7145 89.169 84.967 69.828 91.761 82.428 216.62 101.99
0.016667 94.656 13.795 89.134 83.59 76.967 91.816 80.068 223.42 102.39
0.025 93.618 21.033 89.095 82.138 84.249 91.889 77.604 230.26 102.8
0.033333 92.598 28.438 89.048 80.61 91.672 91.98 75.035 237.15 103.22
0.041667 91.601 36.026 88.992 79.001 99.226 92.09 72.355 244.09 103.65
0.05 90.628 43.815 88.922 77.307 106.91 92.216 69.559 251.1 104.1
0.058333 89.666 51.829 88.836 75.521 114.7 92.353 66.641 258.17 104.58
0.066667 88.694 60.082 88.736 73.633 122.61 92.499 63.597 265.33 105.09
0.075 87.688 68.591 88.62 71.636 130.61 92.644 60.423 272.58 105.63
0.083333 86.628 77.356 88.493 69.522 138.69 92.785 57.116 279.94 106.2
0.091667 85.488 86.371 88.358 67.288 146.85 92.915 53.678 287.41 106.81
0.1 84.254 95.612 88.223 64.931 155.08 93.03 50.111 295.01 107.45
0.10833 82.932 105.04 88.097 62.456 163.37 93.127 46.42 302.73 108.12
0.11667 81.53 114.62 87.986 59.871 171.71 93.207 42.611 310.57 108.8
0.125 80.072 124.27 87.899 57.191 180.1 93.273 38.695 318.52 109.51
0.13333 78.587 133.96 87.842 54.434 188.54 93.329 34.68 326.56 110.23
0.14167 77.111 143.59 87.82 51.623 197.01 93.383 30.576 334.68 110.95
0.15 75.678 153.12 87.834 48.783 205.52 93.442 26.393 342.84 111.69
0.15833 74.315 162.47 87.884 45.939 214.06 93.518 22.141 351.02 112.42
0.16667 73.034 171.61 87.965 43.117 222.62 93.617 17.828 359.18 113.17
0.175 71.837 180.5 88.073 40.337 231.2 93.748 13.46 367.32 113.92
0.18333 70.709 189.12 88.203 37.617 239.77 93.916 9.044 375.4 114.69
0.19167 69.618 197.46 88.349 34.971 248.32 94.124 4.5863 383.42 115.48
0.2 68.521 205.55 88.512 32.405 256.83 94.37 0.092214 391.38 116.28
0.20833 67.368 213.39 88.692 29.918 265.27 94.652 -4.432 399.27 117.1
0.21667 66.103 221.02 88.895 27.508 273.61 94.964 -8.9791 407.1 117.94
0.225 64.679 228.49 89.131 25.165 281.81 95.298 -13.541 414.89 118.8
0.23333 63.052 235.82 89.408 22.877 289.84 95.646 -18.107 422.64 119.66
0.24167 61.2 243.06 89.743 20.634 297.67 96.001 -22.667 430.38 120.53
0.25 59.111 250.24 90.144 18.424 305.29 96.357 -27.208 438.1 121.39
0.25833 56.798 257.38 90.621 16.239 312.67 96.71 -31.718 445.81 122.24
0.26667 54.29 264.5 91.179 14.071 319.82 97.06 -36.184 453.5 123.06
0.275 51.632 271.59 91.818 11.913 326.73 97.411 -40.594 461.14 123.84
0.28333 48.885 278.67 92.532 9.7602 333.43 97.767 -44.94 468.73 124.59
0.29167 46.109 285.71 93.309 7.6033 339.94 98.135 -49.214 476.21 125.29
0.3 43.366 292.71 94.136 5.434 346.29 98.521 -53.412 483.56 125.95
0.30833 40.712 299.66 94.995 3.2421 352.5 98.931 -57.534 490.74 126.58
0.31667 38.187 306.55 95.868 1.0218 358.61 99.369 -61.583 497.72 127.17
0.325 35.818 313.37 96.738 -1.2364 364.65 99.838 -65.566 504.46 127.74
0.33333 33.61 320.13 97.594 -3.5354 370.64 100.34 -69.494 510.93 128.3
0.34167 31.553 326.82 98.428 -5.8788 376.62 100.87 -73.377 517.14 128.85
0.35 29.621 333.47 99.238 -8.2673 382.59 101.44 -77.232 523.07 129.4
0.35833 27.779 340.09 100.03 -10.7 388.59 102.03 -81.074 528.72 129.96
0.36667 25.986 346.68 100.8 -13.178 394.6 102.66 -84.918 534.12 130.53
0.375 24.199 353.28 101.58 -15.692 400.63 103.31 -88.779 539.29 131.13
0.38333 22.389 359.88 102.37 -18.246 406.68 103.99 -92.672 544.24 131.75
0.39167 20.531 366.49 103.19 -20.832 412.73 104.69 -96.607 549.02 132.39
0.4 18.615 373.11 104.05 -23.449 418.77 105.42 -100.6 553.65 133.06
0.40833 16.647 379.75 104.95 -26.094 424.77 106.17 -104.64 558.15 133.74
0.41667 14.642 386.4 105.91 -28.767 430.74 106.94 -108.76 562.56 134.44
0.425 12.624 393.04 106.91 -31.467 436.65 107.73 -112.94 566.89 135.15
0.43333 10.619 399.68 107.96 -34.196 442.5 108.54 -117.18 571.15 135.86
0.44167 8.6538 406.31 109.04 -36.957 448.29 109.37 -121.49 575.36 136.58
0.45 6.7471 412.93 110.14 -39.754 454.01 110.23 -125.86 579.53 137.3
0.45833 4.9089 419.54 111.24 -42.588 459.69 111.09 -130.27 583.67 138.01
0.46667 3.1372 426.16 112.35 -45.461 465.33 111.98 -134.73 587.77 138.71
0.475 1.4174 432.79 113.45 -48.374 470.95 112.88 -139.22 591.85 139.4
0.48333 -0.27567 439.45 114.53 -51.325 476.56 113.8 -143.74 595.9 140.08
0.49167 -1.9764 446.14 115.61 -54.31 482.17 114.72 -148.27 599.93 140.76
0.5 -3.7239 452.87 116.68 -57.323 487.8 115.66 -152.81 603.94 141.42
0.50833 -5.5556 459.64 117.75 -60.357 493.46 116.62 -157.36 607.93 142.07
0.51667 -7.5025 466.45 118.83 -63.407 499.15 117.6 -161.91 611.91 142.73
0.525 -9.5834 473.3 119.91 -66.466 504.87 118.6 -166.45 615.88 143.38
0.53333 -11.804 480.16 121 -69.526 510.61 119.62 -170.99 619.84 144.03
0.54167 -14.153 487.04 122.1 -72.585 516.36 120.67 -175.52 623.8 144.69
0.55 -16.609 493.91 123.2 -75.64 522.1 121.75 -180.05 627.75 145.36
0.55833 -19.143 500.79 124.3 -78.691 527.82 122.85 -184.59 631.69 146.03
0.56667 -21.725 507.65 125.38 -81.74 533.51 123.98 -189.12 635.64 146.72
0.575 -24.326 514.52 126.44 -84.791 539.16 125.13 -193.66 639.58 147.4
0.58333 -26.928 521.38 127.47 -87.845 544.74 126.28 -198.21 643.53 148.09
0.59167 -29.522 528.23 128.47 -90.91 550.27 127.44 -202.77 647.47 148.78
0.6 -32.113 535.09 129.44 -93.97 555.72 128.6 -207.34 651.41 149.47
0.60833 -34.71 541.93 130.38 -97.043 561.13 129.74 -211.91 655.34 150.15
0.61667 -37.335 548.76 131.28 -100.13 566.49 130.86 -216.49 659.26 150.82
0.625 -40.016 555.56 132.17 -103.21 571.82 131.96 -221.08 663.15 151.48
0.63333 -42.777 562.33 133.04 -106.3 577.14 133.02 -225.67 667.01 152.13
0.64167 -45.643 569.05 133.91 -109.39 582.46 134.06 -230.26 670.82 152.77
0.65 -48.629 575.69 134.79 -112.49 587.8 135.08 -234.84 674.57 153.42
0.65833 -51.741 582.25 135.68 -115.61 593.15 136.07 -239.43 678.23 154.06
0.66667 -54.969 588.68 136.59 -118.76 598.51 137.05 -244 681.81 154.71
0.675 -58.289 594.99 137.54 -121.93 603.88 138.03 -248.57 685.28 155.37
0.68333 -61.666 601.15 138.53 -125.15 609.23 139.01 -253.14 688.65 156.05
0.69167 -65.056 607.16 139.55 -128.43 614.54 140 -257.7 691.9 156.73
0.7 -68.421 613.01 140.62 -131.78 619.77 141 -262.27 695.04 157.43
0.70833 -71.732 618.71 141.72 -135.22 624.9 142.02 -266.83 698.07 158.14
0.71667 -74.969 624.26 142.85 -138.74 629.89 143.05 -271.41 701.01 158.86
0.725 -78.13 629.67 144 -142.36 634.72 144.11 -276.02 703.84 159.57
0.73333 -81.225 634.95 145.16 -146.08 639.37 145.18 -280.65 706.59 160.26
0.74167 -84.274 640.1 146.31 -149.89 643.83 146.27 -285.33 709.26 160.94
0.75 -87.306 645.11 147.46 -153.79 648.09 147.37 -290.06 711.85 161.58
0.75833 -90.355 649.99 148.57 -157.77 652.14 148.49 -294.86 714.35 162.19
0.76667 -93.454 654.74 149.65 -161.82 656.01 149.61 -299.74 716.77 162.75
0.775 -96.635 659.36 150.69 -165.92 659.7 150.73 -304.72 719.07 163.28
0.78333 -99.925 663.86 151.68 -170.07 663.22 151.87 -309.79 721.26 163.77
0.79167 -103.34 668.24 152.62 -174.24 666.6 153.01 -314.97 723.31 164.22
0.8 -106.9 672.53 153.52 -178.44 669.84 154.16 -320.26 725.19 164.64
0.80833 -110.6 676.72 154.37 -182.67 672.96 155.31 -325.66 726.9 165.05
0.81667 -114.44 680.82 155.18 -186.93 675.97 156.48 -331.15 728.41 165.45
0.825 -118.42 684.83 155.97 -191.22 678.88 157.66 -336.73 729.71 165.85
0.83333 -122.51 688.75 156.75 -195.55 681.68 158.85 -342.37 730.79 166.25
0.84167 -126.71 692.58 157.52 -199.95 684.37 160.05 -348.07 731.65 166.67
0.85 -130.97 696.32 158.29 -204.43 686.96 161.26 -353.79 732.31 167.11
0.85833 -135.3 699.97 159.08 -209.02 689.45 162.48 -359.53 732.76 167.58
0.86667 -139.68 703.51 159.88 -213.71 691.83 163.7 -365.25 733.03 168.06
0.875 -144.14 706.88 160.7 -218.54 694.1 164.93 -370.96 733.13 168.57
0.88333 -148.66 710.06 161.54 -223.5 696.26 166.15 -376.63 733.08 169.08
0.89167 -153.23 713.05 162.4 -228.61 698.32 167.36 -382.27 732.91 169.61
0.9 -157.87 715.89 163.27 -233.85 700.27 168.56 -387.87 732.62 170.15
0.90833 -162.55 718.61 164.14 -239.23 702.12 169.74 -393.45 732.25 170.68
0.91667 -167.29 721.24 165.01 -244.54 703.61 170.9 -399.81 733.25 170.25
0.925 -172.09 723.8 165.86 -250.15 705.25 172.03 -405.39 732.69 170.78
0.93333 -176.95 726.34 166.69 -255.85 706.8 173.13 -410.98 732.06 171.3
0.94167 -181.89 728.87 167.5 -261.64 708.23 174.19 -416.6 731.39 171.8
0.95 -186.91 731.42 168.27 -267.49 709.56 175.22 -422.27 730.67 172.27
0.95833 -192.03 733.97 169.02 -273.4 710.78 176.22 -428 729.91 172.73
0.96667 -197.25 736.52 169.74 -279.36 711.88 177.18 -433.79 729.11 173.17
0.975 -202.59 739.05 170.43 -285.36 712.87 178.12 -439.65 728.27 173.59
0.98333 -208.05 741.53 171.11 -291.42 713.74 179.03 -445.58 727.39 173.98
0.99167 -213.64 743.92 171.78 -297.53 714.5 179.92 -451.56 726.47 174.36
1 -219.37 746.21 172.45 -303.7 715.14 180.78 -457.59 725.51 174.72
1.0083 -225.25 748.37 173.11 -309.95 715.68 181.61 -463.65 724.52 175.07
1.0167 -231.28 750.39 173.77 -316.29 716.1 182.43 -469.74 723.5 175.39
1.025 -237.48 752.27 174.43 -322.73 716.41 183.22 -475.85 722.43 175.7
1.0333 -243.87 754.01 175.09 -329.27 716.61 183.99 -481.97 721.33 175.99
1.0417 -250.44 755.62 175.73 -335.92 716.7 184.74 -488.09 720.19 176.26
1.05 -257.2 757.12 176.36 -342.68 716.68 185.46 -494.21 719.01 176.52
1.0583 -264.15 758.5 176.98 -349.54 716.54 186.16 -500.35 717.77 176.75
1.0667 -271.27 759.79 177.57 -356.49 716.27 186.84 -506.5 716.49 176.96
1.075 -278.54 760.98 178.14 -363.53 715.88 187.49 -512.66 715.14 177.16
1.0833 -285.96 762.08 178.68 -370.65 715.36 188.12 -518.86 713.73 177.33
1.0917 -293.51 763.06 179.2 -377.82 714.71 188.74 -525.09 712.25 177.49
1.1 -301.19 763.92 179.69 -385.04 713.93 189.34 -531.36 710.69 177.63
1.1083 -308.99 764.64 180.17 -392.31 713.02 189.93 -537.67 709.04 177.76
1.1167 -316.93 765.2 180.61 -399.63 711.98 190.52 -544.03 707.3 177.86
1.125 -325.01 765.59 181.04 -407 710.82 191.11 -550.43 705.47 177.96
1.1333 -333.24 765.78 181.44 -414.43 709.55 191.7 -556.88 703.55 178.04
1.1417 -341.64 765.77 181.83 -421.95 708.17 192.31 -563.38 701.53 178.11
1.15 -350.22 765.55 182.2 -429.56 706.7 192.93 -569.93 699.42 178.16
1.1583 -358.97 765.13 182.55 -437.28 705.13 193.56 -576.55 697.23 178.21
1.1667 -367.9 764.5 182.9 -445.15 703.47 194.22 -583.23 694.96 178.25
1.175 -377 763.67 183.24 -453.16 701.73 194.89 -589.99 692.62 178.28
1.1833 -386.26 762.64 183.59 -461.32 699.9 195.58 -596.85 690.21 178.31
1.1917 -395.65 761.43 183.94 -469.63 697.98 196.28 -603.81 687.75 178.34
1.2 -405.18 760.04 184.3 -478.08 695.98 197 -610.89 685.25 178.37
1.2083 -414.81 758.48 184.68 -486.65 693.9 197.71 -618.09 682.71 178.41
1.2167 -424.55 756.75 185.09 -495.31 691.75 198.43 -625.4 680.14 178.46
1.225 -434.35 754.86 185.53 -504.01 689.52 199.13 -632.84 677.55 178.53
1.2333 -444.21 752.82 186.01 -512.73 687.24 199.82 -640.37 674.95 178.61
1.2417 -454.1 750.64 186.52 -521.42 684.93 200.47 -647.98 672.35 178.73
1.25 -464 748.32 187.09 -530.05 682.61 201.1 -655.62 669.76 178.86
1.2583 -473.86 745.89 187.71 -538.58 680.3 201.68 -663.28 667.19 179.03
1.2667 -483.68 743.35 188.37 -546.98 678.03 202.23 -670.9 664.65 179.22
1.275 -493.39 740.73 189.07 -555.25 675.84 202.72 -678.43 662.16 179.44
1.2833 -502.97 738.04 189.81 -563.37 673.75 203.17 -685.85 659.74 179.68
1.2917 -512.37 735.34 190.56 -571.36 671.77 203.58 -693.11 657.41 179.94
1.3 -521.55 732.67 191.3 -579.22 669.91 203.95 -700.19 655.18 180.22
1.3083 -530.45 730.1 192.02 -586.97 668.19 204.29 -707.06 653.08 180.5
1.3167 -539.07 727.68 192.69 -594.64 666.6 204.62 -713.73 651.13 180.77
1.325 -547.4 725.45 193.3 -602.26 665.13 204.94 -720.2 649.33 181.05
1.3333 -555.48 723.38 193.87 -609.83 663.75 205.27 -726.49 647.7 181.31
1.3417 -563.36 721.46 194.39 -617.37 662.46 205.62 -732.62 646.25 181.56
1.35 -571.08 719.69 194.88 -624.9 661.23 205.99 -738.64 644.99 181.78
1.3583 -578.66 718.05 195.33 -632.41 660.05 206.39 -744.58 643.89 181.99
1.3667 -586.13 716.53 195.76 -639.89 658.89 206.81 -750.47 642.97 182.17
1.375 -593.52 715.15 196.18 -647.34 657.75 207.26 -756.37 642.2 182.33
1.3833 -600.84 713.88 196.59 -654.73 656.62 207.74 -762.3 641.58 182.47
1.3917 -608.12 712.72 197 -662.05 655.49 208.24 -768.28 641.07 182.59
1.4 -615.37 711.67 197.44 -669.29 654.38 208.74 -774.33 640.67 182.7
1.4083 -622.61 710.71 197.9 -676.42 653.29 209.25 -780.45 640.36 182.79
1.4167 -629.85 709.84 198.41 -683.45 652.23 209.75 -786.65 640.11 182.87
1.425 -637.1 709.03 198.97 -690.38 651.2 210.25 -792.9 639.92 182.95
1.4333 -644.37 708.27 199.58 -697.2 650.22 210.74 -799.19 639.78 183.02
1.4417 -651.66 707.55 200.25 -703.94 649.28 211.22 -805.49 639.67 183.08
1.45 -658.97 706.86 200.98 -710.61 648.38 211.69 -811.79 639.6 183.13
1.4583 -666.31 706.18 201.75 -717.23 647.53 212.16 -818.05 639.56 183.17
1.4667 -673.68 705.53 202.56 -723.82 646.7 212.64 -824.26 639.56 183.2
1.475 -681.07 704.89 203.39 -730.4 645.89 213.14 -830.41 639.58 183.22
1.4833 -688.49 704.28 204.25 -737 645.08 213.66 -836.48 639.65 183.21
1.4917 -695.93 703.69 205.12 -743.62 644.27 214.22 -842.49 639.75 183.17
1.5 -703.4 703.12 205.99 -750.29 643.43 214.81 -848.43 639.89 183.11
1.5083 -710.88 702.58 206.86 -756.99 642.57 215.45 -854.33 640.05 183.02
1.5167 -718.38 702.06 207.72 -763.75 641.68 216.13 -860.18 640.25 182.9
1.525 -725.89 701.57 208.56 -770.54 640.76 216.85 -866.02 640.48 182.75
1.5333 -733.4 701.1 209.38 -777.39 639.83 217.61 -871.86 640.72 182.59
1.5417 -740.91 700.65 210.18 -784.25 638.89 218.41 -877.71 640.97 182.4
1.55 -748.41 700.21 210.95 -791.15 637.95 219.22 -883.59 641.23 182.21
1.5583 -755.92 699.77 211.7 -798.06 637.04 220.06 -889.5 641.48 182.02
1.5667 -763.44 699.31 212.42 -804.99 636.15 220.91 -895.46 641.73 181.83
1.575 -770.99 698.84 213.12 -811.94 635.31 221.76 -901.45 641.97 181.65
1.5833 -778.59 698.33 213.8 -818.88 634.52 222.61 -907.49 642.19 181.49
1.5917 -786.27 697.78 214.46 -825.84 633.79 223.46 -913.56 642.39 181.35
1.6 -794.04 697.16 215.12 -832.79 633.13 224.29 -919.68 642.58 181.23
1.6083 -801.93 696.47 215.76 -839.75 632.54 225.12 -925.83 642.75 181.13
1.6167 -809.94 695.71 216.39 -846.71 632.02 225.94 -932.03 642.91 181.05
1.625 -818.1 694.89 217.02 -853.67 631.58 226.75 -938.27 643.06 180.98
1.6333 -826.39 694.02 217.64 -860.63 631.22 227.55 -944.56 643.2 180.93
1.6417 -834.81 693.1 218.25 -867.6 630.95 228.33 -950.91 643.35 180.89
1.65 -843.33 692.17 218.84 -874.56 630.77 229.1 -957.33 643.5 180.85
1.6583 -851.94 691.23 219.4 -881.51 630.7 229.85 -963.82 643.67 180.83
1.6667 -860.61 690.31 219.92 -888.47 630.76 230.58 -970.38 643.87 180.8
1.675 -869.32 689.41 220.41 -895.43 630.93 231.27 -977.02 644.11 180.78
1.6833 -878.04 688.55 220.84 -902.4 631.25 231.94 -983.72 644.41 180.76
1.6917 -886.76 687.7 221.22 -909.39 631.69 232.56 -990.48 644.78 180.74
1.7 -895.47 686.87 221.54 -916.41 632.29 233.13 -997.28 645.23 180.73
1.7083 -904.19 686.04 221.8 -923.46 633.01 233.65 -1004.1 645.79 180.71
1.7167 -912.92 685.19 222.01 -930.56 633.85 234.1 -1010.9 646.46 180.68
1.725 -921.71 684.3 222.17 -937.72 634.81 234.48 -1017.7 647.26 180.64
1.7333 -930.56 683.36 222.27 -944.96 635.87 234.8 -1024.5 648.21 180.59
1.7417 -939.53 682.38 222.34 -952.29 637.01 235.03 -1031.2 649.31 180.51
1.75 -948.61 681.36 222.37 -959.71 638.22 235.2 -1037.9 650.56 180.4
1.7583 -957.83 680.3 222.36 -967.23 639.5 235.29 -1044.5 651.96 180.26
1.7667 -967.17 679.22 222.31 -974.87 640.84 235.31 -1051.1 653.52 180.07
1.775 -976.6 678.14 222.22 -982.6 642.22 235.25 -1057.7 655.23 179.83
1.7833 -986.09 677.09 222.08 -990.44 643.67 235.14 -1064.3 657.07 179.54
1.7917 -995.58 676.06 221.89 -998.36 645.17 234.96 -1071 659.03 179.2
1.8 -1005 675.09 221.64 -1006.4 646.75 234.73 -1077.7 661.1 178.8
1.8083 -1014.3 674.18 221.32 -1014.4 648.38 234.45 -1084.4 663.27 178.36
1.8167 -1023.5 673.33 220.93 -1022.5 650.09 234.12 -1091.3 665.53 177.88
1.825 -1032.4 672.56 220.46 -1030.6 651.85 233.75 -1098.2 667.86 177.35
1.8333 -1041.1 671.85 219.92 -1038.7 653.65 233.32 -1105.2 670.26 176.78
1.8417 -1049.5 671.21 219.29 -1046.7 655.48 232.85 -1112.3 672.72 176.17
1.85 -1057.7 670.63 218.59 -1054.7 657.3 232.32 -1119.4 675.24 175.53
1.8583 -1065.6 670.09 217.83 -1062.7 659.08 231.73 -1126.5 677.82 174.85
1.8667 -1073.2 669.66 217.01 -1070.5 660.79 231.08 -1133.5 680.47 174.12
1.875 -1080.8 669.38 216.16 -1078.3 662.39 230.37 -1140.5 683.2 173.34
1.8833 -1088.2 669.31 215.28 -1086 663.86 229.6 -1147.4 685.99 172.5
1.8917 -1095.6 669.44 214.38 -1093.6 665.17 228.75 -1154.2 688.87 171.6
1.9 -1102.9 669.76 213.46 -1101 666.32 227.83 -1161 691.83 170.63
1.9083 -1110.3 670.22 212.55 -1108.4 667.3 226.86 -1167.6 694.87 169.58
1.9167 -1117.5 670.8 211.63 -1115.6 668.14 225.82 -1174.2 697.98 168.46
1.925 -1124.8 671.5 210.72 -1122.8 668.86 224.72 -1180.6 701.17 167.27
1.9333 -1131.9 672.32 209.79 -1129.7 669.48 223.59 -1187 704.42 166
1.9417 -1139.1 673.25 208.86 -1136.5 670.05 222.41 -1193.4 707.72 164.67
1.95 -1146.1 674.3 207.9 -1143.2 670.61 221.2 -1199.6 711.05 163.28
1.9583 -1153.1 675.5 206.9 -1149.6 671.18 219.96 -1205.9 714.4 161.83
1.9667 -1160 676.81 205.86 -1155.9 671.79 218.7 -1212 717.75 160.34
1.975 -1166.8 678.22 204.76 -1161.9 672.47 217.42 -1218 721.08 158.81
1.9833 -1173.4 679.7 203.61 -1167.8 673.21 216.12 -1224 724.38 157.25
1.9917 -1179.8 681.22 202.41 -1173.6 674.03 214.81 -1229.8 727.65 155.67
2 -1184.4 682.33 201.45 -1179.2 674.91 213.47 -1235.4 730.87 154.06
2.0083 -1190.1 683.85 200.22 -1184.7 675.84 212.12 -1240.9 734.05 152.44
2.0167 -1195.7 685.44 198.97 -1190.1 676.81 210.75 -1246.2 737.18 150.8
2.025 -1201.1 687.13 197.7 -1195.5 677.8 209.36 -1251.3 740.26 149.16
2.0333 -1206.4 688.91 196.42 -1201 678.8 207.95 -1256.1 743.32 147.51
2.0417 -1211.6 690.77 195.13 -1206.5 679.79 206.52 -1260.8 746.34 145.87
2.05 -1216.8 692.69 193.86 -1212 680.77 205.08 -1265.3 749.35 144.24
2.0583 -1221.8 694.65 192.59 -1217.6 681.74 203.63 -1269.7 752.35 142.62
2.0667 -1226.8 696.63 191.34 -1223.3 682.71 202.16 -1273.9 755.34 141.03
2.075 -1231.8 698.6 190.1 -1229.1 683.69 200.68 -1278.1 758.34 139.46
2.0833 -1236.7 700.55 188.85 -1234.9 684.68 199.19 -1282.1 761.34 137.93
2.0917 -1241.6 702.5 187.6 -1240.7 685.71 197.69 -1286.1 764.35 136.43
2.1 -1246.2 704.4 186.34 -1246.5 686.8 196.19 -1290 767.35 134.97
2.1083 -1250.9 706.22 185.04 -1252.3 687.95 194.67 -1293.8 770.36 133.54
2.1167 -1255.6 707.97 183.69 -1258 689.2 193.13 -1297.7 773.36 132.14
2.125 -1260.3 709.66 182.27 -1263.6 690.54 191.59 -1301.5 776.36 130.77
2.1333 -1265 711.32 180.8 -1269.2 692 190.04 -1305.3 779.36 129.42
2.1417 -1269.7 712.95 179.28 -1274.6 693.57 188.47 -1309 782.36 128.09
2.15 -1274.3 714.57 177.71 -1280 695.26 186.9 -1312.7 785.37 126.76
2.1583 -1278.8 716.19 176.12 -1285.3 697.06 185.32 -1316.4 788.39 125.44
2.1667 -1283.3 717.82 174.52 -1290.6 698.98 183.74 -1320.1 791.44 124.13
2.175 -1287.7 719.47 172.92 -1295.8 701.01 182.15 -1323.7 794.53 122.82
2.1833 -1292.1 721.13 171.32 -1301 703.13 180.55 -1327.4 797.66 121.52
2.1917 -1296.4 722.8 169.75 -1306.2 705.33 178.95 -1331 800.84 120.22
2.2 -1300.6 724.49 168.2 -1311.3 707.61 177.35 -1334.6 804.09 118.93
2.2083 -1304.9 726.19 166.68 -1316.4 709.95 175.74 -1338.2 807.4 117.65
2.2167 -1309.1 727.89 165.19 -1321.4 712.34 174.11 -1341.8 810.79 116.38
2.225 -1313.4 729.61 163.71 -1326.5 714.79 172.48 -1345.4 814.24 115.12
2.2333 -1317.7 731.33 162.26 -1331.5 717.27 170.83 -1349 817.75 113.88
2.2417 -1322.1 733.08 160.82 -1336.4 719.81 169.16 -1352.5 821.34 112.63
2.25 -1326.5 734.86 159.4 -1341.4 722.41 167.48 -1356 824.99 111.39
2.2583 -1331 736.66 158 -1346.2 725.07 165.8 -1359.5 828.7 110.15
2.2667 -1335.6 738.5 156.62 -1351.1 727.83 164.12 -1362.9 832.47 108.9
2.275 -1340.2 740.38 155.26 -1355.9 730.68 162.45 -1366.2 836.3 107.65
2.2833 -1344.9 742.3 153.93 -1360.7 733.65 160.8 -1369.4 840.19 106.38
2.2917 -1349.7 744.25 152.62 -1365.4 736.75 159.18 -1372.5 844.12 105.09
2.3 -1354.4 746.24 151.35 -1370.2 739.99 157.6 -1375.6 848.1 103.79
2.3083 -1359.2 748.25 150.11 -1374.8 743.36 156.06 -1378.6 852.11 102.49
2.3167 -1363.9 750.3 148.9 -1379.5 746.86 154.58 -1381.4 856.14 101.17
2.325 -1368.6 752.39 147.71 -1384.1 750.47 153.15 -1384.2 860.18 99.849
2.3333 -1373.2 754.52 146.54 -1388.7 754.16 151.78 -1387 864.22 98.532
2.3417 -1377.8 756.69 145.39 -1393.1 757.92 150.45 -1389.6 868.26 97.221
2.35 -1382.3 758.93 144.23 -1397.5 761.7 149.16 -1392.3 872.29 95.922
2.3583 -1386.8 761.23 143.07 -1401.8 765.49 147.91 -1394.9 876.31 94.639
2.3667 -1391.2 763.6 141.89 -1406 769.25 146.68 -1397.4 880.33 93.376
2.375 -1395.6 766.06 140.7 -1410.1 772.97 145.48 -1399.9 884.36 92.134
2.3833 -1400.1 768.62 139.48 -1414.2 776.62 144.3 -1402.4 888.43 90.914
2.3917 -1404.5 771.28 138.26 -1418.2 780.21 143.13 -1404.8 892.56 89.717
2.4 -1409 774.04 137.01 -1422.1 783.73 141.98 -1407.1 896.77 88.543
2.4083 -1413.6 776.93 135.77 -1425.9 787.19 140.84 -1409.4 901.09 87.388
2.4167 -1418.2 779.92 134.52 -1429.7 790.61 139.72 -1411.6 905.54 86.253
2.425 -1422.9 783.04 133.29 -1433.5 793.99 138.62 -1413.7 910.13 85.134
2.4333 -1427.5 786.26 132.07 -1437.2 797.36 137.54 -1415.7 914.86 84.028
2.4417 -1432 789.58 130.86 -1441 800.73 136.48 -1417.6 919.71 82.932
2.45 -1436.5 792.96 129.68 -1444.7 804.13 135.44 -1419.3 924.67 81.843
2.4583 -1440.8 796.38 128.51 -1448.4 807.57 134.41 -1421 929.71 80.758
2.4667 -1445 799.81 127.35 -1452.1 811.08 133.38 -1422.5 934.77 79.674
2.475 -1448.9 803.22 126.19 -1455.8 814.68 132.35 -1424 939.83 78.59
2.4833 -1452.6 806.57 125.03 -1459.4 818.38 131.3 -1425.3 944.84 77.504
2.4917 -1456.1 809.83 123.87 -1463.1 822.21 130.21 -1426.6 949.76 76.416
2.5 -1459.5 813 122.69 -1466.8 826.19 129.09 -1427.8 954.56 75.325
2.5083 -1462.6 816.04 121.5 -1470.4 830.34 127.91 -1428.9 959.22 74.234
2.5167 -1465.6 818.96 120.3 -1474.1 834.67 126.67 -1430.1 963.75 73.144
2.525 -1468.5 821.73 119.09 -1477.7 839.2 125.36 -1431.2 968.14 72.057
2.5333 -1471.4 824.37 117.88 -1481.4 843.93 123.99 -1432.2 972.43 70.977
2.5417 -1474.2 826.87 116.67 -1484.9 848.86 122.56 -1433.3 976.65 69.908
2.55 -1477 829.25 115.48 -1488.5 853.97 121.06 -1434.3 980.82 68.854
2.5583 -1479.7 831.52 114.3 -1491.9 859.24 119.52 -1435.3 985 67.819
2.5667 -1482.5 833.73 113.14 -1495.2 864.66 117.93 -1436.2 989.23 66.804
2.575 -1485.2 835.9 112 -1498.4 870.16 116.31 -1437 993.53 65.813
2.5833 -1487.9 838.09 110.9 -1501.4 875.72 114.67 -1437.6 997.95 64.845
2.5917 -1490.6 840.33 109.81 -1504.2 881.3 113.02 -1438.2 1002.5 63.902
2.6 -1493.3 842.68 108.74 -1506.8 886.85 111.37 -1438.6 1007.2 62.981
2.6083 -1495.9 845.18 107.68 -1509.2 892.34 109.73 -1438.7 1012 62.08
2.6167 -1498.5 847.84 106.62 -1511.4 897.75 108.1 -1438.7 1016.9 61.195
2.625 -1501 850.71 105.55 -1513.3 903.07 106.5 -1438.5 1021.9 60.324
2.6333 -1503.5 853.77 104.46 -1515 908.29 104.92 -1438 1027 59.462
2.6417 -1505.9 857.02 103.35 -1516.5 913.44 103.36 -1437.3 1032.2 58.607
2.65 -1508.2 860.45 102.21 -1517.8 918.52 101.82 -1436.3 1037.3 57.756
2.6583 -1510.4 864 101.04 -1518.9 923.55 100.31 -1435.2 1042.5 56.908
2.6667 -1512.5 867.64 99.839 -1519.8 928.55 98.803 -1433.8 1047.6 56.063
2.675 -1514.5 871.31 98.614 -1520.6 933.56 97.311 -1432.2 1052.7 55.223
2.6833 -1516.3 874.97 97.372 -1521.1 938.57 95.825 -1430.4 1057.6 54.389
2.6917 -1517.9 878.59 96.12 -1521.5 943.61 94.338 -1428.5 1062.5 53.565
2.7 -1519.4 882.14 94.867 -1521.8 948.69 92.846 -1426.4 1067.3 52.753
2.7083 -1520.6 885.6 93.622 -1521.9 953.8 91.343 -1424.2 1072 51.956
2.7167 -1521.7 888.99 92.392 -1521.8 958.92 89.833 -1421.9 1076.6 51.177
2.725 -1522.7 892.32 91.183 -1521.6 964.1 88.299 -1419.4 1081 50.418
2.7333 -1523.4 895.61 89.998 -1521.2 969.28 86.757 -1416.9 1085.4 49.679
2.7417 -1524.1 898.9 88.842 -1520.6 974.48 85.206 -1414.4 1089.7 48.963
2.75 -1524.6 902.24 87.714 -1519.9 979.68 83.653 -1411.7 1093.9 48.268
2.7583 -1525 905.65 86.615 -1518.9 984.88 82.104 -1409 1098.1 47.595
2.7667 -1525.4 909.17 85.547 -1517.8 990.09 80.571 -1406.2 1102.1 46.944
2.775 -1525.7 912.82 84.507 -1516.6 995.29 79.063 -1403.3 1106.2 46.313
2.7833 -1526 916.63 83.494 -1515.1 1000.5 77.59 -1400.4 1110.1 45.702
2.7917 -1526.2 920.59 82.508 -1513.5 1005.7 76.161 -1397.4 1114.1 45.111
2.8 -1526.4 924.71 81.546 -1511.6 1010.8 74.783 -1394.2 1118 44.54
2.8083 -1526.4 928.96 80.607 -1509.6 1016 73.46 -1391 1121.9 43.989
2.8167 -1526.4 933.33 79.688 -1507.5 1021.1 72.195 -1387.7 1125.8 43.458
2.825 -1526.3 937.81 78.788 -1505.1 1026.1 70.987 -1384.2 1129.7 42.947
2.8333 -1526 942.36 77.903 -1502.6 1031.1 69.835 -1380.6 1133.7 42.456
2.8417 -1525.5 946.97 77.032 -1500 1036.1 68.733 -1376.9 1137.7 41.985
2.85 -1524.8 951.63 76.173 -1497.3 1041 67.676 -1373.1 1141.7 41.531
2.8583 -1524 956.32 75.328 -1494.4 1045.9 66.661 -1369.1 1145.8 41.095
2.8667 -1522.9 961.05 74.494 -1491.3 1050.8 65.68 -1365 1149.8 40.673
2.875 -1521.5 965.81 73.676 -1488.2 1055.7 64.732 -1360.9 1153.9 40.263
2.8833 -1519.9 970.6 72.874 -1484.9 1060.6 63.816 -1356.6 1158 39.864
2.8917 -1518.2 975.44 72.091 -1481.5 1065.6 62.93 -1352.2 1162 39.473
2.9 -1516.1 980.32 71.332 -1477.9 1070.6 62.076 -1347.8 1166.1 39.089
2.9083 -1513.9 985.25 70.6 -1474.2 1075.7 61.255 -1343.2 1170.1 38.711
2.9167 -1511.5 990.23 69.898 -1470.3 1080.8 60.471 -1338.6 1174.1 38.337
2.925 -1508.9 995.27 69.228 -1466.2 1086 59.725 -1333.9 1178 37.968
2.9333 -1506.1 1000.4 68.596 -1461.9 1091.2 59.018 -1329.2 1181.9 37.603
2.9417 -1503.1 1005.5 68.002 -1457.4 1096.5 58.35 -1324.3 1185.8 37.244
2.95 -1499.9 1010.7 67.451 -1452.8 1101.8 57.721 -1319.4 1189.6 36.891
2.9583 -1496.5 1016 66.944 -1447.9 1107.2 57.13 -1314.4 1193.4 36.545
2.9667 -1492.9 1021.4 66.483 -1442.9 1112.6 56.577 -1309.2 1197.1 36.204
2.975 -1489.1 1026.8 66.074 -1437.6 1118 56.048 -1303.9 1200.9 35.868
2.9833 -1485.1 1032.3 65.717 -1432.2 1123.4 55.55 -1298.5 1204.6 35.536
2.9917 -1480.9 1037.9 65.413 -1426.6 1128.8 55.074 -1292.9 1208.4 35.205
3 -1476.4 1043.5 65.164 -1420.7 1134.2 54.621 -1287.1 1212.1 34.871
3.0083 -1471.7 1049.3 64.971 -1414.6 1139.7 54.177 -1281.2 1215.9 34.533
3.0167 -1466.8 1055.2 64.831 -1408.3 1145.3 53.749 -1275.2 1219.6 34.186
3.025 -1461.7 1061.2 64.74 -1401.7 1150.9 53.338 -1269 1223.4 33.828
3.0333 -1456.3 1067.3 64.692 -1394.9 1156.6 52.936 -1262.6 1227.1 33.457
3.0417 -1450.6 1073.6 64.679 -1387.7 1162.4 52.556 -1256.1 1230.8 33.073
3.05 -1444.6 1080 64.687 -1380.2 1168.3 52.187 -1249.5 1234.5 32.676
3.0583 -1438.4 1086.6 64.707 -1372.5 1174.3 51.843 -1242.7 1238.2 32.268
3.0667 -1431.8 1093.3 64.72 -1364.4 1180.3 51.512 -1235.8 1241.9 31.853
3.075 -1424.9 1100.2 64.716 -1355.9 1186.5 51.202 -1228.8 1245.7 31.435
3.0833 -1417.8 1107.2 64.681 -1347.2 1192.8 50.905 -1221.6 1249.4 31.018
3.0917 -1410.3 1114.3 64.605 -1338.2 1199.1 50.619 -1214.3 1253.3 30.606
3.1 -1402.5 1121.5 64.484 -1328.9 1205.5 50.337 -1206.9 1257.2 30.205
3.1083 -1394.4 1128.8 64.313 -1319.4 1211.9 50.055 -1199.4 1261.1 29.817
3.1167 -1386 1136.1 64.094 -1309.7 1218.3 49.768 -1191.7 1265.2 29.445
3.125 -1377.4 1143.4 63.832 -1299.8 1224.8 49.47 -1183.9 1269.4 29.088
3.1333 -1368.5 1150.7 63.53 -1289.7 1231.3 49.162 -1176 1273.7 28.745
3.1417 -1359.4 1158 63.197 -1279.6 1237.8 48.842 -1168 1278 28.416
3.15 -1350.2 1165.2 62.836 -1269.4 1244.3 48.512 -1159.9 1282.5 28.096
3.1583 -1340.7 1172.3 62.453 -1259.2 1250.7 48.178 -1151.7 1287 27.783
3.1667 -1331.2 1179.3 62.049 -1249 1257.2 47.845 -1143.5 1291.5 27.473
3.175 -1321.5 1186.2 61.626 -1238.8 1263.6 47.521 -1135.3 1296.2 27.166
3.1833 -1311.8 1192.9 61.184 -1228.8 1270 47.215 -1127.1 1300.8 26.859
3.1917 -1302 1199.5 60.719 -1218.9 1276.3 46.934 -1118.9 1305.5 26.553
3.2 -1292.3 1205.8 60.231 -1209.2 1282.5 46.684 -1110.9 1310.1 26.253
3.2083 -1282.7 1212 59.715 -1199.7 1288.6 46.47 -1102.9 1314.8 25.96
3.2167 -1273.2 1218 59.169 -1190.4 1294.6 46.294 -1095.1 1319.5 25.682
3.225 -1263.8 1223.8 58.588 -1181.4 1300.4 46.154 -1087.4 1324.2 25.423
3.2333 -1254.7 1229.5 57.968 -1172.5 1306.2 46.045 -1079.8 1328.8 25.189
3.2417 -1245.9 1235.1 57.305 -1164 1311.7 45.961 -1072.5 1333.5 24.987
3.25 -1237.2 1240.6 56.594 -1155.6 1317.1 45.893 -1065.2 1338.2 24.819
3.2583 -1228.8 1246.1 55.838 -1147.5 1322.4 45.832 -1058.2 1342.9 24.689
3.2667 -1220.5 1251.6 55.04 -1139.7 1327.6 45.768 -1051.2 1347.5 24.595
3.275 -1212.4 1257.1 54.211 -1132 1332.6 45.692 -1044.4 1352.2 24.538
3.2833 -1204.4 1262.6 53.364 -1124.5 1337.4 45.598 -1037.7 1356.9 24.512
3.2917 -1196.4 1268.1 52.516 -1117.1 1342.2 45.483 -1031.1 1361.5 24.513
3.3 -1188.5 1273.7 51.683 -1109.9 1346.9 45.345 -1024.6 1366.1 24.535
3.3083 -1180.6 1279.2 50.879 -1102.8 1351.4 45.185 -1018.2 1370.7 24.57
3.3167 -1172.7 1284.7 50.119 -1095.9 1355.9 45.007 -1011.8 1375.2 24.61
3.325 -1164.9 1290.2 49.409 -1089 1360.3 44.817 -1005.5 1379.6 24.65
3.3333 -1157.1 1295.7 48.754 -1082.2 1364.7 44.62 -999.24 1384 24.683
3.3417 -1149.3 1301.1 48.152 -1075.5 1368.9 44.424 -993 1388.3 24.704
3.35 -1141.6 1306.4 47.598 -1068.8 1373.1 44.233 -986.79 1392.6 24.711
3.3583 -1133.9 1311.8 47.084 -1062.2 1377.3 44.053 -980.6 1396.7 24.701
3.3667 -1126.3 1317.1 46.597 -1055.7 1381.5 43.887 -974.43 1400.8 24.676
3.375 -1118.7 1322.3 46.129 -1049.2 1385.6 43.736 -968.28 1404.9 24.636
3.3833 -1111.2 1327.5 45.666 -1042.8 1389.6 43.601 -962.15 1408.9 24.582
3.3917 -1103.8 1332.6 45.202 -1036.4 1393.7 43.48 -956.04 1412.8 24.518
3.4 -1096.4 1337.7 44.728 -1030 1397.8 43.372 -949.95 1416.7 24.446
3.4083 -1089.1 1342.8 44.241 -1023.6 1401.9 43.273 -943.88 1420.5 24.369
3.4167 -1081.7 1347.9 43.738 -1017.2 1406 43.182 -937.85 1424.3 24.29
3.425 -1074.4 1352.9 43.22 -1010.7 1410.1 43.096 -931.84 1428.1 24.211
3.4333 -1067 1357.9 42.69 -1004.3 1414.3 43.012 -925.85 1431.9 24.133
3.4417 -1059.6 1362.9 42.149 -997.8 1418.5 42.931 -919.9 1435.6 24.059
3.45 -1052.2 1367.9 41.605 -991.28 1422.7 42.848 -913.96 1439.3 23.99
3.4583 -1044.8 1372.9 41.059 -984.73 1426.9 42.763 -908.04 1443 23.925
3.4667 -1037.2 1377.9 40.517 -978.16 1431.1 42.674 -902.12 1446.7 23.865
