0.0083333 -23.503 1.5988 97.593 -51.638 122.03 87.117 -31.483 159.18 79.546
0.016667 -22.431 10.842 97.747 -50.12 132.73 87.092 -29.611 169.01 79.549
0.025 -21.383 20.437 97.899 -48.476 143.57 87.042 -27.646 178.95 79.553
0.033333 -20.369 30.365 98.045 -46.703 154.53 86.965 -25.592 188.98 79.56
0.041667 -19.39 40.604 98.178 -44.799 165.62 86.86 -23.454 199.12 79.575
0.05 -18.446 51.131 98.294 -42.771 176.83 86.729 -21.236 209.35 79.602
0.058333 -17.529 61.918 98.388 -40.633 188.17 86.571 -18.941 219.68 79.643
0.066667 -16.628 72.937 98.455 -38.402 199.64 86.392 -16.572 230.1 79.701
0.075 -15.729 84.162 98.492 -36.106 211.22 86.196 -14.13 240.61 79.775
0.083333 -14.815 95.565 98.497 -33.775 222.9 85.988 -11.621 251.21 79.861
0.091667 -13.868 107.12 98.466 -31.441 234.66 85.777 -9.0499 261.87 79.954
0.1 -12.87 118.8 98.4 -29.141 246.44 85.57 -6.4263 272.61 80.048
0.10833 -11.806 130.57 98.298 -26.909 258.21 85.378 -3.7644 283.41 80.135
0.11667 -10.662 142.42 98.163 -24.774 269.92 85.211 -1.083 294.27 80.207
0.125 -9.4342 154.31 97.998 -22.762 281.51 85.078 1.5929 305.16 80.258
0.13333 -8.1237 166.23 97.805 -20.892 292.92 84.991 4.2339 316.09 80.284
0.14167 -6.7428 178.14 97.588 -19.174 304.11 84.958 6.8067 327.05 80.284
0.15 -5.3126 190.02 97.351 -17.611 315.05 84.986 9.2757 338.02 80.261
0.15833 -3.8605 201.84 97.095 -16.198 325.71 85.078 11.605 348.98 80.222
0.16667 -2.416 213.59 96.822 -14.925 336.09 85.237 13.763 359.93 80.173
0.175 -1.0051 225.25 96.533 -13.779 346.21 85.461 15.721 370.84 80.125
0.18333 0.35222 236.82 96.227 -12.742 356.08 85.745 17.456 381.72 80.09
0.19167 1.6457 248.29 95.903 -11.798 365.76 86.078 18.954 392.54 80.076
0.2 2.8644 259.68 95.57 -10.926 375.29 86.463 20.21 403.3 80.094
0.20833 4.013 270.97 95.225 -10.118 384.71 86.881 21.225 413.99 80.15
0.21667 5.0949 282.18 94.88 -9.3632 394.08 87.324 22.008 424.63 80.248
0.225 6.1193 293.3 94.543 -8.6574 403.43 87.784 22.571 435.21 80.391
0.23333 7.098 304.36 94.223 -7.9989 412.79 88.254 22.932 445.75 80.579
0.24167 8.0413 315.35 93.93 -7.3916 422.18 88.728 23.109 456.27 80.808
0.25 8.9553 326.28 93.671 -6.841 431.62 89.199 23.119 466.78 81.076
0.25833 9.8411 337.16 93.451 -6.3526 441.1 89.666 22.978 477.29 81.375
0.26667 10.688 347.99 93.274 -5.9347 450.62 90.122 22.698 487.84 81.701
0.275 11.484 358.76 93.139 -5.5895 460.18 90.57 22.291 498.44 82.048
0.28333 12.21 369.48 93.042 -5.3201 469.76 91.007 21.762 509.09 82.41
0.29167 12.846 380.14 92.977 -5.1256 479.36 91.432 21.117 519.8 82.783
0.3 13.373 390.73 92.938 -5.0035 488.97 91.846 20.36 530.57 83.162
0.30833 13.777 401.28 92.913 -4.9501 498.6 92.245 19.494 541.4 83.545
0.31667 14.055 411.77 92.895 -4.9581 508.25 92.631 18.525 552.28 83.929
0.325 14.209 422.21 92.875 -5.0219 517.93 93.001 17.459 563.19 84.313
0.33333 14.252 432.62 92.846 -5.1359 527.65 93.353 16.303 574.12 84.696
0.34167 14.203 443.01 92.801 -5.2957 537.41 93.685 15.069 585.05 85.076
0.35 14.089 453.38 92.736 -5.4976 547.23 93.995 13.768 595.97 85.454
0.35833 13.936 463.75 92.647 -5.7403 557.11 94.28 12.412 606.87 85.827
0.36667 13.769 474.11 92.533 -6.0238 567.05 94.539 11.013 617.75 86.196
0.375 13.608 484.47 92.393 -6.3498 577.06 94.771 9.581 628.6 86.559
0.38333 13.47 494.85 92.231 -6.7207 587.14 94.974 8.1247 639.43 86.915
0.39167 13.363 505.23 92.048 -7.1393 597.27 95.149 6.6506 650.24 87.263
0.4 13.286 515.64 91.852 -7.6087 607.46 95.297 5.1625 661.05 87.602
0.40833 13.233 526.06 91.647 -8.1316 617.71 95.419 3.6626 671.85 87.929
0.41667 13.192 536.51 91.444 -8.7105 628.01 95.516 2.1506 682.66 88.244
0.425 13.144 547 91.249 -9.3473 638.37 95.591 0.62593 693.47 88.544
0.43333 13.07 557.54 91.069 -10.042 648.82 95.647 -0.91248 704.28 88.828
0.44167 12.952 568.13 90.911 -10.796 659.35 95.686 -2.4658 715.1 89.094
0.45 12.766 578.81 90.779 -11.606 669.99 95.71 -4.0343 725.9 89.341
0.45833 12.507 589.58 90.674 -12.471 680.76 95.723 -5.6183 736.68 89.567
0.46667 12.154 600.46 90.592 -13.388 691.68 95.726 -7.2177 747.43 89.772
0.475 11.705 611.46 90.529 -14.352 702.77 95.724 -8.8325 758.15 89.958
0.48333 11.16 622.6 90.478 -15.362 714.04 95.718 -10.464 768.83 90.126
0.49167 10.524 633.87 90.429 -16.416 725.5 95.713 -12.115 779.47 90.279
0.5 9.8102 645.29 90.375 -17.515 737.16 95.711 -13.791 790.09 90.422
0.50833 9.0316 656.84 90.307 -18.665 749.01 95.717 -15.497 800.71 90.559
0.51667 8.2022 668.53 90.218 -19.871 761.05 95.732 -17.242 811.35 90.694
0.525 7.3331 680.37 90.102 -21.144 773.26 95.759 -19.035 822.04 90.832
0.53333 6.4361 692.36 89.957 -22.499 785.64 95.8 -20.885 832.82 90.974
0.54167 5.5129 704.52 89.783 -23.951 798.16 95.856 -22.802 843.71 91.122
0.55 4.5631 716.89 89.583 -25.52 810.82 95.926 -24.79 854.76 91.274
0.55833 3.583 729.49 89.363 -27.223 823.61 96.008 -26.856 865.98 91.426
0.56667 2.567 742.36 89.132 -29.075 836.51 96.098 -28.998 877.39 91.571
0.575 1.5116 755.53 88.905 -31.086 849.51 96.19 -31.217 889.01 91.701
0.58333 0.41063 769 88.695 -33.257 862.62 96.279 -33.508 900.84 91.808
0.59167 -0.73545 782.77 88.518 -35.582 875.82 96.359 -35.865 912.87 91.884
0.6 -1.9233 796.83 88.391 -38.047 889.12 96.427 -38.283 925.09 91.924
0.60833 -3.1501 811.12 88.326 -40.628 902.51 96.481 -40.759 937.48 91.926
0.61667 -4.4096 825.6 88.338 -43.298 915.99 96.522 -43.287 950.01 91.891
0.625 -5.7068 840.17 88.434 -46.019 929.55 96.552 -45.869 962.66 91.826
0.63333 -7.0423 854.78 88.621 -48.752 943.16 96.573 -48.505 975.42 91.742
0.64167 -8.4268 869.34 88.897 -51.453 956.79 96.588 -51.199 988.25 91.654
0.65 -9.8685 883.78 89.257 -54.083 970.42 96.603 -53.954 1001.1 91.58
0.65833 -11.377 898.04 89.692 -56.603 984 96.619 -56.77 1014.1 91.537
0.66667 -12.961 912.08 90.187 -58.984 997.48 96.639 -59.647 1027.1 91.544
0.675 -14.627 925.88 90.723 -61.204 1010.8 96.665 -62.577 1040.1 91.612
0.68333 -16.375 939.42 91.28 -63.25 1024 96.697 -65.546 1053.1 91.751
0.69167 -18.21 952.72 91.843 -65.119 1036.9 96.734 -68.531 1066.2 91.961
0.7 -20.132 965.82 92.4 -66.819 1049.6 96.776 -71.503 1079.3 92.237
0.70833 -22.147 978.77 92.945 -68.365 1062.1 96.82 -74.426 1092.4 92.567
0.71667 -24.252 991.62 93.471 -69.778 1074.3 96.861 -77.26 1105.6 92.932
0.725 -26.436 1004.4 93.977 -71.084 1086.3 96.895 -79.965 1118.7 93.313
0.73333 -28.681 1017.1 94.462 -72.312 1098 96.918 -82.5 1131.8 93.686
0.74167 -30.961 1029.9 94.926 -73.491 1109.6 96.928 -84.833 1144.9 94.03
0.75 -33.246 1042.5 95.373 -74.646 1121.1 96.92 -86.938 1157.9 94.327
0.75833 -35.506 1055.2 95.807 -75.801 1132.4 96.895 -88.803 1170.9 94.564
0.76667 -37.712 1067.8 96.236 -76.972 1143.7 96.852 -90.426 1183.9 94.732
0.775 -39.84 1080.3 96.664 -78.174 1155 96.792 -91.82 1196.8 94.829
0.78333 -41.874 1092.8 97.1 -79.412 1166.2 96.717 -93.008 1209.7 94.858
0.79167 -43.805 1105.2 97.548 -80.691 1177.5 96.63 -94.023 1222.6 94.825
0.8 -45.636 1117.6 98.011 -82.009 1188.8 96.533 -94.904 1235.4 94.743
0.80833 -47.377 1129.9 98.493 -83.363 1200.2 96.428 -95.692 1248.2 94.622
0.81667 -49.045 1142.2 98.996 -84.745 1211.6 96.319 -96.427 1261 94.475
0.825 -50.659 1154.4 99.518 -86.149 1223.1 96.208 -97.144 1273.8 94.314
0.83333 -52.242 1166.6 100.06 -87.569 1234.7 96.097 -97.873 1286.6 94.146
0.84167 -53.811 1178.8 100.62 -88.999 1246.3 95.99 -98.633 1299.3 93.978
0.85 -55.38 1191 101.19 -90.435 1258.1 95.889 -99.437 1312.1 93.811
0.85833 -56.958 1203.3 101.78 -91.878 1269.9 95.798 -100.29 1324.8 93.646
0.86667 -58.544 1215.5 102.38 -93.327 1281.8 95.72 -101.19 1337.5 93.479
0.875 -60.13 1227.7 102.99 -94.787 1293.7 95.657 -102.12 1350.2 93.308
0.88333 -61.703 1239.9 103.6 -96.263 1305.8 95.614 -103.09 1362.9 93.128
0.89167 -63.243 1252.1 104.22 -97.761 1317.9 95.591 -104.08 1375.6 92.938
0.9 -64.727 1264.3 104.84 -99.29 1330.1 95.592 -105.1 1388.3 92.736
0.90833 -66.13 1276.6 105.47 -100.86 1342.4 95.616 -106.12 1400.9 92.525
0.91667 -67.433 1288.9 106.09 -102.46 1354.7 95.664 -107.17 1413.6 92.306
0.925 -68.616 1301.3 106.7 -104.12 1367.2 95.735 -108.23 1426.3 92.085
0.93333 -69.675 1313.8 107.31 -105.82 1379.7 95.827 -109.33 1439 91.868
0.94167 -70.609 1326.3 107.89 -107.57 1392.3 95.937 -110.45 1451.7 91.659
0.95 -71.43 1339 108.45 -109.36 1405 96.062 -111.61 1464.4 91.465
0.95833 -72.157 1351.8 108.97 -111.19 1417.8 96.2 -112.8 1477.2 91.288
0.96667 -72.818 1364.8 109.47 -113.05 1430.7 96.348 -114.02 1490 91.129
0.975 -73.444 1378 109.92 -114.93 1443.8 96.502 -115.27 1502.8 90.988
0.98333 -74.071 1391.2 110.34 -116.81 1456.9 96.663 -116.52 1515.7 90.862
0.99167 -74.737 1404.7 110.72 -118.68 1470.1 96.828 -117.78 1528.6 90.747
1 -75.478 1418.3 111.06 -120.55 1483.4 96.997 -119.02 1541.5 90.639
1.0083 -76.321 1432 111.38 -122.38 1496.8 97.168 -120.24 1554.4 90.532
1.0167 -77.28 1445.8 111.65 -124.18 1510.3 97.338 -121.42 1567.4 90.423
1.025 -78.354 1459.6 111.88 -125.92 1523.9 97.519 -122.56 1580.5 90.312
1.0333 -79.529 1473.5 112.08 -127.61 1537.5 97.694 -123.66 1593.6 90.199
1.0417 -80.789 1487.4 112.24 -129.23 1551.2 97.863 -124.72 1606.8 90.088
1.05 -82.123 1501.4 112.36 -130.78 1565 98.022 -125.76 1620.1 89.983
1.0583 -83.527 1515.4 112.45 -132.24 1578.8 98.166 -126.79 1633.5 89.893
1.0667 -85.009 1529.6 112.52 -133.62 1592.7 98.288 -127.83 1647 89.824
1.075 -86.585 1544 112.58 -134.92 1606.7 98.381 -128.88 1660.6 89.784
1.0833 -88.274 1558.5 112.63 -136.12 1620.7 98.441 -129.96 1674.4 89.778
1.0917 -90.097 1573.2 112.66 -137.23 1634.9 98.462 -131.08 1688.2 89.81
1.1 -92.067 1588.2 112.68 -138.27 1649.1 98.445 -132.24 1702 89.879
1.1083 -94.191 1603.3 112.68 -139.24 1663.4 98.388 -133.43 1716 89.984
1.1167 -96.46 1618.6 112.64 -140.17 1677.8 98.293 -134.65 1729.9 90.118
1.125 -98.857 1634 112.56 -141.07 1692.3 98.172 -135.89 1743.9 90.27
1.1333 -101.35 1649.5 112.41 -141.98 1706.8 98.032 -137.14 1757.8 90.432
1.1417 -103.91 1665 112.2 -142.92 1721.4 97.883 -138.39 1771.7 90.591
1.15 -106.48 1680.3 111.92 -143.94 1735.9 97.742 -139.63 1785.5 90.735
1.1583 -109.03 1695.6 111.59 -145.05 1750.4 97.62 -140.87 1799.3 90.854
1.1667 -111.51 1710.6 111.21 -146.29 1764.8 97.531 -142.12 1812.9 90.941
1.175 -113.89 1725.5 110.8 -147.68 1779 97.487 -143.39 1826.5 90.99
1.1833 -116.15 1740.2 110.39 -149.23 1793 97.498 -144.71 1839.9 91.001
1.1917 -118.3 1754.7 109.99 -150.95 1806.8 97.57 -146.1 1853.3 90.977
1.2 -120.34 1768.9 109.63 -152.84 1820.3 97.707 -147.61 1866.6 90.922
1.2083 -122.29 1783 109.32 -154.89 1833.6 97.907 -149.27 1879.9 90.847
1.2167 -124.18 1797 109.06 -157.09 1846.5 98.167 -151.11 1893.1 90.761
1.225 -126.01 1810.8 108.86 -159.41 1859.2 98.48 -153.17 1906.2 90.676
1.2333 -127.79 1824.6 108.72 -161.84 1871.6 98.838 -155.46 1919.3 90.604
1.2417 -129.54 1838.3 108.62 -164.34 1883.8 99.232 -158.01 1932.4 90.554
1.25 -131.26 1851.9 108.56 -166.88 1895.8 99.653 -160.81 1945.4 90.534
1.2583 -132.99 1865.5 108.53 -169.47 1907.7 100.09 -163.87 1958.4 90.552
1.2667 -134.76 1879.1 108.51 -172.06 1919.4 100.55 -167.16 1971.4 90.611
1.275 -136.58 1892.5 108.49 -174.67 1931.1 101.01 -170.68 1984.3 90.711
1.2833 -138.49 1905.8 108.47 -177.29 1942.7 101.47 -174.39 1997.3 90.85
1.2917 -140.51 1918.9 108.44 -179.91 1954.4 101.95 -178.27 2010.2 91.025
1.3 -142.66 1931.9 108.4 -182.56 1966 102.44 -182.29 2023 91.23
1.3083 -144.94 1944.7 108.35 -185.25 1977.7 102.93 -186.43 2035.9 91.46
1.3167 -147.37 1957.4 108.29 -187.98 1989.5 103.42 -190.64 2048.7 91.707
1.325 -149.94 1969.9 108.22 -190.77 2001.3 103.93 -194.93 2061.4 91.965
1.3333 -152.64 1982.2 108.15 -193.64 2013.2 104.45 -199.26 2074.1 92.229
1.3417 -155.45 1994.5 108.08 -196.59 2025.1 104.97 -203.62 2086.7 92.494
1.35 -158.34 2006.7 108.01 -199.61 2037.1 105.49 -208.01 2099.3 92.757
1.3583 -161.29 2018.8 107.94 -202.73 2049.2 106 -212.42 2111.8 93.014
1.3667 -164.27 2030.9 107.86 -205.92 2061.3 106.51 -216.83 2124.1 93.265
1.375 -167.28 2042.9 107.77 -209.18 2073.5 107.01 -221.24 2136.4 93.508
1.3833 -170.28 2054.9 107.67 -212.5 2085.7 107.48 -225.66 2148.6 93.745
1.3917 -173.29 2066.9 107.53 -215.89 2098 107.93 -230.06 2160.6 93.973
1.4 -176.31 2079 107.37 -219.31 2110.4 108.35 -234.45 2172.6 94.194
1.4083 -179.35 2091 107.18 -222.78 2122.8 108.74 -238.82 2184.5 94.407
1.4167 -182.43 2103 106.97 -226.29 2135.3 109.1 -243.17 2196.4 94.611
1.425 -185.56 2115 106.73 -229.84 2147.9 109.43 -247.48 2208.3 94.805
1.4333 -188.76 2127.1 106.48 -233.42 2160.5 109.74 -251.76 2220.2 94.986
1.4417 -192.03 2139.2 106.23 -237.06 2173.2 110.01 -255.99 2232.1 95.153
1.45 -195.38 2151.3 105.99 -240.75 2186 110.27 -260.19 2244 95.303
1.4583 -198.8 2163.4 105.77 -244.5 2198.8 110.51 -264.35 2256.1 95.435
1.4667 -202.28 2175.5 105.57 -248.32 2211.7 110.73 -268.47 2268.2 95.547
1.475 -205.83 2187.6 105.41 -252.22 2224.7 110.94 -272.56 2280.4 95.638
1.4833 -209.44 2199.9 105.26 -256.2 2237.8 111.14 -276.62 2292.6 95.708
1.4917 -213.12 2212.2 105.13 -260.27 2250.9 111.32 -280.67 2304.9 95.759
1.5 -216.86 2224.5 105.01 -264.42 2264.1 111.49 -284.7 2317.3 95.792
1.5083 -220.67 2237 104.88 -268.65 2277.4 111.65 -288.74 2329.7 95.809
1.5167 -224.58 2249.6 104.74 -272.95 2290.7 111.79 -292.79 2342.1 95.812
1.525 -228.57 2262.3 104.59 -277.33 2304.1 111.92 -296.85 2354.5 95.803
1.5333 -232.69 2275.1 104.44 -281.78 2317.5 112.04 -300.93 2367 95.783
1.5417 -236.94 2288 104.29 -286.29 2331 112.14 -305.05 2379.5 95.753
1.55 -241.33 2300.9 104.13 -290.86 2344.5 112.24 -309.21 2392 95.711
1.5583 -245.87 2314 103.98 -295.5 2358.1 112.33 -313.41 2404.6 95.654
1.5667 -250.57 2327.3 103.83 -300.21 2371.7 112.42 -317.66 2417.3 95.58
1.575 -255.41 2340.7 103.68 -305 2385.3 112.5 -321.98 2430.1 95.484
1.5833 -260.4 2354.4 103.54 -309.87 2398.9 112.59 -326.35 2443 95.361
1.5917 -265.52 2368.4 103.41 -314.85 2412.4 112.68 -330.79 2456.1 95.209
1.6 -270.76 2382.7 103.3 -319.92 2426 112.78 -335.3 2469.3 95.024
1.6083 -276.09 2397.3 103.22 -325.1 2439.6 112.88 -339.88 2482.6 94.807
1.6167 -281.5 2412.1 103.17 -330.38 2453.2 112.99 -344.53 2496 94.561
1.625 -286.95 2427.2 103.18 -335.76 2466.9 113.11 -349.25 2509.5 94.291
1.6333 -292.44 2442.4 103.25 -341.22 2480.5 113.23 -354.04 2523 94.006
1.6417 -297.94 2457.6 103.4 -346.73 2494.2 113.35 -358.9 2536.6 93.716
1.65 -303.44 2472.8 103.64 -352.26 2508 113.46 -363.81 2550.1 93.436
1.6583 -308.91 2487.9 103.96 -357.78 2521.7 113.57 -368.77 2563.6 93.179
1.6667 -314.35 2502.7 104.36 -363.25 2535.5 113.67 -373.76 2577.1 92.957
1.675 -319.75 2517.3 104.83 -368.61 2549.3 113.74 -378.77 2590.5 92.783
1.6833 -325.08 2531.6 105.35 -373.83 2563.1 113.79 -383.78 2603.9 92.666
1.6917 -330.34 2545.5 105.9 -378.88 2576.9 113.8 -388.76 2617.2 92.609
1.7 -335.52 2559 106.45 -383.72 2590.6 113.77 -393.7 2630.5 92.613
1.7083 -340.63 2572.3 106.99 -388.33 2604.1 113.69 -398.57 2643.8 92.671
1.7167 -345.67 2585.3 107.5 -392.71 2617.6 113.57 -403.33 2657.2 92.772
1.725 -350.67 2598.1 107.98 -396.86 2630.8 113.41 -407.96 2670.6 92.901
1.7333 -355.65 2610.7 108.42 -400.78 2643.8 113.2 -412.43 2684 93.04
1.7417 -360.61 2623.2 108.81 -404.51 2656.7 112.95 -416.71 2697.5 93.168
1.75 -365.55 2635.7 109.17 -408.08 2669.3 112.68 -420.8 2711.1 93.268
1.7583 -370.45 2648.1 109.48 -411.51 2681.7 112.38 -424.67 2724.7 93.323
1.7667 -375.29 2660.6 109.76 -414.84 2693.9 112.06 -428.31 2738.3 93.321
1.775 -380.03 2673 110 -418.11 2706 111.73 -431.73 2751.9 93.257
1.7833 -384.66 2685.4 110.21 -421.33 2717.9 111.4 -434.92 2765.5 93.129
1.7917 -389.16 2697.8 110.4 -424.55 2729.7 111.07 -437.91 2779 92.942
1.8 -393.5 2710.2 110.56 -427.76 2741.6 110.74 -440.71 2792.5 92.705
1.8083 -397.69 2722.7 110.71 -430.99 2753.4 110.42 -443.34 2805.8 92.43
1.8167 -401.74 2735.1 110.85 -434.23 2765.2 110.1 -445.83 2819 92.129
1.825 -405.66 2747.5 110.98 -437.49 2777.1 109.79 -448.2 2832.2 91.815
1.8333 -409.49 2760 111.13 -440.77 2789 109.47 -450.48 2845.3 91.499
1.8417 -413.24 2772.4 111.28 -444.06 2801.1 109.16 -452.67 2858.2 91.188
1.85 -416.96 2784.7 111.44 -447.37 2813.2 108.85 -454.81 2871.1 90.884
1.8583 -420.66 2797 111.62 -450.68 2825.4 108.53 -456.89 2884 90.587
1.8667 -424.36 2809.3 111.82 -454 2837.7 108.22 -458.93 2896.8 90.292
1.875 -428.06 2821.4 112.04 -457.33 2850.1 107.9 -460.93 2909.5 89.991
1.8833 -431.77 2833.5 112.27 -460.67 2862.6 107.58 -462.89 2922.2 89.676
1.8917 -435.47 2845.5 112.52 -464.01 2875.1 107.27 -464.82 2934.9 89.337
1.9 -439.15 2857.4 112.79 -467.36 2887.8 106.97 -466.71 2947.6 88.969
1.9083 -442.8 2869.3 113.07 -470.72 2900.5 106.68 -468.57 2960.2 88.568
1.9167 -446.39 2881.2 113.36 -474.09 2913.4 106.41 -470.41 2972.7 88.135
1.925 -449.91 2893.2 113.65 -477.45 2926.3 106.16 -472.25 2985.3 87.677
1.9333 -453.34 2905.3 113.95 -480.82 2939.3 105.93 -474.11 2997.8 87.204
1.9417 -456.65 2917.5 114.24 -484.18 2952.5 105.72 -475.99 3010.3 86.727
1.95 -459.86 2929.9 114.52 -487.52 2965.7 105.53 -477.93 3022.7 86.263
1.9583 -462.95 2942.4 114.78 -490.84 2979 105.35 -479.92 3035.2 85.824
1.9667 -465.94 2955.2 115.03 -494.14 2992.4 105.18 -482 3047.7 85.424
1.975 -468.84 2968.2 115.25 -497.41 3005.9 105.02 -484.15 3060.2 85.071
1.9833 -471.68 2981.5 115.45 -500.65 3019.5 104.85 -486.38 3072.7 84.769
1.9917 -474.49 2994.9 115.62 -503.85 3033.1 104.68 -488.67 3085.3 84.516
2 -477.29 3008.4 115.79 -507 3046.8 104.5 -491.02 3098 84.304
2.0083 -480.11 3022.1 115.95 -510.12 3060.6 104.32 -493.39 3110.7 84.122
2.0167 -482.98 3035.9 116.11 -513.19 3074.4 104.14 -495.76 3123.5 83.956
2.025 -485.94 3049.8 116.25 -516.2 3088.3 103.96 -498.1 3136.3 83.79
2.0333 -488.98 3063.6 116.4 -519.16 3102.2 103.79 -500.39 3149.2 83.61
2.0417 -492.11 3077.4 116.53 -522.04 3116.3 103.64 -502.61 3162.1 83.406
2.05 -495.34 3091.2 116.65 -524.83 3130.4 103.5 -504.74 3175.1 83.172
2.0583 -498.66 3104.9 116.76 -527.53 3144.6 103.39 -506.79 3188.1 82.908
2.0667 -502.08 3118.7 116.86 -530.12 3158.9 103.3 -508.75 3201.1 82.622
2.075 -505.61 3132.7 116.96 -532.58 3173.4 103.25 -510.64 3214.2 82.326
2.0833 -509.26 3146.7 117.06 -534.91 3188 103.22 -512.47 3227.4 82.035
2.0917 -513.03 3161.1 117.17 -537.1 3202.7 103.21 -514.27 3240.6 81.769
2.1 -516.92 3175.7 117.27 -539.16 3217.5 103.22 -516.05 3253.9 81.544
2.1083 -520.9 3190.7 117.37 -541.09 3232.5 103.24 -517.83 3267.2 81.377
2.1167 -524.94 3206 117.43 -542.91 3247.5 103.26 -519.63 3280.7 81.276
2.125 -529.01 3221.5 117.44 -544.63 3262.6 103.28 -521.44 3294.2 81.246
2.1333 -533.07 3237.2 117.37 -546.3 3277.7 103.3 -523.26 3307.7 81.282
2.1417 -537.08 3253.1 117.22 -547.94 3292.8 103.3 -525.09 3321.3 81.372
2.15 -541.01 3268.9 116.95 -549.59 3307.8 103.28 -526.9 3335 81.497
2.1583 -544.82 3284.6 116.58 -551.29 3322.7 103.25 -528.68 3348.6 81.634
2.1667 -548.48 3300.2 116.11 -553.07 3337.5 103.21 -530.42 3362.2 81.757
2.175 -551.94 3315.4 115.54 -554.98 3352.1 103.16 -532.08 3375.9 81.841
2.1833 -555.19 3330.4 114.9 -557.02 3366.5 103.11 -533.68 3389.4 81.865
2.1917 -558.23 3345.1 114.22 -559.22 3380.7 103.06 -535.2 3403 81.814
2.2 -561.04 3359.4 113.51 -561.57 3394.5 103.02 -536.66 3416.5 81.679
2.2083 -563.66 3373.5 112.81 -564.08 3408.1 102.98 -538.08 3430 81.464
2.2167 -566.09 3387.4 112.13 -566.73 3421.4 102.95 -539.49 3443.4 81.177
2.225 -568.34 3401.1 111.5 -569.49 3434.4 102.94 -540.94 3456.7 80.837
2.2333 -570.43 3414.7 110.92 -572.33 3447.1 102.93 -542.45 3470.1 80.465
2.2417 -572.37 3428.3 110.39 -575.23 3459.5 102.93 -544.08 3483.3 80.085
2.25 -574.17 3441.9 109.92 -578.16 3471.8 102.94 -545.87 3496.6 79.721
2.2583 -575.87 3455.6 109.5 -581.09 3483.8 102.96 -547.84 3509.7 79.392
2.2667 -577.49 3469.3 109.13 -584 3495.8 102.97 -550.01 3522.8 79.114
2.275 -579.08 3483.1 108.79 -586.89 3507.6 102.97 -552.39 3535.9 78.896
2.2833 -580.67 3496.8 108.47 -589.73 3519.4 102.98 -554.98 3548.8 78.74
2.2917 -582.3 3510.6 108.16 -592.55 3531.1 102.97 -557.77 3561.7 78.642
2.3 -584.02 3524.2 107.86 -595.34 3542.9 102.96 -560.72 3574.5 78.592
2.3083 -585.84 3537.8 107.55 -598.12 3554.8 102.95 -563.82 3587.2 78.579
2.3167 -587.79 3551.1 107.23 -600.88 3566.7 102.93 -567.02 3599.9 78.585
2.325 -589.88 3564.4 106.9 -603.67 3578.7 102.91 -570.29 3612.4 78.597
2.3333 -592.11 3577.4 106.55 -606.47 3590.7 102.9 -573.6 3624.9 78.599
2.3417 -594.44 3590.3 106.2 -609.31 3602.9 102.89 -576.92 3637.3 78.581
2.35 -596.87 3603 105.83 -612.19 3615.2 102.89 -580.24 3649.7 78.537
2.3583 -599.35 3615.6 105.47 -615.11 3627.6 102.89 -583.54 3661.9 78.466
2.3667 -601.86 3628.2 105.09 -618.07 3640 102.89 -586.81 3674.1 78.37
2.375 -604.37 3640.7 104.72 -621.08 3652.5 102.9 -590.07 3686.2 78.256
2.3833 -606.84 3653.2 104.33 -624.11 3665.1 102.9 -593.32 3698.2 78.132
2.3917 -609.28 3665.7 103.94 -627.17 3677.8 102.9 -596.56 3710.2 78.008
2.4 -611.68 3678.2 103.53 -630.24 3690.5 102.89 -599.82 3722 77.893
2.4083 -614.06 3690.7 103.1 -633.32 3703.3 102.87 -603.08 3733.8 77.793
2.4167 -616.42 3703.3 102.64 -636.4 3716.1 102.83 -606.37 3745.6 77.712
2.425 -618.8 3715.9 102.16 -639.48 3728.9 102.78 -609.67 3757.3 77.652
2.4333 -621.22 3728.5 101.64 -642.55 3741.9 102.72 -612.99 3768.9 77.609
2.4417 -623.7 3741.1 101.1 -645.62 3754.9 102.64 -616.31 3780.6 77.577
2.45 -626.25 3753.8 100.54 -648.69 3767.9 102.55 -619.62 3792.3 77.548
2.4583 -628.88 3766.4 99.98 -651.76 3781 102.45 -622.92 3804 77.511
2.4667 -631.6 3779 99.42 -654.83 3794.2 102.35 -626.18 3815.9 77.457
2.475 -634.39 3791.6 98.875 -657.91 3807.5 102.25 -629.41 3827.8 77.378
2.4833 -637.24 3804.2 98.353 -661 3820.8 102.15 -632.6 3839.8 77.27
2.4917 -640.16 3816.9 97.858 -664.1 3834.2 102.06 -635.76 3851.9 77.129
2.5 -643.13 3829.7 97.395 -667.22 3847.7 101.95 -638.9 3864.1 76.958
2.5083 -646.15 3842.7 96.963 -670.35 3861.1 101.83 -642.02 3876.4 76.764
2.5167 -649.22 3855.7 96.576 -673.44 3874.6 101.67 -645.14 3888.8 76.554
2.525 -652.35 3868.9 96.227 -676.58 3888.2 101.57 -648.28 3901.3 76.339
2.5333 -655.53 3882.2 95.935 -679.73 3902.1 101.51 -651.45 3913.9 76.129
2.5417 -658.79 3895.6 95.699 -682.83 3916.2 101.53 -654.66 3926.5 75.938
2.55 -662.13 3909.2 95.508 -686.13 3930.1 101.5 -657.92 3939.2 75.767
2.5583 -665.55 3922.8 95.375 -689.41 3944.3 101.51 -661.23 3951.9 75.62
2.5667 -669.03 3936.5 95.282 -692.81 3958.3 101.51 -664.58 3964.7 75.495
2.575 -672.61 3950.6 95.207 -696.27 3972.4 101.5 -667.95 3977.5 75.382
2.5833 -676.26 3964.7 95.156 -699.73 3986.5 101.51 -671.33 3990.5 75.279
2.5917 -680 3979 95.122 -703.27 4000.5 101.5 -674.7 4003.5 75.166
2.6 -683.75 3993.7 95.078 -706.88 4014.5 101.49 -678.04 4016.6 75.032
2.6083 -687.57 4008.6 95.045 -710.53 4028.5 101.49 -681.34 4029.8 74.862
2.6167 -691.41 4023.7 95.019 -714.22 4042.5 101.49 -684.59 4043.1 74.646
2.625 -695.25 4039.1 95.01 -717.95 4056.5 101.51 -687.77 4056.5 74.377
2.6333 -699.09 4054.5 95.028 -721.7 4070.6 101.54 -690.91 4070 74.055
2.6417 -702.9 4070.1 95.087 -725.46 4084.8 101.58 -694.01 4083.5 73.684
2.65 -706.67 4085.6 95.199 -729.22 4099 101.62 -697.08 4097 73.276
2.6583 -710.45 4100.9 95.376 -732.88 4113.3 101.67 -700.15 4110.6 72.85
2.6667 -714.06 4116.4 95.613 -736.58 4127.7 101.74 -703.24 4124.1 72.427
2.675 -717.65 4131.5 95.913 -740.15 4142.2 101.78 -706.36 4137.6 72.025
2.6833 -721.17 4146.2 96.263 -743.54 4156.8 101.82 -709.52 4151.2 71.668
2.6917 -724.62 4160.7 96.646 -746.8 4171.5 101.87 -712.73 4164.6 71.381
2.7 -727.98 4174.8 97.035 -749.91 4186.2 101.9 -715.99 4178.1 71.18
2.7083 -731.26 4188.5 97.403 -752.77 4200.7 101.85 -719.28 4191.6 71.073
2.7167 -734.47 4201.9 97.728 -755.43 4215.1 101.75 -722.56 4205.2 71.065
2.725 -737.62 4215 97.997 -757.88 4229.3 101.57 -725.8 4218.8 71.151
2.7333 -740.72 4227.9 98.205 -760.13 4243.4 101.34 -728.96 4232.6 71.319
2.7417 -743.78 4240.7 98.352 -762.22 4257.2 101.06 -731.99 4246.4 71.549
2.75 -746.8 4253.3 98.444 -764.15 4270.8 100.74 -734.85 4260.4 71.82
2.7583 -749.76 4265.9 98.48 -765.95 4284.2 100.38 -737.5 4274.5 72.105
2.7667 -752.64 4278.4 98.469 -767.65 4297.4 99.981 -739.91 4288.7 72.379
2.775 -755.39 4290.9 98.429 -769.26 4310.4 99.561 -742.06 4303.1 72.619
2.7833 -758 4303.4 98.371 -770.81 4323.4 99.123 -743.94 4317.5 72.809
2.7917 -760.43 4315.8 98.305 -772.31 4336.3 98.672 -745.56 4332.1 72.939
2.8 -762.67 4328.2 98.246 -773.78 4349.2 98.213 -746.94 4346.6 73.004
2.8083 -764.71 4340.5 98.203 -775.23 4362 97.748 -748.1 4361.2 73.009
2.8167 -766.56 4352.8 98.187 -776.64 4374.9 97.28 -749.07 4375.7 72.958
2.825 -768.24 4365 98.201 -778.03 4387.8 96.808 -749.89 4390.2 72.863
2.8333 -769.79 4377.1 98.25 -779.39 4400.8 96.332 -750.6 4404.6 72.734
2.8417 -771.22 4389.2 98.333 -780.71 4413.8 95.857 -751.23 4419 72.582
2.85 -772.61 4401.2 98.453 -782 4426.9 95.371 -751.79 4433.3 72.413
2.8583 -773.96 4413.3 98.602 -783.25 4440 94.888 -752.3 4447.5 72.232
2.8667 -775.32 4425.3 98.775 -784.45 4453.2 94.406 -752.78 4461.7 72.041
2.875 -776.69 4437.3 98.968 -785.61 4466.4 93.93 -753.23 4475.8 71.839
2.8833 -778.08 4449.4 99.174 -786.73 4479.6 93.463 -753.64 4489.8 71.621
2.8917 -779.5 4461.4 99.389 -787.82 4492.8 93.011 -754.01 4503.9 71.384
2.9 -780.91 4473.5 99.608 -788.87 4506.1 92.579 -754.33 4517.9 71.123
2.9083 -782.3 4485.6 99.831 -789.9 4519.4 92.171 -754.61 4531.9 70.836
2.9167 -783.64 4497.7 100.06 -790.9 4532.8 91.792 -754.85 4545.8 70.524
2.925 -784.9 4509.9 100.28 -791.88 4546.2 91.442 -755.04 4559.7 70.19
2.9333 -786.05 4522.1 100.51 -792.83 4559.7 91.124 -755.22 4573.6 69.841
2.9417 -787.08 4534.5 100.74 -793.76 4573.4 90.835 -755.38 4587.4 69.484
2.95 -787.98 4546.9 100.98 -794.65 4587.1 90.573 -755.56 4601.2 69.131
2.9583 -788.76 4559.4 101.21 -795.51 4600.8 90.335 -755.76 4615 68.79
2.9667 -789.43 4572 101.44 -796.33 4614.7 90.117 -756.01 4628.7 68.469
2.975 -790 4584.8 101.66 -797.09 4628.7 89.914 -756.29 4642.4 68.173
2.9833 -790.5 4597.7 101.88 -797.79 4642.7 89.725 -756.61 4656.1 67.903
2.9917 -790.95 4610.8 102.08 -798.43 4656.7 89.546 -756.97 4669.8 67.657
3 -791.36 4624 102.28 -799 4670.8 89.377 -757.33 4683.4 67.429
3.0083 -791.76 4637.4 102.47 -799.5 4684.9 89.219 -757.66 4697.1 67.209
3.0167 -792.14 4651 102.65 -799.91 4699 89.072 -757.95 4710.9 66.987
3.025 -792.53 4664.8 102.82 -800.24 4713.2 88.94 -758.16 4724.6 66.753
3.0333 -792.92 4678.6 102.97 -800.48 4727.4 88.823 -758.25 4738.4 66.5
3.0417 -793.32 4692.6 103.1 -800.62 4741.6 88.725 -758.21 4752.2 66.221
3.05 -793.71 4706.7 103.21 -800.66 4755.8 88.646 -758.01 4766.1 65.917
3.0583 -794.09 4720.8 103.3 -800.59 4770.1 88.585 -757.67 4779.9 65.591
3.0667 -794.46 4735 103.36 -800.4 4784.5 88.54 -757.18 4793.8 65.251
3.075 -794.83 4749.3 103.41 -800.09 4799 88.508 -756.55 4807.7 64.908
3.0833 -795.19 4763.8 103.43 -799.64 4813.5 88.482 -755.83 4821.5 64.574
3.0917 -795.55 4778.5 103.45 -799.06 4828.1 88.461 -755.02 4835.4 64.262
3.1 -795.93 4793.3 103.45 -798.33 4842.8 88.433 -754.17 4849.2 63.981
3.1083 -796.34 4808.5 103.42 -797.46 4857.6 88.396 -753.28 4863 63.737
3.1167 -796.76 4823.8 103.36 -796.46 4872.4 88.346 -752.39 4876.8 63.534
3.125 -797.19 4839.3 103.26 -795.34 4887.2 88.28 -751.5 4890.6 63.369
3.1333 -797.62 4855 103.1 -794.11 4902.1 88.197 -750.61 4904.3 63.235
3.1417 -798.03 4870.8 102.87 -792.8 4917 88.101 -749.72 4918 63.123
3.15 -798.4 4886.6 102.55 -791.45 4931.8 87.993 -748.81 4931.7 63.021
3.1583 -798.71 4902.3 102.15 -790.09 4946.6 87.881 -747.88 4945.4 62.917
3.1667 -798.92 4917.8 101.68 -788.76 4961.3 87.772 -746.89 4959 62.801
3.175 -798.99 4933.2 101.14 -787.48 4975.8 87.674 -745.84 4972.7 62.665
3.1833 -798.88 4948.2 100.54 -786.3 4990.2 87.593 -744.73 4986.3 62.506
3.1917 -798.56 4963 99.92 -785.24 5004.5 87.537 -743.55 5000 62.324
3.2 -798.03 4977.5 99.285 -784.33 5018.6 87.509 -742.33 5013.6 62.124
3.2083 -797.28 4991.7 98.659 -783.56 5032.4 87.512 -741.07 5027.2 61.913
3.2167 -796.33 5005.6 98.059 -782.94 5046 87.546 -739.82 5040.8 61.703
3.225 -795.2 5019.4 97.495 -782.47 5059.4 87.608 -738.61 5054.5 61.503
3.2333 -793.89 5033 96.971 -782.12 5072.5 87.693 -737.47 5068.1 61.32
3.2417 -792.44 5046.5 96.49 -781.88 5085.4 87.793 -736.45 5081.6 61.162
3.25 -790.85 5060 96.046 -781.71 5098 87.9 -735.58 5095.2 61.031
3.2583 -789.16 5073.5 95.635 -781.58 5110.5 88.006 -734.88 5108.7 60.926
3.2667 -787.41 5087 95.252 -781.46 5122.7 88.101 -734.37 5122.2 60.848
3.275 -785.63 5100.5 94.886 -781.34 5134.8 88.179 -734.05 5135.6 60.791
3.2833 -783.86 5114 94.535 -781.17 5146.7 88.236 -733.92 5148.9 60.755
3.2917 -782.13 5127.5 94.188 -780.95 5158.6 88.269 -733.97 5162.1 60.737
3.3 -780.47 5140.9 93.839 -780.67 5170.4 88.278 -734.18 5175.3 60.738
3.3083 -778.91 5154.2 93.485 -780.34 5182.2 88.265 -734.52 5188.3 60.76
3.3167 -777.46 5167.4 93.121 -779.95 5194.1 88.236 -734.96 5201.3 60.807
3.325 -776.13 5180.4 92.745 -779.5 5206.1 88.192 -735.48 5214.2 60.885
3.3333 -774.92 5193.3 92.355 -779.03 5218.1 88.142 -736.05 5227.1 60.999
3.3417 -773.82 5206 91.949 -778.53 5230.2 88.09 -736.67 5239.9 61.152
3.35 -772.82 5218.7 91.527 -778.02 5242.4 88.037 -737.29 5252.6 61.344
3.3583 -771.9 5231.2 91.09 -777.52 5254.7 87.988 -737.92 5265.4 61.572
3.3667 -771.03 5243.7 90.63 -777.02 5267.1 87.94 -738.55 5278.1 61.828
3.375 -770.19 5256.1 90.152 -776.52 5279.5 87.893 -739.16 5290.8 62.099
3.3833 -769.37 5268.5 89.653 -776.04 5292 87.843 -739.75 5303.6 62.371
3.3917 -768.55 5280.9 89.132 -775.55 5304.6 87.784 -740.31 5316.3 62.624
3.4 -767.73 5293.2 88.588 -775.06 5317.1 87.712 -740.83 5329 62.844
3.4083 -766.9 5305.6 88.015 -774.56 5329.7 87.622 -741.32 5341.7 63.014
3.4167 -766.07 5318 87.416 -774.04 5342.3 87.51 -741.75 5354.4 63.124
3.425 -765.23 5330.4 86.793 -773.49 5355 87.373 -742.13 5367.1 63.168
3.4333 -764.41 5342.8 86.147 -772.91 5367.7 87.21 -742.46 5379.8 63.149
3.4417 -763.62 5355.3 85.485 -772.31 5380.4 87.022 -742.71 5392.5 63.073
3.45 -762.86 5367.8 84.817 -771.68 5393.1 86.814 -742.9 5405.2 62.954
3.4583 -762.16 5380.4 84.154 -771.03 5405.9 86.589 -743.02 5417.9 62.809
3.4667 -761.5 5393 83.511 -770.38 5418.7 86.351 -743.07 5430.6 62.656
3.475 -760.9 5405.6 82.901 -769.72 5431.6 86.096 -743.06 5443.3 62.514
3.4833 -760.35 5418.3 82.334 -769.07 5444.4 85.805 -742.98 5456.1 62.398
3.4917 -759.84 5431 81.819 -768.43 5457.2 85.51 -742.84 5468.9 62.321
3.5 -759.35 5443.8 81.356 -767.77 5470.2 85.236 -742.64 5481.8 62.282
3.5083 -758.9 5456.7 80.942 -767.08 5483.3 85.015 -742.39 5494.7 62.283
3.5167 -758.46 5469.7 80.568 -766.33 5496.6 84.849 -742.09 5507.7 62.316
3.525 -758.03 5482.9 80.232 -765.62 5510.1 84.711 -741.75 5520.8 62.365
3.5333 -757.61 5496.2 79.917 -764.87 5523.8 84.647 -741.37 5533.9 62.416
3.5417 -757.18 5509.6 79.626 -764.2 5537.5 84.563 -740.95 5547 62.45
3.55 -756.75 5523.2 79.353 -763.57 5551.3 84.482 -740.49 5560.2 62.45
3.5583 -756.31 5537 79.102 -762.88 5565.2 84.418 -740 5573.4 62.413
3.5667 -755.88 5550.8 78.863 -762.27 5579.1 84.313 -739.48 5586.7 62.325
3.575 -755.43 5564.7 78.646 -761.63 5593.1 84.224 -738.93 5599.9 62.188
3.5833 -754.96 5578.8 78.429 -760.93 5607.1 84.143 -738.35 5613.2 62.011
3.5917 -754.49 5593 78.212 -760.28 5621.2 84.04 -737.75 5626.6 61.799
3.6 -753.98 5607.4 77.984 -759.61 5635.2 83.944 -737.12 5639.9 61.566
3.6083 -753.48 5622.1 77.748 -758.98 5649.3 83.834 -736.46 5653.4 61.324
3.6167 -752.95 5637 77.497 -758.37 5663.3 83.733 -735.77 5666.9 61.084
3.625 -752.37 5652.3 77.236 -757.77 5677.4 83.642 -735.05 5680.6 60.853
3.6333 -751.77 5667.8 76.973 -757.18 5691.4 83.569 -734.29 5694.3 60.642
3.6417 -751.16 5683.6 76.723 -756.65 5705.5 83.474 -733.47 5708.1 60.441
3.65 -750.53 5699.4 76.495 -756.12 5719.5 83.394 -732.61 5722 60.251
3.6583 -749.84 5715.5 76.31 -755.63 5733.5 83.274 -731.68 5735.9 60.06
3.6667 -749.14 5731.4 76.171 -755.14 5747.6 83.123 -730.69 5749.9 59.857
3.675 -748.4 5747.2 76.096 -754.55 5761.7 82.979 -729.63 5763.8 59.634
3.6833 -747.62 5762.7 76.077 -753.95 5775.8 82.769 -728.49 5777.8 59.375
3.6917 -746.82 5777.9 76.108 -753.25 5789.9 82.505 -727.28 5791.7 59.079
3.7 -746 5792.6 76.174 -752.4 5804.1 82.201 -726 5805.5 58.744
3.7083 -745.17 5806.9 76.259 -751.42 5818.3 81.823 -724.66 5819.3 58.371
3.7167 -744.27 5820.6 76.326 -750.25 5832.5 81.406 -723.23 5833 57.968
3.725 -743.36 5833.9 76.361 -748.87 5846.8 80.945 -721.74 5846.6 57.55
3.7333 -742.42 5846.8 76.354 -747.33 5860.9 80.422 -720.16 5860.2 57.129
3.7417 -741.43 5859.3 76.297 -745.49 5875.2 79.897 -718.49 5873.7 56.722
3.75 -740.37 5871.5 76.186 -743.44 5889.3 79.35 -716.72 5887.2 56.344
3.7583 -739.22 5883.6 76.027 -741.19 5903.2 78.716 -714.82 5900.8 56.006
3.7667 -737.94 5895.5 75.83 -738.78 5916.9 78.045 -712.78 5914.4 55.716
3.775 -736.52 5907.3 75.599 -736.24 5930.3 77.334 -710.57 5928 55.478
3.7833 -734.91 5919.1 75.356 -733.61 5943.6 76.613 -708.18 5941.7 55.29
3.7917 -733.09 5930.8 75.113 -730.89 5956.7 75.879 -705.6 5955.5 55.144
3.8 -731.04 5942.4 74.885 -728.11 5969.6 75.136 -702.81 5969.3 55.031
3.8083 -728.75 5954 74.681 -725.28 5982.4 74.385 -699.81 5983.1 54.938
3.8167 -726.24 5965.5 74.508 -722.39 5995 73.626 -696.61 5997 54.851
3.825 -723.5 5976.8 74.367 -719.44 6007.4 72.86 -693.21 6010.8 54.758
3.8333 -720.59 5988.1 74.258 -716.41 6019.8 72.083 -689.64 6024.5 54.648
3.8417 -717.53 5999.2 74.173 -713.29 6032 71.296 -685.93 6038.2 54.515
3.85 -714.34 6010.3 74.11 -710.06 6044.3 70.5 -682.09 6051.7 54.355
3.8583 -711.08 6021.2 74.055 -706.72 6056.4 69.7 -678.16 6065.1 54.166
3.8667 -707.79 6032.1 74.009 -703.24 6068.6 68.878 -674.17 6078.3 53.954
3.875 -704.51 6042.9 73.957 -699.63 6080.7 68.058 -670.15 6091.3 53.72
3.8833 -701.26 6053.8 73.9 -695.88 6092.9 67.241 -666.1 6104.1 53.471
3.8917 -698.06 6064.6 73.832 -692 6105.1 66.428 -662.03 6116.7 53.211
3.9 -694.95 6075.5 73.757 -688.02 6117.2 65.631 -657.96 6129.2 52.947
3.9083 -691.9 6086.4 73.675 -683.94 6129.4 64.864 -653.88 6141.4 52.679
3.9167 -688.92 6097.3 73.591 -679.79 6141.6 64.109 -649.78 6153.6 52.411
3.925 -685.97 6108.3 73.507 -675.58 6153.9 63.404 -645.64 6165.5 52.142
3.9333 -683.03 6119.3 73.427 -671.33 6166.1 62.743 -641.45 6177.4 51.871
3.9417 -680.07 6130.3 73.353 -667.05 6178.4 62.141 -637.2 6189.2 51.596
3.95 -677.05 6141.3 73.288 -662.75 6190.7 61.585 -632.87 6200.8 51.314
3.9583 -673.93 6152.3 73.229 -658.42 6203 61.096 -628.46 6212.4 51.024
3.9667 -670.7 6163.3 73.174 -654.05 6215.3 60.669 -623.96 6224 50.724
3.975 -667.32 6174.3 73.119 -649.65 6227.6 60.303 -619.38 6235.5 50.415
3.9833 -663.77 6185.3 73.061 -645.18 6239.9 59.995 -614.71 6246.9 50.099
3.9917 -660.06 6196.3 72.997 -640.63 6252.3 59.74 -609.97 6258.4 49.777
4 -656.16 6207.4 72.931 -635.98 6264.7 59.528 -605.15 6269.8 49.454
4.0083 -652.09 6218.5 72.862 -631.22 6277 59.355 -600.28 6281.2 49.135
4.0167 -647.83 6229.7 72.799 -626.33 6289.4 59.213 -595.35 6292.6 48.824
4.025 -643.39 6241.1 72.751 -621.31 6301.7 59.095 -590.36 6304 48.525
4.0333 -638.79 6252.6 72.728 -616.14 6314.1 58.995 -585.31 6315.3 48.244
4.0417 -634.01 6264.3 72.738 -610.83 6326.4 58.907 -580.19 6326.7 47.984
4.05 -629.08 6276.2 72.788 -605.38 6338.6 58.829 -574.99 6338.1 47.746
4.0583 -624.01 6288.2 72.882 -599.79 6350.9 58.762 -569.69 6349.5 47.535
4.0667 -618.79 6300.4 73.014 -594.07 6363 58.697 -564.27 6360.8 47.348
4.075 -613.44 6312.7 73.185 -588.21 6375.2 58.641 -558.72 6372.2 47.185
4.0833 -607.93 6325.2 73.382 -582.23 6387.3 58.589 -553.03 6383.6 47.046
4.0917 -602.26 6337.7 73.597 -576.11 6399.4 58.539 -547.17 6394.9 46.926
4.1 -596.43 6350.3 73.816 -569.85 6411.4 58.494 -541.14 6406.2 46.821
4.1083 -590.44 6363.1 74.021 -563.43 6423.5 58.446 -534.94 6417.5 46.727
4.1167 -584.31 6375.9 74.195 -556.85 6435.6 58.396 -528.57 6428.8 46.638
4.125 -578.06 6388.8 74.318 -550.07 6447.8 58.337 -522.05 6440 46.548
4.1333 -571.7 6401.8 74.371 -543.1 6460 58.265 -515.37 6451.1 46.453
4.1417 -565.27 6414.8 74.336 -535.92 6472.3 58.175 -508.55 6462.2 46.344
4.15 -558.78 6428 74.201 -528.54 6484.7 58.064 -501.6 6473.2 46.217
4.1583 -552.23 6441.1 73.952 -520.98 6497.2 57.928 -494.55 6484.2 46.068
4.1667 -545.64 6454.3 73.591 -513.25 6509.7 57.763 -487.4 6495 45.892
4.175 -538.97 6467.5 73.12 -505.4 6522.2 57.577 -480.16 6505.8 45.686
4.1833 -532.24 6480.6 72.552 -497.46 6534.8 57.362 -472.84 6516.6 45.45
4.1917 -525.42 6493.5 71.906 -489.51 6547.4 57.132 -465.45 6527.3 45.185
4.2 -518.51 6506.3 71.203 -481.61 6559.8 56.892 -458.02 6538 44.896
4.2083 -511.49 6518.9 70.47 -473.81 6572.2 56.65 -450.54 6548.7 44.588
4.2167 -504.36 6531.3 69.73 -466.18 6584.4 56.418 -443.03 6559.5 44.268
4.225 -497.13 6543.4 69.005 -458.78 6596.4 56.205 -435.53 6570.3 43.946
4.2333 -489.82 6555.3 68.311 -451.64 6608.2 56.021 -428.05 6581.2 43.631
4.2417 -482.46 6566.9 67.656 -444.79 6619.7 55.872 -420.62 6592.3 43.332
4.25 -475.08 6578.3 67.043 -438.26 6630.9 55.764 -413.27 6603.4 43.057
4.2583 -467.69 6589.5 66.464 -432.03 6641.9 55.696 -406.04 6614.7 42.814
4.2667 -460.34 6600.6 65.91 -426.08 6652.6 55.665 -398.96 6626.1 42.607
4.275 -453.02 6611.6 65.368 -420.39 6663.1 55.667 -392.07 6637.6 42.438
4.2833 -445.77 6622.4 64.832 -414.9 6673.3 55.688 -385.37 6649.1 42.308
4.2917 -438.61 6633.2 64.293 -409.56 6683.4 55.721 -378.89 6660.7 42.217
4.3 -431.54 6643.9 63.746 -404.32 6693.3 55.755 -372.64 6672.2 42.164
4.3083 -424.57 6654.5 63.196 -399.13 6703 55.777 -366.6 6683.7 42.147
4.3167 -417.69 6665 62.644 -393.94 6712.7 55.786 -360.77 6695.1 42.165
4.325 -410.89 6675.5 62.101 -388.73 6722.4 55.772 -355.12 6706.5 42.215
4.3333 -404.15 6685.8 61.574 -383.45 6732 55.739 -349.63 6717.8 42.296
4.3417 -397.46 6696 61.075 -378.1 6741.6 55.689 -344.25 6729 42.406
4.35 -390.78 6706.1 60.61 -372.67 6751.2 55.628 -338.96 6740.1 42.541
4.3583 -384.1 6716.1 60.184 -367.16 6760.9 55.562 -333.72 6751.3 42.7
4.3667 -377.42 6726 59.795 -361.59 6770.6 55.502 -328.5 6762.3 42.876
4.375 -370.72 6735.9 59.438 -355.97 6780.4 55.454 -323.29 6773.4 43.066
4.3833 -364.02 6745.8 59.101 -350.32 6790.2 55.427 -318.06 6784.5 43.263
4.3917 -357.32 6755.6 58.771 -344.64 6800.2 55.423 -312.82 6795.5 43.458
4.4 -350.64 6765.5 58.43 -338.96 6810.1 55.445 -307.55 6806.6 43.646
4.4083 -343.99 6775.4 58.065 -333.28 6820.2 55.489 -302.27 6817.7 43.819
4.4167 -337.39 6785.3 57.663 -327.61 6830.3 55.552 -296.99 6828.8 43.971
4.425 -330.84 6795.3 57.215 -321.95 6840.4 55.626 -291.7 6839.8 44.097
4.4333 -324.36 6805.3 56.719 -316.29 6850.5 55.703 -286.42 6850.8 44.195
4.4417 -317.92 6815.4 56.175 -310.63 6860.7 55.775 -281.15 6861.7 44.262
4.45 -311.53 6825.5 55.592 -304.95 6870.8 55.835 -275.9 6872.5 44.303
4.4583 -305.17 6835.6 54.98 -299.25 6881 55.879 -270.64 6883.3 44.32
4.4667 -298.82 6845.7 54.353 -293.51 6891.3 55.904 -265.39 6894.1 44.32
4.475 -292.46 6855.8 53.723 -287.72 6901.5 55.912 -260.13 6904.8 44.31
4.4833 -286.09 6865.9 53.103 -281.87 6911.8 55.905 -254.84 6915.4 44.299
4.4917 -279.68 6876.1 52.508 -275.95 6922.1 55.889 -249.53 6926.1 44.297
4.5 -273.25 6886.3 51.944 -269.96 6932.5 55.869 -244.16 6936.8 44.312
4.5083 -266.79 6896.7 51.418 -263.9 6943 55.85 -238.75 6947.6 44.35
4.5167 -260.33 6907.1 50.934 -257.78 6953.5 55.839 -233.28 6958.4 44.418
4.525 -253.86 6917.6 50.491 -251.6 6964 55.836 -227.75 6969.2 44.516
4.5333 -247.43 6928.2 50.089 -245.36 6974.7 55.844 -222.17 6980.1 44.643
4.5417 -241.03 6938.9 49.727 -239.09 6985.3 55.861 -216.54 6991 44.796
4.55 -234.69 6949.8 49.4 -232.77 6996 55.885 -210.86 7001.9 44.967
