0.0083333 22.954 3.9714 98.3 6.9451 84.524 87.845 36.679 104.61 80.401
0.016667 23.666 13.265 98.333 8.4494 93.664 87.778 38.381 113.21 80.449
0.025 24.368 22.762 98.359 10.008 102.88 87.696 40.121 121.86 80.506
0.033333 25.077 32.432 98.379 11.603 112.16 87.598 41.9 130.54 80.563
0.041667 25.811 42.253 98.393 13.219 121.47 87.49 43.714 139.27 80.607
0.05 26.587 52.181 98.401 14.828 130.8 87.369 45.557 148.04 80.633
0.058333 27.423 62.194 98.406 16.41 140.13 87.247 47.416 156.84 80.632
0.066667 28.336 72.259 98.406 17.944 149.42 87.129 49.276 165.69 80.603
0.075 29.335 82.35 98.403 19.409 158.67 87.024 51.119 174.56 80.546
0.083333 30.424 92.446 98.398 20.791 167.85 86.942 52.92 183.46 80.465
0.091667 31.6 102.53 98.389 22.078 176.93 86.891 54.654 192.37 80.367
0.1 32.852 112.59 98.376 23.266 185.92 86.88 56.298 201.29 80.26
0.10833 34.163 122.61 98.358 24.354 194.8 86.916 57.827 210.19 80.155
0.11667 35.51 132.59 98.332 25.345 203.57 87.003 59.221 219.07 80.058
0.125 36.867 142.51 98.294 26.248 212.23 87.143 60.462 227.91 79.978
0.13333 38.211 152.36 98.244 27.072 220.8 87.335 61.54 236.71 79.92
0.14167 39.52 162.16 98.176 27.829 229.28 87.578 62.449 245.46 79.887
0.15 40.781 171.89 98.088 28.53 237.69 87.866 63.189 254.16 79.878
0.15833 41.991 181.57 97.977 29.186 246.05 88.194 63.763 262.82 79.894
0.16667 43.149 191.2 97.843 29.805 254.38 88.555 64.181 271.45 79.931
0.175 44.261 200.81 97.685 30.395 262.68 88.943 64.453 280.08 79.987
0.18333 45.331 210.4 97.506 30.957 270.97 89.353 64.592 288.72 80.061
0.19167 46.361 219.98 97.31 31.494 279.26 89.779 64.608 297.4 80.152
0.2 47.351 229.56 97.101 32.006 287.56 90.22 64.514 306.14 80.259
0.20833 48.3 239.14 96.886 32.487 295.87 90.671 64.318 314.96 80.383
0.21667 49.201 248.71 96.671 32.935 304.19 91.131 64.028 323.89 80.528
0.225 50.044 258.27 96.462 33.345 312.53 91.597 63.648 332.93 80.696
0.23333 50.815 267.8 96.265 33.712 320.87 92.068 63.184 342.08 80.889
0.24167 51.498 277.29 96.084 34.032 329.23 92.541 62.637 351.35 81.109
0.25 52.078 286.72 95.924 34.304 337.59 93.013 62.011 360.73 81.356
0.25833 52.544 296.06 95.784 34.525 345.96 93.481 61.31 370.2 81.627
0.26667 52.882 305.31 95.663 34.695 354.35 93.94 60.538 379.76 81.918
0.275 53.099 314.46 95.56 34.816 362.75 94.388 59.701 389.38 82.223
0.28333 53.202 323.52 95.471 34.892 371.18 94.819 58.808 399.05 82.536
0.29167 53.208 332.5 95.392 34.927 379.65 95.23 57.866 408.75 82.849
0.3 53.14 341.4 95.318 34.925 388.17 95.62 56.885 418.46 83.156
0.30833 53.025 350.26 95.246 34.891 396.76 95.986 55.872 428.18 83.449
0.31667 52.89 359.09 95.174 34.828 405.43 96.328 54.837 437.9 83.725
0.325 52.762 367.89 95.097 34.741 414.2 96.648 53.787 447.61 83.982
0.33333 52.66 376.7 95.014 34.629 423.09 96.947 52.728 457.31 84.22
0.34167 52.599 385.51 94.924 34.494 432.1 97.226 51.663 467.01 84.44
0.35 52.583 394.33 94.825 34.333 441.24 97.489 50.597 476.72 84.645
0.35833 52.606 403.15 94.717 34.144 450.52 97.738 49.532 486.43 84.84
0.36667 52.655 411.98 94.6 33.925 459.94 97.972 48.471 496.15 85.027
0.375 52.715 420.81 94.476 33.673 469.48 98.193 47.415 505.9 85.211
0.38333 52.761 429.65 94.347 33.388 479.15 98.4 46.369 515.68 85.394
0.39167 52.774 438.48 94.214 33.068 488.93 98.591 45.336 525.49 85.576
0.4 52.74 447.32 94.082 32.712 498.81 98.764 44.321 535.34 85.757
0.40833 52.641 456.18 93.95 32.32 508.79 98.918 43.329 545.24 85.933
0.41667 52.471 465.09 93.823 31.893 518.86 99.047 42.365 555.17 86.1
0.425 52.228 474.06 93.701 31.432 529.02 99.151 41.434 565.15 86.255
0.43333 51.913 483.12 93.583 30.938 539.27 99.227 40.54 575.16 86.392
0.44167 51.533 492.3 93.468 30.412 549.61 99.276 39.683 585.22 86.51
0.45 51.091 501.63 93.354 29.856 560.04 99.297 38.863 595.3 86.604
0.45833 50.603 511.13 93.242 29.27 570.57 99.294 38.078 605.41 86.675
0.46667 50.08 520.81 93.131 28.654 581.22 99.269 37.321 615.55 86.724
0.475 49.517 530.67 93.021 28.006 591.97 99.226 36.587 625.73 86.752
0.48333 48.926 540.72 92.913 27.327 602.84 99.171 35.866 635.93 86.762
0.49167 48.297 550.94 92.804 26.613 613.83 99.109 35.15 646.17 86.759
0.5 47.627 561.35 92.69 25.863 624.93 99.044 34.429 656.45 86.743
0.50833 46.911 571.94 92.567 25.073 636.13 98.98 33.696 666.8 86.717
0.51667 46.141 582.73 92.431 24.241 647.41 98.92 32.945 677.22 86.681
0.525 45.312 593.71 92.276 23.364 658.78 98.867 32.17 687.74 86.633
0.53333 44.417 604.92 92.098 22.442 670.21 98.82 31.37 698.36 86.571
0.54167 43.454 616.37 91.898 21.473 681.7 98.78 30.542 709.11 86.491
0.55 42.424 628.05 91.676 20.46 693.24 98.745 29.688 720 86.39
0.55833 41.333 639.98 91.438 19.405 704.82 98.712 28.808 731.05 86.263
0.56667 40.195 652.15 91.192 18.315 716.45 98.679 27.904 742.25 86.11
0.575 39.027 664.54 90.948 17.198 728.13 98.642 26.977 753.6 85.931
0.58333 37.848 677.12 90.719 16.066 739.87 98.598 26.031 765.09 85.729
0.59167 36.673 689.84 90.516 14.932 751.68 98.542 25.068 776.72 85.509
0.6 35.517 702.66 90.353 13.81 763.57 98.472 24.09 788.46 85.28
0.60833 34.381 715.53 90.238 12.718 775.54 98.383 23.103 800.29 85.048
0.61667 33.264 728.38 90.174 11.675 787.6 98.272 22.111 812.17 84.824
0.625 32.162 741.15 90.159 10.699 799.74 98.133 21.125 824.09 84.616
0.63333 31.065 753.79 90.185 9.8088 811.95 97.963 20.155 836.02 84.43
0.64167 29.971 766.27 90.242 9.0209 824.2 97.756 19.219 847.94 84.268
0.65 28.874 778.52 90.312 8.3508 836.48 97.507 18.335 859.84 84.132
0.65833 27.772 790.54 90.378 7.8112 848.74 97.212 17.526 871.7 84.017
0.66667 26.665 802.31 90.421 7.4122 860.96 96.867 16.817 883.52 83.916
0.675 25.558 813.84 90.425 7.1604 873.09 96.468 16.234 895.31 83.82
0.68333 24.46 825.14 90.382 7.0589 885.11 96.014 15.806 907.07 83.717
0.69167 23.387 836.26 90.289 7.1073 897 95.504 15.557 918.82 83.596
0.7 22.361 847.24 90.15 7.3021 908.72 94.941 15.511 930.58 83.444
0.70833 21.414 858.11 89.97 7.6361 920.29 94.328 15.685 942.35 83.254
0.71667 20.581 868.91 89.759 8.1002 931.69 93.668 16.094 954.15 83.017
0.725 19.905 879.64 89.525 8.6826 942.95 92.969 16.744 966 82.733
0.73333 19.42 890.31 89.278 9.3714 954.07 92.237 17.637 977.89 82.4
0.74167 19.154 900.92 89.025 10.154 965.08 91.478 18.769 989.83 82.025
0.75 19.123 911.47 88.774 11.02 976.01 90.699 20.128 1001.8 81.612
0.75833 19.327 921.94 88.528 11.96 986.86 89.906 21.704 1013.8 81.169
0.76667 19.75 932.33 88.29 12.967 997.67 89.103 23.479 1025.9 80.706
0.775 20.378 942.63 88.058 14.038 1008.5 88.294 25.439 1037.9 80.227
0.78333 21.183 952.83 87.829 15.173 1019.2 87.483 27.567 1049.9 79.738
0.79167 22.144 962.95 87.597 16.374 1030 86.669 29.849 1061.9 79.242
0.8 23.238 972.97 87.359 17.647 1040.7 85.853 32.274 1073.8 78.74
0.80833 24.432 982.92 87.109 18.999 1051.4 85.036 34.83 1085.7 78.232
0.81667 25.698 992.82 86.846 20.439 1062.1 84.219 37.51 1097.5 77.715
0.825 27.003 1002.7 86.569 21.977 1072.7 83.4 40.307 1109.2 77.187
0.83333 28.319 1012.5 86.281 23.622 1083.3 82.582 43.215 1120.8 76.648
0.84167 29.627 1022.4 85.981 25.379 1093.9 81.766 46.227 1132.4 76.097
0.85 30.916 1032.3 85.675 27.254 1104.5 80.955 49.337 1143.8 75.537
0.85833 32.182 1042.1 85.365 29.247 1115 80.151 52.536 1155.1 74.972
0.86667 33.429 1052.1 85.057 31.356 1125.6 79.358 55.814 1166.4 74.407
0.875 34.671 1062 84.753 33.577 1136.1 78.578 59.161 1177.6 73.849
0.88333 35.922 1072 84.458 35.902 1146.6 77.819 62.565 1188.7 73.307
0.89167 37.202 1082 84.175 38.322 1157.2 77.081 66.016 1199.7 72.787
0.9 38.532 1092 83.906 40.829 1167.9 76.368 69.505 1210.7 72.297
0.90833 39.927 1102.1 83.654 43.414 1178.6 75.685 73.025 1221.7 71.841
0.91667 41.406 1112.3 83.418 46.069 1189.3 75.034 76.573 1232.5 71.421
0.925 42.982 1122.4 83.201 48.789 1200.2 74.417 80.15 1243.4 71.037
0.93333 44.669 1132.7 83.001 51.571 1211.1 73.837 83.761 1254.2 70.686
0.94167 46.475 1143 82.818 54.415 1222 73.297 87.414 1265 70.365
0.95 48.41 1153.3 82.65 57.323 1233.1 72.799 91.122 1275.8 70.067
0.95833 50.483 1163.7 82.497 60.301 1244.2 72.345 94.896 1286.5 69.784
0.96667 52.702 1174.2 82.357 63.354 1255.3 71.936 98.751 1297.2 69.511
0.975 55.076 1184.8 82.23 66.492 1266.5 71.575 102.7 1308 69.24
0.98333 57.61 1195.4 82.114 69.721 1277.7 71.259 106.75 1318.6 68.967
0.99167 60.302 1206.1 82.008 73.052 1288.9 70.991 110.9 1329.3 68.688
1 63.142 1217 81.915 76.491 1300.2 70.763 115.16 1339.9 68.401
1.0083 66.109 1227.9 81.827 80.048 1311.4 70.576 119.53 1350.5 68.107
1.0167 69.176 1239 81.743 83.728 1322.7 70.424 124 1361.1 67.81
1.025 72.322 1250.1 81.657 87.54 1334.1 70.299 128.57 1371.6 67.512
1.0333 75.539 1261.4 81.568 91.487 1345.4 70.196 133.21 1382.1 67.219
1.0417 78.821 1272.7 81.472 95.574 1356.8 70.105 137.93 1392.6 66.936
1.05 82.181 1284.2 81.37 99.807 1368.2 70.018 142.71 1403.1 66.666
1.0583 85.635 1295.8 81.261 104.19 1379.6 69.927 147.56 1413.5 66.415
1.0667 89.201 1307.5 81.149 108.72 1391.1 69.824 152.48 1424 66.186
1.075 92.896 1319.4 81.036 113.4 1402.6 69.702 157.46 1434.5 65.979
1.0833 96.741 1331.4 80.926 118.23 1414.2 69.557 162.52 1445.1 65.795
1.0917 100.75 1343.7 80.818 123.2 1425.7 69.387 167.67 1455.7 65.631
1.1 104.94 1356.1 80.71 128.31 1437.3 69.191 172.91 1466.4 65.484
1.1083 109.3 1368.8 80.596 133.54 1448.9 68.97 178.27 1477.2 65.35
1.1167 113.85 1381.6 80.467 138.88 1460.5 68.728 183.74 1488.1 65.221
1.125 118.56 1394.5 80.31 144.31 1472.1 68.469 189.32 1499 65.091
1.1333 123.42 1407.5 80.111 149.79 1483.8 68.201 195.01 1510 64.952
1.1417 128.4 1420.6 79.859 155.31 1495.3 67.928 200.8 1521.1 64.798
1.15 133.48 1433.6 79.545 160.84 1506.9 67.659 206.67 1532.1 64.623
1.1583 138.64 1446.5 79.165 166.35 1518.5 67.397 212.58 1543.2 64.42
1.1667 143.87 1459.2 78.718 171.8 1530 67.149 218.5 1554.2 64.188
1.175 149.16 1471.7 78.211 177.18 1541.4 66.918 224.4 1565.2 63.926
1.1833 154.51 1484 77.653 182.46 1552.8 66.707 230.23 1576.1 63.633
1.1917 159.88 1496.1 77.058 187.62 1564.2 66.517 235.97 1586.8 63.314
1.2 165.28 1507.9 76.438 192.65 1575.4 66.348 241.58 1597.5 62.975
1.2083 170.67 1519.5 75.809 197.54 1586.5 66.2 247.04 1608.1 62.623
1.2167 176.04 1530.8 75.18 202.29 1597.5 66.071 252.33 1618.6 62.266
1.225 181.4 1542 74.558 206.91 1608.4 65.959 257.44 1629.1 61.915
1.2333 186.75 1553.1 73.948 211.41 1619.2 65.861 262.38 1639.4 61.578
1.2417 192.09 1564.1 73.351 215.8 1629.7 65.775 267.14 1649.8 61.265
1.25 197.45 1575 72.77 220.09 1640.2 65.698 271.75 1660.1 60.983
1.2583 202.82 1586 72.206 224.32 1650.4 65.626 276.22 1670.4 60.739
1.2667 208.19 1596.9 71.656 228.49 1660.6 65.558 280.57 1680.8 60.535
1.275 213.58 1607.7 71.117 232.62 1670.6 65.491 284.83 1691.2 60.373
1.2833 218.96 1618.6 70.583 236.75 1680.5 65.423 289.02 1701.7 60.253
1.2917 224.34 1629.4 70.049 240.86 1690.4 65.353 293.15 1712.2 60.17
1.3 229.68 1640.1 69.507 244.99 1700.1 65.281 297.24 1722.8 60.12
1.3083 234.98 1650.8 68.953 249.13 1709.9 65.205 301.3 1733.5 60.097
1.3167 240.24 1661.4 68.382 253.28 1719.7 65.126 305.34 1744.2 60.093
1.325 245.43 1671.9 67.793 257.46 1729.4 65.044 309.37 1755 60.102
1.3333 250.57 1682.3 67.187 261.67 1739.3 64.96 313.37 1765.9 60.118
1.3417 255.65 1692.6 66.569 265.89 1749.1 64.872 317.35 1776.7 60.138
1.35 260.68 1702.9 65.946 270.14 1759 64.782 321.31 1787.6 60.158
1.3583 265.66 1713.1 65.324 274.42 1769 64.689 325.24 1798.5 60.18
1.3667 270.61 1723.4 64.714 278.72 1779 64.592 329.14 1809.3 60.204
1.375 275.54 1733.6 64.121 283.06 1789 64.491 333.01 1820.2 60.233
1.3833 280.45 1743.8 63.55 287.43 1799.2 64.385 336.85 1831 60.272
1.3917 285.34 1754 63 291.84 1809.3 64.274 340.66 1841.8 60.325
1.4 290.22 1764.3 62.47 296.3 1819.5 64.155 344.45 1852.6 60.394
1.4083 295.09 1774.6 61.951 300.82 1829.8 64.029 348.22 1863.3 60.483
1.4167 299.94 1784.9 61.434 305.39 1840.2 63.896 352 1874 60.594
1.425 304.78 1795.2 60.908 310.02 1850.6 63.756 355.78 1884.6 60.725
1.4333 309.61 1805.6 60.365 314.71 1861 63.608 359.59 1895.3 60.877
1.4417 314.41 1815.9 59.8 319.46 1871.6 63.455 363.44 1905.9 61.045
1.45 319.2 1826.3 59.212 324.26 1882.2 63.297 367.33 1916.5 61.226
1.4583 323.96 1836.7 58.608 329.12 1892.9 63.136 371.3 1927.1 61.414
1.4667 328.7 1847.1 57.999 334.02 1903.7 62.973 375.33 1937.7 61.604
1.475 333.42 1857.6 57.403 338.97 1914.5 62.809 379.45 1948.4 61.792
1.4833 338.13 1868 56.838 343.95 1925.5 62.644 383.65 1959 61.973
1.4917 342.84 1878.6 56.323 348.97 1936.5 62.481 387.94 1969.7 62.146
1.5 347.55 1889.2 55.873 354.02 1947.6 62.321 392.3 1980.4 62.308
1.5083 352.28 1899.9 55.5 359.1 1958.8 62.164 396.73 1991.1 62.459
1.5167 357.04 1910.8 55.206 364.21 1970.1 62.013 401.23 2001.8 62.602
1.525 361.86 1921.8 54.988 369.35 1981.4 61.868 405.77 2012.5 62.736
1.5333 366.73 1932.9 54.841 374.52 1992.8 61.733 410.35 2023.2 62.866
1.5417 371.66 1944.3 54.755 379.71 2004.2 61.608 414.95 2034 62.992
1.55 376.63 1955.7 54.721 384.93 2015.7 61.499 419.57 2044.7 63.117
1.5583 381.63 1967.3 54.727 390.17 2027.3 61.4 424.2 2055.5 63.241
1.5667 386.64 1979.1 54.75 395.41 2038.9 61.334 428.84 2066.4 63.363
1.575 391.67 1990.9 54.8 400.69 2050.5 61.296 433.49 2077.3 63.482
1.5833 396.74 2002.8 54.837 405.99 2062.3 61.315 438.15 2088.2 63.594
1.5917 401.82 2014.8 54.857 411.3 2074.2 61.398 442.84 2099.3 63.696
1.6 407.09 2027 54.848 416.58 2086.2 61.503 447.54 2110.4 63.781
1.6083 412.38 2039.3 54.816 421.82 2098.3 61.672 452.29 2121.6 63.846
1.6167 417.95 2051.8 54.748 427.02 2110.5 61.876 457.07 2132.9 63.885
1.625 423.64 2064.5 54.67 432.14 2122.9 62.118 461.91 2144.4 63.893
1.6333 429.49 2077.3 54.591 437.23 2135.2 62.371 466.78 2156 63.875
1.6417 435.52 2090.4 54.53 442.25 2147.6 62.636 471.7 2167.6 63.826
1.65 441.7 2103.6 54.507 447.23 2160.1 62.9 476.66 2179.4 63.751
1.6583 447.98 2116.9 54.539 452.19 2172.6 63.157 481.65 2191.2 63.656
1.6667 454.31 2130.4 54.642 457.15 2185.1 63.403 486.65 2203.2 63.55
1.675 460.63 2143.8 54.823 462.13 2197.6 63.635 491.66 2215.2 63.44
1.6833 466.89 2157.3 55.083 467.15 2210 63.849 496.67 2227.3 63.34
1.6917 473.05 2170.6 55.413 472.24 2222.5 64.042 501.66 2239.4 63.259
1.7 479.07 2183.9 55.798 477.4 2234.9 64.212 506.64 2251.7 63.209
1.7083 484.95 2197 56.216 482.65 2247.2 64.357 511.6 2263.9 63.197
1.7167 490.67 2209.9 56.644 488 2259.4 64.475 516.55 2276.2 63.23
1.725 496.26 2222.6 57.059 493.43 2271.4 64.566 521.5 2288.5 63.313
1.7333 501.73 2235 57.441 498.93 2283.3 64.626 526.47 2300.9 63.442
1.7417 507.09 2247.2 57.776 504.49 2295 64.655 531.48 2313.2 63.615
1.75 512.37 2259.2 58.063 510.08 2306.5 64.65 536.55 2325.6 63.824
1.7583 517.58 2271.1 58.309 515.69 2317.8 64.609 541.7 2337.8 64.059
1.7667 522.73 2282.8 58.527 521.28 2328.9 64.532 546.95 2350.1 64.307
1.775 527.84 2294.5 58.735 526.85 2339.7 64.419 552.32 2362.2 64.557
1.7833 532.9 2306.1 58.942 532.36 2350.4 64.266 557.83 2374.2 64.796
1.7917 537.92 2317.6 59.17 537.81 2360.9 64.079 563.48 2386.1 65.014
1.8 542.91 2329 59.427 543.21 2371.3 63.86 569.28 2397.8 65.202
1.8083 547.89 2340.4 59.721 548.54 2381.5 63.613 575.23 2409.4 65.354
1.8167 552.86 2351.6 60.056 553.83 2391.6 63.344 581.32 2420.9 65.468
1.825 557.86 2362.7 60.429 559.07 2401.7 63.06 587.53 2432.2 65.542
1.8333 562.9 2373.7 60.834 564.3 2411.7 62.767 593.86 2443.4 65.58
1.8417 568.01 2384.5 61.262 569.52 2421.6 62.471 600.27 2454.4 65.586
1.85 573.19 2395.2 61.702 574.76 2431.6 62.18 606.76 2465.5 65.565
1.8583 578.46 2405.7 62.145 580.02 2441.5 61.898 613.3 2476.4 65.525
1.8667 583.82 2416.2 62.581 585.32 2451.4 61.631 619.87 2487.4 65.472
1.875 589.27 2426.5 63.007 590.68 2461.4 61.38 626.45 2498.3 65.413
1.8833 594.79 2436.8 63.419 596.09 2471.4 61.149 633.03 2509.2 65.351
1.8917 600.36 2447.1 63.818 601.57 2481.4 60.939 639.6 2520.1 65.291
1.9 605.97 2457.3 64.205 607.1 2491.4 60.751 646.14 2531 65.234
1.9083 611.6 2467.5 64.584 612.7 2501.4 60.584 652.65 2541.9 65.181
1.9167 617.23 2477.7 64.959 618.34 2511.5 60.439 659.14 2552.8 65.13
1.925 622.86 2487.8 65.334 624.04 2521.7 60.315 665.6 2563.6 65.078
1.9333 628.49 2497.9 65.712 629.78 2531.9 60.212 672.05 2574.4 65.025
1.9417 634.12 2508 66.095 635.57 2542.2 60.13 678.48 2585.1 64.966
1.95 639.78 2518 66.482 641.39 2552.5 60.069 684.9 2595.8 64.902
1.9583 645.5 2527.9 66.874 647.26 2563 60.029 691.33 2606.4 64.831
1.9667 651.3 2537.8 67.268 653.16 2573.6 60.008 697.77 2616.9 64.754
1.975 657.21 2547.6 67.662 659.11 2584.3 60.007 704.22 2627.4 64.671
1.9833 663.25 2557.5 68.051 665.1 2595 60.023 710.7 2637.9 64.586
1.9917 669.44 2567.4 68.435 671.13 2605.9 60.057 717.2 2648.4 64.501
2 675.78 2577.3 68.808 677.22 2616.8 60.104 723.72 2658.8 64.419
2.0083 682.26 2587.2 69.177 683.37 2627.8 60.167 730.26 2669.3 64.344
2.0167 688.87 2597.3 69.537 689.57 2638.8 60.241 736.83 2679.8 64.278
2.025 695.59 2607.4 69.893 695.84 2649.9 60.326 743.42 2690.3 64.221
2.0333 702.41 2617.6 70.248 702.18 2661.1 60.421 750.03 2700.9 64.175
2.0417 709.28 2628 70.605 708.58 2672.3 60.525 756.65 2711.4 64.138
2.05 716.19 2638.5 70.962 715.07 2683.5 60.638 763.3 2722 64.109
2.0583 723.1 2649 71.314 721.63 2694.7 60.759 769.97 2732.6 64.086
2.0667 729.96 2659.7 71.653 728.27 2706 60.889 776.67 2743.2 64.067
2.075 736.76 2670.4 71.966 734.99 2717.4 61.023 783.41 2753.9 64.05
2.0833 743.5 2681.1 72.246 741.8 2728.7 61.167 790.19 2764.5 64.036
2.0917 750.17 2691.8 72.482 748.69 2740.1 61.31 797.02 2775.2 64.025
2.1 756.8 2702.6 72.671 755.66 2751.5 61.457 803.9 2785.9 64.019
2.1083 763.43 2713.4 72.81 762.72 2762.9 61.597 810.85 2796.6 64.024
2.1167 770.1 2724.2 72.9 769.87 2774.3 61.726 817.86 2807.4 64.043
2.125 776.83 2735.3 72.945 777.11 2785.7 61.846 824.94 2818.3 64.084
2.1333 783.68 2746.5 72.948 784.44 2797.1 61.943 832.08 2829.2 64.152
2.1417 790.68 2757.9 72.915 791.86 2808.5 62.017 839.28 2840.2 64.252
2.15 797.83 2769.5 72.848 799.38 2819.9 62.064 846.54 2851.4 64.386
2.1583 805.13 2781.5 72.747 806.99 2831.3 62.08 853.84 2862.6 64.555
2.1667 812.56 2793.7 72.609 814.69 2842.6 62.067 861.18 2873.9 64.758
2.175 820.09 2806.1 72.429 822.46 2854 62.022 868.54 2885.3 64.988
2.1833 827.65 2818.6 72.204 830.29 2865.3 61.951 875.92 2896.7 65.237
2.1917 835.2 2831.2 71.93 838.15 2876.7 61.856 883.3 2908.1 65.495
2.2 842.68 2843.9 71.61 846.02 2888.1 61.744 890.67 2919.5 65.749
2.2083 850.08 2856.5 71.249 853.86 2899.5 61.622 898.01 2930.8 65.987
2.2167 857.39 2868.9 70.856 861.65 2911 61.495 905.32 2942.1 66.197
2.225 864.6 2881.2 70.443 869.33 2922.5 61.375 912.58 2953.3 66.367
2.2333 871.76 2893.2 70.023 876.88 2934 61.267 919.77 2964.4 66.492
2.2417 878.86 2905 69.61 884.34 2945.5 61.179 926.11 2975.4 67.312
2.25 885.95 2916.5 69.215 891.51 2957 61.122 933.13 2986.3 67.337
2.2583 893.01 2927.8 68.849 898.44 2968.5 61.099 940.05 2997.2 67.311
2.2667 900.07 2938.8 68.518 905.13 2979.9 61.117 946.84 3008 67.242
2.275 907.13 2949.7 68.226 911.57 2991.2 61.178 953.51 3018.8 67.14
2.2833 914.2 2960.4 67.97 917.76 3002.4 61.285 960.02 3029.6 67.021
2.2917 921.29 2971 67.745 923.72 3013.4 61.436 966.38 3040.4 66.9
2.3 928.42 2981.6 67.543 929.46 3024.3 61.63 972.56 3051.4 66.795
2.3083 935.56 2992.1 67.356 935.03 3035 61.865 978.57 3062.4 66.72
2.3167 942.7 3002.6 67.175 940.36 3045.5 62.135 985.13 3073.5 65.96
2.325 949.81 3013.1 66.994 945.65 3056 62.435 990.75 3084.8 65.987
2.3333 956.83 3023.6 66.805 950.86 3066.3 62.763 996.18 3096.2 66.074
2.3417 963.74 3034.1 66.603 956.01 3076.5 63.108 1001.4 3107.7 66.225
2.35 970.51 3044.5 66.388 961.12 3086.7 63.479 1006.5 3119.4 66.438
2.3583 977.11 3054.9 66.157 966.2 3096.8 63.862 1011.4 3131.1 66.709
2.3667 983.54 3065.2 65.912 971.27 3106.9 64.259 1016.2 3143 67.031
2.375 989.78 3075.5 65.656 976.32 3117 64.665 1020.7 3154.9 67.395
2.3833 995.84 3085.7 65.395 981.34 3127.1 65.081 1025.2 3166.9 67.791
2.3917 1001.7 3095.8 65.134 986.33 3137.3 65.5 1029.6 3179 68.207
2.4 1007.4 3106 64.879 991.28 3147.5 65.922 1033.8 3191.1 68.634
2.4083 1013 3116.1 64.636 996.17 3157.7 66.34 1037.9 3203.1 69.063
2.4167 1018.5 3126.3 64.408 1001 3167.9 66.749 1042 3215.2 69.489
2.425 1023.8 3136.4 64.198 1005.8 3178.2 67.143 1045.9 3227.2 69.907
2.4333 1029.1 3146.6 64.005 1010.5 3188.5 67.517 1049.8 3239.2 70.316
2.4417 1034.3 3156.8 63.827 1015.2 3198.8 67.865 1053.6 3251.2 70.717
2.45 1039.4 3167 63.658 1019.8 3209.1 68.183 1057.4 3263 71.111
2.4583 1044.5 3177.2 63.493 1024.4 3219.5 68.466 1061.1 3274.8 71.501
2.4667 1049.6 3187.4 63.324 1028.9 3230 68.715 1064.7 3286.6 71.891
2.475 1054.7 3197.6 63.147 1033.5 3240.5 68.929 1068.3 3298.2 72.284
2.4833 1059.7 3207.8 62.957 1038.1 3251 69.111 1071.8 3309.8 72.683
2.4917 1064.8 3218.1 62.756 1042.7 3261.7 69.266 1075.3 3321.3 73.087
2.5 1069.8 3228.4 62.546 1047.2 3272.4 69.4 1078.7 3332.8 73.496
2.5083 1074.9 3238.7 62.333 1051.8 3283.3 69.519 1082.1 3344.3 73.907
2.5167 1079.9 3249 62.127 1056.4 3294.2 69.63 1085.5 3355.7 74.316
2.525 1084.9 3259.4 61.939 1061 3305.3 69.737 1088.9 3367.2 74.719
2.5333 1090 3269.9 61.779 1065.6 3316.4 69.846 1092.4 3378.6 75.109
2.5417 1095 3280.5 61.654 1070.2 3327.6 69.958 1095.8 3390 75.481
2.55 1100 3291.2 61.57 1074.7 3338.9 70.074 1099.3 3401.4 75.832
2.5583 1104.9 3302 61.527 1079.2 3350.3 70.194 1102.8 3412.9 76.16
2.5667 1109.9 3312.9 61.52 1083.7 3361.8 70.315 1106.4 3424.4 76.465
2.575 1114.7 3324 61.541 1088.2 3373.4 70.434 1109.9 3435.8 76.75
2.5833 1119.5 3335.3 61.581 1092.7 3385 70.549 1113.5 3447.3 77.019
2.5917 1124.3 3346.7 61.634 1097.2 3396.8 70.658 1117.1 3458.7 77.28
2.6 1129 3358.2 61.695 1101.7 3408.6 70.761 1120.6 3470.2 77.539
2.6083 1133.6 3369.9 61.758 1106.1 3420.6 70.861 1124.1 3481.6 77.803
2.6167 1138.1 3381.6 61.825 1110.6 3432.6 70.96 1127.6 3493 78.08
2.625 1142.6 3393.4 61.894 1115.1 3444.8 71.063 1131 3504.5 78.372
2.6333 1147.1 3405.2 61.96 1119.6 3457.1 71.175 1134.3 3516 78.681
2.6417 1151.5 3417.2 62.021 1124 3469.6 71.302 1137.6 3527.5 79.007
2.65 1156 3429.3 62.072 1128.4 3482.2 71.449 1140.8 3539.1 79.344
2.6583 1160.6 3441.5 62.113 1132.7 3494.9 71.62 1144 3550.8 79.686
2.6667 1165.2 3454 62.144 1136.9 3507.7 71.813 1147.2 3562.6 80.026
2.675 1169.9 3466.8 62.168 1141 3520.7 72.029 1150.3 3574.5 80.353
2.6833 1174.8 3479.8 62.191 1145 3533.7 72.264 1153.4 3586.5 80.661
2.6917 1179.8 3493.1 62.225 1148.9 3546.8 72.513 1156.6 3598.8 80.944
2.7 1184.9 3506.7 62.281 1152.6 3559.9 72.77 1159.7 3611.2 81.199
2.7083 1190.1 3520.5 62.375 1156.3 3573.1 73.031 1162.9 3623.7 81.429
2.7167 1195.3 3534.4 62.52 1159.8 3586.2 73.289 1166 3636.4 81.638
2.725 1200.5 3548.4 62.729 1163.2 3599.4 73.542 1169.1 3649.2 81.836
2.7333 1205.5 3562.4 63.008 1166.7 3612.6 73.788 1172.1 3662.1 82.034
2.7417 1210.5 3576.3 63.36 1170 3625.7 74.029 1175 3675.1 82.247
2.75 1215.2 3590 63.782 1173.4 3638.7 74.268 1177.9 3688.1 82.485
2.7583 1219.8 3603.6 64.267 1176.8 3651.7 74.51 1180.6 3701.2 82.759
2.7667 1224.1 3617 64.805 1180.3 3664.6 74.761 1183.3 3714.2 83.076
2.775 1228.1 3630.2 65.385 1183.8 3677.3 75.028 1185.8 3727.2 83.437
2.7833 1232 3643.2 65.994 1187.3 3689.9 75.314 1188.3 3740.2 83.841
2.7917 1235.6 3656 66.621 1190.9 3702.3 75.623 1190.6 3753.1 84.279
2.8 1239.1 3668.6 67.26 1194.5 3714.5 75.957 1193 3766 84.741
2.8083 1242.4 3681.2 67.908 1198.1 3726.4 76.313 1195.4 3778.7 85.214
2.8167 1245.5 3693.7 68.565 1201.6 3738.2 76.687 1197.7 3791.4 85.683
2.825 1248.6 3706.3 69.231 1205.2 3749.7 77.072 1200.2 3804 86.135
2.8333 1251.5 3718.8 69.91 1208.7 3761 77.46 1202.7 3816.4 86.557
2.8417 1254.4 3731.5 70.601 1212.2 3772.2 77.837 1204.5 3828.5 87.808
2.85 1257.2 3744.1 71.303 1215.5 3783.1 78.205 1207.2 3840.8 88.161
2.8583 1259.9 3756.7 72.015 1218.8 3793.8 78.553 1210.1 3853 88.476
2.8667 1262.5 3769.3 72.734 1221.9 3804.4 78.876 1213.1 3865.2 88.757
2.875 1265.1 3781.8 73.459 1225 3814.9 79.173 1216.1 3877.3 89.013
2.8833 1267.7 3794.1 74.186 1228.1 3825.4 79.447 1219.2 3889.3 89.251
2.8917 1270.2 3806.2 74.914 1231 3835.9 79.702 1222.3 3901.3 89.482
2.9 1272.6 3818.2 75.641 1233.9 3846.3 79.943 1225.4 3913.3 89.713
2.9083 1275.1 3830 76.37 1236.8 3856.9 80.176 1228.5 3925.2 89.949
2.9167 1277.5 3841.6 77.104 1239.6 3867.5 80.415 1231.5 3937.1 90.196
2.925 1280 3853.1 77.85 1242.4 3878.1 80.662 1234.5 3948.9 90.454
2.9333 1282.4 3864.5 78.616 1245.1 3888.9 80.924 1237.5 3960.8 90.722
2.9417 1284.8 3875.8 79.41 1247.9 3899.8 81.207 1240.4 3972.6 90.995
2.95 1287.1 3887.1 80.242 1250.7 3910.7 81.511 1243.3 3984.4 91.269
2.9583 1289.4 3898.4 81.12 1253.4 3921.8 81.837 1246.1 3996.2 91.539
2.9667 1291.7 3909.8 82.051 1256.1 3933 82.185 1248.9 4007.9 91.8
2.975 1293.9 3921.1 83.039 1258.8 3944.2 82.55 1251.6 4019.7 92.048
2.9833 1296.2 3932.4 84.082 1261.5 3955.5 82.932 1254.4 4031.4 92.282
2.9917 1298.4 3943.7 85.178 1264.1 3966.9 83.326 1257.1 4043.2 92.502
3 1300.6 3955 86.317 1266.7 3978.4 83.729 1259.8 4054.9 92.708
3.0083 1302.8 3966.2 87.486 1269.3 3989.9 84.139 1262.4 4066.7 92.903
3.0167 1305.1 3977.4 88.672 1271.8 4001.5 84.555 1265.1 4078.4 93.091
3.025 1307.4 3988.5 89.855 1274.3 4013.2 84.975 1267.7 4090.2 93.272
3.0333 1309.9 3999.7 91.019 1276.7 4024.9 85.398 1270.2 4102 93.451
3.0417 1312.4 4010.9 92.146 1279 4036.7 85.822 1272.8 4113.9 93.628
3.05 1315.1 4022.1 93.221 1281.3 4048.6 86.246 1275.3 4125.7 93.804
3.0583 1317.9 4033.3 94.233 1283.5 4060.5 86.668 1277.7 4137.7 93.978
3.0667 1320.9 4044.7 95.171 1285.6 4072.5 87.086 1280.2 4149.7 94.15
3.075 1323.9 4056.2 96.035 1287.7 4084.5 87.497 1282.6 4161.7 94.318
3.0833 1327 4067.9 96.819 1289.7 4096.6 87.9 1284.9 4173.8 94.481
3.0917 1330.3 4079.7 97.526 1291.7 4108.7 88.295 1287.2 4186 94.64
3.1 1333.6 4091.7 98.165 1293.7 4120.8 88.678 1289.5 4198.2 94.796
3.1083 1336.9 4103.8 98.744 1295.7 4133 89.052 1291.8 4210.4 94.951
3.1167 1340.3 4116 99.272 1297.6 4145.2 89.412 1294 4222.6 95.11
3.125 1343.6 4128.4 99.772 1299.6 4157.4 89.777 1296.1 4234.8 95.276
3.1333 1346.8 4140.9 100.24 1301.6 4169.6 90.133 1298.2 4247 95.455
3.1417 1349.9 4153.5 100.69 1303.7 4182 90.49 1300.2 4259.2 95.65
3.15 1352.9 4166.2 101.13 1305.7 4194.3 90.85 1302.1 4271.4 95.864
3.1583 1355.8 4179 101.54 1307.8 4206.8 91.215 1304 4283.6 96.102
3.1667 1358.5 4191.9 101.93 1310 4219.3 91.584 1305.9 4295.7 96.363
3.175 1361.2 4204.9 102.29 1312.2 4231.9 91.953 1307.6 4307.9 96.649
3.1833 1363.7 4218.1 102.63 1314.4 4244.6 92.328 1309.3 4320 96.957
3.1917 1366.2 4231.4 102.93 1316.6 4257.4 92.698 1311 4332.2 97.285
3.2 1368.6 4245 103.2 1318.9 4270.2 93.062 1312.6 4344.5 97.63
3.2083 1371 4258.8 103.45 1321.1 4283.1 93.4 1314.2 4356.8 97.991
3.2167 1373.3 4272.9 103.67 1323.3 4296.1 93.724 1315.7 4369.2 98.364
3.225 1375.5 4287.2 103.86 1325.6 4309 94.014 1317.2 4381.6 98.748
3.2333 1377.6 4301.7 104.04 1327.8 4322 94.276 1318.6 4394.2 99.14
3.2417 1379.6 4316.4 104.18 1329.9 4335 94.507 1320 4406.8 99.54
3.25 1381.3 4331.1 104.3 1332 4348 94.711 1321.3 4419.5 99.946
3.2583 1382.9 4345.7 104.4 1334 4361 94.895 1322.5 4432.3 100.36
3.2667 1384.3 4360.2 104.48 1335.9 4374 95.069 1323.7 4445 100.77
3.275 1385.5 4374.5 104.54 1337.7 4387 95.246 1324.9 4457.8 101.18
3.2833 1386.5 4388.5 104.59 1339.3 4399.9 95.439 1326 4470.5 101.58
3.2917 1387.5 4402.1 104.64 1340.8 4412.8 95.662 1327 4483.2 101.96
3.3 1388.4 4415.3 104.7 1342.1 4425.7 95.931 1327.9 4495.9 102.32
3.3083 1389.2 4428.2 104.78 1343.1 4438.5 96.257 1328.8 4508.4 102.65
3.3167 1389.9 4440.8 104.88 1344 4451.3 96.648 1329.6 4520.9 102.94
3.325 1390.6 4453 105.01 1344.6 4464 97.108 1330.4 4533.3 103.18
3.3333 1391.2 4464.9 105.18 1345 4476.6 97.639 1331 4545.6 103.38
3.3417 1391.7 4476.7 105.39 1345.2 4489.1 98.237 1331.6 4558 103.54
3.35 1392.3 4488.2 105.64 1345.2 4501.4 98.894 1332 4570.2 103.65
3.3583 1392.7 4499.7 105.91 1344.9 4513.6 99.601 1332.2 4582.6 103.72
3.3667 1393.2 4511 106.2 1344.5 4525.6 100.35 1332.3 4594.9 103.77
3.375 1393.6 4522.4 106.49 1344 4537.4 101.12 1332.1 4607.3 103.81
3.3833 1393.8 4533.6 106.77 1343.2 4549 101.91 1331.7 4619.7 103.85
3.3917 1393.8 4544.8 107.04 1342.3 4560.2 102.71 1331.7 4632.9 103.11
3.4 1393.6 4555.9 107.29 1341.4 4571.4 103.51 1330.6 4645.4 103.2
3.4083 1393.1 4566.8 107.51 1340.3 4582.5 104.31 1329.3 4657.9 103.32
3.4167 1392.4 4577.5 107.72 1339.2 4593.5 105.1 1327.7 4670.5 103.48
3.425 1391.3 4588.1 107.92 1337.9 4604.4 105.89 1325.8 4683 103.68
3.4333 1390.1 4598.5 108.12 1336.6 4615.3 106.67 1323.6 4695.4 103.92
3.4417 1388.6 4608.6 108.33 1335.2 4626.1 107.46 1321.2 4707.7 104.2
3.45 1386.9 4618.6 108.56 1333.7 4637 108.24 1318.6 4719.8 104.52
3.4583 1385 4628.4 108.82 1332.1 4647.9 109.03 1315.8 4731.9 104.86
3.4667 1383.1 4638.1 109.1 1330.4 4658.8 109.82 1312.9 4743.7 105.22
3.475 1381.1 4647.7 109.41 1328.6 4669.8 110.6 1309.8 4755.3 105.58
3.4833 1379.1 4657.3 109.74 1326.6 4680.9 111.39 1306.7 4766.8 105.94
3.4917 1377 4666.8 110.09 1324.5 4692 112.16 1303.6 4778 106.29
3.5 1375.1 4676.4 110.44 1322.2 4703.2 112.92 1300.4 4789.2 106.64
3.5083 1373.2 4686 110.79 1319.9 4714.4 113.66 1297.2 4800.1 106.97
3.5167 1371.3 4695.7 111.13 1317.4 4725.6 114.36 1293.9 4811 107.28
3.525 1369.6 4705.4 111.45 1314.8 4736.8 115.04 1290.6 4821.8 107.58
3.5333 1368 4715.2 111.74 1312.1 4748 115.67 1287.3 4832.5 107.87
3.5417 1366.4 4725.1 112 1309.4 4759.2 116.26 1283.9 4843.3 108.16
3.55 1364.9 4735 112.23 1306.5 4770.3 116.81 1280.5 4854 108.43
3.5583 1363.4 4744.9 112.43 1303.6 4781.4 117.33 1277 4864.7 108.7
3.5667 1361.9 4754.9 112.61 1300.7 4792.5 117.8 1273.5 4875.5 108.97
3.575 1360.4 4764.9 112.77 1297.6 4803.6 118.24 1269.9 4886.3 109.24
3.5833 1358.8 4774.9 112.93 1294.5 4814.6 118.64 1266.3 4897.1 109.49
3.5917 1357.1 4784.8 113.07 1291.2 4825.7 119.02 1262.6 4907.9 109.74
3.6 1355.3 4794.8 113.2 1287.9 4836.7 119.37 1258.9 4918.7 109.97
3.6083 1353.4 4804.7 113.3 1284.5 4847.8 119.69 1255.1 4929.6 110.19
3.6167 1351.3 4814.7 113.38 1280.9 4858.8 119.99 1251.3 4940.4 110.4
3.625 1349 4824.8 113.42 1277.2 4869.8 120.27 1247.4 4951.2 110.58
3.6333 1346.6 4835 113.4 1273.4 4880.8 120.52 1243.5 4962 110.75
3.6417 1343.9 4845.4 113.33 1269.5 4891.7 120.74 1239.4 4972.7 110.91
3.65 1341 4855.9 113.19 1265.5 4902.6 120.94 1235.2 4983.4 111.06
3.6583 1338 4866.5 112.98 1261.4 4913.5 121.11 1230.9 4994.1 111.2
3.6667 1334.7 4877.4 112.73 1257.1 4924.3 121.26 1226.4 5004.7 111.35
3.675 1331.3 4888.4 112.44 1252.8 4935 121.38 1221.8 5015.3 111.5
3.6833 1327.6 4899.5 112.14 1248.4 4945.8 121.49 1216.9 5025.9 111.66
3.6917 1323.8 4910.8 111.85 1243.9 4956.5 121.59 1211.9 5036.5 111.83
3.7 1319.7 4922.2 111.59 1239.2 4967.2 121.68 1206.6 5047 112
3.7083 1315.4 4933.7 111.38 1234.5 4977.9 121.78 1201.2 5057.6 112.18
3.7167 1310.8 4945.2 111.23 1229.6 4988.7 121.89 1195.6 5068.1 112.36
3.725 1306 4956.9 111.16 1224.6 4999.6 122.03 1189.8 5078.6 112.54
3.7333 1301.1 4968.7 111.16 1219.4 5010.6 122.19 1183.9 5089.1 112.71
3.7417 1295.9 4980.6 111.25 1214 5021.7 122.39 1177.8 5099.6 112.88
3.75 1290.6 4992.5 111.42 1208.5 5033 122.63 1171.7 5110.1 113.03
3.7583 1285.1 5004.5 111.67 1202.7 5044.3 122.91 1165.4 5120.5 113.17
3.7667 1279.5 5016.6 111.99 1196.7 5055.8 123.23 1159.1 5131 113.31
3.775 1273.8 5028.7 112.37 1190.6 5067.4 123.57 1152.7 5141.5 113.45
3.7833 1268 5040.8 112.81 1184.3 5079.1 123.93 1146.2 5152 113.6
3.7917 1262.1 5052.8 113.3 1178 5090.8 124.3 1139.7 5162.5 113.77
3.8 1256.1 5064.7 113.83 1171.6 5102.6 124.67 1133.1 5173 113.97
3.8083 1250 5076.5 114.39 1165.2 5114.2 125.02 1126.4 5183.5 114.21
3.8167 1243.9 5088.1 114.97 1158.9 5125.8 125.34 1119.8 5194.1 114.48
3.825 1237.7 5099.6 115.56 1152.7 5137.3 125.62 1113 5204.8 114.8
3.8333 1231.5 5110.8 116.14 1146.6 5148.6 125.85 1106.3 5215.5 115.15
3.8417 1225.4 5121.9 116.72 1140.7 5159.7 126.03 1099.6 5226.2 115.54
3.85 1219.2 5132.7 117.27 1135.1 5170.6 126.16 1093 5237 115.93
3.8583 1213.1 5143.3 117.8 1129.6 5181.2 126.23 1086.5 5247.9 116.33
