0.0083333 -12.525 0.89554 101.15 -40.869 102.14 92.156 -19.492 196.72 83.926
0.016667 -12.085 8.9718 101.16 -40.154 111.29 92.218 -18.35 205.43 83.904
0.025 -11.609 17.322 101.17 -39.365 120.6 92.254 -17.125 214.22 83.878
0.033333 -11.095 25.952 101.19 -38.5 130.07 92.26 -15.815 223.1 83.848
0.041667 -10.548 34.862 101.21 -37.557 139.71 92.232 -14.416 232.12 83.814
0.05 -9.9746 44.055 101.22 -36.532 149.53 92.171 -12.925 241.28 83.776
0.058333 -9.3906 53.524 101.25 -35.429 159.53 92.071 -11.34 250.61 83.734
0.066667 -8.8112 63.273 101.27 -34.243 169.72 91.943 -9.6622 260.12 83.691
0.075 -8.2541 73.288 101.29 -32.983 180.12 91.779 -7.8908 269.82 83.647
0.083333 -7.7328 83.572 101.31 -31.647 190.71 91.591 -6.0281 279.71 83.601
0.091667 -7.2567 94.117 101.34 -30.24 201.49 91.38 -4.0775 289.8 83.553
0.1 -6.8277 104.91 101.36 -28.773 212.45 91.15 -2.0442 300.06 83.503
0.10833 -6.4403 115.94 101.38 -27.256 223.55 90.905 0.063343 310.49 83.448
0.11667 -6.0813 127.19 101.4 -25.7 234.77 90.651 2.2351 321.06 83.385
0.125 -5.7305 138.63 101.41 -24.12 246.05 90.393 4.4575 331.74 83.313
0.13333 -5.3609 150.22 101.42 -22.532 257.35 90.138 6.7148 342.5 83.228
0.14167 -4.9417 161.93 101.41 -20.953 268.61 89.894 8.9873 353.31 83.13
0.15 -4.4392 173.71 101.4 -19.401 279.76 89.667 11.254 364.12 83.018
0.15833 -3.8235 185.54 101.37 -17.888 290.76 89.467 13.49 374.9 82.894
0.16667 -3.0763 197.36 101.33 -16.43 301.55 89.305 15.672 385.63 82.761
0.175 -2.1887 209.15 101.27 -15.036 312.1 89.187 17.775 396.27 82.626
0.18333 -1.1719 220.88 101.18 -13.714 322.38 89.122 19.778 406.81 82.495
0.19167 -0.050049 232.53 101.06 -12.468 332.38 89.114 21.659 417.24 82.375
0.2 1.1457 244.06 100.9 -11.299 342.11 89.166 23.402 427.55 82.275
0.20833 2.3859 255.49 100.69 -10.204 351.58 89.278 24.995 437.75 82.202
0.21667 3.6487 266.79 100.44 -9.1751 360.83 89.445 26.432 447.85 82.162
0.225 4.9204 277.98 100.13 -8.2034 369.89 89.663 27.709 457.86 82.161
0.23333 6.1927 289.06 99.776 -7.2782 378.8 89.924 28.832 467.8 82.2
0.24167 7.4607 300.05 99.371 -6.389 387.61 90.216 29.807 477.7 82.279
0.25 8.7209 310.94 98.924 -5.5246 396.35 90.532 30.643 487.57 82.394
0.25833 9.969 321.76 98.445 -4.6788 405.05 90.862 31.355 497.43 82.54
0.26667 11.203 332.5 97.947 -3.8471 413.74 91.196 31.956 507.29 82.712
0.275 12.425 343.17 97.44 -3.0293 422.43 91.525 32.46 517.16 82.901
0.28333 13.628 353.76 96.94 -2.2223 431.14 91.85 32.878 527.05 83.098
0.29167 14.809 364.28 96.459 -1.4289 439.86 92.168 33.222 536.98 83.298
0.3 15.967 374.72 96.001 -0.65776 448.61 92.469 33.5 546.92 83.493
0.30833 17.095 385.09 95.572 0.091278 457.38 92.758 33.718 556.89 83.679
0.31667 18.177 395.37 95.172 0.81504 466.16 93.034 33.88 566.88 83.853
0.325 19.202 405.57 94.797 1.5133 474.96 93.299 33.989 576.88 84.014
0.33333 20.161 415.69 94.439 2.1866 483.77 93.552 34.046 586.89 84.163
0.34167 21.04 425.72 94.085 2.8361 492.59 93.791 34.055 596.91 84.303
0.35 21.841 435.69 93.725 3.4652 501.44 94.016 34.016 606.93 84.436
0.35833 22.566 445.58 93.347 4.0771 510.31 94.223 33.932 616.94 84.567
0.36667 23.226 455.41 92.942 4.6756 519.23 94.408 33.807 626.93 84.7
0.375 23.839 465.18 92.502 5.2647 528.19 94.567 33.646 636.92 84.837
0.38333 24.423 474.91 92.027 5.848 537.23 94.693 33.455 646.88 84.981
0.39167 24.997 484.59 91.517 6.4286 546.34 94.783 33.24 656.83 85.135
0.4 25.581 494.22 90.978 7.0089 555.53 94.835 33.011 666.74 85.298
0.40833 26.185 503.81 90.419 7.5905 564.83 94.847 32.775 676.63 85.469
0.41667 26.818 513.35 89.853 8.1736 574.23 94.819 32.541 686.49 85.648
0.425 27.475 522.84 89.29 8.7573 583.75 94.755 32.318 696.32 85.832
0.43333 28.145 532.29 88.744 9.3398 593.37 94.658 32.114 706.13 86.019
0.44167 28.813 541.7 88.227 9.9185 603.11 94.534 31.935 715.92 86.207
0.45 29.457 551.1 87.749 10.491 612.97 94.39 31.788 725.7 86.392
0.45833 30.051 560.48 87.318 11.055 622.93 94.231 31.678 735.47 86.574
0.46667 30.575 569.87 86.937 11.607 633.01 94.063 31.609 745.24 86.75
0.475 31.009 579.3 86.611 12.148 643.19 93.889 31.584 755.03 86.919
0.48333 31.345 588.78 86.336 12.676 653.47 93.712 31.602 764.83 87.08
0.49167 31.584 598.34 86.11 13.193 663.87 93.534 31.666 774.65 87.234
0.5 31.729 607.99 85.927 13.699 674.37 93.356 31.771 784.49 87.379
0.50833 31.802 617.76 85.777 14.198 684.98 93.176 31.916 794.35 87.517
0.51667 31.829 627.68 85.651 14.692 695.7 92.993 32.095 804.22 87.647
0.525 31.84 637.76 85.538 15.184 706.54 92.808 32.303 814.12 87.77
0.53333 31.874 648.01 85.429 15.676 717.49 92.619 32.532 824.02 87.887
0.54167 31.961 658.45 85.317 16.17 728.55 92.427 32.773 833.94 87.998
0.55 32.126 669.07 85.201 16.667 739.7 92.234 33.018 843.89 88.105
0.55833 32.386 679.86 85.081 17.165 750.94 92.04 33.257 853.88 88.207
0.56667 32.737 690.8 84.958 17.662 762.25 91.854 33.48 863.92 88.305
0.575 33.172 701.89 84.836 18.155 773.62 91.669 33.683 874.04 88.4
0.58333 33.67 713.12 84.714 18.631 785.13 91.537 33.852 884.28 88.492
0.59167 34.209 724.49 84.591 19.071 796.74 91.448 33.986 894.65 88.581
0.6 34.765 736.04 84.462 19.46 808.46 91.41 34.08 905.21 88.665
0.60833 35.318 747.78 84.32 19.787 820.29 91.423 34.137 915.96 88.743
0.61667 35.851 759.75 84.161 20.023 832.17 91.474 34.155 926.94 88.815
0.625 36.326 771.9 83.992 20.162 844.11 91.557 34.133 938.15 88.878
0.63333 36.844 784.51 83.762 20.197 856.12 91.671 34.092 949.6 88.928
0.64167 37.324 797.35 83.514 20.148 868.2 91.802 34.028 961.28 88.965
0.65 37.809 810.48 83.24 20.064 880.36 91.942 33.949 973.16 88.989
0.65833 38.325 823.9 82.948 19.916 892.58 92.071 33.872 985.22 88.996
0.66667 38.886 837.54 82.651 19.735 904.88 92.19 33.806 997.4 88.987
0.675 39.506 851.36 82.369 19.552 917.27 92.28 33.761 1009.7 88.962
0.68333 40.182 865.27 82.118 19.392 929.72 92.335 33.747 1022 88.923
0.69167 40.908 879.21 81.917 19.281 942.24 92.348 33.773 1034.3 88.873
0.7 41.665 893.1 81.778 19.248 954.82 92.314 33.849 1046.5 88.816
0.70833 42.43 906.87 81.711 19.32 967.44 92.232 33.982 1058.7 88.756
0.71667 43.18 920.46 81.72 19.518 980.07 92.101 34.18 1070.8 88.698
0.725 43.891 933.84 81.8 19.86 992.68 91.922 34.45 1082.9 88.646
0.73333 44.543 946.98 81.943 20.359 1005.3 91.698 34.803 1094.8 88.604
0.74167 45.126 959.85 82.134 21.019 1017.8 91.431 35.248 1106.7 88.576
0.75 45.635 972.45 82.359 21.838 1030.2 91.127 35.795 1118.5 88.564
0.75833 46.071 984.81 82.601 22.809 1042.4 90.788 36.459 1130.3 88.567
0.76667 46.441 996.94 82.85 23.92 1054.6 90.418 37.255 1142.1 88.584
0.775 46.754 1008.9 83.096 25.154 1066.5 90.023 38.198 1153.9 88.612
0.78333 47.027 1020.7 83.331 26.491 1078.3 89.598 39.304 1165.8 88.646
0.79167 47.288 1032.4 83.552 27.917 1090 89.154 40.591 1177.7 88.68
0.8 47.569 1044.1 83.749 29.411 1101.4 88.682 42.071 1189.7 88.709
0.80833 47.908 1055.6 83.923 30.962 1112.7 88.191 43.756 1201.7 88.726
0.81667 48.342 1067.1 84.073 32.561 1123.8 87.68 45.654 1213.8 88.725
0.825 48.904 1078.6 84.199 34.201 1134.8 87.149 47.768 1225.9 88.703
0.83333 49.621 1090 84.302 35.881 1145.7 86.601 50.093 1238.1 88.657
0.84167 50.513 1101.3 84.387 37.602 1156.5 86.038 52.622 1250.3 88.586
0.85 51.584 1112.6 84.457 39.369 1167.3 85.463 55.341 1262.4 88.491
0.85833 52.83 1123.8 84.517 41.186 1178 84.879 58.234 1274.6 88.375
0.86667 54.23 1134.8 84.569 43.059 1188.6 84.288 61.279 1286.7 88.242
0.875 55.765 1145.9 84.62 44.993 1199.3 83.694 64.457 1298.7 88.095
0.88333 57.403 1156.8 84.672 46.989 1209.9 83.1 67.745 1310.7 87.94
0.89167 59.118 1167.8 84.728 49.048 1220.5 82.51 71.126 1322.6 87.78
0.9 60.882 1178.7 84.79 51.168 1231.2 81.926 74.583 1334.4 87.618
0.90833 62.674 1189.6 84.858 53.345 1241.9 81.351 78.104 1346.2 87.457
0.91667 64.476 1200.5 84.929 55.571 1252.6 80.787 81.681 1357.9 87.297
0.925 66.28 1211.4 85.003 57.839 1263.4 80.238 85.308 1369.4 87.138
0.93333 68.083 1222.4 85.075 60.141 1274.2 79.704 88.985 1381 86.977
0.94167 69.889 1233.4 85.144 62.468 1285.1 79.185 92.71 1392.4 86.813
0.95 71.707 1244.3 85.205 64.816 1296 78.684 96.484 1403.7 86.644
0.95833 73.551 1255.3 85.259 67.181 1307 78.201 100.3 1415 86.469
0.96667 75.436 1266.3 85.305 69.564 1318.1 77.737 104.17 1426.1 86.287
0.975 77.376 1277.3 85.343 72.134 1329.5 77.296 106.59 1436.5 87.186
0.98333 79.385 1288.3 85.374 74.562 1340.7 76.875 110.52 1447.6 87.001
0.99167 81.471 1299.3 85.398 77.02 1352.1 76.478 114.48 1458.6 86.813
1 83.639 1310.4 85.418 79.518 1363.5 76.106 118.47 1469.7 86.625
1.0083 85.892 1321.5 85.434 82.062 1375.1 75.762 122.47 1480.7 86.442
1.0167 88.231 1332.7 85.445 84.66 1386.7 75.449 126.49 1491.8 86.269
1.025 90.658 1344 85.453 87.321 1398.4 75.17 130.5 1502.9 86.109
1.0333 93.175 1355.3 85.457 90.05 1410.2 74.925 134.51 1514.1 85.964
1.0417 95.786 1366.8 85.459 92.853 1422 74.718 138.52 1525.2 85.834
1.05 98.501 1378.4 85.461 95.735 1434 74.549 142.55 1536.5 85.718
1.0583 101.33 1390.2 85.467 98.701 1445.9 74.417 146.58 1547.8 85.612
1.0667 104.28 1402 85.48 101.76 1457.9 74.322 150.64 1559.1 85.513
1.075 107.34 1414 85.507 104.91 1470 74.259 154.73 1570.5 85.418
1.0833 110.51 1426.1 85.552 108.16 1482.1 74.227 158.86 1581.9 85.322
1.0917 113.76 1438.3 85.61 111.51 1494.3 74.218 163.03 1593.3 85.224
1.1 117.06 1450.6 85.683 114.99 1506.6 74.225 167.25 1604.8 85.124
1.1083 120.41 1462.9 85.767 118.58 1518.9 74.247 171.51 1616.3 85.023
1.1167 123.78 1475.3 85.854 122.29 1531.4 74.27 175.81 1627.9 84.927
1.125 127.19 1487.7 85.942 126.14 1543.9 74.285 180.14 1639.5 84.843
1.1333 130.66 1500.2 86.027 130.11 1556.6 74.286 184.48 1651.2 84.778
1.1417 134.21 1512.8 86.107 134.22 1569.4 74.264 188.83 1663 84.742
1.15 137.86 1525.4 86.181 138.46 1582.3 74.214 193.17 1674.8 84.742
1.1583 141.63 1538.3 86.248 142.83 1595.3 74.128 197.51 1686.8 84.784
1.1667 145.54 1551.4 86.308 147.32 1608.5 74.005 201.84 1698.9 84.873
1.175 149.61 1564.7 86.359 151.93 1621.7 73.844 206.16 1711.2 85.008
1.1833 153.83 1578.3 86.401 156.64 1635.1 73.643 210.49 1723.6 85.186
1.1917 158.19 1592.2 86.427 161.44 1648.5 73.403 214.83 1736.1 85.4
1.2 162.68 1606.3 86.429 166.32 1662 73.139 219.21 1748.7 85.639
1.2083 167.27 1620.6 86.4 171.25 1675.5 72.848 223.62 1761.4 85.891
1.2167 171.91 1635.1 86.334 176.22 1689 72.535 228.08 1774.2 86.144
1.225 176.6 1649.7 86.218 181.2 1702.6 72.221 232.59 1787 86.384
1.2333 181.31 1664.3 86.049 186.15 1716.1 71.909 237.15 1799.9 86.597
1.2417 186.02 1678.7 85.829 191.06 1729.7 71.607 241.76 1812.8 86.775
1.25 190.72 1693.1 85.557 195.89 1743.1 71.323 246.38 1825.6 86.911
1.2583 195.42 1707.2 85.24 200.6 1756.6 71.068 250.99 1838.5 87
1.2667 200.12 1721.1 84.884 205.17 1770 70.848 255.57 1851.3 87.042
1.275 204.8 1734.7 84.499 209.56 1783.3 70.668 260.09 1864.1 87.041
1.2833 209.46 1748.1 84.092 213.76 1796.5 70.534 264.49 1876.9 87.004
1.2917 214.09 1761.2 83.671 217.74 1809.6 70.449 268.75 1889.6 86.938
1.3 218.68 1774.1 83.24 221.5 1822.6 70.416 272.84 1902.4 86.853
1.3083 223.25 1786.8 82.799 225.03 1835.4 70.435 276.73 1915.1 86.761
1.3167 227.79 1799.4 82.35 228.34 1848.1 70.503 280.39 1927.9 86.673
1.325 232.31 1811.8 81.898 231.44 1860.6 70.619 283.82 1940.7 86.6
1.3333 236.77 1824.3 81.446 234.35 1872.9 70.779 286.99 1953.5 86.549
1.3417 241.18 1836.6 81.001 237.1 1885.1 70.976 289.91 1966.4 86.53
1.35 245.49 1848.9 80.57 239.73 1897.1 71.206 292.59 1979.4 86.549
1.3583 249.7 1861.2 80.157 242.26 1908.9 71.463 295.02 1992.4 86.608
1.3667 253.77 1873.4 79.768 244.72 1920.6 71.743 297.21 2005.6 86.711
1.375 257.68 1885.5 79.405 247.14 1932.2 72.042 299.18 2018.8 86.858
1.3833 261.43 1897.6 79.071 249.53 1943.7 72.357 300.94 2032.1 87.046
1.3917 265.01 1909.6 78.767 251.91 1955.2 72.687 302.48 2045.4 87.274
1.4 268.41 1921.5 78.493 254.29 1966.7 73.031 303.84 2058.8 87.535
1.4083 271.65 1933.4 78.248 256.66 1978.2 73.389 305.01 2072.3 87.823
1.4167 274.74 1945.2 78.031 259.03 1989.8 73.764 306.02 2085.8 88.133
1.425 277.72 1957 77.832 261.38 2001.4 74.153 306.87 2099.3 88.454
1.4333 280.62 1968.8 77.657 263.7 2013.1 74.559 307.58 2112.7 88.783
1.4417 283.47 1980.6 77.498 266 2024.8 74.98 308.17 2126.2 89.112
1.45 286.3 1992.5 77.352 268.26 2036.6 75.414 308.65 2139.5 89.437
1.4583 289.14 2004.3 77.215 270.48 2048.4 75.858 309.03 2152.8 89.756
1.4667 291.98 2016.2 77.083 272.66 2060.3 76.308 309.34 2166 90.068
1.475 294.85 2028.1 76.951 274.81 2072.2 76.758 309.59 2179 90.376
1.4833 297.74 2040 76.813 276.94 2084.1 77.203 309.79 2191.9 90.683
1.4917 300.64 2051.9 76.668 279.04 2096.1 77.638 309.96 2204.7 90.995
1.5 303.53 2063.8 76.51 281.12 2108.2 78.058 310.11 2217.4 91.316
1.5083 306.39 2075.6 76.338 283.19 2120.3 78.459 310.24 2230 91.652
1.5167 309.22 2087.5 76.154 285.26 2132.5 78.84 310.38 2242.5 92.007
1.525 311.99 2099.4 75.96 287.32 2144.8 79.198 310.52 2255 92.383
1.5333 314.7 2111.2 75.763 289.36 2157.2 79.534 310.68 2267.5 92.778
1.5417 317.33 2123.1 75.568 291.4 2169.7 79.848 310.86 2279.9 93.189
1.55 319.89 2135.1 75.385 293.41 2182.3 80.14 311.08 2292.4 93.611
1.5583 322.38 2147.1 75.224 295.39 2195 80.413 311.32 2304.9 94.034
1.5667 324.8 2159.2 75.091 297.35 2207.8 80.666 311.62 2317.5 94.452
1.575 327.16 2171.3 74.992 299.27 2220.6 80.901 311.95 2330.2 94.855
1.5833 329.45 2183.6 74.928 301.16 2233.6 81.118 312.33 2342.9 95.235
1.5917 331.7 2196 74.897 303.02 2246.5 81.318 312.76 2355.6 95.588
1.6 333.92 2208.5 74.893 304.85 2259.6 81.501 313.23 2368.4 95.912
1.6083 336.09 2221.2 74.907 306.65 2272.7 81.668 313.72 2381.2 96.206
1.6167 338.24 2234.1 74.932 308.43 2285.8 81.822 314.24 2394 96.475
1.625 340.35 2247.2 74.961 310.17 2299 81.966 314.76 2406.8 96.726
1.6333 342.45 2260.4 74.994 311.89 2312.2 82.104 315.27 2419.5 96.965
1.6417 344.5 2273.7 75.032 313.56 2325.5 82.242 315.75 2432.3 97.2
1.65 346.49 2287.2 75.076 315.18 2338.9 82.389 316.2 2445.1 97.438
1.6583 348.42 2300.9 75.129 316.73 2352.5 82.552 316.59 2457.9 97.683
1.6667 350.29 2314.6 75.187 318.2 2366.1 82.738 316.93 2470.7 97.939
1.675 352.1 2328.6 75.249 319.55 2379.9 82.947 317.2 2483.7 98.205
1.6833 353.88 2342.7 75.305 320.79 2393.9 83.185 317.41 2496.7 98.475
1.6917 355.65 2357.2 75.353 321.88 2407.9 83.448 317.56 2509.9 98.746
1.7 357.43 2371.9 75.385 322.83 2422.1 83.736 317.65 2523.3 99.011
1.7083 359.24 2386.9 75.401 323.63 2436.4 84.045 317.68 2536.9 99.262
1.7167 361.1 2402.2 75.401 324.3 2450.7 84.368 317.67 2550.6 99.495
1.725 363 2417.9 75.394 324.84 2465.2 84.697 317.62 2564.5 99.706
1.7333 364.95 2433.8 75.39 325.28 2479.7 85.025 317.52 2578.5 99.897
1.7417 366.92 2449.9 75.408 325.64 2494.3 85.342 317.38 2592.6 100.07
1.75 368.87 2466.1 75.463 325.96 2509 85.639 317.2 2606.8 100.24
1.7583 370.77 2482.4 75.574 326.27 2523.6 85.911 316.96 2621 100.4
1.7667 372.59 2498.6 75.754 326.6 2538.3 86.152 316.68 2635.2 100.58
1.775 374.28 2514.6 76.014 326.97 2552.9 86.362 316.35 2649.3 100.79
1.7833 375.82 2530.4 76.356 327.42 2567.5 86.541 315.97 2663.4 101.02
1.7917 377.18 2546 76.781 327.95 2582 86.693 315.55 2677.4 101.3
1.8 378.36 2561.3 77.28 328.59 2596.3 86.824 315.11 2691.3 101.63
1.8083 379.35 2576.2 77.841 329.34 2610.6 86.942 314.66 2705.1 102
1.8167 380.18 2590.9 78.451 330.2 2624.6 87.052 314.22 2718.8 102.41
1.825 380.84 2605.3 79.102 331.15 2638.5 87.165 313.82 2732.4 102.85
1.8333 381.35 2619.5 79.786 332.19 2652.1 87.285 313.49 2746 103.31
1.8417 381.73 2633.5 80.499 333.3 2665.4 87.418 313.26 2759.5 103.77
1.85 382 2647.4 81.235 334.45 2678.6 87.567 313.15 2772.9 104.22
1.8583 382.17 2661.2 81.986 335.63 2691.4 87.732 313.19 2786.3 104.64
1.8667 382.28 2675 82.746 336.82 2704 87.914 313.37 2799.7 105.03
1.875 382.35 2688.8 83.508 337.99 2716.4 88.11 313.71 2813.1 105.37
1.8833 382.4 2702.5 84.265 339.13 2728.6 88.316 314.2 2826.4 105.67
1.8917 382.46 2716.1 85.012 340.23 2740.7 88.526 314.84 2839.8 105.91
1.9 382.55 2729.7 85.744 341.28 2752.6 88.738 315.6 2853.1 106.12
1.9083 382.69 2743.1 86.457 342.28 2764.5 88.946 316.45 2866.4 106.28
1.9167 382.89 2756.5 87.15 343.22 2776.3 89.147 317.39 2879.6 106.42
1.925 383.16 2769.9 87.823 344.12 2788.2 89.34 318.37 2892.9 106.53
1.9333 383.5 2783.1 88.478 344.97 2800 89.522 319.37 2906.1 106.63
1.9417 383.91 2796.2 89.119 345.78 2811.9 89.695 320.38 2919.3 106.72
1.95 384.36 2809.3 89.751 346.55 2823.8 89.859 321.37 2932.4 106.8
1.9583 384.84 2822.4 90.38 347.31 2835.8 90.016 322.33 2945.5 106.9
1.9667 385.32 2835.4 91.014 348.04 2847.9 90.169 323.26 2958.6 106.99
1.975 385.8 2848.4 91.657 348.76 2860 90.32 324.15 2971.5 107.1
1.9833 386.25 2861.4 92.314 349.48 2872.3 90.472 325.01 2984.4 107.22
1.9917 386.67 2874.3 92.99 350.19 2884.6 90.628 325.85 2997.2 107.34
2 387.04 2887.2 93.684 350.89 2897 90.79 326.68 3009.9 107.47
2.0083 387.38 2900.1 94.394 351.59 2909.4 90.961 327.5 3022.5 107.61
2.0167 387.69 2912.9 95.121 352.28 2922 91.141 328.32 3035 107.75
2.025 388 2925.6 95.857 352.96 2934.7 91.33 329.16 3047.5 107.9
2.0333 388.32 2938.2 96.597 353.63 2947.5 91.529 330.01 3059.9 108.04
2.0417 388.67 2950.8 97.338 354.27 2960.4 91.735 330.88 3072.3 108.19
2.05 389.09 2963.3 98.071 354.88 2973.4 91.947 331.77 3084.6 108.34
2.0583 389.58 2975.8 98.793 355.46 2986.5 92.162 332.67 3097 108.48
2.0667 390.16 2988.3 99.499 356 2999.7 92.377 333.58 3109.4 108.63
2.075 390.83 3000.8 100.18 356.5 3012.9 92.589 334.49 3121.9 108.76
2.0833 391.6 3013.4 100.84 356.95 3026.3 92.796 335.4 3134.4 108.9
2.0917 392.46 3026.1 101.47 357.37 3039.6 92.994 336.31 3147 109.02
2.1 393.4 3038.9 102.06 357.75 3053 93.182 337.2 3159.6 109.14
2.1083 394.4 3051.9 102.6 358.1 3066.5 93.36 338.08 3172.3 109.26
2.1167 395.44 3065.1 103.1 358.42 3079.9 93.527 338.94 3185.1 109.37
2.125 396.51 3078.4 103.55 358.71 3093.4 93.684 339.78 3197.9 109.47
2.1333 397.59 3091.8 103.95 358.99 3107 93.833 340.61 3210.7 109.58
2.1417 398.65 3105.5 104.29 359.26 3120.6 93.975 341.41 3223.6 109.7
2.15 399.68 3119.3 104.6 359.53 3134.2 94.112 342.19 3236.4 109.82
2.1583 400.64 3133.3 104.86 359.78 3148 94.24 342.95 3249.2 109.95
2.1667 401.51 3147.4 105.1 360.05 3161.9 94.371 343.68 3262 110.09
2.175 402.27 3161.7 105.3 360.31 3175.8 94.491 344.37 3274.8 110.24
2.1833 402.94 3176.1 105.47 360.58 3189.9 94.603 345.02 3287.5 110.42
2.1917 403.53 3190.6 105.61 360.86 3204.1 94.702 345.61 3300.3 110.61
2.2 404.05 3205.3 105.74 361.14 3218.4 94.783 346.14 3313.2 110.82
2.2083 404.52 3220.1 105.85 361.43 3232.7 94.842 346.59 3326 111.05
2.2167 404.96 3235.1 105.96 361.74 3247.1 94.874 346.94 3338.9 111.3
2.225 405.36 3250.3 106.07 362.05 3261.6 94.875 347.2 3351.9 111.58
2.2333 405.73 3265.6 106.2 362.38 3276 94.843 347.35 3364.9 111.87
2.2417 406.04 3281.3 106.35 362.71 3290.5 94.78 347.39 3378 112.19
2.25 406.27 3297.1 106.51 363.05 3305 94.687 347.31 3391.2 112.52
2.2583 406.41 3313.1 106.7 363.38 3319.5 94.572 347.13 3404.4 112.88
2.2667 406.44 3329.2 106.89 363.69 3333.9 94.442 346.85 3417.7 113.24
2.275 406.36 3345.4 107.09 363.96 3348.4 94.313 346.47 3430.9 113.62
2.2833 406.17 3361.5 107.28 364.16 3362.8 94.196 346.01 3444.2 114
2.2917 405.9 3377.5 107.45 364.28 3377.2 94.106 345.47 3457.4 114.38
2.3 405.58 3393.2 107.59 364.28 3391.6 94.058 344.86 3470.6 114.74
2.3083 405.23 3408.7 107.7 364.15 3405.9 94.065 344.19 3483.7 115.09
2.3167 404.88 3423.8 107.77 363.84 3420.2 94.138 343.44 3496.8 115.42
2.325 404.55 3438.5 107.82 363.35 3434.5 94.286 342.61 3509.9 115.72
2.3333 404.24 3452.8 107.83 362.65 3448.6 94.515 341.68 3522.9 115.98
2.3417 403.96 3466.8 107.83 361.75 3462.5 94.824 340.63 3535.8 116.21
2.35 403.69 3480.4 107.82 360.63 3476.3 95.213 339.43 3548.8 116.41
2.3583 403.46 3493.8 107.81 359.31 3489.9 95.674 338.05 3561.7 116.57
2.3667 403.23 3506.9 107.8 357.8 3503.1 96.201 336.46 3574.6 116.72
2.375 402.99 3519.9 107.8 356.12 3516.2 96.782 334.62 3587.5 116.85
2.3833 402.68 3532.7 107.81 354.29 3528.9 97.404 332.51 3600.4 116.98
2.3917 402.26 3545.4 107.83 352.33 3541.3 98.06 330.11 3613.2 117.11
2.4 401.65 3558 107.87 350.26 3553.5 98.736 327.4 3626.1 117.27
2.4083 400.8 3570.5 107.92 348.1 3565.4 99.423 324.38 3638.9 117.45
2.4167 399.67 3582.8 107.98 345.86 3577.1 100.11 321.06 3651.6 117.67
2.425 398.25 3595 108.06 343.55 3588.6 100.81 317.45 3664.3 117.92
2.4333 396.49 3606.9 108.14 341.16 3600 101.5 313.56 3676.9 118.21
2.4417 394.45 3618.6 108.24 338.7 3611.2 102.18 309.44 3689.3 118.55
2.45 392.11 3630.1 108.33 336.16 3622.4 102.87 305.11 3701.6 118.91
2.4583 389.49 3641.4 108.43 333.52 3633.5 103.56 300.6 3713.8 119.3
2.4667 386.63 3652.4 108.54 330.76 3644.5 104.24 295.95 3725.8 119.71
2.475 383.55 3663.4 108.64 327.9 3655.6 104.96 291.19 3737.6 120.13
2.4833 380.29 3674.1 108.76 324.92 3666.7 105.67 286.35 3749.3 120.56
2.4917 376.91 3684.8 108.86 321.81 3677.8 106.41 281.44 3760.8 120.98
2.5 373.45 3695.5 108.98 318.58 3688.9 107.15 276.5 3772.1 121.41
2.5083 369.96 3706.2 109.09 315.24 3700 107.9 271.52 3783.3 121.84
2.5167 366.5 3716.8 109.22 311.79 3711.1 108.65 266.52 3794.4 122.26
2.525 363.11 3727.6 109.34 308.25 3722.3 109.4 261.5 3805.2 122.68
2.5333 359.81 3738.3 109.47 304.62 3733.4 110.14 256.46 3816 123.11
2.5417 356.61 3749.1 109.58 300.92 3744.6 110.85 251.41 3826.6 123.54
2.55 353.51 3759.9 109.68 297.15 3755.8 111.54 246.34 3837.1 123.99
2.5583 350.48 3770.8 109.76 293.32 3767 112.18 241.25 3847.5 124.44
2.5667 347.5 3781.7 109.81 289.42 3778.2 112.79 236.14 3857.8 124.9
2.575 344.52 3792.7 109.83 285.44 3789.4 113.34 231.02 3868 125.37
2.5833 341.49 3803.6 109.82 281.4 3800.7 113.85 225.89 3878.2 125.85
2.5917 338.39 3814.6 109.77 277.26 3811.9 114.3 220.75 3888.3 126.33
2.6 335.18 3825.7 109.7 273.04 3823.1 114.71 215.61 3898.5 126.79
2.6083 331.81 3836.8 109.61 268.73 3834.4 115.07 210.47 3908.6 127.24
2.6167 328.29 3847.9 109.52 264.31 3845.6 115.39 205.34 3918.8 127.67
2.625 324.6 3859 109.44 259.79 3856.8 115.67 200.2 3929 128.08
2.6333 320.75 3870.1 109.39 255.17 3868 115.92 195.05 3939.3 128.46
2.6417 316.72 3881.2 109.36 250.46 3879.2 116.14 189.9 3949.6 128.81
2.65 312.55 3892.3 109.37 245.64 3890.3 116.33 184.71 3959.9 129.14
2.6583 308.23 3903.5 109.41 240.72 3901.5 116.5 179.48 3970.3 129.46
2.6667 303.8 3914.7 109.46 235.71 3912.6 116.65 174.19 3980.7 129.77
2.675 299.26 3926 109.51 230.6 3923.8 116.78 168.8 3991 130.09
2.6833 294.61 3937.4 109.56 225.38 3934.9 116.89 163.31 4001.3 130.42
2.6917 289.85 3948.8 109.6 220.06 3946 116.99 157.68 4011.6 130.77
2.7 284.96 3960.4 109.61 214.61 3957.2 117.09 151.9 4021.7 131.14
2.7083 279.91 3972 109.6 209.03 3968.4 117.18 145.95 4031.8 131.55
2.7167 274.66 3983.7 109.58 203.3 3979.6 117.27 139.81 4041.8 131.97
2.725 269.19 3995.5 109.54 197.4 3990.7 117.38 133.47 4051.7 132.42
2.7333 263.47 4007.5 109.49 191.33 4001.9 117.49 126.95 4061.5 132.87
2.7417 257.47 4019.6 109.43 185.06 4013.1 117.63 120.23 4071.4 133.32
2.75 251.2 4031.8 109.37 178.59 4024.3 117.78 113.33 4081.1 133.75
2.7583 244.66 4044.2 109.32 171.92 4035.4 117.96 106.26 4090.9 134.15
2.7667 237.86 4056.9 109.3 165.04 4046.6 118.15 99.038 4100.7 134.51
2.775 230.83 4069.7 109.31 157.95 4057.6 118.36 91.686 4110.6 134.83
2.7833 223.6 4082.8 109.37 150.67 4068.7 118.59 84.22 4120.4 135.09
2.7917 216.22 4095.9 109.51 143.22 4079.7 118.82 76.662 4130.3 135.3
2.8 208.72 4109.2 109.73 135.61 4090.6 119.06 69.027 4140.2 135.48
2.8083 201.14 4122.4 110.04 127.87 4101.6 119.3 61.331 4150 135.62
2.8167 193.53 4135.6 110.46 120.03 4112.5 119.55 53.583 4159.8 135.75
2.825 185.9 4148.6 110.98 112.13 4123.4 119.8 45.79 4169.5 135.88
2.8333 178.3 4161.4 111.6 104.2 4134.2 120.06 37.956 4179.1 136.03
2.8417 170.73 4173.9 112.3 96.266 4145.1 120.33 30.079 4188.7 136.21
2.85 163.21 4186 113.07 88.376 4155.9 120.61 22.158 4198.1 136.43
2.8583 155.74 4197.8 113.88 80.562 4166.7 120.93 14.191 4207.3 136.7
2.8667 148.33 4209.3 114.72 72.853 4177.5 121.28 6.1755 4216.5 137.03
2.875 140.95 4220.4 115.58 65.279 4188.2 121.66 -1.8901 4225.6 137.41
2.8833 133.57 4231.1 116.44 57.861 4198.8 122.08 -10.004 4234.7 137.84
2.8917 126.14 4241.6 117.3 50.615 4209.2 122.55 -18.159 4243.7 138.31
2.9 118.61 4251.8 118.17 43.552 4219.5 123.06 -26.348 4252.6 138.8
2.9083 110.92 4261.8 119.05 36.672 4229.6 123.61 -34.558 4261.6 139.32
2.9167 103.05 4271.6 119.95 29.97 4239.5 124.19 -42.773 4270.7 139.84
2.925 95.003 4281.2 120.86 23.433 4249.1 124.79 -50.975 4279.7 140.35
2.9333 86.771 4290.7 121.8 17.041 4258.4 125.41 -59.145 4288.8 140.85
2.9417 78.401 4300.1 122.77 10.772 4267.6 126.05 -67.265 4298 141.33
2.95 69.944 4309.3 123.76 4.5963 4276.5 126.69 -75.319 4307.1 141.79
2.9583 61.463 4318.4 124.79 -1.5174 4285.1 127.34 -83.291 4316.2 142.22
2.9667 53.023 4327.4 125.84 -7.6013 4293.6 127.99 -91.174 4325.3 142.63
2.975 44.687 4336.4 126.92 -13.69 4302 128.65 -98.961 4334.4 143.02
2.9833 36.497 4345.2 128.01 -19.813 4310.3 129.33 -106.65 4343.3 143.4
2.9917 28.487 4353.9 129.12 -26.002 4318.4 130.02 -114.26 4352.2 143.77
3 20.663 4362.6 130.25 -32.282 4326.6 130.73 -121.79 4361 144.13
3.0083 13.012 4371.2 131.4 -38.676 4334.8 131.47 -129.25 4369.7 144.49
3.0167 5.5069 4379.8 132.57 -45.199 4343 132.23 -136.67 4378.3 144.86
3.025 -1.8949 4388.2 133.76 -51.864 4351.3 133.03 -144.05 4386.8 145.22
3.0333 -9.2388 4396.7 134.99 -58.678 4359.7 133.87 -151.44 4395.3 145.58
3.0417 -16.568 4405 136.25 -65.642 4368.1 134.73 -158.83 4403.7 145.94
3.05 -23.916 4413.3 137.54 -72.755 4376.6 135.63 -166.24 4412.1 146.3
3.0583 -31.301 4421.6 138.87 -80.012 4385.2 136.56 -173.7 4420.4 146.65
3.0667 -38.73 4429.8 140.24 -87.406 4393.7 137.51 -181.2 4428.7 147
3.075 -46.192 4438 141.65 -94.929 4402.3 138.49 -188.75 4437.1 147.33
3.0833 -53.669 4446.1 143.08 -102.57 4410.9 139.48 -196.37 4445.4 147.65
3.0917 -61.135 4454.2 144.54 -110.33 4419.5 140.48 -204.04 4453.7 147.95
3.1 -68.568 4462.3 146 -118.2 4428.1 141.49 -211.77 4461.9 148.24
3.1083 -75.95 4470.4 147.48 -126.18 4436.6 142.51 -219.55 4470.2 148.51
3.1167 -83.276 4478.6 148.94 -134.27 4445 143.53 -227.39 4478.4 148.77
3.125 -90.553 4486.7 150.38 -142.47 4453.4 144.53 -235.28 4486.6 149.02
3.1333 -97.798 4494.9 151.79 -150.79 4461.8 145.53 -243.22 4494.8 149.26
3.1417 -105.04 4503 153.16 -159.23 4470.1 146.52 -251.22 4502.9 149.49
3.15 -112.32 4511.2 154.47 -167.81 4478.4 147.49 -259.27 4511 149.72
3.1583 -119.66 4519.5 155.7 -176.37 4486.5 148.42 -267.47 4520.2 149.1
3.1667 -127.1 4527.7 156.86 -185.21 4494.7 149.35 -275.65 4528.3 149.35
3.175 -134.67 4535.9 157.94 -194.18 4503.1 150.24 -283.88 4536.3 149.61
3.1833 -142.38 4544.1 158.92 -203.28 4511.4 151.1 -292.17 4544.3 149.87
3.1917 -150.23 4552.4 159.81 -212.51 4519.7 151.92 -300.51 4552.2 150.14
3.2 -158.23 4560.6 160.62 -221.84 4528.1 152.72 -308.89 4560.2 150.43
3.2083 -166.36 4568.9 161.36 -231.27 4536.5 153.47 -317.32 4568.2 150.72
3.2167 -174.63 4577.3 162.03 -240.79 4544.9 154.18 -325.79 4576.2 151.02
3.225 -183.02 4585.6 162.66 -250.39 4553.2 154.85 -334.29 4584.1 151.33
3.2333 -191.54 4594 163.28 -260.03 4561.6 155.5 -342.82 4592 151.65
3.2417 -200.18 4602.4 163.87 -269.75 4569.9 156.09 -351.38 4599.9 151.97
3.25 -208.94 4610.7 164.47 -279.52 4578.3 156.65 -359.98 4607.9 152.29
3.2583 -217.85 4619 165.06 -289.32 4586.6 157.18 -368.63 4615.7 152.62
3.2667 -226.91 4627.2 165.65 -299.18 4594.8 157.68 -377.35 4623.6 152.95
3.275 -236.15 4635.3 166.24 -309.09 4603.1 158.14 -386.16 4631.5 153.29
3.2833 -245.62 4643.3 166.81 -319.06 4611.4 158.57 -395.08 4639.4 153.62
3.2917 -255.35 4651.3 167.37 -329.1 4619.6 158.98 -404.14 4647.3 153.97
3.3 -265.4 4659.2 167.9 -339.19 4627.9 159.37 -413.36 4655.3 154.31
3.3083 -275.81 4667.1 168.41 -349.36 4636.2 159.75 -422.76 4663.2 154.67
3.3167 -286.61 4674.9 168.9 -359.6 4644.5 160.12 -432.36 4671.2 155.03
3.325 -297.84 4682.8 169.36 -369.93 4652.9 160.48 -442.15 4679.2 155.41
3.3333 -309.48 4690.6 169.8 -380.32 4661.3 160.86 -452.14 4687.2 155.8
3.3417 -321.52 4698.4 170.21 -390.81 4669.8 161.24 -462.3 4695.1 156.2
3.35 -333.88 4706.2 170.58 -401.38 4678.3 161.65 -472.62 4703.1 156.61
3.3583 -346.5 4713.8 170.92 -412.02 4686.7 162.08 -483.05 4711 157.03
3.3667 -359.28 4721.4 171.21 -422.74 4695.2 162.53 -493.58 4718.8 157.46
3.375 -372.12 4728.8 171.45 -433.53 4703.5 163.02 -504.16 4726.6 157.89
3.3833 -384.92 4736.1 171.64 -444.39 4711.8 163.53 -514.75 4734.2 158.32
3.3917 -397.59 4743.3 171.79 -455.3 4719.8 164.06 -525.34 4741.7 158.74
3.4 -410.04 4750.5 171.9 -466.25 4727.7 164.62 -535.89 4749 159.14
3.4083 -422.22 4757.5 171.99 -477.23 4735.3 165.19 -546.4 4756.2 159.53
3.4167 -434.09 4764.5 172.07 -488.22 4742.7 165.77 -556.87 4763.3 159.89
3.425 -445.64 4771.6 172.16 -499.2 4749.8 166.35 -567.29 4770.2 160.22
3.4333 -456.89 4778.6 172.26 -510.15 4756.5 166.92 -577.68 4776.9 160.51
3.4417 -467.86 4785.5 172.39 -521.05 4763 167.48 -588.05 4783.5 160.76
3.45 -478.6 4792.4 172.54 -531.89 4769.1 168.03 -598.43 4789.9 160.98
3.4583 -489.16 4799.2 172.72 -542.64 4775 168.55 -608.82 4796.1 161.15
3.4667 -499.57 4805.9 172.93 -553.29 4780.6 169.05 -619.24 4802.2 161.29
3.475 -509.88 4812.4 173.16 -563.84 4786 169.54 -629.7 4808 161.41
3.4833 -520.16 4818.9 173.4 -574.27 4791.2 170 -640.19 4813.7 161.5
3.4917 -530.45 4825.2 173.64 -584.59 4796.2 170.44 -650.73 4819.1 161.59
3.5 -540.77 4831.4 173.85 -594.82 4801.1 170.87 -661.29 4824.3 161.67
3.5083 -551.15 4837.4 174.05 -604.96 4805.8 171.3 -671.86 4829.2 161.78
3.5167 -561.58 4843.2 174.2 -615.03 4810.4 171.73 -682.44 4833.8 161.9
3.525 -572.07 4848.7 174.32 -625.04 4814.9 172.16 -693.01 4838.2 162.07
3.5333 -582.6 4853.9 174.39 -635.04 4819.4 172.58 -703.56 4842.3 162.27
3.5417 -593.14 4858.9 174.41 -645.03 4823.7 173.01 -714.08 4846.1 162.51
3.55 -603.67 4863.7 174.4 -655.03 4828 173.45 -724.57 4849.7 162.81
3.5583 -614.18 4868.3 174.35 -665.07 4832.1 173.88 -735.01 4853.2 163.14
3.5667 -624.65 4872.7 174.28 -675.16 4836.2 174.31 -745.41 4856.4 163.5
3.575 -635.09 4876.9 174.19 -685.31 4840.2 174.72 -755.78 4859.6 163.89
3.5833 -645.5 4881 174.09 -695.52 4844.1 175.13 -766.11 4862.7 164.3
3.5917 -655.88 4885.1 173.99 -705.8 4848 175.52 -776.41 4865.7 164.71
3.6 -666.26 4889.1 173.88 -716.14 4851.7 175.88 -786.68 4868.7 165.1
3.6083 -676.64 4893 173.78 -726.55 4855.4 176.22 -796.92 4871.7 165.48
3.6167 -687.06 4896.9 173.68 -737.01 4859 176.53 -807.12 4874.7 165.84
3.625 -697.51 4900.7 173.57 -747.53 4862.5 176.81 -817.3 4877.8 166.16
3.6333 -708.01 4904.4 173.46 -758.09 4865.9 177.05 -827.45 4880.8 166.45
3.6417 -718.54 4908.1 173.34 -768.69 4869.3 177.26 -837.57 4883.7 166.71
3.65 -729.12 4911.7 173.2 -779.32 4872.6 177.44 -847.66 4886.7 166.96
3.6583 -739.72 4915.2 173.04 -789.99 4875.8 177.59 -857.73 4889.6 167.18
3.6667 -750.33 4918.6 172.86 -800.68 4878.9 177.71 -867.79 4892.4 167.4
3.675 -760.94 4922 172.67 -811.4 4882 177.8 -877.85 4895.1 167.62
3.6833 -771.53 4925.2 172.46 -822.16 4885 177.87 -887.92 4897.8 167.84
3.6917 -782.12 4928.4 172.24 -832.96 4887.9 177.91 -898 4900.4 168.07
3.7 -792.69 4931.6 172.02 -843.8 4890.8 177.93 -908.13 4902.9 168.3
3.7083 -803.27 4934.6 171.81 -854.71 4893.6 177.93 -918.3 4905.3 168.54
3.7167 -813.88 4937.7 171.6 -865.67 4896.3 177.91 -928.53 4907.7 168.79
3.725 -824.55 4940.6 171.42 -876.71 4899.1 177.88 -938.83 4910.1 169.03
3.7333 -835.3 4943.5 171.26 -887.83 4901.8 177.84 -949.21 4912.4 169.26
3.7417 -846.16 4946.4 171.13 -899.02 4904.4 177.78 -959.66 4914.8 169.48
3.75 -857.16 4949.1 171.02 -910.3 4907 177.72 -970.19 4917.1 169.68
3.7583 -868.31 4951.7 170.92 -921.65 4909.6 177.65 -980.8 4919.4 169.86
3.7667 -879.64 4954.3 170.84 -933.09 4912.1 177.57 -991.49 4921.6 170.03
3.775 -891.14 4956.7 170.75 -944.61 4914.5 177.48 -1002.3 4923.8 170.18
3.7833 -902.82 4959 170.65 -956.2 4916.8 177.39 -1013.1 4926 170.33
3.7917 -914.67 4961.2 170.53 -967.88 4919.1 177.29 -1024 4928 170.48
3.8 -926.7 4963.3 170.38 -979.63 4921.3 177.19 -1035 4930 170.63
3.8083 -938.89 4965.3 170.18 -991.48 4923.3 177.09 -1046.1 4931.8 170.79
3.8167 -951.23 4967.3 169.95 -1003.4 4925.3 176.99 -1057.3 4933.5 170.96
3.825 -963.71 4969.3 169.68 -1015.5 4927.2 176.9 -1068.5 4935.1 171.15
3.8333 -976.33 4971.2 169.37 -1027.7 4928.9 176.82 -1079.8 4936.7 171.34
3.8417 -989.08 4973.2 169.04 -1040 4930.6 176.75 -1091.2 4938 171.53
3.85 -1002 4975.2 168.7 -1052.4 4932.2 176.69 -1102.7 4939.4 171.73
3.8583 -1015 4977.3 168.35 -1065 4933.7 176.65 -1114.2 4940.6 171.91
3.8667 -1028.3 4979.3 168.01 -1077.8 4935.1 176.62 -1125.9 4941.7 172.08
3.875 -1041.8 4981.2 167.67 -1090.7 4936.4 176.6 -1137.6 4942.8 172.23
3.8833 -1055.7 4983.1 167.32 -1103.7 4937.6 176.6 -1149.4 4943.8 172.36
3.8917 -1069.9 4984.8 166.96 -1116.8 4938.8 176.6 -1161.2 4944.7 172.47
3.9 -1084.6 4986.5 166.59 -1130 4939.9 176.6 -1173.2 4945.6 172.56
