0.0083333 -15 1.582 92.801 -29.072 84.031 85.514 -3.1348 138.61 83.045
0.016667 -13.067 9.2403 92.742 -27.295 91.934 85.46 -1.2631 146.77 83.091
0.025 -11.086 17.075 92.66 -25.451 99.961 85.389 0.58324 154.99 83.154
0.033333 -9.082 25.093 92.558 -23.542 108.11 85.298 2.4082 163.28 83.232
0.041667 -7.0711 33.308 92.442 -21.572 116.4 85.187 4.2187 171.65 83.32
0.05 -5.067 41.725 92.317 -19.552 124.8 85.058 6.0249 180.12 83.414
0.058333 -3.0728 50.351 92.19 -17.489 133.32 84.918 7.8365 188.69 83.508
0.066667 -1.0888 59.181 92.069 -15.401 141.95 84.773 9.6632 197.37 83.593
0.075 0.89034 68.2 91.961 -13.302 150.65 84.629 11.511 206.13 83.664
0.083333 2.8752 77.389 91.869 -11.21 159.4 84.498 13.384 214.97 83.714
0.091667 4.8785 86.719 91.8 -9.1421 168.19 84.388 15.278 223.87 83.741
0.1 6.9123 96.157 91.757 -7.1144 176.96 84.309 17.185 232.79 83.742
0.10833 8.988 105.67 91.74 -5.1416 185.71 84.271 19.091 241.7 83.718
0.11667 11.109 115.21 91.751 -3.2368 194.4 84.281 20.978 250.58 83.674
0.125 13.274 124.76 91.787 -1.411 203.02 84.342 22.822 259.38 83.616
0.13333 15.471 134.26 91.845 0.32714 211.54 84.459 24.601 268.09 83.551
0.14167 17.682 143.7 91.917 1.9711 219.96 84.631 26.29 276.69 83.486
0.15 19.881 153.04 91.996 3.5155 228.28 84.856 27.868 285.15 83.431
0.15833 22.043 162.27 92.073 4.9568 236.5 85.13 29.317 293.49 83.393
0.16667 24.137 171.38 92.138 6.2922 244.63 85.448 30.622 301.71 83.377
0.175 26.142 180.35 92.182 7.5199 252.68 85.806 31.775 309.82 83.389
0.18333 28.04 189.21 92.197 8.639 260.67 86.196 32.772 317.86 83.431
0.19167 29.816 197.94 92.177 9.6485 268.61 86.614 33.616 325.85 83.502
0.2 31.458 206.58 92.118 10.549 276.52 87.054 34.309 333.83 83.601
0.20833 32.962 215.13 92.022 11.342 284.39 87.511 34.859 341.84 83.724
0.21667 34.324 223.59 91.891 12.028 292.23 87.982 35.273 349.89 83.866
0.225 35.543 231.98 91.733 12.611 300.05 88.461 35.559 358.01 84.022
0.23333 36.629 240.31 91.554 13.094 307.84 88.945 35.724 366.21 84.186
0.24167 37.583 248.57 91.365 13.483 315.61 89.431 35.77 374.51 84.355
0.25 38.413 256.77 91.176 13.781 323.35 89.915 35.703 382.9 84.525
0.25833 39.12 264.91 90.995 13.995 331.07 90.393 35.52 391.38 84.697
0.26667 39.706 272.98 90.831 14.13 338.78 90.862 35.222 399.92 84.868
0.275 40.163 280.97 90.689 14.189 346.47 91.319 34.809 408.52 85.041
0.28333 40.487 288.89 90.574 14.178 354.17 91.762 34.278 417.16 85.217
0.29167 40.67 296.73 90.488 14.096 361.89 92.187 33.632 425.82 85.398
0.3 40.708 304.5 90.424 13.947 369.62 92.592 32.874 434.49 85.587
0.30833 40.61 312.21 90.387 13.728 377.4 92.976 32.007 443.14 85.782
0.31667 40.386 319.87 90.371 13.438 385.22 93.337 31.041 451.79 85.985
0.325 40.054 327.5 90.37 13.077 393.1 93.673 29.984 460.41 86.192
0.33333 39.637 335.1 90.385 12.641 401.03 93.985 28.847 469.02 86.402
0.34167 39.161 342.71 90.411 12.13 409.03 94.271 27.642 477.61 86.611
0.35 38.653 350.33 90.448 11.544 417.09 94.533 26.378 486.19 86.815
0.35833 38.138 357.96 90.493 10.884 425.21 94.771 25.066 494.75 87.01
0.36667 37.638 365.63 90.547 10.155 433.38 94.986 23.715 503.31 87.195
0.375 37.166 373.32 90.607 9.3604 441.6 95.179 22.329 511.87 87.367
0.38333 36.732 381.05 90.672 8.5071 449.87 95.354 20.914 520.42 87.528
0.39167 36.332 388.81 90.739 7.6016 458.18 95.511 19.469 528.98 87.679
0.4 35.96 396.61 90.804 6.6508 466.52 95.654 17.996 537.54 87.822
0.40833 35.602 404.44 90.866 5.6604 474.91 95.785 16.493 546.11 87.962
0.41667 35.236 412.31 90.919 4.6347 483.34 95.906 14.958 554.69 88.101
0.425 34.844 420.2 90.963 3.5763 491.81 96.018 13.39 563.28 88.243
0.43333 34.402 428.13 90.997 2.4861 500.34 96.121 11.787 571.89 88.391
0.44167 33.892 436.09 91.016 1.3616 508.92 96.216 10.149 580.53 88.546
0.45 33.301 444.09 91.027 0.20029 517.57 96.301 8.475 589.19 88.706
0.45833 32.623 452.13 91.031 -1.0035 526.29 96.375 6.7657 597.88 88.87
0.46667 31.852 460.24 91.031 -2.2551 535.1 96.436 5.0218 606.59 89.035
0.475 30.993 468.42 91.032 -3.561 543.99 96.484 3.2427 615.33 89.196
0.48333 30.049 476.69 91.038 -4.9272 552.97 96.517 1.4278 624.08 89.35
0.49167 29.042 485.07 91.055 -6.3591 562.05 96.537 -0.4252 632.85 89.493
0.5 27.974 493.59 91.087 -7.8613 571.23 96.545 -2.3192 641.62 89.621
0.50833 26.856 502.25 91.137 -9.4374 580.52 96.546 -4.2603 650.38 89.736
0.51667 25.692 511.05 91.209 -11.091 589.91 96.543 -6.2552 659.14 89.835
0.525 24.486 520.01 91.306 -12.823 599.4 96.545 -8.3114 667.88 89.923
0.53333 23.22 529.12 91.42 -14.637 608.98 96.558 -10.437 676.62 90.001
0.54167 21.894 538.39 91.552 -16.534 618.66 96.591 -12.642 685.37 90.075
0.55 20.492 547.84 91.691 -18.517 628.42 96.65 -14.934 694.14 90.148
0.55833 19.005 557.47 91.828 -20.591 638.25 96.741 -17.318 702.94 90.224
0.56667 17.42 567.3 91.952 -22.761 648.15 96.869 -19.801 711.8 90.306
0.575 15.731 577.35 92.054 -25.031 658.11 97.036 -22.384 720.75 90.395
0.58333 13.932 587.65 92.127 -27.408 668.13 97.242 -25.068 729.8 90.489
0.59167 12.016 598.22 92.167 -29.897 678.19 97.483 -27.851 738.97 90.586
0.6 9.9835 609.06 92.178 -32.502 688.31 97.756 -30.729 748.27 90.683
0.60833 7.8344 620.18 92.168 -35.224 698.48 98.053 -33.697 757.7 90.775
0.61667 5.5706 631.57 92.15 -38.06 708.7 98.366 -36.749 767.26 90.857
0.625 3.2012 643.22 92.143 -41.006 718.98 98.688 -39.879 776.93 90.927
0.63333 0.72842 655.09 92.167 -44.051 729.33 99.011 -43.081 786.7 90.982
0.64167 -1.836 667.15 92.24 -47.18 739.76 99.33 -46.349 796.53 91.024
0.65 -4.4871 679.34 92.376 -50.377 750.26 99.638 -49.679 806.41 91.055
0.65833 -7.2182 691.61 92.586 -53.62 760.83 99.935 -53.066 816.3 91.082
0.66667 -10.022 703.91 92.871 -56.889 771.47 100.22 -56.507 826.18 91.112
0.675 -12.896 716.18 93.226 -60.16 782.18 100.48 -59.998 836.04 91.154
0.68333 -15.832 728.38 93.64 -63.411 792.91 100.74 -63.534 845.86 91.217
0.69167 -18.828 740.45 94.094 -66.621 803.66 100.98 -67.107 855.64 91.31
0.7 -21.872 752.34 94.572 -69.773 814.4 101.21 -70.709 865.37 91.438
0.70833 -24.954 764.02 95.052 -72.851 825.08 101.44 -74.327 875.06 91.606
0.71667 -28.062 775.46 95.518 -75.845 835.68 101.65 -77.948 884.72 91.814
0.725 -31.188 786.66 95.959 -78.75 846.17 101.86 -81.553 894.37 92.059
0.73333 -34.323 797.62 96.373 -81.564 856.51 102.06 -85.123 904.02 92.332
0.74167 -37.481 808.38 96.764 -84.291 866.68 102.25 -88.638 913.68 92.625
0.75 -40.662 818.97 97.144 -86.938 876.68 102.42 -92.078 923.36 92.926
0.75833 -43.881 829.45 97.526 -89.512 886.48 102.57 -95.424 933.06 93.223
0.76667 -47.139 839.84 97.924 -92.026 896.1 102.7 -98.658 942.79 93.503
0.775 -50.431 850.18 98.35 -94.492 905.55 102.8 -101.77 952.53 93.758
0.78333 -53.742 860.49 98.81 -96.92 914.84 102.88 -104.76 962.3 93.979
0.79167 -57.056 870.77 99.311 -99.322 924.01 102.94 -107.61 972.08 94.164
0.8 -60.352 881.04 99.851 -101.71 933.09 102.97 -110.34 981.86 94.31
0.80833 -63.608 891.27 100.43 -104.09 942.09 102.98 -112.95 991.64 94.42
0.81667 -66.795 901.46 101.03 -106.46 951.05 102.97 -115.46 1001.4 94.497
0.825 -69.897 911.59 101.65 -108.85 959.99 102.94 -117.87 1011.2 94.547
0.83333 -72.899 921.63 102.29 -111.25 968.94 102.91 -120.22 1020.9 94.575
0.84167 -75.788 931.58 102.92 -113.66 977.91 102.86 -122.51 1030.6 94.588
0.85 -78.564 941.42 103.56 -116.09 986.9 102.82 -124.77 1040.3 94.591
0.85833 -81.233 951.16 104.19 -118.54 995.93 102.77 -127 1050 94.586
0.86667 -83.808 960.8 104.81 -121.02 1005 102.72 -129.21 1059.7 94.577
0.875 -86.314 970.34 105.43 -123.51 1014.1 102.67 -131.41 1069.3 94.564
0.88333 -88.772 979.81 106.06 -126.02 1023.2 102.63 -133.62 1079 94.546
0.89167 -91.209 989.21 106.7 -128.55 1032.4 102.6 -135.82 1088.6 94.522
0.9 -93.649 998.56 107.35 -131.09 1041.5 102.57 -138.02 1098.2 94.489
0.90833 -96.109 1007.9 108.02 -133.65 1050.8 102.55 -140.22 1107.8 94.446
0.91667 -98.601 1017.2 108.71 -136.22 1060 102.55 -142.41 1117.5 94.393
0.925 -101.12 1026.4 109.42 -138.8 1069.3 102.56 -144.61 1127.1 94.328
0.93333 -103.67 1035.6 110.14 -141.4 1078.6 102.58 -146.81 1136.7 94.254
0.94167 -106.24 1044.9 110.88 -144.02 1087.9 102.63 -149.01 1146.4 94.172
0.95 -108.8 1054.1 111.62 -146.65 1097.3 102.7 -151.22 1156.1 94.085
0.95833 -111.33 1063.3 112.36 -149.31 1106.7 102.8 -153.45 1165.8 93.996
0.96667 -113.81 1072.5 113.08 -151.99 1116.3 102.91 -155.68 1175.5 93.909
0.975 -116.23 1081.7 113.78 -154.71 1125.8 103.05 -157.94 1185.3 93.827
0.98333 -118.57 1091 114.46 -157.46 1135.5 103.21 -160.21 1195.1 93.751
0.99167 -120.81 1100.4 115.09 -160.26 1145.2 103.4 -162.51 1205 93.683
1 -122.98 1109.9 115.69 -163.09 1155 103.6 -164.83 1214.9 93.623
1.0083 -125.06 1119.6 116.24 -165.97 1164.9 103.81 -167.17 1224.8 93.569
1.0167 -127.08 1129.4 116.75 -168.88 1174.9 104.04 -169.53 1234.8 93.521
1.025 -129.05 1139.4 117.21 -171.83 1184.9 104.27 -171.9 1244.9 93.474
1.0333 -130.99 1149.5 117.62 -174.82 1195 104.51 -174.28 1255 93.428
1.0417 -132.94 1159.8 118 -177.83 1205.2 104.76 -176.67 1265.1 93.378
1.05 -134.93 1170.3 118.35 -180.85 1215.4 105.02 -179.07 1275.3 93.323
1.0583 -136.98 1180.9 118.67 -183.89 1225.6 105.27 -181.49 1285.5 93.26
1.0667 -139.15 1191.7 118.97 -186.93 1235.9 105.54 -183.91 1295.8 93.189
1.075 -141.44 1202.5 119.26 -189.97 1246.2 105.8 -186.34 1306.2 93.111
1.0833 -143.87 1213.3 119.52 -193.01 1256.5 106.07 -188.8 1316.6 93.024
1.0917 -146.43 1224.1 119.76 -196.04 1266.9 106.33 -191.28 1327 92.932
1.1 -149.11 1234.9 119.98 -199.06 1277.2 106.59 -193.8 1337.5 92.837
1.1083 -151.91 1245.6 120.17 -202.07 1287.7 106.85 -196.36 1348.1 92.74
1.1167 -154.8 1256.4 120.33 -205.07 1298.2 107.09 -198.95 1358.7 92.645
1.125 -157.8 1267.1 120.47 -208.06 1308.7 107.31 -201.6 1369.5 92.555
1.1333 -160.9 1277.9 120.59 -211.04 1319.4 107.51 -204.3 1380.2 92.473
1.1417 -164.12 1288.8 120.69 -214.01 1330.1 107.69 -207.05 1391.1 92.401
1.15 -167.46 1299.9 120.77 -216.98 1340.9 107.84 -209.86 1402 92.342
1.1583 -170.93 1311.1 120.83 -219.93 1351.8 107.96 -212.72 1413.1 92.296
1.1667 -174.55 1322.6 120.88 -222.88 1362.8 108.04 -215.64 1424.2 92.266
1.175 -178.33 1334.2 120.92 -225.82 1373.9 108.09 -218.62 1435.4 92.249
1.1833 -182.27 1346.1 120.94 -228.76 1385.2 108.11 -221.64 1446.7 92.247
1.1917 -186.36 1358.1 120.95 -231.7 1396.4 108.11 -224.72 1458.1 92.255
1.2 -190.62 1370.2 120.95 -234.66 1407.8 108.09 -227.84 1469.5 92.273
1.2083 -195.01 1382.5 120.93 -237.65 1419.2 108.06 -231.02 1481 92.295
1.2167 -199.53 1394.7 120.91 -240.67 1430.6 108.04 -234.24 1492.5 92.317
1.225 -204.13 1406.8 120.88 -243.75 1442 108.03 -237.5 1504 92.337
1.2333 -208.77 1418.9 120.88 -246.89 1453.4 108.04 -240.81 1515.4 92.349
1.2417 -213.4 1430.8 120.89 -250.12 1464.8 108.08 -244.17 1526.7 92.35
1.25 -217.98 1442.7 120.93 -253.43 1476.1 108.17 -247.57 1537.9 92.338
1.2583 -222.45 1454.4 121.01 -256.84 1487.3 108.32 -251.02 1549 92.313
1.2667 -226.79 1465.9 121.12 -260.35 1498.4 108.53 -254.53 1559.9 92.274
1.275 -230.98 1477.4 121.26 -263.95 1509.3 108.8 -258.1 1570.6 92.224
1.2833 -235.01 1488.7 121.42 -267.65 1520.2 109.14 -261.74 1581.2 92.167
1.2917 -238.89 1499.9 121.58 -271.42 1530.8 109.54 -265.47 1591.5 92.109
1.3 -242.62 1510.9 121.75 -275.26 1541.4 110.01 -269.3 1601.8 92.055
1.3083 -246.23 1521.9 121.9 -279.16 1551.7 110.53 -273.24 1611.9 92.013
1.3167 -249.73 1532.8 122.03 -283.09 1561.9 111.09 -277.31 1621.9 91.991
1.325 -253.15 1543.7 122.12 -287.05 1571.9 111.69 -281.52 1631.9 91.995
1.3333 -256.51 1554.5 122.17 -291.02 1581.8 112.31 -285.9 1641.8 92.031
1.3417 -259.84 1565.3 122.18 -294.99 1591.5 112.96 -290.43 1651.7 92.105
1.35 -263.19 1576.1 122.15 -298.95 1601 113.61 -295.15 1661.7 92.218
1.3583 -266.6 1586.8 122.09 -302.91 1610.4 114.27 -300.03 1671.6 92.371
1.3667 -270.11 1597.4 122.02 -306.87 1619.7 114.93 -305.09 1681.6 92.564
1.375 -273.75 1608 121.94 -310.82 1628.8 115.58 -310.32 1691.5 92.793
1.3833 -277.54 1618.4 121.87 -314.79 1637.9 116.23 -315.71 1701.5 93.053
1.3917 -281.49 1628.7 121.82 -318.79 1646.9 116.86 -321.23 1711.4 93.338
1.4 -285.61 1638.8 121.79 -322.82 1655.8 117.49 -326.88 1721.3 93.64
1.4083 -289.88 1648.8 121.79 -326.89 1664.7 118.1 -332.63 1731.2 93.951
1.4167 -294.28 1658.6 121.82 -331.02 1673.5 118.71 -338.47 1741 94.263
1.425 -298.79 1668.2 121.88 -335.21 1682.3 119.3 -344.37 1750.6 94.568
1.4333 -303.38 1677.7 121.95 -339.46 1691.1 119.87 -350.3 1760.2 94.859
1.4417 -308.03 1687 122.02 -343.78 1699.8 120.43 -356.26 1769.7 95.13
1.45 -312.72 1696.2 122.09 -348.18 1708.6 120.96 -362.23 1779.1 95.375
1.4583 -317.42 1705.2 122.15 -352.64 1717.4 121.46 -368.19 1788.3 95.593
1.4667 -322.12 1714.2 122.18 -357.17 1726.1 121.93 -374.13 1797.5 95.78
1.475 -326.81 1723.2 122.18 -361.77 1734.9 122.37 -380.06 1806.6 95.937
1.4833 -331.49 1732.1 122.15 -366.45 1743.8 122.78 -385.95 1815.6 96.065
1.4917 -336.16 1741 122.09 -371.2 1752.7 123.14 -391.82 1824.5 96.168
1.5 -340.82 1749.9 122.01 -376.04 1761.6 123.48 -397.67 1833.4 96.248
1.5083 -345.48 1758.8 121.91 -380.96 1770.6 123.78 -403.5 1842.2 96.31
1.5167 -350.16 1767.7 121.79 -385.98 1779.6 124.06 -409.32 1851 96.359
1.525 -354.87 1776.6 121.67 -391.09 1788.8 124.31 -415.13 1859.7 96.397
1.5333 -359.62 1785.6 121.55 -396.3 1798 124.54 -420.93 1868.5 96.427
1.5417 -364.43 1794.6 121.44 -401.6 1807.2 124.75 -426.74 1877.2 96.451
1.55 -369.32 1803.6 121.34 -407 1816.5 124.95 -432.55 1885.9 96.467
1.5583 -374.28 1812.6 121.25 -412.49 1825.9 125.13 -438.37 1894.6 96.475
1.5667 -379.34 1821.6 121.18 -418.06 1835.3 125.29 -444.2 1903.3 96.469
1.575 -384.5 1830.7 121.13 -423.7 1844.8 125.44 -450.05 1912 96.448
1.5833 -389.78 1839.7 121.09 -429.42 1854.2 125.56 -455.9 1920.8 96.407
1.5917 -395.19 1848.8 121.06 -435.19 1863.7 125.66 -461.76 1929.6 96.341
1.6 -400.73 1857.9 121.03 -441.02 1873.2 125.74 -467.63 1938.4 96.247
1.6083 -406.4 1867 120.98 -446.9 1882.7 125.78 -473.51 1947.3 96.125
1.6167 -412.2 1876.2 120.93 -452.85 1892.3 125.8 -479.39 1956.2 95.975
1.625 -418.11 1885.5 120.86 -458.85 1901.8 125.79 -485.29 1965.2 95.798
1.6333 -424.12 1894.8 120.78 -464.91 1911.4 125.75 -491.19 1974.2 95.601
1.6417 -430.22 1904.1 120.69 -471.05 1921.1 125.7 -497.11 1983.2 95.386
1.65 -436.4 1913.5 120.6 -477.26 1930.8 125.64 -503.05 1992.2 95.161
1.6583 -442.65 1923 120.5 -483.55 1940.6 125.57 -509.02 2001.2 94.93
1.6667 -448.99 1932.5 120.4 -489.93 1950.4 125.51 -515.03 2010.3 94.699
1.675 -455.42 1942 120.3 -496.39 1960.3 125.45 -521.07 2019.4 94.469
1.6833 -461.97 1951.6 120.2 -502.95 1970.2 125.41 -527.17 2028.6 94.243
1.6917 -468.65 1961.2 120.1 -509.6 1980.1 125.38 -533.31 2037.9 94.018
1.7 -475.48 1971 119.99 -516.34 1990 125.37 -539.51 2047.3 93.791
1.7083 -482.49 1981 119.89 -523.16 2000 125.37 -545.77 2056.7 93.56
1.7167 -489.69 1991 119.79 -530.06 2009.9 125.39 -552.09 2066.4 93.317
1.725 -497.08 2001.3 119.7 -537.02 2019.8 125.41 -558.46 2076.1 93.061
1.7333 -504.64 2011.7 119.62 -544.05 2029.7 125.44 -564.87 2086 92.785
1.7417 -512.35 2022.3 119.57 -551.14 2039.6 125.47 -571.34 2096 92.491
1.75 -520.18 2033 119.55 -558.27 2049.5 125.49 -577.84 2106.1 92.179
1.7583 -528.1 2043.9 119.57 -565.43 2059.5 125.51 -584.36 2116.3 91.853
1.7667 -536.07 2054.8 119.63 -572.61 2069.5 125.51 -590.91 2126.5 91.519
1.775 -544.05 2065.7 119.73 -579.8 2079.5 125.49 -597.47 2136.7 91.186
1.7833 -551.99 2076.6 119.87 -586.97 2089.7 125.46 -604.02 2146.8 90.861
1.7917 -559.88 2087.4 120.04 -594.12 2099.9 125.4 -610.55 2156.9 90.553
1.8 -567.67 2098.1 120.23 -601.21 2110.2 125.32 -617.06 2167 90.268
1.8083 -575.33 2108.5 120.42 -608.21 2120.6 125.21 -623.52 2176.9 90.011
1.8167 -582.84 2118.8 120.59 -615.12 2131.1 125.06 -629.93 2186.8 89.783
1.825 -590.19 2128.9 120.72 -621.89 2141.6 124.87 -636.26 2196.6 89.583
1.8333 -597.38 2138.7 120.82 -628.51 2152.1 124.64 -642.49 2206.3 89.405
1.8417 -604.41 2148.4 120.87 -634.96 2162.5 124.37 -648.61 2216.1 89.242
1.85 -611.3 2157.9 120.88 -641.22 2173 124.04 -654.61 2225.9 89.085
1.8583 -618.08 2167.3 120.85 -647.28 2183.3 123.67 -660.45 2235.7 88.924
1.8667 -624.75 2176.7 120.79 -653.15 2193.4 123.25 -666.14 2245.7 88.748
1.875 -631.33 2186 120.72 -658.82 2203.5 122.78 -671.66 2255.8 88.55
1.8833 -637.8 2195.3 120.65 -664.32 2213.4 122.28 -676.99 2266 88.322
1.8917 -644.15 2204.6 120.57 -669.66 2223.1 121.74 -682.13 2276.5 88.06
1.9 -650.36 2214 120.52 -674.86 2232.7 121.17 -687.07 2287.1 87.766
1.9083 -656.42 2223.4 120.48 -679.94 2242.2 120.59 -691.82 2297.9 87.441
1.9167 -662.3 2232.9 120.46 -684.93 2251.6 119.99 -696.37 2308.8 87.09
1.925 -667.99 2242.4 120.46 -689.84 2260.9 119.39 -700.74 2319.8 86.719
1.9333 -673.48 2252 120.48 -694.68 2270.2 118.79 -704.92 2331 86.335
1.9417 -678.76 2261.7 120.5 -699.48 2279.5 118.19 -708.92 2342.1 85.945
1.95 -683.85 2271.3 120.52 -704.24 2288.9 117.6 -712.76 2353.4 85.552
1.9583 -688.76 2280.9 120.54 -708.96 2298.2 117.01 -716.43 2364.6 85.162
1.9667 -693.5 2290.5 120.54 -713.64 2307.7 116.44 -719.97 2375.8 84.774
1.975 -698.1 2300 120.53 -718.28 2317.2 115.87 -723.36 2387 84.391
1.9833 -702.59 2309.5 120.51 -722.88 2326.8 115.31 -726.63 2398.2 84.01
1.9917 -706.98 2318.9 120.46 -727.43 2336.5 114.76 -729.79 2409.3 83.629
2 -711.31 2328.3 120.41 -731.92 2346.2 114.21 -732.84 2420.4 83.245
2.0083 -715.58 2337.7 120.35 -736.37 2356 113.68 -735.8 2431.5 82.857
2.0167 -719.83 2347 120.29 -740.76 2365.9 113.16 -738.69 2442.5 82.461
2.025 -724.04 2356.3 120.23 -745.09 2375.9 112.66 -741.5 2453.5 82.055
2.0333 -728.24 2365.6 120.18 -749.38 2385.9 112.18 -744.26 2464.4 81.639
2.0417 -732.42 2374.8 120.14 -753.63 2396 111.72 -746.98 2475.3 81.213
2.05 -736.58 2384.1 120.12 -757.84 2406.2 111.29 -749.66 2486.2 80.776
2.0583 -740.71 2393.3 120.1 -762.01 2416.5 110.89 -752.32 2497 80.332
2.0667 -744.84 2402.6 120.11 -766.16 2426.9 110.53 -754.97 2507.8 79.881
2.075 -748.94 2411.9 120.12 -770.27 2437.3 110.2 -757.6 2518.6 79.427
2.0833 -753.01 2421.2 120.14 -774.36 2447.9 109.9 -760.23 2529.4 78.972
2.0917 -757.06 2430.7 120.17 -778.41 2458.6 109.64 -762.86 2540.1 78.52
2.1 -761.07 2440.2 120.2 -782.43 2469.4 109.41 -765.49 2550.9 78.074
2.1083 -765.02 2449.9 120.23 -786.41 2480.2 109.2 -768.12 2561.8 77.638
2.1167 -768.93 2459.7 120.25 -790.34 2491.1 109.02 -770.75 2572.6 77.214
2.125 -772.77 2469.7 120.26 -794.21 2502.1 108.87 -773.38 2583.6 76.807
2.1333 -776.53 2479.8 120.26 -798.03 2513.2 108.74 -776 2594.6 76.416
2.1417 -780.23 2490.1 120.24 -801.77 2524.3 108.63 -778.61 2605.7 76.044
2.15 -783.86 2500.6 120.22 -805.44 2535.5 108.54 -781.19 2616.8 75.69
2.1583 -787.43 2511.3 120.2 -809.04 2546.7 108.47 -783.74 2628 75.353
2.1667 -790.98 2522.1 120.18 -812.55 2558.1 108.42 -786.24 2639.3 75.031
2.175 -794.53 2533.1 120.16 -815.98 2569.5 108.39 -788.69 2650.7 74.72
2.1833 -798.09 2544.1 120.15 -819.32 2581 108.37 -791.08 2662.1 74.416
2.1917 -801.69 2555.1 120.14 -822.57 2592.5 108.37 -793.4 2673.5 74.116
2.2 -805.33 2566.2 120.13 -825.73 2604.2 108.37 -795.63 2685 73.815
2.2083 -809.02 2577.4 120.12 -828.8 2616 108.36 -797.77 2696.6 73.512
2.2167 -812.76 2588.6 120.12 -831.77 2627.9 108.36 -799.83 2708.1 73.206
2.225 -816.56 2599.9 120.12 -834.64 2639.8 108.34 -801.79 2719.8 72.898
2.2333 -820.43 2611.3 120.11 -837.41 2651.9 108.3 -803.65 2731.6 72.59
2.2417 -824.38 2622.9 120.11 -840.07 2664.1 108.24 -805.42 2743.4 72.287
2.25 -828.41 2634.6 120.1 -842.62 2676.3 108.15 -807.11 2755.4 71.993
2.2583 -832.52 2646.6 120.08 -845.06 2688.7 108.03 -808.72 2767.6 71.713
2.2667 -836.7 2658.8 120.04 -847.4 2701.1 107.87 -810.25 2779.9 71.452
2.275 -840.9 2671.1 119.98 -849.64 2713.5 107.69 -811.71 2792.3 71.214
2.2833 -845.09 2683.7 119.88 -851.79 2726 107.47 -813.1 2804.9 70.999
2.2917 -849.23 2696.4 119.72 -853.85 2738.5 107.22 -814.44 2817.6 70.806
2.3 -853.26 2709.2 119.51 -855.86 2751.1 106.95 -815.72 2830.4 70.631
2.3083 -857.13 2722 119.23 -857.83 2763.6 106.66 -816.95 2843.2 70.467
2.3167 -860.81 2734.8 118.89 -859.78 2776.1 106.35 -818.14 2856 70.307
2.325 -864.25 2747.6 118.49 -861.74 2788.5 106.03 -819.27 2868.7 70.141
2.3333 -867.42 2760.2 118.05 -863.7 2800.8 105.71 -820.37 2881.4 69.962
2.3417 -870.3 2772.7 117.59 -865.71 2813.1 105.39 -821.43 2894 69.763
2.35 -872.89 2785 117.1 -867.75 2825.2 105.07 -822.47 2906.3 69.538
2.3583 -875.2 2797.2 116.62 -869.84 2837.2 104.77 -823.48 2918.5 69.286
2.3667 -877.27 2809.2 116.14 -871.96 2849 104.47 -824.49 2930.6 69.009
2.375 -879.14 2821.1 115.68 -874.12 2860.6 104.19 -825.51 2942.4 68.71
2.3833 -880.85 2832.9 115.22 -876.29 2872.1 103.93 -826.55 2954 68.398
2.3917 -882.43 2844.7 114.77 -878.46 2883.3 103.68 -827.63 2965.5 68.079
2.4 -883.91 2856.4 114.32 -880.6 2894.3 103.44 -828.75 2976.9 67.763
2.4083 -885.29 2868.2 113.85 -882.69 2905.1 103.22 -829.92 2988.1 67.459
2.4167 -886.59 2879.9 113.35 -884.72 2915.7 103 -831.15 2999.2 67.173
2.425 -887.8 2891.8 112.81 -886.66 2926 102.79 -832.44 3010.3 66.909
2.4333 -888.92 2903.6 112.23 -888.51 2936.3 102.58 -833.78 3021.2 66.672
2.4417 -889.97 2915.5 111.59 -890.25 2946.3 102.37 -835.18 3032.1 66.459
2.45 -890.95 2927.3 110.89 -891.87 2956.3 102.15 -836.6 3043 66.268
2.4583 -891.87 2939 110.14 -893.39 2966.1 101.93 -838.06 3053.8 66.096
2.4667 -892.75 2950.6 109.36 -894.8 2975.9 101.7 -839.52 3064.6 65.937
2.475 -893.59 2962.1 108.55 -896.1 2985.7 101.46 -840.98 3075.3 65.787
2.4833 -894.4 2973.4 107.72 -897.32 2995.5 101.21 -842.42 3086 65.64
2.4917 -895.2 2984.5 106.9 -898.46 3005.3 100.96 -843.83 3096.6 65.495
2.5 -895.98 2995.4 106.09 -899.54 3015.2 100.71 -845.19 3107.2 65.348
2.5083 -896.75 3006.2 105.29 -900.57 3025.1 100.45 -846.5 3117.6 65.2
2.5167 -897.53 3016.8 104.51 -901.55 3035.1 100.19 -847.76 3128.1 65.049
2.525 -898.32 3027.3 103.75 -902.51 3045.1 99.931 -848.96 3138.4 64.896
2.5333 -899.1 3037.7 102.99 -903.44 3055.1 99.662 -850.09 3148.7 64.741
2.5417 -899.89 3048 102.24 -904.36 3065.2 99.384 -851.17 3159 64.583
2.55 -900.67 3058.4 101.47 -905.25 3075.3 99.093 -852.18 3169.1 64.418
2.5583 -901.43 3068.7 100.67 -906.12 3085.5 98.786 -853.13 3179.2 64.245
2.5667 -902.17 3079 99.837 -906.97 3095.7 98.46 -854.01 3189.3 64.058
2.575 -902.87 3089.3 98.964 -907.79 3106 98.112 -854.84 3199.3 63.853
2.5833 -903.52 3099.7 98.049 -908.58 3116.3 97.739 -855.6 3209.2 63.625
2.5917 -904.12 3110 97.095 -909.33 3126.7 97.343 -856.31 3219 63.371
2.6 -904.67 3120.3 96.107 -910.03 3137.1 96.923 -856.97 3228.9 63.091
2.6083 -905.18 3130.6 95.098 -910.69 3147.6 96.484 -857.58 3238.7 62.785
2.6167 -905.66 3141 94.081 -911.29 3158.2 96.03 -858.14 3248.4 62.458
2.625 -906.11 3151.3 93.071 -911.83 3168.9 95.566 -858.66 3258.2 62.115
2.6333 -906.56 3161.6 92.084 -912.33 3179.7 95.096 -859.14 3268 61.765
2.6417 -907.02 3171.9 91.137 -912.76 3190.6 94.625 -859.59 3277.9 61.418
2.65 -907.51 3182.3 90.242 -913.15 3201.5 94.154 -860.01 3287.8 61.081
2.6583 -908.04 3192.7 89.41 -913.5 3212.4 93.684 -860.4 3297.7 60.761
2.6667 -908.61 3203.2 88.649 -913.83 3223.3 93.193 -860.75 3307.8 60.464
2.675 -909.24 3213.7 87.961 -914.12 3234.2 92.721 -861.07 3317.8 60.191
2.6833 -909.92 3224.4 87.346 -914.39 3245.1 92.271 -861.34 3328 59.937
2.6917 -910.64 3235.1 86.8 -914.63 3256.1 91.825 -861.57 3338.2 59.697
2.7 -911.4 3245.9 86.31 -914.84 3267.1 91.404 -861.73 3348.4 59.461
2.7083 -912.16 3256.7 85.876 -915.03 3278.1 91 -861.83 3358.6 59.218
2.7167 -912.87 3267.7 85.502 -915.18 3289.2 90.606 -861.86 3368.9 58.958
2.725 -913.54 3278.7 85.134 -915.09 3300.1 90.147 -861.79 3379.1 58.668
2.7333 -914.08 3289.7 84.798 -915.02 3311.4 89.823 -861.65 3389.2 58.337
2.7417 -914.52 3301 84.484 -914.81 3322.7 89.524 -861.48 3399.3 57.976
2.75 -914.8 3312 84.19 -914.63 3334 89.165 -861.18 3409.5 57.576
2.7583 -914.96 3323.6 83.909 -914.22 3345.7 89.03 -860.92 3419.5 57.138
2.7667 -914.98 3334.8 83.636 -913.96 3357.3 88.717 -860.53 3429.7 56.681
2.775 -914.89 3346.6 83.375 -913.46 3369.2 88.656 -860.19 3439.7 56.207
2.7833 -914.71 3358.3 83.109 -913.15 3380.8 88.364 -859.74 3450 55.739
2.7917 -914.48 3370.4 82.84 -912.73 3392.9 88.356 -859.36 3460.2 55.274
2.8 -914.18 3382.6 82.57 -912.34 3404.4 88.068 -858.82 3470.7 54.849
2.8083 -913.87 3395.1 82.272 -911.99 3416.3 87.944 -858.33 3481.2 54.446
2.8167 -913.55 3408 81.967 -911.65 3428 87.771 -857.76 3491.9 54.079
2.825 -913.26 3421.3 81.623 -911.23 3439.9 87.689 -857.2 3502.7 53.741
2.8333 -912.93 3434.7 81.275 -910.86 3451.6 87.487 -856.48 3513.7 53.427
2.8417 -912.58 3448.2 80.894 -910.53 3463.7 87.424 -855.68 3524.8 53.123
2.85 -912.19 3461.9 80.501 -910.1 3475.6 87.266 -854.8 3536 52.829
2.8583 -911.72 3475.6 80.1 -909.57 3487.7 87.107 -853.76 3547.1 52.516
2.8667 -911.16 3489.2 79.685 -908.94 3499.8 86.912 -852.6 3558.3 52.175
2.875 -910.51 3502.6 79.26 -908.23 3511.9 86.635 -851.31 3569.4 51.8
2.8833 -909.76 3515.7 78.821 -907.44 3523.9 86.279 -849.89 3580.5 51.383
2.8917 -908.92 3528.5 78.365 -906.52 3536 85.869 -848.35 3591.4 50.923
2.9 -908.02 3541 77.883 -905.44 3548.2 85.411 -846.69 3602.2 50.422
2.9083 -907.07 3553 77.37 -904.17 3560.5 84.901 -844.93 3612.9 49.885
2.9167 -906.08 3564.7 76.82 -902.7 3572.8 84.338 -843.06 3623.4 49.322
2.925 -905.09 3576.1 76.23 -901.03 3585.1 83.714 -841.07 3633.9 48.741
2.9333 -904.1 3587 75.602 -899.16 3597.4 83.026 -838.96 3644.3 48.155
2.9417 -903.1 3597.8 74.944 -897.11 3609.7 82.27 -836.71 3654.6 47.571
2.95 -902.09 3608.2 74.265 -894.87 3621.8 81.441 -834.28 3664.9 46.999
2.9583 -901.05 3618.5 73.58 -892.48 3633.8 80.541 -831.67 3675.3 46.442
2.9667 -899.94 3628.7 72.904 -889.95 3645.6 79.569 -828.82 3685.7 45.905
2.975 -898.69 3638.8 72.251 -887.28 3657.1 78.529 -825.71 3696.1 45.386
2.9833 -897.25 3648.8 71.635 -884.5 3668.5 77.43 -822.32 3706.7 44.885
2.9917 -895.54 3658.8 71.066 -881.6 3679.6 76.279 -818.61 3717.3 44.398
3 -893.51 3668.6 70.546 -878.59 3690.6 75.086 -814.59 3728 43.921
3.0083 -891.11 3678.2 70.07 -875.46 3701.3 73.862 -810.25 3738.8 43.451
3.0167 -888.35 3687.7 69.63 -872.21 3711.8 72.618 -805.62 3749.6 42.986
3.025 -885.28 3697 69.209 -868.83 3722.2 71.364 -800.7 3760.4 42.525
3.0333 -881.94 3706 68.791 -865.3 3732.5 70.108 -795.55 3771.1 42.069
3.0417 -878.38 3714.9 68.361 -861.62 3742.6 68.858 -790.2 3781.8 41.617
3.05 -874.67 3723.5 67.905 -857.77 3752.6 67.617 -784.69 3792.5 41.172
3.0583 -870.84 3732.1 67.413 -853.77 3762.5 66.391 -779.07 3803 40.736
3.0667 -866.95 3740.4 66.88 -849.6 3772.3 65.182 -773.38 3813.3 40.308
3.075 -863.06 3748.7 66.305 -845.27 3782.1 63.992 -767.67 3823.5 39.888
3.0833 -859.2 3757 65.693 -840.79 3791.8 62.821 -761.94 3833.5 39.476
3.0917 -855.4 3765.3 65.049 -836.17 3801.5 61.688 -756.23 3843.3 39.066
3.1 -851.69 3773.6 64.384 -831.42 3811.2 60.557 -750.54 3852.8 38.656
3.1083 -848.08 3782 63.706 -826.55 3820.8 59.474 -744.88 3862.2 38.241
3.1167 -844.54 3790.4 63.027 -821.57 3830.5 58.404 -739.23 3871.4 37.818
3.125 -841.06 3798.9 62.357 -816.49 3840.1 57.388 -733.6 3880.4 37.383
3.1333 -837.6 3807.4 61.704 -811.32 3849.7 56.387 -727.97 3889.2 36.933
3.1417 -834.14 3815.8 61.076 -806.06 3859.3 55.437 -722.32 3897.8 36.471
3.15 -830.64 3824.2 60.479 -800.71 3868.9 54.525 -716.66 3906.4 35.997
3.1583 -827.05 3832.6 59.914 -795.28 3878.5 53.652 -710.97 3914.8 35.514
3.1667 -823.37 3840.9 59.383 -789.77 3888 52.815 -705.24 3923.1 35.03
3.175 -819.57 3849.1 58.888 -784.19 3897.5 52.017 -699.48 3931.3 34.548
3.1833 -815.63 3857.2 58.426 -778.52 3907 51.252 -693.69 3939.5 34.076
3.1917 -811.56 3865.2 58 -772.78 3916.4 50.518 -687.87 3947.6 33.617
3.2 -807.33 3873.2 57.611 -766.94 3925.7 49.813 -682.02 3955.7 33.175
3.2083 -802.94 3881.2 57.264 -761.02 3935 49.136 -676.14 3963.8 32.751
3.2167 -798.38 3889.2 56.961 -755 3944.3 48.485 -670.23 3971.8 32.344
3.225 -793.63 3897.4 56.711 -748.88 3953.4 47.86 -664.3 3979.8 31.951
3.2333 -788.68 3905.6 56.516 -742.65 3962.6 47.261 -658.33 3987.8 31.569
3.2417 -783.51 3913.9 56.381 -736.29 3971.7 46.689 -652.31 3995.8 31.191
3.25 -778.13 3922.4 56.307 -729.81 3980.7 46.147 -646.24 4003.7 30.814
3.2583 -772.54 3931 56.291 -723.19 3989.7 45.633 -640.09 4011.5 30.432
3.2667 -766.74 3939.8 56.326 -716.43 3998.7 45.151 -633.86 4019.3 30.046
3.275 -760.74 3948.7 56.403 -709.51 4007.7 44.7 -627.51 4027.1 29.653
3.2833 -754.55 3957.6 56.509 -702.45 4016.6 44.28 -621.05 4034.8 29.258
3.2917 -748.16 3966.7 56.631 -695.22 4025.6 43.889 -614.45 4042.4 28.862
3.3 -741.57 3975.9 56.754 -687.83 4034.5 43.525 -607.69 4050 28.472
3.3083 -734.78 3985.1 56.866 -680.26 4043.4 43.185 -600.77 4057.6 28.092
3.3167 -727.77 3994.3 56.953 -672.51 4052.3 42.864 -593.66 4065.2 27.727
3.325 -720.53 4003.7 57.006 -664.56 4061.1 42.562 -586.37 4072.7 27.38
3.3333 -713.07 4013.1 57.02 -656.4 4070 42.268 -578.88 4080.3 27.051
3.3417 -705.39 4022.6 56.99 -648.02 4078.8 41.978 -571.2 4087.8 26.738
3.35 -697.46 4032.1 56.914 -639.4 4087.7 41.693 -563.31 4095.3 26.436
3.3583 -689.29 4041.8 56.791 -630.54 4096.5 41.409 -555.22 4102.9 26.141
3.3667 -680.9 4051.6 56.628 -621.43 4105.3 41.118 -546.94 4110.4 25.845
3.375 -672.28 4061.5 56.423 -612.07 4114.1 40.825 -538.47 4117.9 25.541
3.3833 -663.44 4071.4 56.179 -602.48 4123 40.528 -529.83 4125.5 25.223
3.3917 -654.41 4081.4 55.9 -592.68 4131.8 40.228 -521.03 4133 24.89
3.4 -645.2 4091.4 55.586 -582.7 4140.6 39.928 -512.08 4140.5 24.543
3.4083 -635.82 4101.4 55.236 -572.6 4149.3 39.632 -503.01 4148.1 24.183
3.4167 -626.29 4111.4 54.854 -562.41 4158 39.346 -493.86 4155.6 23.82
3.425 -616.63 4121.2 54.438 -552.22 4166.6 39.076 -484.63 4163.2 23.464
3.4333 -606.87 4130.9 53.993 -542.06 4175.2 38.829 -475.37 4170.8 23.127
3.4417 -597.03 4140.5 53.518 -532.01 4183.6 38.614 -466.11 4178.4 22.819
3.45 -587.13 4149.8 53.021 -522.12 4191.9 38.436 -456.88 4186.1 22.553
3.4583 -577.21 4158.9 52.502 -512.44 4200.1 38.303 -447.71 4193.8 22.335
3.4667 -567.29 4167.9 51.966 -502.99 4208.1 38.218 -438.65 4201.5 22.171
3.475 -557.43 4176.6 51.414 -493.8 4216.1 38.183 -429.71 4209.3 22.058
3.4833 -547.63 4185.2 50.846 -484.87 4223.9 38.197 -420.92 4217 21.992
3.4917 -537.92 4193.6 50.261 -476.2 4231.6 38.255 -412.29 4224.8 21.967
3.5 -528.29 4201.9 49.657 -467.75 4239.3 38.348 -403.85 4232.6 21.969
3.5083 -518.75 4210.1 49.042 -459.51 4246.8 38.471 -395.58 4240.4 21.988
3.5167 -509.28 4218.3 48.415 -451.42 4254.3 38.607 -387.49 4248.2 22.012
3.525 -499.87 4226.3 47.787 -443.46 4261.8 38.748 -379.56 4256 22.032
3.5333 -490.51 4234.3 47.167 -435.59 4269.2 38.883 -371.76 4263.7 22.039
3.5417 -481.21 4242.2 46.563 -427.77 4276.6 39.001 -364.08 4271.5 22.03
3.55 -471.94 4250 45.986 -419.97 4284.1 39.095 -356.49 4279.2 22.003
3.5583 -462.71 4257.7 45.444 -412.16 4291.4 39.164 -348.94 4287 21.959
3.5667 -453.52 4265.2 44.942 -404.35 4298.8 39.206 -341.42 4294.7 21.904
3.575 -444.37 4272.6 44.484 -396.5 4306.2 39.227 -333.89 4302.5 21.843
3.5833 -435.26 4279.9 44.07 -388.62 4313.5 39.232 -326.33 4310.3 21.782
3.5917 -426.2 4287.1 43.695 -380.7 4320.9 39.23 -318.72 4318.1 21.726
3.6 -417.19 4294.2 43.352 -372.74 4328.2 39.23 -311.06 4325.9 21.677
3.6083 -408.23 4301.3 43.031 -364.73 4335.6 39.241 -303.35 4333.8 21.639
3.6167 -399.32 4308.3 42.719 -356.69 4342.9 39.27 -295.58 4341.8 21.61
3.625 -390.44 4315.3 42.404 -348.6 4350.3 39.32 -287.77 4349.8 21.587
3.6333 -381.59 4322.4 42.075 -340.46 4357.7 39.392 -279.92 4357.8 21.567
3.6417 -372.75 4329.4 41.725 -332.28 4365.2 39.484 -272.06 4365.8 21.546
3.65 -363.9 4336.5 41.342 -324.05 4372.7 39.59 -264.19 4373.9 21.517
3.6583 -355.03 4343.7 40.929 -315.78 4380.3 39.704 -256.33 4381.9 21.482
3.6667 -346.13 4350.9 40.484 -307.46 4387.9 39.817 -248.49 4390 21.437
3.675 -337.18 4358.1 40.01 -299.1 4395.6 39.923 -240.67 4398.1 21.384
3.6833 -328.17 4365.2 39.51 -290.69 4403.3 40.013 -232.87 4406.1 21.326
3.6917 -319.11 4372.4 38.99 -282.24 4411 40.083 -225.09 4414.1 21.27
3.7 -310.02 4379.5 38.454 -273.74 4418.7 40.131 -217.33 4422.2 21.219
3.7083 -300.89 4386.6 37.908 -265.19 4426.4 40.155 -209.57 4430.2 21.18
3.7167 -291.76 4393.8 37.357 -256.59 4434.1 40.157 -201.79 4438.2 21.157
