0.0083333 7.3912 4.6777 97.254 -16.986 61.128 85.436 7.579 102.49 65.275
0.016667 8.5386 11.61 97.333 -15.8 67.775 85.481 9.0151 108.58 65.12
0.025 9.734 18.713 97.395 -14.553 74.529 85.529 10.499 114.76 64.953
0.033333 10.972 25.994 97.44 -13.244 81.395 85.578 12.033 121.03 64.775
0.041667 12.245 33.458 97.469 -11.87 88.377 85.623 13.616 127.41 64.591
0.05 13.543 41.112 97.485 -10.432 95.477 85.663 15.247 133.91 64.406
0.058333 14.855 48.955 97.491 -8.9301 102.7 85.695 16.924 140.52 64.23
0.066667 16.171 56.987 97.49 -7.3624 110.04 85.718 18.641 147.26 64.072
0.075 17.479 65.204 97.489 -5.7299 117.49 85.73 20.397 154.14 63.937
0.083333 18.768 73.597 97.493 -4.0344 125.05 85.729 22.186 161.15 63.832
0.091667 20.033 82.152 97.508 -2.2792 132.71 85.715 24.003 168.31 63.758
0.1 21.271 90.85 97.54 -0.46957 140.45 85.688 25.846 175.6 63.713
0.10833 22.487 99.67 97.592 1.3872 148.28 85.649 27.71 183.02 63.693
0.11667 23.687 108.59 97.667 3.2811 156.16 85.601 29.592 190.55 63.691
0.125 24.885 117.57 97.767 5.2006 164.09 85.547 31.489 198.18 63.697
0.13333 26.097 126.6 97.891 7.1317 172.06 85.492 33.397 205.87 63.703
0.14167 27.341 135.64 98.04 9.0592 180.05 85.443 35.312 213.6 63.699
0.15 28.634 144.66 98.211 10.969 188.07 85.407 37.229 221.35 63.68
0.15833 29.988 153.64 98.4 12.844 196.08 85.392 39.141 229.09 63.64
0.16667 31.414 162.57 98.605 14.672 204.1 85.406 41.041 236.8 63.578
0.175 32.912 171.41 98.819 16.441 212.1 85.454 42.92 244.46 63.496
0.18333 34.477 180.16 99.037 18.14 220.07 85.545 44.77 252.07 63.396
0.19167 36.096 188.8 99.251 19.761 228.01 85.681 46.581 259.63 63.285
0.2 37.751 197.32 99.455 21.301 235.9 85.866 48.343 267.14 63.17
0.20833 39.422 205.74 99.641 22.757 243.72 86.097 50.045 274.6 63.058
0.21667 41.088 214.04 99.8 24.13 251.47 86.373 51.679 282.04 62.957
0.225 42.737 222.25 99.924 25.422 259.12 86.688 53.237 289.47 62.873
0.23333 44.359 230.38 100.01 26.638 266.67 87.034 54.712 296.89 62.81
0.24167 45.95 238.45 100.04 27.781 274.11 87.403 56.096 304.33 62.773
0.25 47.513 246.5 100.02 28.857 281.43 87.784 57.384 311.78 62.762
0.25833 49.044 254.52 99.945 29.874 288.62 88.172 58.574 319.26 62.777
0.26667 50.544 262.54 99.817 30.833 295.7 88.553 59.661 326.74 62.816
0.275 52.007 270.57 99.64 31.74 302.66 88.922 60.644 334.24 62.877
0.28333 53.428 278.61 99.42 32.596 309.51 89.271 61.521 341.72 62.957
0.29167 54.799 286.63 99.166 33.406 316.28 89.597 62.292 349.19 63.051
0.3 56.112 294.64 98.888 34.169 322.97 89.897 62.958 356.61 63.156
0.30833 57.357 302.6 98.595 34.888 329.6 90.17 63.52 363.99 63.269
0.31667 58.517 310.5 98.296 35.564 336.19 90.418 63.981 371.31 63.386
0.325 59.587 318.32 97.999 36.198 342.77 90.642 64.346 378.56 63.505
0.33333 60.553 326.03 97.711 36.794 349.34 90.846 64.618 385.74 63.625
0.34167 61.411 333.62 97.436 37.352 355.93 91.032 64.803 392.85 63.743
0.35 62.16 341.08 97.174 37.876 362.54 91.204 64.907 399.89 63.858
0.35833 62.805 348.42 96.925 38.37 369.18 91.365 64.936 406.87 63.969
0.36667 63.358 355.64 96.689 38.833 375.87 91.517 64.897 413.79 64.077
0.375 63.835 362.75 96.464 39.27 382.61 91.662 64.796 420.66 64.181
0.38333 64.256 369.78 96.249 39.678 389.41 91.801 64.638 427.48 64.281
0.39167 64.635 376.74 96.035 40.062 396.27 91.933 64.432 434.28 64.377
0.4 65.002 383.66 95.829 40.419 403.2 92.059 64.18 441.05 64.469
0.40833 65.36 390.54 95.627 40.749 410.19 92.178 63.89 447.79 64.556
0.41667 65.731 397.4 95.432 41.051 417.24 92.289 63.565 454.53 64.64
0.425 66.121 404.24 95.243 41.324 424.37 92.393 63.211 461.25 64.718
0.43333 66.523 411.08 95.061 41.567 431.58 92.489 62.832 467.97 64.791
0.44167 66.94 417.89 94.89 41.779 438.85 92.576 62.434 474.7 64.858
0.45 67.36 424.69 94.728 41.96 446.2 92.656 62.022 481.45 64.918
0.45833 67.77 431.45 94.575 42.11 453.62 92.727 61.6 488.23 64.97
0.46667 68.155 438.2 94.431 42.227 461.1 92.79 61.173 495.04 65.014
0.475 68.493 444.92 94.294 42.311 468.64 92.846 60.745 501.91 65.051
0.48333 68.774 451.61 94.164 42.361 476.23 92.892 60.317 508.84 65.081
0.49167 68.983 458.3 94.04 42.375 483.85 92.928 59.894 515.85 65.105
0.5 69.111 464.98 93.922 42.351 491.5 92.953 59.474 522.94 65.127
0.50833 69.154 471.68 93.812 42.288 499.16 92.966 59.058 530.12 65.147
0.51667 69.114 478.4 93.71 42.183 506.83 92.966 58.643 537.41 65.17
0.525 68.996 485.16 93.62 42.036 514.48 92.953 58.227 544.79 65.196
0.53333 68.81 491.98 93.544 41.843 522.13 92.926 57.808 552.27 65.229
0.54167 68.568 498.86 93.482 41.603 529.76 92.885 57.382 559.85 65.271
0.55 68.281 505.83 93.434 41.316 537.38 92.832 56.947 567.53 65.32
0.55833 67.959 512.89 93.396 40.98 544.99 92.769 56.502 575.29 65.377
0.56667 67.612 520.04 93.366 40.596 552.6 92.697 56.045 583.15 65.439
0.575 67.246 527.31 93.337 40.163 560.22 92.617 55.578 591.09 65.504
0.58333 66.869 534.7 93.305 39.686 567.86 92.535 55.102 599.11 65.567
0.59167 66.487 542.2 93.266 39.166 575.54 92.455 54.618 607.2 65.626
0.6 66.101 549.8 93.219 38.605 583.25 92.374 54.13 615.37 65.676
0.60833 65.718 557.5 93.163 38.008 591.03 92.301 53.64 623.6 65.716
0.61667 65.335 565.28 93.102 37.377 598.88 92.234 53.149 631.9 65.743
0.625 64.955 573.12 93.038 36.714 606.8 92.179 52.657 640.26 65.76
0.63333 64.571 581.03 92.976 36.023 614.8 92.134 52.162 648.67 65.766
0.64167 64.179 589 92.92 35.303 622.88 92.104 51.661 657.14 65.767
0.65 63.77 597.05 92.873 34.556 631.03 92.088 51.15 665.66 65.766
0.65833 63.336 605.19 92.835 33.779 639.27 92.089 50.621 674.23 65.77
0.66667 62.864 613.44 92.81 32.974 647.59 92.105 50.07 682.84 65.783
0.675 62.345 621.83 92.792 32.137 655.97 92.137 49.488 691.5 65.811
0.68333 61.772 630.39 92.779 31.267 664.43 92.185 48.87 700.2 65.858
0.69167 61.14 639.13 92.766 30.365 672.95 92.246 48.212 708.95 65.926
0.7 60.451 648.09 92.744 29.429 681.54 92.321 47.509 717.75 66.016
0.70833 59.709 657.26 92.709 28.46 690.21 92.405 46.761 726.6 66.127
0.71667 58.922 666.66 92.654 27.462 698.94 92.495 45.968 735.5 66.258
0.725 58.096 676.28 92.578 26.438 707.75 92.587 45.133 744.45 66.404
0.73333 57.238 686.09 92.481 25.394 716.63 92.678 44.259 753.46 66.562
0.74167 56.349 696.07 92.367 24.335 725.59 92.761 43.351 762.52 66.727
0.75 55.433 706.21 92.241 23.27 734.63 92.833 42.414 771.63 66.895
0.75833 54.49 716.46 92.111 22.207 743.74 92.888 41.452 780.77 67.064
0.76667 53.52 726.79 91.987 21.154 752.93 92.923 40.471 789.93 67.231
0.775 52.528 737.18 91.878 20.119 762.18 92.933 39.475 799.11 67.394
0.78333 51.515 747.57 91.791 19.112 771.51 92.914 38.467 808.28 67.555
0.79167 50.488 757.94 91.733 18.139 780.89 92.865 37.45 817.42 67.715
0.8 49.455 768.25 91.706 17.21 790.32 92.784 36.428 826.53 67.875
0.80833 48.425 778.45 91.708 16.332 799.8 92.668 35.405 835.58 68.037
0.81667 47.41 788.51 91.735 15.51 809.32 92.516 34.386 844.57 68.203
0.825 46.422 798.4 91.776 14.754 818.87 92.326 33.379 853.48 68.373
0.83333 45.468 808.09 91.822 14.069 828.44 92.098 32.392 862.32 68.548
0.84167 44.555 817.57 91.857 13.46 838.03 91.829 31.439 871.1 68.726
0.85 43.686 826.82 91.869 12.933 847.61 91.518 30.531 879.8 68.903
0.85833 42.856 835.85 91.848 12.492 857.19 91.164 29.686 888.46 69.076
0.86667 42.062 844.67 91.785 12.137 866.75 90.767 28.919 897.09 69.24
0.875 41.297 853.32 91.681 11.87 876.28 90.329 28.249 905.7 69.39
0.88333 40.556 861.81 91.537 11.692 885.76 89.849 27.692 914.31 69.522
0.89167 39.842 870.19 91.362 11.599 895.18 89.332 27.264 922.95 69.63
0.9 39.16 878.49 91.166 11.587 904.54 88.783 26.979 931.63 69.713
0.90833 38.523 886.74 90.964 11.654 913.81 88.205 26.846 940.37 69.769
0.91667 37.947 894.97 90.77 11.792 923 87.605 26.875 949.17 69.798
0.925 37.45 903.19 90.596 11.997 932.08 86.988 27.069 958.06 69.802
0.93333 37.046 911.41 90.454 12.263 941.06 86.359 27.43 967.02 69.784
0.94167 36.749 919.64 90.35 12.585 949.94 85.725 27.956 976.05 69.747
0.95 36.567 927.87 90.286 12.963 958.71 85.087 28.645 985.15 69.696
0.95833 36.503 936.08 90.261 13.393 967.39 84.451 29.491 994.3 69.635
0.96667 36.557 944.26 90.266 13.877 975.98 83.818 30.49 1003.5 69.566
0.975 36.723 952.4 90.293 14.42 984.5 83.19 31.635 1012.7 69.491
0.98333 36.993 960.46 90.33 15.026 992.96 82.568 32.92 1021.9 69.413
0.99167 37.359 968.46 90.365 15.704 1001.4 81.954 34.342 1031.1 69.33
1 37.816 976.36 90.389 16.461 1009.8 81.348 35.896 1040.3 69.241
1.0083 38.357 984.18 90.393 17.308 1018.1 80.754 37.58 1049.4 69.145
1.0167 38.98 991.92 90.373 18.251 1026.5 80.172 39.392 1058.4 69.041
1.025 39.683 999.59 90.328 19.298 1034.9 79.608 41.33 1067.4 68.924
1.0333 40.468 1007.2 90.259 20.454 1043.2 79.066 43.394 1076.3 68.794
1.0417 41.335 1014.8 90.17 21.72 1051.6 78.549 45.582 1085.1 68.648
1.05 42.284 1022.3 90.065 23.094 1060.1 78.062 47.892 1093.9 68.486
1.0583 43.311 1029.8 89.951 24.574 1068.5 77.609 50.322 1102.6 68.308
1.0667 44.409 1037.3 89.832 26.152 1077 77.193 52.867 1111.3 68.115
1.075 45.571 1044.9 89.714 27.822 1085.5 76.816 55.523 1119.9 67.906
1.0833 46.784 1052.5 89.6 29.575 1094.1 76.477 58.282 1128.5 67.686
1.0917 48.036 1060 89.49 31.405 1102.6 76.175 61.138 1137.1 67.455
1.1 49.316 1067.7 89.386 33.305 1111.2 75.907 64.082 1145.7 67.216
1.1083 50.618 1075.4 89.286 35.272 1119.9 75.669 67.107 1154.4 66.972
1.1167 51.941 1083.1 89.189 37.305 1128.6 75.457 70.204 1163 66.724
1.125 53.287 1090.8 89.091 39.406 1137.4 75.268 73.367 1171.6 66.476
1.1333 54.669 1098.6 88.989 41.578 1146.2 75.097 76.589 1180.3 66.229
1.1417 56.102 1106.5 88.88 43.829 1155 74.942 79.866 1189 65.984
1.15 57.609 1114.4 88.762 46.164 1163.9 74.802 83.195 1197.7 65.743
1.1583 59.213 1122.3 88.634 48.59 1172.9 74.677 86.574 1206.4 65.506
1.1667 60.937 1130.3 88.497 51.114 1181.8 74.57 90.004 1215.2 65.274
1.175 62.802 1138.4 88.353 53.741 1190.8 74.482 93.487 1224 65.048
1.1833 64.823 1146.6 88.206 56.473 1199.8 74.417 97.026 1232.7 64.828
1.1917 67 1154.8 88.061 59.313 1208.8 74.377 100.63 1241.5 64.614
1.2 69.322 1163.1 87.924 62.259 1217.8 74.363 104.29 1250.3 64.406
1.2083 71.761 1171.6 87.798 65.309 1226.8 74.375 108.02 1259.1 64.204
1.2167 74.278 1180.1 87.686 68.462 1235.8 74.41 111.83 1268 64.008
1.225 76.829 1188.7 87.585 71.715 1244.8 74.461 115.71 1276.8 63.815
1.2333 79.375 1197.4 87.494 75.068 1253.8 74.522 119.68 1285.6 63.626
1.2417 81.89 1206.1 87.408 78.519 1262.8 74.584 123.72 1294.5 63.44
1.25 84.36 1214.9 87.322 82.069 1271.9 74.634 127.85 1303.4 63.255
1.2583 86.784 1223.7 87.234 85.723 1281.1 74.663 132.07 1312.3 63.07
1.2667 89.178 1232.5 87.144 89.481 1290.3 74.661 136.37 1321.3 62.885
1.275 91.566 1241.4 87.054 93.349 1299.6 74.62 140.76 1330.2 62.7
1.2833 93.988 1250.4 86.964 97.328 1309 74.533 145.24 1339.3 62.515
1.2917 96.488 1259.5 86.88 101.42 1318.4 74.397 149.8 1348.3 62.331
1.3 99.118 1268.7 86.805 105.63 1328 74.213 154.45 1357.5 62.151
1.3083 101.93 1278.2 86.741 109.94 1337.6 73.986 159.18 1366.7 61.975
1.3167 104.96 1287.9 86.689 114.36 1347.3 73.722 164 1376 61.806
1.325 108.23 1297.8 86.646 118.87 1357.1 73.432 168.9 1385.4 61.646
1.3333 111.77 1308 86.607 123.48 1366.9 73.125 173.87 1394.9 61.496
1.3417 115.56 1318.4 86.563 128.15 1376.8 72.814 178.91 1404.4 61.356
1.35 119.58 1328.9 86.504 132.89 1386.7 72.508 184.02 1414.1 61.226
1.3583 123.79 1339.7 86.421 137.68 1396.6 72.217 189.19 1423.8 61.105
1.3667 128.18 1350.5 86.305 142.5 1406.5 71.948 194.39 1433.5 60.991
1.375 132.69 1361.4 86.149 147.34 1416.4 71.706 199.63 1443.3 60.879
1.3833 137.3 1372.3 85.947 152.18 1426.4 71.492 204.89 1453 60.765
1.3917 141.98 1383.3 85.697 157.01 1436.3 71.306 210.15 1462.8 60.646
1.4 146.72 1394.1 85.402 161.81 1446.2 71.146 215.39 1472.5 60.517
1.4083 151.51 1404.8 85.066 166.57 1456.1 71.012 220.59 1482.1 60.375
1.4167 156.34 1415.5 84.695 171.28 1466 70.9 225.75 1491.6 60.218
1.425 161.22 1425.9 84.299 175.91 1475.9 70.809 230.84 1501.1 60.045
1.4333 166.15 1436.2 83.889 180.47 1485.8 70.738 235.84 1510.4 59.859
1.4417 171.11 1446.3 83.475 184.93 1495.6 70.687 240.75 1519.7 59.662
1.45 176.09 1456.3 83.065 189.29 1505.3 70.657 245.56 1529 59.46
1.4583 181.06 1466.1 82.668 193.54 1514.9 70.65 250.25 1538.1 59.259
1.4667 186.01 1475.7 82.286 197.68 1524.5 70.666 254.82 1547.3 59.067
1.475 190.91 1485.2 81.919 201.7 1533.9 70.706 259.27 1556.5 58.892
1.4833 195.74 1494.7 81.567 205.62 1543.2 70.77 263.6 1565.7 58.743
1.4917 200.47 1504 81.222 209.44 1552.3 70.855 267.81 1574.9 58.624
1.5 205.1 1513.3 80.882 213.16 1561.3 70.959 271.9 1584.2 58.541
1.5083 209.61 1522.5 80.537 216.8 1570.2 71.077 275.87 1593.6 58.499
1.5167 214.02 1531.7 80.182 220.38 1579 71.207 279.74 1603 58.499
1.525 218.32 1540.9 79.81 223.9 1587.6 71.342 283.49 1612.5 58.539
1.5333 222.52 1550 79.415 227.38 1596.2 71.481 287.14 1622 58.619
1.5417 226.65 1559.1 78.994 230.83 1604.6 71.62 290.69 1631.6 58.734
1.55 230.71 1568.2 78.548 234.25 1613 71.758 294.12 1641.1 58.881
1.5583 234.71 1577.2 78.078 237.65 1621.4 71.893 297.46 1650.8 59.056
1.5667 238.67 1586.2 77.59 241.05 1629.7 72.028 300.68 1660.3 59.253
1.575 242.58 1595.1 77.09 244.42 1637.9 72.161 303.8 1669.9 59.47
1.5833 246.44 1603.9 76.586 247.79 1646.2 72.294 306.81 1679.5 59.704
1.5917 250.25 1612.7 76.086 251.14 1654.4 72.427 309.71 1689 59.951
1.6 254 1621.4 75.597 254.47 1662.6 72.558 312.51 1698.5 60.21
1.6083 257.68 1630 75.122 257.78 1670.8 72.684 315.21 1708 60.479
1.6167 261.28 1638.6 74.664 261.08 1679 72.804 317.81 1717.4 60.757
1.625 264.79 1647.1 74.222 264.35 1687.3 72.91 320.33 1726.8 61.042
1.6333 268.23 1655.7 73.793 267.61 1695.6 72.999 322.78 1736.2 61.331
1.6417 271.6 1664.2 73.374 270.85 1703.9 73.065 325.17 1745.6 61.623
1.65 274.92 1672.6 72.959 274.08 1712.3 73.102 327.51 1755 61.914
1.6583 278.19 1681.1 72.542 277.31 1720.7 73.107 329.82 1764.4 62.202
1.6667 281.45 1689.5 72.12 280.53 1729.2 73.079 332.11 1773.8 62.485
1.675 284.71 1697.9 71.688 283.75 1737.7 73.016 334.39 1783.2 62.761
1.6833 287.98 1706.3 71.246 286.98 1746.4 72.923 336.68 1792.6 63.027
1.6917 291.28 1714.7 70.796 290.22 1755.1 72.803 338.97 1802 63.285
1.7 294.61 1723.1 70.338 293.48 1763.9 72.662 341.28 1811.3 63.534
1.7083 297.98 1731.4 69.878 296.74 1772.7 72.508 343.61 1820.7 63.774
1.7167 301.36 1739.8 69.423 300.02 1781.7 72.347 345.96 1830.1 64.009
1.725 304.75 1748.2 68.98 303.3 1790.7 72.186 348.32 1839.5 64.241
1.7333 308.12 1756.6 68.556 306.59 1799.8 72.029 350.71 1848.9 64.47
1.7417 311.46 1765 68.161 309.89 1809 71.88 353.12 1858.3 64.7
1.75 314.75 1773.5 67.803 313.19 1818.3 71.74 355.55 1867.8 64.93
1.7583 317.97 1782.1 67.49 316.49 1827.6 71.608 358 1877.3 65.162
1.7667 321.14 1790.8 67.229 319.79 1837 71.481 360.48 1886.8 65.391
1.775 324.24 1799.5 67.017 323.08 1846.4 71.354 362.98 1896.4 65.618
1.7833 327.3 1808.4 66.859 326.36 1855.9 71.225 365.51 1906.1 65.838
1.7917 330.34 1817.4 66.748 329.64 1865.4 71.089 368.08 1915.8 66.047
1.8 333.39 1826.5 66.677 332.92 1875 70.945 370.69 1925.5 66.242
1.8083 336.47 1835.7 66.637 336.21 1884.7 70.791 373.33 1935.4 66.42
1.8167 339.61 1845.2 66.619 339.49 1894.4 70.63 376.02 1945.2 66.577
1.825 342.85 1854.7 66.618 342.78 1904.2 70.466 378.74 1955.2 66.713
1.8333 346.18 1864.4 66.629 346.08 1914 70.304 381.5 1965.2 66.829
1.8417 349.6 1874.3 66.646 349.39 1924 70.153 384.29 1975.2 66.925
1.85 353.11 1884.2 66.67 352.71 1934.1 70.02 387.11 1985.3 67.005
1.8583 356.71 1894.1 66.698 356.04 1944.3 69.914 389.94 1995.4 67.073
1.8667 360.37 1904.2 66.719 359.37 1954.6 69.842 392.8 2005.6 67.132
1.875 364.09 1914.3 66.733 362.7 1965 69.806 395.66 2015.9 67.186
1.8833 367.87 1924.5 66.73 366.02 1975.6 69.811 398.54 2026.3 67.239
1.8917 371.69 1934.8 66.705 369.33 1986.3 69.852 401.44 2036.7 67.292
1.9 375.54 1945.3 66.657 372.61 1997.2 69.93 404.35 2047.3 67.346
1.9083 379.44 1955.9 66.582 375.87 2008.1 70.036 407.28 2058 67.399
1.9167 383.4 1966.8 66.481 379.09 2019.1 70.16 410.24 2068.9 67.45
1.925 387.42 1977.9 66.361 382.28 2030.3 70.293 413.24 2079.8 67.496
1.9333 391.51 1989.3 66.227 385.44 2041.4 70.429 416.28 2090.9 67.532
1.9417 395.7 2000.9 66.09 388.56 2052.6 70.554 419.35 2102.2 67.555
1.95 399.98 2012.8 65.965 391.66 2063.8 70.661 422.47 2113.5 67.564
1.9583 404.34 2024.9 65.856 394.76 2075.1 70.746 425.63 2124.8 67.556
1.9667 408.77 2037.1 65.779 397.86 2086.3 70.801 428.83 2136.2 67.533
1.975 413.24 2049.4 65.736 400.97 2097.5 70.823 432.05 2147.6 67.497
1.9833 417.72 2061.8 65.731 404.13 2108.8 70.813 435.29 2159 67.453
1.9917 422.18 2074.1 65.761 407.34 2120 70.769 438.54 2170.3 67.406
2 426.56 2086.3 65.818 410.61 2131.2 70.692 441.79 2181.5 67.362
2.0083 430.85 2098.3 65.894 413.98 2142.3 70.582 445.03 2192.6 67.328
2.0167 435.01 2110.1 65.978 417.44 2153.5 70.438 448.28 2203.5 67.311
2.025 439.03 2121.7 66.057 421 2164.6 70.262 451.52 2214.4 67.314
2.0333 442.89 2133.1 66.122 424.67 2175.6 70.052 454.77 2225.1 67.342
2.0417 446.62 2144.1 66.165 428.45 2186.6 69.808 458.04 2235.8 67.394
2.05 450.21 2154.9 66.186 432.33 2197.5 69.528 461.36 2246.3 67.471
2.0583 453.7 2165.5 66.186 436.31 2208.4 69.213 464.73 2256.8 67.567
2.0667 457.12 2176 66.171 440.37 2219 68.862 468.2 2267.2 67.679
2.075 460.49 2186.3 66.146 444.5 2229.6 68.475 471.76 2277.6 67.798
2.0833 463.86 2196.6 66.121 448.69 2240 68.057 475.46 2288 67.919
2.0917 467.26 2206.8 66.102 452.92 2250.2 67.609 479.29 2298.5 68.033
2.1 470.72 2216.9 66.099 457.18 2260.3 67.137 483.28 2308.9 68.135
2.1083 474.26 2227 66.12 461.45 2270.3 66.645 487.42 2319.3 68.219
2.1167 477.9 2237.1 66.171 465.74 2280.1 66.139 491.72 2329.7 68.281
2.125 481.65 2247.2 66.258 470.02 2289.8 65.626 496.17 2340.1 68.32
2.1333 485.5 2257.2 66.383 474.3 2299.4 65.112 500.74 2350.4 68.337
2.1417 489.46 2267.1 66.547 478.57 2309 64.601 505.44 2360.7 68.334
2.15 493.51 2276.9 66.747 482.84 2318.5 64.1 510.23 2370.8 68.313
2.1583 497.63 2286.7 66.977 487.12 2327.9 63.612 515.1 2380.9 68.277
2.1667 501.82 2296.4 67.233 491.41 2337.4 63.141 520.04 2390.9 68.231
2.175 506.06 2305.9 67.503 495.72 2346.9 62.691 525.02 2400.7 68.177
2.1833 510.32 2315.4 67.791 500.06 2356.3 62.263 530.04 2410.4 68.121
2.1917 514.61 2324.8 68.08 504.44 2365.8 61.862 535.09 2420 68.061
2.2 518.91 2334.2 68.369 508.87 2375.3 61.49 540.16 2429.4 68.001
2.2083 523.22 2343.5 68.655 513.35 2384.8 61.15 545.26 2438.8 67.941
2.2167 527.52 2352.7 68.936 517.88 2394.3 60.845 550.38 2448.1 67.881
2.225 531.82 2361.9 69.213 522.47 2403.8 60.577 555.53 2457.3 67.822
2.2333 536.12 2371.1 69.487 527.24 2413.4 60.344 559.72 2466.4 68.608
2.2417 540.42 2380.2 69.762 531.95 2422.9 60.154 564.92 2475.5 68.547
2.25 544.74 2389.3 70.04 536.72 2432.5 60.004 570.16 2484.5 68.485
2.2583 549.08 2398.4 70.324 541.55 2442.1 59.893 575.43 2493.6 68.423
2.2667 553.46 2407.4 70.614 546.43 2451.7 59.82 580.72 2502.6 68.361
2.275 557.89 2416.4 70.911 551.37 2461.4 59.781 586.04 2511.7 68.301
2.2833 562.39 2425.4 71.21 556.36 2471.2 59.775 591.39 2520.7 68.246
2.2917 566.96 2434.5 71.508 561.4 2481 59.797 596.76 2529.7 68.197
2.3 571.62 2443.5 71.798 566.5 2490.9 59.845 602.14 2538.8 68.156
2.3083 576.38 2452.7 72.073 571.65 2500.9 59.914 607.55 2547.9 68.125
2.3167 581.24 2461.9 72.325 576.85 2510.9 60.001 612.97 2557 68.106
2.325 586.21 2471.2 72.551 582.11 2520.9 60.105 618.42 2566.2 68.097
2.3333 591.3 2480.6 72.746 587.43 2531 60.222 623.9 2575.4 68.101
2.3417 596.51 2490.1 72.913 592.8 2541.1 60.352 629.42 2584.6 68.116
2.35 601.86 2499.8 73.055 598.24 2551.1 60.494 634.98 2593.9 68.14
2.3583 607.35 2509.5 73.178 603.74 2561.2 60.647 640.59 2603.2 68.171
2.3667 612.95 2519.4 73.29 609.31 2571.2 60.809 646.26 2612.6 68.206
2.375 618.65 2529.4 73.394 614.95 2581.2 60.977 651.98 2621.9 68.242
2.3833 624.4 2539.5 73.502 620.66 2591.2 61.154 657.78 2631.3 68.276
2.3917 630.17 2549.7 73.611 626.45 2601.2 61.328 663.63 2640.7 68.307
2.4 635.93 2559.9 73.729 632.34 2611.2 61.502 669.56 2650.1 68.333
2.4083 641.67 2570.1 73.854 638.31 2621.2 61.665 675.54 2659.6 68.355
2.4167 647.39 2580.4 73.986 644.38 2631.3 61.813 681.58 2669 68.374
2.425 653.1 2590.7 74.124 650.55 2641.4 61.941 687.67 2678.4 68.394
2.4333 658.82 2601 74.263 656.82 2651.5 62.044 693.81 2687.9 68.42
2.4417 664.58 2611.4 74.399 663.2 2661.7 62.116 700 2697.4 68.459
2.45 670.39 2622 74.526 669.68 2672 62.154 706.21 2706.9 68.516
2.4583 676.28 2632.6 74.638 676.26 2682.3 62.16 712.46 2716.6 68.599
2.4667 682.25 2643.5 74.728 682.94 2692.7 62.133 718.73 2726.3 68.712
2.475 688.32 2654.5 74.791 689.7 2703.1 62.077 725.02 2736.1 68.86
2.4833 694.46 2665.7 74.821 696.53 2713.5 61.998 731.33 2746.1 69.043
2.4917 700.68 2677.1 74.81 703.42 2723.9 61.902 737.64 2756.1 69.26
2.5 706.94 2688.7 74.751 710.35 2734.3 61.798 743.96 2766.3 69.505
2.5083 713.22 2700.5 74.642 717.3 2744.6 61.693 750.27 2776.5 69.769
2.5167 719.5 2712.3 74.479 724.25 2755 61.594 756.56 2786.7 70.043
2.525 725.77 2724.1 74.264 731.17 2765.3 61.511 762.83 2796.9 70.313
2.5333 732.01 2735.9 74.005 738.04 2775.7 61.448 769.07 2807.1 70.566
2.5417 738.23 2747.5 73.71 744.84 2786 61.412 775.26 2817.2 70.789
2.55 744.44 2759.1 73.393 751.54 2796.4 61.408 781.4 2827.2 70.971
2.5583 750.66 2770.4 73.068 758.11 2806.8 61.438 787.48 2837.1 71.102
2.5667 756.9 2781.4 72.747 764.54 2817.1 61.506 793.5 2846.9 71.18
2.575 763.17 2792.3 72.442 770.81 2827.5 61.612 799.43 2856.5 71.202
2.5833 769.46 2802.9 72.163 776.9 2837.9 61.758 805.29 2866.1 71.174
2.5917 775.76 2813.3 71.917 782.8 2848.2 61.943 811.05 2875.5 71.105
2.6 782.07 2823.5 71.707 788.52 2858.5 62.165 816.73 2884.9 71.006
2.6083 788.37 2833.6 71.534 794.04 2868.7 62.424 822.3 2894.3 70.893
2.6167 794.67 2843.5 71.393 799.39 2878.7 62.715 827.78 2903.7 70.782
2.625 800.95 2853.4 71.279 804.57 2888.6 63.036 833.16 2913.2 70.689
2.6333 807.21 2863.2 71.184 809.61 2898.4 63.382 838.43 2922.8 70.627
2.6417 813.44 2873 71.097 814.52 2908 63.749 843.59 2932.4 70.608
2.65 819.6 2882.8 71.013 819.33 2917.5 64.131 848.64 2942.2 70.638
2.6583 825.68 2892.6 70.923 824.05 2926.8 64.525 853.58 2952.1 70.718
2.6667 831.66 2902.3 70.823 828.73 2936.1 64.925 858.4 2962.1 70.847
2.675 837.54 2912.1 70.706 833.37 2945.3 65.325 863.12 2972.2 71.019
2.6833 843.29 2921.9 70.575 837.97 2954.4 65.732 867.74 2982.3 71.223
2.6917 848.93 2931.6 70.426 842.57 2963.5 66.132 872.25 2992.5 71.451
2.7 854.44 2941.3 70.264 847.15 2972.6 66.526 876.67 3002.7 71.689
2.7083 859.82 2950.9 70.092 851.72 2981.7 66.914 881.01 3012.9 71.93
2.7167 865.07 2960.4 69.913 856.27 2990.9 67.291 885.27 3023.1 72.163
2.725 870.18 2969.9 69.736 860.81 3000.1 67.657 889.46 3033.2 72.383
2.7333 875.18 2979.4 69.558 865.3 3009.4 68.013 893.6 3043.3 72.584
2.7417 880.06 2988.8 69.388 869.77 3018.7 68.352 897.69 3053.4 72.766
2.75 884.84 2998.2 69.228 874.19 3028.1 68.671 901.74 3063.4 72.929
2.7583 889.52 3007.5 69.071 878.57 3037.5 68.97 905.77 3073.5 73.073
2.7667 894.13 3016.9 68.922 882.92 3046.9 69.243 909.77 3083.5 73.203
2.775 898.68 3026.2 68.776 887.22 3056.3 69.488 913.76 3093.4 73.32
2.7833 903.19 3035.6 68.631 891.5 3065.8 69.703 917.73 3103.4 73.426
2.7917 907.67 3045 68.481 895.68 3075.3 69.892 922.49 3113.5 72.749
2.8 912.14 3054.4 68.327 899.94 3084.9 70.041 926.45 3123.4 72.839
2.8083 916.6 3063.8 68.164 904.2 3094.5 70.158 930.41 3133.3 72.921
2.8167 921.07 3073.2 67.995 908.47 3104.2 70.243 934.37 3143.2 72.994
2.825 925.55 3082.7 67.824 912.76 3114 70.302 938.34 3153.1 73.057
2.8333 930.03 3092.2 67.655 917.06 3123.9 70.338 942.31 3163 73.109
2.8417 934.52 3101.7 67.495 921.38 3133.8 70.357 946.3 3172.9 73.148
2.85 938.99 3111.3 67.353 925.71 3143.9 70.36 950.3 3182.7 73.174
2.8583 943.44 3120.9 67.236 930.03 3154 70.355 954.33 3192.6 73.186
2.8667 947.87 3130.6 67.149 934.35 3164.2 70.343 958.37 3202.5 73.185
2.875 952.27 3140.3 67.095 938.65 3174.5 70.328 962.44 3212.5 73.172
2.8833 956.64 3150.1 67.074 942.92 3184.8 70.309 966.53 3222.4 73.147
2.8917 960.98 3160 67.079 947.15 3195.1 70.289 970.64 3232.4 73.113
2.9 965.3 3170 67.1 951.33 3205.5 70.265 974.78 3242.5 73.07
2.9083 969.62 3180.1 67.126 955.47 3216 70.238 978.94 3252.6 73.02
2.9167 973.95 3190.4 67.145 959.56 3226.5 70.211 983.12 3262.7 72.963
2.925 978.28 3200.8 67.148 963.61 3237 70.177 987.31 3272.9 72.899
2.9333 982.65 3211.4 67.132 967.63 3247.6 70.145 991.5 3283.1 72.83
2.9417 987.02 3222 67.095 971.64 3258.3 70.118 995.69 3293.3 72.754
2.95 991.4 3232.8 67.039 975.63 3269.1 70.101 999.88 3303.6 72.673
2.9583 995.77 3243.6 66.958 979.62 3280 70.095 1004 3313.9 72.586
2.9667 1000.1 3254.5 66.859 983.62 3291 70.11 1008.2 3324.3 72.495
2.975 1004.5 3265.4 66.736 987.62 3302.1 70.149 1012.3 3334.7 72.399
2.9833 1008.8 3276.4 66.59 991.63 3313.4 70.216 1016.4 3345.2 72.301
2.9917 1013.1 3287.6 66.418 995.63 3324.7 70.312 1020.5 3355.8 72.201
3 1017.4 3298.9 66.225 999.62 3336.1 70.435 1024.5 3366.5 72.099
3.0083 1021.7 3310.5 66.013 1003.6 3347.6 70.581 1028.5 3377.3 71.999
3.0167 1026.1 3322.3 65.791 1007.5 3359.1 70.746 1032.5 3388.2 71.898
3.025 1030.5 3334.3 65.569 1011.4 3370.7 70.919 1036.5 3399.2 71.8
3.0333 1035 3346.6 65.361 1015.3 3382.2 71.092 1040.5 3410.4 71.703
3.0417 1039.6 3359.3 65.185 1019.1 3393.8 71.251 1044.4 3421.7 71.608
3.05 1044.2 3372.1 65.056 1022.8 3405.3 71.391 1048.4 3433.1 71.515
3.0583 1048.9 3385.1 64.989 1026.6 3416.9 71.506 1052.4 3444.6 71.425
3.0667 1053.7 3398.3 65 1030.3 3428.4 71.584 1056.4 3456.2 71.341
3.075 1058.5 3411.5 65.093 1034.1 3439.9 71.626 1060.4 3467.9 71.265
3.0833 1063.3 3424.6 65.267 1037.9 3451.5 71.63 1064.5 3479.6 71.201
3.0917 1068.1 3437.7 65.511 1041.7 3463 71.598 1068.5 3491.4 71.153
3.1 1072.8 3450.7 65.811 1045.7 3474.6 71.534 1072.6 3503.1 71.128
3.1083 1077.3 3463.5 66.144 1049.7 3486.2 71.441 1076.6 3514.8 71.132
3.1167 1081.8 3476 66.483 1053.9 3497.8 71.325 1080.7 3526.4 71.172
3.125 1086 3488.2 66.801 1058.3 3509.3 71.188 1084.8 3538 71.253
3.1333 1090.2 3500.2 67.073 1062.7 3520.8 71.032 1088.9 3549.5 71.379
3.1417 1094.1 3511.8 67.281 1067.3 3532.2 70.86 1093 3561 71.551
3.15 1098 3523.2 67.414 1071.9 3543.5 70.669 1097.1 3572.5 71.768
3.1583 1101.7 3534.3 67.474 1076.7 3554.6 70.459 1101.3 3583.9 72.027
3.1667 1105.4 3545.2 67.465 1081.4 3565.6 70.228 1105.5 3595.2 72.319
3.175 1109 3556 67.401 1086.2 3576.4 69.971 1109.8 3606.5 72.635
3.1833 1112.7 3566.6 67.298 1091 3587 69.687 1114.3 3617.9 72.963
3.1917 1116.4 3577.2 67.177 1095.8 3597.3 69.374 1118.8 3629.2 73.29
3.2 1120.1 3587.7 67.053 1100.6 3607.5 69.03 1123.5 3640.5 73.604
3.2083 1124 3598.1 66.951 1105.3 3617.6 68.659 1128.3 3651.8 73.894
3.2167 1127.9 3608.5 66.886 1110 3627.4 68.263 1133.2 3663.1 74.15
3.225 1132 3618.7 66.871 1114.6 3637.2 67.846 1138.3 3674.5 74.368
3.2333 1136.2 3628.9 66.913 1119.3 3646.8 67.416 1143.6 3685.8 74.545
3.2417 1140.5 3639 67.013 1123.9 3656.4 66.979 1148.9 3697 74.684
3.25 1144.9 3648.9 67.167 1128.7 3666 66.533 1153.3 3708 75.701
3.2583 1149.3 3658.7 67.365 1133.4 3675.5 66.104 1158.8 3719.2 75.799
3.2667 1153.8 3668.3 67.596 1138.1 3685 65.687 1164.4 3730.3 75.88
3.275 1158.3 3677.8 67.848 1142.9 3694.5 65.289 1170 3741.3 75.949
3.2833 1162.8 3687.2 68.107 1147.7 3704.1 64.912 1175.7 3752.2 76.016
3.2917 1167.3 3696.4 68.365 1152.6 3713.6 64.559 1181.3 3763 76.085
3.3 1171.7 3705.6 68.612 1157.5 3723.2 64.232 1187 3773.8 76.16
3.3083 1176.2 3714.6 68.844 1162.4 3732.9 63.931 1192.7 3784.4 76.243
3.3167 1180.7 3723.6 69.061 1167.4 3742.5 63.657 1198.4 3794.9 76.331
3.325 1185.1 3732.6 69.265 1172.5 3752.2 63.411 1204.2 3805.3 76.421
3.3333 1189.5 3741.5 69.459 1177.6 3762 63.19 1209.9 3815.6 76.508
3.3417 1194 3750.4 69.65 1182.7 3771.7 62.996 1215.8 3825.9 76.588
3.35 1198.4 3759.3 69.841 1187.9 3781.5 62.828 1221.6 3836 76.654
3.3583 1202.9 3768.2 70.04 1193.1 3791.4 62.687 1227.6 3846.1 76.703
3.3667 1207.5 3777 70.246 1198.4 3801.3 62.57 1233.5 3856.2 76.733
3.375 1212 3785.9 70.461 1203.8 3811.2 62.477 1239.6 3866.2 76.745
3.3833 1216.7 3794.8 70.683 1209.2 3821.2 62.408 1245.7 3876.2 76.742
3.3917 1221.4 3803.8 70.908 1214.7 3831.2 62.359 1251.8 3886.2 76.729
3.4 1226.2 3812.8 71.129 1220.3 3841.3 62.33 1258 3896.2 76.713
3.4083 1231.1 3821.9 71.34 1226 3851.4 62.317 1264.2 3906.2 76.701
3.4167 1236.1 3831 71.534 1231.8 3861.5 62.319 1270.5 3916.3 76.701
3.425 1241.2 3840.2 71.709 1237.6 3871.7 62.332 1276.7 3926.3 76.718
3.4333 1246.5 3849.5 71.863 1243.5 3881.9 62.356 1282.9 3936.4 76.757
3.4417 1252 3858.9 71.999 1249.5 3892.1 62.389 1289.2 3946.4 76.819
3.45 1257.7 3868.4 72.124 1255.5 3902.3 62.43 1295.4 3956.5 76.901
3.4583 1263.6 3877.9 72.248 1261.7 3912.5 62.479 1301.7 3966.6 77
3.4667 1269.6 3887.6 72.377 1267.8 3922.8 62.536 1308 3976.7 77.108
3.475 1275.8 3897.3 72.52 1274.1 3933 62.602 1314.4 3986.8 77.216
3.4833 1282.1 3907.1 72.686 1280.4 3943.2 62.676 1320.8 3996.8 77.318
3.4917 1288.4 3916.9 72.869 1286.8 3953.4 62.756 1327.3 4006.9 77.404
3.5 1294.7 3926.8 73.065 1293.2 3963.7 62.839 1333.9 4016.9 77.471
3.5083 1300.9 3936.7 73.268 1299.7 3973.9 62.924 1340.6 4026.9 77.514
3.5167 1307.2 3946.6 73.468 1306.3 3984.2 63.005 1347.4 4036.9 77.537
3.525 1313.3 3956.6 73.653 1313 3994.5 63.074 1354.2 4046.8 77.541
3.5333 1319.5 3966.5 73.816 1319.8 4004.8 63.126 1361.1 4056.7 77.535
3.5417 1325.8 3976.5 73.951 1326.7 4015.2 63.154 1368.1 4066.7 77.526
3.55 1332.1 3986.6 74.057 1333.6 4025.5 63.151 1375.2 4076.6 77.523
3.5583 1338.5 3996.9 74.133 1340.7 4036 63.112 1382.3 4086.6 77.533
3.5667 1345.1 4007.2 74.183 1347.9 4046.4 63.033 1389.4 4096.7 77.563
3.575 1351.9 4017.8 74.214 1355.1 4056.8 62.915 1396.7 4106.8 77.615
3.5833 1358.9 4028.6 74.229 1362.4 4067.3 62.755 1403.9 4117 77.688
3.5917 1366 4039.6 74.232 1369.8 4077.8 62.565 1411.2 4127.3 77.776
3.6 1373.3 4050.7 74.224 1377.2 4088.2 62.346 1418.6 4137.6 77.871
3.6083 1380.6 4062 74.202 1384.7 4098.7 62.112 1426.1 4148 77.96
3.6167 1388.1 4073.4 74.165 1392.1 4109.1 61.872 1433.6 4158.4 78.03
3.625 1395.6 4084.7 74.11 1399.5 4119.5 61.644 1441.3 4168.9 78.067
3.6333 1403 4096 74.035 1406.8 4129.9 61.434 1448.9 4179.4 78.059
3.6417 1410.4 4107.2 73.94 1414.1 4140.4 61.259 1456.7 4189.8 77.997
3.65 1417.8 4118.2 73.825 1421.2 4150.8 61.128 1464.4 4200.2 77.874
3.6583 1425 4129 73.692 1428.2 4161.2 61.048 1472.2 4210.5 77.691
3.6667 1432.3 4139.6 73.544 1435 4171.6 61.025 1480 4220.7 77.452
3.675 1439.4 4150 73.384 1441.7 4182 61.061 1487.7 4230.9 77.165
3.6833 1446.5 4160.2 73.215 1448.2 4192.3 61.156 1495.3 4240.9 76.844
3.6917 1453.6 4170.2 73.043 1454.5 4202.6 61.308 1502.8 4251 76.502
3.7 1460.5 4180 72.87 1460.6 4212.9 61.511 1510.1 4260.9 76.159
3.7083 1467.5 4189.7 72.7 1466.6 4223 61.759 1517.3 4270.9 75.829
3.7167 1474.3 4199.4 72.533 1472.3 4233.1 62.042 1524.2 4280.9 75.528
3.725 1481.2 4209 72.376 1477.9 4243 62.357 1530.9 4291 75.27
3.7333 1487.9 4218.6 72.229 1483.3 4252.9 62.694 1537.3 4301.1 75.063
3.7417 1494.5 4228.2 72.092 1488.6 4262.6 63.048 1543.5 4311.4 74.914
3.75 1501 4237.8 71.964 1493.8 4272.1 63.412 1549.4 4321.8 74.823
3.7583 1507.3 4247.4 71.841 1498.8 4281.6 63.787 1555.1 4332.3 74.79
3.7667 1513.5 4257 71.715 1503.8 4290.9 64.162 1560.6 4342.9 74.812
3.775 1519.4 4266.6 71.581 1508.8 4300.2 64.542 1565.8 4353.6 74.882
3.7833 1525.1 4276.2 71.427 1513.7 4309.4 64.925 1570.8 4364.5 74.996
3.7917 1530.7 4285.6 71.251 1518.5 4318.6 65.313 1575.6 4375.4 75.145
3.8 1536 4295 71.044 1523.3 4327.7 65.707 1580.1 4386.3 75.326
3.8083 1541.2 4304.3 70.808 1528.1 4336.9 66.106 1584.5 4397.2 75.531
3.8167 1546.2 4313.6 70.544 1532.9 4346.1 66.512 1588.7 4408.1 75.759
3.825 1551 4322.7 70.257 1537.6 4355.3 66.921 1592.7 4419 76.003
3.8333 1555.7 4331.8 69.958 1542.2 4364.5 67.334 1596.6 4429.7 76.262
3.8417 1560.4 4340.9 69.656 1546.9 4373.8 67.744 1600.3 4440.4 76.532
3.85 1564.9 4350 69.361 1551.4 4383.1 68.149 1603.9 4451 76.811
3.8583 1569.4 4359.1 69.079 1555.9 4392.5 68.54 1607.4 4461.5 77.096
3.8667 1573.9 4368.2 68.818 1560.4 4401.9 68.913 1610.8 4471.8 77.383
3.875 1578.3 4377.4 68.577 1564.8 4411.3 69.262 1614.1 4482.1 77.671
3.8833 1582.7 4386.6 68.355 1569.2 4420.8 69.58 1617.4 4492.3 77.955
3.8917 1587 4395.8 68.146 1573.6 4430.3 69.864 1620.6 4502.4 78.234
3.9 1591.4 4405 67.943 1577.9 4439.9 70.111 1623.9 4512.5 78.506
3.9083 1595.7 4414.2 67.738 1582.3 4449.6 70.319 1627.1 4522.5 78.769
3.9167 1600 4423.5 67.524 1586.6 4459.3 70.49 1630.3 4532.5 79.022
3.925 1604.3 4432.7 67.297 1590.9 4469.2 70.626 1633.5 4542.4 79.264
3.9333 1608.7 4441.8 67.056 1595.3 4479.1 70.73 1636.8 4552.4 79.496
3.9417 1613 4451 66.806 1599.6 4489.1 70.806 1640.1 4562.5 79.717
3.95 1617.4 4460.1 66.554 1603.9 4499.2 70.858 1643.4 4572.6 79.927
3.9583 1621.7 4469.3 66.311 1608.1 4509.4 70.891 1646.7 4582.7 80.124
3.9667 1626.1 4478.5 66.09 1612.4 4519.7 70.908 1650.1 4592.9 80.308
3.975 1630.4 4487.7 65.903 1616.5 4530 70.913 1653.5 4603.3 80.477
3.9833 1634.8 4497.1 65.763 1620.6 4540.4 70.906 1657 4613.7 80.63
3.9917 1639.1 4506.5 65.672 1624.6 4550.9 70.89 1660.5 4624.2 80.764
4 1643.4 4516.1 65.634 1628.6 4561.3 70.865 1664 4634.8 80.879
4.0083 1647.7 4525.9 65.641 1632.5 4571.9 70.832 1667.6 4645.5 80.975
4.0167 1651.9 4535.9 65.683 1636.3 4582.4 70.792 1671.2 4656.3 81.053
4.025 1656.2 4546 65.743 1640 4593 70.747 1674.8 4667.2 81.114
4.0333 1660.4 4556.4 65.807 1643.7 4603.7 70.699 1678.5 4678.1 81.162
4.0417 1664.6 4566.9 65.863 1647.4 4614.4 70.65 1682.1 4689.1 81.203
4.05 1668.9 4577.6 65.903 1651 4625.2 70.607 1685.6 4700.2 81.241
4.0583 1673.1 4588.4 65.921 1654.6 4636.1 70.573 1689.1 4711.3 81.282
4.0667 1677.4 4599.3 65.917 1658.1 4647.2 70.554 1692.6 4722.5 81.332
4.075 1681.7 4610.2 65.893 1661.7 4658.3 70.558 1695.9 4733.8 81.396
4.0833 1685.9 4621.3 65.84 1665.2 4669.5 70.584 1699.2 4745.1 81.477
4.0917 1690.2 4632.4 65.769 1668.7 4680.9 70.641 1702.3 4756.5 81.579
4.1 1694.4 4643.6 65.678 1672.1 4692.4 70.729 1705.4 4768.1 81.703
4.1083 1698.6 4654.9 65.571 1675.5 4704 70.849 1708.3 4779.7 81.849
4.1167 1702.9 4666.5 65.45 1678.8 4715.7 71.001 1711.1 4791.5 82.014
4.125 1707.2 4678.3 65.322 1682.1 4727.5 71.179 1713.8 4803.3 82.198
4.1333 1711.5 4690.4 65.192 1685.3 4739.3 71.38 1716.4 4815.4 82.398
4.1417 1715.8 4702.7 65.069 1688.4 4751.2 71.598 1719 4827.5 82.614
4.15 1720.1 4715.3 64.963 1691.5 4763.2 71.826 1721.5 4839.8 82.842
4.1583 1724.5 4728.2 64.887 1694.6 4775.2 72.059 1723.9 4852.1 83.083
4.1667 1728.9 4741.2 64.852 1697.6 4787.2 72.289 1726.2 4864.6 83.339
4.175 1733.2 4754.4 64.869 1700.6 4799.3 72.512 1728.5 4877.1 83.609
4.1833 1737.6 4767.6 64.948 1703.6 4811.3 72.726 1730.7 4889.5 83.897
4.1917 1741.9 4780.8 65.091 1706.6 4823.5 72.928 1732.9 4902 84.204
4.2 1746.1 4794 65.3 1709.7 4835.6 73.118 1735 4914.4 84.534
4.2083 1750.3 4807 65.574 1712.8 4847.7 73.297 1737.1 4926.7 84.887
4.2167 1754.3 4819.8 65.902 1716 4859.8 73.465 1739.1 4938.9 85.264
4.225 1758.2 4832.4 66.278 1719.3 4871.9 73.627 1741.1 4950.9 85.665
4.2333 1761.9 4844.8 66.687 1722.7 4884 73.781 1743.1 4962.9 86.089
4.2417 1765.5 4856.9 67.117 1726.1 4895.9 73.931 1745 4974.6 86.533
4.25 1768.8 4868.8 67.555 1729.6 4907.8 74.076 1747 4986.3 86.993
4.2583 1772.1 4880.5 67.994 1733.2 4919.5 74.216 1748.9 4997.9 87.467
4.2667 1775.1 4892 68.43 1736.8 4931 74.349 1751 5009.4 87.95
4.275 1778.1 4903.3 68.863 1740.4 4942.4 74.474 1753.1 5020.8 88.438
4.2833 1781 4914.5 69.295 1744 4953.5 74.588 1755.2 5032.2 88.926
4.2917 1783.7 4925.7 69.726 1747.6 4964.5 74.69 1757.5 5043.6 89.411
4.3 1786.4 4936.9 70.161 1751.2 4975.2 74.778 1759.8 5054.9 89.889
4.3083 1789.1 4948 70.603 1754.8 4985.7 74.85 1762.3 5066.3 90.357
4.3167 1791.8 4959.2 71.054 1758.3 4996.1 74.906 1764.9 5077.6 90.812
4.325 1794.5 4970.3 71.517 1761.8 5006.2 74.95 1767.5 5088.9 91.25
4.3333 1797.3 4981.4 71.994 1765.3 5016.3 74.985 1770.3 5100.2 91.669
4.3417 1800.1 4992.4 72.488 1768.7 5026.2 75.012 1773.2 5111.4 92.068
4.35 1803 5003.3 73 1772 5036.1 75.038 1776.2 5122.5 92.445
4.3583 1805.9 5014.1 73.53 1775.4 5045.9 75.067 1779.2 5133.6 92.799
4.3667 1808.9 5024.8 74.079 1778.7 5055.7 75.103 1782.3 5144.5 93.128
4.375 1811.9 5035.4 74.646 1781.9 5065.4 75.15 1785.5 5155.3 93.435
4.3833 1815 5045.8 75.229 1785.2 5075.2 75.21 1788.6 5166.1 93.722
4.3917 1818 5056.1 75.824 1788.4 5085 75.287 1791.8 5176.7 93.991
4.4 1821.1 5066.3 76.429 1791.7 5094.8 75.381 1795 5187.2 94.246
4.4083 1824.2 5076.4 77.041 1795 5104.7 75.493 1798.3 5197.5 94.492
4.4167 1827.2 5086.5 77.656 1798.2 5114.6 75.624 1801.5 5207.8 94.733
4.425 1830.3 5096.5 78.272 1801.5 5124.6 75.774 1804.7 5218.1 94.972
4.4333 1833.3 5106.5 78.886 1804.8 5134.6 75.944 1807.9 5228.2 95.213
4.4417 1836.2 5116.5 79.499 1808.1 5144.6 76.134 1811.1 5238.3 95.458
4.45 1839.2 5126.5 80.11 1811.4 5154.8 76.344 1814.3 5248.3 95.705
4.4583 1842.1 5136.6 80.719 1814.8 5165 76.574 1817.5 5258.4 95.955
4.4667 1845 5146.6 81.33 1818.1 5175.2 76.825 1820.8 5268.4 96.203
4.475 1847.9 5156.6 81.941 1821.5 5185.5 77.095 1824 5278.4 96.447
4.4833 1850.8 5166.5 82.555 1824.8 5195.9 77.382 1827.3 5288.4 96.682
4.4917 1853.8 5176.5 83.172 1828.2 5206.3 77.683 1830.7 5298.4 96.905
4.5 1856.8 5186.4 83.789 1831.5 5216.8 77.994 1834 5308.4 97.114
4.5083 1859.8 5196.4 84.404 1834.8 5227.4 78.31 1837.4 5318.4 97.308
4.5167 1863 5206.4 85.01 1838 5238 78.625 1840.8 5328.4 97.489
4.525 1866.2 5216.4 85.599 1841.3 5248.6 78.933 1844.2 5338.5 97.66
4.5333 1869.5 5226.5 86.165 1844.6 5259.2 79.229 1847.7 5348.6 97.826
4.5417 1872.8 5236.7 86.698 1847.8 5269.9 79.507 1851.1 5358.7 97.994
4.55 1876.3 5247.1 87.192 1851.1 5280.5 79.764 1854.5 5368.9 98.168
4.5583 1879.8 5257.5 87.642 1854.3 5291.2 79.997 1857.9 5379.2 98.355
4.5667 1883.3 5268.1 88.045 1857.6 5301.9 80.206 1861.2 5389.5 98.558
4.575 1886.9 5278.8 88.412 1860.9 5312.7 80.395 1864.5 5399.8 98.778
4.5833 1890.6 5289.7 88.737 1864.3 5323.4 80.564 1867.8 5410.2 99.013
4.5917 1894.3 5300.8 89.028 1867.7 5334.1 80.717 1871.1 5420.7 99.261
4.6 1898.1 5311.9 89.296 1871.1 5344.9 80.861 1874.4 5431.2 99.514
4.6083 1901.8 5323.2 89.537 1874.6 5355.7 80.998 1877.7 5441.7 99.766
4.6167 1905.4 5334.6 89.756 1878.1 5366.5 81.131 1881 5452.3 100.01
4.625 1909.1 5346 89.951 1881.7 5377.3 81.263 1884.3 5463 100.23
4.6333 1912.6 5357.4 90.12 1885.3 5388.2 81.394 1887.7 5473.6 100.44
4.6417 1916.1 5368.9 90.261 1889 5399 81.522 1891.1 5484.4 100.62
4.65 1919.6 5380.3 90.373 1892.6 5409.9 81.645 1894.5 5495.1 100.79
4.6583 1923 5391.8 90.452 1896.4 5420.7 81.759 1897.9 5506 100.94
4.6667 1926.5 5403.3 90.497 1900.1 5431.5 81.86 1901.4 5516.8 101.09
4.675 1929.9 5414.9 90.51 1903.9 5442.4 81.942 1904.9 5527.8 101.24
4.6833 1933.3 5426.5 90.49 1907.6 5453.2 82.003 1908.3 5538.8 101.4
4.6917 1936.6 5438.3 90.44 1911.4 5464 82.04 1911.7 5549.8 101.59
4.7 1940 5450.2 90.365 1915.2 5474.9 82.053 1915.1 5560.9 101.81
4.7083 1943.3 5462.3 90.268 1918.9 5485.7 82.046 1918.4 5572.1 102.07
4.7167 1946.5 5474.4 90.155 1922.6 5496.6 82.021 1921.6 5583.2 102.35
4.725 1949.8 5486.6 90.028 1926.3 5507.6 81.987 1924.8 5594.4 102.66
4.7333 1952.9 5498.8 89.897 1929.9 5518.6 81.95 1928 5605.6 102.98
4.7417 1956 5511 89.766 1933.4 5529.6 81.919 1931.1 5616.7 103.3
4.75 1959.1 5523.1 89.645 1936.8 5540.7 81.902 1934.1 5627.7 103.61
4.7583 1962.1 5535 89.545 1940 5551.9 81.909 1937.1 5638.6 103.88
4.7667 1965.1 5546.7 89.475 1943.1 5563 81.945 1940.1 5649.4 104.12
4.775 1968.1 5558.3 89.444 1946.1 5574.2 82.016 1943.1 5660.1 104.31
4.7833 1971.1 5569.7 89.458 1948.8 5585.4 82.126 1946 5670.6 104.45
4.7917 1974.1 5580.8 89.521 1951.4 5596.5 82.276 1948.9 5681 104.55
4.8 1977.1 5591.8 89.632 1953.7 5607.6 82.467 1951.6 5691.3 104.6
4.8083 1980.1 5602.6 89.79 1955.9 5618.6 82.699 1954.2 5701.5 104.63
4.8167 1983.1 5613.3 89.986 1957.9 5629.4 82.971 1956.7 5711.6 104.65
4.825 1986 5623.9 90.208 1959.7 5640.1 83.28 1959 5721.6 104.67
4.8333 1988.9 5634.4 90.44 1961.4 5650.7 83.625 1961 5731.6 104.72
4.8417 1991.8 5644.8 90.665 1963 5661.1 84.005 1962.8 5741.7 104.8
4.85 1994.6 5655.2 90.866 1964.4 5671.3 84.417 1964.3 5751.7 104.92
4.8583 1997.2 5665.6 91.03 1965.8 5681.4 84.861 1965.5 5761.9 105.1
4.8667 1999.7 5676 91.149 1967 5691.4 85.336 1966.4 5772.1 105.33
4.875 2002 5686.3 91.217 1968.1 5701.2 85.838 1967 5782.3 105.61
4.8833 2004 5696.5 91.234 1969.2 5711 86.366 1967.4 5792.7 105.93
4.8917 2005.8 5706.7 91.204 1970.2 5720.6 86.916 1967.6 5803 106.28
4.9 2007.4 5716.7 91.136 1971.1 5730.2 87.485 1967.5 5813.4 106.65
4.9083 2008.8 5726.7 91.043 1971.8 5739.8 88.068 1967.3 5823.8 107.03
4.9167 2009.9 5736.5 90.937 1972.5 5749.3 88.659 1967 5834.2 107.41
4.925 2010.9 5746.2 90.832 1973.1 5758.8 89.251 1966.6 5844.5 107.8
4.9333 2011.6 5755.8 90.74 1973.6 5768.3 89.837 1966 5854.7 108.19
4.9417 2012.2 5765.3 90.671 1974 5777.8 90.412 1965.4 5864.8 108.58
4.95 2012.6 5774.7 90.626 1974.2 5787.3 90.966 1964.7 5874.8 108.98
4.9583 2012.9 5784.1 90.613 1974.4 5796.8 91.495 1963.9 5884.7 109.39
4.9667 2013.1 5793.5 90.628 1974.5 5806.3 91.994 1963.1 5894.5 109.82
4.975 2013.2 5802.9 90.667 1974.5 5815.8 92.459 1962.1 5904.3 110.26
4.9833 2013.2 5812.3 90.726 1974.5 5825.3 92.888 1961.1 5913.9 110.72
4.9917 2013.2 5821.8 90.799 1974.3 5834.8 93.28 1960 5923.4 111.2
5 2013.2 5831.3 90.878 1974.1 5844.3 93.633 1958.8 5933 111.69
5.0083 2013.1 5840.8 90.957 1973.8 5853.9 93.953 1957.5 5942.4 112.18
5.0167 2013.1 5850.4 91.031 1973.4 5863.5 94.24 1956.2 5951.9 112.67
5.025 2013.2 5860 91.097 1973 5873.2 94.497 1954.8 5961.3 113.15
5.0333 2013.3 5869.6 91.153 1972.4 5882.9 94.729 1953.5 5970.7 113.61
5.0417 2013.5 5879.2 91.198 1971.8 5892.7 94.941 1952.1 5980.1 114.04
5.05 2013.7 5888.8 91.233 1971.2 5902.5 95.136 1950.7 5989.5 114.45
5.0583 2014 5898.4 91.263 1970.4 5912.4 95.322 1949.3 5998.9 114.83
5.0667 2014.2 5908 91.294 1969.6 5922.4 95.501 1947.9 6008.3 115.18
5.075 2014.3 5917.6 91.333 1968.6 5932.5 95.676 1946.5 6017.7 115.52
5.0833 2014.4 5927.3 91.387 1967.6 5942.5 95.851 1945 6027.1 115.84
5.0917 2014.3 5937.1 91.466 1966.6 5952.7 96.026 1943.5 6036.6 116.14
5.1 2014 5946.9 91.575 1965.4 5962.8 96.2 1942 6046.1 116.45
5.1083 2013.5 5956.8 91.718 1964.1 5972.9 96.372 1940.3 6055.6 116.75
5.1167 2012.9 5966.8 91.893 1962.7 5983.1 96.54 1938.5 6065.2 117.05
5.125 2012.1 5976.9 92.094 1961.3 5993.2 96.702 1936.6 6074.8 117.35
5.1333 2011 5987 92.312 1959.7 6003.3 96.854 1934.5 6084.5 117.65
5.1417 2009.9 5997.3 92.534 1958 6013.4 96.997 1932.3 6094.3 117.94
5.15 2008.6 6007.7 92.748 1956.3 6023.5 97.128 1930.1 6104 118.23
5.1583 2007.3 6018.3 92.944 1954.4 6033.6 97.251 1927.7 6113.8 118.5
5.1667 2005.9 6028.9 93.12 1952.4 6043.8 97.368 1925.2 6123.6 118.75
5.175 2004.5 6039.7 93.277 1950.3 6054 97.485 1922.7 6133.3 119
5.1833 2003 6050.5 93.412 1948.1 6064.3 97.608 1920.1 6143 119.24
5.1917 2001.5 6061.4 93.537 1945.8 6074.7 97.744 1917.4 6152.7 119.47
5.2 2000 6072.4 93.654 1943.4 6085.1 97.902 1914.7 6162.3 119.7
5.2083 1998.4 6083.4 93.765 1940.9 6095.7 98.087 1911.9 6171.9 119.93
5.2167 1996.7 6094.6 93.871 1938.2 6106.4 98.305 1909 6181.4 120.17
5.225 1994.9 6106 93.973 1935.4 6117.2 98.56 1906 6191 120.41
5.2333 1992.9 6117.5 94.071 1932.5 6128.1 98.851 1902.8 6200.5 120.67
5.2417 1990.9 6129.2 94.167 1929.4 6139 99.176 1899.6 6210.1 120.94
5.25 1988.7 6141.2 94.264 1926.2 6150 99.53 1896.1 6219.8 121.22
5.2583 1986.4 6153.5 94.369 1922.8 6160.9 99.908 1892.5 6229.5 121.5
5.2667 1983.9 6165.9 94.493 1919.2 6171.8 100.3 1888.7 6239.3 121.78
5.275 1981.3 6178.4 94.649 1915.6 6182.7 100.7 1884.8 6249.2 122.06
5.2833 1978.6 6191 94.845 1911.8 6193.5 101.11 1880.7 6259.1 122.35
5.2917 1975.8 6203.7 95.097 1908 6204.3 101.51 1876.5 6269.1 122.65
5.3 1972.8 6216.2 95.411 1904.1 6214.9 101.91 1872.2 6279.1 122.96
5.3083 1969.8 6228.6 95.795 1900.2 6225.5 102.31 1867.9 6289 123.3
5.3167 1966.7 6240.8 96.252 1896.3 6236 102.71 1863.4 6298.8 123.67
5.325 1963.6 6252.7 96.779 1892.5 6246.4 103.13 1859 6308.5 124.08
5.3333 1960.4 6264.4 97.374 1888.7 6256.7 103.56 1854.6 6318.1 124.55
5.3417 1957 6275.7 98.024 1885.1 6267.1 104.03 1850.2 6327.5 125.08
5.35 1953.6 6286.7 98.723 1881.6 6277.3 104.54 1845.8 6336.8 125.66
5.3583 1950.1 6297.3 99.458 1878.2 6287.5 105.1 1841.5 6345.9 126.3
5.3667 1946.3 6307.7 100.22 1875 6297.6 105.72 1837.2 6354.8 126.99
5.375 1942.5 6317.9 101.02 1871.9 6307.6 106.39 1832.9 6363.7 127.71
5.3833 1938.5 6327.8 101.84 1868.9 6317.5 107.11 1828.7 6372.5 128.45
5.3917 1934.3 6337.5 102.68 1865.9 6327.1 107.88 1824.6 6381.3 129.19
5.4 1930 6347.1 103.55 1863 6336.6 108.7 1820.4 6390.1 129.92
5.4083 1925.5 6356.6 104.46 1860.2 6345.8 109.56 1816.3 6398.9 130.62
5.4167 1921 6366 105.41 1857.4 6354.7 110.43 1812.3 6407.6 131.29
5.425 1916.4 6375.3 106.41 1854.5 6363.3 111.33 1808.3 6416.4 131.91
5.4333 1911.7 6384.5 107.47 1851.6 6371.7 112.24 1804.3 6425.2 132.5
5.4417 1907.1 6393.6 108.58 1848.7 6379.8 113.16 1800.3 6433.9 133.05
5.45 1902.5 6402.6 109.75 1845.8 6387.7 114.09 1796.4 6442.6 133.59
5.4583 1898 6411.5 110.99 1842.8 6395.4 115.04 1792.4 6451.1 134.11
5.4667 1893.6 6420.1 112.3 1839.8 6402.9 116 1788.4 6459.5 134.65
5.475 1889.4 6428.6 113.67 1836.7 6410.4 116.99 1784.5 6467.6 135.2
5.4833 1885.3 6436.9 115.1 1833.6 6417.7 118.02 1780.4 6475.6 135.77
5.4917 1881.4 6445 116.59 1830.4 6425.1 119.1 1776.3 6483.3 136.37
5.5 1877.6 6452.9 118.15 1827.2 6432.5 120.22 1772.2 6490.8 136.99
5.5083 1873.9 6460.5 119.76 1823.9 6439.9 121.42 1767.9 6498.1 137.63
5.5167 1870.3 6468 121.42 1820.6 6447.3 122.68 1763.6 6505.2 138.29
5.525 1866.7 6475.3 123.12 1817.2 6454.7 124.01 1759.1 6512.1 138.95
5.5333 1863.1 6482.4 124.87 1813.7 6462.2 125.4 1754.6 6518.9 139.61
5.5417 1859.6 6489.5 126.64 1810.1 6469.6 126.86 1749.9 6525.7 140.27
5.55 1856 6496.4 128.43 1806.5 6476.9 128.36 1745.2 6532.4 140.91
5.5583 1852.4 6503.2 130.25 1802.8 6484.2 129.93 1740.4 6539 141.53
5.5667 1848.8 6509.9 132.07 1799 6491.4 131.52 1735.4 6545.7 142.16
5.575 1845.2 6516.6 133.89 1795.1 6498.5 133.15 1730.3 6552.3 142.78
5.5833 1841.6 6523.3 135.71 1791.2 6505.5 134.79 1725.2 6558.9 143.41
5.5917 1838 6529.9 137.53 1787.2 6512.5 136.44 1719.9 6565.5 144.06
5.6 1834.5 6536.5 139.33 1783.1 6519.3 138.09 1714.5 6572.1 144.74
5.6083 1830.9 6543 141.11 1778.9 6526.1 139.74 1709 6578.7 145.44
5.6167 1827.3 6549.6 142.87 1774.7 6532.8 141.37 1703.3 6585.2 146.16
5.625 1823.7 6556.1 144.61 1770.4 6539.5 142.99 1697.6 6591.7 146.91
5.6333 1820 6562.5 146.31 1766.1 6546 144.58 1691.7 6599.4 146.8
5.6417 1816.2 6569 147.97 1761.6 6552.7 146.15 1685.8 6605.8 147.58
5.65 1812.3 6575.3 149.6 1757.1 6559.4 147.69 1679.7 6612.2 148.34
5.6583 1808.3 6581.7 151.18 1752.5 6566.1 149.19 1673.6 6618.6 149.09
5.6667 1804.1 6588 152.7 1747.7 6572.7 150.66 1667.5 6625 149.8
5.675 1799.8 6594.3 154.15 1742.9 6579.4 152.08 1661.3 6631.3 150.48
5.6833 1795.4 6600.5 155.54 1738 6586 153.46 1655.2 6637.7 151.11
5.6917 1790.9 6606.8 156.84 1733 6592.5 154.79 1649 6644.1 151.7
5.7 1786.2 6613.2 158.05 1728 6599 156.07 1642.8 6650.5 152.26
5.7083 1781.5 6619.6 159.17 1722.8 6605.5 157.3 1636.6 6656.9 152.79
5.7167 1776.7 6626 160.2 1717.6 6611.9 158.47 1630.5 6663.2 153.3
5.725 1771.8 6632.6 161.14 1712.3 6618.2 159.59 1624.3 6669.6 153.79
5.7333 1766.8 6639.1 162.01 1706.9 6624.6 160.65 1618.1 6675.9 154.29
5.7417 1761.7 6645.8 162.82 1701.4 6630.9 161.66 1611.9 6682.1 154.79
5.75 1756.5 6652.4 163.58 1695.9 6637.2 162.62 1605.6 6688.3 155.3
5.7583 1751.3 6659.1 164.31 1690.3 6643.5 163.52 1599.3 6694.5 155.81
5.7667 1745.9 6665.7 165.01 1684.6 6649.9 164.37 1592.9 6700.6 156.33
5.775 1740.4 6672.2 165.71 1678.8 6656.3 165.17 1586.5 6706.7 156.84
5.7833 1734.8 6678.7 166.39 1672.9 6662.7 165.91 1580.1 6712.8 157.36
5.7917 1729.1 6685.1 167.06 1666.9 6669.1 166.6 1573.6 6718.8 157.86
5.8 1723.3 6691.4 167.71 1660.7 6675.6 167.24 1567 6724.8 158.35
5.8083 1717.4 6697.5 168.34 1654.5 6682.1 167.82 1560.4 6730.8 158.82
5.8167 1711.3 6703.7 168.95 1648.1 6688.6 168.35 1553.8 6736.8 159.26
5.825 1705.2 6709.7 169.51 1641.5 6695.1 168.82 1547.1 6742.7 159.7
5.8333 1698.9 6715.8 170.04 1634.8 6701.6 169.25 1540.4 6748.7 160.11
5.8417 1692.3 6721.9 170.51 1628 6708.1 169.63 1533.5 6754.6 160.51
5.85 1685.6 6728 170.93 1621 6714.6 169.96 1526.6 6760.5 160.91
5.8583 1678.5 6734.2 171.29 1613.9 6721.1 170.24 1519.5 6766.4 161.3
5.8667 1671.2 6740.4 171.59 1606.6 6727.6 170.49 1512.3 6772.3 161.69
5.875 1663.5 6746.7 171.84 1599.2 6734.2 170.69 1505 6778.2 162.09
5.8833 1655.5 6753.1 172.03 1591.6 6740.7 170.86 1497.4 6784 162.49
5.8917 1647.2 6759.5 172.18 1583.9 6747.3 171 1489.7 6789.9 162.9
5.9 1638.5 6766 172.29 1576.1 6753.9 171.1 1481.8 6795.8 163.31
5.9083 1629.5 6772.4 172.37 1568.1 6760.6 171.18 1473.7 6801.6 163.71
5.9167 1620.3 6778.8 172.42 1560 6767.3 171.23 1465.4 6807.5 164.11
5.925 1610.8 6785.1 172.47 1551.7 6774 171.26 1457.1 6813.4 164.49
5.9333 1601.2 6791.3 172.52 1543.4 6780.6 171.27 1448.7 6819.3 164.86
5.9417 1591.4 6797.3 172.58 1534.8 6787.3 171.28 1440.2 6825.1 165.2
5.95 1581.5 6803.3 172.65 1526.2 6794 171.27 1431.7 6831 165.52
5.9583 1571.7 6809.1 172.75 1517.4 6800.5 171.26 1423.3 6836.8 165.81
5.9667 1561.9 6814.7 172.86 1508.4 6806.9 171.26 1414.9 6842.7 166.07
5.975 1552.1 6820.3 173 1499.4 6813.2 171.27 1406.5 6848.4 166.29
5.9833 1542.6 6825.7 173.16 1490.2 6819.3 171.3 1398.2 6854.1 166.5
5.9917 1533.2 6831 173.36 1481 6825.2 171.36 1390 6859.8 166.67
6 1524.2 6836.3 173.58 1471.8 6830.9 171.44 1381.7 6865.3 166.82
6.0083 1515.3 6841.7 173.82 1462.5 6836.4 171.56 1373.5 6870.8 166.95
6.0167 1506.7 6847.2 174.07 1453.2 6841.6 171.72 1365.3 6876.1 167.06
6.025 1498.3 6852.7 174.31 1443.9 6846.6 171.92 1356.9 6881.3 167.16
6.0333 1490.1 6858.3 174.54 1434.7 6851.3 172.15 1348.5 6886.3 167.24
6.0417 1481.9 6863.8 174.76 1425.5 6855.8 172.42 1340.1 6891.1 167.33
6.05 1473.9 6869.1 174.95 1416.5 6860.1 172.73 1331.4 6895.7 167.41
6.0583 1465.9 6874.3 175.14 1407.5 6864.2 173.06 1322.7 6900 167.5
6.0667 1458 6879.2 175.31 1398.7 6868.1 173.42 1313.9 6904.2 167.6
6.075 1450.1 6884.1 175.48 1389.9 6871.8 173.79 1304.9 6908.1 167.71
6.0833 1442.3 6888.8 175.64 1381.2 6875.5 174.18 1295.9 6911.7 167.85
6.0917 1434.4 6893.4 175.79 1372.6 6879 174.57 1286.7 6915.1 168.01
6.1 1426.4 6897.9 175.92 1364.1 6882.4 174.97 1277.6 6918.2 168.2
6.1083 1418.3 6902.3 176.04 1355.6 6885.7 175.38 1268.4 6921.1 168.41
6.1167 1410.1 6906.5 176.15 1347.2 6889 175.78 1259.1 6923.8 168.66
6.125 1401.9 6910.4 176.26 1338.7 6892.1 176.19 1249.9 6926.2 168.93
6.1333 1393.7 6914.2 176.37 1330.3 6895.2 176.61 1240.6 6928.5 169.23
6.1417 1385.4 6917.7 176.48 1321.8 6898.2 177.02 1231.4 6930.7 169.55
6.15 1377.2 6921 176.6 1313.2 6901.1 177.45 1222.2 6932.7 169.89
6.1583 1369 6924.2 176.72 1304.7 6903.9 177.87 1213 6934.6 170.25
6.1667 1360.9 6927.2 176.85 1296 6906.6 178.3 1203.7 6936.3 170.62
6.175 1352.8 6930 176.98 1287.4 6909.2 178.73 1194.5 6938 170.99
6.1833 1344.7 6932.7 177.11 1278.6 6911.7 179.15 1185.3 6939.6 171.37
6.1917 1336.7 6935.3 177.24 1269.8 6914.1 179.57 1176.2 6941.2 171.75
6.2 1328.6 6937.8 177.37 1261 6916.4 179.97 1167 6942.6 172.12
6.2083 1320.5 6940.2 177.5 1252 6918.5 180.36 1157.9 6944 172.48
6.2167 1312.2 6942.6 177.6 1243.1 6920.6 180.72 1148.7 6945.3 172.83
6.225 1303.9 6944.8 177.69 1234.1 6922.6 181.05 1139.6 6946.6 173.16
6.2333 1295.5 6947.1 177.76 1225 6924.5 181.35 1130.6 6947.7 173.48
6.2417 1287 6949.3 177.81 1215.9 6926.2 181.62 1121.5 6948.8 173.77
6.25 1278.3 6951.5 177.83 1206.7 6928 181.86 1112.4 6949.8 174.05
6.2583 1269.6 6953.7 177.82 1197.5 6929.6 182.06 1103.4 6950.8 174.31
6.2667 1260.8 6955.9 177.79 1188.3 6931.2 182.24 1094.3 6951.7 174.56
6.275 1251.8 6958.1 177.74 1179.1 6932.7 182.39 1085.2 6952.5 174.78
6.2833 1242.9 6960.3 177.66 1169.8 6934.1 182.51 1076 6953.3 175
6.2917 1233.8 6962.4 177.57 1160.5 6935.5 182.61 1066.9 6954.1 175.2
6.3 1224.7 6964.6 177.45 1151.1 6936.8 182.69 1057.6 6954.8 175.4
6.3083 1215.5 6966.7 177.33 1141.8 6938 182.74 1048.4 6955.5 175.59
6.3167 1206.3 6968.8 177.19 1132.4 6939.2 182.77 1039.1 6956.1 175.77
6.325 1196.9 6970.7 177.05 1123 6940.3 182.77 1029.7 6956.6 175.95
6.3333 1187.4 6972.6 176.91 1113.5 6941.3 182.74 1020.3 6957.1 176.13
6.3417 1177.8 6974.4 176.77 1104 6942.1 182.67 1010.9 6957.6 176.3
6.35 1168.1 6976.1 176.64 1094.4 6942.9 182.58 1001.4 6958 176.45
6.3583 1158.3 6977.6 176.51 1084.8 6943.6 182.45 991.94 6958.3 176.6
6.3667 1148.3 6979.1 176.39 1075.1 6944.2 182.28 982.38 6958.5 176.73
6.375 1138.2 6980.4 176.26 1065.3 6944.7 182.09 972.78 6958.7 176.83
6.3833 1127.9 6981.6 176.11 1055.4 6945.2 181.87 963.11 6958.8 176.92
6.3917 1117.5 6982.7 175.94 1045.3 6945.5 181.63 953.38 6958.8 176.98
6.4 1107 6983.7 175.73 1035.1 6945.7 181.37 943.57 6958.8 177.02
6.4083 1096.3 6984.6 175.47 1024.8 6945.9 181.11 933.66 6958.8 177.04
6.4167 1085.5 6985.5 175.17 1014.3 6946.1 180.85 923.66 6958.6 177.05
6.425 1074.6 6986.3 174.82 1003.7 6946.1 180.6 913.54 6958.4 177.04
6.4333 1063.5 6987.1 174.44 992.89 6946.1 180.37 903.31 6958.2 177.03
6.4417 1052.3 6987.8 174.02 981.92 6946.1 180.16 892.96 6957.8 177.03
6.45 1040.9 6988.5 173.58 970.8 6946 179.97 882.48 6957.4 177.03
