0.0083333 -7.0078 2.3415 95.768 -30.858 108.56 84.33 0.86278 204.08 85.771
0.016667 -5.9351 12.081 95.768 -29.337 118.17 84.176 2.3279 212.79 85.862
0.025 -4.9736 21.993 95.766 -27.769 127.87 84.024 3.8297 221.65 85.956
0.033333 -4.1257 32.05 95.758 -26.171 137.64 83.876 5.3656 230.64 86.05
0.041667 -3.3827 42.208 95.742 -24.566 147.45 83.731 6.9289 239.72 86.138
0.05 -2.7121 52.433 95.713 -22.977 157.3 83.591 8.5097 248.84 86.217
0.058333 -2.0724 62.684 95.669 -21.431 167.15 83.459 10.094 257.98 86.284
0.066667 -1.4234 72.904 95.612 -19.956 176.99 83.338 11.665 267.07 86.338
0.075 -0.71041 83.066 95.537 -18.575 186.79 83.233 13.204 276.09 86.378
0.083333 0.10416 93.132 95.444 -17.309 196.56 83.147 14.69 285.01 86.406
0.091667 1.0468 103.08 95.331 -16.172 206.26 83.087 16.102 293.8 86.424
0.1 2.1286 112.89 95.194 -15.173 215.87 83.055 17.42 302.46 86.435
0.10833 3.3441 122.57 95.03 -14.315 225.39 83.057 18.626 310.99 86.443
0.11667 4.6746 132.13 94.835 -13.594 234.78 83.096 19.704 319.41 86.453
0.125 6.0903 141.6 94.607 -13.003 244.04 83.172 20.643 327.73 86.468
0.13333 7.5538 151 94.345 -12.528 253.16 83.287 21.432 336 86.492
0.14167 9.0239 160.37 94.049 -12.158 262.12 83.438 22.064 344.23 86.528
0.15 10.457 169.74 93.724 -11.878 270.91 83.622 22.534 352.47 86.579
0.15833 11.809 179.14 93.375 -11.675 279.55 83.836 22.839 360.74 86.647
0.16667 13.044 188.56 93.012 -11.537 288.04 84.074 22.975 369.07 86.734
0.175 14.138 198.01 92.643 -11.458 296.38 84.333 22.941 377.47 86.84
0.18333 15.076 207.5 92.279 -11.432 304.61 84.608 22.733 385.96 86.968
0.19167 15.857 216.99 91.929 -11.458 312.74 84.897 22.349 394.55 87.118
0.2 16.49 226.48 91.602 -11.537 320.81 85.199 21.784 403.23 87.291
0.20833 16.991 235.94 91.305 -11.672 328.83 85.511 21.035 412 87.489
0.21667 17.38 245.35 91.041 -11.868 336.83 85.837 20.101 420.84 87.713
0.225 17.674 254.71 90.814 -12.129 344.85 86.176 18.982 429.74 87.964
0.23333 17.895 264 90.625 -12.457 352.9 86.53 17.68 438.67 88.241
0.24167 18.051 273.21 90.47 -12.854 360.99 86.901 16.204 447.61 88.546
0.25 18.159 282.37 90.347 -13.319 369.15 87.29 14.563 456.55 88.875
0.25833 18.223 291.47 90.25 -13.848 377.37 87.694 12.772 465.47 89.226
0.26667 18.247 300.54 90.174 -14.439 385.66 88.113 10.851 474.34 89.596
0.275 18.23 309.6 90.112 -15.085 394.01 88.542 8.8203 483.15 89.979
0.28333 18.174 318.66 90.061 -15.781 402.43 88.978 6.7051 491.89 90.37
0.29167 18.075 327.74 90.014 -16.523 410.9 89.414 4.529 500.55 90.763
0.3 17.931 336.86 89.97 -17.307 419.43 89.846 2.3155 509.14 91.151
0.30833 17.743 346.01 89.926 -18.13 428 90.269 0.085554 517.65 91.53
0.31667 17.509 355.21 89.883 -18.993 436.63 90.678 -2.143 526.09 91.895
0.325 17.236 364.44 89.841 -19.897 445.31 91.071 -4.3568 534.48 92.242
0.33333 16.919 373.71 89.801 -20.845 454.05 91.447 -6.5473 542.82 92.569
0.34167 16.564 382.99 89.765 -21.84 462.85 91.806 -8.7103 551.14 92.877
0.35 16.171 392.3 89.736 -22.886 471.73 92.151 -10.846 559.44 93.169
0.35833 15.734 401.61 89.716 -23.985 480.68 92.484 -12.958 567.74 93.447
0.36667 15.251 410.94 89.708 -25.141 489.71 92.808 -15.051 576.07 93.714
0.375 14.707 420.28 89.714 -26.355 498.84 93.126 -17.132 584.43 93.977
0.38333 14.095 429.63 89.74 -27.629 508.05 93.441 -19.207 592.84 94.237
0.39167 13.398 439.01 89.788 -28.963 517.35 93.754 -21.281 601.3 94.498
0.4 12.598 448.42 89.864 -30.359 526.73 94.063 -23.36 609.83 94.761
0.40833 11.684 457.89 89.971 -31.818 536.2 94.367 -25.444 618.42 95.026
0.41667 10.645 467.42 90.113 -33.341 545.74 94.662 -27.536 627.1 95.29
0.425 9.4741 477.04 90.29 -34.93 555.36 94.943 -29.637 635.84 95.549
0.43333 8.1689 486.78 90.499 -36.587 565.05 95.205 -31.749 644.66 95.801
0.44167 6.7388 496.67 90.737 -38.315 574.81 95.444 -33.874 653.56 96.039
0.45 5.2029 506.72 90.993 -40.119 584.64 95.658 -36.019 662.54 96.26
0.45833 3.5766 516.97 91.259 -42.004 594.56 95.844 -38.191 671.6 96.46
0.46667 1.8886 527.41 91.526 -43.973 604.55 96.003 -40.401 680.74 96.639
0.475 0.15934 538.05 91.789 -46.032 614.64 96.14 -42.665 689.96 96.798
0.48333 -1.6107 548.87 92.04 -48.19 624.81 96.256 -44.998 699.28 96.939
0.49167 -3.4112 559.82 92.283 -50.449 635.08 96.359 -47.418 708.68 97.067
0.5 -5.2524 570.9 92.513 -52.816 645.45 96.458 -49.941 718.17 97.187
0.50833 -7.1457 582.07 92.729 -55.296 655.92 96.559 -52.583 727.75 97.304
0.51667 -9.1012 593.33 92.929 -57.893 666.48 96.67 -55.355 737.43 97.425
0.525 -11.128 604.69 93.108 -60.611 677.14 96.798 -58.267 747.2 97.551
0.53333 -13.233 616.15 93.266 -63.453 687.88 96.948 -61.322 757.06 97.685
0.54167 -15.414 627.73 93.403 -66.419 698.71 97.122 -64.52 767 97.825
0.55 -17.677 639.47 93.521 -69.508 709.62 97.322 -67.856 777.02 97.97
0.55833 -20.013 651.39 93.625 -72.717 720.59 97.546 -71.325 787.12 98.114
0.56667 -22.418 663.49 93.725 -76.038 731.64 97.791 -74.916 797.29 98.253
0.575 -24.896 675.79 93.832 -79.46 742.74 98.055 -78.621 807.52 98.381
0.58333 -27.445 688.27 93.96 -82.971 753.91 98.332 -82.431 817.8 98.497
0.59167 -30.076 700.9 94.125 -86.551 765.13 98.619 -86.339 828.14 98.597
0.6 -32.797 713.65 94.342 -90.183 776.4 98.912 -90.338 838.52 98.685
0.60833 -35.617 726.46 94.622 -93.842 787.72 99.207 -94.426 848.94 98.764
0.61667 -38.55 739.27 94.971 -97.507 799.05 99.502 -98.6 859.4 98.841
0.625 -41.6 752.01 95.39 -101.15 810.4 99.796 -102.86 869.9 98.927
0.63333 -44.766 764.64 95.873 -104.76 821.74 100.09 -107.19 880.44 99.032
0.64167 -48.045 777.1 96.409 -108.3 833.04 100.38 -111.6 891.02 99.166
0.65 -51.422 789.35 96.984 -111.76 844.28 100.67 -116.07 901.63 99.338
0.65833 -54.884 801.36 97.58 -115.13 855.42 100.95 -120.6 912.28 99.552
0.66667 -58.406 813.1 98.182 -118.4 866.43 101.24 -125.15 922.97 99.811
0.675 -61.968 824.58 98.775 -121.57 877.28 101.53 -129.71 933.68 100.11
0.68333 -65.553 835.81 99.352 -124.64 887.95 101.81 -134.25 944.41 100.44
0.69167 -69.157 846.82 99.909 -127.61 898.4 102.1 -138.74 955.15 100.79
0.7 -72.778 857.67 100.45 -130.5 908.63 102.38 -143.15 965.9 101.15
0.70833 -76.428 868.38 100.98 -133.32 918.63 102.66 -147.46 976.65 101.49
0.71667 -80.117 879.01 101.51 -136.09 928.4 102.94 -151.65 987.37 101.82
0.725 -83.846 889.6 102.04 -138.83 937.95 103.22 -155.69 998.07 102.1
0.73333 -87.631 900.15 102.58 -141.53 947.31 103.49 -159.58 1008.7 102.34
0.74167 -91.458 910.68 103.13 -144.24 956.49 103.75 -163.32 1019.4 102.53
0.75 -95.325 921.21 103.7 -146.95 965.53 104.01 -166.92 1029.9 102.66
0.75833 -99.217 931.71 104.3 -149.68 974.45 104.27 -170.37 1040.5 102.75
0.76667 -103.12 942.18 104.92 -152.43 983.3 104.52 -173.71 1050.9 102.8
0.775 -107.01 952.59 105.57 -155.23 992.1 104.77 -176.95 1061.4 102.82
0.78333 -110.86 962.94 106.25 -158.06 1000.9 105.02 -180.11 1071.8 102.81
0.79167 -114.67 973.21 106.96 -160.95 1009.7 105.27 -183.2 1082.2 102.79
0.8 -118.42 983.38 107.7 -163.89 1018.5 105.52 -186.25 1092.5 102.77
0.80833 -122.11 993.47 108.48 -166.89 1027.3 105.77 -189.26 1102.9 102.75
0.81667 -125.72 1003.5 109.29 -169.95 1036.2 106.02 -192.25 1113.3 102.72
0.825 -129.28 1013.4 110.14 -173.08 1045.1 106.27 -195.22 1123.6 102.71
0.83333 -132.81 1023.3 111.03 -176.26 1054.1 106.53 -198.17 1134 102.69
0.84167 -136.32 1033.1 111.95 -179.52 1063.1 106.79 -201.1 1144.4 102.67
0.85 -139.83 1042.9 112.9 -182.83 1072.2 107.07 -204.01 1154.9 102.63
0.85833 -143.37 1052.7 113.88 -186.22 1081.3 107.36 -206.89 1165.3 102.59
0.86667 -146.95 1062.5 114.88 -189.66 1090.5 107.67 -209.76 1175.8 102.52
0.875 -150.58 1072.3 115.89 -193.16 1099.8 108.01 -212.6 1186.2 102.43
0.88333 -154.26 1082.1 116.89 -196.73 1109 108.38 -215.44 1196.7 102.33
0.89167 -157.98 1091.9 117.89 -200.35 1118.4 108.78 -218.27 1207.2 102.2
0.9 -161.72 1101.7 118.87 -204.04 1127.8 109.2 -221.1 1217.6 102.06
0.90833 -165.47 1111.5 119.82 -207.79 1137.3 109.65 -223.95 1228.1 101.91
0.91667 -169.2 1121.3 120.75 -211.6 1146.9 110.11 -226.83 1238.5 101.75
0.925 -172.9 1131.1 121.63 -215.47 1156.5 110.59 -229.75 1249 101.59
0.93333 -176.55 1141 122.48 -219.41 1166.2 111.08 -232.71 1259.4 101.43
0.94167 -180.14 1151 123.29 -223.42 1176 111.56 -235.72 1269.9 101.27
0.95 -183.66 1161 124.04 -227.5 1185.9 112.02 -238.79 1280.3 101.12
0.95833 -187.13 1171.2 124.74 -231.65 1195.9 112.47 -241.92 1290.7 100.98
0.96667 -190.54 1181.5 125.39 -235.87 1205.9 112.9 -245.1 1301.1 100.83
0.975 -193.93 1192 125.98 -240.16 1216 113.29 -248.33 1311.6 100.68
0.98333 -197.31 1202.6 126.51 -244.52 1226.2 113.66 -251.6 1322 100.53
0.99167 -200.71 1213.4 126.97 -248.95 1236.4 114 -254.91 1332.5 100.37
1 -204.14 1224.3 127.38 -253.44 1246.8 114.32 -258.26 1343 100.2
1.0083 -207.64 1235.4 127.73 -257.98 1257.2 114.61 -261.64 1353.5 100.01
1.0167 -211.22 1246.7 128.04 -262.59 1267.7 114.89 -265.06 1364.1 99.815
1.025 -214.91 1258 128.32 -267.25 1278.2 115.15 -268.5 1374.8 99.605
1.0333 -218.71 1269.4 128.55 -271.96 1288.9 115.4 -271.97 1385.5 99.382
1.0417 -222.65 1280.8 128.76 -276.72 1299.6 115.63 -275.48 1396.2 99.147
1.05 -226.7 1292.2 128.94 -281.52 1310.5 115.85 -279.03 1407 98.902
1.0583 -230.88 1303.6 129.09 -286.37 1321.4 116.04 -282.63 1417.9 98.647
1.0667 -235.18 1314.9 129.22 -291.26 1332.5 116.21 -286.28 1428.8 98.384
1.075 -239.62 1326.1 129.33 -296.17 1343.7 116.34 -289.98 1439.8 98.114
1.0833 -244.21 1337.3 129.44 -301.11 1355 116.43 -293.76 1450.9 97.839
1.0917 -248.97 1348.6 129.54 -306.06 1366.4 116.48 -297.61 1462.1 97.562
1.1 -253.94 1359.9 129.65 -311.01 1378 116.49 -301.53 1473.3 97.285
1.1083 -259.14 1371.3 129.76 -315.96 1389.7 116.45 -305.55 1484.5 97.013
1.1167 -264.59 1382.9 129.88 -320.9 1401.5 116.38 -309.65 1495.9 96.749
1.125 -270.31 1394.6 130 -325.82 1413.3 116.27 -313.85 1507.3 96.5
1.1333 -276.3 1406.5 130.11 -330.73 1425.3 116.14 -318.15 1518.7 96.268
1.1417 -282.54 1418.5 130.21 -335.63 1437.3 116 -322.53 1530.3 96.059
1.15 -289.01 1430.6 130.29 -340.53 1449.3 115.86 -327 1541.9 95.876
1.1583 -295.67 1442.8 130.33 -345.44 1461.3 115.74 -331.56 1553.5 95.719
1.1667 -302.46 1455 130.33 -350.39 1473.2 115.64 -336.19 1565.2 95.587
1.175 -309.33 1467.1 130.3 -355.39 1485.1 115.57 -340.89 1576.9 95.477
1.1833 -316.2 1479.2 130.24 -360.46 1496.8 115.55 -345.65 1588.5 95.383
1.1917 -323.01 1491.1 130.16 -365.61 1508.5 115.57 -350.47 1600.1 95.299
1.2 -329.69 1502.9 130.06 -370.86 1519.9 115.65 -355.33 1611.7 95.216
1.2083 -336.19 1514.6 129.96 -376.23 1531.2 115.78 -360.24 1623.1 95.125
1.2167 -342.47 1526 129.85 -381.7 1542.3 115.96 -365.21 1634.4 95.021
1.225 -348.53 1537.4 129.76 -387.28 1553.2 116.19 -370.25 1645.5 94.897
1.2333 -354.38 1548.6 129.67 -392.96 1563.9 116.47 -375.37 1656.5 94.752
1.2417 -360.04 1559.6 129.6 -398.73 1574.4 116.79 -380.59 1667.2 94.585
1.25 -365.54 1570.6 129.54 -404.56 1584.7 117.15 -385.94 1677.8 94.402
1.2583 -370.92 1581.4 129.49 -410.45 1594.8 117.54 -391.45 1688.2 94.208
1.2667 -376.22 1592.1 129.45 -416.37 1604.8 117.96 -397.14 1698.4 94.012
1.275 -381.47 1602.7 129.42 -422.3 1614.5 118.4 -403.03 1708.5 93.826
1.2833 -386.71 1613.3 129.39 -428.24 1624.2 118.87 -409.15 1718.4 93.66
1.2917 -391.98 1623.8 129.36 -434.17 1633.7 119.35 -415.5 1728.2 93.525
1.3 -397.3 1634.2 129.34 -440.09 1643.1 119.85 -422.1 1737.9 93.432
1.3083 -402.7 1644.6 129.31 -446 1652.4 120.36 -428.95 1747.6 93.387
1.3167 -408.2 1654.9 129.3 -451.9 1661.7 120.88 -436.04 1757.2 93.394
1.325 -413.8 1665.1 129.3 -457.8 1670.8 121.42 -443.36 1766.8 93.455
1.3333 -419.49 1675.1 129.31 -463.71 1680 121.96 -450.88 1776.3 93.567
1.3417 -425.29 1685.1 129.34 -469.63 1689 122.52 -458.58 1785.8 93.728
1.35 -431.18 1694.9 129.39 -475.58 1698.1 123.09 -466.45 1795.3 93.929
1.3583 -437.15 1704.6 129.47 -481.58 1707.1 123.66 -474.45 1804.7 94.166
1.3667 -443.19 1714.2 129.55 -487.61 1716.1 124.25 -482.55 1814 94.427
1.375 -449.28 1723.7 129.65 -493.7 1725 124.84 -490.75 1823.2 94.708
1.3833 -455.42 1733 129.75 -499.84 1734 125.44 -499.01 1832.3 95.002
1.3917 -461.59 1742.3 129.85 -506.03 1742.9 126.04 -507.32 1841.4 95.302
1.4 -467.79 1751.5 129.93 -512.29 1751.8 126.63 -515.67 1850.3 95.603
1.4083 -473.99 1760.6 130 -518.62 1760.7 127.22 -524.05 1859.1 95.903
1.4167 -480.18 1769.7 130.04 -525.01 1769.7 127.79 -532.45 1867.9 96.198
1.425 -486.38 1778.7 130.05 -531.47 1778.6 128.34 -540.87 1876.6 96.487
1.4333 -492.56 1787.8 130.04 -538 1787.5 128.86 -549.28 1885.2 96.767
1.4417 -498.75 1796.7 130 -544.62 1796.5 129.36 -557.7 1893.8 97.037
1.45 -504.94 1805.7 129.93 -551.32 1805.5 129.83 -566.11 1902.3 97.296
1.4583 -511.15 1814.7 129.84 -558.11 1814.5 130.26 -574.51 1910.8 97.543
1.4667 -517.4 1823.8 129.73 -565 1823.6 130.66 -582.89 1919.3 97.776
1.475 -523.72 1832.8 129.63 -571.99 1832.7 131.03 -591.25 1927.8 97.994
1.4833 -530.11 1841.9 129.52 -579.08 1841.9 131.37 -599.59 1936.3 98.198
1.4917 -536.6 1851 129.43 -586.26 1851.1 131.69 -607.91 1944.8 98.385
1.5 -543.19 1860.1 129.35 -593.55 1860.3 131.98 -616.2 1953.3 98.556
1.5083 -549.9 1869.1 129.3 -600.92 1869.6 132.26 -624.48 1961.9 98.711
1.5167 -556.74 1878.2 129.27 -608.38 1878.9 132.51 -632.75 1970.5 98.851
1.525 -563.71 1887.3 129.26 -615.92 1888.2 132.75 -641.01 1979.1 98.975
1.5333 -570.83 1896.4 129.26 -623.54 1897.5 132.98 -649.28 1987.9 99.083
1.5417 -578.09 1905.4 129.26 -631.24 1906.9 133.19 -657.55 1996.6 99.177
1.55 -585.5 1914.5 129.24 -639.02 1916.2 133.38 -665.84 2005.5 99.256
1.5583 -593.06 1923.6 129.18 -646.88 1925.5 133.55 -674.15 2014.3 99.321
1.5667 -600.76 1932.8 129.09 -654.82 1934.9 133.71 -682.49 2023.3 99.372
1.575 -608.59 1942 128.95 -662.86 1944.2 133.85 -690.86 2032.3 99.41
1.5833 -616.56 1951.3 128.78 -671 1953.6 133.97 -699.26 2041.3 99.434
1.5917 -624.66 1960.6 128.59 -679.26 1962.9 134.08 -707.69 2050.4 99.445
1.6 -632.91 1969.9 128.38 -687.64 1972.3 134.17 -716.16 2059.6 99.443
1.6083 -641.31 1979.2 128.17 -696.14 1981.7 134.25 -724.67 2068.8 99.428
1.6167 -649.89 1988.5 127.96 -704.78 1991.1 134.32 -733.22 2078 99.399
1.625 -658.66 1997.8 127.77 -713.54 2000.6 134.38 -741.82 2087.4 99.356
1.6333 -667.64 2007.2 127.6 -722.44 2010.1 134.44 -750.46 2096.8 99.297
1.6417 -676.85 2016.7 127.46 -731.47 2019.5 134.5 -759.15 2106.3 99.222
1.65 -686.29 2026.3 127.35 -740.61 2029 134.55 -767.9 2115.9 99.128
1.6583 -695.96 2036.1 127.27 -749.85 2038.5 134.6 -776.7 2125.6 99.014
1.6667 -705.83 2046 127.24 -759.19 2048 134.65 -785.55 2135.4 98.88
1.675 -715.89 2056 127.24 -768.6 2057.5 134.7 -794.46 2145.3 98.725
1.6833 -726.08 2066.1 127.3 -778.06 2067 134.74 -803.41 2155.3 98.552
1.6917 -736.37 2076.4 127.41 -787.56 2076.5 134.77 -812.4 2165.5 98.362
1.7 -746.7 2086.6 127.57 -797.07 2086 134.8 -821.42 2175.6 98.162
1.7083 -757.01 2096.8 127.8 -806.58 2095.6 134.81 -830.46 2185.9 97.957
1.7167 -767.25 2106.9 128.07 -816.06 2105.2 134.8 -839.5 2196.1 97.754
1.725 -777.39 2116.9 128.4 -825.49 2114.8 134.79 -848.52 2206.3 97.561
1.7333 -787.4 2126.6 128.77 -834.84 2124.6 134.75 -857.51 2216.5 97.387
1.7417 -797.23 2136.2 129.15 -844.08 2134.4 134.7 -866.44 2226.6 97.237
1.75 -806.9 2145.5 129.54 -853.2 2144.2 134.63 -875.3 2236.7 97.116
1.7583 -816.38 2154.6 129.92 -862.17 2154.2 134.54 -884.07 2246.6 97.028
1.7667 -825.7 2163.5 130.26 -870.95 2164.2 134.43 -892.72 2256.6 96.971
1.775 -834.86 2172.2 130.56 -879.55 2174.3 134.29 -901.24 2266.5 96.942
1.7833 -843.91 2180.8 130.82 -887.92 2184.4 134.13 -909.6 2276.4 96.936
1.7917 -852.86 2189.3 131.03 -896.07 2194.4 133.94 -917.8 2286.3 96.943
1.8 -861.72 2197.7 131.18 -904 2204.4 133.72 -925.8 2296.3 96.953
1.8083 -870.5 2206.2 131.29 -911.69 2214.2 133.46 -933.61 2306.4 96.955
1.8167 -879.16 2214.6 131.36 -919.16 2224 133.18 -941.2 2316.7 96.937
1.825 -887.7 2223 131.39 -926.43 2233.6 132.86 -948.57 2327 96.889
1.8333 -896.07 2231.5 131.39 -933.52 2243.1 132.52 -955.71 2337.6 96.805
1.8417 -904.25 2240.1 131.37 -940.44 2252.5 132.14 -962.61 2348.3 96.681
1.85 -912.21 2248.7 131.34 -947.23 2261.7 131.74 -969.29 2359.1 96.516
1.8583 -919.93 2257.5 131.32 -953.92 2270.9 131.32 -975.75 2370.1 96.313
1.8667 -927.42 2266.2 131.3 -960.53 2280.1 130.88 -982 2381.1 96.077
1.875 -934.69 2275.1 131.3 -967.09 2289.2 130.42 -988.05 2392.2 95.817
1.8833 -941.76 2284 131.31 -973.6 2298.4 129.94 -993.92 2403.3 95.542
1.8917 -948.66 2293 131.34 -980.1 2307.7 129.46 -999.63 2414.4 95.26
1.9 -955.43 2302 131.38 -986.58 2317.1 128.96 -1005.2 2425.5 94.979
1.9083 -962.12 2311.1 131.44 -993.05 2326.6 128.45 -1010.6 2436.5 94.704
1.9167 -968.77 2320.1 131.51 -999.49 2336.1 127.93 -1016 2447.5 94.441
1.925 -975.42 2329.2 131.58 -1005.9 2345.9 127.39 -1021.2 2458.4 94.188
1.9333 -982.1 2338.3 131.67 -1012.3 2355.7 126.85 -1026.4 2469.2 93.945
1.9417 -988.82 2347.4 131.76 -1018.7 2365.5 126.31 -1031.5 2479.9 93.71
1.95 -995.6 2356.4 131.85 -1025 2375.5 125.76 -1036.5 2490.6 93.476
1.9583 -1002.4 2365.3 131.95 -1031.3 2385.4 125.22 -1041.5 2501.2 93.24
1.9667 -1009.3 2374.2 132.06 -1037.5 2395.4 124.69 -1046.4 2511.7 92.995
1.975 -1016.1 2383.1 132.18 -1043.7 2405.4 124.17 -1051.2 2522.2 92.737
1.9833 -1023 2391.9 132.3 -1049.8 2415.5 123.67 -1056 2532.7 92.464
1.9917 -1029.8 2400.7 132.44 -1055.9 2425.5 123.19 -1060.7 2543.2 92.172
2 -1036.6 2409.5 132.59 -1062.1 2435.6 122.74 -1065.4 2553.6 91.864
2.0083 -1043.4 2418.5 132.74 -1068.2 2445.8 122.32 -1070.1 2564 91.539
2.0167 -1050 2427.5 132.89 -1074.3 2456 121.94 -1074.7 2574.4 91.201
2.025 -1056.5 2436.8 133.03 -1080.4 2466.4 121.58 -1079.3 2584.8 90.854
2.0333 -1063 2446.2 133.15 -1086.6 2476.8 121.25 -1083.9 2595.3 90.502
2.0417 -1069.3 2455.8 133.25 -1092.7 2487.3 120.96 -1088.5 2605.7 90.15
2.05 -1075.6 2465.7 133.32 -1098.9 2497.9 120.68 -1093.1 2616.3 89.801
2.0583 -1081.7 2475.8 133.35 -1105 2508.6 120.44 -1097.7 2626.9 89.457
2.0667 -1087.7 2486.2 133.35 -1111.1 2519.3 120.22 -1102.2 2637.5 89.121
2.075 -1093.7 2496.7 133.31 -1117.1 2530.2 120.02 -1106.8 2648.2 88.793
2.0833 -1099.6 2507.5 133.25 -1123.1 2541 119.85 -1111.4 2659 88.474
2.0917 -1105.5 2518.5 133.19 -1129 2552 119.71 -1116 2669.8 88.162
2.1 -1111.3 2529.7 133.13 -1134.9 2562.9 119.6 -1120.6 2680.7 87.857
2.1083 -1117.3 2541 133.08 -1140.7 2574 119.52 -1125.2 2691.6 87.557
2.1167 -1123.3 2552.3 133.05 -1146.4 2585.1 119.47 -1129.7 2702.5 87.261
2.125 -1129.4 2563.6 133.03 -1152 2596.3 119.46 -1134.2 2713.5 86.969
2.1333 -1135.6 2574.9 133.03 -1157.5 2607.6 119.47 -1138.7 2724.4 86.681
2.1417 -1141.9 2586.2 133.02 -1163 2619.1 119.5 -1143.1 2735.4 86.397
2.15 -1148.2 2597.4 133.01 -1168.4 2630.7 119.54 -1147.4 2746.3 86.119
2.1583 -1154.7 2608.7 132.99 -1173.8 2642.6 119.58 -1151.8 2757.4 85.848
2.1667 -1161.2 2620.1 132.96 -1179.1 2654.6 119.62 -1156.1 2768.5 85.587
2.175 -1167.8 2631.6 132.91 -1184.3 2666.8 119.64 -1160.3 2779.6 85.338
2.1833 -1174.6 2643.2 132.85 -1189.5 2679.1 119.63 -1164.5 2790.9 85.102
2.1917 -1181.4 2655 132.76 -1194.5 2691.6 119.58 -1168.7 2802.4 84.88
2.2 -1188.3 2667 132.65 -1199.5 2704.2 119.5 -1172.8 2813.9 84.673
2.2083 -1195.2 2679.3 132.5 -1204.4 2716.8 119.36 -1177 2825.7 84.48
2.2167 -1202.1 2691.7 132.31 -1209.2 2729.4 119.19 -1181 2837.6 84.299
2.225 -1208.9 2704.3 132.07 -1213.9 2742 118.98 -1185.1 2849.6 84.129
2.2333 -1215.6 2717 131.77 -1218.5 2754.5 118.74 -1189.1 2861.7 83.965
2.2417 -1222.1 2729.8 131.42 -1223.1 2766.9 118.47 -1193 2873.9 83.805
2.25 -1228.3 2742.6 131.02 -1227.6 2779.1 118.18 -1197 2886.1 83.646
2.2583 -1234.4 2755.4 130.59 -1232 2791.2 117.89 -1200.8 2898.3 83.484
2.2667 -1240.1 2768 130.12 -1236.5 2803.1 117.6 -1204.7 2910.4 83.317
2.275 -1245.4 2780.6 129.63 -1241 2814.9 117.31 -1208.5 2922.5 83.144
2.2833 -1250.5 2793 129.12 -1245.4 2826.5 117.03 -1212.3 2934.3 82.964
2.2917 -1255.3 2805.3 128.6 -1249.9 2838 116.76 -1216 2946.1 82.776
2.3 -1259.8 2817.5 128.07 -1254.5 2849.3 116.49 -1219.8 2957.6 82.582
2.3083 -1264.2 2829.5 127.52 -1259 2860.4 116.24 -1223.5 2969 82.382
2.3167 -1268.4 2841.5 126.95 -1263.6 2871.4 115.99 -1227.2 2980.2 82.177
2.325 -1272.4 2853.3 126.35 -1268.1 2882.3 115.73 -1231 2991.3 81.968
2.3333 -1276.4 2865.2 125.72 -1272.6 2893 115.47 -1234.7 3002.3 81.757
2.3417 -1280.3 2877 125.04 -1277.1 2903.5 115.2 -1238.4 3013.1 81.543
2.35 -1284.1 2888.9 124.3 -1281.5 2913.9 114.91 -1242.2 3023.9 81.328
2.3583 -1287.9 2900.9 123.51 -1285.8 2924.1 114.61 -1245.9 3034.6 81.109
2.3667 -1291.6 2912.8 122.66 -1290 2934.2 114.29 -1249.6 3045.2 80.888
2.375 -1295.2 2924.8 121.77 -1294 2944.2 113.95 -1253.3 3055.8 80.662
2.3833 -1298.8 2936.7 120.83 -1298 2954.1 113.6 -1256.9 3066.4 80.431
2.3917 -1302.3 2948.6 119.87 -1301.9 2963.9 113.23 -1260.6 3076.9 80.194
2.4 -1305.8 2960.4 118.88 -1305.7 2973.6 112.86 -1264.2 3087.5 79.95
2.4083 -1309.1 2972 117.89 -1309.4 2983.4 112.47 -1267.8 3098 79.699
2.4167 -1312.4 2983.5 116.91 -1313.1 2993.2 112.08 -1271.3 3108.4 79.441
2.425 -1315.6 2994.8 115.95 -1316.7 3003 111.69 -1274.8 3118.9 79.176
2.4333 -1318.8 3006 115.02 -1320.3 3012.9 111.3 -1278.3 3129.3 78.904
2.4417 -1322 3017 114.13 -1323.9 3022.9 110.91 -1281.7 3139.7 78.625
2.45 -1325.1 3027.9 113.27 -1327.6 3033 110.52 -1285.1 3150.1 78.339
2.4583 -1328.2 3038.7 112.46 -1331.2 3043.2 110.13 -1288.4 3160.4 78.045
2.4667 -1331.3 3049.5 111.68 -1334.8 3053.5 109.74 -1291.7 3170.7 77.744
2.475 -1334.5 3060.3 110.93 -1338.4 3063.8 109.35 -1294.9 3181 77.434
2.4833 -1337.6 3071.1 110.21 -1342 3074.3 108.95 -1298.1 3191.3 77.115
2.4917 -1340.8 3082 109.5 -1345.6 3084.8 108.54 -1301.2 3201.4 76.786
2.5 -1343.9 3092.9 108.8 -1349.2 3095.4 108.12 -1304.2 3211.6 76.447
2.5083 -1347.1 3103.8 108.09 -1352.7 3106.1 107.68 -1307.2 3221.7 76.097
2.5167 -1350.1 3114.8 107.37 -1356.2 3116.8 107.23 -1310.2 3231.7 75.738
2.525 -1353.2 3125.9 106.64 -1359.7 3127.6 106.77 -1313.1 3241.6 75.371
2.5333 -1356.2 3137 105.88 -1363.1 3138.5 106.3 -1315.9 3251.6 74.996
2.5417 -1359.1 3148.1 105.1 -1366.5 3149.6 105.81 -1318.8 3261.5 74.617
2.55 -1362 3159.3 104.3 -1369.9 3160.7 105.31 -1321.7 3271.4 74.236
2.5583 -1364.9 3170.4 103.48 -1373.2 3171.9 104.81 -1324.5 3281.3 73.854
2.5667 -1367.7 3181.6 102.65 -1376.5 3183.2 104.31 -1327.3 3291.2 73.475
2.575 -1370.6 3192.7 101.83 -1379.7 3194.7 103.81 -1330.2 3301.3 73.098
2.5833 -1373.4 3203.9 101.02 -1382.9 3206.2 103.31 -1333 3311.4 72.727
2.5917 -1376.3 3215.1 100.24 -1386 3217.9 102.82 -1335.9 3321.6 72.359
2.6 -1379.2 3226.2 99.491 -1389.1 3229.7 102.34 -1338.7 3331.9 71.996
2.6083 -1382.2 3237.5 98.789 -1392.2 3241.5 101.88 -1341.4 3342.4 71.637
2.6167 -1385.2 3248.8 98.132 -1395.2 3253.4 101.43 -1344.2 3353 71.281
2.625 -1388.4 3260.1 97.52 -1398.1 3265.4 100.99 -1346.9 3363.7 70.929
2.6333 -1391.6 3271.6 96.948 -1401.1 3277.5 100.56 -1349.5 3374.6 70.581
2.6417 -1394.8 3283.2 96.411 -1404 3289.6 100.14 -1352.1 3385.6 70.236
2.65 -1398 3295 95.903 -1406.8 3301.7 99.722 -1354.6 3396.8 69.896
2.6583 -1401.3 3306.9 95.409 -1409.7 3314 99.315 -1357.1 3408.1 69.561
2.6667 -1404.5 3319 94.933 -1412.5 3326.2 98.912 -1359.5 3419.5 69.233
2.675 -1407.8 3331.3 94.462 -1415.3 3338.6 98.512 -1361.9 3431 68.911
2.6833 -1410.9 3343.7 93.995 -1418 3350.9 98.118 -1364.3 3442.6 68.595
2.6917 -1414.1 3356.3 93.528 -1420.7 3363.3 97.73 -1366.6 3454.3 68.282
2.7 -1417.1 3369.1 93.057 -1423.4 3375.8 97.351 -1368.8 3466.2 67.97
2.7083 -1420.2 3382.2 92.579 -1426.1 3388.2 96.984 -1371 3478.1 67.653
2.7167 -1423.3 3395.3 92.1 -1428.8 3400.7 96.633 -1373.2 3490.1 67.325
2.725 -1426.3 3408.7 91.622 -1431.4 3413.2 96.3 -1375.2 3502.3 66.98
2.7333 -1429.4 3422.3 91.152 -1433.9 3425.6 95.985 -1377.2 3514.5 66.612
2.7417 -1432.5 3436 90.698 -1436.4 3438.2 95.69 -1379 3526.8 66.217
2.75 -1435.6 3449.8 90.27 -1438.9 3450.7 95.41 -1380.8 3539.2 65.789
2.7583 -1438.7 3463.7 89.876 -1441.4 3463.3 95.142 -1382.4 3551.6 65.329
2.7667 -1441.8 3477.5 89.52 -1443.7 3475.9 94.877 -1383.8 3564 64.838
2.775 -1444.8 3491.3 89.206 -1446 3488.6 94.606 -1385.2 3576.5 64.319
2.7833 -1447.7 3505 88.932 -1448.3 3501.3 94.316 -1386.4 3589 63.779
2.7917 -1450.6 3518.4 88.69 -1450.3 3514.1 93.994 -1387.5 3601.5 63.227
2.8 -1453.3 3531.6 88.469 -1452.3 3527 93.625 -1388.5 3613.9 62.671
2.8083 -1455.9 3544.4 88.252 -1454.1 3540 93.196 -1389.4 3626.4 62.12
2.8167 -1458.3 3556.9 88.021 -1455.7 3553 92.693 -1390.2 3638.8 61.582
2.825 -1460.7 3569.1 87.754 -1457.1 3566 92.105 -1390.8 3651.3 61.062
2.8333 -1462.8 3580.9 87.43 -1458.2 3579.1 91.427 -1391.3 3663.7 60.562
2.8417 -1464.9 3592.5 87.034 -1459.1 3592.1 90.652 -1391.5 3676.1 60.08
2.85 -1466.8 3603.7 86.556 -1459.8 3605 89.781 -1391.6 3688.5 59.613
2.8583 -1468.4 3614.8 85.994 -1460.2 3617.8 88.817 -1391.4 3700.9 59.152
2.8667 -1469.8 3625.6 85.352 -1460.4 3630.5 87.767 -1390.9 3713.3 58.689
2.875 -1470.9 3636.3 84.636 -1460.4 3643.1 86.64 -1390 3725.7 58.212
2.8833 -1471.5 3646.8 83.857 -1460.2 3655.4 85.446 -1388.8 3738.1 57.714
2.8917 -1471.8 3657 83.028 -1459.8 3667.6 84.197 -1387.2 3750.5 57.185
2.9 -1471.5 3667.1 82.167 -1459.2 3679.7 82.903 -1385.1 3762.9 56.622
2.9083 -1470.9 3676.9 81.288 -1458.5 3691.5 81.574 -1382.7 3775.2 56.021
2.9167 -1469.9 3686.5 80.41 -1457.7 3703.2 80.22 -1379.9 3787.5 55.384
2.925 -1468.6 3695.8 79.545 -1456.7 3714.8 78.845 -1376.7 3799.6 54.718
2.9333 -1467 3704.9 78.706 -1455.6 3726.2 77.454 -1373.3 3811.7 54.029
2.9417 -1465.3 3713.9 77.897 -1454.2 3737.6 76.05 -1369.5 3823.6 53.325
2.95 -1463.5 3722.6 77.118 -1452.7 3748.9 74.634 -1365.5 3835.3 52.618
2.9583 -1461.6 3731.2 76.365 -1451.1 3760.1 73.207 -1361.4 3846.9 51.916
2.9667 -1459.6 3739.8 75.635 -1449.1 3771.2 71.77 -1357.1 3858.2 51.224
2.975 -1457.7 3748.3 74.918 -1447 3782.3 70.326 -1352.7 3869.4 50.548
2.9833 -1455.8 3756.8 74.209 -1444.7 3793.3 68.877 -1348.2 3880.3 49.889
2.9917 -1454.1 3765.4 73.5 -1442.2 3804.3 67.429 -1343.6 3891 49.246
3 -1452.6 3774.1 72.785 -1439.4 3815.2 65.987 -1338.9 3901.5 48.613
3.0083 -1451.2 3782.9 72.062 -1436.5 3826 64.558 -1334.2 3911.7 47.985
3.0167 -1449.9 3791.8 71.329 -1433.5 3836.7 63.151 -1329.4 3921.8 47.357
3.025 -1448.7 3800.8 70.587 -1430.3 3847.4 61.774 -1324.6 3931.6 46.721
3.0333 -1447.5 3809.8 69.837 -1427 3858 60.434 -1319.6 3941.3 46.074
3.0417 -1446.2 3818.9 69.085 -1423.7 3868.6 59.138 -1314.6 3950.7 45.413
3.05 -1444.8 3828 68.332 -1420.2 3879.1 57.89 -1309.5 3960.1 44.738
3.0583 -1443.3 3837 67.582 -1416.7 3889.7 56.694 -1304.2 3969.3 44.05
3.0667 -1441.7 3845.9 66.839 -1413.1 3900.1 55.552 -1298.9 3978.5 43.355
3.075 -1439.8 3854.7 66.107 -1409.3 3910.5 54.461 -1293.5 3987.5 42.66
3.0833 -1437.8 3863.4 65.392 -1405.5 3920.9 53.417 -1288.1 3996.5 41.969
3.0917 -1435.6 3872 64.699 -1401.6 3931.3 52.418 -1282.5 4005.4 41.291
3.1 -1433.2 3880.4 64.034 -1397.5 3941.5 51.455 -1276.9 4014.2 40.631
3.1083 -1430.6 3888.8 63.407 -1393.4 3951.7 50.522 -1271.2 4023 39.992
3.1167 -1427.8 3897.2 62.827 -1389 3961.9 49.61 -1265.4 4031.7 39.375
3.125 -1424.8 3905.6 62.301 -1384.6 3971.9 48.712 -1259.6 4040.3 38.779
3.1333 -1421.6 3914.1 61.84 -1380 3981.9 47.821 -1253.7 4048.9 38.199
3.1417 -1418.1 3922.7 61.452 -1375.3 3991.9 46.932 -1247.8 4057.3 37.632
3.15 -1414.3 3931.3 61.141 -1370.5 4001.8 46.038 -1241.8 4065.5 37.069
3.1583 -1410.3 3940.2 60.911 -1365.5 4011.6 45.138 -1235.8 4073.7 36.505
3.1667 -1406 3949.2 60.756 -1360.5 4021.4 44.231 -1229.7 4081.7 35.934
3.175 -1401.4 3958.3 60.669 -1355.3 4031.2 43.319 -1223.6 4089.6 35.352
3.1833 -1396.5 3967.7 60.639 -1350.1 4040.9 42.405 -1217.3 4097.3 34.758
3.1917 -1391.4 3977.1 60.645 -1344.7 4050.6 41.502 -1211.1 4105 34.153
3.2 -1386.1 3986.8 60.681 -1339.2 4060.2 40.601 -1204.7 4112.7 33.54
3.2083 -1380.6 3996.5 60.718 -1333.6 4069.8 39.728 -1198.2 4120.3 32.924
3.2167 -1374.8 4006.4 60.74 -1327.8 4079.3 38.888 -1191.6 4127.9 32.312
3.225 -1368.7 4016.4 60.733 -1321.9 4088.8 38.09 -1184.9 4135.6 31.713
3.2333 -1362.5 4026.6 60.682 -1315.7 4098.1 37.343 -1178 4143.3 31.132
3.2417 -1355.9 4036.8 60.577 -1309.4 4107.4 36.652 -1170.9 4151.1 30.578
3.25 -1349.1 4047 60.411 -1302.9 4116.7 36.021 -1163.7 4159 30.053
3.2583 -1342.1 4057.4 60.184 -1296.1 4125.8 35.449 -1156.2 4167 29.562
3.2667 -1334.7 4067.8 59.894 -1289.1 4134.9 34.936 -1148.6 4175.1 29.105
3.275 -1327 4078.2 59.549 -1281.8 4144 34.475 -1140.8 4183.3 28.682
3.2833 -1319 4088.6 59.157 -1274.3 4153.1 34.06 -1132.8 4191.6 28.291
3.2917 -1310.8 4099 58.718 -1266.6 4162.2 33.683 -1124.8 4199.9 27.927
3.3 -1302.3 4109.3 58.249 -1258.6 4171.3 33.337 -1116.6 4208.3 27.59
3.3083 -1293.6 4119.6 57.753 -1250.4 4180.4 33.016 -1108.3 4216.7 27.276
3.3167 -1284.7 4129.7 57.238 -1242 4189.5 32.717 -1100.1 4225.1 26.983
3.325 -1275.7 4139.6 56.709 -1233.4 4198.5 32.437 -1091.8 4233.5 26.712
3.3333 -1266.6 4149.4 56.176 -1224.8 4207.6 32.178 -1083.6 4241.9 26.464
3.3417 -1257.5 4159 55.64 -1216.1 4216.5 31.944 -1075.5 4250.3 26.24
3.35 -1248.4 4168.4 55.111 -1207.3 4225.4 31.741 -1067.4 4258.6 26.043
3.3583 -1239.5 4177.5 54.588 -1198.6 4234.2 31.577 -1059.4 4267 25.876
3.3667 -1230.7 4186.4 54.069 -1190 4242.8 31.459 -1051.4 4275.4 25.739
3.375 -1222.2 4195.1 53.551 -1181.5 4251.2 31.393 -1043.6 4283.7 25.635
3.3833 -1213.9 4203.7 53.02 -1173.2 4259.5 31.381 -1035.8 4292 25.562
3.3917 -1205.9 4212 52.466 -1164.9 4267.6 31.424 -1028 4300.3 25.517
3.4 -1198.1 4220.3 51.876 -1156.9 4275.5 31.519 -1020.3 4308.6 25.498
3.4083 -1190.5 4228.5 51.24 -1149 4283.3 31.659 -1012.7 4316.8 25.499
3.4167 -1183.1 4236.5 50.557 -1141.3 4291 31.834 -1005 4325 25.512
3.425 -1175.8 4244.5 49.825 -1133.7 4298.6 32.033 -997.44 4333.1 25.531
3.4333 -1168.5 4252.4 49.053 -1126.2 4306.1 32.244 -989.88 4341.2 25.549
3.4417 -1161.2 4260.3 48.248 -1118.8 4313.6 32.454 -982.34 4349.2 25.559
3.45 -1153.9 4268.1 47.424 -1111.4 4321 32.654 -974.85 4357.1 25.557
3.4583 -1146.6 4275.8 46.594 -1104.1 4328.4 32.837 -967.39 4364.9 25.537
3.4667 -1139.2 4283.5 45.772 -1096.7 4335.8 32.997 -959.98 4372.6 25.499
3.475 -1131.7 4291.1 44.973 -1089.4 4343.3 33.133 -952.61 4380.3 25.442
3.4833 -1124.2 4298.6 44.207 -1082.1 4350.7 33.245 -945.3 4388 25.369
3.4917 -1116.6 4306.1 43.483 -1074.8 4358.1 33.339 -938.03 4395.6 25.281
3.5 -1109 4313.6 42.807 -1067.6 4365.5 33.419 -930.81 4403.2 25.183
3.5083 -1101.4 4321 42.177 -1060.3 4372.8 33.493 -923.64 4410.7 25.081
3.5167 -1093.9 4328.4 41.59 -1053.1 4380.2 33.566 -916.52 4418.3 24.977
3.525 -1086.3 4335.8 41.041 -1045.8 4387.5 33.644 -909.46 4425.9 24.88
3.5333 -1078.8 4343.3 40.518 -1038.6 4394.8 33.729 -902.46 4433.5 24.79
3.5417 -1071.4 4350.7 40.016 -1031.4 4402.1 33.824 -895.52 4441.2 24.714
3.55 -1063.9 4358.2 39.517 -1024.1 4409.5 33.925 -888.64 4448.9 24.652
3.5583 -1056.5 4365.7 39.023 -1016.9 4416.8 34.031 -881.84 4456.6 24.607
3.5667 -1049 4373.2 38.524 -1009.5 4424.1 34.135 -875.11 4464.3 24.578
3.575 -1041.5 4380.7 38.017 -1002.2 4431.5 34.233 -868.45 4472 24.567
3.5833 -1034 4388.2 37.503 -994.7 4438.9 34.32 -861.85 4479.7 24.571
3.5917 -1026.3 4395.7 36.987 -987.16 4446.4 34.39 -855.31 4487.3 24.59
3.6 -1018.6 4403.1 36.472 -979.55 4453.9 34.442 -848.8 4495 24.622
3.6083 -1010.7 4410.5 35.966 -971.85 4461.5 34.476 -842.32 4502.7 24.666
3.6167 -1002.8 4417.9 35.474 -964.08 4469.1 34.494 -835.84 4510.3 24.718
3.625 -994.71 4425.2 35.001 -956.24 4476.8 34.499 -829.34 4518 24.778
3.6333 -986.58 4432.5 34.552 -948.34 4484.5 34.497 -822.81 4525.6 24.844
3.6417 -978.4 4439.8 34.128 -940.4 4492.2 34.493 -816.23 4533.2 24.915
