0.0083333 -27.922 6.1115 97.822 -51.962 112.66 84.753 -9.9596 196.86 78.967
0.016667 -26.753 15.614 97.952 -50.497 122.58 84.617 -8.1667 205.66 78.851
0.025 -25.588 25.335 98.053 -48.987 132.61 84.478 -6.3218 214.6 78.717
0.033333 -24.426 35.282 98.121 -47.435 142.75 84.337 -4.4368 223.68 78.57
0.041667 -23.258 45.458 98.154 -45.844 152.99 84.195 -2.5259 232.9 78.417
0.05 -22.074 55.861 98.147 -44.221 163.32 84.058 -0.60523 242.29 78.266
0.058333 -20.862 66.481 98.1 -42.573 173.71 83.927 1.3071 251.83 78.126
0.066667 -19.61 77.298 98.008 -40.912 184.15 83.81 3.1932 261.53 78.004
0.075 -18.31 88.284 97.872 -39.248 194.6 83.712 5.0347 271.36 77.906
0.083333 -16.957 99.403 97.689 -37.595 205.03 83.638 6.8155 281.31 77.837
0.091667 -15.554 110.61 97.461 -35.969 215.41 83.595 8.5198 291.33 77.797
0.1 -14.104 121.86 97.189 -34.385 225.72 83.586 10.135 301.38 77.786
0.10833 -12.619 133.1 96.88 -32.859 235.92 83.616 11.651 311.42 77.799
0.11667 -11.115 144.27 96.541 -31.406 245.99 83.686 13.058 321.41 77.832
0.125 -9.6074 155.34 96.179 -30.038 255.93 83.797 14.349 331.31 77.878
0.13333 -8.1174 166.28 95.806 -28.769 265.73 83.949 15.52 341.08 77.931
0.14167 -6.6641 177.04 95.433 -27.607 275.39 84.137 16.567 350.69 77.986
0.15 -5.2654 187.63 95.07 -26.561 284.93 84.359 17.485 360.15 78.039
0.15833 -3.9321 198.04 94.73 -25.633 294.36 84.609 18.275 369.44 78.088
0.16667 -2.6745 208.3 94.42 -24.827 303.69 84.882 18.931 378.59 78.133
0.175 -1.4893 218.42 94.149 -24.141 312.95 85.174 19.452 387.62 78.176
0.18333 -0.37183 228.44 93.921 -23.572 322.15 85.479 19.836 396.58 78.222
0.19167 0.68618 238.39 93.74 -23.115 331.3 85.795 20.08 405.5 78.275
0.2 1.6943 248.29 93.607 -22.76 340.4 86.118 20.183 414.42 78.342
0.20833 2.6628 258.16 93.523 -22.501 349.47 86.449 20.141 423.39 78.428
0.21667 3.5988 268.01 93.486 -22.328 358.49 86.786 19.953 432.44 78.539
0.225 4.5039 277.84 93.489 -22.232 367.47 87.131 19.615 441.6 78.679
0.23333 5.3787 287.66 93.526 -22.203 376.4 87.484 19.128 450.87 78.85
0.24167 6.2174 297.45 93.588 -22.234 385.26 87.847 18.488 460.27 79.056
0.25 7.0065 307.21 93.662 -22.317 394.08 88.221 17.694 469.79 79.296
0.25833 7.7292 316.94 93.74 -22.446 402.83 88.606 16.745 479.4 79.569
0.26667 8.3652 326.63 93.81 -22.616 411.53 89.004 15.642 489.1 79.874
0.275 8.8921 336.29 93.866 -22.824 420.19 89.414 14.384 498.84 80.208
0.28333 9.2956 345.92 93.902 -23.067 428.82 89.834 12.976 508.61 80.57
0.29167 9.566 355.54 93.915 -23.343 437.44 90.264 11.421 518.37 80.958
0.3 9.7021 365.15 93.904 -23.649 446.06 90.7 9.7251 528.11 81.369
0.30833 9.7119 374.77 93.873 -23.983 454.71 91.143 7.8968 537.81 81.801
0.31667 9.6129 384.41 93.824 -24.345 463.4 91.589 5.9467 547.44 82.252
0.325 9.4258 394.08 93.763 -24.731 472.15 92.038 3.8881 557.01 82.72
0.33333 9.1751 403.78 93.691 -25.139 480.97 92.488 1.736 566.52 83.203
0.34167 8.8876 413.51 93.61 -25.57 489.87 92.938 -0.49294 575.95 83.699
0.35 8.5858 423.26 93.52 -26.023 498.85 93.388 -2.7807 585.33 84.203
0.35833 8.2887 433.03 93.418 -26.5 507.93 93.836 -5.1089 594.64 84.714
0.36667 8.0083 442.81 93.303 -27.005 517.08 94.28 -7.459 603.92 85.226
0.375 7.7465 452.6 93.168 -27.542 526.32 94.717 -9.814 613.15 85.737
0.38333 7.5006 462.39 93.014 -28.118 535.65 95.144 -12.157 622.35 86.242
0.39167 7.2553 472.18 92.839 -28.739 545.06 95.556 -14.475 631.53 86.737
0.4 6.9942 481.97 92.647 -29.416 554.55 95.949 -16.755 640.7 87.219
0.40833 6.6965 491.76 92.446 -30.156 564.13 96.318 -18.987 649.86 87.684
0.41667 6.3374 501.56 92.245 -30.968 573.8 96.658 -21.167 659.03 88.129
0.425 5.9006 511.38 92.056 -31.863 583.57 96.965 -23.29 668.22 88.551
0.43333 5.367 521.24 91.892 -32.849 593.45 97.234 -25.357 677.43 88.947
0.44167 4.7321 531.16 91.764 -33.931 603.45 97.464 -27.369 686.68 89.317
0.45 3.9903 541.18 91.679 -35.115 613.57 97.652 -29.333 695.97 89.659
0.45833 3.1519 551.33 91.639 -36.402 623.82 97.799 -31.256 705.31 89.972
0.46667 2.2235 561.65 91.643 -37.792 634.2 97.907 -33.15 714.7 90.257
0.475 1.224 572.15 91.681 -39.282 644.71 97.98 -35.025 724.15 90.515
0.48333 0.16874 582.87 91.745 -40.87 655.35 98.022 -36.897 733.66 90.746
0.49167 -0.91917 593.78 91.824 -42.549 666.12 98.041 -38.78 743.24 90.953
0.5 -2.0322 604.89 91.909 -44.316 677 98.044 -40.688 752.87 91.139
0.50833 -3.1715 616.15 91.991 -46.167 688 98.039 -42.637 762.56 91.306
0.51667 -4.3367 627.55 92.063 -48.098 699.11 98.035 -44.641 772.3 91.458
0.525 -5.5461 639.06 92.112 -50.108 710.33 98.035 -46.712 782.1 91.597
0.53333 -6.803 650.67 92.137 -52.2 721.66 98.051 -48.862 791.95 91.724
0.54167 -8.128 662.41 92.127 -54.374 733.11 98.084 -51.1 801.86 91.841
0.55 -9.5348 674.27 92.083 -56.636 744.67 98.141 -53.432 811.83 91.95
0.55833 -11.036 686.31 92.005 -58.99 756.37 98.225 -55.864 821.86 92.048
0.56667 -12.645 698.55 91.901 -61.442 768.19 98.335 -58.397 831.98 92.135
0.575 -14.365 711.02 91.779 -63.995 780.16 98.471 -61.032 842.18 92.211
0.58333 -16.2 723.76 91.656 -66.652 792.26 98.633 -63.768 852.48 92.274
0.59167 -18.146 736.78 91.547 -69.412 804.51 98.816 -66.602 862.89 92.323
0.6 -20.199 750.07 91.474 -72.267 816.9 99.017 -69.533 873.42 92.359
0.60833 -22.352 763.63 91.456 -75.207 829.41 99.233 -72.555 884.08 92.384
0.61667 -24.596 777.41 91.511 -78.217 842.04 99.457 -75.665 894.88 92.402
0.625 -26.926 791.35 91.654 -81.275 854.75 99.687 -78.856 905.81 92.419
0.63333 -29.337 805.41 91.893 -84.358 867.51 99.918 -82.123 916.89 92.442
0.64167 -31.828 819.51 92.23 -87.439 880.31 100.15 -85.456 928.09 92.481
0.65 -34.396 833.58 92.661 -90.488 893.1 100.37 -88.847 939.41 92.544
0.65833 -37.04 847.56 93.175 -93.475 905.85 100.58 -92.282 950.84 92.641
0.66667 -39.758 861.4 93.755 -96.375 918.52 100.78 -95.745 962.34 92.78
0.675 -42.543 875.04 94.385 -99.162 931.09 100.97 -99.218 973.9 92.965
0.68333 -45.391 888.45 95.041 -101.82 943.51 101.15 -102.68 985.49 93.2
0.69167 -48.291 901.59 95.703 -104.33 955.77 101.3 -106.1 997.08 93.481
0.7 -51.235 914.46 96.35 -106.68 967.85 101.44 -109.45 1008.6 93.805
0.70833 -54.211 927.07 96.968 -108.88 979.74 101.56 -112.7 1020.2 94.163
0.71667 -57.206 939.43 97.551 -110.93 991.42 101.65 -115.82 1031.6 94.543
0.725 -60.21 951.6 98.095 -112.84 1002.9 101.73 -118.79 1043 94.934
0.73333 -63.208 963.6 98.604 -114.63 1014.2 101.77 -121.59 1054.2 95.322
0.74167 -66.184 975.48 99.081 -116.32 1025.3 101.8 -124.18 1065.4 95.693
0.75 -69.116 987.27 99.53 -117.93 1036.3 101.8 -126.55 1076.5 96.036
0.75833 -71.984 998.99 99.955 -119.48 1047.1 101.77 -128.71 1087.5 96.342
0.76667 -74.772 1010.7 100.36 -120.99 1057.9 101.72 -130.65 1098.5 96.604
0.775 -77.463 1022.3 100.75 -122.48 1068.6 101.65 -132.38 1109.4 96.818
0.78333 -80.046 1033.8 101.14 -123.96 1079.2 101.56 -133.91 1120.3 96.983
0.79167 -82.52 1045.3 101.52 -125.44 1089.8 101.45 -135.26 1131.2 97.101
0.8 -84.883 1056.8 101.9 -126.92 1100.4 101.33 -136.46 1142.2 97.177
0.80833 -87.141 1068.2 102.28 -128.41 1111 101.19 -137.53 1153.1 97.217
0.81667 -89.308 1079.5 102.67 -129.91 1121.6 101.04 -138.5 1164.1 97.226
0.825 -91.397 1090.8 103.07 -131.41 1132.3 100.87 -139.39 1175.2 97.211
0.83333 -93.42 1102 103.48 -132.91 1142.9 100.7 -140.22 1186.2 97.177
0.84167 -95.403 1113.2 103.9 -134.41 1153.6 100.52 -141 1197.3 97.128
0.85 -97.355 1124.4 104.34 -135.9 1164.3 100.32 -141.74 1208.4 97.065
0.85833 -99.298 1135.5 104.8 -137.38 1175 100.12 -142.46 1219.6 96.988
0.86667 -101.24 1146.7 105.28 -138.85 1185.7 99.921 -143.15 1230.7 96.897
0.875 -103.2 1157.8 105.78 -140.32 1196.5 99.717 -143.82 1241.7 96.788
0.88333 -105.18 1169 106.29 -141.79 1207.3 99.513 -144.45 1252.8 96.66
0.89167 -107.18 1180.1 106.83 -143.27 1218.2 99.315 -145.04 1263.8 96.509
0.9 -109.19 1191.3 107.37 -144.75 1229.2 99.126 -145.6 1274.9 96.333
0.90833 -111.22 1202.5 107.92 -146.26 1240.3 98.948 -146.11 1285.9 96.133
0.91667 -113.26 1213.6 108.46 -147.78 1251.4 98.786 -146.58 1296.9 95.908
0.925 -115.28 1224.8 109 -149.33 1262.6 98.64 -147.02 1307.9 95.66
0.93333 -117.28 1236 109.52 -150.92 1274 98.514 -147.42 1318.9 95.393
0.94167 -119.25 1247.2 110.01 -152.53 1285.4 98.409 -147.79 1329.9 95.109
0.95 -121.18 1258.5 110.47 -154.17 1297 98.323 -148.14 1341 94.814
0.95833 -123.05 1269.9 110.88 -155.84 1308.6 98.259 -148.48 1352.1 94.51
0.96667 -124.86 1281.5 111.24 -157.54 1320.3 98.215 -148.82 1363.3 94.201
0.975 -126.61 1293.2 111.54 -159.26 1332.1 98.189 -149.16 1374.5 93.889
0.98333 -128.31 1305.1 111.78 -160.99 1344 98.182 -149.5 1385.7 93.575
0.99167 -129.96 1317.2 111.97 -162.75 1355.9 98.192 -149.85 1396.9 93.26
1 -131.58 1329.5 112.1 -164.51 1367.9 98.216 -150.21 1408.2 92.943
1.0083 -133.18 1341.9 112.19 -166.28 1379.9 98.253 -150.57 1419.5 92.624
1.0167 -134.78 1354.5 112.26 -168.05 1392 98.3 -150.92 1430.8 92.301
1.025 -136.39 1367.3 112.3 -169.82 1404.2 98.355 -151.28 1442.2 91.975
1.0333 -138.04 1380.2 112.35 -171.58 1416.5 98.412 -151.64 1453.6 91.644
1.0417 -139.76 1393.2 112.4 -173.34 1428.8 98.469 -151.99 1465.1 91.312
1.05 -141.55 1406.2 112.46 -175.09 1441.2 98.522 -152.34 1476.6 90.978
1.0583 -143.42 1419.2 112.54 -176.82 1453.7 98.564 -152.7 1488.2 90.646
1.0667 -145.35 1432.1 112.62 -178.54 1466.3 98.592 -153.07 1499.9 90.319
1.075 -147.33 1445 112.71 -180.23 1479.1 98.6 -153.46 1511.6 90.001
1.0833 -149.35 1457.9 112.8 -181.9 1491.9 98.587 -153.88 1523.4 89.694
1.0917 -151.4 1470.7 112.9 -183.54 1504.9 98.546 -154.33 1535.3 89.402
1.1 -153.47 1483.7 113 -185.14 1518.1 98.477 -154.84 1547.3 89.128
1.1083 -155.56 1496.8 113.1 -186.71 1531.3 98.379 -155.4 1559.3 88.874
1.1167 -157.69 1510 113.21 -188.23 1544.7 98.255 -156.02 1571.4 88.641
1.125 -159.86 1523.5 113.3 -189.72 1558.1 98.102 -156.71 1583.5 88.431
1.1333 -162.08 1537.2 113.38 -191.16 1571.7 97.929 -157.45 1595.8 88.242
1.1417 -164.36 1551.3 113.44 -192.57 1585.3 97.739 -158.25 1608.1 88.075
1.15 -166.7 1565.5 113.47 -193.95 1599 97.539 -159.11 1620.5 87.926
1.1583 -169.12 1579.9 113.45 -195.32 1612.7 97.334 -160.01 1632.9 87.795
1.1667 -171.6 1594.4 113.37 -196.68 1626.3 97.133 -160.96 1645.5 87.678
1.175 -174.15 1608.9 113.23 -198.06 1640 96.938 -161.94 1658.2 87.572
1.1833 -176.75 1623.3 113.04 -199.48 1653.6 96.759 -162.97 1671 87.473
1.1917 -179.35 1637.6 112.79 -200.94 1667.1 96.601 -164.03 1683.9 87.377
1.2 -181.92 1651.8 112.49 -202.48 1680.6 96.468 -165.14 1696.8 87.282
1.2083 -184.4 1665.6 112.17 -204.11 1693.9 96.365 -166.3 1709.8 87.184
1.2167 -186.75 1679.3 111.82 -205.83 1707.1 96.297 -167.54 1722.9 87.081
1.225 -188.94 1692.7 111.47 -207.66 1720.2 96.266 -168.85 1736 86.972
1.2333 -190.94 1705.8 111.14 -209.6 1733.1 96.276 -170.27 1749.1 86.859
1.2417 -192.76 1718.7 110.83 -211.65 1745.9 96.33 -171.82 1762.1 86.744
1.25 -194.42 1731.5 110.55 -213.8 1758.5 96.429 -173.5 1775.1 86.632
1.2583 -195.94 1744.1 110.31 -216.04 1770.9 96.573 -175.35 1788 86.528
1.2667 -197.36 1756.5 110.11 -218.37 1783.2 96.763 -177.37 1800.8 86.439
1.275 -198.7 1768.9 109.94 -220.76 1795.3 96.996 -179.58 1813.6 86.373
1.2833 -200 1781.2 109.8 -223.21 1807.3 97.27 -182 1826.3 86.338
1.2917 -201.29 1793.5 109.67 -225.69 1819.1 97.582 -184.61 1838.9 86.341
1.3 -202.61 1805.8 109.56 -228.2 1830.8 97.926 -187.44 1851.5 86.388
1.3083 -204 1818 109.44 -230.73 1842.4 98.3 -190.46 1864 86.482
1.3167 -205.47 1830.2 109.32 -233.27 1853.9 98.697 -193.68 1876.5 86.625
1.325 -207.04 1842.2 109.17 -235.82 1865.4 99.116 -197.08 1889 86.818
1.3333 -208.72 1854.2 108.99 -238.38 1876.7 99.549 -200.64 1901.6 87.056
1.3417 -210.5 1866 108.79 -240.94 1888.1 100 -204.36 1914.1 87.334
1.35 -212.37 1877.7 108.55 -243.51 1899.4 100.46 -208.21 1926.7 87.646
1.3583 -214.32 1889.3 108.28 -246.11 1910.7 100.93 -212.18 1939.2 87.986
1.3667 -216.34 1900.7 107.98 -248.73 1922 101.4 -216.26 1951.8 88.347
1.375 -218.42 1912.1 107.67 -251.38 1933.3 101.88 -220.44 1964.3 88.725
1.3833 -220.53 1923.3 107.34 -254.07 1944.6 102.36 -224.7 1976.8 89.114
1.3917 -222.68 1934.5 107.02 -256.8 1955.9 102.84 -229.04 1989.2 89.513
1.4 -224.86 1945.7 106.7 -259.56 1967.2 103.31 -233.45 2001.5 89.922
1.4083 -227.08 1956.8 106.39 -262.36 1978.6 103.77 -237.93 2013.8 90.34
1.4167 -229.34 1968 106.1 -265.19 1989.9 104.22 -242.47 2026 90.77
1.425 -231.64 1979.2 105.83 -268.05 2001.3 104.65 -247.07 2038.2 91.213
1.4333 -234.01 1990.5 105.56 -270.93 2012.7 105.05 -251.72 2050.3 91.671
1.4417 -236.45 2001.8 105.29 -273.83 2024.2 105.42 -256.41 2062.3 92.143
1.45 -238.97 2013.1 105.02 -276.76 2035.6 105.77 -261.14 2074.3 92.629
1.4583 -241.59 2024.4 104.73 -279.71 2047.2 106.08 -265.89 2086.2 93.126
1.4667 -244.3 2035.8 104.44 -282.69 2058.7 106.35 -270.66 2098.2 93.628
1.475 -247.1 2047.3 104.13 -285.71 2070.4 106.59 -275.43 2110.1 94.129
1.4833 -249.97 2058.7 103.83 -288.78 2082.1 106.8 -280.2 2122 94.622
1.4917 -252.89 2070.2 103.53 -291.89 2093.9 106.97 -284.95 2133.9 95.101
1.5 -255.86 2081.8 103.26 -295.06 2105.8 107.12 -289.68 2145.8 95.558
1.5083 -258.86 2093.4 103.03 -298.3 2117.8 107.24 -294.38 2157.8 95.988
1.5167 -261.86 2105.1 102.86 -301.6 2129.8 107.34 -299.05 2169.7 96.388
1.525 -264.87 2116.9 102.73 -304.98 2141.9 107.43 -303.68 2181.7 96.756
1.5333 -267.88 2128.7 102.67 -308.42 2154.1 107.51 -308.28 2193.6 97.092
1.5417 -270.91 2140.8 102.65 -311.92 2166.3 107.58 -312.86 2205.6 97.397
1.55 -273.99 2153 102.68 -315.49 2178.6 107.65 -317.42 2217.7 97.677
1.5583 -277.12 2165.5 102.72 -319.11 2191 107.72 -321.96 2229.7 97.935
1.5667 -280.34 2178.1 102.77 -322.79 2203.4 107.79 -326.5 2241.9 98.174
1.575 -283.65 2190.8 102.82 -326.51 2215.9 107.87 -331.04 2254.1 98.4
1.5833 -287.09 2203.7 102.86 -330.29 2228.4 107.96 -335.58 2266.3 98.613
1.5917 -290.64 2216.6 102.87 -334.13 2241 108.05 -340.12 2278.7 98.815
1.6 -294.34 2229.7 102.84 -338.02 2253.6 108.14 -344.67 2291.1 99.003
1.6083 -298.16 2242.7 102.79 -341.97 2266.3 108.25 -349.22 2303.6 99.174
1.6167 -302.11 2255.8 102.69 -345.99 2279.1 108.36 -353.77 2316.2 99.322
1.625 -306.17 2269 102.55 -350.1 2291.9 108.47 -358.31 2328.8 99.44
1.6333 -310.33 2282.3 102.39 -354.3 2304.8 108.59 -362.84 2341.6 99.522
1.6417 -314.56 2295.8 102.21 -358.59 2317.7 108.71 -367.35 2354.4 99.561
1.65 -318.85 2309.4 102.03 -362.98 2330.8 108.83 -371.85 2367.3 99.552
1.6583 -323.17 2323.2 101.87 -367.46 2343.8 108.95 -376.33 2380.2 99.495
1.6667 -327.53 2337.2 101.75 -372.04 2357 109.06 -380.8 2393.2 99.39
1.675 -331.89 2351.4 101.68 -376.7 2370.2 109.17 -385.26 2406.2 99.242
1.6833 -336.28 2365.8 101.7 -381.42 2383.5 109.26 -389.71 2419.3 99.059
1.6917 -340.68 2380.2 101.81 -386.18 2396.8 109.34 -394.17 2432.3 98.852
1.7 -345.1 2394.7 102.01 -390.95 2410.2 109.4 -398.63 2445.5 98.633
1.7083 -349.55 2409.2 102.32 -395.7 2423.7 109.45 -403.1 2458.6 98.417
1.7167 -354.03 2423.6 102.72 -400.4 2437.2 109.47 -407.58 2471.8 98.218
1.725 -358.54 2437.9 103.2 -405.01 2450.8 109.46 -412.06 2484.9 98.046
1.7333 -363.07 2451.9 103.73 -409.5 2464.3 109.43 -416.53 2498.1 97.912
1.7417 -367.6 2465.8 104.29 -413.86 2477.9 109.37 -420.98 2511.2 97.822
1.75 -372.1 2479.3 104.85 -418.05 2491.4 109.28 -425.38 2524.4 97.776
1.7583 -376.56 2492.5 105.36 -422.06 2504.8 109.16 -429.72 2537.5 97.773
1.7667 -380.94 2505.4 105.81 -425.89 2518.2 109.02 -433.96 2550.7 97.805
1.775 -385.24 2518 106.18 -429.53 2531.5 108.84 -438.08 2563.8 97.865
1.7833 -389.45 2530.3 106.45 -432.99 2544.6 108.64 -442.06 2576.9 97.94
1.7917 -393.56 2542.4 106.64 -436.29 2557.6 108.42 -445.88 2590.1 98.019
1.8 -397.58 2554.4 106.74 -439.44 2570.4 108.17 -449.51 2603.2 98.09
1.8083 -401.5 2566.2 106.79 -442.45 2583.2 107.9 -452.95 2616.4 98.143
1.8167 -405.33 2578 106.78 -445.36 2595.8 107.61 -456.18 2629.5 98.17
1.825 -409.07 2589.7 106.73 -448.18 2608.3 107.3 -459.22 2642.7 98.165
1.8333 -412.7 2601.4 106.68 -450.93 2620.7 106.98 -462.05 2655.9 98.127
1.8417 -416.24 2613.1 106.63 -453.62 2633.1 106.65 -464.7 2669 98.054
1.85 -419.68 2624.9 106.59 -456.27 2645.5 106.3 -467.16 2682.2 97.95
1.8583 -423.02 2636.6 106.59 -458.87 2657.9 105.94 -469.46 2695.4 97.816
1.8667 -426.26 2648.4 106.62 -461.45 2670.3 105.58 -471.61 2708.6 97.657
1.875 -429.41 2660.2 106.7 -464 2682.8 105.21 -473.61 2721.7 97.475
1.8833 -432.48 2671.9 106.82 -466.52 2695.3 104.83 -475.48 2734.9 97.275
1.8917 -435.49 2683.7 106.97 -469.01 2707.9 104.46 -477.23 2747.9 97.058
1.9 -438.44 2695.4 107.17 -471.48 2720.5 104.08 -478.87 2760.9 96.825
1.9083 -441.35 2707.1 107.4 -473.92 2733.2 103.72 -480.39 2773.9 96.575
1.9167 -444.23 2718.7 107.66 -476.34 2745.8 103.36 -481.82 2786.7 96.308
1.925 -447.09 2730.3 107.93 -478.74 2758.5 103.01 -483.14 2799.5 96.023
1.9333 -449.94 2741.8 108.22 -481.12 2771.2 102.69 -484.38 2812.2 95.72
1.9417 -452.8 2753.3 108.52 -483.48 2783.9 102.38 -485.53 2824.9 95.398
1.95 -455.65 2764.8 108.81 -485.84 2796.6 102.09 -486.6 2837.4 95.06
1.9583 -458.51 2776.3 109.1 -488.18 2809.3 101.83 -487.61 2850 94.707
1.9667 -461.37 2787.8 109.38 -490.51 2822 101.6 -488.57 2862.4 94.343
1.975 -464.21 2799.3 109.64 -492.83 2834.8 101.4 -489.48 2874.9 93.974
1.9833 -467.04 2810.9 109.89 -495.13 2847.6 101.23 -490.37 2887.3 93.603
1.9917 -469.82 2822.6 110.12 -497.4 2860.4 101.08 -491.25 2899.6 93.239
2 -472.56 2834.5 110.32 -499.65 2873.4 100.97 -492.13 2912 92.885
2.0083 -475.24 2846.6 110.5 -501.85 2886.3 100.87 -493.02 2924.3 92.548
2.0167 -477.84 2858.8 110.64 -504.02 2899.4 100.8 -493.94 2936.6 92.231
2.025 -480.36 2871.2 110.76 -506.13 2912.5 100.75 -494.87 2949 91.938
2.0333 -482.78 2883.8 110.83 -508.2 2925.7 100.7 -495.84 2961.4 91.668
2.0417 -485.11 2896.6 110.88 -510.21 2938.9 100.67 -496.83 2973.8 91.424
2.05 -487.35 2909.5 110.89 -512.16 2952.1 100.64 -497.84 2986.2 91.201
2.0583 -489.5 2922.7 110.89 -514.06 2965.3 100.6 -498.85 2998.8 90.996
2.0667 -491.57 2936 110.88 -515.91 2978.6 100.56 -499.86 3011.4 90.804
2.075 -493.57 2949.6 110.87 -517.71 2991.9 100.51 -500.85 3024 90.62
2.0833 -495.52 2963.3 110.87 -519.46 3005.1 100.45 -501.81 3036.8 90.436
2.0917 -497.46 2977.1 110.9 -521.17 3018.5 100.38 -502.72 3049.6 90.246
2.1 -499.39 2991 110.94 -522.83 3031.8 100.29 -503.59 3062.6 90.045
2.1083 -501.34 3005 111.01 -524.45 3045.3 100.18 -504.39 3075.6 89.829
2.1167 -503.29 3019.1 111.09 -526.02 3058.8 100.06 -505.13 3088.7 89.596
2.125 -505.22 3033.2 111.2 -527.53 3072.5 99.916 -505.81 3101.8 89.346
2.1333 -507.13 3047.4 111.31 -528.97 3086.2 99.752 -506.45 3115 89.082
2.1417 -509 3061.7 111.44 -530.35 3100.2 99.569 -507.05 3128.3 88.81
2.15 -510.83 3076.2 111.58 -531.64 3114.2 99.367 -507.63 3141.5 88.537
2.1583 -512.61 3090.8 111.72 -532.84 3128.4 99.145 -508.21 3154.8 88.272
2.1667 -514.37 3105.7 111.86 -533.96 3142.8 98.906 -508.8 3168.1 88.023
2.175 -516.1 3120.7 111.98 -534.98 3157.2 98.652 -509.43 3181.4 87.801
2.1833 -517.83 3136 112.07 -535.92 3171.7 98.389 -510.11 3194.8 87.613
2.1917 -519.55 3151.4 112.12 -536.79 3186.2 98.114 -510.85 3208.1 87.466
2.2 -521.28 3166.9 112.11 -537.59 3200.8 97.838 -511.65 3221.5 87.362
2.2083 -523.02 3182.5 112.02 -538.36 3215.3 97.566 -512.51 3234.9 87.3
2.2167 -524.76 3198 111.85 -539.12 3229.8 97.304 -513.43 3248.3 87.276
2.225 -526.48 3213.4 111.59 -539.9 3244.2 97.057 -514.39 3261.7 87.282
2.2333 -528.15 3228.7 111.24 -540.72 3258.5 96.832 -515.38 3275.2 87.304
2.2417 -529.74 3243.7 110.82 -541.62 3272.7 96.636 -516.39 3288.7 87.331
2.25 -531.22 3258.4 110.32 -542.61 3286.7 96.475 -517.41 3302.2 87.345
2.2583 -532.57 3272.9 109.78 -543.72 3300.6 96.351 -518.42 3315.7 87.334
2.2667 -533.78 3287.1 109.21 -544.96 3314.4 96.269 -519.42 3329.2 87.286
2.275 -534.85 3301 108.64 -546.33 3328 96.23 -520.41 3342.8 87.192
2.2833 -535.81 3314.6 108.08 -547.84 3341.5 96.233 -521.41 3356.3 87.049
2.2917 -536.65 3328 107.56 -549.47 3354.7 96.277 -522.43 3369.7 86.858
2.3 -537.41 3341.2 107.06 -551.21 3367.8 96.356 -523.49 3383.2 86.627
2.3083 -538.08 3354.3 106.62 -553.05 3380.7 96.468 -524.62 3396.6 86.365
2.3167 -538.7 3367.3 106.21 -554.95 3393.4 96.605 -525.84 3410 86.089
2.325 -539.3 3380.2 105.85 -556.89 3405.9 96.762 -527.18 3423.4 85.814
2.3333 -539.9 3393.1 105.52 -558.86 3418.2 96.933 -528.66 3436.7 85.558
2.3417 -540.53 3405.9 105.22 -560.82 3430.2 97.114 -530.3 3450 85.337
2.35 -541.22 3418.7 104.94 -562.78 3442.2 97.3 -532.1 3463.2 85.162
2.3583 -542 3431.5 104.67 -564.71 3454 97.489 -534.08 3476.4 85.044
2.3667 -542.89 3444.1 104.38 -566.62 3465.6 97.679 -536.23 3489.5 84.985
2.375 -543.91 3456.7 104.08 -568.5 3477.2 97.871 -538.54 3502.6 84.985
2.3833 -545.07 3469.2 103.76 -570.35 3488.8 98.065 -540.99 3515.6 85.039
2.3917 -546.37 3481.5 103.41 -572.2 3500.4 98.26 -543.56 3528.5 85.141
2.4 -547.79 3493.8 103.04 -574.05 3512 98.46 -546.22 3541.3 85.278
2.4083 -549.32 3505.9 102.64 -575.91 3523.6 98.662 -548.97 3554 85.442
2.4167 -550.94 3518 102.23 -577.79 3535.3 98.865 -551.78 3566.6 85.621
2.425 -552.61 3529.9 101.82 -579.71 3547.1 99.067 -554.63 3579.1 85.806
2.4333 -554.32 3541.9 101.41 -581.67 3558.9 99.265 -557.5 3591.5 85.992
2.4417 -556.04 3553.8 101.01 -583.68 3570.9 99.454 -560.4 3603.9 86.174
2.45 -557.75 3565.6 100.62 -585.73 3582.9 99.63 -563.3 3616.2 86.349
2.4583 -559.44 3577.5 100.25 -587.82 3594.9 99.787 -566.22 3628.4 86.518
2.4667 -561.12 3589.4 99.879 -589.94 3607 99.92 -569.13 3640.6 86.683
2.475 -562.79 3601.3 99.512 -592.1 3619.2 100.03 -572.04 3652.7 86.843
2.4833 -564.47 3613.3 99.138 -594.28 3631.4 100.11 -574.95 3664.9 87.001
2.4917 -566.17 3625.2 98.752 -596.48 3643.6 100.16 -577.85 3677.1 87.156
2.5 -567.9 3637.2 98.348 -598.7 3655.9 100.19 -580.73 3689.2 87.307
2.5083 -569.69 3649.2 97.929 -600.93 3668.2 100.19 -583.6 3701.4 87.451
2.5167 -571.53 3661.2 97.501 -603.17 3680.6 100.18 -586.44 3713.6 87.582
2.525 -573.44 3673.2 97.073 -605.42 3693.1 100.15 -589.24 3725.8 87.696
2.5333 -575.41 3685.3 96.659 -607.69 3705.6 100.11 -592.02 3738 87.785
2.5417 -577.42 3697.3 96.272 -609.98 3718.2 100.06 -594.75 3750.2 87.845
2.55 -579.47 3709.5 95.926 -612.3 3731 100.02 -597.44 3762.4 87.871
2.5583 -581.55 3721.7 95.629 -614.66 3743.8 99.972 -600.11 3774.7 87.862
2.5667 -583.65 3733.9 95.383 -617.05 3756.7 99.93 -602.74 3786.9 87.819
2.575 -585.79 3746.3 95.186 -619.48 3769.8 99.893 -605.37 3799.2 87.744
2.5833 -587.97 3758.9 95.029 -621.96 3782.9 99.86 -607.99 3811.5 87.643
2.5917 -590.21 3771.7 94.903 -624.49 3796.1 99.833 -610.62 3823.8 87.525
2.6 -592.53 3784.6 94.799 -627.06 3809.4 99.81 -613.27 3836.2 87.397
2.6083 -594.93 3797.6 94.708 -629.68 3822.7 99.792 -615.95 3848.6 87.267
2.6167 -597.43 3810.8 94.626 -632.36 3836.2 99.778 -618.67 3861.1 87.142
2.625 -600.03 3824.1 94.546 -635.09 3849.6 99.771 -621.43 3873.7 87.026
2.6333 -602.74 3837.4 94.462 -637.86 3863.2 99.771 -624.22 3886.4 86.92
2.6417 -605.55 3850.9 94.372 -640.7 3876.7 99.781 -627.05 3899.1 86.821
2.65 -608.45 3864.4 94.264 -643.59 3890.3 99.802 -629.91 3911.9 86.724
2.6583 -611.44 3878.1 94.145 -646.55 3904 99.837 -632.78 3924.8 86.62
2.6667 -614.48 3891.9 94.017 -649.57 3917.6 99.887 -635.67 3937.8 86.5
2.675 -617.56 3905.9 93.888 -652.67 3931.3 99.953 -638.56 3950.8 86.355
2.6833 -620.65 3920.2 93.769 -655.84 3945 100.04 -641.46 3963.9 86.177
2.6917 -623.74 3934.6 93.675 -659.1 3958.7 100.13 -644.35 3977 85.961
2.7 -626.8 3949.3 93.623 -662.43 3972.5 100.25 -647.25 3990.2 85.704
2.7083 -629.82 3964.2 93.628 -665.83 3986.3 100.37 -650.15 4003.4 85.409
2.7167 -632.81 3979.2 93.705 -669.28 4000.1 100.5 -653.07 4016.6 85.083
2.725 -635.76 3994.3 93.865 -672.77 4014 100.63 -656.02 4029.8 84.736
2.7333 -638.69 4009.4 94.114 -676.28 4027.8 100.76 -659.01 4043.1 84.381
2.7417 -641.63 4024.5 94.449 -679.77 4041.7 100.89 -662.03 4056.4 84.034
2.75 -644.58 4039.4 94.863 -683.22 4055.6 101.01 -665.11 4069.8 83.71
2.7583 -647.57 4054.1 95.344 -686.59 4069.5 101.12 -668.24 4083.2 83.421
2.7667 -650.59 4068.6 95.875 -689.85 4083.4 101.22 -671.4 4096.6 83.179
2.775 -653.65 4082.7 96.433 -692.98 4097.2 101.29 -674.6 4110.1 82.99
2.7833 -656.73 4096.6 96.995 -695.94 4110.9 101.36 -677.81 4123.7 82.857
2.7917 -659.83 4110.1 97.535 -698.73 4124.6 101.4 -681.01 4137.2 82.779
2.8 -662.92 4123.4 98.033 -701.33 4138.1 101.42 -684.19 4150.8 82.751
2.8083 -666.02 4136.3 98.473 -703.75 4151.5 101.41 -687.31 4164.5 82.767
2.8167 -669.11 4149.1 98.853 -706 4164.7 101.39 -690.35 4178.1 82.819
2.825 -672.19 4161.6 99.171 -708.09 4177.7 101.34 -693.28 4191.8 82.899
2.8333 -675.25 4174.1 99.435 -710.03 4190.5 101.26 -696.09 4205.5 82.997
2.8417 -678.29 4186.4 99.651 -711.87 4203 101.17 -698.76 4219.2 83.106
2.85 -681.29 4198.7 99.829 -713.6 4215.4 101.05 -701.28 4232.9 83.221
2.8583 -684.24 4211 99.98 -715.27 4227.7 100.91 -703.64 4246.6 83.335
2.8667 -687.11 4223.2 100.11 -716.89 4239.8 100.75 -705.84 4260.3 83.445
2.875 -689.88 4235.4 100.25 -718.47 4251.8 100.58 -707.88 4274.1 83.548
2.8833 -692.54 4247.6 100.38 -720.02 4263.7 100.38 -709.78 4287.8 83.642
2.8917 -695.06 4259.7 100.54 -721.55 4275.6 100.17 -711.53 4301.5 83.725
2.9 -697.46 4271.8 100.72 -723.06 4287.5 99.954 -713.15 4315.3 83.794
2.9083 -699.73 4283.8 100.93 -724.56 4299.5 99.723 -714.65 4329 83.847
2.9167 -701.87 4295.8 101.17 -726.04 4311.5 99.483 -716.04 4342.7 83.882
2.925 -703.91 4307.8 101.44 -727.49 4323.6 99.238 -717.33 4356.4 83.897
2.9333 -705.85 4319.7 101.75 -728.92 4335.8 98.99 -718.53 4370 83.889
2.9417 -707.74 4331.6 102.09 -730.32 4348 98.742 -719.64 4383.6 83.858
2.95 -709.57 4343.4 102.45 -731.7 4360.3 98.497 -720.67 4397.1 83.803
2.9583 -711.38 4355.3 102.83 -733.06 4372.7 98.259 -721.63 4410.6 83.725
2.9667 -713.17 4367 103.23 -734.4 4385.1 98.032 -722.53 4424 83.623
2.975 -714.94 4378.8 103.64 -735.73 4397.6 97.819 -723.36 4437.3 83.502
2.9833 -716.71 4390.5 104.06 -737.04 4410.1 97.622 -724.14 4450.5 83.362
2.9917 -718.47 4402.2 104.48 -738.36 4422.6 97.442 -724.86 4463.7 83.206
3 -720.2 4413.9 104.9 -739.68 4435.2 97.282 -725.53 4476.9 83.035
3.0083 -721.9 4425.6 105.31 -741 4447.8 97.14 -726.16 4490 82.853
3.0167 -723.54 4437.3 105.73 -742.32 4460.5 97.016 -726.73 4503 82.659
3.025 -725.11 4449.1 106.13 -743.65 4473.3 96.909 -727.27 4516.1 82.453
3.0333 -726.6 4460.9 106.53 -744.98 4486.1 96.814 -727.76 4529.1 82.236
3.0417 -728 4472.8 106.92 -746.31 4499.1 96.73 -728.21 4542.1 82.005
3.05 -729.31 4484.8 107.29 -747.64 4512.1 96.652 -728.62 4555.1 81.761
3.0583 -730.52 4497 107.63 -748.96 4525.2 96.579 -729 4568.2 81.502
3.0667 -731.66 4509.2 107.94 -750.27 4538.3 96.507 -729.33 4581.3 81.228
3.075 -732.71 4521.7 108.23 -751.57 4551.6 96.435 -729.62 4594.3 80.938
3.0833 -733.71 4534.3 108.47 -752.84 4564.9 96.362 -729.88 4607.5 80.634
3.0917 -734.65 4547.1 108.69 -754.1 4578.2 96.289 -730.1 4620.6 80.317
3.1 -735.56 4560 108.87 -755.32 4591.6 96.217 -730.28 4633.8 79.99
3.1083 -736.43 4573.2 109.04 -756.5 4605 96.147 -730.43 4646.9 79.655
3.1167 -737.28 4586.5 109.18 -757.64 4618.5 96.081 -730.54 4660.2 79.314
3.125 -738.13 4599.9 109.31 -758.72 4631.9 96.02 -730.63 4673.4 78.97
3.1333 -738.98 4613.5 109.43 -759.74 4645.4 95.966 -730.69 4686.7 78.624
3.1417 -739.85 4627.2 109.54 -760.7 4658.9 95.917 -730.73 4700.1 78.277
3.15 -740.71 4641 109.64 -761.58 4672.5 95.871 -730.75 4713.4 77.931
3.1583 -741.58 4654.8 109.75 -762.38 4686.1 95.827 -730.75 4726.9 77.586
3.1667 -742.43 4668.7 109.84 -763.09 4699.7 95.779 -730.74 4740.3 77.242
3.175 -743.29 4682.7 109.94 -763.71 4713.5 95.723 -730.72 4753.9 76.9
3.1833 -744.15 4696.8 110.04 -764.25 4727.3 95.654 -730.68 4767.5 76.562
3.1917 -745.03 4711 110.12 -764.7 4741.2 95.566 -730.63 4781.1 76.228
3.2 -745.95 4725.4 110.19 -765.06 4755.2 95.456 -730.57 4794.8 75.901
3.2083 -746.9 4739.9 110.24 -765.35 4769.2 95.321 -730.48 4808.5 75.583
3.2167 -747.9 4754.6 110.24 -765.57 4783.4 95.163 -730.37 4822.3 75.275
3.225 -748.95 4769.4 110.18 -765.74 4797.6 94.98 -730.23 4836.1 74.979
3.2333 -750.05 4784.2 110.05 -765.88 4811.9 94.775 -730.06 4849.9 74.693
3.2417 -751.16 4799.1 109.83 -766 4826.2 94.558 -729.85 4863.7 74.418
3.25 -752.28 4814 109.52 -766.12 4840.5 94.331 -729.61 4877.5 74.149
3.2583 -753.36 4828.7 109.12 -766.27 4854.8 94.106 -729.32 4891.4 73.884
3.2667 -754.37 4843.4 108.63 -766.46 4869 93.892 -729.01 4905.2 73.617
3.275 -755.28 4857.9 108.07 -766.72 4883.1 93.696 -728.66 4919.1 73.342
3.2833 -756.04 4872.1 107.45 -767.06 4897.2 93.529 -728.3 4932.9 73.055
3.2917 -756.63 4886.2 106.81 -767.5 4911.1 93.397 -727.94 4946.8 72.753
3.3 -757.05 4900 106.17 -768.04 4924.9 93.307 -727.61 4960.6 72.434
3.3083 -757.29 4913.5 105.55 -768.7 4938.5 93.262 -727.31 4974.4 72.102
3.3167 -757.37 4926.9 104.97 -769.48 4952 93.265 -727.08 4988.2 71.76
3.325 -757.32 4940 104.46 -770.36 4965.2 93.314 -726.95 5001.9 71.416
3.3333 -757.16 4952.9 104.02 -771.34 4978.3 93.408 -726.93 5015.6 71.081
3.3417 -756.92 4965.7 103.66 -772.41 4991.1 93.541 -727.05 5029.2 70.763
3.35 -756.64 4978.4 103.37 -773.55 5003.8 93.706 -727.34 5042.8 70.475
3.3583 -756.34 4991 103.15 -774.73 5016.2 93.897 -727.79 5056.4 70.225
3.3667 -756.09 5003.5 102.97 -775.95 5028.5 94.104 -728.44 5069.9 70.021
3.375 -755.89 5016 102.84 -777.17 5040.6 94.325 -729.27 5083.3 69.869
3.3833 -755.79 5028.3 102.74 -778.39 5052.5 94.55 -730.28 5096.7 69.772
3.3917 -755.81 5040.5 102.63 -779.58 5064.3 94.775 -731.48 5110 69.729
3.4 -755.94 5052.7 102.51 -780.74 5076 94.999 -732.85 5123.2 69.739
3.4083 -756.2 5064.7 102.37 -781.87 5087.7 95.22 -734.38 5136.5 69.798
3.4167 -756.58 5076.7 102.2 -782.96 5099.2 95.44 -736.05 5149.6 69.901
3.425 -757.06 5088.5 101.98 -784.02 5110.7 95.662 -737.85 5162.8 70.043
3.4333 -757.64 5100.3 101.73 -785.06 5122.2 95.887 -739.76 5175.9 70.221
3.4417 -758.29 5112 101.44 -786.09 5133.6 96.12 -741.76 5188.9 70.428
3.45 -758.99 5123.7 101.12 -787.12 5145.1 96.361 -743.84 5201.9 70.661
3.4583 -759.73 5135.3 100.78 -788.16 5156.6 96.613 -745.98 5214.8 70.917
3.4667 -760.49 5146.9 100.44 -789.22 5168.1 96.874 -748.16 5227.7 71.19
3.475 -761.27 5158.5 100.1 -790.32 5179.6 97.143 -750.37 5240.5 71.476
3.4833 -762.04 5170.1 99.764 -791.47 5191.3 97.414 -752.59 5253.3 71.767
3.4917 -762.83 5181.7 99.439 -792.66 5202.9 97.681 -754.82 5266 72.057
3.5 -763.63 5193.3 99.122 -793.89 5214.6 97.94 -757.03 5278.6 72.335
3.5083 -764.44 5204.9 98.805 -795.18 5226.4 98.182 -759.22 5291.2 72.594
3.5167 -765.29 5216.5 98.482 -796.5 5238.3 98.402 -761.38 5303.7 72.823
3.525 -766.18 5228.1 98.145 -797.87 5250.2 98.594 -763.5 5316.1 73.013
3.5333 -767.11 5239.8 97.788 -799.26 5262.2 98.756 -765.58 5328.4 73.159
3.5417 -768.09 5251.4 97.408 -800.69 5274.3 98.885 -767.62 5340.6 73.257
3.55 -769.13 5263.1 97.008 -802.13 5286.4 98.982 -769.61 5352.8 73.307
3.5583 -770.23 5274.9 96.594 -803.59 5298.6 99.048 -771.57 5365 73.314
3.5667 -771.37 5286.7 96.178 -805.07 5310.8 99.087 -773.5 5377.1 73.284
3.575 -772.57 5298.5 95.773 -806.56 5323.1 99.101 -775.41 5389.3 73.227
3.5833 -773.81 5310.3 95.392 -808.06 5335.4 99.095 -777.31 5401.4 73.155
3.5917 -775.09 5322.2 95.045 -809.57 5347.8 99.072 -779.19 5413.5 73.081
3.6 -776.42 5334.2 94.738 -811.11 5360.2 99.034 -781.08 5425.7 73.016
3.6083 -777.79 5346.2 94.472 -812.67 5372.7 98.985 -782.97 5437.8 72.967
3.6167 -779.23 5358.3 94.243 -814.25 5385.2 98.925 -784.86 5450.1 72.94
3.625 -780.73 5370.6 94.044 -815.87 5397.8 98.856 -786.75 5462.3 72.936
3.6333 -782.3 5382.9 93.869 -817.53 5410.5 98.779 -788.64 5474.6 72.951
3.6417 -783.94 5395.4 93.712 -819.23 5423.3 98.697 -790.52 5486.9 72.978
3.65 -785.66 5408 93.569 -820.96 5436.1 98.609 -792.39 5499.3 73.008
3.6583 -787.44 5420.7 93.439 -822.74 5449 98.521 -794.25 5511.7 73.03
3.6667 -789.29 5433.4 93.318 -824.56 5462 98.435 -796.1 5524.1 73.032
3.675 -791.19 5446.3 93.198 -826.42 5475 98.357 -797.92 5536.6 73.005
3.6833 -793.14 5459.2 93.078 -828.32 5488.2 98.29 -799.73 5549.2 72.944
3.6917 -795.13 5472.3 92.95 -830.25 5501.3 98.241 -801.53 5561.8 72.843
3.7 -797.17 5485.5 92.815 -832.22 5514.5 98.213 -803.32 5574.5 72.704
3.7083 -799.25 5499 92.674 -834.22 5527.8 98.21 -805.1 5587.2 72.531
3.7167 -801.37 5512.7 92.53 -836.25 5541 98.231 -806.89 5600.1 72.332
3.725 -803.54 5526.7 92.39 -838.32 5554.3 98.276 -808.68 5613 72.115
3.7333 -805.74 5540.9 92.266 -840.43 5567.5 98.34 -810.49 5626.1 71.891
3.7417 -807.98 5555.3 92.169 -842.56 5580.7 98.42 -812.32 5639.3 71.668
3.75 -810.26 5570 92.116 -844.72 5594 98.506 -814.17 5652.5 71.455
3.7583 -812.57 5584.7 92.117 -846.9 5607.2 98.591 -816.04 5665.8 71.258
3.7667 -814.91 5599.5 92.188 -849.08 5620.5 98.663 -817.93 5679.1 71.081
3.775 -817.27 5614.3 92.335 -851.26 5633.8 98.714 -819.84 5692.5 70.927
3.7833 -819.65 5629 92.561 -853.42 5647.2 98.734 -821.76 5705.8 70.796
3.7917 -822.05 5643.6 92.85 -855.53 5660.6 98.719 -823.69 5719 70.686
3.8 -824.47 5657.9 93.2 -857.58 5674.1 98.662 -825.62 5732.2 70.596
3.8083 -826.88 5672.1 93.587 -859.55 5687.7 98.56 -827.53 5745.3 70.523
3.8167 -829.28 5685.9 93.99 -861.41 5701.3 98.413 -829.42 5758.2 70.466
3.825 -831.65 5699.5 94.381 -863.16 5714.9 98.224 -831.27 5771.1 70.422
3.8333 -833.97 5712.7 94.737 -864.76 5728.5 97.997 -833.07 5784 70.389
3.8417 -836.22 5725.7 95.04 -866.22 5742.1 97.735 -834.79 5796.8 70.366
3.85 -838.41 5738.4 95.279 -867.54 5755.6 97.444 -836.42 5809.5 70.348
3.8583 -840.52 5750.9 95.454 -868.71 5769 97.129 -837.94 5822.4 70.334
3.8667 -842.54 5763.1 95.569 -869.74 5782.3 96.796 -839.32 5835.2 70.317
3.875 -844.47 5775.3 95.634 -870.64 5795.3 96.448 -840.56 5848.2 70.294
3.8833 -846.3 5787.3 95.648 -871.44 5808.2 96.085 -841.62 5861.3 70.26
3.8917 -848.01 5799.3 95.633 -872.14 5820.8 95.712 -842.51 5874.5 70.209
3.9 -849.59 5811.2 95.601 -872.74 5833.3 95.329 -843.21 5887.9 70.137
3.9083 -851.02 5823.1 95.556 -873.29 5845.6 94.93 -843.73 5901.3 70.041
3.9167 -852.29 5834.9 95.516 -873.76 5857.7 94.52 -844.07 5914.8 69.92
3.925 -853.39 5846.7 95.487 -874.18 5869.8 94.096 -844.22 5928.4 69.775
3.9333 -854.34 5858.5 95.473 -874.55 5881.8 93.656 -844.22 5942 69.608
3.9417 -855.16 5870.3 95.476 -874.87 5893.8 93.2 -844.07 5955.5 69.424
3.95 -855.86 5882.1 95.496 -875.14 5905.8 92.729 -843.79 5969 69.227
3.9583 -856.46 5893.9 95.528 -875.36 5917.9 92.243 -843.4 5982.3 69.02
3.9667 -857 5905.6 95.569 -875.54 5930 91.747 -842.91 5995.5 68.808
3.975 -857.49 5917.4 95.613 -875.66 5942.2 91.243 -842.33 6008.6 68.593
3.9833 -857.96 5929 95.655 -875.74 5954.6 90.733 -841.68 6021.4 68.376
3.9917 -858.42 5940.6 95.694 -875.78 5966.9 90.224 -840.96 6034.2 68.154
4 -858.88 5952.2 95.728 -875.78 5979.4 89.72 -840.18 6046.7 67.927
4.0083 -859.32 5963.7 95.758 -875.75 5991.9 89.224 -839.35 6059.2 67.69
4.0167 -859.74 5975.2 95.789 -875.7 6004.4 88.742 -838.45 6071.6 67.439
4.025 -860.14 5986.6 95.824 -875.63 6017 88.276 -837.5 6083.8 67.169
4.0333 -860.49 5998 95.87 -875.55 6029.6 87.829 -836.5 6096.1 66.879
4.0417 -860.79 6009.4 95.929 -875.45 6042.2 87.402 -835.45 6108.3 66.567
4.05 -861.02 6020.9 96.004 -875.33 6054.8 86.996 -834.36 6120.5 66.234
4.0583 -861.18 6032.4 96.096 -875.19 6067.5 86.611 -833.22 6132.7 65.882
4.0667 -861.25 6044 96.199 -875.03 6080.2 86.245 -832.05 6145 65.516
4.075 -861.25 6055.6 96.309 -874.82 6093 85.897 -830.84 6157.2 65.143
4.0833 -861.16 6067.4 96.416 -874.58 6105.9 85.568 -829.62 6169.5 64.769
4.0917 -860.99 6079.3 96.509 -874.27 6118.8 85.257 -828.36 6181.8 64.401
4.1 -860.73 6091.3 96.588 -873.91 6131.8 84.958 -827.09 6194.1 64.044
4.1083 -860.38 6103.4 96.638 -873.47 6144.9 84.678 -825.78 6206.5 63.703
4.1167 -859.93 6115.7 96.659 -872.96 6158 84.416 -824.45 6218.9 63.38
4.125 -859.37 6128.2 96.65 -872.37 6171.1 84.175 -823.07 6231.3 63.077
4.1333 -858.69 6140.9 96.611 -871.69 6184.2 83.955 -821.64 6243.8 62.795
4.1417 -857.9 6153.7 96.546 -870.92 6197.3 83.76 -820.16 6256.3 62.532
4.15 -857.01 6166.7 96.458 -870.06 6210.4 83.591 -818.61 6268.9 62.288
4.1583 -856.05 6179.8 96.358 -869.1 6223.4 83.449 -817 6281.6 62.064
4.1667 -855.03 6193.1 96.246 -868.03 6236.3 83.335 -815.31 6294.4 61.858
4.175 -853.99 6206.4 96.132 -866.85 6249.2 83.246 -813.55 6307.3 61.673
4.1833 -852.96 6219.9 96.021 -865.54 6262 83.178 -811.73 6320.3 61.513
4.1917 -851.96 6233.4 95.916 -864.1 6274.8 83.128 -809.85 6333.3 61.378
4.2 -851.03 6247 95.814 -862.52 6287.5 83.088 -807.93 6346.4 61.273
4.2083 -850.18 6260.7 95.707 -860.8 6300.2 83.052 -805.97 6359.6 61.199
4.2167 -849.44 6274.3 95.588 -858.94 6312.9 83.015 -803.98 6372.9 61.156
4.225 -848.81 6288 95.441 -856.97 6325.6 82.97 -801.96 6386.1 61.141
4.2333 -848.27 6301.7 95.254 -854.89 6338.3 82.914 -799.93 6399.3 61.151
4.2417 -847.8 6315.3 95.014 -852.73 6351.1 82.843 -797.87 6412.5 61.175
4.25 -847.35 6328.9 94.712 -850.52 6363.9 82.758 -795.78 6425.7 61.204
4.2583 -846.89 6342.3 94.35 -848.31 6376.7 82.661 -793.65 6438.8 61.225
4.2667 -846.35 6355.5 93.929 -846.11 6389.6 82.556 -791.46 6451.8 61.226
4.275 -845.68 6368.5 93.458 -843.98 6402.4 82.448 -789.22 6464.7 61.193
4.2833 -844.83 6381.4 92.951 -841.95 6415.2 82.343 -786.9 6477.5 61.116
4.2917 -843.78 6394 92.423 -840.03 6428 82.25 -784.51 6490.2 60.988
4.3 -842.5 6406.4 91.891 -838.26 6440.6 82.174 -782.04 6502.8 60.805
4.3083 -841.01 6418.6 91.37 -836.64 6453.2 82.12 -779.51 6515.4 60.571
4.3167 -839.33 6430.6 90.874 -835.16 6465.6 82.091 -776.94 6527.9 60.29
4.325 -837.47 6442.4 90.409 -833.82 6477.8 82.088 -774.36 6540.3 59.975
4.3333 -835.47 6454.2 89.977 -832.59 6489.9 82.108 -771.78 6552.7 59.638
4.3417 -833.36 6465.8 89.573 -831.46 6501.8 82.147 -769.25 6565.1 59.296
4.35 -831.15 6477.4 89.186 -830.39 6513.6 82.2 -766.79 6577.5 58.964
4.3583 -828.87 6489.1 88.802 -829.35 6525.2 82.258 -764.45 6589.8 58.657
4.3667 -826.53 6500.7 88.407 -828.32 6536.6 82.314 -762.25 6602.2 58.387
4.375 -824.17 6512.4 87.981 -827.27 6547.9 82.36 -760.2 6614.5 58.161
4.3833 -821.81 6524.1 87.517 -826.18 6559.1 82.392 -758.33 6626.8 57.986
4.3917 -819.46 6535.9 87.005 -825.03 6570.2 82.406 -756.63 6639.1 57.861
4.4 -817.13 6547.7 86.445 -823.83 6581.3 82.401 -755.1 6651.4 57.782
4.4083 -814.85 6559.4 85.839 -822.56 6592.3 82.377 -753.72 6663.7 57.745
4.4167 -812.61 6571.1 85.202 -821.23 6603.3 82.337 -752.48 6675.9 57.741
4.425 -810.43 6582.8 84.547 -819.84 6614.4 82.284 -751.35 6688 57.762
4.4333 -808.31 6594.4 83.894 -818.41 6625.4 82.224 -750.3 6700.1 57.8
4.4417 -806.24 6605.9 83.257 -816.93 6636.5 82.158 -749.31 6712.2 57.846
4.45 -804.23 6617.3 82.652 -815.42 6647.7 82.089 -748.35 6724.1 57.897
4.4583 -802.26 6628.6 82.086 -813.87 6658.9 82.019 -747.4 6736 57.947
4.4667 -800.33 6639.8 81.56 -812.3 6670.3 81.945 -746.44 6747.8 57.993
4.475 -798.44 6650.9 81.07 -810.7 6681.6 81.864 -745.46 6759.5 58.036
4.4833 -796.59 6662.1 80.606 -809.08 6693.1 81.773 -744.45 6771.1 58.073
4.4917 -794.78 6673.2 80.153 -807.43 6704.6 81.665 -743.41 6782.7 58.103
4.5 -793 6684.4 79.694 -805.76 6716.2 81.537 -742.31 6794.1 58.126
4.5083 -791.27 6695.6 79.217 -804.06 6727.9 81.382 -741.17 6805.6 58.138
4.5167 -789.57 6706.9 78.709 -802.34 6739.6 81.2 -739.97 6816.9 58.135
4.525 -787.92 6718.3 78.164 -800.6 6751.4 80.99 -738.71 6828.2 58.114
4.5333 -786.31 6729.8 77.585 -798.85 6763.3 80.754 -737.38 6839.5 58.068
4.5417 -784.75 6741.3 76.979 -797.07 6775.2 80.497 -735.98 6850.8 57.994
4.55 -783.21 6752.9 76.361 -795.29 6787.2 80.227 -734.5 6862.1 57.887
4.5583 -781.72 6764.6 75.746 -793.49 6799.2 79.951 -732.93 6873.4 57.744
4.5667 -780.25 6776.4 75.151 -791.69 6811.3 79.678 -731.28 6884.7 57.567
4.575 -778.8 6788.2 74.592 -789.87 6823.4 79.417 -729.55 6896 57.358
4.5833 -777.36 6800 74.077 -788.03 6835.6 79.174 -727.74 6907.4 57.121
4.5917 -775.91 6812 73.614 -786.18 6847.9 78.954 -725.86 6918.8 56.866
4.6 -774.46 6824 73.202 -784.3 6860.2 78.757 -723.91 6930.2 56.599
4.6083 -772.98 6836.1 72.841 -782.4 6872.5 78.584 -721.91 6941.7 56.332
4.6167 -771.47 6848.4 72.526 -780.48 6884.9 78.43 -719.88 6953.3 56.071
4.625 -769.92 6860.8 72.253 -778.54 6897.3 78.291 -717.8 6964.8 55.824
4.6333 -768.34 6873.3 72.014 -776.57 6909.7 78.16 -715.7 6976.5 55.592
4.6417 -766.71 6885.9 71.802 -774.59 6922.1 78.032 -713.57 6988.2 55.377
4.65 -765.04 6898.7 71.606 -772.59 6934.6 77.901 -711.4 7000 55.174
4.6583 -763.32 6911.5 71.416 -770.59 6947.1 77.765 -709.2 7011.8 54.979
4.6667 -761.57 6924.5 71.227 -768.59 6959.6 77.622 -706.94 7023.7 54.781
4.675 -759.78 6937.6 71.034 -766.59 6972.2 77.474 -704.62 7035.7 54.57
4.6833 -757.96 6950.8 70.842 -764.61 6984.7 77.322 -702.23 7047.8 54.338
4.6917 -756.12 6964.1 70.657 -762.64 6997.4 77.171 -699.75 7060 54.074
4.7 -754.26 6977.5 70.49 -760.68 7010.1 77.025 -697.18 7072.3 53.775
4.7083 -752.39 6991 70.355 -758.73 7022.8 76.885 -694.52 7084.6 53.438
4.7167 -750.5 7004.6 70.26 -756.77 7035.6 76.757 -691.77 7097 53.068
4.725 -748.58 7018.2 70.219 -754.8 7048.4 76.635 -688.94 7109.4 52.67
4.7333 -746.64 7031.7 70.235 -752.8 7061.3 76.518 -686.06 7121.9 52.257
4.7417 -744.66 7045.2 70.306 -750.75 7074.3 76.399 -683.12 7134.5 51.842
4.75 -742.66 7058.6 70.421 -748.62 7087.2 76.27 -680.16 7147.1 51.44
4.7583 -740.62 7071.8 70.57 -746.41 7100.2 76.117 -677.18 7159.6 51.064
4.7667 -738.55 7084.8 70.729 -744.09 7113.1 75.93 -674.19 7172.2 50.728
4.775 -736.45 7097.6 70.869 -741.66 7126 75.697 -671.2 7184.7 50.438
4.7833 -734.34 7110 70.96 -739.09 7138.8 75.406 -668.19 7197.3 50.2
4.7917 -732.23 7122.2 70.973 -736.39 7151.5 75.048 -665.16 7209.8 50.012
4.8 -730.12 7134.2 70.884 -733.54 7164.1 74.617 -662.08 7222.2 49.868
4.8083 -728.02 7145.8 70.678 -730.55 7176.6 74.109 -658.92 7234.6 49.759
4.8167 -725.92 7157.2 70.353 -727.42 7188.9 73.525 -655.65 7247 49.671
4.825 -723.8 7168.5 69.917 -724.17 7201.2 72.866 -652.26 7259.2 49.587
4.8333 -721.64 7179.6 69.388 -720.8 7213.3 72.139 -648.7 7271.4 49.495
4.8417 -719.4 7190.5 68.794 -717.31 7225.2 71.351 -644.96 7283.6 49.38
4.85 -717.03 7201.4 68.162 -713.74 7237 70.511 -641.03 7295.6 49.23
4.8583 -714.5 7212.1 67.528 -710.07 7248.7 69.627 -636.9 7307.5 49.038
4.8667 -711.77 7222.7 66.921 -706.34 7260.3 68.708 -632.59 7319.3 48.802
4.875 -708.82 7233.2 66.37 -702.53 7271.8 67.763 -628.11 7331 48.524
4.8833 -705.62 7243.5 65.893 -698.65 7283.2 66.798 -623.49 7342.5 48.207
4.8917 -702.2 7253.7 65.501 -694.72 7294.5 65.819 -618.74 7353.9 47.863
4.9 -698.57 7263.7 65.195 -690.72 7305.7 64.832 -613.91 7365.1 47.499
4.9083 -694.75 7273.5 64.967 -686.66 7316.9 63.84 -609.02 7376.1 47.128
4.9167 -690.75 7283.2 64.803 -682.53 7328 62.851 -604.09 7387 46.759
4.925 -686.62 7292.8 64.685 -678.32 7339 61.87 -599.15 7397.7 46.401
4.9333 -682.38 7302.2 64.594 -674.01 7350 60.904 -594.2 7408.3 46.061
4.9417 -678.05 7311.5 64.511 -669.62 7360.9 59.963 -589.25 7418.8 45.74
4.95 -673.71 7320.7 64.43 -665.11 7371.8 59.049 -584.3 7429.2 45.443
4.9583 -669.36 7329.9 64.336 -660.49 7382.6 58.177 -579.34 7439.4 45.165
4.9667 -665.02 7339.1 64.225 -655.76 7393.5 57.354 -574.35 7449.6 44.904
4.975 -660.71 7348.3 64.102 -650.91 7404.3 56.578 -569.32 7459.8 44.656
4.9833 -656.42 7357.5 63.967 -645.94 7415 55.862 -564.24 7469.9 44.415
4.9917 -652.15 7366.7 63.829 -640.87 7425.8 55.206 -559.08 7479.9 44.177
5 -647.89 7376 63.697 -635.69 7436.5 54.605 -553.85 7490 43.938
5.0083 -643.63 7385.3 63.58 -630.43 7447.2 54.061 -548.52 7500 43.695
5.0167 -639.33 7394.6 63.485 -625.1 7457.9 53.568 -543.09 7510.1 43.447
5.025 -634.98 7404 63.416 -619.69 7468.6 53.121 -537.57 7520.1 43.194
5.0333 -630.57 7413.4 63.377 -614.22 7479.3 52.712 -531.95 7530.1 42.937
5.0417 -626.07 7422.8 63.367 -608.69 7490 52.337 -526.23 7540.2 42.678
5.05 -621.46 7432.3 63.383 -603.1 7500.7 51.991 -520.41 7550.2 42.419
5.0583 -616.73 7441.7 63.42 -597.43 7511.3 51.672 -514.51 7560.3 42.163
5.0667 -611.85 7451.2 63.477 -591.68 7522 51.372 -508.54 7570.3 41.911
5.075 -606.8 7460.8 63.548 -585.83 7532.6 51.095 -502.48 7580.3 41.664
5.0833 -601.57 7470.4 63.633 -579.87 7543.2 50.84 -496.35 7590.3 41.424
5.0917 -596.13 7480 63.734 -573.78 7553.8 50.606 -490.16 7600.2 41.19
5.1 -590.47 7489.8 63.856 -567.55 7564.4 50.397 -483.89 7610.1 40.961
5.1083 -584.58 7499.7 64.001 -561.17 7575 50.211 -477.56 7620 40.736
5.1167 -578.45 7509.7 64.172 -554.64 7585.5 50.051 -471.15 7629.7 40.514
5.125 -572.11 7519.9 64.367 -547.96 7596 49.916 -464.67 7639.5 40.294
5.1333 -565.59 7530.3 64.592 -541.13 7606.5 49.804 -458.1 7649.1 40.078
5.1417 -558.9 7540.8 64.832 -534.15 7616.9 49.714 -451.44 7658.7 39.865
5.15 -552.07 7551.5 65.086 -527.03 7627.3 49.642 -444.68 7668.3 39.657
5.1583 -545.11 7562.3 65.345 -519.76 7637.6 49.585 -437.8 7677.7 39.456
5.1667 -538.02 7573.2 65.602 -512.36 7647.9 49.538 -430.79 7687.2 39.266
5.175 -530.78 7584.2 65.849 -504.82 7658.1 49.497 -423.66 7696.7 39.09
5.1833 -523.4 7595.4 66.075 -497.15 7668.3 49.459 -416.37 7706.1 38.93
5.1917 -515.87 7606.6 66.272 -489.32 7678.4 49.42 -408.95 7715.5 38.789
