0.0083333 -23.687 1.2363 98.612 -46.337 89.7 88.328 -16.859 116.53 80.143
0.016667 -22.965 9.7904 98.684 -45.156 98.01 88.201 -15.475 124.48 80.121
0.025 -22.256 18.648 98.779 -43.884 106.44 88.061 -14.055 132.52 80.106
0.033333 -21.561 27.797 98.89 -42.527 114.99 87.908 -12.599 140.62 80.1
0.041667 -20.877 37.213 99.005 -41.096 123.63 87.742 -11.105 148.79 80.1
0.05 -20.197 46.868 99.111 -39.6 132.37 87.567 -9.5652 157.03 80.105
0.058333 -19.514 56.727 99.193 -38.052 141.18 87.383 -7.9746 165.33 80.113
0.066667 -18.817 66.747 99.237 -36.464 150.07 87.196 -6.3264 173.69 80.121
0.075 -18.097 76.889 99.232 -34.848 159.03 87.007 -4.6154 182.12 80.126
0.083333 -17.34 87.111 99.167 -33.219 168.03 86.821 -2.839 190.62 80.127
0.091667 -16.535 97.368 99.041 -31.591 177.08 86.64 -0.99865 199.18 80.12
0.1 -15.671 107.62 98.856 -29.979 186.16 86.469 0.89966 207.81 80.103
0.10833 -14.737 117.84 98.618 -28.398 195.26 86.309 2.8442 216.5 80.075
0.11667 -13.726 127.99 98.342 -26.866 204.36 86.164 4.8183 225.25 80.034
0.125 -12.634 138.06 98.041 -25.398 213.44 86.036 6.7997 234.06 79.978
0.13333 -11.463 148.02 97.732 -24.01 222.49 85.928 8.7617 242.9 79.91
0.14167 -10.222 157.86 97.428 -22.717 231.49 85.841 10.675 251.79 79.831
0.15 -8.924 167.58 97.141 -21.53 240.41 85.778 12.507 260.71 79.744
0.15833 -7.59 177.19 96.879 -20.458 249.24 85.742 14.226 269.64 79.654
0.16667 -6.242 186.68 96.644 -19.506 257.96 85.733 15.803 278.58 79.566
0.175 -4.9025 196.07 96.437 -18.675 266.58 85.755 17.209 287.53 79.487
0.18333 -3.5908 205.37 96.25 -17.962 275.09 85.808 18.422 296.47 79.422
0.19167 -2.3228 214.6 96.075 -17.358 283.48 85.892 19.426 305.41 79.378
0.2 -1.1104 223.78 95.901 -16.852 291.76 86.007 20.209 314.34 79.359
0.20833 0.036251 232.92 95.718 -16.428 299.95 86.152 20.766 323.28 79.371
0.21667 1.1092 242.02 95.518 -16.07 308.06 86.326 21.099 332.22 79.415
0.225 2.1006 251.09 95.293 -15.761 316.1 86.527 21.215 341.18 79.495
0.23333 3.0083 260.13 95.042 -15.487 324.09 86.752 21.123 350.16 79.61
0.24167 3.8326 269.15 94.767 -15.235 332.05 87 20.839 359.19 79.759
0.25 4.5755 278.14 94.472 -14.998 340 87.269 20.378 368.26 79.942
0.25833 5.2415 287.1 94.168 -14.771 347.95 87.556 19.759 377.39 80.154
0.26667 5.834 296.02 93.863 -14.554 355.91 87.86 19 386.58 80.392
0.275 6.3597 304.92 93.573 -14.349 363.9 88.18 18.121 395.84 80.65
0.28333 6.8224 313.78 93.305 -14.164 371.92 88.517 17.137 405.17 80.924
0.29167 7.2253 322.61 93.07 -14.006 379.99 88.871 16.068 414.56 81.209
0.3 7.5655 331.41 92.871 -13.882 388.11 89.241 14.928 424 81.498
0.30833 7.8496 340.19 92.71 -13.8 396.29 89.63 13.731 433.49 81.789
0.31667 8.081 348.96 92.582 -13.768 404.54 90.036 12.489 443.02 82.075
0.325 8.2645 357.72 92.484 -13.791 412.86 90.46 11.213 452.56 82.355
0.33333 8.4085 366.48 92.406 -13.874 421.26 90.898 9.9116 462.11 82.625
0.34167 8.5221 375.25 92.34 -14.018 429.72 91.349 8.5907 471.66 82.884
0.35 8.6144 384.03 92.281 -14.222 438.26 91.807 7.2546 481.19 83.131
0.35833 8.6931 392.83 92.223 -14.485 446.88 92.267 5.9055 490.7 83.366
0.36667 8.7673 401.64 92.165 -14.802 455.57 92.724 4.5438 500.19 83.59
0.375 8.8416 410.48 92.107 -15.167 464.34 93.172 3.1687 509.64 83.803
0.38333 8.9189 419.33 92.051 -15.577 473.18 93.607 1.7782 519.07 84.009
0.39167 8.9999 428.22 92.003 -16.026 482.11 94.025 0.3699 528.48 84.207
0.4 9.0781 437.14 91.968 -16.513 491.14 94.423 -1.0584 537.87 84.4
0.40833 9.1501 446.09 91.951 -17.036 500.25 94.8 -2.5081 547.25 84.59
0.41667 9.203 455.09 91.955 -17.596 509.46 95.155 -3.9793 556.63 84.777
0.425 9.2291 464.13 91.985 -18.195 518.77 95.491 -5.4704 566.02 84.961
0.43333 9.2124 473.23 92.041 -18.837 528.19 95.807 -6.9783 575.42 85.143
0.44167 9.1424 482.38 92.123 -19.525 537.71 96.106 -8.4987 584.83 85.323
0.45 9.008 491.59 92.225 -20.263 547.33 96.389 -10.025 594.28 85.497
0.45833 8.802 500.86 92.344 -21.053 557.05 96.658 -11.552 603.75 85.666
0.46667 8.5159 510.2 92.472 -21.897 566.88 96.912 -13.072 613.27 85.828
0.475 8.1498 519.61 92.6 -22.797 576.8 97.151 -14.582 622.83 85.98
0.48333 7.6998 529.11 92.719 -23.752 586.82 97.374 -16.077 632.44 86.121
0.49167 7.1701 538.73 92.82 -24.761 596.93 97.579 -17.558 642.1 86.251
0.5 6.5733 548.49 92.893 -25.824 607.13 97.764 -19.026 651.83 86.371
0.50833 5.9219 558.4 92.933 -26.941 617.41 97.926 -20.487 661.62 86.48
0.51667 5.2346 568.47 92.936 -28.109 627.79 98.066 -21.95 671.47 86.58
0.525 4.5239 578.72 92.906 -29.33 638.25 98.183 -23.424 681.41 86.673
0.53333 3.7968 589.13 92.848 -30.606 648.8 98.28 -24.92 691.41 86.762
0.54167 3.0498 599.7 92.769 -31.939 659.45 98.359 -26.449 701.5 86.847
0.55 2.2728 610.42 92.678 -33.332 670.19 98.425 -28.02 711.67 86.93
0.55833 1.448 621.27 92.582 -34.792 681.03 98.485 -29.641 721.92 87.009
0.56667 0.55562 632.27 92.484 -36.325 691.97 98.546 -31.316 732.26 87.084
0.575 -0.42707 643.43 92.39 -37.934 703.01 98.613 -33.046 742.68 87.15
0.58333 -1.5124 654.76 92.299 -39.627 714.16 98.692 -34.827 753.2 87.203
0.59167 -2.721 666.28 92.216 -41.406 725.41 98.786 -36.654 763.79 87.236
0.6 -4.0591 678.02 92.141 -43.274 736.76 98.898 -38.52 774.48 87.244
0.60833 -5.5254 689.99 92.076 -45.23 748.21 99.025 -40.417 785.26 87.22
0.61667 -7.1047 702.21 92.025 -47.273 759.74 99.164 -42.336 796.14 87.161
0.625 -8.7835 714.69 91.997 -49.394 771.36 99.31 -44.272 807.1 87.064
0.63333 -10.535 727.39 91.998 -51.586 783.04 99.454 -46.223 818.15 86.929
0.64167 -12.329 740.32 92.04 -53.837 794.77 99.59 -48.188 829.28 86.761
0.65 -14.148 753.41 92.136 -56.132 806.54 99.709 -50.171 840.5 86.565
0.65833 -15.981 766.61 92.296 -58.456 818.34 99.803 -52.177 851.77 86.353
0.66667 -17.824 779.88 92.528 -60.788 830.15 99.867 -54.215 863.11 86.134
0.675 -19.68 793.13 92.835 -63.108 841.94 99.897 -56.289 874.48 85.922
0.68333 -21.555 806.32 93.216 -65.396 853.72 99.892 -58.405 885.87 85.728
0.69167 -23.46 819.37 93.66 -67.629 865.46 99.852 -60.562 897.27 85.563
0.7 -25.398 832.23 94.157 -69.784 877.15 99.778 -62.754 908.67 85.433
0.70833 -27.373 844.85 94.683 -71.84 888.79 99.674 -64.969 920.03 85.343
0.71667 -29.384 857.2 95.216 -73.779 900.36 99.545 -67.189 931.36 85.291
0.725 -31.422 869.24 95.731 -75.582 911.85 99.394 -69.389 942.64 85.273
0.73333 -33.476 880.97 96.204 -77.237 923.26 99.226 -71.54 953.87 85.282
0.74167 -35.528 892.39 96.615 -78.739 934.57 99.044 -73.611 965.04 85.308
0.75 -37.564 903.53 96.955 -80.083 945.77 98.85 -75.569 976.16 85.339
0.75833 -39.557 914.45 97.218 -81.277 956.86 98.644 -77.384 987.23 85.366
0.76667 -41.496 925.2 97.406 -82.329 967.83 98.427 -79.032 998.27 85.378
0.775 -43.36 935.83 97.527 -83.256 978.66 98.197 -80.494 1009.3 85.368
0.78333 -45.134 946.38 97.591 -84.079 989.35 97.953 -81.758 1020.3 85.331
0.79167 -46.805 956.91 97.609 -84.819 999.9 97.695 -82.823 1031.3 85.265
0.8 -48.364 967.43 97.598 -85.5 1010.3 97.421 -83.694 1042.3 85.173
0.80833 -49.81 977.96 97.574 -86.147 1020.6 97.132 -84.383 1053.3 85.057
0.81667 -51.142 988.49 97.551 -86.78 1030.8 96.828 -84.908 1064.4 84.925
0.825 -52.368 999.01 97.545 -87.416 1040.8 96.51 -85.29 1075.4 84.783
0.83333 -53.499 1009.5 97.567 -88.063 1050.8 96.18 -85.551 1086.5 84.636
0.84167 -54.55 1020 97.625 -88.727 1060.8 95.84 -85.712 1097.6 84.489
0.85 -55.538 1030.4 97.725 -89.4 1070.7 95.493 -85.789 1108.8 84.345
0.85833 -56.483 1040.7 97.868 -90.073 1080.7 95.14 -85.796 1119.9 84.204
0.86667 -57.4 1050.9 98.053 -90.728 1090.7 94.783 -85.742 1131 84.065
0.875 -58.303 1061 98.277 -91.344 1100.9 94.421 -85.631 1142.1 83.924
0.88333 -59.202 1071.1 98.533 -91.903 1111.1 94.057 -85.464 1153.2 83.777
0.89167 -60.106 1081.2 98.814 -92.388 1121.4 93.689 -85.241 1164.2 83.621
0.9 -61.018 1091.3 99.111 -92.787 1131.8 93.321 -84.959 1175.3 83.451
0.90833 -61.938 1101.3 99.415 -93.099 1142.3 92.953 -84.618 1186.3 83.267
0.91667 -62.863 1111.4 99.717 -93.327 1152.9 92.589 -84.217 1197.3 83.068
0.925 -63.788 1121.5 100.01 -93.486 1163.6 92.236 -83.761 1208.2 82.855
0.93333 -64.708 1131.7 100.29 -93.599 1174.3 91.899 -83.254 1219.2 82.632
0.94167 -65.616 1142 100.56 -93.691 1185 91.585 -82.704 1230.2 82.401
0.95 -66.508 1152.3 100.8 -93.797 1195.7 91.3 -82.121 1241.1 82.167
0.95833 -67.383 1162.7 101.03 -93.945 1206.4 91.05 -81.513 1252.1 81.934
0.96667 -68.236 1173.2 101.24 -94.163 1217.1 90.84 -80.891 1263.1 81.704
0.975 -69.071 1183.7 101.42 -94.465 1227.8 90.673 -80.262 1274 81.479
0.98333 -69.886 1194.4 101.59 -94.858 1238.5 90.55 -79.629 1285 81.259
0.99167 -70.677 1205 101.74 -95.332 1249.3 90.468 -78.995 1296 81.041
1 -71.438 1215.8 101.87 -95.868 1260.1 90.424 -78.359 1307 80.826
1.0083 -72.163 1226.7 101.98 -96.438 1271 90.413 -77.715 1318 80.609
1.0167 -72.838 1237.7 102.07 -97.008 1282 90.428 -77.059 1329 80.39
1.025 -73.449 1248.8 102.13 -97.545 1293 90.461 -76.384 1340.1 80.169
1.0333 -73.976 1260.1 102.18 -98.017 1304.2 90.506 -75.684 1351.1 79.945
1.0417 -74.397 1271.5 102.21 -98.403 1315.5 90.557 -74.954 1362.2 79.723
1.05 -74.695 1283.1 102.23 -98.687 1326.9 90.61 -74.189 1373.4 79.504
1.0583 -74.862 1295 102.25 -98.861 1338.4 90.663 -73.388 1384.5 79.293
1.0667 -74.906 1307.1 102.27 -98.929 1350 90.713 -72.553 1395.8 79.095
1.075 -74.853 1319.3 102.3 -98.899 1361.6 90.761 -71.685 1407 78.913
1.0833 -74.736 1331.7 102.35 -98.788 1373.3 90.805 -70.787 1418.3 78.749
1.0917 -74.584 1344.2 102.4 -98.614 1385.1 90.845 -69.862 1429.7 78.603
1.1 -74.417 1356.7 102.46 -98.394 1396.8 90.88 -68.915 1441.1 78.473
1.1083 -74.249 1369.2 102.53 -98.143 1408.7 90.908 -67.947 1452.5 78.354
1.1167 -74.084 1381.7 102.59 -97.873 1420.5 90.924 -66.96 1464 78.241
1.125 -73.935 1394.1 102.65 -97.585 1432.5 90.926 -65.953 1475.5 78.126
1.1333 -73.811 1406.6 102.7 -97.273 1444.5 90.909 -64.925 1487 78.002
1.1417 -73.725 1419 102.75 -96.928 1456.7 90.866 -63.877 1498.5 77.865
1.15 -73.689 1431.5 102.79 -96.534 1468.9 90.795 -62.806 1510.1 77.712
1.1583 -73.713 1444.1 102.82 -96.072 1481.3 90.694 -61.713 1521.8 77.54
1.1667 -73.796 1456.9 102.84 -95.531 1493.8 90.562 -60.602 1533.5 77.353
1.175 -73.931 1469.8 102.85 -94.897 1506.4 90.402 -59.474 1545.2 77.156
1.1833 -74.103 1483 102.84 -94.168 1519 90.222 -58.338 1557.1 76.956
1.1917 -74.298 1496.4 102.79 -93.355 1531.7 90.024 -57.202 1569 76.759
1.2 -74.492 1509.9 102.71 -92.469 1544.5 89.825 -56.078 1581 76.575
1.2083 -74.665 1523.5 102.57 -91.539 1557.1 89.635 -54.976 1593.1 76.409
1.2167 -74.793 1537.2 102.39 -90.599 1569.7 89.467 -53.91 1605.2 76.265
1.225 -74.851 1550.9 102.15 -89.689 1582.3 89.333 -52.893 1617.4 76.144
1.2333 -74.814 1564.5 101.87 -88.85 1594.6 89.243 -51.937 1629.7 76.044
1.2417 -74.661 1578 101.56 -88.123 1606.9 89.206 -51.053 1641.9 75.957
1.25 -74.381 1591.3 101.23 -87.54 1618.9 89.227 -50.252 1654.1 75.878
1.2583 -73.977 1604.3 100.89 -87.125 1630.8 89.305 -49.542 1666.2 75.795
1.2667 -73.464 1617.1 100.57 -86.888 1642.5 89.439 -48.931 1678.2 75.7
1.275 -72.868 1629.7 100.28 -86.828 1654.1 89.624 -48.427 1690.2 75.586
1.2833 -72.216 1642 100.02 -86.933 1665.5 89.851 -48.036 1702 75.449
1.2917 -71.535 1654.1 99.811 -87.182 1676.7 90.111 -47.765 1713.8 75.288
1.3 -70.85 1666.1 99.644 -87.545 1687.8 90.396 -47.62 1725.4 75.105
1.3083 -70.182 1677.9 99.516 -87.994 1698.8 90.697 -47.607 1737 74.907
1.3167 -69.55 1689.7 99.419 -88.5 1709.6 91.008 -47.732 1748.6 74.703
1.325 -68.973 1701.4 99.34 -89.037 1720.4 91.325 -48.001 1760.2 74.505
1.3333 -68.464 1713 99.266 -89.587 1731 91.645 -48.416 1771.7 74.323
1.3417 -68.034 1724.7 99.185 -90.138 1741.6 91.968 -48.98 1783.3 74.167
1.35 -66.522 1737.5 98.371 -90.686 1752 92.296 -49.693 1795 74.046
1.3583 -67.431 1748 98.946 -91.233 1762.4 92.631 -50.552 1806.7 73.963
1.3667 -67.261 1759.6 98.768 -91.791 1772.8 92.975 -51.551 1818.5 73.921
1.375 -67.18 1771.1 98.543 -92.37 1783 93.33 -52.682 1830.3 73.917
1.3833 -67.189 1782.5 98.271 -92.987 1793.2 93.697 -53.934 1842.2 73.944
1.3917 -67.292 1793.9 97.958 -93.654 1803.5 94.074 -55.295 1854.1 73.996
1.4 -67.489 1805.1 97.611 -94.383 1813.7 94.459 -56.753 1866 74.064
1.4083 -67.783 1816.1 97.243 -95.182 1823.9 94.848 -58.295 1877.9 74.139
1.4167 -68.174 1827.1 96.867 -96.053 1834.1 95.234 -59.908 1889.7 74.214
1.425 -68.657 1837.9 96.497 -96.997 1844.4 95.61 -61.581 1901.5 74.282
1.4333 -69.226 1848.7 96.144 -98.007 1854.8 95.967 -63.304 1913.2 74.341
1.4417 -69.874 1859.4 95.815 -99.078 1865.2 96.299 -65.069 1924.9 74.39
1.45 -70.589 1870.1 95.514 -100.2 1875.6 96.599 -66.869 1936.4 74.428
1.4583 -71.359 1880.7 95.24 -101.37 1886.2 96.861 -68.699 1947.9 74.458
1.4667 -72.169 1891.4 94.987 -102.57 1896.8 97.082 -70.553 1959.3 74.482
1.475 -73.009 1902.1 94.747 -103.8 1907.5 97.262 -72.427 1970.7 74.502
1.4833 -73.863 1912.8 94.512 -105.06 1918.2 97.401 -74.316 1982 74.517
1.4917 -74.724 1923.6 94.272 -106.34 1929 97.503 -76.215 1993.3 74.528
1.5 -75.584 1934.3 94.023 -107.65 1939.9 97.574 -78.119 2004.6 74.532
1.5083 -76.437 1945.2 93.763 -108.99 1950.9 97.619 -80.022 2015.9 74.523
1.5167 -77.291 1956 93.496 -110.36 1961.9 97.644 -81.919 2027.1 74.498
1.525 -78.147 1966.9 93.233 -111.76 1973.1 97.655 -83.804 2038.3 74.45
1.5333 -79.024 1977.7 92.985 -113.2 1984.3 97.657 -85.674 2049.6 74.373
1.5417 -79.94 1988.6 92.77 -114.67 1995.7 97.654 -87.525 2060.8 74.263
1.55 -80.916 1999.6 92.603 -116.19 2007.1 97.648 -89.358 2072 74.119
1.5583 -81.975 2010.6 92.496 -117.75 2018.7 97.638 -91.174 2083.2 73.939
1.5667 -83.139 2021.7 92.457 -119.35 2030.3 97.626 -92.977 2094.5 73.726
1.575 -84.427 2032.8 92.485 -121 2042 97.609 -94.775 2105.7 73.484
1.5833 -85.852 2044.2 92.575 -122.68 2053.8 97.585 -96.574 2117 73.218
1.5917 -87.412 2055.7 92.714 -124.42 2065.7 97.555 -98.385 2128.3 72.936
1.6 -89.1 2067.3 92.89 -126.2 2077.6 97.518 -100.22 2139.7 72.642
1.6083 -90.882 2079.1 93.09 -128.03 2089.5 97.475 -102.08 2151.1 72.344
1.6167 -92.738 2091.1 93.301 -129.92 2101.6 97.429 -103.98 2162.6 72.044
1.625 -94.65 2103.1 93.513 -131.86 2113.6 97.385 -105.92 2174.1 71.744
1.6333 -96.605 2115.2 93.715 -133.86 2125.7 97.35 -107.91 2185.7 71.443
1.6417 -98.6 2127.2 93.894 -135.94 2137.9 97.329 -109.94 2197.3 71.139
1.65 -100.64 2139.4 94.044 -138.08 2150.1 97.329 -112.02 2208.9 70.825
1.6583 -102.72 2151.5 94.153 -140.3 2162.4 97.358 -114.13 2220.7 70.496
1.6667 -104.87 2163.8 94.224 -142.59 2174.7 97.421 -116.28 2232.5 70.147
1.675 -107.08 2176.1 94.256 -144.97 2187.1 97.52 -118.46 2244.4 69.773
1.6833 -109.39 2188.6 94.259 -147.41 2199.5 97.657 -120.65 2256.3 69.371
1.6917 -111.79 2201.3 94.241 -149.93 2211.9 97.828 -122.87 2268.4 68.942
1.7 -114.29 2214.2 94.217 -152.52 2224.4 98.029 -125.11 2280.6 68.488
1.7083 -116.89 2227.4 94.204 -155.17 2236.9 98.253 -127.37 2292.8 68.017
1.7167 -119.57 2240.8 94.22 -157.87 2249.5 98.492 -129.65 2305.2 67.537
1.725 -122.34 2254.4 94.281 -160.61 2262 98.734 -131.97 2317.7 67.059
1.7333 -125.18 2268.1 94.405 -163.37 2274.5 98.972 -134.33 2330.3 66.596
1.7417 -128.07 2281.8 94.602 -166.14 2287 99.195 -136.75 2343 66.159
1.75 -131.01 2295.6 94.877 -168.9 2299.5 99.397 -139.22 2355.7 65.76
1.7583 -133.99 2309.2 95.228 -171.63 2312 99.572 -141.75 2368.4 65.406
1.7667 -136.98 2322.6 95.644 -174.31 2324.6 99.718 -144.34 2381.2 65.102
1.775 -139.97 2335.8 96.11 -176.92 2337.1 99.832 -146.98 2393.9 64.851
1.7833 -142.94 2348.7 96.603 -179.45 2349.6 99.915 -149.66 2406.6 64.65
1.7917 -145.88 2361.2 97.1 -181.88 2362.2 99.968 -152.36 2419.3 64.496
1.8 -148.77 2373.4 97.571 -184.2 2374.7 99.995 -155.06 2431.8 64.378
1.8083 -151.61 2385.2 97.994 -186.41 2387.3 99.997 -157.74 2444.3 64.29
1.8167 -154.39 2396.8 98.352 -188.51 2399.8 99.976 -160.35 2456.7 64.22
1.825 -157.11 2408 98.638 -190.5 2412.2 99.934 -162.88 2469 64.158
1.8333 -159.8 2419.1 98.852 -192.39 2424.5 99.871 -165.29 2481.3 64.097
1.8417 -162.45 2430.1 99.004 -194.19 2436.8 99.785 -167.57 2493.6 64.027
1.85 -165.08 2441 99.105 -195.91 2448.8 99.676 -169.68 2505.9 63.943
1.8583 -167.69 2451.9 99.171 -197.57 2460.8 99.542 -171.61 2518.2 63.843
1.8667 -170.26 2462.7 99.22 -199.18 2472.5 99.38 -173.37 2530.6 63.726
1.875 -172.79 2473.7 99.269 -200.75 2484.2 99.19 -174.94 2543.1 63.592
1.8833 -175.26 2484.6 99.337 -202.29 2495.6 98.971 -176.33 2555.6 63.444
1.8917 -177.65 2495.5 99.437 -203.82 2506.9 98.723 -177.55 2568.2 63.284
1.9 -179.93 2506.5 99.58 -205.32 2518.2 98.449 -178.62 2580.9 63.117
1.9083 -182.09 2517.4 99.773 -206.81 2529.3 98.151 -179.55 2593.6 62.943
1.9167 -184.11 2528.3 100.02 -208.28 2540.4 97.833 -180.37 2606.3 62.767
1.925 -185.98 2539.2 100.31 -209.72 2551.5 97.5 -181.08 2619.1 62.59
1.9333 -187.72 2550 100.64 -211.13 2562.6 97.157 -181.7 2631.8 62.41
1.9417 -189.34 2560.7 101.01 -212.5 2573.8 96.81 -182.26 2644.5 62.23
1.95 -190.86 2571.4 101.39 -213.83 2585 96.462 -182.75 2657.1 62.047
1.9583 -192.3 2582.1 101.8 -215.12 2596.3 96.12 -183.19 2669.6 61.86
1.9667 -193.69 2592.8 102.21 -216.37 2607.6 95.787 -183.59 2682 61.667
1.975 -195.07 2603.5 102.62 -217.58 2619.1 95.467 -183.94 2694.4 61.468
1.9833 -196.44 2614.1 103.02 -218.76 2630.6 95.162 -184.25 2706.7 61.26
1.9917 -197.84 2624.8 103.42 -219.91 2642.2 94.875 -184.52 2718.9 61.044
2 -199.26 2635.5 103.81 -221.04 2653.8 94.606 -184.76 2731 60.818
2.0083 -200.7 2646.2 104.19 -222.16 2665.4 94.357 -184.94 2743.1 60.581
2.0167 -202.14 2657 104.55 -223.29 2677.1 94.128 -185.09 2755.1 60.334
2.025 -203.58 2667.7 104.91 -224.42 2688.9 93.919 -185.19 2767.1 60.075
2.0333 -204.98 2678.5 105.25 -225.55 2700.6 93.73 -185.25 2779 59.804
2.0417 -206.32 2689.3 105.57 -226.69 2712.4 93.56 -185.27 2790.9 59.522
2.05 -207.58 2700.1 105.87 -227.84 2724.2 93.409 -185.25 2802.8 59.227
2.0583 -208.73 2711.1 106.15 -228.98 2736.1 93.277 -185.19 2814.7 58.919
2.0667 -209.78 2722.1 106.39 -230.12 2748 93.163 -185.09 2826.6 58.599
2.075 -210.72 2733.2 106.6 -231.24 2760 93.066 -184.97 2838.5 58.266
2.0833 -211.56 2744.5 106.77 -232.34 2772.1 92.985 -184.81 2850.4 57.923
2.0917 -212.31 2756 106.89 -233.41 2784.2 92.919 -184.63 2862.2 57.569
2.1 -212.99 2767.6 106.97 -234.46 2796.4 92.867 -184.43 2874.1 57.208
2.1083 -213.62 2779.4 107.01 -235.46 2808.6 92.829 -184.2 2886 56.841
2.1167 -214.22 2791.4 107.03 -236.43 2820.9 92.803 -183.94 2898 56.47
2.125 -214.78 2803.7 107.02 -237.35 2833.3 92.789 -183.66 2909.9 56.097
2.1333 -215.34 2816.1 107.01 -238.23 2845.7 92.784 -183.35 2921.9 55.724
2.1417 -215.9 2828.7 106.99 -239.07 2858.2 92.786 -183 2933.9 55.351
2.15 -216.48 2841.5 106.97 -239.86 2870.8 92.792 -182.62 2945.9 54.977
2.1583 -217.08 2854.3 106.95 -240.59 2883.4 92.798 -182.19 2958 54.603
2.1667 -217.71 2867.1 106.93 -241.27 2896.2 92.799 -181.71 2970.1 54.227
2.175 -218.37 2880 106.91 -241.89 2909 92.787 -181.18 2982.3 53.846
2.1833 -219.07 2892.8 106.88 -242.43 2921.9 92.757 -180.6 2994.4 53.459
2.1917 -219.79 2905.7 106.86 -242.89 2934.9 92.702 -179.96 3006.6 53.065
2.2 -220.57 2918.6 106.83 -243.26 2947.9 92.617 -179.27 3018.9 52.663
2.2083 -221.4 2931.5 106.79 -243.54 2961.1 92.493 -178.54 3031.1 52.253
2.2167 -222.29 2944.6 106.75 -243.72 2974.4 92.331 -177.77 3043.4 51.837
2.225 -223.24 2957.7 106.69 -243.79 2987.8 92.129 -176.98 3055.8 51.42
2.2333 -224.26 2971 106.6 -243.78 3001.2 91.883 -176.17 3068.2 51.004
2.2417 -225.32 2984.5 106.48 -243.67 3014.7 91.604 -175.36 3080.6 50.596
2.25 -226.43 2998.1 106.31 -243.49 3028.2 91.297 -174.55 3093.1 50.2
2.2583 -227.55 3011.8 106.09 -243.25 3041.7 90.972 -173.75 3105.7 49.823
2.2667 -228.66 3025.5 105.81 -242.98 3055.2 90.632 -172.98 3118.2 49.469
2.275 -229.75 3039.3 105.47 -242.7 3068.6 90.301 -172.23 3130.9 49.14
2.2833 -230.78 3053.1 105.07 -242.45 3082 89.977 -171.5 3143.5 48.837
2.2917 -231.72 3066.8 104.62 -242.23 3095.3 89.682 -170.81 3156.2 48.56
2.3 -232.55 3080.3 104.12 -242.08 3108.5 89.423 -170.13 3168.9 48.304
2.3083 -233.24 3093.6 103.6 -242.02 3121.6 89.206 -169.49 3181.5 48.067
2.3167 -233.78 3106.7 103.06 -242.05 3134.6 89.037 -168.87 3194.1 47.841
2.325 -234.16 3119.6 102.52 -242.18 3147.4 88.92 -168.29 3206.7 47.623
2.3333 -234.38 3132.3 101.98 -242.42 3160.1 88.853 -167.76 3219.2 47.409
2.3417 -234.46 3144.8 101.47 -242.76 3172.5 88.836 -167.29 3231.6 47.194
2.35 -234.41 3157.2 100.98 -243.19 3184.8 88.863 -166.9 3244 46.98
2.3583 -234.26 3169.4 100.53 -243.68 3196.9 88.93 -166.62 3256.2 46.768
2.3667 -234.01 3181.6 100.11 -244.23 3208.8 89.028 -166.46 3268.4 46.561
2.375 -233.69 3193.7 99.716 -244.81 3220.5 89.151 -166.46 3280.5 46.368
2.3833 -233.32 3205.9 99.347 -245.41 3232.1 89.293 -166.63 3292.6 46.194
2.3917 -232.91 3218 98.994 -246 3243.5 89.445 -166.99 3304.6 46.049
2.4 -232.51 3230.2 98.654 -246.58 3254.7 89.608 -167.55 3316.5 45.941
2.4083 -232.11 3242.3 98.318 -247.14 3265.9 89.77 -168.31 3328.5 45.875
2.4167 -231.75 3254.4 97.984 -247.67 3277 89.937 -169.28 3340.5 45.858
2.425 -231.44 3266.5 97.647 -248.17 3288.1 90.101 -170.44 3352.4 45.889
2.4333 -231.18 3278.5 97.306 -248.64 3299.1 90.267 -171.76 3364.4 45.968
2.4417 -230.98 3290.4 96.961 -249.09 3310.2 90.432 -173.24 3376.3 46.089
2.45 -230.85 3302.2 96.615 -249.54 3321.3 90.597 -174.84 3388.3 46.245
2.4583 -230.78 3313.9 96.271 -249.98 3332.4 90.761 -176.53 3400.2 46.427
2.4667 -230.78 3325.4 95.928 -250.44 3343.6 90.927 -178.29 3412.1 46.623
2.475 -230.85 3336.9 95.594 -250.92 3354.8 91.089 -180.11 3423.9 46.823
2.4833 -230.97 3348.3 95.269 -251.43 3366 91.248 -181.96 3435.7 47.017
2.4917 -231.13 3359.6 94.954 -251.97 3377.3 91.4 -183.83 3447.4 47.196
2.5 -231.34 3370.8 94.647 -252.54 3388.6 91.543 -185.72 3459 47.355
2.5083 -231.59 3382 94.346 -253.15 3399.8 91.675 -187.63 3470.5 47.49
2.5167 -231.86 3393.2 94.043 -253.78 3411.2 91.793 -189.56 3481.9 47.601
2.525 -232.16 3404.4 93.734 -254.43 3422.5 91.894 -191.51 3493.2 47.688
2.5333 -232.48 3415.6 93.409 -255.11 3433.9 91.978 -193.49 3504.4 47.756
2.5417 -232.83 3426.8 93.061 -255.79 3445.3 92.045 -195.5 3515.5 47.806
2.55 -233.2 3438.1 92.685 -256.48 3456.8 92.093 -197.54 3526.5 47.845
2.5583 -233.61 3449.5 92.279 -257.17 3468.4 92.125 -199.6 3537.5 47.873
2.5667 -234.05 3460.9 91.844 -257.86 3480.1 92.143 -201.67 3548.4 47.895
2.575 -234.52 3472.3 91.387 -258.56 3491.8 92.148 -203.73 3559.3 47.91
2.5833 -235.03 3483.9 90.919 -259.25 3503.7 92.145 -205.77 3570.2 47.917
2.5917 -235.57 3495.4 90.454 -259.95 3515.6 92.135 -207.77 3581.1 47.915
2.6 -236.14 3507.1 90.006 -260.66 3527.6 92.12 -209.71 3592.1 47.901
2.6083 -236.74 3518.7 89.588 -261.38 3539.6 92.102 -211.58 3603.1 47.871
2.6167 -237.37 3530.5 89.213 -262.12 3551.7 92.082 -213.36 3614.1 47.823
2.625 -238.02 3542.3 88.887 -262.88 3563.7 92.059 -215.04 3625.2 47.755
2.6333 -238.7 3554.2 88.607 -263.66 3575.8 92.032 -216.63 3636.4 47.667
2.6417 -239.42 3566.2 88.37 -264.46 3587.8 91.999 -218.13 3647.6 47.559
2.65 -240.19 3578.3 88.164 -265.29 3599.8 91.959 -219.56 3658.9 47.434
2.6583 -241.01 3590.7 87.982 -266.15 3611.9 91.909 -220.91 3670.2 47.296
2.6667 -241.89 3603.1 87.816 -267.02 3623.9 91.85 -222.21 3681.7 47.148
2.675 -242.81 3615.7 87.659 -267.91 3635.9 91.78 -223.48 3693.2 46.996
2.6833 -243.79 3628.4 87.506 -268.82 3648 91.699 -224.7 3704.8 46.843
2.6917 -244.81 3641.2 87.352 -269.74 3660.1 91.611 -225.91 3716.5 46.689
2.7 -245.88 3654.1 87.189 -270.67 3672.3 91.518 -227.08 3728.2 46.535
2.7083 -246.98 3667.1 87.011 -271.61 3684.6 91.424 -228.22 3740.1 46.379
2.7167 -248.11 3680.1 86.817 -272.56 3696.9 91.334 -229.3 3752.1 46.217
2.725 -249.26 3693.3 86.605 -273.51 3709.4 91.253 -230.33 3764.1 46.042
2.7333 -250.45 3706.7 86.383 -274.48 3722 91.184 -231.28 3776.3 45.849
2.7417 -251.65 3720.2 86.16 -275.46 3734.6 91.131 -232.12 3788.6 45.632
2.75 -252.87 3733.9 85.95 -276.45 3747.3 91.097 -232.86 3801 45.386
2.7583 -254.1 3747.9 85.771 -277.45 3759.9 91.081 -233.49 3813.5 45.108
2.7667 -255.34 3762 85.638 -278.46 3772.6 91.081 -233.99 3826.1 44.797
2.775 -256.56 3776.2 85.573 -279.47 3785.3 91.094 -234.39 3838.8 44.459
2.7833 -257.76 3790.6 85.586 -280.48 3798 91.116 -234.7 3851.5 44.097
2.7917 -258.93 3805 85.686 -281.46 3810.6 91.139 -234.93 3864.4 43.723
2.8 -260.05 3819.4 85.887 -282.39 3823.1 91.156 -235.13 3877.2 43.347
2.8083 -261.12 3833.7 86.171 -283.26 3835.7 91.159 -235.31 3890.2 42.981
2.8167 -262.13 3847.8 86.537 -284.03 3848.3 91.139 -235.51 3903.1 42.639
2.825 -263.08 3861.7 86.959 -284.69 3860.8 91.089 -235.74 3916.1 42.33
2.8333 -263.98 3875.3 87.412 -285.21 3873.5 91.001 -236.02 3929 42.064
2.8417 -264.82 3888.5 87.862 -285.58 3886.1 90.869 -236.35 3941.9 41.847
2.85 -265.63 3901.4 88.275 -285.77 3898.9 90.688 -236.71 3954.8 41.681
2.8583 -266.4 3913.9 88.618 -285.79 3911.6 90.457 -237.09 3967.5 41.563
2.8667 -267.16 3926.1 88.862 -285.62 3924.5 90.174 -237.46 3980.3 41.489
2.875 -267.9 3938 88.992 -285.28 3937.3 89.84 -237.76 3992.9 41.449
2.8833 -268.62 3949.6 89.004 -284.76 3950.1 89.46 -237.95 4005.4 41.434
2.8917 -269.28 3960.9 88.902 -284.1 3962.8 89.036 -237.98 4017.8 41.43
2.9 -269.86 3972.1 88.701 -283.29 3975.4 88.574 -237.8 4030.1 41.424
2.9083 -270.31 3983.2 88.418 -282.36 3987.9 88.081 -237.36 4042.4 41.404
2.9167 -270.6 3994.1 88.079 -281.32 4000.2 87.561 -236.64 4054.5 41.358
2.925 -270.65 4004.9 87.708 -280.2 4012.3 87.02 -235.61 4066.6 41.278
2.9333 -270.46 4015.6 87.33 -278.99 4024.2 86.461 -234.27 4078.5 41.156
2.9417 -270 4026.3 86.965 -277.71 4035.8 85.886 -232.61 4090.4 40.988
2.95 -269.28 4036.8 86.63 -276.37 4047.3 85.296 -230.66 4102.1 40.773
2.9583 -268.28 4047.2 86.337 -274.95 4058.6 84.69 -228.43 4113.7 40.511
2.9667 -267.05 4057.6 86.089 -273.47 4069.7 84.067 -225.97 4125.3 40.205
2.975 -265.59 4067.8 85.886 -271.92 4080.8 83.425 -223.3 4136.6 39.858
2.9833 -263.96 4078 85.723 -270.28 4091.8 82.762 -220.47 4147.9 39.474
2.9917 -262.16 4088.1 85.591 -268.56 4102.8 82.076 -217.5 4158.9 39.056
3 -260.26 4098.1 85.484 -266.75 4113.9 81.37 -214.44 4169.8 38.61
3.0083 -258.3 4108.1 85.391 -264.84 4124.9 80.645 -211.29 4180.6 38.139
3.0167 -256.32 4118.1 85.305 -262.84 4136.1 79.909 -208.09 4191.2 37.647
3.025 -254.35 4128 85.222 -260.74 4147.3 79.168 -204.85 4201.6 37.135
3.0333 -252.42 4137.9 85.136 -258.55 4158.5 78.431 -201.55 4211.9 36.607
3.0417 -250.55 4147.8 85.047 -256.27 4169.7 77.71 -198.22 4222.1 36.065
3.05 -248.73 4157.6 84.957 -253.91 4181 77.018 -194.83 4232.1 35.511
3.0583 -246.95 4167.5 84.868 -251.47 4192.2 76.362 -191.4 4242.1 34.944
3.0667 -245.19 4177.3 84.784 -248.94 4203.4 75.756 -187.9 4252 34.368
3.075 -243.44 4187.1 84.709 -246.35 4214.6 75.204 -184.33 4261.9 33.782
3.0833 -241.67 4196.9 84.648 -243.67 4225.7 74.711 -180.7 4271.7 33.188
3.0917 -239.85 4206.7 84.603 -240.93 4236.7 74.279 -176.98 4281.4 32.585
3.1 -237.96 4216.5 84.574 -238.1 4247.7 73.904 -173.18 4291.2 31.974
3.1083 -235.99 4226.4 84.562 -235.19 4258.6 73.581 -169.29 4300.9 31.358
3.1167 -233.9 4236.4 84.562 -232.2 4269.4 73.303 -165.31 4310.6 30.738
3.125 -231.67 4246.5 84.57 -229.11 4280.2 73.061 -161.25 4320.3 30.116
3.1333 -229.3 4256.7 84.581 -225.93 4291.1 72.847 -157.09 4330 29.498
3.1417 -226.76 4267 84.587 -222.64 4301.9 72.653 -152.85 4339.6 28.888
3.15 -224.04 4277.4 84.584 -219.25 4312.7 72.472 -148.51 4349.2 28.291
3.1583 -221.13 4288 84.572 -215.73 4323.5 72.301 -144.09 4358.9 27.711
3.1667 -218.02 4298.7 84.552 -212.09 4334.3 72.139 -139.58 4368.5 27.153
3.175 -214.69 4309.5 84.528 -208.32 4345.1 71.986 -134.99 4378.1 26.621
3.1833 -211.15 4320.6 84.506 -204.41 4355.9 71.846 -130.31 4387.8 26.117
3.1917 -207.42 4331.7 84.49 -200.36 4366.7 71.722 -125.55 4397.4 25.64
3.2 -203.55 4343 84.481 -196.16 4377.5 71.618 -120.7 4407 25.19
3.2083 -199.57 4354.4 84.477 -191.82 4388.2 71.535 -115.77 4416.6 24.764
3.2167 -195.54 4365.9 84.473 -187.31 4398.8 71.476 -110.75 4426.1 24.357
3.225 -191.48 4377.4 84.463 -182.65 4409.5 71.437 -105.63 4435.7 23.964
3.2333 -187.41 4389 84.444 -177.82 4420 71.416 -100.42 4445.2 23.58
3.2417 -183.31 4400.6 84.412 -172.83 4430.6 71.404 -95.101 4454.6 23.199
3.25 -179.2 4412.3 84.363 -167.67 4441.1 71.393 -89.661 4464 22.818
3.2583 -175.06 4424 84.298 -162.35 4451.6 71.374 -84.09 4473.3 22.433
3.2667 -170.88 4435.9 84.215 -156.86 4462 71.336 -78.379 4482.6 22.043
3.275 -166.63 4447.9 84.107 -151.21 4472.4 71.271 -72.515 4491.8 21.649
3.2833 -162.3 4460.1 83.969 -145.41 4482.8 71.17 -66.492 4501 21.252
3.2917 -157.84 4472.4 83.787 -139.46 4493.2 71.03 -60.304 4510.2 20.855
3.3 -153.22 4484.9 83.548 -133.39 4503.5 70.848 -53.949 4519.4 20.461
3.3083 -148.42 4497.4 83.235 -127.2 4513.8 70.626 -47.432 4528.5 20.073
3.3167 -143.41 4509.9 82.837 -120.93 4524 70.367 -40.761 4537.7 19.692
3.325 -138.2 4522.3 82.348 -114.59 4534.2 70.077 -33.948 4546.8 19.319
3.3333 -132.79 4534.6 81.763 -108.22 4544.3 69.761 -27.011 4555.9 18.953
3.3417 -127.2 4546.6 81.091 -101.83 4554.4 69.427 -19.971 4565 18.591
3.35 -121.45 4558.4 80.343 -95.474 4564.3 69.08 -12.855 4574.1 18.229
3.3583 -115.57 4569.9 79.531 -89.166 4574.3 68.722 -5.6878 4583.1 17.86
3.3667 -109.58 4581 78.672 -82.938 4584.1 68.358 1.501 4592 17.481
3.375 -103.5 4591.7 77.78 -76.815 4593.9 67.986 8.6829 4600.9 17.084
3.3833 -97.359 4602.1 76.871 -70.817 4603.7 67.605 15.83 4609.6 16.665
3.3917 -91.182 4612.2 75.958 -64.959 4613.3 67.211 22.915 4618.2 16.221
3.4 -84.983 4622 75.046 -59.252 4622.9 66.801 29.915 4626.6 15.75
3.4083 -78.762 4631.6 74.141 -53.698 4632.4 66.371 36.808 4635 15.253
3.4167 -72.504 4641 73.241 -48.293 4641.7 65.918 43.578 4643.2 14.732
3.425 -66.192 4650.3 72.346 -43.03 4651 65.439 50.212 4651.3 14.191
3.4333 -59.81 4659.6 71.451 -37.895 4660 64.934 56.701 4659.4 13.633
3.4417 -53.352 4668.7 70.554 -32.868 4668.9 64.402 63.041 4667.3 13.064
3.45 -46.816 4677.8 69.65 -27.928 4677.5 63.846 69.233 4675.3 12.489
3.4583 -40.218 4686.9 68.736 -23.052 4686 63.269 75.279 4683.2 11.911
3.4667 -33.577 4695.9 67.805 -18.215 4694.3 62.674 81.187 4691 11.334
3.475 -26.922 4704.8 66.856 -13.392 4702.4 62.064 86.965 4698.9 10.759
3.4833 -20.286 4713.5 65.886 -8.5588 4710.3 61.443 92.623 4706.8 10.185
3.4917 -13.706 4722.2 64.893 -3.6949 4718.1 60.814 98.172 4714.6 9.6136
3.5 -7.2065 4730.7 63.877 1.218 4725.8 60.178 103.62 4722.4 9.0408
3.5083 -0.82046 4739 62.84 6.1934 4733.5 59.537 108.98 4730.1 8.4653
3.5167 5.4506 4747.1 61.782 11.241 4741.1 58.889 114.26 4737.8 7.8841
3.525 11.602 4755.1 60.706 16.365 4748.7 58.234 119.47 4745.4 7.2952
3.5333 17.649 4762.9 59.615 21.567 4756.3 57.568 124.61 4753 6.6969
3.5417 23.617 4770.6 58.512 26.841 4764 56.889 129.68 4760.4 6.0873
3.55 29.536 4778.2 57.401 32.183 4771.7 56.193 134.7 4767.7 5.4662
3.5583 35.441 4785.7 56.283 37.584 4779.5 55.478 139.67 4775 4.8324
3.5667 41.358 4793.1 55.163 43.036 4787.3 54.742 144.59 4782.1 4.1871
3.575 47.324 4800.5 54.035 48.535 4795.1 53.984 149.48 4789.2 3.5293
3.5833 53.335 4807.9 52.908 54.074 4802.9 53.204 154.34 4796.1 2.8602
3.5917 59.409 4815.2 51.772 59.652 4810.7 52.403 159.19 4803.1 2.1813
3.6 65.521 4822.6 50.631 65.268 4818.4 51.582 164.03 4809.9 1.4928
3.6083 71.663 4829.9 49.482 70.926 4826.2 50.74 168.87 4816.7 0.7969
3.6167 77.812 4837.3 48.323 76.633 4833.8 49.879 173.74 4823.5 0.095295
3.625 83.937 4844.6 47.157 82.409 4841.5 49.015 178.62 4830.3 359.39
3.6333 90.023 4852 45.988 88.233 4849.1 48.137 183.55 4837 358.68
3.6417 96.073 4859.4 44.817 94.155 4856.7 47.261 188.52 4843.8 357.97
3.65 102.07 4866.8 43.685 100.1 4864.3 46.381 193.53 4850.6 357.27
3.6583 108.03 4874.3 42.533 106.22 4871.9 45.543 198.6 4857.3 356.56
3.6667 113.95 4881.7 41.448 112.37 4879.5 44.701 203.72 4864.1 355.86
3.675 119.88 4889.2 40.408 118.61 4887.1 43.881 208.9 4870.9 355.16
3.6833 125.8 4896.8 39.445 124.91 4894.7 43.083 214.14 4877.7 354.46
3.6917 131.73 4904.3 38.566 131.28 4902.2 42.312 219.44 4884.5 353.76
3.7 137.7 4911.9 37.781 137.71 4909.8 41.57 224.79 4891.3 353.06
3.7083 143.71 4919.6 37.091 144.2 4917.3 40.867 230.21 4898 352.35
3.7167 149.79 4927.3 36.493 150.75 4924.9 40.196 235.67 4904.8 351.63
3.725 155.9 4935.1 35.986 157.38 4932.4 39.576 241.2 4911.5 350.9
3.7333 162.14 4943 35.54 164.07 4939.9 38.989 246.78 4918.2 350.17
3.7417 168.47 4950.8 35.146 170.82 4947.4 38.438 252.41 4924.9 349.42
3.75 174.91 4958.7 34.782 177.65 4955 37.923 258.1 4931.6 348.67
3.7583 181.48 4966.6 34.429 184.55 4962.5 37.439 263.84 4938.2 347.91
3.7667 188.17 4974.4 34.069 191.54 4970 36.985 269.62 4944.8 347.16
3.775 194.97 4982.2 33.687 198.61 4977.6 36.555 275.45 4951.4 346.4
3.7833 201.91 4990 33.273 205.76 4985.1 36.148 281.33 4957.9 345.65
3.7917 208.98 4997.7 32.812 212.94 4992.7 35.736 287.26 4964.4 344.89
3.8 216.19 5005.4 32.305 220.23 5000.2 35.358 293.24 4970.9 344.14
3.8083 223.55 5013.1 31.752 227.53 5007.8 34.973 299.28 4977.4 343.39
3.8167 231.04 5020.9 31.156 234.84 5015.4 34.587 305.39 4983.8 342.62
3.825 238.68 5028.7 30.53 242.16 5023 34.199 311.58 4990.2 341.86
3.8333 246.46 5036.7 29.886 249.46 5030.5 33.805 317.87 4996.6 341.07
3.8417 254.36 5044.7 29.24 256.75 5038 33.404 324.26 5002.9 340.27
3.85 262.36 5052.9 28.612 264.07 5045.6 33.005 330.76 5009.2 339.46
3.8583 270.43 5061.1 28.02 271.32 5053.1 32.552 337.4 5015.4 338.64
3.8667 278.73 5069.4 27.436 278.36 5060.5 32.131 344.14 5021.6 337.81
3.875 287 5077.7 26.923 285.7 5067.9 31.742 351.02 5027.7 336.99
3.8833 295.3 5085.9 26.451 293.03 5075.3 31.332 358.03 5033.8 336.19
3.8917 303.59 5094 26.027 300.42 5082.5 30.9 365.14 5039.9 335.4
3.9 311.83 5101.9 25.634 307.85 5089.5 30.431 372.34 5045.9 334.65
3.9083 319.98 5109.7 25.256 315.37 5096.4 29.939 379.61 5051.9 333.94
3.9167 328.01 5117.1 24.874 323 5103.2 29.424 386.93 5057.9 333.28
3.925 335.88 5124.3 24.466 330.75 5109.8 28.88 394.26 5063.9 332.66
3.9333 343.57 5131.3 24.014 338.63 5116.3 28.303 401.58 5069.8 332.07
3.9417 351.05 5137.9 23.5 346.62 5122.6 27.686 408.86 5075.6 331.52
3.95 358.32 5144.3 22.914 354.73 5128.7 27.023 416.09 5081.4 330.99
3.9583 365.37 5150.5 22.25 362.93 5134.6 26.308 423.26 5087 330.46
3.9667 372.21 5156.4 21.509 371.21 5140.4 25.537 430.36 5092.4 329.92
3.975 378.86 5162.2 20.701 379.53 5145.9 24.707 437.4 5097.7 329.35
3.9833 385.37 5167.8 19.842 387.88 5151.2 23.815 444.38 5102.7 328.75
3.9917 391.78 5173.2 18.951 396.24 5156.4 22.862 451.34 5107.4 328.1
4 398.14 5178.5 18.047 404.59 5161.4 21.85 458.29 5111.9 327.41
4.0083 404.49 5183.5 17.153 412.91 5166.2 20.779 465.25 5116.1 326.66
4.0167 410.87 5188.3 16.284 421.2 5170.8 19.654 472.25 5119.9 325.87
4.025 417.3 5192.8 15.453 429.45 5175.3 18.479 479.31 5123.5 325.05
4.0333 423.78 5196.8 14.667 437.65 5179.6 17.257 486.45 5126.8 324.2
4.0417 430.29 5200.5 13.927 445.81 5183.7 15.993 493.68 5129.8 323.34
4.05 436.81 5203.9 13.228 453.93 5187.6 14.692 501.01 5132.5 322.48
4.0583 443.3 5206.9 12.565 462 5191.2 13.359 508.43 5135 321.63
4.0667 449.75 5209.6 11.925 470.03 5194.7 11.999 515.93 5137.3 320.8
4.075 456.13 5212.1 11.299 478.01 5198 10.619 523.5 5139.4 319.99
4.0833 462.45 5214.3 10.674 485.94 5201 9.2239 531.12 5141.2 319.2
4.0917 468.69 5216.5 10.042 493.81 5203.8 7.8251 538.77 5142.9 318.43
4.1 474.88 5218.4 9.3925 501.63 5206.3 6.4277 546.42 5144.3 317.67
4.1083 481.01 5220.2 8.7204 509.38 5208.7 5.0412 554.05 5145.6 316.92
4.1167 487.11 5222 8.0242 517.07 5210.8 3.6745 561.65 5146.7 316.18
4.125 493.18 5223.7 7.3047 524.7 5212.6 2.3353 569.2 5147.6 315.44
4.1333 499.25 5225.4 6.5646 532.27 5214.3 1.0299 576.68 5148.3 314.69
4.1417 505.32 5227.1 5.8099 539.79 5215.8 359.77 584.09 5148.9 313.94
4.15 511.42 5228.8 5.0463 547.25 5217 358.55 591.41 5149.2 313.18
4.1583 517.53 5230.6 4.2794 554.68 5218.1 357.38 598.64 5149.5 312.42
4.1667 523.69 5232.3 3.5163 562.07 5219 356.25 605.78 5149.5 311.65
4.175 529.88 5233.9 2.7626 569.43 5219.7 355.17 612.82 5149.4 310.88
4.1833 536.11 5235.5 2.0229 576.79 5220.3 354.14 619.76 5149.2 310.12
4.1917 542.38 5237.1 1.3018 584.13 5220.6 353.14 626.59 5148.8 309.35
4.2 548.7 5238.6 0.60154 591.46 5220.8 352.18 633.32 5148.3 308.58
4.2083 555.07 5240 359.92 598.8 5220.7 351.25 639.95 5147.6 307.82
4.2167 561.5 5241.3 359.26 606.12 5220.5 350.35 646.46 5146.8 307.05
4.225 567.99 5242.5 358.62 613.45 5220.1 349.48 652.87 5145.7 306.28
4.2333 574.55 5243.6 358 620.77 5219.6 348.63 659.19 5144.6 305.51
4.2417 581.17 5244.6 357.4 628.08 5218.8 347.8 665.41 5143.2 304.75
4.25 587.87 5245.4 356.81 635.38 5217.9 347 671.54 5141.6 303.98
4.2583 594.65 5245.9 356.24 642.65 5216.8 346.23 677.59 5139.9 303.23
4.2667 601.5 5246.3 355.68 649.91 5215.6 345.48 683.57 5138 302.48
4.275 608.42 5246.3 355.14 657.14 5214.2 344.75 689.49 5136 301.75
4.2833 615.43 5246.1 354.62 664.34 5212.6 344.06 695.35 5133.7 301.05
4.2917 622.51 5245.6 354.12 671.51 5210.9 343.38 701.15 5131.4 300.36
4.3 629.67 5244.8 353.65 678.65 5209 342.74 706.89 5128.8 299.7
4.3083 636.92 5243.8 353.21 685.75 5206.9 342.12 712.56 5126.2 299.06
4.3167 644.27 5242.6 352.78 692.8 5204.7 341.52 718.16 5123.4 298.44
4.325 651.73 5241.1 352.39 699.82 5202.3 340.94 723.68 5120.5 297.82
4.3333 659.3 5239.6 352.02 706.79 5199.6 340.38 729.11 5117.4 297.21
4.3417 667 5237.9 351.65 713.7 5196.8 339.85 734.44 5114.1 296.59
4.35 674.83 5236.1 351.29 720.56 5193.8 339.33 739.68 5110.6 295.96
4.3583 682.79 5234.3 350.93 727.38 5190.7 338.82 744.83 5107 295.31
4.3667 690.89 5232.4 350.56 734.13 5187.3 338.34 749.89 5103.1 294.63
4.375 699.1 5230.4 350.16 740.84 5183.8 337.87 754.89 5099 293.93
4.3833 707.41 5228.3 349.73 747.51 5180.1 337.41 759.84 5094.6 293.21
4.3917 715.78 5226.1 349.26 754.14 5176.3 336.96 764.76 5090 292.48
4.4 724.18 5223.7 348.73 760.74 5172.3 336.51 769.69 5085.2 291.73
4.4083 732.55 5221 348.13 767.33 5168.2 336.05 774.64 5080.2 290.99
4.4167 740.84 5218.1 347.45 773.9 5164 335.58 779.62 5075 290.25
4.425 749.02 5214.9 346.69 780.48 5159.6 335.08 784.66 5069.7 289.53
4.4333 757.03 5211.2 345.85 787.07 5155.1 334.55 789.75 5064.2 288.84
4.4417 764.83 5207.2 344.94 793.66 5150.6 333.96 794.89 5058.7 288.17
4.45 772.41 5202.9 343.96 800.27 5145.9 333.33 800.08 5053.2 287.53
4.4583 779.71 5198.2 342.93 806.87 5141.1 332.63 805.29 5047.7 286.92
4.4667 786.75 5193.2 341.87 813.47 5136.2 331.87 810.5 5042.2 286.33
4.475 793.5 5188.1 340.79 820.05 5131.3 331.06 815.68 5036.8 285.75
4.4833 799.99 5182.8 339.7 826.59 5126.4 330.19 820.82 5031.5 285.18
4.4917 806.22 5177.6 338.62 833.06 5121.4 329.28 825.9 5026.3 284.61
4.5 812.25 5172.4 337.55 839.44 5116.5 328.34 830.89 5021.2 284.04
4.5083 818.11 5167.4 336.49 845.7 5111.5 327.38 835.8 5016.3 283.45
4.5167 823.86 5162.6 335.43 851.81 5106.6 326.43 840.62 5011.4 282.86
4.525 829.54 5158 334.37 857.75 5101.8 325.48 845.37 5006.7 282.27
4.5333 835.18 5153.6 333.29 863.51 5097 324.54 850.05 5002 281.67
4.5417 840.81 5149.2 332.17 869.07 5092.3 323.63 854.69 4997.4 281.07
4.55 846.43 5145 331.01 874.45 5087.6 322.73 859.29 4992.9 280.49
4.5583 852.05 5140.7 329.79 879.66 5083 321.84 863.88 4988.4 279.92
4.5667 857.65 5136.4 328.51 884.7 5078.4 320.94 868.47 4984 279.38
4.575 863.21 5131.9 327.17 889.59 5073.8 320.03 873.06 4979.5 278.86
4.5833 868.72 5127.3 325.75 894.37 5069.2 319.09 877.66 4975 278.38
4.5917 874.14 5122.5 324.28 899.03 5064.5 318.11 882.25 4970.4 277.93
4.6 879.45 5117.4 322.75 903.61 5059.8 317.09 886.84 4965.8 277.52
4.6083 884.64 5112.2 321.17 908.12 5055 316.03 891.4 4961.1 277.13
4.6167 889.69 5106.9 319.56 912.57 5050.1 314.94 895.93 4956.3 276.76
4.625 894.59 5101.4 317.93 916.97 5045.1 313.81 900.39 4951.3 276.42
4.6333 899.35 5095.8 316.29 921.32 5039.9 312.65 904.77 4946.3 276.08
4.6417 903.96 5090.3 314.65 925.63 5034.6 311.5 909.07 4941.1 275.76
4.65 908.46 5084.7 313.01 929.92 5029.3 310.34 913.28 4935.9 275.44
4.6583 912.84 5079.2 311.38 934.17 5023.8 309.21 917.38 4930.5 275.13
4.6667 917.14 5073.7 309.76 938.37 5018.2 308.1 921.39 4925 274.82
4.675 921.37 5068.3 308.15 942.54 5012.5 307.02 925.31 4919.5 274.51
4.6833 925.57 5063 306.56 946.66 5006.7 305.98 929.14 4913.8 274.21
4.6917 929.73 5057.7 304.98 950.75 5000.9 304.97 932.9 4908.1 273.91
4.7 933.88 5052.5 303.42 954.79 4995 303.97 936.59 4902.3 273.62
4.7083 938.02 5047.3 301.88 958.8 4988.9 303 940.23 4896.4 273.33
4.7167 942.15 5042 300.36 962.78 4982.8 302.03 943.84 4890.4 273.05
4.725 946.27 5036.7 298.86 966.72 4976.5 301.05 947.41 4884.3 272.78
4.7333 950.36 5031.3 297.39 970.64 4970.2 300.07 950.95 4878.1 272.51
4.7417 954.43 5025.9 295.96 974.52 4963.7 299.08 954.48 4871.7 272.24
4.75 958.47 5020.5 294.58 978.37 4957 298.08 958 4865.2 271.96
4.7583 962.47 5015 293.24 982.2 4950.2 297.08 961.52 4858.5 271.69
4.7667 966.43 5009.5 291.96 985.98 4943.3 296.08 965.03 4851.7 271.42
4.775 970.37 5003.9 290.75 989.72 4936.1 295.09 968.54 4844.7 271.15
4.7833 974.27 4998.4 289.61 993.43 4928.9 294.13 972.06 4837.6 270.88
4.7917 978.17 4992.9 288.53 997.09 4921.5 293.19 975.59 4830.3 270.63
4.8 982.08 4987.3 287.53 1000.7 4913.9 292.3 979.12 4822.9 270.38
4.8083 986 4981.7 286.61 1004.3 4906.2 291.45 982.66 4815.3 270.15
4.8167 989.97 4976.1 285.75 1007.9 4898.4 290.64 986.2 4807.6 269.94
4.825 993.97 4970.4 284.97 1011.4 4890.5 289.88 989.75 4799.8 269.75
4.8333 998.02 4964.7 284.26 1014.9 4882.5 289.16 993.29 4791.9 269.59
4.8417 1002.1 4958.8 283.61 1018.4 4874.3 288.47 996.83 4783.9 269.46
4.85 1006.2 4952.8 283.01 1021.8 4866 287.82 1000.4 4775.9 269.34
4.8583 1010.4 4946.7 282.45 1025.3 4857.5 287.2 1003.9 4767.7 269.25
4.8667 1014.5 4940.3 281.94 1028.7 4848.9 286.6 1007.4 4759.5 269.17
4.875 1018.5 4933.8 281.44 1032.2 4840.2 286.01 1010.9 4751.2 269.09
4.8833 1022.5 4927.1 280.96 1035.6 4831.3 285.44 1014.3 4742.8 269.01
4.8917 1026.5 4920.3 280.47 1039.1 4822.3 284.89 1017.8 4734.4 268.92
4.9 1030.3 4913.2 279.98 1042.5 4813.1 284.35 1021.2 4725.8 268.81
4.9083 1034.1 4905.9 279.47 1045.9 4803.8 283.82 1024.7 4717.3 268.7
4.9167 1037.9 4898.5 278.94 1049.4 4794.4 283.32 1028.2 4708.7 268.56
4.925 1041.6 4890.8 278.38 1052.8 4784.8 282.84 1031.7 4700 268.42
4.9333 1045.2 4882.8 277.8 1056.3 4775.2 282.39 1035.2 4691.4 268.27
4.9417 1048.8 4874.7 277.19 1059.8 4765.5 281.96 1038.8 4682.7 268.11
4.95 1052.4 4866.2 276.57 1063.4 4755.7 281.56 1042.5 4673.9 267.96
4.9583 1055.9 4857.5 275.93 1067 4745.8 281.19 1046.2 4665.1 267.82
4.9667 1059.4 4848.4 275.28 1070.7 4735.9 280.85 1050 4656.3 267.69
4.975 1062.7 4839 274.64 1074.4 4725.9 280.53 1053.8 4647.4 267.58
4.9833 1066 4829.2 274.01 1078.2 4715.9 280.24 1057.7 4638.4 267.49
4.9917 1069.2 4819.1 273.41 1082.1 4705.8 279.97 1061.6 4629.2 267.41
5 1072.3 4808.7 272.84 1086 4695.7 279.73 1065.6 4620 267.34
5.0083 1075.2 4797.9 272.32 1090 4685.4 279.52 1069.6 4610.7 267.27
5.0167 1078.1 4786.8 271.85 1094 4675.1 279.33 1073.6 4601.2 267.2
5.025 1080.8 4775.5 271.44 1098.1 4664.6 279.15 1077.6 4591.7 267.12
5.0333 1083.3 4764 271.09 1102.1 4654 279 1081.6 4582.1 267.03
5.0417 1085.7 4752.4 270.82 1106.1 4643.4 278.87 1085.6 4572.4 266.92
5.05 1088 4740.6 270.62 1110 4632.6 278.75 1089.6 4562.7 266.79
5.0583 1090.1 4728.8 270.49 1113.8 4621.7 278.64 1093.6 4553.1 266.65
5.0667 1092.2 4717.1 270.42 1117.5 4610.8 278.54 1097.6 4543.5 266.51
5.075 1094.3 4705.3 270.41 1121 4599.8 278.44 1101.5 4534 266.37
5.0833 1096.4 4693.7 270.44 1124.4 4588.9 278.33 1105.4 4524.5 266.24
5.0917 1098.6 4682.2 270.5 1127.6 4578.1 278.2 1109.1 4515.2 266.14
5.1 1100.9 4670.9 270.57 1130.6 4567.4 278.06 1112.8 4505.9 266.06
5.1083 1103.3 4659.8 270.65 1133.5 4556.8 277.89 1116.4 4496.8 266.02
5.1167 1105.9 4648.8 270.73 1136.2 4546.5 277.69 1119.8 4487.7 266.02
5.125 1108.7 4638 270.82 1138.7 4536.3 277.47 1123 4478.6 266.04
5.1333 1111.7 4627.3 270.89 1141 4526.4 277.22 1126.1 4469.6 266.09
5.1417 1114.8 4616.7 270.97 1143.2 4516.8 276.93 1128.9 4460.6 266.15
5.15 1118 4606.2 271.03 1145.3 4507.3 276.63 1131.5 4451.6 266.2
5.1583 1121.3 4595.8 271.09 1147.2 4498.1 276.3 1133.9 4442.6 266.25
5.1667 1124.7 4585.4 271.15 1149.1 4489 275.96 1136.1 4433.5 266.27
5.175 1128.1 4575 271.22 1150.8 4480.1 275.62 1138 4424.5 266.27
5.1833 1131.4 4564.7 271.3 1152.5 4471.3 275.27 1139.7 4415.4 266.23
5.1917 1134.5 4554.4 271.39 1154.1 4462.5 274.92 1141.2 4406.3 266.15
5.2 1137.5 4544.1 271.49 1155.6 4453.8 274.57 1142.6 4397.3 266.05
5.2083 1140.2 4533.9 271.6 1157.1 4445 274.22 1143.8 4388.3 265.93
5.2167 1142.7 4523.8 271.73 1158.5 4436.3 273.88 1145 4379.3 265.8
5.225 1144.9 4513.7 271.86 1159.9 4427.5 273.53 1146 4370.4 265.68
5.2333 1146.8 4503.7 272.01 1161.2 4418.6 273.18 1147 4361.5 265.57
5.2417 1148.5 4493.7 272.16 1162.5 4409.7 272.82 1148 4352.6 265.49
5.25 1150 4483.8 272.32 1163.7 4400.7 272.45 1148.9 4343.7 265.43
5.2583 1151.2 4473.9 272.47 1164.8 4391.6 272.05 1149.7 4334.9 265.41
5.2667 1152.3 4464.1 272.63 1166 4382.5 271.64 1150.6 4326.1 265.41
5.275 1153.3 4454.2 272.78 1167.1 4373.3 271.21 1151.4 4317.2 265.42
5.2833 1154.2 4444.4 272.93 1168.1 4364 270.76 1152.2 4308.4 265.43
5.2917 1155 4434.6 273.07 1169.1 4354.7 270.3 1152.9 4299.5 265.44
5.3 1155.8 4424.8 273.2 1170 4345.4 269.84 1153.6 4290.6 265.43
5.3083 1156.5 4414.9 273.34 1171 4336 269.38 1154.1 4281.6 265.38
5.3167 1157.1 4405 273.48 1171.8 4326.6 268.94 1154.6 4272.7 265.3
5.325 1157.7 4395.1 273.62 1172.7 4317.2 268.52 1155.1 4263.7 265.17
