0.0083333 -32.349 2.3713 99.866 -54.881 121.34 89.651 -18.64 222.43 80.007
0.016667 -31.903 9.05 99.899 -54.763 129.49 89.675 -17.945 230.56 79.874
0.025 -31.423 15.925 99.932 -54.61 137.82 89.681 -17.206 238.71 79.731
0.033333 -30.907 23.025 99.963 -54.414 146.34 89.662 -16.423 246.88 79.581
0.041667 -30.352 30.376 99.992 -54.166 155.07 89.612 -15.599 255.11 79.428
0.05 -29.763 38.005 100.02 -53.855 164.02 89.528 -14.737 263.42 79.274
0.058333 -29.149 45.936 100.03 -53.468 173.19 89.407 -13.837 271.83 79.123
0.066667 -28.523 54.188 100.04 -52.996 182.58 89.249 -12.9 280.37 78.979
0.075 -27.906 62.78 100.04 -52.426 192.19 89.058 -11.924 289.06 78.843
0.083333 -27.32 71.722 100.02 -51.752 202.01 88.834 -10.905 297.92 78.719
0.091667 -26.79 81.019 99.996 -50.969 212.03 88.58 -9.8385 306.98 78.605
0.1 -26.337 90.677 99.963 -50.074 222.24 88.308 -8.7207 316.23 78.503
0.10833 -25.977 100.69 99.924 -49.07 232.62 88.025 -7.5469 325.68 78.41
0.11667 -25.723 111.05 99.884 -47.968 243.17 87.73 -6.3147 335.34 78.326
0.125 -25.572 121.73 99.842 -46.777 253.85 87.436 -5.0255 345.19 78.248
0.13333 -25.514 132.72 99.799 -45.515 264.65 87.145 -3.6838 355.21 78.173
0.14167 -25.53 143.98 99.753 -44.203 275.55 86.863 -2.2993 365.39 78.1
0.15 -25.592 155.48 99.7 -42.861 286.52 86.592 -0.88671 375.69 78.027
0.15833 -25.665 167.17 99.637 -41.514 297.53 86.337 0.53392 386.09 77.953
0.16667 -25.709 179.01 99.558 -40.186 308.56 86.1 1.939 396.54 77.876
0.175 -25.685 190.95 99.456 -38.899 319.57 85.885 3.3007 407.01 77.797
0.18333 -25.555 202.95 99.325 -37.672 330.52 85.696 4.5903 417.46 77.717
0.19167 -25.292 214.96 99.159 -36.525 341.39 85.539 5.7774 427.87 77.638
0.2 -24.881 226.94 98.95 -35.471 352.14 85.417 6.8338 438.2 77.561
0.20833 -24.321 238.87 98.697 -34.52 362.73 85.337 7.7339 448.44 77.49
0.21667 -23.628 250.72 98.396 -33.679 373.16 85.301 8.4556 458.57 77.428
0.225 -22.831 262.47 98.048 -32.952 383.4 85.314 8.9824 468.59 77.377
0.23333 -21.964 274.11 97.655 -32.337 393.45 85.376 9.304 478.51 77.341
0.24167 -21.059 285.64 97.222 -31.831 403.32 85.486 9.4156 488.32 77.321
0.25 -20.147 297.09 96.753 -31.428 413.02 85.642 9.3185 498.06 77.322
0.25833 -19.25 308.47 96.259 -31.119 422.57 85.837 9.0197 507.75 77.344
0.26667 -18.388 319.77 95.75 -30.896 432 86.065 8.5309 517.39 77.388
0.275 -17.576 331.02 95.241 -30.749 441.35 86.318 7.8672 527.04 77.454
0.28333 -16.82 342.2 94.747 -30.667 450.64 86.59 7.0468 536.7 77.542
0.29167 -16.124 353.31 94.282 -30.644 459.91 86.874 6.0885 546.4 77.651
0.3 -15.484 364.35 93.859 -30.671 469.19 87.165 5.0119 556.15 77.778
0.30833 -14.893 375.32 93.487 -30.743 478.49 87.459 3.8356 565.98 77.923
0.31667 -14.342 386.21 93.171 -30.854 487.83 87.755 2.5767 575.88 78.081
0.325 -13.824 397.03 92.909 -31.002 497.23 88.052 1.2496 585.86 78.25
0.33333 -13.333 407.79 92.699 -31.185 506.69 88.352 -0.13326 595.93 78.426
0.34167 -12.863 418.51 92.532 -31.399 516.21 88.657 -1.5627 606.06 78.608
0.35 -12.413 429.2 92.396 -31.643 525.78 88.968 -3.0321 616.26 78.793
0.35833 -11.982 439.89 92.278 -31.914 535.41 89.287 -4.5369 626.5 78.977
0.36667 -11.568 450.59 92.166 -32.21 545.09 89.615 -6.0745 636.78 79.161
0.375 -11.174 461.32 92.046 -32.529 554.81 89.953 -7.6438 647.06 79.342
0.38333 -10.796 472.09 91.911 -32.869 564.58 90.297 -9.2439 657.35 79.519
0.39167 -10.436 482.91 91.754 -33.228 574.39 90.646 -10.874 667.61 79.693
0.4 -10.089 493.79 91.572 -33.605 584.24 90.995 -12.534 677.84 79.863
0.40833 -9.7568 504.73 91.368 -34 594.15 91.339 -14.219 688.02 80.03
0.41667 -9.4384 515.71 91.145 -34.413 604.12 91.674 -15.926 698.15 80.194
0.425 -9.1377 526.74 90.909 -34.845 614.15 91.995 -17.65 708.23 80.356
0.43333 -8.861 537.81 90.667 -35.297 624.25 92.298 -19.382 718.25 80.517
0.44167 -8.6181 548.9 90.428 -35.771 634.43 92.581 -21.115 728.23 80.678
0.45 -8.4205 560.01 90.2 -36.266 644.69 92.843 -22.837 738.18 80.84
0.45833 -8.2815 571.14 89.991 -36.784 655.04 93.085 -24.538 748.1 81.001
0.46667 -8.2123 582.27 89.807 -37.324 665.48 93.307 -26.205 758.02 81.162
0.475 -8.2225 593.4 89.655 -37.885 676 93.513 -27.83 767.95 81.321
0.48333 -8.3173 604.54 89.537 -38.466 686.61 93.704 -29.4 777.92 81.478
0.49167 -8.4998 615.7 89.452 -39.065 697.32 93.883 -30.909 787.92 81.629
0.5 -8.7691 626.89 89.397 -39.681 708.11 94.051 -32.349 797.99 81.771
0.50833 -9.1202 638.14 89.363 -40.311 718.98 94.21 -33.718 808.13 81.903
0.51667 -9.5374 649.47 89.34 -40.955 729.96 94.36 -35.015 818.34 82.02
0.525 -10.007 660.93 89.313 -41.612 741.02 94.501 -36.241 828.65 82.119
0.53333 -10.509 672.53 89.27 -42.279 752.19 94.635 -37.402 839.06 82.198
0.54167 -11.031 684.29 89.199 -42.959 763.48 94.761 -38.505 849.57 82.255
0.55 -11.563 696.23 89.096 -43.654 774.88 94.881 -39.558 860.19 82.289
0.55833 -12.108 708.34 88.96 -44.366 786.42 94.998 -40.573 870.92 82.3
0.56667 -12.675 720.6 88.799 -45.102 798.09 95.112 -41.561 881.79 82.29
0.575 -13.284 732.98 88.622 -45.868 809.91 95.228 -42.534 892.8 82.26
0.58333 -13.952 745.48 88.438 -46.672 821.88 95.348 -43.501 903.97 82.214
0.59167 -14.695 758.11 88.256 -47.521 833.99 95.474 -44.473 915.3 82.154
0.6 -15.525 770.89 88.083 -48.423 846.24 95.607 -45.458 926.82 82.084
0.60833 -16.445 783.84 87.925 -49.386 858.63 95.749 -46.462 938.54 82.006
0.61667 -17.458 797.01 87.786 -50.413 871.16 95.9 -47.489 950.46 81.922
0.625 -18.557 810.44 87.67 -51.508 883.81 96.057 -48.542 962.58 81.832
0.63333 -19.734 824.18 87.582 -52.672 896.58 96.219 -49.622 974.91 81.734
0.64167 -20.971 838.24 87.523 -53.901 909.47 96.382 -50.728 987.42 81.628
0.65 -22.254 852.64 87.5 -55.191 922.48 96.543 -51.858 1000.1 81.509
0.65833 -23.56 867.35 87.517 -56.531 935.6 96.696 -53.008 1013 81.374
0.66667 -24.875 882.34 87.581 -57.91 948.84 96.838 -54.176 1025.9 81.218
0.675 -26.186 897.53 87.698 -59.313 962.19 96.965 -55.357 1039 81.039
0.68333 -27.49 912.85 87.872 -60.722 975.65 97.072 -56.545 1052.1 80.834
0.69167 -28.785 928.21 88.108 -62.118 989.21 97.157 -57.734 1065.2 80.602
0.7 -30.078 943.52 88.402 -63.479 1002.9 97.216 -58.919 1078.4 80.346
0.70833 -31.373 958.7 88.749 -64.785 1016.6 97.248 -60.09 1091.5 80.069
0.71667 -32.678 973.66 89.138 -66.015 1030.3 97.251 -61.237 1104.6 79.776
0.725 -33.994 988.36 89.553 -67.149 1044.1 97.223 -62.348 1117.7 79.476
0.73333 -35.327 1002.7 89.974 -68.171 1057.8 97.161 -63.41 1130.8 79.176
0.74167 -36.672 1016.8 90.377 -69.068 1071.5 97.066 -64.404 1143.8 78.883
0.75 -38.026 1030.4 90.741 -69.832 1085.1 96.935 -65.314 1156.9 78.605
0.75833 -39.383 1043.7 91.049 -70.459 1098.6 96.767 -66.119 1170 78.347
0.76667 -40.738 1056.8 91.295 -70.95 1111.9 96.564 -66.798 1183.1 78.112
0.775 -42.083 1069.5 91.48 -71.311 1125 96.325 -67.331 1196.2 77.901
0.78333 -43.414 1082.1 91.609 -71.551 1138 96.051 -67.699 1209.4 77.71
0.79167 -44.722 1094.6 91.69 -71.683 1150.8 95.743 -67.886 1222.7 77.533
0.8 -45.989 1107 91.73 -71.724 1163.4 95.403 -67.876 1236.1 77.363
0.80833 -47.197 1119.4 91.741 -71.689 1175.8 95.034 -67.663 1249.4 77.191
0.81667 -48.325 1131.7 91.731 -71.594 1188.2 94.639 -67.242 1262.9 77.006
0.825 -49.341 1143.9 91.713 -71.454 1200.4 94.222 -66.616 1276.4 76.8
0.83333 -50.224 1156.1 91.696 -71.28 1212.5 93.785 -65.791 1289.9 76.567
0.84167 -50.95 1168.3 91.691 -71.081 1224.6 93.332 -64.781 1303.3 76.301
0.85 -51.505 1180.4 91.707 -70.865 1236.7 92.866 -63.601 1316.8 76
0.85833 -51.885 1192.4 91.749 -70.632 1248.7 92.391 -62.272 1330.2 75.666
0.86667 -52.101 1204.4 91.823 -70.384 1260.7 91.906 -60.815 1343.6 75.302
0.875 -52.174 1216.3 91.931 -70.119 1272.8 91.415 -59.25 1357 74.915
0.88333 -52.135 1228.1 92.075 -69.834 1284.8 90.918 -57.599 1370.3 74.511
0.89167 -52.024 1240 92.252 -69.523 1296.9 90.415 -55.879 1383.5 74.099
0.9 -51.878 1251.8 92.46 -69.182 1309 89.91 -54.105 1396.6 73.685
0.90833 -51.738 1263.7 92.692 -68.807 1321.1 89.404 -52.289 1409.6 73.274
0.91667 -51.632 1275.5 92.943 -68.394 1333.2 88.901 -50.438 1422.6 72.871
0.925 -51.582 1287.5 93.206 -67.94 1345.4 88.404 -48.559 1435.5 72.478
0.93333 -51.597 1299.5 93.471 -67.446 1357.6 87.918 -46.654 1448.4 72.095
0.94167 -51.673 1311.5 93.731 -66.912 1369.9 87.447 -44.722 1461.1 71.718
0.95 -51.794 1323.6 93.982 -66.34 1382.2 86.998 -42.764 1473.8 71.345
0.95833 -51.928 1335.7 94.217 -65.732 1394.6 86.573 -40.78 1486.4 70.972
0.96667 -52.041 1348 94.434 -65.093 1407.1 86.179 -38.77 1499 70.596
0.975 -52.094 1360.3 94.632 -64.427 1419.7 85.818 -36.734 1511.5 70.214
0.98333 -52.044 1372.7 94.809 -63.737 1432.3 85.493 -34.674 1524 69.826
0.99167 -51.864 1385.2 94.966 -63.027 1445.1 85.204 -32.592 1536.4 69.431
1 -51.527 1397.8 95.103 -62.301 1457.9 84.95 -30.49 1548.8 69.033
1.0083 -51.024 1410.5 95.222 -61.558 1470.8 84.731 -28.37 1561.2 68.635
1.0167 -50.355 1423.3 95.325 -60.799 1483.7 84.543 -26.234 1573.6 68.241
1.025 -49.532 1436.2 95.415 -60.022 1496.7 84.385 -24.08 1585.9 67.856
1.0333 -48.572 1449.3 95.497 -59.224 1509.8 84.251 -21.909 1598.4 67.483
1.0417 -47.5 1462.4 95.578 -58.397 1522.9 84.138 -19.715 1610.8 67.125
1.05 -46.341 1475.7 95.663 -57.534 1536.1 84.045 -17.494 1623.2 66.782
1.0583 -45.122 1489.1 95.76 -56.625 1549.3 83.966 -15.241 1635.7 66.454
1.0667 -43.872 1502.6 95.867 -55.658 1562.6 83.901 -12.95 1648.2 66.139
1.075 -42.607 1516.3 95.992 -54.622 1576 83.845 -10.615 1660.8 65.832
1.0833 -41.347 1529.9 96.121 -53.5 1589.5 83.798 -8.2312 1673.3 65.528
1.0917 -40.093 1543.7 96.249 -52.281 1603 83.757 -5.7947 1685.9 65.224
1.1 -38.836 1557.5 96.365 -50.951 1616.7 83.718 -3.3048 1698.5 64.916
1.1083 -37.569 1571.3 96.466 -49.497 1630.4 83.68 -0.7617 1711.1 64.603
1.1167 -36.284 1585.2 96.543 -47.91 1644.3 83.639 1.8313 1723.8 64.283
1.125 -34.979 1599.2 96.591 -46.181 1658.2 83.591 4.4701 1736.5 63.961
1.1333 -33.657 1613.3 96.606 -44.307 1672.2 83.533 7.1477 1749.3 63.641
1.1417 -32.332 1627.6 96.586 -42.289 1686.3 83.462 9.8568 1762.2 63.329
1.15 -31.02 1642.1 96.532 -40.131 1700.5 83.376 12.589 1775.1 63.034
1.1583 -29.737 1656.8 96.439 -37.844 1714.7 83.274 15.337 1788.2 62.762
1.1667 -28.493 1671.7 96.305 -35.445 1729 83.157 18.091 1801.3 62.522
1.175 -27.293 1686.7 96.127 -32.954 1743.2 83.025 20.844 1814.6 62.317
1.1833 -26.131 1701.9 95.902 -30.4 1757.5 82.882 23.588 1827.9 62.151
1.1917 -25 1717.1 95.625 -27.812 1771.7 82.731 26.316 1841.3 62.022
1.2 -23.885 1732.3 95.297 -25.224 1785.9 82.581 29.02 1854.7 61.927
1.2083 -22.758 1747.5 94.921 -22.668 1800 82.436 31.693 1868.2 61.859
1.2167 -21.587 1762.5 94.502 -20.179 1814 82.304 34.325 1881.6 61.809
1.225 -20.337 1777.3 94.047 -17.786 1828 82.191 36.91 1895.1 61.767
1.2333 -18.975 1791.8 93.564 -15.514 1841.8 82.104 39.438 1908.4 61.722
1.2417 -17.48 1806.1 93.062 -13.384 1855.5 82.046 41.898 1921.7 61.664
1.25 -15.847 1820.1 92.551 -11.406 1869.1 82.022 44.281 1934.9 61.585
1.2583 -14.077 1833.9 92.041 -9.5859 1882.5 82.031 46.578 1948.1 61.48
1.2667 -12.179 1847.4 91.538 -7.9214 1895.8 82.072 48.776 1961.1 61.347
1.275 -10.157 1860.7 91.046 -6.4029 1908.9 82.142 50.868 1974.1 61.187
1.2833 -8.0154 1873.9 90.564 -5.0155 1921.8 82.236 52.844 1987 61.003
1.2917 -5.7604 1887 90.091 -3.7394 1934.5 82.349 54.697 1999.9 60.805
1.3 -3.409 1900 89.626 -2.5527 1947.2 82.475 56.42 2012.8 60.599
1.3083 -0.9879 1913 89.169 -1.4328 1959.6 82.606 58.011 2025.7 60.395
1.3167 1.4704 1925.9 88.72 -0.35753 1972 82.739 59.467 2038.6 60.203
1.325 3.9315 1938.8 88.28 0.69128 1984.3 82.867 60.787 2051.6 60.029
1.3333 6.3619 1951.7 87.853 1.73 1996.5 82.989 61.973 2064.6 59.88
1.3417 8.7354 1964.5 87.439 2.769 2008.6 83.104 63.029 2077.7 59.759
1.35 11.032 1977.3 87.041 3.8142 2020.8 83.209 63.959 2090.7 59.669
1.3583 13.239 1990 86.661 4.8676 2033 83.306 64.771 2103.9 59.608
1.3667 15.354 2002.7 86.3 5.9288 2045.2 83.395 65.472 2117 59.572
1.375 17.38 2015.2 85.957 6.9943 2057.5 83.477 66.071 2130.1 59.559
1.3833 19.328 2027.8 85.63 8.0603 2069.9 83.555 66.58 2143.2 59.561
1.3917 21.217 2040.3 85.317 9.1229 2082.3 83.628 67.009 2156.2 59.574
1.4 23.066 2052.7 85.013 10.18 2094.8 83.697 67.37 2169.2 59.592
1.4083 24.889 2065.2 84.712 11.23 2107.4 83.76 67.673 2182.1 59.611
1.4167 26.7 2077.6 84.409 12.274 2120.1 83.818 67.93 2194.9 59.629
1.425 28.506 2090 84.096 13.316 2132.7 83.866 68.153 2207.7 59.644
1.4333 30.303 2102.4 83.769 14.359 2145.5 83.904 68.35 2220.3 59.656
1.4417 32.085 2114.8 83.422 15.409 2158.3 83.929 68.532 2232.9 59.665
1.45 33.84 2127.3 83.053 16.472 2171.1 83.939 68.708 2245.4 59.673
1.4583 35.554 2139.8 82.661 17.551 2184 83.935 68.886 2257.9 59.682
1.4667 37.214 2152.4 82.247 18.649 2196.9 83.916 69.075 2270.4 59.692
1.475 38.805 2165.1 81.817 19.767 2209.8 83.884 69.281 2282.8 59.704
1.4833 40.322 2177.8 81.379 20.905 2222.8 83.841 69.514 2295.3 59.719
1.4917 41.758 2190.6 80.942 22.059 2235.8 83.791 69.781 2307.8 59.735
1.5 43.118 2203.4 80.52 23.225 2248.9 83.738 70.087 2320.3 59.751
1.5083 44.405 2216.4 80.122 24.399 2262 83.686 70.44 2332.8 59.766
1.5167 45.635 2229.3 79.757 25.577 2275.1 83.64 70.845 2345.4 59.776
1.525 46.826 2242.3 79.43 26.754 2288.2 83.604 71.304 2358.1 59.78
1.5333 47.998 2255.4 79.141 27.929 2301.3 83.58 71.821 2370.7 59.776
1.5417 49.158 2268.5 78.885 29.103 2314.5 83.57 72.394 2383.4 59.765
1.55 50.322 2281.7 78.654 30.276 2327.7 83.577 73.022 2396.1 59.745
1.5583 51.484 2295 78.439 31.453 2340.9 83.599 73.698 2408.8 59.719
1.5667 52.657 2308.5 78.237 32.638 2354.2 83.635 74.417 2421.6 59.689
1.575 53.817 2322 78.044 33.834 2367.5 83.684 75.171 2434.4 59.658
1.5833 54.957 2335.6 77.861 35.043 2380.9 83.743 75.951 2447.2 59.629
1.5917 56.058 2349.3 77.686 36.265 2394.3 83.811 76.749 2460 59.606
1.6 57.11 2363 77.524 37.497 2407.8 83.883 77.56 2472.9 59.59
1.6083 58.106 2376.9 77.375 38.729 2421.4 83.957 78.379 2485.9 59.583
1.6167 59.066 2391 77.232 39.957 2435.1 84.033 79.204 2499 59.585
1.625 59.983 2405.2 77.104 41.163 2448.9 84.105 80.038 2512.2 59.593
1.6333 60.883 2419.6 76.989 42.34 2462.7 84.173 80.884 2525.5 59.603
1.6417 61.791 2434.3 76.892 43.47 2476.7 84.234 81.749 2538.9 59.61
1.65 62.715 2449.3 76.819 44.55 2490.6 84.286 82.641 2552.4 59.61
1.6583 63.693 2464.5 76.775 45.568 2504.7 84.33 83.567 2566 59.596
1.6667 64.736 2480 76.77 46.527 2518.7 84.364 84.534 2579.7 59.563
1.675 65.854 2495.7 76.815 47.43 2532.8 84.387 85.546 2593.4 59.509
1.6833 67.053 2511.6 76.919 48.291 2546.9 84.399 86.605 2607.2 59.43
1.6917 68.319 2527.5 77.089 49.128 2561.1 84.397 87.71 2621 59.329
1.7 69.637 2543.5 77.329 49.97 2575.2 84.381 88.857 2634.8 59.207
1.7083 70.98 2559.3 77.637 50.845 2589.4 84.349 90.041 2648.5 59.069
1.7167 72.326 2575 78.003 51.786 2603.5 84.299 91.256 2662.2 58.923
1.725 73.647 2590.4 78.411 52.828 2617.7 84.228 92.496 2675.7 58.776
1.7333 74.927 2605.5 78.839 54.001 2631.8 84.136 93.76 2689.3 58.636
1.7417 76.154 2620.3 79.26 55.329 2645.9 84.019 95.049 2702.7 58.511
1.75 77.324 2634.7 79.646 56.83 2659.9 83.875 96.37 2716.1 58.405
1.7583 78.443 2648.7 79.972 58.512 2673.9 83.704 97.735 2729.4 58.323
1.7667 79.525 2662.3 80.221 60.377 2687.8 83.505 99.164 2742.7 58.268
1.775 80.589 2675.6 80.386 62.413 2701.6 83.278 100.68 2756.1 58.238
1.7833 81.656 2688.6 80.471 64.605 2715.3 83.024 102.3 2769.4 58.231
1.7917 82.75 2701.4 80.483 66.93 2728.8 82.743 104.06 2782.8 58.243
1.8 83.894 2714 80.434 69.363 2742.2 82.439 105.98 2796.3 58.268
1.8083 85.111 2726.5 80.34 71.879 2755.4 82.114 108.08 2809.9 58.3
1.8167 86.424 2738.9 80.219 74.457 2768.5 81.769 110.37 2823.5 58.332
1.825 87.858 2751.2 80.089 77.079 2781.5 81.407 112.87 2837.1 58.36
1.8333 89.431 2763.5 79.967 79.734 2794.3 81.03 115.57 2850.8 58.38
1.8417 91.162 2775.7 79.87 82.418 2807 80.639 118.47 2864.5 58.39
1.85 93.055 2787.8 79.809 85.134 2819.6 80.234 121.56 2878.2 58.388
1.8583 95.114 2800 79.79 87.888 2832.2 79.817 124.82 2891.9 58.376
1.8667 97.313 2812 79.817 90.689 2844.8 79.385 128.22 2905.5 58.353
1.875 99.64 2824.1 79.887 93.55 2857.4 78.939 131.76 2919 58.32
1.8833 102.06 2836.1 79.998 96.478 2870 78.476 135.4 2932.4 58.279
1.8917 104.53 2848.1 80.144 99.481 2882.6 77.997 139.14 2945.6 58.227
1.9 107.03 2860 80.316 102.56 2895.3 77.501 142.97 2958.8 58.163
1.9083 109.52 2871.9 80.509 105.71 2908 76.99 146.88 2971.8 58.085
1.9167 111.99 2883.8 80.717 108.92 2920.7 76.467 150.86 2984.8 57.988
1.925 114.44 2895.7 80.934 112.19 2933.6 75.936 154.91 2997.6 57.868
1.9333 116.85 2907.5 81.156 115.49 2946.4 75.401 159.05 3010.4 57.721
1.9417 119.26 2919.4 81.38 118.82 2959.3 74.87 163.26 3023.1 57.544
1.95 121.68 2931.2 81.605 122.15 2972.2 74.351 167.56 3035.7 57.337
1.9583 124.15 2943 81.83 125.49 2985.2 73.849 171.93 3048.3 57.098
1.9667 126.7 2954.9 82.053 128.83 2998.2 73.373 176.39 3060.9 56.831
1.975 129.38 2966.8 82.271 132.17 3011.2 72.927 180.91 3073.5 56.539
1.9833 132.21 2978.8 82.48 135.52 3024.3 72.516 185.49 3086.1 56.231
1.9917 135.22 2990.9 82.677 138.9 3037.4 72.143 190.12 3098.7 55.913
2 138.41 3003 82.857 142.31 3050.5 71.808 194.8 3111.2 55.592
2.0083 141.79 3015.3 83.016 145.78 3063.7 71.512 199.51 3123.8 55.276
2.0167 145.34 3027.7 83.152 149.33 3077 71.251 204.25 3136.4 54.971
2.025 149.05 3040.3 83.266 152.96 3090.2 71.025 209.02 3149 54.681
2.0333 152.89 3052.9 83.362 156.7 3103.6 70.828 213.83 3161.7 54.408
2.0417 156.85 3065.8 83.446 160.54 3117 70.658 218.67 3174.4 54.153
2.05 160.9 3078.7 83.524 164.5 3130.4 70.51 223.56 3187.1 53.914
2.0583 165.01 3091.8 83.6 168.59 3143.8 70.382 228.5 3199.8 53.688
2.0667 169.14 3105.1 83.673 172.79 3157.3 70.271 233.52 3212.6 53.472
2.075 173.26 3118.4 83.74 177.12 3170.7 70.173 238.61 3225.4 53.262
2.0833 177.37 3131.8 83.795 181.57 3184.2 70.086 243.78 3238.2 53.054
2.0917 181.47 3145.2 83.839 186.16 3197.7 70.007 249.05 3251.1 52.847
2.1 185.56 3158.7 83.858 190.89 3211.2 69.935 254.4 3264 52.642
2.1083 189.66 3172.2 83.854 195.77 3224.7 69.865 259.83 3277 52.439
2.1167 193.79 3185.9 83.822 200.81 3238.2 69.796 265.34 3290 52.242
2.125 197.96 3199.6 83.758 206.01 3251.7 69.725 270.91 3302.9 52.054
2.1333 202.16 3213.6 83.66 211.37 3265.2 69.648 276.54 3315.9 51.883
2.1417 206.41 3227.6 83.525 216.9 3278.7 69.561 282.22 3329 51.732
2.15 210.69 3241.9 83.349 222.58 3292.3 69.463 287.93 3342 51.604
2.1583 215.02 3256.3 83.126 228.4 3305.8 69.352 293.68 3355 51.502
2.1667 219.4 3270.8 82.851 234.32 3319.3 69.224 299.45 3368.1 51.425
2.175 223.82 3285.5 82.518 240.32 3332.8 69.081 305.25 3381.1 51.369
2.1833 228.29 3300.1 82.124 246.34 3346.3 68.923 311.08 3394.1 51.327
2.1917 232.82 3314.7 81.669 252.35 3359.7 68.751 316.94 3407.1 51.291
2.2 237.41 3329.1 81.159 258.3 3373.1 68.571 322.82 3420 51.251
2.2083 242.06 3343.3 80.6 264.14 3386.4 68.386 328.73 3432.9 51.194
2.2167 246.81 3357.2 80.006 269.83 3399.7 68.2 334.65 3445.7 51.11
2.225 251.64 3370.8 79.387 275.33 3412.8 68.02 340.58 3458.5 50.991
2.2333 256.58 3384.1 78.757 280.64 3425.9 67.852 346.5 3471.2 50.83
2.2417 261.61 3397.1 78.129 285.74 3438.9 67.699 352.39 3483.8 50.626
2.25 266.74 3409.7 77.511 290.63 3451.7 67.565 358.22 3496.4 50.38
2.2583 271.96 3422.1 76.909 295.32 3464.4 67.453 363.97 3508.9 50.097
2.2667 277.28 3434.3 76.322 299.84 3477 67.362 369.6 3521.3 49.79
2.275 282.7 3446.4 75.747 304.21 3489.4 67.291 375.1 3533.7 49.469
2.2833 288.24 3458.3 75.178 308.46 3501.7 67.237 380.45 3546.2 49.149
2.2917 293.89 3470.2 74.613 312.62 3513.8 67.195 385.61 3558.6 48.845
2.3 299.64 3482.1 74.046 316.73 3525.8 67.16 390.6 3571.1 48.57
2.3083 305.45 3493.9 73.477 320.81 3537.6 67.128 395.39 3583.6 48.334
2.3167 311.31 3505.8 72.905 324.88 3549.4 67.092 400.01 3596.1 48.146
2.325 317.17 3517.5 72.331 328.96 3561.1 67.051 404.45 3608.7 48.01
2.3333 323 3529.3 71.757 333.05 3572.7 67.003 408.74 3621.4 47.927
2.3417 328.77 3541 71.189 337.17 3584.3 66.947 412.89 3634.2 47.892
2.35 334.46 3552.6 70.631 341.33 3595.9 66.886 416.94 3646.9 47.901
2.3583 340.04 3564.1 70.087 345.51 3607.6 66.822 420.89 3659.7 47.944
2.3667 345.52 3575.5 69.562 349.73 3619.2 66.759 424.77 3672.5 48.013
2.375 350.9 3586.9 69.055 353.99 3631 66.7 428.61 3685.2 48.099
2.3833 356.19 3598.2 68.566 358.3 3642.8 66.649 432.4 3697.9 48.194
2.3917 361.41 3609.4 68.091 362.66 3654.7 66.608 436.18 3710.5 48.293
2.4 366.59 3620.6 67.622 367.08 3666.6 66.577 439.94 3723.1 48.392
2.4083 371.73 3631.8 67.153 371.57 3678.6 66.556 443.69 3735.6 48.49
2.4167 376.85 3643 66.674 376.12 3690.7 66.543 447.43 3748.1 48.587
2.425 381.97 3654.2 66.179 380.75 3702.8 66.534 451.18 3760.5 48.687
2.4333 387.07 3665.5 65.661 385.44 3714.9 66.524 454.95 3772.9 48.789
2.4417 392.16 3676.9 65.118 390.21 3727.1 66.508 458.73 3785.2 48.897
2.45 397.23 3688.4 64.551 395.05 3739.3 66.484 462.55 3797.5 49.009
2.4583 402.27 3700 63.969 399.94 3751.6 66.447 466.41 3809.8 49.126
2.4667 407.26 3711.6 63.382 404.87 3763.8 66.395 470.32 3822 49.242
2.475 412.2 3723.4 62.806 409.85 3776.2 66.329 474.3 3834.2 49.353
2.4833 417.09 3735.3 62.254 414.85 3788.6 66.251 478.36 3846.4 49.453
2.4917 421.92 3747.2 61.743 419.87 3801 66.163 482.51 3858.6 49.536
2.5 426.71 3759.2 61.283 424.92 3813.5 66.071 486.75 3870.7 49.595
2.5083 431.48 3771.3 60.879 429.98 3826.1 65.975 491.09 3882.9 49.626
2.5167 436.24 3783.5 60.53 435.08 3838.7 65.883 495.52 3894.9 49.628
2.525 441.04 3795.8 60.224 440.18 3851.3 65.799 500.05 3907 49.599
2.5333 445.81 3808.3 59.967 445.38 3863.9 65.747 504.66 3919.1 49.544
2.5417 450.66 3820.9 59.733 450.58 3876.6 65.717 509.35 3931.2 49.468
2.55 455.57 3833.7 59.51 455.78 3889.3 65.713 514.12 3943.3 49.377
2.5583 460.51 3846.5 59.311 461.06 3902.1 65.746 518.97 3955.4 49.279
2.5667 465.53 3859.6 59.089 466.34 3914.8 65.796 523.88 3967.7 49.182
2.575 470.57 3872.8 58.88 471.58 3927.5 65.841 528.87 3980 49.088
2.5833 475.68 3886.1 58.658 476.85 3940.2 65.909 533.93 3992.4 49.005
2.5917 480.82 3899.5 58.43 482.09 3952.9 65.976 539.07 4005 48.932
2.6 486.09 3913 58.176 487.3 3965.6 66.028 544.29 4017.6 48.866
2.6083 491.39 3926.6 57.932 492.46 3978.3 66.078 549.58 4030.4 48.806
2.6167 496.8 3940.3 57.7 497.61 3991.1 66.124 554.94 4043.2 48.745
2.625 502.3 3954 57.494 502.69 4003.9 66.153 560.37 4056.1 48.678
2.6333 507.87 3967.8 57.336 507.73 4016.7 66.165 565.86 4069.1 48.603
2.6417 513.53 3981.7 57.243 512.76 4029.6 66.17 571.38 4082.1 48.515
2.65 519.29 3995.6 57.232 517.79 4042.5 66.164 576.92 4095.1 48.415
2.6583 525.1 4009.4 57.31 522.84 4055.5 66.145 582.47 4108.1 48.306
2.6667 530.95 4023.3 57.481 527.94 4068.5 66.115 588.01 4121.1 48.195
2.675 536.83 4037.1 57.749 533.12 4081.6 66.072 593.53 4134.1 48.089
2.6833 542.68 4050.8 58.099 538.41 4094.7 66.005 599.01 4147.1 47.996
2.6917 548.48 4064.4 58.511 543.84 4107.7 65.919 604.48 4160 47.925
2.7 554.19 4077.9 58.959 549.4 4120.7 65.802 609.94 4172.9 47.885
2.7083 559.8 4091.1 59.411 555.12 4133.5 65.648 615.41 4185.8 47.878
2.7167 565.27 4104.1 59.833 560.99 4146.2 65.456 620.91 4198.6 47.907
2.725 570.6 4116.9 60.194 567 4158.8 65.221 626.48 4211.4 47.967
2.7333 575.79 4129.5 60.471 573.12 4171.2 64.945 632.16 4224.1 48.052
2.7417 580.86 4141.7 60.654 579.34 4183.4 64.628 637.98 4236.8 48.153
2.75 585.86 4153.8 60.741 585.64 4195.4 64.274 643.96 4249.4 48.256
2.7583 590.83 4165.6 60.745 591.98 4207.2 63.888 650.13 4261.8 48.349
2.7667 595.79 4177.3 60.675 598.34 4218.8 63.472 656.49 4274.2 48.418
2.775 600.8 4188.8 60.557 604.7 4230.3 63.037 663.06 4286.4 48.455
2.7833 605.9 4200.2 60.414 611.06 4241.5 62.591 669.82 4298.4 48.451
2.7917 611.09 4211.4 60.265 617.41 4252.7 62.13 676.76 4310.2 48.403
2.8 616.42 4222.6 60.135 623.75 4263.7 61.667 683.85 4321.9 48.314
2.8083 621.9 4233.6 60.041 630.09 4274.7 61.202 691.07 4333.4 48.186
2.8167 627.52 4244.5 59.994 636.45 4285.6 60.735 698.39 4344.7 48.029
2.825 633.27 4255.2 59.997 642.83 4296.4 60.267 705.77 4355.9 47.85
2.8333 639.14 4265.9 60.05 649.25 4307.3 59.795 713.19 4366.9 47.661
2.8417 645.09 4276.4 60.147 655.74 4318.1 59.318 720.63 4377.8 47.469
2.85 651.12 4286.9 60.282 662.3 4329 58.837 728.08 4388.7 47.281
2.8583 657.18 4297.3 60.445 668.94 4339.9 58.349 735.53 4399.4 47.103
2.8667 663.27 4307.7 60.627 675.67 4350.8 57.86 742.97 4410.1 46.935
2.875 669.36 4318 60.821 682.47 4361.7 57.371 750.42 4420.7 46.777
2.8833 675.44 4328.3 61.022 689.35 4372.7 56.89 757.87 4431.3 46.623
2.8917 681.52 4338.5 61.226 696.29 4383.7 56.422 765.34 4441.8 46.469
2.9 687.6 4348.7 61.431 703.28 4394.7 55.977 772.82 4452.3 46.309
2.9083 693.7 4358.8 61.637 710.31 4405.8 55.561 780.34 4462.8 46.136
2.9167 699.84 4368.9 61.845 717.36 4416.8 55.179 787.89 4473.3 45.947
2.925 706.03 4379 62.055 724.43 4427.9 54.838 795.49 4483.8 45.737
2.9333 712.32 4389.1 62.267 731.5 4439 54.538 803.13 4494.2 45.508
2.9417 718.7 4399.1 62.48 738.59 4450.2 54.28 810.81 4504.7 45.261
2.95 725.21 4409.2 62.692 745.68 4461.3 54.062 818.54 4515.1 45
2.9583 731.85 4419.2 62.901 752.79 4472.5 53.88 826.31 4525.6 44.733
2.9667 738.64 4429.3 63.103 759.94 4483.8 53.729 834.11 4536.2 44.467
2.975 745.57 4439.4 63.298 767.13 4495.1 53.604 841.96 4546.7 44.208
2.9833 752.65 4449.5 63.484 774.39 4506.4 53.5 849.83 4557.3 43.965
2.9917 759.86 4459.7 63.663 781.72 4517.9 53.414 857.74 4568 43.74
3 767.22 4470 63.842 789.15 4529.3 53.343 865.68 4578.6 43.539
3.0083 774.72 4480.3 64.028 796.68 4540.8 53.285 873.64 4589.3 43.36
3.0167 782.36 4490.8 64.23 804.34 4552.4 53.241 881.64 4600 43.204
3.025 790.12 4501.3 64.457 812.12 4564 53.209 889.66 4610.6 43.066
3.0333 798 4512 64.716 820.04 4575.6 53.19 897.72 4621.3 42.94
3.0417 805.94 4522.8 65.008 828.11 4587.3 53.184 905.82 4631.9 42.823
3.05 813.93 4533.7 65.333 836.31 4598.9 53.188 913.97 4642.4 42.708
3.0583 821.95 4544.7 65.685 844.67 4610.6 53.198 922.18 4653 42.589
3.0667 830 4555.9 66.06 853.18 4622.3 53.211 930.46 4663.5 42.464
3.075 838.11 4567.1 66.448 861.84 4634 53.219 938.83 4674 42.331
3.0833 846.31 4578.5 66.841 870.66 4645.8 53.218 947.3 4684.5 42.188
