0.0083333 -20.584 0.79073 96.148 -39.488 108.24 84.575 -9.4747 238.85 84.322
0.016667 -19.666 8.5179 96.285 -38.725 117.22 84.545 -8.3408 247.59 84.236
0.025 -18.727 16.499 96.431 -37.868 126.33 84.523 -7.1855 256.44 84.154
0.033333 -17.763 24.743 96.58 -36.91 135.58 84.503 -6.0119 265.42 84.079
0.041667 -16.771 33.258 96.729 -35.843 144.96 84.486 -4.8233 274.54 84.015
0.05 -15.756 42.043 96.874 -34.666 154.45 84.469 -3.6228 283.83 83.967
0.058333 -14.729 51.095 97.011 -33.383 164.04 84.452 -2.4132 293.29 83.939
0.066667 -13.706 60.402 97.135 -31.999 173.73 84.436 -1.1965 302.94 83.938
0.075 -12.711 69.945 97.245 -30.525 183.5 84.418 0.025698 312.78 83.965
0.083333 -11.759 79.707 97.334 -28.977 193.36 84.4 1.2523 322.82 84.023
0.091667 -10.868 89.661 97.4 -27.372 203.3 84.382 2.4833 333.03 84.113
0.1 -10.041 99.783 97.436 -25.733 213.32 84.364 3.7185 343.4 84.231
0.10833 -9.2707 110.04 97.438 -24.084 223.41 84.348 4.9575 353.89 84.374
0.11667 -8.5371 120.42 97.403 -22.45 233.57 84.335 6.1989 364.45 84.534
0.125 -7.8153 130.86 97.331 -20.858 243.79 84.329 7.4398 375.06 84.704
0.13333 -7.0616 141.35 97.222 -19.333 254.05 84.333 8.6745 385.64 84.874
0.14167 -6.2389 151.85 97.079 -17.901 264.33 84.35 9.8941 396.17 85.037
0.15 -5.3123 162.34 96.909 -16.584 274.6 84.387 11.086 406.6 85.185
0.15833 -4.2586 172.79 96.717 -15.398 284.82 84.448 12.233 416.9 85.311
0.16667 -3.0716 183.17 96.51 -14.358 294.97 84.539 13.314 427.03 85.414
0.175 -1.7628 193.48 96.297 -13.471 304.99 84.666 14.304 437 85.492
0.18333 -0.35993 203.69 96.081 -12.739 314.86 84.833 15.178 446.79 85.549
0.19167 1.0996 213.81 95.869 -12.161 324.53 85.043 15.905 456.42 85.59
0.2 2.5731 223.85 95.66 -11.726 333.98 85.298 16.458 465.9 85.622
0.20833 4.0184 233.82 95.456 -11.422 343.2 85.596 16.809 475.27 85.656
0.21667 5.3965 243.74 95.255 -11.233 352.19 85.934 16.933 484.53 85.701
0.225 6.6732 253.64 95.056 -11.14 360.94 86.308 16.812 493.73 85.768
0.23333 7.8233 263.52 94.859 -11.127 369.5 86.711 16.43 502.88 85.864
0.24167 8.8307 273.4 94.665 -11.174 377.87 87.136 15.778 512.01 85.998
0.25 9.6924 283.28 94.475 -11.269 386.11 87.576 14.854 521.13 86.174
0.25833 10.417 293.15 94.29 -11.398 394.24 88.026 13.66 530.26 86.394
0.26667 11.024 303.02 94.114 -11.555 402.3 88.48 12.206 539.39 86.659
0.275 11.537 312.88 93.949 -11.736 410.34 88.935 10.504 548.52 86.965
0.28333 11.983 322.71 93.799 -11.943 418.37 89.389 8.5714 557.64 87.31
0.29167 12.384 332.51 93.669 -12.179 426.42 89.843 6.4261 566.75 87.687
0.3 12.753 342.26 93.562 -12.449 434.51 90.298 4.0885 575.84 88.091
0.30833 13.098 351.96 93.481 -12.76 442.65 90.755 1.5786 584.88 88.518
0.31667 13.415 361.62 93.426 -13.117 450.84 91.217 -1.084 593.87 88.961
0.325 13.697 371.22 93.398 -13.526 459.07 91.685 -3.8807 602.81 89.417
0.33333 13.928 380.78 93.395 -13.99 467.35 92.16 -6.7936 611.67 89.881
0.34167 14.09 390.31 93.411 -14.511 475.67 92.64 -9.8069 620.47 90.352
0.35 14.173 399.82 93.444 -15.09 484.03 93.123 -12.905 629.2 90.828
0.35833 14.163 409.32 93.488 -15.726 492.44 93.606 -16.074 637.85 91.305
0.36667 14.054 418.83 93.537 -16.417 500.89 94.084 -19.302 646.44 91.784
0.375 13.848 428.36 93.589 -17.16 509.4 94.553 -22.574 654.96 92.263
0.38333 13.553 437.92 93.641 -17.956 517.98 95.008 -25.881 663.43 92.741
0.39167 13.178 447.5 93.689 -18.801 526.64 95.446 -29.211 671.84 93.218
0.4 12.741 457.12 93.733 -19.699 535.4 95.863 -32.555 680.2 93.692
0.40833 12.257 466.76 93.774 -20.65 544.26 96.259 -35.906 688.53 94.164
0.41667 11.738 476.41 93.813 -21.658 553.24 96.632 -39.256 696.83 94.634
0.425 11.191 486.08 93.853 -22.727 562.34 96.984 -42.6 705.11 95.101
0.43333 10.614 495.75 93.898 -23.86 571.55 97.316 -45.935 713.37 95.566
0.44167 10.002 505.41 93.951 -25.062 580.87 97.63 -49.259 721.64 96.03
0.45 9.3335 515.06 94.017 -26.334 590.3 97.931 -52.568 729.93 96.492
0.45833 8.5955 524.7 94.102 -27.68 599.83 98.219 -55.864 738.23 96.951
0.46667 7.7668 534.32 94.209 -29.101 609.46 98.499 -59.144 746.57 97.409
0.475 6.8216 543.95 94.34 -30.597 619.16 98.769 -62.41 754.96 97.861
0.48333 5.746 553.6 94.497 -32.169 628.94 99.031 -65.661 763.4 98.307
0.49167 4.5272 563.31 94.678 -33.817 638.79 99.284 -68.899 771.91 98.743
0.5 3.1577 573.1 94.879 -35.386 648.91 99.511 -72.983 779.56 99.958
0.50833 1.6553 583.03 95.091 -37.19 658.89 99.738 -76.184 788.24 100.36
0.51667 0.028906 593.13 95.306 -39.072 668.93 99.949 -79.38 796.99 100.75
0.525 -1.6943 603.43 95.517 -41.035 679.03 100.14 -82.578 805.83 101.11
0.53333 -3.4843 613.94 95.716 -43.082 689.2 100.32 -85.785 814.75 101.46
0.54167 -5.3146 624.66 95.903 -45.216 699.43 100.48 -89.013 823.77 101.78
0.55 -7.1723 635.57 96.077 -47.442 709.72 100.64 -92.276 832.86 102.09
0.55833 -9.0533 646.62 96.24 -49.766 720.08 100.79 -95.588 842.05 102.39
0.56667 -10.963 657.81 96.392 -52.192 730.52 100.94 -98.967 851.33 102.68
0.575 -12.916 669.09 96.533 -54.727 741.02 101.1 -102.43 860.69 102.96
0.58333 -14.929 680.47 96.657 -57.372 751.6 101.28 -106 870.15 103.25
0.59167 -17.026 691.96 96.763 -60.131 762.25 101.48 -109.68 879.7 103.54
0.6 -19.226 703.55 96.847 -63.01 772.99 101.7 -113.48 889.34 103.84
0.60833 -21.55 715.3 96.908 -66.005 783.82 101.95 -117.42 899.09 104.15
0.61667 -24.003 727.21 96.948 -69.118 794.73 102.23 -121.5 908.93 104.48
0.625 -26.597 739.33 96.971 -72.343 805.74 102.53 -125.72 918.88 104.8
0.63333 -29.323 751.66 96.988 -75.676 816.85 102.84 -130.06 928.92 105.13
0.64167 -32.174 764.23 97.011 -79.108 828.06 103.16 -134.52 939.05 105.46
0.65 -35.132 777.01 97.058 -82.627 839.36 103.48 -139.07 949.27 105.79
0.65833 -38.179 789.98 97.149 -86.221 850.75 103.79 -143.71 959.55 106.1
0.66667 -41.294 803.1 97.3 -89.874 862.22 104.08 -148.4 969.88 106.4
0.675 -44.458 816.33 97.525 -93.568 873.77 104.35 -153.13 980.23 106.69
0.68333 -47.659 829.58 97.832 -97.284 885.37 104.59 -157.87 990.6 106.96
0.69167 -50.889 842.82 98.225 -101 897.01 104.8 -162.62 1001 107.21
0.7 -54.144 855.96 98.697 -104.7 908.66 105 -167.34 1011.3 107.46
0.70833 -57.428 868.94 99.237 -108.36 920.32 105.17 -172.03 1021.5 107.7
0.71667 -60.746 881.71 99.831 -111.96 931.94 105.33 -176.67 1031.7 107.95
0.725 -64.102 894.23 100.46 -115.49 943.51 105.48 -181.26 1041.8 108.2
0.73333 -67.496 906.46 101.1 -118.93 954.99 105.62 -185.78 1051.9 108.46
0.74167 -70.926 918.39 101.73 -122.26 966.38 105.77 -190.21 1061.8 108.73
0.75 -74.391 930.03 102.35 -125.5 977.64 105.92 -194.56 1071.6 109.02
0.75833 -77.894 941.43 102.94 -128.62 988.75 106.07 -198.82 1081.4 109.32
0.76667 -81.439 952.62 103.5 -131.64 999.7 106.22 -202.96 1091.2 109.62
0.775 -85.028 963.67 104.04 -134.56 1010.5 106.38 -206.98 1100.9 109.93
0.78333 -88.661 974.64 104.56 -137.4 1021.1 106.54 -210.88 1110.6 110.23
0.79167 -92.328 985.56 105.07 -140.18 1031.5 106.68 -214.63 1120.2 110.52
0.8 -96.015 996.47 105.58 -142.9 1041.8 106.82 -218.23 1129.9 110.79
0.80833 -99.705 1007.4 106.07 -145.59 1052 106.95 -221.67 1139.6 111.03
0.81667 -103.38 1018.3 106.58 -148.27 1062 107.06 -224.96 1149.4 111.24
0.825 -107.01 1029.2 107.08 -150.96 1071.9 107.16 -228.08 1159.1 111.42
0.83333 -110.59 1040.1 107.6 -153.66 1081.7 107.24 -231.05 1168.9 111.55
0.84167 -114.1 1051 108.13 -156.39 1091.5 107.31 -233.87 1178.7 111.66
0.85 -117.53 1061.9 108.68 -159.16 1101.3 107.37 -236.56 1188.5 111.72
0.85833 -120.88 1072.6 109.25 -161.98 1111 107.42 -239.13 1198.3 111.76
0.86667 -124.15 1083.3 109.85 -164.84 1120.8 107.47 -241.59 1208.1 111.78
0.875 -127.36 1093.9 110.47 -167.75 1130.7 107.52 -243.98 1217.9 111.78
0.88333 -130.5 1104.4 111.12 -170.71 1140.5 107.57 -246.3 1227.6 111.77
0.89167 -133.6 1114.8 111.81 -173.7 1150.5 107.62 -248.58 1237.3 111.75
0.9 -136.67 1125.2 112.52 -176.72 1160.4 107.68 -250.83 1247 111.72
0.90833 -139.74 1135.5 113.27 -179.76 1170.5 107.75 -253.07 1256.7 111.7
0.91667 -142.81 1145.9 114.04 -182.83 1180.5 107.82 -255.31 1266.4 111.68
0.925 -145.89 1156.2 114.84 -185.92 1190.6 107.91 -257.57 1276.2 111.66
0.93333 -148.99 1166.5 115.64 -189.03 1200.8 108 -259.85 1285.9 111.64
0.94167 -152.1 1176.8 116.45 -192.16 1210.9 108.11 -262.15 1295.7 111.61
0.95 -155.22 1187.1 117.26 -195.31 1221.1 108.23 -264.48 1305.5 111.58
0.95833 -158.33 1197.4 118.05 -198.49 1231.3 108.36 -266.84 1315.5 111.55
0.96667 -161.44 1207.7 118.81 -201.7 1241.6 108.51 -269.23 1325.4 111.51
0.975 -164.51 1218 119.54 -204.96 1251.9 108.67 -271.65 1335.5 111.47
0.98333 -167.55 1228.2 120.22 -208.27 1262.3 108.85 -274.1 1345.7 111.42
0.99167 -170.54 1238.5 120.86 -211.62 1272.7 109.04 -276.58 1355.9 111.36
1 -173.48 1248.8 121.44 -215.03 1283.2 109.25 -279.08 1366.3 111.31
1.0083 -176.36 1259.2 121.98 -218.49 1293.8 109.46 -281.6 1376.7 111.26
1.0167 -179.21 1269.7 122.45 -222 1304.5 109.69 -284.15 1387.2 111.21
1.025 -182.01 1280.4 122.87 -225.56 1315.3 109.93 -286.73 1397.8 111.17
1.0333 -184.8 1291.2 123.24 -229.15 1326.2 110.17 -289.33 1408.4 111.14
1.0417 -187.57 1302.2 123.56 -232.77 1337.2 110.42 -291.95 1419.2 111.13
1.05 -190.36 1313.5 123.84 -236.42 1348.3 110.66 -294.6 1430 111.12
1.0583 -193.17 1325 124.09 -240.07 1359.4 110.91 -297.28 1440.9 111.13
1.0667 -196.04 1336.8 124.31 -243.74 1370.7 111.14 -299.98 1451.8 111.15
1.075 -198.97 1348.7 124.52 -247.4 1382 111.37 -302.71 1462.9 111.18
1.0833 -202 1360.9 124.72 -251.05 1393.4 111.59 -305.48 1474 111.23
1.0917 -205.13 1373.1 124.92 -254.7 1404.9 111.79 -308.28 1485.2 111.27
1.1 -208.38 1385.5 125.1 -258.33 1416.4 111.97 -311.12 1496.4 111.33
1.1083 -211.72 1397.8 125.27 -261.94 1427.9 112.13 -314 1507.8 111.39
1.1167 -215.17 1410.1 125.42 -265.54 1439.6 112.27 -316.93 1519.1 111.47
1.125 -218.71 1422.3 125.54 -269.12 1451.3 112.38 -319.9 1530.6 111.55
1.1333 -222.35 1434.5 125.65 -272.68 1463 112.46 -322.93 1542 111.65
1.1417 -226.09 1446.7 125.73 -276.21 1474.9 112.51 -326.01 1553.6 111.77
1.15 -229.95 1458.8 125.8 -279.72 1486.9 112.54 -329.14 1565.1 111.92
1.1583 -233.94 1471 125.85 -283.19 1498.9 112.54 -332.34 1576.7 112.09
1.1667 -238.08 1483.3 125.9 -286.64 1511.1 112.52 -335.59 1588.4 112.3
1.175 -242.36 1495.8 125.93 -290.06 1523.4 112.48 -338.89 1600.1 112.55
1.1833 -246.81 1508.4 125.95 -293.45 1535.7 112.43 -342.23 1611.8 112.84
1.1917 -251.4 1521.2 125.96 -296.83 1548.1 112.37 -345.62 1623.5 113.16
1.2 -256.12 1534.2 125.95 -300.2 1560.5 112.31 -349.04 1635.3 113.51
1.2083 -260.94 1547.3 125.92 -303.58 1573 112.26 -352.48 1647.1 113.88
1.2167 -265.83 1560.4 125.86 -306.99 1585.4 112.22 -355.94 1659 114.26
1.225 -270.76 1573.6 125.78 -310.44 1597.8 112.2 -359.4 1670.8 114.65
1.2333 -275.68 1586.7 125.66 -313.96 1610.2 112.21 -362.87 1682.6 115.02
1.2417 -280.56 1599.7 125.51 -317.57 1622.5 112.24 -366.34 1694.5 115.37
1.25 -285.34 1612.5 125.35 -321.27 1634.7 112.31 -369.83 1706.2 115.69
1.2583 -290.01 1625.1 125.17 -325.08 1646.7 112.42 -373.33 1717.9 115.98
1.2667 -294.55 1637.5 124.99 -329.01 1658.6 112.57 -376.86 1729.6 116.22
1.275 -298.95 1649.7 124.81 -333.05 1670.4 112.76 -380.43 1741.2 116.42
1.2833 -303.22 1661.5 124.66 -337.2 1681.9 112.99 -384.08 1752.7 116.59
1.2917 -307.37 1673.2 124.52 -341.46 1693.3 113.25 -387.83 1764.1 116.72
1.3 -311.43 1684.7 124.43 -345.8 1704.5 113.56 -391.69 1775.5 116.83
1.3083 -315.42 1696 124.36 -350.21 1715.5 113.9 -395.7 1786.8 116.92
1.3167 -319.36 1707.2 124.33 -354.69 1726.3 114.27 -399.87 1798 117.01
1.325 -323.27 1718.3 124.32 -359.21 1736.9 114.66 -404.23 1809.2 117.1
1.3333 -327.18 1729.4 124.33 -363.77 1747.4 115.08 -408.8 1820.4 117.19
1.3417 -331.11 1740.4 124.36 -368.36 1757.7 115.51 -413.57 1831.5 117.3
1.35 -335.08 1751.5 124.38 -372.98 1767.9 115.96 -418.55 1842.7 117.41
1.3583 -339.12 1762.5 124.4 -377.63 1777.9 116.42 -423.74 1853.8 117.54
1.3667 -343.23 1773.5 124.4 -382.31 1787.9 116.88 -429.13 1864.9 117.68
1.375 -347.43 1784.3 124.38 -387.04 1797.8 117.34 -434.7 1876 117.83
1.3833 -351.71 1795.1 124.32 -391.82 1807.7 117.8 -440.43 1887.1 117.99
1.3917 -356.09 1805.7 124.24 -396.66 1817.5 118.26 -446.3 1898.1 118.14
1.4 -360.55 1816.2 124.13 -401.56 1827.3 118.73 -452.28 1909.1 118.29
1.4083 -365.1 1826.5 124.01 -406.53 1837.2 119.19 -458.37 1920 118.44
1.4167 -369.73 1836.7 123.86 -411.56 1847 119.65 -464.53 1930.8 118.58
1.425 -374.42 1846.7 123.72 -416.65 1856.8 120.11 -470.74 1941.5 118.72
1.4333 -379.18 1856.6 123.59 -421.8 1866.6 120.57 -476.99 1952 118.85
1.4417 -383.98 1866.4 123.47 -426.99 1876.4 121.02 -483.26 1962.5 118.98
1.45 -388.82 1876.1 123.37 -432.29 1886 121.49 -489.09 1974.1 118.29
1.4583 -393.7 1885.7 123.29 -437.57 1895.8 121.93 -495.38 1984.3 118.42
1.4667 -398.61 1895.4 123.23 -442.89 1905.6 122.35 -501.66 1994.4 118.54
1.475 -403.54 1905.1 123.18 -448.24 1915.5 122.76 -507.92 2004.5 118.66
1.4833 -408.5 1914.8 123.14 -453.64 1925.3 123.15 -514.16 2014.5 118.78
1.4917 -413.49 1924.6 123.09 -459.08 1935.2 123.52 -520.38 2024.5 118.89
1.5 -418.52 1934.4 123.03 -464.58 1945.1 123.85 -526.58 2034.4 118.99
1.5083 -423.6 1944.2 122.95 -470.15 1955.1 124.17 -532.76 2044.3 119.08
1.5167 -428.72 1954.1 122.85 -475.79 1965.1 124.45 -538.93 2054.2 119.16
1.525 -433.91 1963.9 122.74 -481.52 1975.2 124.71 -545.1 2064.1 119.23
1.5333 -439.16 1973.8 122.63 -487.33 1985.3 124.94 -551.26 2074 119.29
1.5417 -444.47 1983.7 122.52 -493.23 1995.5 125.15 -557.42 2083.9 119.34
1.55 -449.86 1993.5 122.42 -499.21 2005.7 125.33 -563.61 2093.8 119.38
1.5583 -455.34 2003.3 122.36 -505.28 2015.9 125.51 -569.81 2103.8 119.42
1.5667 -460.91 2013.1 122.33 -511.43 2026.2 125.66 -576.04 2113.7 119.44
1.575 -466.6 2022.9 122.34 -517.65 2036.5 125.8 -582.3 2123.7 119.46
1.5833 -472.43 2032.8 122.39 -523.94 2046.9 125.92 -588.6 2133.7 119.46
1.5917 -478.4 2042.8 122.46 -530.3 2057.2 126.03 -594.93 2143.8 119.46
1.6 -484.52 2052.9 122.55 -536.73 2067.5 126.13 -601.3 2153.8 119.44
1.6083 -490.78 2063.1 122.66 -543.24 2077.8 126.22 -607.7 2163.9 119.4
1.6167 -497.17 2073.5 122.76 -549.82 2088.1 126.3 -614.15 2174 119.33
1.625 -503.68 2083.9 122.87 -556.49 2098.5 126.37 -620.63 2184.1 119.23
1.6333 -510.31 2094.5 122.96 -563.25 2108.8 126.43 -627.15 2194.3 119.1
1.6417 -517.05 2105.1 123.04 -570.13 2119.1 126.5 -633.71 2204.5 118.94
1.65 -523.93 2115.8 123.09 -577.11 2129.5 126.57 -640.32 2214.7 118.73
1.6583 -530.95 2126.5 123.11 -584.22 2139.8 126.65 -646.96 2225 118.47
1.6667 -538.13 2137.3 123.09 -591.44 2150.2 126.74 -653.64 2235.3 118.17
1.675 -545.49 2148.2 123.02 -598.79 2160.5 126.85 -660.37 2245.7 117.83
1.6833 -553.04 2159.2 122.92 -606.25 2170.9 126.98 -667.14 2256.1 117.43
1.6917 -560.78 2170.4 122.8 -613.82 2181.3 127.13 -673.96 2266.5 117
1.7 -568.72 2181.7 122.65 -621.49 2191.6 127.29 -680.8 2277 116.52
1.7083 -576.85 2193.1 122.51 -629.23 2202 127.47 -687.68 2287.5 116.01
1.7167 -585.15 2204.6 122.38 -637.05 2212.3 127.66 -694.57 2298 115.47
1.725 -593.58 2216.3 122.3 -644.92 2222.7 127.84 -701.48 2308.6 114.9
1.7333 -602.12 2228 122.28 -652.83 2233 128.01 -708.4 2319.1 114.31
1.7417 -610.73 2239.7 122.34 -660.75 2243.3 128.17 -715.31 2329.7 113.72
1.75 -619.38 2251.4 122.49 -668.66 2253.7 128.3 -722.22 2340.3 113.12
1.7583 -628.02 2263 122.72 -676.55 2264.1 128.4 -729.11 2350.8 112.53
1.7667 -636.62 2274.5 123.03 -684.4 2274.5 128.46 -735.99 2361.3 111.96
1.775 -645.15 2285.8 123.41 -692.17 2285.1 128.48 -742.85 2371.8 111.43
1.7833 -653.58 2296.9 123.84 -699.85 2295.6 128.46 -749.7 2382.2 110.92
1.7917 -661.89 2307.7 124.29 -707.41 2306.3 128.4 -756.53 2392.7 110.47
1.8 -670.05 2318.3 124.73 -714.83 2316.9 128.31 -763.36 2403.1 110.06
1.8083 -678.05 2328.7 125.13 -722.08 2327.6 128.19 -770.17 2413.5 109.71
1.8167 -685.89 2338.8 125.49 -729.14 2338.3 128.04 -776.96 2424 109.42
1.825 -693.59 2348.7 125.79 -736 2349 127.87 -783.73 2434.5 109.17
1.8333 -701.16 2358.5 126.03 -742.64 2359.5 127.69 -790.47 2445 108.97
1.8417 -708.61 2368.1 126.22 -749.07 2370 127.49 -797.17 2455.7 108.81
1.85 -715.96 2377.7 126.35 -755.29 2380.4 127.28 -803.8 2466.5 108.68
1.8583 -723.23 2387.1 126.45 -761.32 2390.7 127.05 -810.35 2477.5 108.57
1.8667 -730.4 2396.6 126.52 -767.18 2400.8 126.8 -816.8 2488.6 108.47
1.875 -737.48 2406 126.58 -772.9 2410.7 126.54 -823.14 2499.8 108.37
1.8833 -744.45 2415.5 126.64 -778.51 2420.6 126.25 -829.34 2511.2 108.26
1.8917 -751.3 2425 126.72 -784.03 2430.4 125.93 -835.39 2522.7 108.13
1.9 -758.03 2434.5 126.81 -789.51 2440.1 125.58 -841.28 2534.3 107.97
1.9083 -764.62 2444.1 126.94 -794.97 2449.8 125.2 -847 2546 107.79
1.9167 -771.07 2453.8 127.09 -800.43 2459.5 124.79 -852.55 2557.7 107.57
1.925 -777.37 2463.5 127.27 -805.91 2469.2 124.36 -857.92 2569.4 107.31
1.9333 -783.54 2473.3 127.48 -811.43 2479 123.9 -863.12 2581.1 107.02
1.9417 -789.58 2483.1 127.71 -816.97 2488.9 123.43 -868.16 2592.8 106.69
1.95 -795.52 2493 127.95 -822.56 2498.9 122.94 -873.04 2604.4 106.32
1.9583 -801.36 2502.8 128.21 -828.17 2509 122.46 -877.78 2616 105.93
1.9667 -807.14 2512.7 128.47 -833.81 2519.2 121.98 -882.4 2627.5 105.5
1.975 -812.88 2522.5 128.74 -839.47 2529.5 121.52 -886.9 2639 105.05
1.9833 -818.57 2532.3 129.01 -845.15 2539.8 121.07 -891.3 2650.4 104.57
1.9917 -824.25 2542.1 129.28 -850.83 2550.1 120.66 -895.6 2661.8 104.07
2 -829.91 2551.8 129.55 -856.52 2560.5 120.27 -899.82 2673.2 103.56
2.0083 -835.54 2561.4 129.81 -862.23 2570.9 119.91 -903.97 2684.5 103.02
2.0167 -841.16 2571.1 130.07 -867.94 2581.4 119.58 -908.04 2695.8 102.47
2.025 -846.76 2580.7 130.33 -873.68 2591.9 119.28 -912.06 2707.1 101.9
2.0333 -852.32 2590.3 130.58 -879.44 2602.4 119.01 -916.01 2718.4 101.31
2.0417 -857.85 2600 130.82 -885.22 2613 118.77 -919.91 2729.6 100.7
2.05 -863.34 2609.8 131.05 -891.03 2623.6 118.55 -923.75 2740.9 100.08
2.0583 -868.79 2619.8 131.27 -896.87 2634.3 118.35 -927.54 2752.2 99.432
2.0667 -874.2 2629.8 131.46 -902.73 2645.1 118.17 -931.28 2763.5 98.764
2.075 -879.58 2640.1 131.62 -908.6 2656 118 -934.97 2774.7 98.074
2.0833 -884.93 2650.5 131.75 -914.48 2667 117.86 -938.62 2786 97.36
2.0917 -890.27 2661.1 131.84 -920.35 2678.1 117.73 -942.24 2797.3 96.624
2.1 -895.6 2671.9 131.9 -926.21 2689.2 117.62 -945.82 2808.6 95.867
2.1083 -900.93 2682.9 131.94 -932.04 2700.5 117.53 -949.37 2819.9 95.091
2.1167 -906.28 2694 131.95 -937.85 2711.9 117.46 -952.89 2831.2 94.3
2.125 -911.65 2705.4 131.95 -943.6 2723.3 117.4 -956.4 2842.6 93.497
2.1333 -917.06 2716.8 131.95 -949.32 2734.8 117.37 -959.9 2854 92.687
2.1417 -922.51 2728.4 131.95 -954.98 2746.4 117.35 -963.38 2865.4 91.876
2.15 -928.01 2740 131.96 -960.59 2758.1 117.34 -966.85 2876.9 91.067
2.1583 -933.55 2751.7 131.97 -966.15 2769.9 117.34 -970.32 2888.4 90.266
2.1667 -939.12 2763.3 131.99 -971.66 2781.8 117.35 -973.79 2900 89.478
2.175 -944.71 2775 132.02 -977.11 2793.8 117.35 -977.25 2911.6 88.707
2.1833 -950.34 2786.7 132.04 -982.51 2805.9 117.35 -980.71 2923.4 87.955
2.1917 -956.01 2798.4 132.06 -987.84 2818.1 117.33 -984.16 2935.2 87.227
2.2 -961.72 2810.3 132.08 -993.11 2830.5 117.28 -987.62 2947.1 86.525
2.2083 -967.51 2822.3 132.1 -998.31 2842.9 117.21 -991.08 2959.1 85.853
2.2167 -973.39 2834.4 132.09 -1003.4 2855.5 117.11 -994.55 2971.3 85.212
2.225 -979.37 2846.8 132.07 -1008.5 2868.2 116.98 -998.04 2983.5 84.606
2.2333 -985.44 2859.3 132.01 -1013.4 2880.9 116.82 -1001.5 2995.9 84.037
2.2417 -991.59 2872 131.9 -1018.3 2893.7 116.64 -1005.1 3008.4 83.508
2.25 -997.8 2884.9 131.75 -1023.1 2906.6 116.43 -1008.6 3021 83.019
2.2583 -1004 2897.8 131.52 -1027.8 2919.5 116.21 -1012.2 3033.7 82.572
2.2667 -1010.2 2910.9 131.22 -1032.4 2932.4 115.99 -1015.8 3046.5 82.164
2.275 -1016.4 2923.9 130.85 -1037 2945.3 115.77 -1019.5 3059.2 81.793
2.2833 -1022.4 2936.9 130.4 -1041.6 2958.1 115.56 -1023.1 3071.9 81.454
2.2917 -1028.2 2949.8 129.88 -1046.1 2970.9 115.36 -1026.8 3084.6 81.141
2.3 -1033.9 2962.5 129.32 -1050.7 2983.6 115.19 -1030.6 3097.2 80.844
2.3083 -1039.2 2975.1 128.7 -1055.4 2996.1 115.05 -1034.3 3109.6 80.554
2.3167 -1044.4 2987.5 128.07 -1060 3008.6 114.94 -1038 3121.9 80.263
2.325 -1049.2 2999.7 127.42 -1064.8 3020.9 114.86 -1041.7 3134 79.962
2.3333 -1053.8 3011.7 126.79 -1069.6 3033 114.81 -1045.4 3145.9 79.644
2.3417 -1058.2 3023.6 126.17 -1074.4 3044.9 114.78 -1049.1 3157.7 79.304
2.35 -1062.4 3035.4 125.58 -1079.3 3056.6 114.77 -1052.7 3169.3 78.942
2.3583 -1066.5 3047.1 125.02 -1084.2 3068.2 114.77 -1056.4 3180.8 78.56
2.3667 -1070.5 3058.8 124.49 -1089.1 3079.5 114.78 -1060.1 3192.2 78.162
2.375 -1074.4 3070.4 123.99 -1094 3090.6 114.79 -1063.9 3203.5 77.758
2.3833 -1078.3 3082.1 123.51 -1098.8 3101.6 114.79 -1067.8 3214.8 77.356
2.3917 -1082.2 3093.9 123.05 -1103.6 3112.4 114.79 -1071.8 3226 76.969
2.4 -1086.2 3105.6 122.6 -1108.2 3123 114.78 -1075.9 3237.2 76.605
2.4083 -1090.1 3117.3 122.16 -1112.8 3133.5 114.76 -1080.1 3248.4 76.273
2.4167 -1094.1 3129 121.71 -1117.4 3143.9 114.73 -1084.5 3259.5 75.981
2.425 -1098 3140.6 121.27 -1121.8 3154.3 114.69 -1089 3270.7 75.73
2.4333 -1102.1 3152.2 120.81 -1126.2 3164.6 114.64 -1093.7 3281.8 75.519
2.4417 -1106.1 3163.6 120.34 -1130.5 3174.8 114.59 -1098.4 3292.8 75.344
2.45 -1110.1 3174.8 119.86 -1134.9 3185.1 114.54 -1103.3 3303.7 75.196
2.4583 -1114.1 3185.9 119.37 -1139.2 3195.4 114.48 -1108.2 3314.6 75.065
2.4667 -1118.1 3196.9 118.86 -1143.5 3205.7 114.43 -1113.1 3325.3 74.94
2.475 -1122.1 3207.7 118.36 -1147.9 3216.1 114.38 -1118 3335.9 74.808
2.4833 -1126.1 3218.4 117.84 -1152.3 3226.5 114.33 -1122.9 3346.4 74.661
2.4917 -1130.1 3229.1 117.33 -1156.7 3237 114.28 -1127.7 3356.8 74.489
2.5 -1134 3239.7 116.82 -1161.2 3247.5 114.21 -1132.5 3367 74.287
2.5083 -1138 3250.2 116.32 -1165.7 3258.1 114.14 -1137.2 3377.1 74.055
2.5167 -1142 3260.8 115.81 -1170.3 3268.7 114.04 -1141.8 3387.2 73.793
2.525 -1146 3271.4 115.3 -1174.9 3279.4 113.93 -1146.3 3397.1 73.504
2.5333 -1150 3282 114.78 -1179.5 3290.1 113.79 -1150.8 3407 73.193
2.5417 -1154 3292.7 114.26 -1184.1 3300.8 113.63 -1155.3 3416.8 72.866
2.55 -1158.2 3303.4 113.73 -1188.7 3311.7 113.45 -1159.8 3426.6 72.529
2.5583 -1162.4 3314.1 113.19 -1193.3 3322.6 113.26 -1164.2 3436.3 72.186
2.5667 -1166.7 3324.8 112.65 -1197.8 3333.5 113.05 -1168.7 3446.1 71.841
2.575 -1171 3335.5 112.11 -1202.4 3344.5 112.83 -1173.1 3455.9 71.494
2.5833 -1175.5 3346.2 111.6 -1207 3355.6 112.61 -1177.5 3465.7 71.147
2.5917 -1180 3357 111.1 -1211.5 3366.7 112.41 -1181.9 3475.5 70.796
2.6 -1184.6 3367.7 110.65 -1216 3377.8 112.21 -1186.3 3485.4 70.441
2.6083 -1189.3 3378.4 110.24 -1220.6 3389 112.03 -1190.6 3495.4 70.079
2.6167 -1194 3389.2 109.88 -1225.1 3400.1 111.86 -1194.9 3505.4 69.708
2.625 -1198.8 3400.1 109.56 -1229.6 3411.3 111.72 -1199.2 3515.5 69.326
2.6333 -1203.6 3411 109.29 -1234.2 3422.6 111.6 -1203.4 3525.7 68.936
2.6417 -1208.6 3422.1 109.06 -1238.8 3433.8 111.49 -1207.6 3536 68.539
2.65 -1213.6 3433.3 108.86 -1243.3 3445.1 111.39 -1211.7 3546.4 68.139
2.6583 -1218.7 3444.7 108.68 -1248 3456.4 111.3 -1215.9 3556.8 67.74
2.6667 -1223.9 3456.1 108.53 -1252.6 3467.7 111.21 -1220 3567.3 67.348
2.675 -1229 3467.7 108.4 -1257.2 3479.1 111.13 -1224.2 3577.9 66.966
2.6833 -1234.3 3479.3 108.28 -1261.9 3490.5 111.04 -1228.4 3588.5 66.6
2.6917 -1239.5 3491 108.17 -1266.5 3502 110.97 -1232.7 3599.1 66.251
2.7 -1244.8 3502.8 108.06 -1271.2 3513.5 110.9 -1237 3609.8 65.921
2.7083 -1250 3514.6 107.95 -1275.9 3525.1 110.83 -1241.4 3620.6 65.609
2.7167 -1255.3 3526.6 107.84 -1280.5 3536.7 110.78 -1245.8 3631.4 65.312
2.725 -1260.6 3538.7 107.71 -1285.2 3548.4 110.75 -1250.2 3642.3 65.027
2.7333 -1265.9 3550.9 107.59 -1289.9 3560 110.72 -1254.6 3653.3 64.75
2.7417 -1271.2 3563.3 107.46 -1294.7 3571.7 110.71 -1259.1 3664.4 64.475
2.75 -1276.6 3575.8 107.35 -1299.4 3583.4 110.7 -1263.4 3675.6 64.201
2.7583 -1282 3588.5 107.26 -1304.2 3595.1 110.7 -1267.8 3686.9 63.923
2.7667 -1287.4 3601.3 107.21 -1309 3606.8 110.69 -1272.1 3698.4 63.643
2.775 -1292.8 3614.2 107.2 -1313.8 3618.5 110.66 -1276.3 3709.9 63.359
2.7833 -1298.2 3627.2 107.24 -1318.6 3630.2 110.62 -1280.5 3721.4 63.075
2.7917 -1303.5 3640.2 107.34 -1323.4 3642 110.54 -1284.7 3733.1 62.794
2.8 -1308.7 3653.2 107.49 -1328.1 3653.9 110.42 -1288.8 3744.7 62.52
2.8083 -1313.8 3666 107.68 -1332.9 3665.8 110.26 -1292.9 3756.4 62.257
2.8167 -1318.9 3678.7 107.89 -1337.5 3677.9 110.06 -1297 3768 62.007
2.825 -1323.8 3691.2 108.11 -1342.1 3690 109.81 -1301 3779.6 61.773
2.8333 -1328.5 3703.4 108.31 -1346.5 3702.3 109.52 -1305 3791.1 61.555
2.8417 -1333.2 3715.4 108.45 -1350.8 3714.6 109.19 -1309 3802.5 61.35
2.85 -1337.7 3727.1 108.52 -1354.9 3726.9 108.82 -1312.9 3813.9 61.154
2.8583 -1342 3738.5 108.5 -1358.8 3739.2 108.42 -1316.7 3825.2 60.961
2.8667 -1346.3 3749.6 108.37 -1362.6 3751.6 108 -1320.4 3836.4 60.764
2.875 -1350.5 3760.5 108.13 -1366.1 3763.8 107.55 -1324 3847.6 60.553
2.8833 -1354.6 3771.3 107.81 -1369.4 3775.9 107.07 -1327.4 3858.8 60.321
2.8917 -1358.7 3782 107.4 -1372.5 3787.9 106.58 -1330.6 3870 60.058
2.9 -1362.7 3792.5 106.95 -1375.5 3799.7 106.06 -1333.6 3881.2 59.758
2.9083 -1366.5 3803.1 106.47 -1378.3 3811.4 105.51 -1336.4 3892.5 59.416
2.9167 -1370.3 3813.6 105.98 -1381 3822.8 104.93 -1339 3903.8 59.028
2.925 -1373.9 3824.2 105.51 -1383.5 3834.2 104.32 -1341.3 3915.2 58.593
2.9333 -1377.3 3834.8 105.09 -1385.9 3845.4 103.68 -1343.5 3926.5 58.111
2.9417 -1380.5 3845.4 104.71 -1388.3 3856.6 103 -1345.4 3937.9 57.586
2.95 -1383.5 3856 104.38 -1390.5 3867.8 102.28 -1347.2 3949.1 57.02
2.9583 -1386.3 3866.6 104.1 -1392.7 3879 101.54 -1348.8 3960.4 56.416
2.9667 -1388.8 3877.2 103.87 -1394.7 3890.2 100.76 -1350.3 3971.5 55.78
2.975 -1391.2 3887.7 103.67 -1396.7 3901.5 99.969 -1351.6 3982.5 55.114
2.9833 -1393.5 3898.2 103.47 -1398.6 3913 99.16 -1352.8 3993.4 54.422
2.9917 -1395.6 3908.6 103.29 -1400.3 3924.5 98.344 -1354 4004.1 53.706
3 -1397.6 3918.9 103.09 -1402 3936.1 97.527 -1355 4014.8 52.968
3.0083 -1399.5 3929.1 102.87 -1403.6 3947.8 96.716 -1355.9 4025.2 52.21
3.0167 -1401.4 3939.3 102.63 -1405 3959.4 95.915 -1356.7 4035.6 51.431
3.025 -1403.3 3949.4 102.37 -1406.4 3971.1 95.131 -1357.5 4045.8 50.634
3.0333 -1405.1 3959.4 102.09 -1407.6 3982.7 94.363 -1358.1 4056 49.819
3.0417 -1406.9 3969.5 101.81 -1408.8 3994.3 93.617 -1358.6 4066.2 48.99
3.05 -1408.7 3979.5 101.53 -1409.9 4005.8 92.891 -1359.1 4076.3 48.15
3.0583 -1410.4 3989.5 101.27 -1410.9 4017.3 92.186 -1359.4 4086.4 47.303
3.0667 -1412 3999.6 101.03 -1411.9 4028.6 91.503 -1359.7 4096.5 46.457
3.075 -1413.6 4009.7 100.82 -1412.8 4040 90.842 -1359.9 4106.6 45.617
3.0833 -1415 4019.9 100.65 -1413.7 4051.3 90.203 -1359.9 4116.7 44.792
3.0917 -1416.4 4030.3 100.51 -1414.4 4062.6 89.588 -1359.9 4126.9 43.988
3.1 -1417.6 4040.7 100.39 -1415.1 4074 88.998 -1359.9 4137.1 43.213
3.1083 -1418.7 4051.3 100.29 -1415.7 4085.4 88.434 -1359.7 4147.2 42.47
3.1167 -1419.6 4062.1 100.19 -1416.3 4096.9 87.898 -1359.5 4157.4 41.761
3.125 -1420.4 4073 100.1 -1416.7 4108.5 87.393 -1359.1 4167.5 41.087
3.1333 -1421.1 4084 99.994 -1417 4120.1 86.921 -1358.7 4177.7 40.444
3.1417 -1421.6 4095.3 99.883 -1417.3 4131.8 86.483 -1358.3 4187.8 39.825
3.15 -1422 4106.7 99.763 -1417.4 4143.6 86.081 -1357.7 4197.9 39.225
3.1583 -1422.3 4118.3 99.639 -1417.4 4155.3 85.718 -1357.1 4208 38.633
3.1667 -1422.5 4130 99.511 -1417.3 4167.1 85.392 -1356.3 4218.1 38.042
3.175 -1422.6 4142 99.384 -1417 4178.8 85.1 -1355.5 4228.1 37.446
3.1833 -1422.6 4154.1 99.256 -1416.7 4190.5 84.844 -1354.6 4238.2 36.84
3.1917 -1422.6 4166.3 99.129 -1416.3 4202.1 84.621 -1353.6 4248.3 36.222
3.2 -1422.5 4178.5 99.003 -1415.7 4213.6 84.428 -1352.5 4258.4 35.595
3.2083 -1422.4 4190.9 98.881 -1415 4225 84.256 -1351.4 4268.5 34.964
3.2167 -1422.3 4203.3 98.761 -1414.2 4236.4 84.101 -1350.2 4278.6 34.336
3.225 -1422.1 4215.9 98.639 -1413.3 4247.8 83.96 -1348.9 4288.8 33.722
3.2333 -1422 4228.5 98.508 -1412.2 4259 83.825 -1347.6 4299 33.129
3.2417 -1421.9 4241.1 98.361 -1411.1 4270.3 83.69 -1346.3 4309.2 32.565
3.25 -1421.8 4253.9 98.185 -1409.8 4281.6 83.55 -1344.9 4319.4 32.036
3.2583 -1421.7 4266.6 97.966 -1408.5 4292.8 83.399 -1343.4 4329.6 31.544
3.2667 -1421.7 4279.4 97.695 -1407 4304 83.234 -1341.9 4339.8 31.087
3.275 -1421.6 4292.1 97.359 -1405.5 4315.2 83.054 -1340.3 4350 30.66
3.2833 -1421.4 4304.7 96.958 -1404 4326.4 82.855 -1338.6 4360.2 30.255
3.2917 -1421.1 4317.2 96.494 -1402.4 4337.5 82.638 -1336.9 4370.3 29.863
3.3 -1420.7 4329.5 95.977 -1400.8 4348.6 82.404 -1335 4380.4 29.474
3.3083 -1420 4341.5 95.421 -1399.2 4359.6 82.155 -1333 4390.5 29.079
3.3167 -1419.2 4353.3 94.838 -1397.7 4370.6 81.892 -1331 4400.5 28.671
3.325 -1418.1 4364.8 94.246 -1396.3 4381.4 81.617 -1328.8 4410.5 28.249
3.3333 -1416.9 4376 93.659 -1395.1 4392.2 81.333 -1326.5 4420.4 27.813
3.3417 -1415.5 4386.8 93.084 -1393.9 4402.8 81.04 -1324.2 4430.3 27.368
3.35 -1413.9 4397.4 92.527 -1392.8 4413.3 80.74 -1321.8 4440.2 26.92
3.3583 -1412.3 4407.8 91.986 -1391.9 4423.6 80.433 -1319.3 4450 26.477
3.3667 -1410.5 4417.9 91.454 -1391.2 4433.9 80.117 -1316.9 4459.8 26.047
3.375 -1408.6 4428 90.924 -1390.5 4443.9 79.792 -1314.4 4469.5 25.637
3.3833 -1406.6 4437.9 90.382 -1389.9 4453.9 79.454 -1312 4479.2 25.25
3.3917 -1404.5 4447.8 89.82 -1389.3 4463.7 79.103 -1309.7 4488.9 24.885
3.4 -1402.2 4457.7 89.226 -1388.7 4473.4 78.736 -1307.4 4498.4 24.537
3.4083 -1399.9 4467.6 88.594 -1388.2 4482.9 78.353 -1305.1 4507.9 24.198
3.4167 -1397.5 4477.6 87.92 -1387.5 4492.3 77.954 -1303 4517.3 23.857
3.425 -1395 4487.5 87.204 -1386.8 4501.6 77.54 -1300.9 4526.6 23.501
3.4333 -1392.4 4497.4 86.448 -1386.1 4510.8 77.118 -1298.9 4535.7 23.119
3.4417 -1389.8 4507.4 85.665 -1385.2 4519.8 76.68 -1297 4544.8 22.701
3.45 -1387.3 4517.3 84.861 -1384.3 4528.8 76.242 -1295.1 4553.8 22.241
3.4583 -1384.7 4527.1 84.051 -1383.2 4537.8 75.804 -1293.4 4562.6 21.739
3.4667 -1382.1 4536.9 83.246 -1382.1 4546.7 75.37 -1291.6 4571.4 21.198
3.475 -1379.6 4546.5 82.457 -1380.9 4555.7 74.942 -1290 4580 20.629
3.4833 -1377.1 4556.1 81.691 -1379.7 4564.6 74.521 -1288.4 4588.6 20.043
3.4917 -1374.7 4565.5 80.95 -1378.4 4573.6 74.107 -1286.9 4597.2 19.457
3.5 -1372.3 4574.8 80.236 -1377 4582.6 73.698 -1285.4 4605.7 18.886
3.5083 -1369.9 4584 79.544 -1375.6 4591.6 73.288 -1284 4614.2 18.345
3.5167 -1367.5 4593.1 78.868 -1374.1 4600.7 72.874 -1282.6 4622.7 17.845
3.525 -1365.1 4602.1 78.2 -1372.6 4609.9 72.45 -1281.3 4631.1 17.394
3.5333 -1362.7 4611.1 77.533 -1371 4619.1 72.013 -1279.9 4639.6 16.993
3.5417 -1360.3 4620.1 76.859 -1369.3 4628.3 71.559 -1278.6 4648 16.639
3.55 -1357.8 4629.1 76.174 -1367.6 4637.6 71.087 -1277.3 4656.5 16.324
3.5583 -1355.3 4638.1 75.477 -1365.7 4646.9 70.595 -1275.9 4665 16.038
3.5667 -1352.8 4647.2 74.769 -1363.7 4656.2 70.079 -1274.5 4673.5 15.766
3.575 -1350.3 4656.4 74.056 -1361.6 4665.4 69.527 -1273.1 4682 15.495
3.5833 -1347.9 4665.7 73.344 -1359.4 4674.5 68.938 -1271.5 4690.4 15.214
3.5917 -1345.5 4675.1 72.644 -1357.1 4683.8 68.378 -1269.9 4698.9 14.913
3.6 -1343.2 4684.7 71.973 -1354.6 4693 67.839 -1268.1 4707.4 14.585
3.6083 -1341 4694.3 71.312 -1352.1 4702.4 67.339 -1266.3 4716 14.233
3.6167 -1338.8 4704.1 70.677 -1349.5 4711.7 66.865 -1264.4 4724.5 13.858
3.625 -1336.8 4713.9 70.06 -1346.9 4721.1 66.424 -1262.4 4733 13.469
3.6333 -1334.9 4723.8 69.481 -1344.3 4730.5 65.971 -1260.3 4741.6 13.072
3.6417 -1333 4733.7 68.906 -1341.7 4740 65.558 -1258.1 4750.2 12.678
3.65 -1331.2 4743.7 68.34 -1339.1 4749.4 65.151 -1255.8 4758.8 12.294
3.6583 -1329.4 4753.7 67.778 -1336.5 4758.9 64.733 -1253.4 4767.5 11.929
3.6667 -1327.5 4763.7 67.212 -1333.8 4768.3 64.312 -1250.9 4776.1 11.585
3.675 -1325.5 4773.7 66.636 -1331.2 4777.7 63.862 -1248.3 4784.8 11.262
3.6833 -1323.4 4783.6 66.061 -1328.6 4787.1 63.401 -1245.5 4793.4 10.957
3.6917 -1321.2 4793.5 65.493 -1325.8 4796.4 62.922 -1242.6 4802.1 10.661
3.7 -1318.9 4803.4 64.935 -1323 4805.8 62.44 -1239.6 4810.8 10.367
3.7083 -1316.6 4813.3 64.391 -1320.2 4815.1 61.92 -1236.4 4819.5 10.064
3.7167 -1314.3 4823.1 63.874 -1317.3 4824.4 61.373 -1233.1 4828.2 9.7369
3.725 -1311.9 4832.9 63.394 -1314.4 4833.7 60.781 -1229.6 4836.8 9.3803
3.7333 -1309.6 4842.9 62.939 -1311.4 4843 60.27 -1226 4845.5 8.9825
3.7417 -1307.2 4852.8 62.522 -1308.4 4852.3 59.741 -1222.3 4854.1 8.5403
3.75 -1304.9 4862.8 62.135 -1305.4 4861.6 59.199 -1218.4 4862.7 8.0488
3.7583 -1302.7 4872.6 61.775 -1302.3 4871 58.607 -1214.4 4871.2 7.5104
3.7667 -1300.4 4882.7 61.404 -1299.2 4880.4 58.127 -1210.3 4879.7 6.9207
3.775 -1298.2 4892.5 61.039 -1296.1 4889.8 57.533 -1206.1 4888.1 6.2939
3.7833 -1295.9 4902.4 60.623 -1292.9 4899.2 57.036 -1201.8 4896.4 5.6271
3.7917 -1293.6 4911.9 60.175 -1289.7 4908.7 56.434 -1197.4 4904.7 4.9327
3.8 -1291.4 4921.3 59.648 -1286.3 4918.2 55.817 -1192.9 4912.8 4.2168
3.8083 -1289.1 4930.5 59.047 -1282.8 4927.7 55.145 -1188.3 4920.8 3.4859
3.8167 -1286.9 4939.4 58.35 -1279.2 4937.2 54.398 -1183.5 4928.6 2.7458
3.825 -1284.7 4948.1 57.565 -1275.4 4946.6 53.576 -1178.7 4936.4 2.0022
3.8333 -1282.6 4956.5 56.695 -1271.3 4956 52.67 -1173.6 4943.9 1.2576
3.8417 -1280.5 4964.9 55.703 -1267.2 4965.3 51.664 -1168.5 4951.4 0.51662
3.85 -1278.4 4973.1 54.637 -1262.8 4974.5 50.584 -1163.1 4958.6 359.78
3.8583 -1276.4 4981.2 53.497 -1258.1 4983.5 49.418 -1157.6 4965.7 359.05
3.8667 -1274.2 4989.2 52.299 -1253.3 4992.3 48.166 -1151.9 4972.7 358.32
3.875 -1272 4997.2 51.059 -1248.3 5000.9 46.828 -1146 4979.5 357.59
3.8833 -1269.6 5005.1 49.792 -1243.2 5009.2 45.417 -1139.9 4986.1 356.87
3.8917 -1267 5012.7 48.509 -1238 5017.2 43.951 -1133.6 4992.5 356.15
3.9 -1264.1 5020.1 47.216 -1232.7 5025 42.443 -1127.2 4998.8 355.43
3.9083 -1260.9 5027.3 45.916 -1227.3 5032.6 40.901 -1120.6 5004.8 354.71
3.9167 -1257.6 5034.1 44.611 -1221.9 5039.8 39.332 -1113.8 5010.5 354
3.925 -1254.1 5040.6 43.303 -1216.4 5046.7 37.741 -1106.9 5016.1 353.3
3.9333 -1250.5 5046.9 41.989 -1210.8 5053.4 36.13 -1099.9 5021.3 352.6
3.9417 -1246.8 5052.9 40.666 -1205.1 5059.8 34.498 -1092.7 5026.3 351.91
3.95 -1243.1 5058.6 39.331 -1199.3 5065.9 32.847 -1085.5 5031.1 351.23
3.9583 -1239.3 5064.2 37.983 -1193.4 5071.8 31.177 -1078.2 5035.6 350.57
3.9667 -1235.4 5069.5 36.623 -1187.4 5077.3 29.489 -1070.8 5039.8 349.92
3.975 -1231.4 5074.7 35.259 -1181.2 5082.7 27.785 -1063.5 5043.8 349.29
3.9833 -1227.4 5079.8 33.9 -1175 5087.8 26.071 -1056.1 5047.5 348.68
3.9917 -1223.3 5084.8 32.559 -1168.6 5092.7 24.353 -1048.8 5051 348.08
4 -1219.2 5090 31.247 -1162.1 5097.4 22.637 -1041.4 5054.3 347.49
4.0083 -1215.1 5095.2 29.974 -1155.5 5102 20.934 -1034.2 5057.4 346.91
4.0167 -1210.9 5100.5 28.745 -1148.9 5106.3 19.254 -1026.9 5060.3 346.34
4.025 -1206.7 5105.8 27.564 -1142.2 5110.5 17.606 -1019.8 5063 345.77
4.0333 -1202.4 5111.2 26.43 -1135.5 5114.6 15.999 -1012.6 5065.4 345.2
4.0417 -1197.9 5116.6 25.338 -1128.7 5118.5 14.442 -1005.6 5067.7 344.63
4.05 -1193.4 5121.8 24.28 -1122 5122.2 12.939 -998.53 5069.7 344.05
4.0583 -1188.7 5126.9 23.244 -1115.2 5125.8 11.493 -991.53 5071.6 343.47
4.0667 -1183.9 5131.8 22.217 -1108.4 5129.3 10.102 -984.56 5073.2 342.88
4.075 -1179 5136.5 21.191 -1101.5 5132.6 8.7657 -977.62 5074.7 342.29
4.0833 -1174 5140.9 20.155 -1094.6 5135.7 7.4787 -970.71 5076 341.71
4.0917 -1168.9 5145.1 19.106 -1087.7 5138.7 6.2372 -963.84 5077.1 341.12
4.1 -1163.6 5149 18.043 -1080.7 5141.6 5.0377 -957.01 5078.2 340.54
4.1083 -1158.3 5152.8 16.97 -1073.6 5144.3 3.8776 -950.22 5079 339.97
4.1167 -1152.8 5156.2 15.896 -1066.4 5146.8 2.7562 -943.48 5079.8 339.41
4.125 -1147.1 5159.5 14.837 -1059.1 5149.1 1.6745 -936.78 5080.6 338.87
4.1333 -1141.3 5162.6 13.807 -1051.8 5151.3 0.63438 -930.13 5081.2 338.34
4.1417 -1135.3 5165.5 12.827 -1044.5 5153.3 359.64 -923.51 5081.8 337.82
4.15 -1129.1 5168.2 11.91 -1037.1 5155 358.7 -916.91 5082.3 337.32
4.1583 -1122.7 5170.9 11.066 -1029.7 5156.6 357.81 -910.31 5082.8 336.83
4.1667 -1116.2 5173.6 10.301 -1022.3 5158 356.97 -903.68 5083.1 336.35
4.175 -1109.4 5176.2 9.6094 -1015 5159.2 356.2 -897 5083.4 335.88
4.1833 -1102.5 5178.8 8.9972 -1007.6 5160.3 355.48 -890.25 5083.5 335.41
4.1917 -1095.5 5181.5 8.4426 -1000.3 5161.1 354.82 -883.41 5083.4 334.95
4.2 -1088.4 5184.1 7.9346 -992.99 5161.8 354.21 -876.46 5083.2 334.49
4.2083 -1081.1 5186.8 7.4549 -985.65 5162.4 353.64 -869.39 5082.8 334.03
4.2167 -1073.8 5189.3 6.9981 -978.25 5162.8 353.1 -862.21 5082.2 333.58
4.225 -1066.5 5191.8 6.5274 -970.79 5163 352.6 -854.92 5081.5 333.12
4.2333 -1059 5194 6.0272 -963.24 5163.2 352.11 -847.54 5080.6 332.67
4.2417 -1051.6 5196 5.4895 -955.6 5163.2 351.64 -840.1 5079.6 332.23
4.25 -1044 5197.6 4.9004 -947.86 5163.2 351.18 -832.6 5078.5 331.8
4.2583 -1036.4 5198.8 4.2639 -940.04 5163 350.73 -825.09 5077.3 331.38
4.2667 -1028.8 5199.6 3.5804 -932.17 5162.8 350.3 -817.58 5076.1 330.98
4.275 -1021.1 5200 2.8554 -924.27 5162.5 349.88 -810.1 5074.9 330.59
4.2833 -1013.4 5200 2.103 -916.38 5162.2 349.49 -802.65 5073.7 330.22
4.2917 -1005.8 5199.8 1.3259 -908.56 5161.8 349.12 -795.25 5072.7 329.88
4.3 -998.1 5199.3 0.53455 -900.83 5161.5 348.78 -787.9 5071.6 329.55
4.3083 -990.52 5198.8 359.74 -893.24 5161.1 348.46 -780.6 5070.7 329.25
4.3167 -983 5198.1 358.94 -885.81 5160.7 348.18 -773.35 5069.8 328.96
4.325 -975.57 5197.5 358.15 -878.56 5160.4 347.92 -766.13 5069 328.7
4.3333 -968.21 5197 357.35 -871.47 5160.1 347.67 -758.94 5068.3 328.45
4.3417 -960.93 5196.7 356.54 -864.52 5159.8 347.42 -751.78 5067.6 328.21
4.35 -953.71 5196.5 355.72 -857.7 5159.6 347.16 -744.64 5066.9 327.98
4.3583 -946.53 5196.6 354.87 -850.95 5159.4 346.88 -737.52 5066.2 327.75
4.3667 -939.36 5196.7 354 -844.23 5159.1 346.56 -730.41 5065.4 327.52
4.375 -932.17 5196.8 353.08 -837.51 5158.8 346.2 -723.32 5064.7 327.29
4.3833 -924.91 5196.8 352.12 -830.74 5158.5 345.79 -716.26 5063.9 327.06
4.3917 -917.59 5196.6 351.12 -823.89 5158.2 345.33 -709.22 5063.1 326.82
4.4 -910.17 5196.1 350.08 -816.95 5157.7 344.82 -702.21 5062.2 326.59
4.4083 -902.68 5195.2 349.02 -809.91 5157.2 344.27 -695.23 5061.3 326.35
4.4167 -895.14 5194.1 347.95 -802.77 5156.6 343.69 -688.27 5060.4 326.11
4.425 -887.55 5192.6 346.86 -795.53 5155.9 343.1 -681.34 5059.5 325.88
4.4333 -879.97 5190.8 345.78 -788.22 5155.1 342.5 -674.43 5058.6 325.65
4.4417 -872.4 5188.7 344.71 -780.84 5154.3 341.9 -667.53 5057.7 325.44
4.45 -864.86 5186.6 343.65 -773.42 5153.3 341.31 -660.65 5056.8 325.25
4.4583 -857.38 5184.4 342.59 -765.97 5152.2 340.74 -653.78 5055.9 325.07
4.4667 -849.93 5182.3 341.55 -758.49 5151.1 340.18 -646.92 5055 324.91
4.475 -842.52 5180.3 340.53 -750.99 5149.9 339.64 -640.07 5054.1 324.77
4.4833 -835.11 5178.5 339.53 -743.45 5148.5 339.11 -633.23 5053.2 324.65
4.4917 -827.68 5176.8 338.54 -735.88 5147.1 338.58 -626.41 5052.3 324.54
4.5 -820.23 5175.4 337.6 -728.24 5145.5 338.05 -619.6 5051.4 324.44
4.5083 -812.73 5174.1 336.68 -720.53 5143.9 337.52 -612.8 5050.4 324.36
4.5167 -805.19 5173 335.81 -712.73 5142.2 336.97 -606.02 5049.5 324.27
4.525 -797.61 5171.8 334.98 -704.84 5140.3 336.41 -599.23 5048.5 324.2
4.5333 -789.96 5170.7 334.19 -696.83 5138.4 335.84 -592.44 5047.5 324.12
4.5417 -782.27 5169.6 333.45 -688.73 5136.3 335.28 -585.61 5046.4 324.05
4.55 -774.54 5168.4 332.74 -680.52 5134.2 334.72 -578.74 5045.4 323.98
4.5583 -766.78 5167.2 332.08 -672.23 5132 334.17 -571.81 5044.2 323.91
4.5667 -758.96 5165.9 331.46 -663.86 5129.8 333.65 -564.79 5043 323.85
4.575 -751.11 5164.5 330.87 -655.43 5127.5 333.16 -557.67 5041.7 323.78
4.5833 -743.2 5163 330.31 -646.94 5125.2 332.71 -550.42 5040.4 323.72
4.5917 -735.22 5161.5 329.79 -638.41 5122.8 332.29 -543.05 5038.9 323.66
4.6 -727.19 5159.9 329.29 -629.82 5120.4 331.92 -535.54 5037.3 323.6
4.6083 -719.07 5158.3 328.83 -621.18 5118 331.58 -527.89 5035.6 323.55
4.6167 -710.84 5156.7 328.39 -612.48 5115.6 331.27 -520.11 5033.8 323.48
4.625 -702.5 5154.9 327.98 -603.69 5113.1 330.99 -512.2 5031.8 323.42
4.6333 -694.03 5153.2 327.59 -594.81 5110.5 330.72 -504.17 5029.7 323.34
4.6417 -685.41 5151.3 327.21 -585.82 5107.9 330.47 -496.02 5027.5 323.27
4.65 -676.63 5149.2 326.84 -576.71 5105.2 330.23 -487.78 5025.2 323.18
4.6583 -667.71 5147 326.48 -567.46 5102.4 329.99 -479.45 5022.8 323.09
4.6667 -658.63 5144.7 326.11 -558.08 5099.6 329.76 -471.03 5020.4 322.99
4.675 -649.42 5142.1 325.74 -548.56 5096.7 329.54 -462.52 5017.9 322.9
4.6833 -640.08 5139.4 325.36 -538.91 5093.7 329.32 -453.93 5015.5 322.8
4.6917 -630.63 5136.6 324.98 -529.13 5090.7 329.12 -445.25 5013 322.71
4.7 -621.08 5133.6 324.59 -519.23 5087.6 328.94 -436.48 5010.5 322.63
4.7083 -611.44 5130.6 324.2 -509.19 5084.5 328.77 -427.59 5008.1 322.54
4.7167 -601.67 5127.4 323.81 -499.01 5081.3 328.64 -418.6 5005.7 322.47
4.725 -591.79 5124.1 323.4 -488.68 5078.2 328.52 -409.48 5003.4 322.39
4.7333 -581.78 5120.7 323 -478.19 5075 328.43 -400.22 5001 322.31
4.7417 -571.61 5117.2 322.6 -467.51 5071.7 328.37 -390.83 4998.7 322.21
4.75 -561.28 5113.6 322.22 -456.63 5068.5 328.32 -381.3 4996.4 322.11
4.7583 -550.78 5109.8 321.86 -445.53 5065.1 328.29 -371.62 4994.1 321.98
4.7667 -540.12 5105.9 321.53 -434.2 5061.8 328.27 -361.79 4991.7 321.83
4.775 -529.32 5101.8 321.25 -422.64 5058.3 328.25 -351.82 4989.3 321.65
4.7833 -518.38 5097.5 321.03 -410.86 5054.8 328.24 -341.72 4986.9 321.45
4.7917 -507.32 5093.1 320.89 -398.9 5051.2 328.24 -331.5 4984.4 321.23
4.8 -496.15 5088.5 320.82 -386.81 5047.5 328.23 -321.16 4981.9 321.01
4.8083 -484.89 5083.8 320.84 -374.63 5043.8 328.23 -310.73 4979.3 320.78
4.8167 -473.56 5079.1 320.93 -362.44 5039.9 328.22 -300.23 4976.7 320.56
4.825 -462.16 5074.3 321.11 -350.32 5036 328.22 -289.68 4974.2 320.37
4.8333 -450.72 5069.5 321.35 -338.33 5032.1 328.21 -279.11 4971.6 320.22
4.8417 -439.25 5064.7 321.64 -326.56 5028.1 328.19 -268.56 4968.9 320.12
4.85 -427.77 5060 321.95 -315.06 5024.1 328.17 -258.05 4966.3 320.06
4.8583 -416.31 5055.3 322.28 -303.89 5020.1 328.13 -247.63 4963.7 320.06
4.8667 -404.88 5050.8 322.6 -293.08 5016.2 328.07 -237.33 4961.1 320.12
4.875 -393.51 5046.3 322.89 -282.64 5012.2 327.98 -227.18 4958.4 320.22
4.8833 -382.24 5042 323.14 -272.57 5008.3 327.87 -217.23 4955.7 320.37
4.8917 -371.08 5037.7 323.36 -262.85 5004.5 327.73 -207.49 4953 320.53
4.9 -360.04 5033.6 323.53 -253.45 5000.6 327.55 -197.99 4950.2 320.72
4.9083 -349.13 5029.5 323.66 -244.32 4996.8 327.33 -188.74 4947.3 320.9
4.9167 -338.35 5025.4 323.78 -235.41 4993.1 327.09 -179.74 4944.3 321.08
4.925 -327.73 5021.4 323.87 -226.68 4989.3 326.81 -171.01 4941.3 321.24
4.9333 -317.27 5017.3 323.97 -218.1 4985.5 326.52 -162.53 4938.1 321.38
4.9417 -306.97 5013.2 324.06 -209.62 4981.8 326.2 -154.28 4934.9 321.49
4.95 -296.82 5009 324.16 -201.22 4978 325.86 -146.26 4931.6 321.58
4.9583 -286.83 5004.8 324.28 -192.9 4974.1 325.52 -138.43 4928.3 321.65
4.9667 -276.97 5000.5 324.41 -184.64 4970.3 325.18 -130.77 4924.9 321.71
4.975 -267.25 4996.1 324.55 -176.44 4966.4 324.83 -123.28 4921.4 321.76
4.9833 -257.62 4991.6 324.71 -168.31 4962.4 324.48 -115.91 4917.9 321.8
4.9917 -248.1 4987.1 324.89 -160.24 4958.5 324.13 -108.65 4914.3 321.85
5 -238.67 4982.5 325.08 -152.23 4954.5 323.79 -101.49 4910.7 321.9
5.0083 -229.34 4977.8 325.29 -144.27 4950.4 323.45 -94.407 4907.1 321.94
5.0167 -220.1 4973 325.51 -136.34 4946.3 323.1 -87.387 4903.4 321.98
5.025 -210.97 4968.2 325.74 -128.45 4942.1 322.76 -80.42 4899.6 322.02
5.0333 -201.92 4963.3 325.98 -120.56 4937.9 322.41 -73.495 4895.8 322.04
5.0417 -192.97 4958.4 326.24 -112.67 4933.6 322.07 -66.606 4891.9 322.04
5.05 -184.12 4953.4 326.5 -104.74 4929.3 321.73 -59.745 4887.9 322.02
