0.0083333 -20.462 4.5761 98.065 -50.611 115.32 89.518 -25.092 233.02 83.549
0.016667 -19.988 12.127 98.073 -49.986 124.08 89.415 -24.005 241.8 83.469
0.025 -19.504 19.933 98.103 -49.292 133.01 89.284 -22.832 250.64 83.378
0.033333 -19.016 28.014 98.153 -48.532 142.09 89.126 -21.58 259.55 83.277
0.041667 -18.535 36.388 98.214 -47.709 151.34 88.939 -20.256 268.54 83.167
0.05 -18.067 45.071 98.279 -46.825 160.74 88.726 -18.869 277.65 83.051
0.058333 -17.62 54.08 98.341 -45.882 170.28 88.493 -17.427 286.89 82.933
0.066667 -17.203 63.417 98.395 -44.882 179.97 88.233 -15.938 296.28 82.816
0.075 -16.816 73.093 98.434 -43.822 189.78 87.96 -14.409 305.85 82.704
0.083333 -16.459 83.101 98.453 -42.704 199.71 87.672 -12.844 315.6 82.6
0.091667 -16.125 93.427 98.45 -41.527 209.75 87.375 -11.247 325.54 82.506
0.1 -15.805 104.05 98.423 -40.293 219.89 87.072 -9.6226 335.65 82.422
0.10833 -15.479 114.95 98.37 -39.006 230.13 86.768 -7.9732 345.91 82.35
0.11667 -15.141 126.06 98.293 -37.678 240.46 86.462 -6.3034 356.3 82.285
0.125 -14.76 137.37 98.189 -36.317 250.87 86.164 -4.62 366.76 82.227
0.13333 -14.32 148.81 98.061 -34.941 261.34 85.876 -2.9321 377.27 82.17
0.14167 -13.804 160.33 97.909 -33.571 271.87 85.604 -1.2521 387.76 82.111
0.15 -13.198 171.89 97.737 -32.229 282.42 85.352 0.40415 398.21 82.046
0.15833 -12.493 183.43 97.543 -30.938 292.97 85.126 2.0174 408.56 81.974
0.16667 -11.686 194.91 97.328 -29.722 303.5 84.934 3.5663 418.78 81.891
0.175 -10.787 206.28 97.092 -28.601 313.96 84.781 5.0274 428.87 81.8
0.18333 -9.8101 217.54 96.83 -27.591 324.34 84.673 6.377 438.8 81.701
0.19167 -8.7791 228.64 96.54 -26.705 334.6 84.615 7.5927 448.58 81.597
0.2 -7.7185 239.6 96.217 -25.948 344.71 84.61 8.6537 458.23 81.495
0.20833 -6.6517 250.42 95.855 -25.318 354.68 84.661 9.5431 467.76 81.4
0.21667 -5.5957 261.13 95.45 -24.808 364.48 84.766 10.248 477.22 81.318
0.225 -4.5623 271.77 94.999 -24.405 374.13 84.924 10.759 486.63 81.254
0.23333 -3.5578 282.35 94.506 -24.095 383.64 85.129 11.073 496.03 81.216
0.24167 -2.5853 292.91 93.978 -23.858 393.04 85.377 11.192 505.44 81.208
0.25 -1.6457 303.46 93.43 -23.68 402.34 85.66 11.119 514.91 81.232
0.25833 -0.74123 314.01 92.878 -23.543 411.6 85.97 10.863 524.45 81.29
0.26667 0.12537 324.55 92.34 -23.437 420.82 86.301 10.434 534.08 81.382
0.275 0.94968 335.09 91.835 -23.353 430.06 86.647 9.8427 543.81 81.507
0.28333 1.722 345.61 91.376 -23.29 439.32 87.003 9.1015 553.64 81.662
0.29167 2.4289 356.1 90.978 -23.246 448.63 87.365 8.2222 563.57 81.844
0.3 3.056 366.57 90.644 -23.225 458 87.731 7.2161 573.59 82.048
0.30833 3.5881 377 90.379 -23.232 467.43 88.1 6.0936 583.7 82.269
0.31667 4.0137 387.41 90.176 -23.271 476.93 88.472 4.8645 593.87 82.504
0.325 4.3303 397.8 90.029 -23.348 486.5 88.846 3.538 604.09 82.75
0.33333 4.5441 408.17 89.924 -23.463 496.12 89.222 2.1225 614.33 83.003
0.34167 4.6711 418.56 89.847 -23.617 505.8 89.601 0.62673 624.59 83.261
0.35 4.7355 428.96 89.784 -23.809 515.53 89.98 -0.94082 634.83 83.522
0.35833 4.7674 439.4 89.72 -24.033 525.29 90.357 -2.5717 645.05 83.785
0.36667 4.7963 449.89 89.642 -24.286 535.11 90.731 -4.2558 655.22 84.049
0.375 4.8525 460.43 89.545 -24.564 544.97 91.097 -5.9844 665.33 84.314
0.38333 4.9591 471.02 89.422 -24.862 554.89 91.451 -7.7472 675.38 84.579
0.39167 5.1302 481.67 89.274 -25.179 564.87 91.791 -9.5343 685.36 84.845
0.4 5.3671 492.38 89.102 -25.516 574.93 92.113 -11.336 695.27 85.109
0.40833 5.6614 503.14 88.913 -25.874 585.06 92.413 -13.141 705.12 85.373
0.41667 5.9957 513.94 88.714 -26.258 595.28 92.69 -14.941 714.92 85.634
0.425 6.3421 524.79 88.515 -26.674 605.6 92.944 -16.726 724.69 85.892
0.43333 6.6679 535.68 88.326 -27.125 616.02 93.175 -18.487 734.45 86.146
0.44167 6.9408 546.6 88.156 -27.616 626.53 93.383 -20.218 744.21 86.393
0.45 7.1294 557.55 88.013 -28.152 637.15 93.571 -21.911 754 86.632
0.45833 7.2075 568.53 87.905 -28.734 647.86 93.74 -23.562 763.84 86.86
0.46667 7.1587 579.55 87.837 -29.36 658.68 93.891 -25.167 773.74 87.076
0.475 6.9717 590.62 87.808 -30.03 669.59 94.028 -26.726 783.72 87.277
0.48333 6.6453 601.76 87.818 -30.739 680.6 94.149 -28.24 793.78 87.463
0.49167 6.1905 612.99 87.86 -31.483 691.71 94.257 -29.711 803.93 87.631
0.5 5.6222 624.35 87.926 -32.257 702.93 94.353 -31.145 814.16 87.782
0.50833 4.9484 635.86 88.007 -33.058 714.27 94.438 -32.552 824.48 87.916
0.51667 4.2096 647.54 88.094 -33.885 725.73 94.514 -33.94 834.87 88.034
0.525 3.4111 659.41 88.179 -34.739 737.33 94.585 -35.319 845.34 88.137
0.53333 2.5691 671.46 88.261 -35.626 749.06 94.655 -36.701 855.88 88.226
0.54167 1.6935 683.69 88.339 -36.552 760.94 94.728 -38.097 866.49 88.303
0.55 0.77655 696.09 88.416 -37.531 772.97 94.811 -39.515 877.19 88.369
0.55833 -0.18611 708.63 88.494 -38.572 785.15 94.909 -40.963 887.98 88.426
0.56667 -1.2035 721.31 88.573 -39.689 797.48 95.029 -42.445 898.88 88.473
0.575 -2.2792 734.15 88.653 -40.896 809.96 95.177 -43.963 909.91 88.508
0.58333 -3.4191 747.15 88.732 -42.202 822.59 95.356 -45.516 921.09 88.531
0.59167 -4.6222 760.36 88.806 -43.614 835.35 95.567 -47.102 932.44 88.538
0.6 -5.8906 773.78 88.873 -45.135 848.25 95.811 -48.716 943.96 88.528
0.60833 -7.216 787.46 88.932 -46.764 861.27 96.084 -50.353 955.68 88.497
0.61667 -8.5916 801.39 88.984 -48.493 874.41 96.379 -52.008 967.59 88.444
0.625 -10.013 815.6 89.034 -50.31 887.67 96.692 -53.678 979.69 88.37
0.63333 -11.468 830.05 89.09 -52.2 901.02 97.011 -55.361 991.97 88.275
0.64167 -12.951 844.72 89.163 -54.143 914.47 97.329 -57.059 1004.4 88.165
0.65 -14.477 859.56 89.263 -56.116 928 97.638 -58.772 1017 88.043
0.65833 -16.04 874.51 89.408 -58.097 941.6 97.929 -60.504 1029.6 87.918
0.66667 -17.656 889.5 89.607 -60.06 955.24 98.197 -62.26 1042.4 87.798
0.675 -19.338 904.47 89.869 -61.983 968.91 98.435 -64.04 1055.1 87.692
0.68333 -21.091 919.35 90.198 -63.842 982.57 98.643 -65.845 1067.9 87.609
0.69167 -22.918 934.09 90.593 -65.617 996.2 98.819 -67.669 1080.7 87.556
0.7 -24.813 948.63 91.047 -67.291 1009.8 98.962 -69.503 1093.4 87.537
0.70833 -26.763 962.94 91.547 -68.85 1023.2 99.074 -71.33 1106.1 87.554
0.71667 -28.757 976.97 92.075 -70.284 1036.6 99.157 -73.13 1118.8 87.605
0.725 -30.775 990.72 92.608 -71.585 1049.7 99.211 -74.874 1131.4 87.685
0.73333 -32.797 1004.2 93.128 -72.754 1062.7 99.237 -76.533 1144 87.785
0.74167 -34.812 1017.4 93.621 -73.793 1075.6 99.237 -78.075 1156.5 87.896
0.75 -36.805 1030.3 94.079 -74.71 1088.2 99.21 -79.468 1169 88.006
0.75833 -38.768 1043.1 94.499 -75.515 1100.6 99.157 -80.683 1181.5 88.102
0.76667 -40.693 1055.8 94.882 -76.223 1112.9 99.075 -81.698 1194 88.174
0.775 -42.574 1068.3 95.228 -76.849 1125 98.965 -82.496 1206.5 88.212
0.78333 -44.404 1080.8 95.543 -77.411 1136.9 98.826 -83.07 1219 88.211
0.79167 -46.181 1093.2 95.83 -77.927 1148.7 98.656 -83.422 1231.5 88.166
0.8 -47.895 1105.6 96.1 -78.411 1160.5 98.457 -83.56 1244 88.078
0.80833 -49.539 1117.9 96.359 -78.879 1172.2 98.232 -83.504 1256.4 87.949
0.81667 -51.108 1130.3 96.615 -79.344 1183.9 97.982 -83.275 1268.8 87.783
0.825 -52.594 1142.5 96.876 -79.812 1195.5 97.711 -82.902 1281.2 87.588
0.83333 -53.992 1154.8 97.147 -80.29 1207.1 97.423 -82.412 1293.6 87.369
0.84167 -55.301 1167 97.431 -80.778 1218.8 97.121 -81.834 1305.9 87.133
0.85 -56.523 1179.2 97.731 -81.274 1230.4 96.809 -81.192 1318.1 86.887
0.85833 -57.663 1191.3 98.045 -81.772 1242.1 96.489 -80.504 1330.4 86.635
0.86667 -58.724 1203.4 98.374 -82.264 1253.7 96.163 -79.787 1342.5 86.379
0.875 -59.722 1215.5 98.715 -82.741 1265.5 95.834 -79.048 1354.7 86.122
0.88333 -60.666 1227.5 99.062 -83.194 1277.2 95.503 -78.292 1366.8 85.864
0.89167 -61.571 1239.5 99.412 -83.614 1288.9 95.171 -77.519 1378.9 85.603
0.9 -62.45 1251.4 99.762 -83.996 1300.7 94.841 -76.726 1390.9 85.339
0.90833 -63.315 1263.3 100.11 -84.336 1312.6 94.517 -75.908 1402.9 85.069
0.91667 -64.175 1275.2 100.44 -84.634 1324.5 94.201 -75.061 1414.9 84.792
0.925 -65.035 1287.1 100.77 -84.895 1336.5 93.898 -74.185 1426.9 84.507
0.93333 -65.894 1298.9 101.08 -85.129 1348.5 93.612 -73.276 1438.9 84.214
0.94167 -66.746 1310.7 101.38 -85.349 1360.6 93.345 -72.339 1450.8 83.91
0.95 -67.579 1322.6 101.67 -85.575 1372.8 93.103 -71.378 1462.8 83.597
0.95833 -68.379 1334.6 101.94 -85.829 1385.1 92.887 -70.398 1474.7 83.274
0.96667 -69.122 1346.6 102.2 -86.13 1397.4 92.701 -69.408 1486.7 82.94
0.975 -69.79 1358.8 102.44 -86.496 1409.8 92.544 -68.415 1498.6 82.594
0.98333 -70.365 1371.1 102.66 -86.939 1422.2 92.416 -67.424 1510.6 82.236
0.99167 -70.835 1383.6 102.87 -87.463 1434.7 92.316 -66.441 1522.6 81.864
1 -71.19 1396.2 103.06 -88.062 1447.2 92.239 -65.467 1534.6 81.477
1.0083 -71.432 1409 103.23 -88.721 1459.7 92.183 -64.501 1546.7 81.075
1.0167 -71.567 1422.1 103.39 -89.422 1472.3 92.142 -63.541 1558.8 80.658
1.025 -71.609 1435.2 103.54 -90.138 1484.9 92.113 -62.582 1570.9 80.225
1.0333 -71.584 1448.6 103.71 -90.844 1497.5 92.092 -61.621 1583.1 79.781
1.0417 -71.524 1462.1 103.88 -91.515 1510.3 92.075 -60.651 1595.4 79.327
1.05 -71.469 1475.7 104.08 -92.129 1523.1 92.061 -59.671 1607.6 78.869
1.0583 -71.455 1489.3 104.28 -92.667 1535.9 92.049 -58.678 1620 78.411
1.0667 -71.502 1503.1 104.5 -93.118 1548.9 92.038 -57.674 1632.4 77.959
1.075 -71.617 1516.8 104.71 -93.474 1562 92.026 -56.664 1644.8 77.52
1.0833 -71.794 1530.6 104.91 -93.733 1575.2 92.013 -55.653 1657.3 77.098
1.0917 -72.022 1544.3 105.08 -93.896 1588.6 91.998 -54.65 1669.9 76.698
1.1 -72.293 1558.1 105.22 -93.969 1602 91.98 -53.663 1682.5 76.322
1.1083 -72.603 1572 105.32 -93.959 1615.6 91.955 -52.703 1695.2 75.973
1.1167 -72.96 1585.9 105.38 -93.876 1629.3 91.921 -51.777 1708 75.651
1.125 -73.369 1600 105.4 -93.73 1643.1 91.874 -50.894 1720.8 75.354
1.1333 -73.84 1614.2 105.37 -93.529 1656.9 91.812 -50.057 1733.7 75.079
1.1417 -74.375 1628.7 105.31 -93.284 1670.9 91.734 -49.272 1746.7 74.824
1.15 -74.969 1643.3 105.2 -93.002 1684.8 91.639 -48.538 1759.7 74.584
1.1583 -75.614 1658.1 105.06 -92.696 1698.8 91.528 -47.855 1772.9 74.353
1.1667 -76.288 1673 104.87 -92.375 1712.8 91.406 -47.223 1786 74.128
1.175 -76.974 1687.9 104.65 -92.055 1726.8 91.279 -46.641 1799.2 73.903
1.1833 -77.645 1702.9 104.38 -91.75 1740.7 91.156 -46.109 1812.5 73.674
1.1917 -78.281 1717.7 104.08 -91.482 1754.6 91.046 -45.628 1825.7 73.437
1.2 -78.856 1732.5 103.75 -91.271 1768.5 90.961 -45.203 1838.9 73.189
1.2083 -79.343 1747 103.41 -91.138 1782.2 90.911 -44.84 1852 72.927
1.2167 -79.725 1761.3 103.05 -91.104 1795.9 90.908 -44.549 1865.1 72.648
1.225 -79.997 1775.4 102.7 -91.188 1809.4 90.959 -44.342 1878.2 72.353
1.2333 -80.165 1789.3 102.37 -91.405 1822.8 91.069 -44.233 1891.1 72.04
1.2417 -80.245 1803 102.06 -91.765 1836 91.242 -44.238 1904 71.711
1.25 -80.257 1816.5 101.78 -92.271 1849.1 91.476 -44.374 1916.9 71.369
1.2583 -80.219 1829.8 101.53 -92.919 1862.1 91.766 -44.656 1929.7 71.016
1.2667 -80.147 1843.1 101.31 -93.7 1874.8 92.104 -45.099 1942.4 70.658
1.275 -80.056 1856.2 101.13 -94.595 1887.4 92.482 -45.716 1955.2 70.303
1.2833 -79.967 1869.4 100.96 -95.585 1899.8 92.889 -46.519 1967.9 69.957
1.2917 -79.901 1882.5 100.82 -96.644 1912.1 93.314 -47.516 1980.7 69.63
1.3 -79.883 1895.5 100.7 -97.75 1924.2 93.748 -48.711 1993.5 69.329
1.3083 -79.937 1908.6 100.6 -98.882 1936.2 94.183 -50.106 2006.3 69.065
1.3167 -80.084 1921.6 100.51 -100.03 1948.2 94.614 -51.701 2019.2 68.844
1.325 -80.343 1934.5 100.44 -101.17 1960 95.038 -53.49 2032.1 68.672
1.3333 -80.727 1947.3 100.39 -102.31 1971.8 95.454 -55.466 2045.1 68.553
1.3417 -81.247 1960 100.34 -103.45 1983.6 95.864 -57.617 2058.1 68.487
1.35 -81.905 1972.5 100.31 -104.59 1995.4 96.269 -59.932 2071.1 68.475
1.3583 -82.702 1984.9 100.28 -105.75 2007.2 96.674 -62.393 2084.1 68.51
1.3667 -83.629 1997.2 100.25 -106.94 2019 97.082 -64.984 2097.1 68.586
1.375 -84.674 2009.3 100.23 -108.18 2030.8 97.494 -67.686 2110 68.695
1.3833 -85.819 2021.3 100.19 -109.47 2042.6 97.911 -70.479 2122.9 68.825
1.3917 -87.042 2033.3 100.15 -110.83 2054.5 98.332 -73.346 2135.7 68.966
1.4 -88.322 2045.1 100.1 -112.25 2066.4 98.756 -76.269 2148.4 69.11
1.4083 -89.64 2056.9 100.03 -113.75 2078.3 99.175 -79.231 2161.1 69.246
1.4167 -90.98 2068.7 99.947 -115.33 2090.3 99.586 -82.219 2173.6 69.369
1.425 -92.328 2080.4 99.839 -116.98 2102.3 99.982 -85.225 2186.1 69.474
1.4333 -93.677 2092.2 99.707 -118.7 2114.4 100.36 -88.238 2198.5 69.559
1.4417 -95.026 2104 99.551 -120.48 2126.6 100.7 -91.255 2210.8 69.624
1.45 -96.377 2115.9 99.372 -122.33 2138.8 101.02 -94.274 2223.1 69.673
1.4583 -97.735 2127.8 99.172 -124.24 2151 101.3 -97.293 2235.4 69.706
1.4667 -99.114 2139.7 98.957 -126.2 2163.4 101.55 -100.31 2247.6 69.729
1.475 -100.52 2151.8 98.732 -128.22 2175.8 101.76 -103.34 2259.8 69.745
1.4833 -101.97 2163.9 98.508 -130.29 2188.2 101.93 -106.36 2272.1 69.756
1.4917 -103.47 2176 98.293 -132.41 2200.8 102.07 -109.39 2284.3 69.763
1.5 -105.03 2188.2 98.096 -134.59 2213.3 102.17 -112.41 2296.5 69.767
1.5083 -106.66 2200.5 97.924 -136.83 2225.9 102.25 -115.43 2308.8 69.766
1.5167 -108.37 2212.8 97.779 -139.11 2238.6 102.31 -118.44 2321.1 69.758
1.525 -110.15 2225.2 97.661 -141.45 2251.3 102.34 -121.45 2333.4 69.74
1.5333 -112.02 2237.7 97.564 -143.85 2264 102.35 -124.44 2345.8 69.71
1.5417 -113.96 2250.3 97.48 -146.29 2276.7 102.35 -127.41 2358.2 69.664
1.55 -115.99 2263.1 97.399 -148.79 2289.4 102.34 -130.38 2370.7 69.603
1.5583 -118.08 2275.9 97.317 -151.34 2302.2 102.31 -133.32 2383.2 69.525
1.5667 -120.25 2288.9 97.23 -153.94 2315.1 102.29 -136.27 2395.8 69.431
1.575 -122.5 2301.9 97.136 -156.6 2328 102.27 -139.2 2408.4 69.323
1.5833 -124.82 2315.1 97.041 -159.32 2341.1 102.25 -142.15 2421 69.204
1.5917 -127.22 2328.3 96.941 -162.1 2354.2 102.24 -145.1 2433.7 69.075
1.6 -129.7 2341.6 96.839 -164.96 2367.4 102.25 -148.07 2446.5 68.938
1.6083 -132.28 2355 96.736 -167.88 2380.6 102.27 -151.07 2459.4 68.794
1.6167 -134.95 2368.5 96.63 -170.88 2393.9 102.31 -154.09 2472.3 68.643
1.625 -137.73 2382.2 96.527 -173.96 2407.3 102.38 -157.14 2485.3 68.484
1.6333 -140.61 2396.2 96.43 -177.12 2420.8 102.46 -160.21 2498.5 68.315
1.6417 -143.58 2410.4 96.346 -180.36 2434.2 102.55 -163.32 2511.7 68.135
1.65 -146.65 2424.8 96.282 -183.67 2447.7 102.66 -166.45 2525 67.943
1.6583 -149.8 2439.5 96.249 -187.05 2461.1 102.78 -169.61 2538.4 67.738
1.6667 -153.02 2454.5 96.258 -190.49 2474.5 102.89 -172.8 2551.9 67.522
1.675 -156.29 2469.6 96.32 -193.98 2488 103.01 -176.02 2565.4 67.3
1.6833 -159.6 2484.8 96.447 -197.48 2501.4 103.12 -179.27 2578.9 67.077
1.6917 -162.94 2500 96.645 -200.99 2514.8 103.21 -182.56 2592.4 66.863
1.7 -166.3 2515.1 96.915 -204.47 2528.2 103.28 -185.88 2605.9 66.665
1.7083 -169.65 2530 97.252 -207.9 2541.7 103.32 -189.25 2619.3 66.496
1.7167 -173 2544.7 97.648 -211.26 2555.2 103.34 -192.66 2632.6 66.364
1.725 -176.33 2559.1 98.085 -214.51 2568.7 103.33 -196.1 2645.8 66.278
1.7333 -179.62 2573.2 98.543 -217.64 2582.2 103.29 -199.55 2659 66.243
1.7417 -182.87 2586.9 98.997 -220.64 2595.7 103.23 -203.02 2672.1 66.261
1.75 -186.06 2600.2 99.424 -223.48 2609.2 103.13 -206.46 2685.1 66.332
1.7583 -189.19 2613.2 99.809 -226.17 2622.7 103.01 -209.85 2698.1 66.45
1.7667 -192.27 2625.9 100.15 -228.71 2636 102.86 -213.17 2711.1 66.606
1.775 -195.3 2638.3 100.43 -231.11 2649.2 102.7 -216.37 2724.1 66.789
1.7833 -198.31 2650.6 100.67 -233.38 2662.2 102.51 -219.42 2737.2 66.984
1.7917 -201.28 2662.8 100.87 -235.53 2675.1 102.32 -222.3 2750.3 67.18
1.8 -204.23 2675 101.04 -237.59 2687.7 102.1 -224.98 2763.5 67.362
1.8083 -207.14 2687.1 101.19 -239.58 2700.1 101.88 -227.44 2776.7 67.52
1.8167 -210 2699.1 101.32 -241.52 2712.3 101.65 -229.69 2790.1 67.647
1.825 -212.78 2711.2 101.45 -243.42 2724.3 101.42 -231.71 2803.4 67.739
1.8333 -215.48 2723.4 101.59 -245.29 2736.2 101.17 -233.52 2816.9 67.795
1.8417 -218.07 2735.5 101.75 -247.15 2748 100.92 -235.14 2830.3 67.817
1.85 -220.54 2747.6 101.94 -248.99 2759.7 100.66 -236.58 2843.7 67.809
1.8583 -222.87 2759.6 102.15 -250.82 2771.4 100.39 -237.88 2857 67.776
1.8667 -225.07 2771.7 102.4 -252.63 2783.1 100.12 -239.04 2870.3 67.723
1.875 -227.15 2783.7 102.69 -254.42 2794.9 99.849 -240.1 2883.4 67.653
1.8833 -229.13 2795.7 103.01 -256.19 2806.8 99.572 -241.06 2896.4 67.569
1.8917 -231.04 2807.6 103.36 -257.93 2818.8 99.294 -241.95 2909.4 67.471
1.9 -232.91 2819.5 103.73 -259.65 2830.8 99.019 -242.77 2922.1 67.358
1.9083 -234.76 2831.3 104.13 -261.33 2843 98.752 -243.51 2934.8 67.228
1.9167 -236.62 2843 104.54 -263 2855.2 98.495 -244.2 2947.4 67.078
1.925 -238.5 2854.7 104.97 -264.64 2867.5 98.252 -244.82 2959.8 66.904
1.9333 -240.42 2866.4 105.39 -266.28 2879.9 98.028 -245.37 2972.2 66.704
1.9417 -242.37 2878 105.82 -267.91 2892.3 97.826 -245.87 2984.6 66.478
1.95 -244.34 2889.6 106.24 -269.54 2904.8 97.648 -246.3 2996.8 66.227
1.9583 -246.32 2901.1 106.65 -271.19 2917.4 97.494 -246.68 3009.1 65.952
1.9667 -248.29 2912.8 107.05 -272.84 2929.9 97.364 -247.02 3021.3 65.658
1.975 -250.21 2924.4 107.43 -274.49 2942.6 97.258 -247.33 3033.5 65.351
1.9833 -252.06 2936.2 107.8 -276.15 2955.3 97.173 -247.62 3045.8 65.036
1.9917 -253.82 2948.1 108.14 -277.8 2968.1 97.106 -247.91 3058 64.72
2 -255.47 2960.1 108.45 -279.43 2981 97.053 -248.2 3070.2 64.407
2.0083 -257.01 2972.3 108.74 -281.04 2993.9 97.012 -248.51 3082.5 64.103
2.0167 -258.45 2984.6 108.99 -282.62 3006.9 96.979 -248.83 3094.8 63.81
2.025 -259.78 2997.1 109.21 -284.15 3020 96.952 -249.17 3107.1 63.529
2.0333 -261.04 3009.8 109.4 -285.64 3033.1 96.929 -249.52 3119.5 63.26
2.0417 -262.24 3022.6 109.57 -287.08 3046.4 96.909 -249.88 3131.9 63.001
2.05 -263.41 3035.6 109.71 -288.48 3059.6 96.891 -250.22 3144.4 62.75
2.0583 -264.57 3048.7 109.84 -289.82 3072.9 96.875 -250.55 3157 62.505
2.0667 -265.74 3061.9 109.96 -291.12 3086.3 96.861 -250.85 3169.6 62.261
2.075 -266.95 3075.3 110.07 -292.37 3099.7 96.849 -251.1 3182.2 62.017
2.0833 -268.21 3088.7 110.16 -293.57 3113.1 96.837 -251.29 3194.9 61.77
2.0917 -269.52 3102.2 110.22 -294.73 3126.7 96.822 -251.43 3207.7 61.519
2.1 -270.86 3115.7 110.26 -295.83 3140.3 96.801 -251.49 3220.5 61.261
2.1083 -272.23 3129.2 110.27 -296.87 3154 96.769 -251.49 3233.4 60.999
2.1167 -273.62 3142.8 110.25 -297.83 3167.8 96.72 -251.42 3246.4 60.73
2.125 -275.04 3156.4 110.21 -298.71 3181.7 96.649 -251.29 3259.4 60.458
2.1333 -276.5 3170.1 110.15 -299.5 3195.8 96.551 -251.09 3272.5 60.182
2.1417 -278.02 3184 110.08 -300.19 3209.9 96.419 -250.84 3285.7 59.906
2.15 -279.6 3198.1 110 -300.77 3224.2 96.254 -250.53 3299 59.632
2.1583 -281.26 3212.3 109.9 -301.23 3238.5 96.055 -250.18 3312.3 59.361
2.1667 -283 3226.8 109.8 -301.6 3253 95.821 -249.78 3325.8 59.097
2.175 -284.8 3241.4 109.67 -301.86 3267.4 95.559 -249.35 3339.4 58.843
2.1833 -286.65 3256.2 109.5 -302.04 3281.9 95.276 -248.88 3353 58.6
2.1917 -288.54 3271.1 109.28 -302.16 3296.4 94.981 -248.38 3366.7 58.37
2.2 -290.42 3286 109.01 -302.25 3310.8 94.685 -247.86 3380.5 58.154
2.2083 -292.27 3300.9 108.68 -302.33 3325.1 94.396 -247.32 3394.4 57.952
2.2167 -294.05 3315.7 108.29 -302.45 3339.4 94.125 -246.76 3408.2 57.763
2.225 -295.71 3330.3 107.84 -302.61 3353.5 93.88 -246.2 3422.1 57.583
2.2333 -297.23 3344.8 107.34 -302.86 3367.5 93.668 -245.65 3435.9 57.41
2.2417 -298.56 3359.1 106.81 -303.2 3381.3 93.493 -245.11 3449.6 57.24
2.25 -299.71 3373.1 106.25 -303.66 3395 93.358 -244.59 3463.3 57.068
2.2583 -300.66 3387 105.68 -304.23 3408.6 93.262 -244.12 3476.9 56.891
2.2667 -301.45 3400.6 105.12 -304.92 3421.9 93.202 -243.71 3490.4 56.706
2.275 -302.07 3414.1 104.59 -305.71 3435.1 93.175 -243.36 3503.8 56.511
2.2833 -302.55 3427.5 104.08 -306.61 3448.1 93.175 -243.1 3517.1 56.308
2.2917 -302.91 3440.7 103.61 -307.58 3460.9 93.199 -242.93 3530.4 56.098
2.3 -303.16 3453.9 103.18 -308.62 3473.5 93.24 -242.88 3543.6 55.887
2.3083 -303.34 3467 102.77 -309.7 3485.9 93.294 -242.95 3556.7 55.679
2.3167 -303.48 3480.1 102.4 -310.8 3498.1 93.358 -243.14 3569.9 55.48
2.325 -303.61 3493.1 102.05 -311.92 3510.2 93.429 -243.48 3583 55.298
2.3333 -303.75 3506.1 101.72 -313.04 3522.2 93.506 -243.95 3596.1 55.136
2.3417 -303.95 3519 101.39 -314.16 3534.1 93.59 -244.55 3609.2 55
2.35 -304.21 3531.9 101.07 -315.26 3546 93.682 -245.28 3622.3 54.889
2.3583 -304.56 3544.7 100.74 -316.36 3557.8 93.779 -246.14 3635.4 54.804
2.3667 -304.99 3557.4 100.41 -317.44 3569.6 93.884 -247.11 3648.5 54.74
2.375 -305.52 3570 100.06 -318.53 3581.4 93.996 -248.17 3661.6 54.694
2.3833 -306.14 3582.5 99.694 -319.62 3593.3 94.114 -249.33 3674.7 54.659
2.3917 -306.83 3594.9 99.32 -320.73 3605.2 94.236 -250.55 3687.7 54.628
2.4 -307.59 3607.2 98.938 -321.86 3617.2 94.359 -251.84 3700.7 54.594
2.4083 -308.4 3619.4 98.552 -323 3629.2 94.481 -253.18 3713.7 54.554
2.4167 -309.24 3631.5 98.164 -324.18 3641.3 94.597 -254.57 3726.5 54.504
2.425 -310.1 3643.6 97.775 -325.38 3653.5 94.706 -256.01 3739.3 54.443
2.4333 -310.97 3655.7 97.387 -326.6 3665.6 94.804 -257.49 3752.1 54.372
2.4417 -311.83 3667.7 96.995 -327.85 3677.8 94.89 -259.01 3764.8 54.294
2.45 -312.69 3679.7 96.597 -329.1 3690.1 94.962 -260.57 3777.4 54.213
2.4583 -313.54 3691.7 96.183 -330.38 3702.3 95.019 -262.17 3789.9 54.131
2.4667 -314.4 3703.8 95.747 -331.66 3714.6 95.061 -263.81 3802.4 54.053
2.475 -315.28 3715.9 95.283 -332.94 3726.8 95.091 -265.49 3814.8 53.979
2.4833 -316.18 3728 94.787 -334.24 3739.2 95.108 -267.19 3827.2 53.909
2.4917 -317.13 3740.2 94.259 -335.55 3751.5 95.113 -268.91 3839.6 53.84
2.5 -318.11 3752.4 93.703 -336.88 3763.9 95.109 -270.63 3851.9 53.769
2.5083 -319.15 3764.8 93.128 -338.22 3776.4 95.095 -272.35 3864.2 53.689
2.5167 -320.25 3777.1 92.546 -339.59 3789 95.072 -274.03 3876.4 53.595
2.525 -321.39 3789.5 91.974 -340.98 3801.6 95.039 -275.68 3888.7 53.48
2.5333 -322.57 3802 91.426 -342.41 3814.2 94.995 -277.29 3900.9 53.34
2.5417 -323.79 3814.4 90.917 -343.86 3827 94.939 -278.85 3913.1 53.175
2.55 -325.03 3826.9 90.454 -345.34 3839.8 94.868 -280.37 3925.3 52.983
2.5583 -326.31 3839.4 90.043 -346.84 3852.6 94.782 -281.85 3937.6 52.769
2.5667 -327.61 3852 89.681 -348.36 3865.5 94.68 -283.3 3949.8 52.539
2.575 -328.94 3864.7 89.361 -349.9 3878.4 94.564 -284.74 3962.1 52.299
2.5833 -330.27 3877.5 89.076 -351.45 3891.4 94.433 -286.19 3974.4 52.057
2.5917 -331.63 3890.4 88.817 -353.01 3904.4 94.292 -287.65 3986.7 51.82
2.6 -333.01 3903.4 88.569 -354.56 3917.5 94.142 -289.14 3999.1 51.592
2.6083 -334.43 3916.5 88.331 -356.11 3930.7 93.99 -290.65 4011.5 51.374
2.6167 -335.89 3929.8 88.091 -357.65 3944 93.838 -292.2 4024 51.167
2.625 -337.4 3943.2 87.844 -359.19 3957.3 93.691 -293.75 4036.5 50.965
2.6333 -338.96 3956.8 87.582 -360.73 3970.7 93.552 -295.31 4049.1 50.763
2.6417 -340.58 3970.6 87.302 -362.28 3984.1 93.424 -296.85 4061.7 50.55
2.65 -342.25 3984.5 87.003 -363.83 3997.7 93.307 -298.33 4074.4 50.32
2.6583 -343.96 3998.7 86.692 -365.39 4011.2 93.201 -299.75 4087.2 50.065
2.6667 -345.72 4013.2 86.377 -366.96 4024.9 93.104 -301.08 4100.1 49.78
2.675 -347.51 4027.8 86.073 -368.56 4038.5 93.012 -302.31 4113.1 49.464
2.6833 -349.31 4042.7 85.796 -370.17 4052.1 92.92 -303.42 4126.1 49.119
2.6917 -351.13 4057.8 85.565 -371.79 4065.8 92.824 -304.43 4139.3 48.751
2.7 -352.93 4073 85.399 -373.41 4079.4 92.719 -305.34 4152.6 48.371
2.7083 -354.72 4088.2 85.311 -375.03 4093.1 92.6 -306.17 4165.9 47.99
2.7167 -356.48 4103.4 85.314 -376.61 4106.7 92.465 -306.94 4179.4 47.62
2.725 -358.22 4118.4 85.403 -378.15 4120.3 92.31 -307.68 4192.8 47.273
2.7333 -359.92 4133.3 85.581 -379.61 4133.9 92.134 -308.41 4206.3 46.958
2.7417 -361.57 4147.9 85.832 -380.99 4147.5 91.937 -309.13 4219.8 46.68
2.75 -363.19 4162.1 86.136 -382.24 4161.1 91.718 -309.87 4233.2 46.44
2.7583 -364.75 4176.1 86.465 -383.35 4174.7 91.477 -310.6 4246.6 46.237
2.7667 -366.24 4189.7 86.791 -384.3 4188.3 91.214 -311.33 4259.9 46.062
2.775 -367.67 4202.9 87.077 -385.07 4201.9 90.929 -312.01 4273.1 45.907
2.7833 -369.01 4215.9 87.295 -385.67 4215.5 90.622 -312.62 4286.2 45.76
2.7917 -370.25 4228.5 87.425 -386.08 4229 90.291 -313.12 4299.2 45.611
2.8 -371.38 4240.8 87.457 -386.31 4242.4 89.936 -313.46 4312.1 45.447
2.8083 -372.38 4253 87.394 -386.36 4255.8 89.556 -313.59 4324.9 45.262
2.8167 -373.21 4265 87.244 -386.26 4268.9 89.15 -313.47 4337.6 45.049
2.825 -373.84 4276.9 87.027 -386.01 4281.9 88.717 -313.08 4350.3 44.807
2.8333 -374.25 4288.6 86.763 -385.64 4294.7 88.258 -312.39 4362.9 44.538
2.8417 -374.4 4300.3 86.476 -385.15 4307.4 87.773 -311.39 4375.5 44.244
2.85 -374.29 4311.8 86.193 -384.57 4319.8 87.265 -310.08 4388.2 43.932
2.8583 -373.9 4323.2 85.935 -383.9 4332 86.735 -308.48 4400.7 43.608
2.8667 -373.24 4334.5 85.722 -383.15 4344.1 86.186 -306.62 4413.3 43.276
2.875 -372.32 4345.7 85.565 -382.31 4356.1 85.621 -304.51 4425.9 42.941
2.8833 -371.15 4356.7 85.47 -381.39 4368 85.041 -302.19 4438.3 42.605
2.8917 -369.79 4367.6 85.434 -380.38 4379.8 84.449 -299.71 4450.7 42.264
2.9 -368.27 4378.5 85.449 -379.26 4391.6 83.847 -297.09 4463 41.917
2.9083 -366.63 4389.3 85.504 -378.04 4403.4 83.235 -294.36 4475.1 41.56
2.9167 -364.93 4400 85.586 -376.69 4415.2 82.617 -291.56 4487.1 41.186
2.925 -363.22 4410.8 85.677 -375.22 4427 81.996 -288.71 4499 40.793
2.9333 -361.54 4421.6 85.77 -373.62 4438.8 81.367 -285.81 4510.6 40.377
2.9417 -359.93 4432.4 85.852 -371.88 4450.7 80.736 -282.89 4522.1 39.938
2.95 -358.42 4443.2 85.917 -370.02 4462.6 80.107 -279.96 4533.4 39.478
2.9583 -357.01 4454.1 85.964 -368.04 4474.5 79.48 -277 4544.6 39.002
2.9667 -355.71 4464.9 85.992 -365.94 4486.4 78.868 -274.02 4555.7 38.515
2.975 -354.49 4475.8 86.005 -363.74 4498.3 78.278 -271.02 4566.7 38.027
2.9833 -353.33 4486.6 86.011 -361.45 4510.2 77.708 -267.98 4577.6 37.545
2.9917 -352.2 4497.4 86.014 -359.07 4522 77.165 -264.9 4588.5 37.077
3 -351.05 4508.1 86.019 -356.6 4533.9 76.661 -261.77 4599.3 36.626
3.0083 -349.84 4518.9 86.03 -354.06 4545.7 76.197 -258.57 4610.2 36.197
3.0167 -348.54 4529.7 86.047 -351.44 4557.5 75.777 -255.29 4621 35.789
3.025 -347.12 4540.5 86.071 -348.75 4569.3 75.4 -251.92 4631.8 35.4
3.0333 -345.54 4551.3 86.095 -345.97 4581.1 75.067 -248.45 4642.6 35.024
3.0417 -343.8 4562.3 86.117 -343.1 4592.9 74.773 -244.86 4653.4 34.655
3.05 -341.88 4573.3 86.129 -340.14 4604.7 74.516 -241.15 4664.2 34.289
3.0583 -339.78 4584.5 86.124 -337.08 4616.4 74.29 -237.31 4675 33.919
3.0667 -337.52 4595.8 86.099 -333.92 4628.1 74.089 -233.34 4685.8 33.543
3.075 -335.09 4607.3 86.051 -330.65 4639.8 73.909 -229.24 4696.5 33.16
3.0833 -332.51 4619 85.983 -327.28 4651.4 73.745 -225.02 4707.3 32.772
3.0917 -329.76 4630.8 85.9 -323.8 4663 73.593 -220.69 4718 32.381
3.1 -326.88 4642.8 85.806 -320.2 4674.5 73.451 -216.25 4728.7 31.995
3.1083 -323.85 4654.9 85.719 -316.49 4686 73.316 -211.72 4739.4 31.618
3.1167 -320.7 4667.1 85.633 -312.66 4697.5 73.188 -207.1 4750.1 31.257
3.125 -317.44 4679.5 85.551 -308.69 4708.9 73.065 -202.39 4760.8 30.915
3.1333 -314.09 4691.9 85.476 -304.6 4720.3 72.947 -197.61 4771.5 30.594
3.1417 -310.64 4704.3 85.406 -300.35 4731.7 72.83 -192.75 4782.1 30.29
3.15 -307.11 4716.8 85.335 -295.96 4743.2 72.714 -187.81 4792.8 30.001
3.1583 -303.48 4729.3 85.267 -291.39 4754.6 72.593 -182.77 4803.4 29.718
3.1667 -299.74 4741.9 85.2 -286.66 4766.1 72.465 -177.62 4813.9 29.432
3.175 -295.89 4754.6 85.133 -281.74 4777.7 72.324 -172.35 4824.4 29.133
3.1833 -291.92 4767.4 85.065 -276.64 4789.3 72.164 -166.95 4834.9 28.812
3.1917 -287.83 4780.4 84.992 -271.36 4801 71.98 -161.4 4845.3 28.461
3.2 -283.63 4793.6 84.905 -265.91 4812.7 71.769 -155.69 4855.7 28.077
3.2083 -279.29 4807 84.793 -260.28 4824.4 71.526 -149.83 4866.1 27.66
3.2167 -274.81 4820.5 84.639 -254.51 4836.1 71.251 -143.81 4876.4 27.212
3.225 -270.18 4834.2 84.428 -248.61 4847.7 70.943 -137.64 4886.7 26.74
3.2333 -265.39 4847.9 84.144 -242.61 4859.3 70.604 -131.34 4897 26.254
3.2417 -260.45 4861.6 83.775 -236.53 4870.9 70.236 -124.92 4907.3 25.765
3.25 -255.35 4875.2 83.319 -230.42 4882.4 69.844 -118.4 4917.6 25.283
3.2583 -250.09 4888.5 82.772 -224.29 4893.7 69.433 -111.81 4927.9 24.817
3.2667 -244.69 4901.6 82.146 -218.19 4905 69.005 -105.16 4938.2 24.374
3.275 -239.13 4914.4 81.451 -212.15 4916.2 68.566 -98.474 4948.4 23.957
3.2833 -233.44 4926.8 80.704 -206.19 4927.4 68.12 -91.782 4958.6 23.564
3.2917 -227.6 4938.8 79.921 -200.33 4938.4 67.669 -85.098 4968.8 23.191
3.3 -221.65 4950.4 79.12 -194.61 4949.3 67.212 -78.44 4978.8 22.829
3.3083 -215.61 4961.7 78.316 -189.02 4960.2 66.751 -71.822 4988.8 22.469
3.3167 -209.49 4972.6 77.521 -183.58 4970.9 66.282 -65.256 4998.6 22.1
3.325 -203.3 4983.3 76.739 -178.3 4981.5 65.805 -58.753 5008.4 21.711
3.3333 -197.06 4993.8 75.971 -173.16 4992.1 65.317 -52.323 5018 21.296
3.3417 -190.75 5004.2 75.214 -168.15 5002.4 64.813 -45.972 5027.5 20.848
3.35 -184.37 5014.4 74.462 -163.27 5012.6 64.292 -39.709 5036.9 20.369
3.3583 -177.9 5024.6 73.706 -158.48 5022.7 63.752 -33.537 5046.2 19.859
3.3667 -171.37 5034.7 72.939 -153.78 5032.6 63.19 -27.462 5055.4 19.326
3.375 -164.77 5044.7 72.152 -149.13 5042.4 62.608 -21.485 5064.5 18.777
3.3833 -158.11 5054.6 71.337 -144.5 5052 62.008 -15.607 5073.7 18.223
3.3917 -151.43 5064.4 70.489 -139.87 5061.5 61.393 -9.8236 5082.7 17.673
3.4 -144.73 5074 69.604 -135.22 5070.9 60.766 -4.1319 5091.8 17.138
3.4083 -138.05 5083.5 68.682 -130.51 5080.2 60.131 1.4747 5100.9 16.624
3.4167 -131.41 5092.8 67.723 -125.73 5089.4 59.494 7.0044 5109.9 16.137
3.425 -124.84 5101.9 66.732 -120.86 5098.6 58.859 12.466 5118.9 15.678
3.4333 -118.33 5110.9 65.715 -115.9 5107.7 58.228 17.868 5127.9 15.247
3.4417 -111.91 5119.8 64.68 -110.84 5116.9 57.605 23.221 5136.9 14.84
3.45 -105.57 5128.6 63.631 -105.68 5126 56.983 28.533 5145.8 14.45
3.4583 -99.284 5137.3 62.578 -100.42 5135.2 56.369 33.814 5154.6 14.072
3.4667 -93.054 5146 61.528 -95.092 5144.4 55.758 39.072 5163.3 13.695
3.475 -86.853 5154.7 60.481 -89.688 5153.5 55.143 44.314 5171.9 13.315
3.4833 -80.663 5163.3 59.443 -84.225 5162.7 54.524 49.548 5180.4 12.925
3.4917 -74.464 5172 58.413 -78.714 5171.8 53.893 54.78 5188.8 12.519
3.5 -68.243 5180.8 57.39 -73.185 5180.9 53.224 60.018 5197.1 12.097
3.5083 -62.012 5189.5 56.388 -67.664 5189.9 52.515 65.271 5205.3 11.657
3.5167 -55.705 5198.2 55.351 -61.94 5198.8 51.818 70.539 5213.5 11.205
3.525 -49.384 5207 54.326 -56.19 5207.8 51.134 75.837 5221.5 10.739
3.5333 -43.034 5215.7 53.291 -50.297 5216.8 50.48 81.169 5229.5 10.267
3.5417 -36.665 5224.4 52.252 -44.368 5225.8 49.822 86.543 5237.4 9.7911
3.55 -30.288 5233.2 51.212 -38.374 5234.8 49.165 91.968 5245.4 9.3154
3.5583 -23.905 5241.9 50.166 -32.255 5243.7 48.538 97.447 5253.3 8.8456
3.5667 -17.53 5250.7 49.135 -26.071 5252.6 47.913 102.99 5261.2 8.3796
3.575 -11.166 5259.5 48.14 -19.789 5261.5 47.307 108.6 5269.1 7.9197
3.5833 -4.8157 5268.3 47.168 -13.41 5270.3 46.728 114.29 5277 7.4659
3.5917 1.5185 5277.3 46.245 -6.9442 5279.2 46.172 120.05 5285 7.0139
3.6 7.8383 5286.2 45.384 -0.39459 5287.9 45.644 125.9 5292.9 6.563
3.6083 14.136 5295.2 44.583 6.1974 5296.7 45.125 131.83 5300.9 6.1099
3.6167 20.454 5304.3 43.868 12.828 5305.4 44.617 137.84 5308.8 5.6489
3.625 26.765 5313.5 43.208 19.513 5314.1 44.131 143.95 5316.8 5.182
3.6333 33.115 5322.7 42.618 26.252 5322.8 43.659 150.14 5324.7 4.7065
3.6417 39.542 5332 42.084 33.041 5331.5 43.202 156.42 5332.6 4.224
3.65 46.04 5341.4 41.589 39.844 5340.1 42.741 162.8 5340.4 3.7376
3.6583 52.68 5350.7 41.127 46.628 5348.8 42.273 169.26 5348.3 3.2469
3.6667 59.443 5360 40.694 53.571 5357.4 41.843 175.82 5356.1 2.7592
3.675 66.383 5369.3 40.277 60.55 5366.1 41.424 182.46 5363.8 2.2792
3.6833 73.471 5378.5 39.882 67.55 5374.7 41.007 189.19 5371.5 1.8088
3.6917 80.743 5387.8 39.489 74.598 5383.3 40.602 196 5379.2 1.3524
3.7 88.179 5397 39.108 81.744 5391.9 40.236 202.89 5386.9 0.91045
3.7083 95.778 5406.2 38.725 88.911 5400.4 39.885 209.87 5394.5 0.48205
3.7167 103.45 5415.4 38.351 96.106 5408.9 39.529 216.93 5402.1 0.064334
3.725 111.42 5424.8 37.949 103.33 5417.3 39.255 224.08 5409.7 359.65
3.7333 119.43 5434.3 37.557 110.56 5425.7 38.976 231.31 5417.2 359.24
3.7417 127.53 5443.9 37.164 117.79 5434 38.712 238.63 5424.7 358.83
3.75 135.63 5453.6 36.778 125.01 5442.3 38.431 246.03 5432.1 358.39
3.7583 144 5463.5 36.371 132.17 5450.4 38.208 253.51 5439.4 357.94
3.7667 152.28 5473.3 35.986 139.35 5458.5 37.947 261.06 5446.6 357.47
3.775 160.66 5483.1 35.605 146.58 5466.6 37.693 268.69 5453.7 356.97
3.7833 168.98 5492.7 35.238 153.81 5474.6 37.406 276.38 5460.7 356.44
3.7917 177.26 5502.2 34.879 161.1 5482.6 37.087 284.11 5467.5 355.89
3.8 185.38 5511.3 34.531 168.57 5490.6 36.751 291.89 5474.2 355.33
3.8083 193.26 5520.1 34.169 176.14 5498.5 36.325 299.71 5480.8 354.75
3.8167 201.34 5528.7 33.789 183.71 5506.4 35.928 307.5 5487.1 354.17
3.825 209.01 5536.8 33.382 191.7 5514.2 35.499 315.32 5493.3 353.59
3.8333 216.46 5544.6 32.94 199.85 5521.8 34.977 323.14 5499.3 353.02
3.8417 223.68 5552.2 32.45 208.13 5529.2 34.364 330.96 5505.1 352.46
3.85 230.69 5559.4 31.91 216.57 5536.4 33.688 338.78 5510.8 351.92
3.8583 237.51 5566.4 31.319 225.15 5543.4 32.959 346.62 5516.2 351.4
3.8667 244.18 5573.2 30.681 233.84 5550.2 32.181 354.49 5521.4 350.88
3.875 250.76 5579.7 30.006 242.6 5556.8 31.361 362.41 5526.4 350.37
3.8833 257.31 5586 29.301 251.39 5563.2 30.503 370.39 5531.2 349.85
3.8917 263.87 5592 28.574 260.16 5569.3 29.61 378.47 5535.7 349.32
3.9 270.5 5597.7 27.835 268.89 5575.3 28.685 386.65 5540 348.77
3.9083 277.21 5603 27.087 277.54 5581 27.73 394.95 5544 348.2
3.9167 284.01 5607.9 26.337 286.09 5586.6 26.743 403.38 5547.7 347.58
3.925 290.9 5612.3 25.588 294.55 5591.9 25.726 411.94 5551.1 346.93
3.9333 297.85 5616.3 24.844 302.91 5596.9 24.675 420.63 5554.3 346.24
3.9417 304.83 5619.9 24.107 311.19 5601.8 23.59 429.43 5557.1 345.51
3.95 311.82 5623.2 23.379 319.41 5606.5 22.47 438.32 5559.7 344.74
3.9583 318.81 5626.2 22.66 327.6 5610.9 21.313 447.28 5562 343.95
3.9667 325.8 5629 21.948 335.78 5615.1 20.123 456.28 5564.1 343.12
3.975 332.77 5631.6 21.243 343.96 5619 18.902 465.3 5565.9 342.28
3.9833 339.72 5634 20.543 352.18 5622.8 17.657 474.29 5567.4 341.42
3.9917 346.63 5636.3 19.849 360.42 5626.3 16.395 483.23 5568.7 340.55
4 353.51 5638.7 19.161 368.71 5629.6 15.125 492.09 5569.8 339.67
4.0083 360.33 5641.1 18.48 377.03 5632.7 13.858 500.85 5570.7 338.79
4.0167 367.11 5643.6 17.809 385.37 5635.6 12.604 509.49 5571.4 337.9
4.025 373.85 5646.2 17.147 393.74 5638.3 11.371 517.99 5571.8 336.99
4.0333 380.56 5648.9 16.499 402.11 5640.8 10.169 526.34 5572.1 336.08
4.0417 387.26 5651.7 15.866 410.47 5643.1 9.0032 534.54 5572.3 335.16
4.05 393.97 5654.6 15.25 418.83 5645.2 7.8776 542.57 5572.2 334.23
4.0583 400.72 5657.4 14.65 427.18 5647.2 6.7942 550.44 5572 333.29
4.0667 407.51 5660.1 14.067 435.52 5648.9 5.7525 558.15 5571.7 332.34
4.075 414.35 5662.8 13.495 443.85 5650.5 4.75 565.71 5571.3 331.37
4.0833 421.27 5665.3 12.931 452.19 5651.9 3.783 573.13 5570.7 330.4
4.0917 428.25 5667.6 12.37 460.53 5653.1 2.8468 580.42 5569.9 329.43
4.1 435.31 5669.8 11.806 468.89 5654.2 1.9365 587.6 5569 328.46
4.1083 442.46 5671.9 11.235 477.26 5655.1 1.0474 594.68 5568 327.49
4.1167 449.69 5673.8 10.653 485.65 5655.8 0.17532 601.68 5566.8 326.53
4.125 457.02 5675.6 10.057 494.06 5656.3 359.32 608.62 5565.5 325.58
4.1333 464.45 5677.3 9.4475 502.47 5656.7 358.47 615.5 5564 324.65
4.1417 471.99 5678.8 8.8259 510.89 5656.9 357.64 622.34 5562.4 323.74
4.15 479.64 5680.1 8.1937 519.3 5657 356.81 629.15 5560.6 322.85
4.1583 487.39 5681.3 7.5613 527.68 5656.9 356 635.92 5558.6 321.99
4.1667 495.24 5682.3 6.9325 536.05 5656.7 355.2 642.67 5556.5 321.14
4.175 503.19 5683.1 6.3173 544.38 5656.3 354.41 649.39 5554.3 320.32
4.1833 511.24 5683.7 5.7259 552.69 5655.7 353.64 656.07 5552 319.52
4.1917 519.38 5684.2 5.167 560.96 5655 352.89 662.71 5549.5 318.73
4.2 527.64 5684.5 4.6478 569.2 5654.1 352.15 669.31 5547 317.96
4.2083 536.03 5684.7 4.1715 577.41 5653.1 351.41 675.86 5544.3 317.18
4.2167 544.56 5684.7 3.7357 585.6 5651.9 350.69 682.36 5541.5 316.41
4.225 553.24 5684.6 3.3347 593.78 5650.5 349.97 688.8 5538.5 315.63
4.2333 562.08 5684.3 2.9555 601.94 5648.9 349.25 695.19 5535.4 314.83
4.2417 571.08 5684 2.5803 610.1 5647.2 348.53 701.55 5532.1 314.01
4.25 580.22 5683.5 2.1944 618.27 5645.3 347.78 707.87 5528.7 313.18
4.2583 589.47 5682.9 1.7673 626.43 5643.2 347.03 714.18 5525 312.32
4.2667 598.78 5682.1 1.286 634.62 5641 346.23 720.47 5521.2 311.45
4.275 608.11 5681.1 0.72397 642.81 5638.7 345.4 726.77 5517.1 310.57
4.2833 617.4 5679.9 0.061213 651.01 5636.2 344.53 733.08 5512.9 309.68
4.2917 626.6 5678.4 359.29 659.23 5633.6 343.62 739.39 5508.5 308.79
4.3 635.64 5676.7 358.41 667.45 5630.9 342.65 745.72 5504 307.91
4.3083 644.48 5674.6 357.42 675.66 5628.1 341.63 752.03 5499.4 307.03
4.3167 653.1 5672.3 356.33 683.87 5625.1 340.56 758.33 5494.7 306.17
4.325 661.45 5669.6 355.15 692.05 5622.1 339.44 764.59 5490 305.33
4.3333 669.53 5666.7 353.91 700.19 5619 338.27 770.78 5485.3 304.49
4.3417 677.33 5663.6 352.6 708.26 5615.9 337.07 776.88 5480.6 303.67
4.35 684.87 5660.3 351.26 716.24 5612.6 335.83 782.87 5475.9 302.86
4.3583 692.16 5657 349.88 724.11 5609.3 334.57 788.72 5471.2 302.05
4.3667 699.25 5653.5 348.49 731.84 5606 333.29 794.42 5466.5 301.23
4.375 706.18 5650 347.08 739.39 5602.6 332.01 799.95 5461.9 300.41
4.3833 712.99 5646.5 345.66 746.76 5599.2 330.73 805.31 5457.2 299.57
4.3917 719.72 5643.1 344.22 753.92 5595.8 329.46 810.49 5452.5 298.73
4.4 726.4 5639.7 342.76 760.87 5592.4 328.19 815.5 5447.7 297.87
4.4083 733.05 5636.3 341.27 767.61 5589 326.93 820.36 5442.9 297
4.4167 739.66 5632.8 339.74 774.15 5585.6 325.67 825.08 5438 296.12
4.425 746.22 5629.3 338.16 780.52 5582.1 324.39 829.66 5433.1 295.25
4.4333 752.69 5625.7 336.53 786.73 5578.6 323.1 834.13 5428.1 294.38
4.4417 759.05 5621.9 334.85 792.83 5575.1 321.79 838.49 5423 293.52
4.45 765.26 5617.9 333.12 798.83 5571.5 320.46 842.75 5418 292.68
4.4583 771.29 5613.8 331.33 804.77 5567.8 319.09 846.92 5412.9 291.85
4.4667 777.12 5609.5 329.51 810.66 5564 317.7 850.99 5407.8 291.05
4.475 782.76 5605 327.66 816.53 5560.1 316.29 854.98 5402.7 290.26
4.4833 788.2 5600.4 325.8 822.36 5555.9 314.86 858.88 5397.6 289.5
4.4917 793.49 5595.8 323.93 828.17 5551.7 313.42 862.7 5392.5 288.75
4.5 798.66 5591.2 322.06 833.94 5547.2 311.98 866.43 5387.4 288.02
4.5083 803.75 5586.7 320.2 839.66 5542.5 310.56 870.08 5382.3 287.31
4.5167 808.81 5582.2 318.36 845.31 5537.7 309.17 873.66 5377.1 286.61
4.525 813.69 5577.8 316.6 850.88 5532.7 307.8 877.18 5371.8 285.93
4.5333 818.72 5573.5 314.81 856.36 5527.5 306.47 880.66 5366.4 285.26
4.5417 823.82 5569.2 313.01 861.72 5522.1 305.18 884.11 5360.8 284.61
4.55 829.22 5565 311.13 866.98 5516.6 303.93 887.53 5355.1 283.98
4.5583 834.44 5560.8 309.32 872.14 5510.9 302.71 890.95 5349.3 283.37
4.5667 839.69 5556.6 307.51 877.21 5505.1 301.51 894.36 5343.3 282.79
4.575 844.96 5552.3 305.69 882.19 5499.1 300.35 897.78 5337.1 282.22
4.5833 850.23 5548 303.86 887.11 5492.9 299.19 901.21 5330.8 281.68
4.5917 855.49 5543.7 302.03 891.99 5486.6 298.04 904.63 5324.4 281.16
4.6 860.7 5539.2 300.22 896.83 5480.1 296.91 908.05 5317.8 280.65
4.6083 865.86 5534.7 298.44 901.64 5473.4 295.78 911.46 5311.2 280.16
4.6167 870.95 5530 296.7 906.44 5466.6 294.66 914.85 5304.4 279.67
4.625 875.97 5525.3 295.02 911.22 5459.6 293.56 918.2 5297.6 279.19
4.6333 880.93 5520.6 293.41 915.99 5452.4 292.47 921.52 5290.6 278.7
4.6417 885.85 5515.7 291.89 920.72 5445.1 291.41 924.81 5283.6 278.21
4.65 890.74 5510.9 290.45 925.41 5437.7 290.37 928.06 5276.5 277.71
4.6583 895.61 5506 289.1 930.06 5430.1 289.37 931.27 5269.3 277.21
4.6667 900.5 5501 287.84 934.64 5422.3 288.41 934.47 5261.9 276.71
4.675 905.41 5496 286.66 939.16 5414.4 287.49 937.66 5254.4 276.22
4.6833 910.37 5490.9 285.57 943.6 5406.4 286.6 940.84 5246.7 275.74
4.6917 915.36 5485.8 284.55 947.97 5398.2 285.76 944.04 5238.9 275.28
4.7 920.41 5480.5 283.6 952.27 5389.9 284.95 947.27 5230.9 274.84
4.7083 925.52 5475 282.72 956.5 5381.5 284.17 950.54 5222.8 274.43
4.7167 930.66 5469.4 281.89 960.68 5372.8 283.43 953.84 5214.6 274.05
4.725 935.83 5463.6 281.12 964.81 5364.1 282.71 957.2 5206.2 273.7
4.7333 941.01 5457.5 280.39 968.9 5355.1 282.01 960.6 5197.7 273.39
4.7417 946.17 5451.1 279.7 972.96 5346.1 281.34 964.05 5189.1 273.11
4.75 951.29 5444.4 279.04 976.99 5336.9 280.7 967.55 5180.5 272.86
4.7583 956.34 5437.4 278.41 981.01 5327.6 280.08 971.1 5171.8 272.64
4.7667 961.32 5430.1 277.81 985.02 5318.1 279.49 974.69 5163 272.44
4.775 966.22 5422.5 277.22 989.02 5308.6 278.94 978.33 5154.2 272.25
4.7833 971.05 5414.7 276.65 993.01 5299 278.43 982.01 5145.4 272.08
4.7917 975.81 5406.6 276.1 997.01 5289.4 277.96 985.73 5136.5 271.91
4.8 980.54 5398.2 275.56 1001 5279.6 277.53 989.5 5127.5 271.75
4.8083 985.21 5389.7 275.04 1005 5269.8 277.14 993.31 5118.5 271.59
4.8167 989.84 5380.8 274.52 1009.1 5259.9 276.8 997.17 5109.4 271.44
4.825 994.44 5371.8 274.01 1013.2 5250 276.51 1001.1 5100.1 271.28
4.8333 998.97 5362.4 273.5 1017.3 5239.9 276.25 1005 5090.7 271.11
4.8417 1003.4 5352.7 273 1021.5 5229.7 276.03 1009 5081.2 270.93
4.85 1007.8 5342.8 272.51 1025.8 5219.4 275.83 1013 5071.5 270.75
4.8583 1012.1 5332.4 272.02 1030.2 5208.9 275.66 1017 5061.7 270.55
4.8667 1016.2 5321.8 271.56 1034.7 5198.3 275.51 1021.1 5051.7 270.33
4.875 1020.1 5310.8 271.13 1039.2 5187.5 275.37 1025.1 5041.6 270.1
4.8833 1023.8 5299.5 270.74 1043.7 5176.5 275.25 1029.2 5031.3 269.85
4.8917 1027.4 5287.9 270.39 1048.3 5165.4 275.13 1033.2 5020.9 269.59
4.9 1030.8 5276 270.11 1052.9 5154.2 275.01 1037.3 5010.5 269.32
4.9083 1034 5264 269.89 1057.4 5142.9 274.91 1041.3 5000 269.05
4.9167 1037.2 5251.9 269.74 1061.9 5131.5 274.8 1045.3 4989.5 268.79
4.925 1040.2 5239.7 269.65 1066.3 5120.1 274.69 1049.3 4979 268.54
4.9333 1043.2 5227.5 269.62 1070.4 5108.7 274.58 1053.2 4968.6 268.32
4.9417 1046.2 5215.3 269.65 1074.5 5097.4 274.47 1057 4958.2 268.12
4.95 1049.2 5203.3 269.7 1078.3 5086.2 274.35 1060.8 4947.9 267.97
4.9583 1052.4 5191.5 269.79 1081.8 5075 274.21 1064.5 4937.7 267.85
4.9667 1055.6 5179.8 269.9 1085.2 5064 274.06 1068.1 4927.6 267.77
4.975 1058.9 5168.4 270.02 1088.4 5053.2 273.89 1071.6 4917.6 267.73
4.9833 1062.3 5157.1 270.15 1091.3 5042.5 273.7 1074.9 4907.7 267.72
4.9917 1065.8 5146 270.29 1094 5032 273.49 1078.1 4897.9 267.74
5 1069.2 5135.1 270.42 1096.6 5021.6 273.26 1081 4888.2 267.76
5.0083 1072.6 5124.4 270.54 1099 5011.4 273 1083.7 4878.5 267.79
5.0167 1075.9 5113.8 270.66 1101.2 5001.3 272.72 1086.2 4868.9 267.81
5.025 1079.3 5103.2 270.77 1103.3 4991.4 272.42 1088.5 4859.4 267.81
5.0333 1082.6 5092.8 270.87 1105.3 4981.6 272.11 1090.6 4849.9 267.79
5.0417 1085.9 5082.3 270.99 1107.3 4971.9 271.79 1092.4 4840.3 267.75
5.05 1089 5071.8 271.11 1109.1 4962.2 271.47 1094 4830.9 267.67
5.0583 1092.1 5061.3 271.23 1110.8 4952.6 271.15 1095.5 4821.4 267.58
5.0667 1095 5050.7 271.38 1112.5 4943 270.84 1096.8 4811.9 267.46
5.075 1097.8 5040.1 271.53 1114.1 4933.5 270.53 1098 4802.4 267.32
5.0833 1100.4 5029.6 271.7 1115.6 4923.9 270.23 1099 4792.9 267.18
5.0917 1102.9 5019 271.87 1117.1 4914.3 269.94 1100 4783.4 267.04
5.1 1105.2 5008.4 272.05 1118.5 4904.7 269.65 1100.8 4774 266.89
5.1083 1107.4 4997.9 272.24 1119.8 4895 269.37 1101.6 4764.5 266.75
5.1167 1109.4 4987.4 272.43 1121.1 4885.3 269.09 1102.3 4755.1 266.62
5.125 1111.3 4976.9 272.62 1122.4 4875.5 268.81 1103 4745.7 266.48
5.1333 1113.1 4966.4 272.82 1123.6 4865.6 268.53 1103.5 4736.3 266.35
5.1417 1114.8 4955.9 273.01 1124.8 4855.7 268.25 1104.1 4726.9 266.21
5.15 1116.4 4945.4 273.21 1126 4845.6 267.97 1104.5 4717.6 266.05
5.1583 1117.9 4934.8 273.41 1127.1 4835.5 267.7 1104.9 4708.2 265.89
5.1667 1119.3 4924.3 273.62 1128.2 4825.4 267.42 1105.2 4698.9 265.7
5.175 1120.7 4913.7 273.82 1129.3 4815.1 267.16 1105.5 4689.5 265.5
5.1833 1122 4903.1 274.04 1130.4 4804.8 266.91 1105.7 4680.1 265.28
5.1917 1123.2 4892.4 274.25 1131.5 4794.5 266.68 1105.8 4670.7 265.05
5.2 1124.4 4881.7 274.46 1132.5 4784.1 266.47 1106 4661.2 264.8
