0.0083333 2.2481 0.79187 96.97 -25.621 98.807 87.491 -2.1654 169.91 84.084
0.016667 3.0761 9.2591 97.007 -24.761 107.9 87.453 -1.4411 178.88 84.223
0.025 3.9514 18.063 97.038 -23.811 117.12 87.407 -0.65694 187.95 84.359
0.033333 4.8666 27.206 97.063 -22.77 126.47 87.351 0.18832 197.15 84.491
0.041667 5.8022 36.67 97.085 -21.642 135.92 87.284 1.0916 206.5 84.618
0.05 6.7382 46.43 97.104 -20.434 145.45 87.204 2.0452 216.02 84.745
0.058333 7.6548 56.451 97.118 -19.157 155.07 87.114 3.0382 225.72 84.874
0.066667 8.5362 66.693 97.128 -17.825 164.75 87.016 4.0567 235.59 85.01
0.075 9.3741 77.112 97.128 -16.453 174.49 86.915 5.0851 245.62 85.157
0.083333 10.167 87.661 97.115 -15.058 184.28 86.815 6.1081 255.77 85.318
0.091667 10.926 98.294 97.085 -13.659 194.12 86.723 7.1105 266 85.494
0.1 11.669 108.97 97.035 -12.274 204.01 86.644 8.0785 276.28 85.685
0.10833 12.419 119.65 96.963 -10.922 213.92 86.587 9.0007 286.55 85.889
0.11667 13.2 130.29 96.869 -9.6189 223.85 86.555 9.8671 296.77 86.103
0.125 14.038 140.88 96.752 -8.3818 233.8 86.556 10.669 306.9 86.324
0.13333 14.946 151.38 96.616 -7.226 243.74 86.593 11.401 316.92 86.547
0.14167 15.934 161.78 96.462 -6.165 253.65 86.669 12.056 326.81 86.77
0.15 16.996 172.08 96.291 -5.2114 263.52 86.786 12.63 336.58 86.99
0.15833 18.119 182.28 96.108 -4.3755 273.32 86.946 13.116 346.24 87.205
0.16667 19.28 192.37 95.914 -3.6657 283.04 87.147 13.509 355.8 87.417
0.175 20.446 202.38 95.709 -3.0879 292.65 87.388 13.803 365.29 87.626
0.18333 21.581 212.3 95.495 -2.6452 302.14 87.667 13.989 374.75 87.834
0.19167 22.65 222.16 95.274 -2.3379 311.5 87.98 14.061 384.21 88.044
0.2 23.618 231.95 95.049 -2.1635 320.72 88.324 14.009 393.69 88.259
0.20833 24.456 241.68 94.822 -2.1173 329.81 88.695 13.826 403.21 88.48
0.21667 25.144 251.35 94.598 -2.1925 338.76 89.088 13.503 412.79 88.709
0.225 25.673 260.96 94.384 -2.382 347.59 89.499 13.032 422.44 88.947
0.23333 26.04 270.49 94.183 -2.6777 356.31 89.926 12.406 432.15 89.193
0.24167 26.251 279.96 94 -3.0729 364.93 90.364 11.617 441.92 89.449
0.25 26.322 289.36 93.84 -3.5608 373.48 90.811 10.661 451.74 89.712
0.25833 26.264 298.68 93.706 -4.1364 381.96 91.265 9.5337 461.59 89.984
0.26667 26.096 307.95 93.601 -4.7958 390.4 91.723 8.2312 471.46 90.264
0.275 25.828 317.14 93.533 -5.5368 398.8 92.186 6.752 481.33 90.556
0.28333 25.465 326.27 93.496 -6.3564 407.17 92.649 5.0975 491.2 90.859
0.29167 25.007 335.33 93.498 -7.255 415.54 93.114 3.2686 501.05 91.178
0.3 24.455 344.32 93.537 -8.2313 423.89 93.578 1.2701 510.89 91.516
0.30833 23.803 353.26 93.61 -9.2841 432.24 94.038 -0.89072 520.69 91.875
0.31667 23.046 362.13 93.717 -10.414 440.6 94.496 -3.2063 530.46 92.259
0.325 22.183 370.96 93.847 -11.618 448.97 94.948 -5.6633 540.2 92.667
0.33333 21.213 379.73 93.996 -12.895 457.36 95.392 -8.2487 549.91 93.098
0.34167 20.14 388.47 94.154 -14.243 465.78 95.829 -10.946 559.58 93.55
0.35 18.972 397.17 94.317 -15.661 474.25 96.256 -13.739 569.21 94.017
0.35833 17.721 405.84 94.476 -17.148 482.77 96.673 -16.61 578.79 94.495
0.36667 16.402 414.49 94.624 -18.705 491.35 97.081 -19.54 588.33 94.973
0.375 15.032 423.12 94.758 -20.331 500.01 97.478 -22.513 597.82 95.446
0.38333 13.624 431.75 94.874 -22.028 508.73 97.864 -25.515 607.26 95.905
0.39167 12.194 440.38 94.971 -23.795 517.53 98.239 -28.534 616.66 96.344
0.4 10.756 449.01 95.053 -25.633 526.39 98.604 -31.56 626.03 96.757
0.40833 9.2965 457.66 95.12 -27.543 535.3 98.959 -34.589 635.36 97.143
0.41667 7.8221 466.33 95.182 -29.524 544.27 99.304 -37.618 644.68 97.499
0.425 6.3346 475.03 95.243 -31.576 553.26 99.639 -40.649 654 97.829
0.43333 4.782 483.76 95.31 -33.7 562.29 99.964 -43.685 663.33 98.135
0.44167 3.1663 492.53 95.393 -35.896 571.32 100.28 -46.732 672.68 98.422
0.45 1.4798 501.34 95.498 -38.166 580.37 100.58 -49.797 682.08 98.695
0.45833 -0.3111 510.2 95.628 -40.513 589.42 100.86 -52.886 691.51 98.957
0.46667 -2.2237 519.1 95.786 -42.94 598.47 101.13 -56.008 700.99 99.213
0.475 -4.2528 528.05 95.97 -45.451 607.55 101.38 -59.166 710.53 99.466
0.48333 -6.4094 537.07 96.177 -48.053 616.65 101.61 -62.365 720.1 99.714
0.49167 -8.6827 546.17 96.395 -50.752 625.8 101.82 -65.609 729.71 99.958
0.5 -11.062 555.36 96.621 -53.554 635.01 102.02 -68.901 739.34 100.19
0.50833 -13.532 564.64 96.845 -56.466 644.29 102.19 -72.244 748.99 100.42
0.51667 -16.072 574.04 97.063 -59.493 653.67 102.35 -75.641 758.63 100.63
0.525 -18.685 583.56 97.267 -62.642 663.16 102.5 -79.099 768.27 100.82
0.53333 -21.346 593.19 97.462 -65.918 672.75 102.63 -82.624 777.89 101
0.54167 -24.06 602.94 97.647 -69.323 682.46 102.77 -86.226 787.5 101.15
0.55 -26.833 612.81 97.825 -72.862 692.29 102.9 -89.919 797.1 101.28
0.55833 -29.673 622.78 97.998 -76.538 702.23 103.03 -93.716 806.71 101.39
0.56667 -32.59 632.88 98.173 -80.353 712.28 103.18 -97.633 816.35 101.48
0.575 -35.599 643.11 98.35 -84.308 722.44 103.33 -101.69 826.03 101.56
0.58333 -38.715 653.47 98.53 -88.408 732.7 103.5 -105.89 835.8 101.63
0.59167 -41.951 663.99 98.715 -92.654 743.07 103.69 -110.27 845.66 101.69
0.6 -45.317 674.68 98.903 -97.049 753.53 103.89 -114.81 855.65 101.75
0.60833 -48.815 685.54 99.093 -101.59 764.11 104.12 -119.54 865.79 101.81
0.61667 -52.448 696.59 99.286 -106.29 774.79 104.36 -124.46 876.09 101.87
0.625 -56.219 707.82 99.483 -111.13 785.59 104.62 -129.55 886.54 101.93
0.63333 -60.117 719.23 99.691 -116.11 796.51 104.91 -134.82 897.16 102
0.64167 -64.15 730.79 99.915 -121.22 807.55 105.21 -140.25 907.93 102.07
0.65 -68.311 742.48 100.17 -126.45 818.69 105.52 -145.81 918.82 102.14
0.65833 -72.603 754.27 100.46 -131.78 829.93 105.85 -151.5 929.82 102.21
0.66667 -77.015 766.11 100.8 -137.18 841.24 106.19 -157.29 940.88 102.29
0.675 -81.549 777.97 101.19 -142.64 852.59 106.54 -163.16 951.99 102.38
0.68333 -86.195 789.82 101.65 -148.11 863.95 106.89 -169.08 963.1 102.47
0.69167 -90.942 801.61 102.16 -153.57 875.29 107.24 -175.03 974.18 102.58
0.7 -95.775 813.32 102.73 -158.98 886.55 107.58 -180.98 985.22 102.7
0.70833 -100.67 824.9 103.34 -164.32 897.71 107.9 -186.93 996.18 102.83
0.71667 -105.61 836.34 103.98 -169.56 908.73 108.21 -192.83 1007.1 102.98
0.725 -110.57 847.61 104.65 -174.67 919.57 108.49 -198.69 1017.9 103.15
0.73333 -115.5 858.7 105.33 -179.63 930.23 108.75 -204.47 1028.5 103.32
0.74167 -120.42 869.61 106.01 -184.45 940.68 108.98 -210.16 1039.1 103.51
0.75 -125.3 880.38 106.69 -189.1 950.92 109.18 -215.75 1049.6 103.69
0.75833 -130.16 891 107.36 -193.6 960.97 109.35 -221.22 1060 103.87
0.76667 -134.98 901.52 108.03 -197.95 970.82 109.49 -226.57 1070.4 104.05
0.775 -139.78 911.95 108.69 -202.17 980.52 109.61 -231.79 1080.6 104.2
0.78333 -144.55 922.32 109.33 -206.27 990.06 109.71 -236.88 1090.8 104.34
0.79167 -149.29 932.63 109.97 -210.26 999.49 109.79 -241.83 1100.9 104.46
0.8 -154 942.91 110.58 -214.18 1008.8 109.86 -246.64 1111 104.55
0.80833 -158.67 953.16 111.18 -218.03 1018.1 109.92 -251.34 1121 104.62
0.81667 -163.31 963.4 111.77 -221.84 1027.3 109.98 -255.91 1130.9 104.68
0.825 -167.91 973.62 112.33 -225.62 1036.5 110.04 -260.38 1140.9 104.71
0.83333 -172.47 983.81 112.88 -229.39 1045.6 110.09 -264.76 1150.7 104.73
0.84167 -176.98 993.98 113.41 -233.17 1054.8 110.15 -269.06 1160.6 104.74
0.85 -181.44 1004.1 113.93 -236.95 1063.9 110.21 -273.3 1170.4 104.75
0.85833 -185.86 1014.2 114.44 -240.76 1073 110.27 -277.49 1180.2 104.76
0.86667 -190.22 1024.2 114.95 -244.59 1082.2 110.34 -281.64 1190 104.77
0.875 -194.52 1034.2 115.46 -248.44 1091.4 110.41 -285.77 1199.8 104.78
0.88333 -198.78 1044.1 115.97 -252.33 1100.6 110.48 -289.88 1209.6 104.79
0.89167 -203 1054 116.49 -256.24 1109.8 110.57 -293.97 1219.4 104.8
0.9 -207.18 1063.9 117.03 -260.17 1119.1 110.66 -298.06 1229.3 104.82
0.90833 -211.34 1073.7 117.59 -264.12 1128.4 110.76 -302.14 1239.1 104.83
0.91667 -215.48 1083.5 118.17 -268.1 1137.8 110.88 -306.22 1249 104.84
0.925 -219.61 1093.3 118.78 -272.09 1147.2 111.01 -310.29 1258.9 104.85
0.93333 -223.74 1103.1 119.41 -276.11 1156.6 111.15 -314.36 1268.8 104.85
0.94167 -227.86 1112.9 120.07 -280.14 1166.1 111.31 -318.41 1278.7 104.84
0.95 -231.99 1122.7 120.74 -284.2 1175.6 111.48 -322.46 1288.6 104.82
0.95833 -236.12 1132.5 121.42 -288.29 1185.2 111.67 -326.5 1298.5 104.79
0.96667 -240.23 1142.4 122.1 -292.42 1194.8 111.87 -330.52 1308.5 104.75
0.975 -244.33 1152.3 122.78 -296.59 1204.5 112.09 -334.53 1318.4 104.7
0.98333 -248.41 1162.2 123.45 -300.82 1214.3 112.31 -338.53 1328.4 104.64
0.99167 -252.46 1172.1 124.09 -305.09 1224.1 112.55 -342.51 1338.4 104.56
1 -256.47 1182.2 124.7 -309.43 1233.9 112.8 -346.48 1348.5 104.48
1.0083 -260.45 1192.2 125.28 -313.83 1243.9 113.07 -350.44 1358.6 104.38
1.0167 -264.39 1202.4 125.82 -318.28 1253.9 113.35 -354.39 1368.7 104.26
1.025 -268.3 1212.7 126.32 -322.79 1264.1 113.65 -358.32 1379 104.14
1.0333 -272.17 1223.1 126.78 -327.34 1274.3 113.97 -362.25 1389.3 104
1.0417 -276.02 1233.5 127.2 -331.93 1284.6 114.31 -366.16 1399.7 103.86
1.05 -279.87 1244.2 127.58 -336.54 1295 114.68 -370.06 1410.2 103.71
1.0583 -283.73 1254.9 127.92 -341.17 1305.5 115.06 -373.95 1420.8 103.55
1.0667 -287.62 1265.8 128.23 -345.81 1316.2 115.47 -377.82 1431.5 103.39
1.075 -291.58 1276.8 128.52 -350.45 1326.9 115.88 -381.67 1442.3 103.24
1.0833 -295.62 1287.8 128.78 -355.09 1337.7 116.31 -385.49 1453.2 103.08
1.0917 -299.77 1299 129.03 -359.72 1348.7 116.73 -389.29 1464.1 102.93
1.1 -304.06 1310.2 129.26 -364.35 1359.8 117.14 -393.07 1475.1 102.78
1.1083 -308.48 1321.4 129.47 -368.98 1371 117.53 -396.82 1486.1 102.64
1.1167 -313.04 1332.7 129.65 -373.62 1382.4 117.88 -400.55 1497.2 102.51
1.125 -317.73 1344 129.81 -378.26 1394 118.19 -404.27 1508.3 102.39
1.1333 -322.58 1355.2 129.95 -382.89 1405.7 118.47 -407.98 1519.6 102.28
1.1417 -327.56 1366.6 130.06 -387.53 1417.7 118.68 -411.71 1530.9 102.17
1.15 -332.7 1378.1 130.17 -392.16 1429.9 118.84 -415.46 1542.3 102.09
1.1583 -337.99 1389.7 130.27 -396.78 1442.3 118.95 -419.24 1553.8 102.01
1.1667 -343.44 1401.6 130.38 -401.37 1454.8 119.01 -423.07 1565.5 101.96
1.175 -349.06 1413.6 130.49 -405.92 1467.6 119.03 -426.95 1577.3 101.92
1.1833 -354.84 1426 130.62 -410.42 1480.6 119.01 -430.9 1589.2 101.91
1.1917 -360.77 1438.6 130.76 -414.87 1493.7 118.97 -434.91 1601.3 101.92
1.2 -366.84 1451.4 130.9 -419.27 1507 118.91 -438.97 1613.6 101.95
1.2083 -373.03 1464.4 131.02 -423.62 1520.3 118.84 -443.08 1626 102
1.2167 -379.32 1477.6 131.1 -427.93 1533.7 118.77 -447.23 1638.4 102.06
1.225 -385.67 1490.8 131.14 -432.21 1547.2 118.71 -451.38 1651 102.13
1.2333 -392.05 1503.9 131.11 -436.49 1560.6 118.66 -455.53 1663.5 102.2
1.2417 -398.38 1517 131.02 -440.79 1574 118.62 -459.66 1676.1 102.27
1.25 -404.63 1529.9 130.84 -445.13 1587.2 118.59 -463.74 1688.6 102.31
1.2583 -410.72 1542.6 130.59 -449.54 1600.4 118.57 -467.78 1701 102.33
1.2667 -416.61 1555.2 130.27 -454.03 1613.4 118.56 -471.75 1713.4 102.32
1.275 -422.26 1567.5 129.89 -458.62 1626.3 118.55 -475.67 1725.5 102.28
1.2833 -427.65 1579.7 129.46 -463.31 1639 118.55 -479.55 1737.6 102.19
1.2917 -432.79 1591.8 129 -468.08 1651.4 118.54 -483.39 1749.5 102.07
1.3 -437.71 1603.7 128.51 -472.93 1663.6 118.54 -487.23 1761.3 101.92
1.3083 -442.43 1615.6 128.02 -477.84 1675.6 118.54 -491.09 1773 101.74
1.3167 -446.99 1627.4 127.52 -482.77 1687.4 118.53 -495 1784.6 101.54
1.325 -451.42 1639.2 127.03 -487.7 1698.9 118.53 -498.98 1796.2 101.33
1.3333 -455.73 1651 126.54 -492.61 1710.1 118.54 -503.06 1807.7 101.11
1.3417 -459.95 1663 126.06 -497.47 1721.1 118.54 -507.25 1819.2 100.9
1.35 -464.12 1675 125.59 -502.26 1732 118.55 -511.56 1830.7 100.69
1.3583 -468.24 1687.1 125.11 -506.97 1742.6 118.56 -516.01 1842.1 100.51
1.3667 -472.36 1699.2 124.63 -511.6 1753.1 118.58 -520.59 1853.6 100.34
1.375 -476.49 1711.2 124.13 -516.16 1763.4 118.59 -525.3 1865 100.2
1.3833 -480.63 1723.2 123.63 -520.66 1773.6 118.6 -530.12 1876.4 100.09
1.3917 -484.81 1735 123.11 -525.11 1783.8 118.6 -535.03 1887.7 99.998
1.4 -489.03 1746.7 122.58 -529.52 1793.9 118.6 -540.03 1898.9 99.934
1.4083 -493.29 1758.1 122.04 -533.92 1804 118.59 -545.08 1910 99.892
1.4167 -497.59 1769.3 121.51 -538.32 1814.1 118.57 -550.18 1920.9 99.871
1.425 -501.95 1780.3 120.99 -542.74 1824.2 118.54 -555.29 1931.7 99.867
1.4333 -506.35 1791.1 120.48 -547.18 1834.3 118.49 -560.41 1942.3 99.878
1.4417 -510.81 1801.7 120 -551.66 1844.5 118.44 -565.52 1952.9 99.9
1.45 -515.32 1812.3 119.54 -556.17 1854.7 118.37 -570.59 1963.2 99.928
1.4583 -519.88 1822.9 119.11 -560.73 1865 118.3 -575.62 1973.5 99.958
1.4667 -524.47 1833.4 118.7 -565.32 1875.3 118.22 -580.6 1983.6 99.984
1.475 -529.1 1844 118.3 -569.96 1885.7 118.13 -585.51 1993.7 100
1.4833 -533.74 1854.7 117.91 -574.63 1896.2 118.03 -590.34 2003.7 100
1.4917 -538.39 1865.4 117.5 -579.34 1906.6 117.92 -595.1 2013.7 99.989
1.5 -543.04 1876.2 117.08 -584.08 1917.2 117.8 -599.79 2023.7 99.952
1.5083 -547.69 1887 116.62 -588.85 1927.8 117.68 -604.4 2033.7 99.89
1.5167 -552.35 1897.9 116.13 -593.66 1938.4 117.54 -608.94 2043.6 99.802
1.525 -557.01 1908.7 115.6 -598.51 1949.2 117.39 -613.42 2053.6 99.691
1.5333 -561.68 1919.6 115.03 -603.38 1959.9 117.23 -617.87 2063.6 99.559
1.5417 -566.38 1930.4 114.44 -608.29 1970.8 117.06 -622.29 2073.7 99.411
1.55 -571.12 1941.1 113.84 -613.23 1981.7 116.87 -626.71 2083.8 99.252
1.5583 -575.91 1951.9 113.23 -618.19 1992.6 116.67 -631.14 2093.9 99.09
1.5667 -580.75 1962.6 112.64 -623.17 2003.5 116.45 -635.6 2104 98.93
1.575 -585.65 1973.4 112.07 -628.17 2014.5 116.23 -640.1 2114.2 98.777
1.5833 -590.62 1984.1 111.55 -633.19 2025.5 115.98 -644.64 2124.4 98.634
1.5917 -595.65 1994.9 111.08 -638.22 2036.5 115.72 -649.24 2134.7 98.503
1.6 -600.74 2005.7 110.66 -643.26 2047.5 115.45 -653.89 2145 98.381
1.6083 -605.9 2016.7 110.29 -648.31 2058.5 115.17 -658.58 2155.3 98.267
1.6167 -611.11 2027.7 109.95 -653.37 2069.6 114.88 -663.3 2165.7 98.154
1.625 -616.38 2038.8 109.63 -658.44 2080.7 114.58 -668.05 2176.1 98.038
1.6333 -621.71 2050 109.33 -663.54 2091.8 114.29 -672.82 2186.6 97.912
1.6417 -627.09 2061.4 109.04 -668.68 2103.1 114.01 -677.59 2197 97.773
1.65 -632.51 2072.8 108.75 -673.85 2114.4 113.74 -682.37 2207.5 97.614
1.6583 -637.99 2084.3 108.46 -679.06 2125.8 113.49 -687.17 2218 97.437
1.6667 -643.52 2095.9 108.15 -684.31 2137.4 113.28 -691.98 2228.5 97.242
1.675 -649.1 2107.5 107.86 -689.64 2149.1 113.09 -696.81 2239 97.03
1.6833 -654.72 2119.3 107.58 -695.02 2160.9 112.96 -701.69 2249.6 96.807
1.6917 -660.42 2131.1 107.28 -700.44 2172.8 112.84 -706.61 2260.2 96.573
1.7 -666.19 2143.1 106.99 -705.96 2184.7 112.76 -711.59 2270.9 96.339
1.7083 -672.07 2155.2 106.69 -711.53 2196.7 112.73 -716.64 2281.6 96.107
1.7167 -678.06 2167.6 106.39 -717.16 2208.7 112.7 -721.76 2292.5 95.876
1.725 -684.19 2180.2 106.08 -722.84 2220.8 112.72 -726.94 2303.5 95.653
1.7333 -690.47 2193.1 105.77 -728.54 2232.8 112.73 -732.18 2314.7 95.433
1.7417 -696.87 2206.2 105.46 -734.31 2244.8 112.76 -737.45 2326 95.214
1.75 -703.4 2219.5 105.16 -740.12 2256.8 112.78 -742.74 2337.5 94.991
1.7583 -710 2233.1 104.88 -745.96 2268.8 112.78 -748.02 2349 94.76
1.7667 -716.65 2246.8 104.62 -751.82 2280.7 112.78 -753.27 2360.7 94.516
1.775 -723.29 2260.5 104.4 -757.7 2292.7 112.75 -758.48 2372.4 94.255
1.7833 -729.87 2274.2 104.23 -763.59 2304.8 112.69 -763.62 2384.2 93.978
1.7917 -736.36 2287.9 104.1 -769.45 2316.9 112.61 -768.69 2395.9 93.686
1.8 -742.72 2301.3 104.02 -775.28 2329 112.49 -773.69 2407.6 93.38
1.8083 -748.92 2314.5 103.99 -781.04 2341.3 112.33 -778.6 2419.2 93.068
1.8167 -754.93 2327.5 103.99 -786.71 2353.6 112.13 -783.43 2430.8 92.756
1.825 -760.75 2340.1 104 -792.27 2366.1 111.88 -788.19 2442.3 92.452
1.8333 -766.38 2352.4 104.03 -797.69 2378.6 111.58 -792.88 2453.7 92.162
1.8417 -771.82 2364.4 104.05 -802.95 2391.2 111.23 -797.5 2465.1 91.893
1.85 -777.09 2376.1 104.06 -808.03 2403.8 110.82 -802.06 2476.6 91.649
1.8583 -782.21 2387.6 104.04 -812.91 2416.3 110.36 -806.54 2488 91.432
1.8667 -787.22 2398.8 104.01 -817.59 2428.8 109.83 -810.94 2499.6 91.239
1.875 -792.12 2409.9 103.96 -822.05 2441.2 109.26 -815.23 2511.3 91.069
1.8833 -796.95 2420.9 103.9 -826.31 2453.5 108.63 -819.41 2523.2 90.914
1.8917 -801.69 2431.8 103.84 -830.36 2465.6 107.95 -823.45 2535.3 90.769
1.9 -806.33 2442.7 103.77 -834.21 2477.5 107.24 -827.33 2547.7 90.627
1.9083 -810.85 2453.6 103.71 -837.87 2489.3 106.5 -831.04 2560.2 90.481
1.9167 -815.24 2464.6 103.66 -841.36 2500.9 105.74 -834.56 2572.9 90.329
1.925 -819.45 2475.5 103.63 -844.68 2512.3 104.97 -837.88 2585.7 90.166
1.9333 -823.46 2486.5 103.62 -847.87 2523.6 104.2 -841.01 2598.6 89.994
1.9417 -827.25 2497.4 103.62 -850.93 2534.8 103.44 -843.95 2611.5 89.814
1.95 -830.81 2508.4 103.63 -853.88 2545.9 102.69 -846.71 2624.4 89.632
1.9583 -834.15 2519.3 103.66 -856.73 2556.9 101.95 -849.31 2637.2 89.45
1.9667 -837.28 2530.2 103.7 -859.49 2567.9 101.23 -851.75 2649.9 89.273
1.975 -840.25 2541.1 103.73 -862.19 2578.8 100.53 -854.06 2662.5 89.105
1.9833 -843.08 2551.9 103.77 -864.82 2589.8 99.852 -856.24 2674.8 88.947
1.9917 -845.81 2562.6 103.8 -867.4 2600.8 99.191 -858.33 2686.9 88.799
2 -848.49 2573.3 103.82 -869.94 2611.8 98.551 -860.31 2698.8 88.66
2.0083 -851.14 2583.9 103.84 -872.43 2622.9 97.936 -862.22 2710.6 88.526
2.0167 -853.79 2594.4 103.86 -874.88 2634.1 97.348 -864.05 2722.2 88.392
2.025 -856.45 2605 103.87 -877.29 2645.3 96.794 -865.8 2733.6 88.251
2.0333 -859.12 2615.5 103.87 -879.67 2656.7 96.278 -867.49 2745 88.099
2.0417 -861.79 2626 103.88 -882.01 2668.1 95.806 -869.12 2756.3 87.931
2.05 -864.46 2636.5 103.89 -884.31 2679.7 95.383 -870.7 2767.5 87.743
2.0583 -867.09 2647 103.9 -886.57 2691.3 95.007 -872.23 2778.7 87.535
2.0667 -869.68 2657.5 103.91 -888.79 2703.1 94.686 -873.73 2789.8 87.307
2.075 -872.2 2668 103.93 -890.98 2715 94.416 -875.19 2801 87.064
2.0833 -874.65 2678.5 103.96 -893.13 2726.9 94.195 -876.64 2812.2 86.811
2.0917 -877.03 2689.1 104 -895.24 2738.9 94.016 -878.09 2823.3 86.556
2.1 -879.32 2699.7 104.04 -897.33 2750.9 93.874 -879.54 2834.5 86.306
2.1083 -881.54 2710.2 104.09 -899.39 2763 93.761 -880.99 2845.6 86.069
2.1167 -883.69 2720.9 104.15 -901.44 2775.1 93.672 -882.45 2856.8 85.85
2.125 -885.77 2731.6 104.22 -903.46 2787.2 93.601 -883.91 2868 85.654
2.1333 -887.79 2742.3 104.31 -905.47 2799.2 93.543 -885.37 2879.1 85.483
2.1417 -889.73 2753.2 104.41 -907.45 2811.3 93.496 -886.81 2890.4 85.335
2.15 -891.61 2764.2 104.54 -909.41 2823.3 93.461 -888.23 2901.6 85.209
2.1583 -893.42 2775.3 104.7 -911.33 2835.4 93.437 -889.61 2912.9 85.099
2.1667 -895.15 2786.5 104.91 -913.21 2847.4 93.429 -890.94 2924.3 84.997
2.175 -896.83 2798 105.14 -915.04 2859.6 93.436 -892.21 2935.7 84.897
2.1833 -898.46 2809.6 105.41 -916.79 2871.8 93.461 -893.4 2947.2 84.793
2.1917 -900.06 2821.3 105.72 -918.46 2884.1 93.507 -894.51 2958.8 84.677
2.2 -901.63 2833.3 106.05 -920.04 2896.5 93.573 -895.54 2970.5 84.546
2.2083 -903.19 2845.4 106.4 -921.51 2909 93.654 -896.49 2982.3 84.399
2.2167 -904.73 2857.6 106.75 -922.88 2921.7 93.745 -897.35 2994.1 84.237
2.225 -906.27 2870.1 107.09 -924.13 2934.6 93.842 -898.13 3006.1 84.063
2.2333 -907.78 2882.7 107.4 -925.26 2947.6 93.931 -898.83 3018.1 83.883
2.2417 -909.27 2895.6 107.68 -926.28 2960.7 94.005 -899.46 3030.3 83.705
2.25 -910.73 2908.6 107.9 -927.17 2974.1 94.053 -900.03 3042.6 83.535
2.2583 -912.16 2921.9 108.07 -927.96 2987.6 94.07 -900.53 3055 83.382
2.2667 -913.56 2935.4 108.18 -928.63 3001.2 94.049 -900.98 3067.5 83.252
2.275 -914.95 2949.2 108.22 -929.2 3015 93.986 -901.36 3080.1 83.147
2.2833 -916.31 2963.2 108.19 -929.66 3028.9 93.882 -901.69 3092.9 83.07
2.2917 -917.66 2977.4 108.11 -930.04 3042.9 93.739 -901.96 3105.7 83.018
2.3 -918.99 2991.8 107.96 -930.33 3057 93.563 -902.18 3118.7 82.987
2.3083 -920.3 3006.4 107.74 -930.56 3071.2 93.361 -902.36 3131.8 82.971
2.3167 -921.56 3021 107.47 -930.75 3085.4 93.143 -902.49 3145 82.96
2.325 -922.77 3035.6 107.14 -930.9 3099.7 92.919 -902.6 3158.2 82.947
2.3333 -923.89 3050.2 106.77 -931.05 3113.9 92.699 -902.68 3171.5 82.923
2.3417 -924.9 3064.7 106.34 -931.22 3128.1 92.492 -902.77 3184.7 82.882
2.35 -925.76 3079 105.88 -931.44 3142.1 92.305 -902.87 3198 82.821
2.3583 -926.45 3093.2 105.38 -931.73 3156 92.145 -903.01 3211.1 82.74
2.3667 -926.95 3107.1 104.85 -932.11 3169.8 92.016 -903.2 3224.2 82.64
2.375 -927.26 3120.9 104.31 -932.6 3183.3 91.918 -903.47 3237.2 82.526
2.3833 -927.4 3134.5 103.75 -933.21 3196.6 91.855 -903.84 3250 82.407
2.3917 -927.39 3147.8 103.18 -933.95 3209.5 91.823 -904.32 3262.7 82.29
2.4 -927.26 3161 102.61 -934.82 3222.2 91.82 -904.93 3275.3 82.183
2.4083 -927.05 3174 102.03 -935.81 3234.5 91.842 -905.67 3287.8 82.093
2.4167 -926.79 3187 101.45 -936.89 3246.6 91.887 -906.55 3300.1 82.026
2.425 -926.51 3199.8 100.87 -938.06 3258.4 91.948 -907.57 3312.3 81.985
2.4333 -926.25 3212.6 100.3 -939.29 3269.9 92.024 -908.74 3324.4 81.968
2.4417 -926.02 3225.4 99.754 -940.54 3281.1 92.112 -910.04 3336.4 81.975
2.45 -925.84 3238.1 99.233 -941.81 3292.2 92.209 -911.46 3348.2 82.002
2.4583 -925.73 3250.8 98.746 -943.07 3303.2 92.317 -913.01 3360 82.042
2.4667 -925.67 3263.4 98.299 -944.3 3314 92.438 -914.65 3371.7 82.092
