0.0083333 -9.2982 0.84279 96.719 -35.392 117.02 83.616 -9.2793 184.77 77.492
0.016667 -8.2606 9.3165 96.913 -33.584 125.42 83.624 -6.9255 192.2 77.313
0.025 -7.2017 18.119 97.125 -31.691 133.91 83.619 -4.4884 199.74 77.13
0.033333 -6.1141 27.236 97.352 -29.714 142.48 83.602 -1.9779 207.4 76.948
0.041667 -4.9965 36.643 97.591 -27.658 151.14 83.575 0.59615 215.19 76.774
0.05 -3.8515 46.307 97.834 -25.526 159.9 83.539 3.2247 223.12 76.614
0.058333 -2.6841 56.193 98.07 -23.325 168.74 83.498 5.8999 231.17 76.471
0.066667 -1.5052 66.261 98.291 -21.06 177.68 83.454 8.6144 239.36 76.349
0.075 -0.32418 76.473 98.487 -18.738 186.7 83.408 11.363 247.65 76.245
0.083333 0.84655 86.781 98.651 -16.369 195.81 83.363 14.141 256.04 76.16
0.091667 2.0073 97.161 98.774 -13.962 205 83.322 16.942 264.51 76.088
0.1 3.1596 107.58 98.851 -11.531 214.26 83.286 19.761 273.02 76.024
0.10833 4.3147 118.02 98.882 -9.0896 223.6 83.259 22.59 281.56 75.963
0.11667 5.4908 128.46 98.868 -6.6537 232.97 83.243 25.419 290.11 75.898
0.125 6.7126 138.87 98.813 -4.2409 242.38 83.241 28.235 298.63 75.824
0.13333 8.0061 149.26 98.724 -1.8705 251.79 83.258 31.025 307.12 75.736
0.14167 9.3946 159.61 98.609 0.4381 261.17 83.296 33.771 315.57 75.634
0.15 10.895 169.89 98.476 2.6661 270.49 83.36 36.456 323.97 75.516
0.15833 12.514 180.12 98.329 4.7955 279.73 83.451 39.063 332.31 75.385
0.16667 14.243 190.26 98.171 6.8114 288.85 83.571 41.572 340.59 75.247
0.175 16.064 200.32 98.006 8.7015 297.81 83.722 43.969 348.82 75.107
0.18333 17.951 210.29 97.832 10.459 306.61 83.903 46.238 357.01 74.973
0.19167 19.874 220.17 97.648 12.082 315.22 84.113 48.368 365.16 74.852
0.2 21.805 229.95 97.449 13.575 323.64 84.349 50.351 373.28 74.753
0.20833 23.721 239.66 97.234 14.946 331.88 84.607 52.182 381.39 74.682
0.21667 25.602 249.28 97.002 16.21 339.94 84.882 53.859 389.48 74.645
0.225 27.429 258.83 96.751 17.385 347.85 85.171 55.383 397.57 74.644
0.23333 29.191 268.31 96.481 18.488 355.64 85.464 56.758 405.66 74.682
0.24167 30.88 277.73 96.198 19.543 363.33 85.764 57.99 413.76 74.757
0.25 32.498 287.09 95.903 20.567 370.96 86.068 59.085 421.88 74.867
0.25833 34.052 296.41 95.597 21.571 378.56 86.362 60.052 430.02 75.009
0.26667 35.554 305.69 95.286 22.57 386.15 86.655 60.898 438.18 75.178
0.275 37.02 314.94 94.97 23.567 393.77 86.937 61.633 446.38 75.368
0.28333 38.467 324.17 94.652 24.566 401.42 87.211 62.266 454.61 75.575
0.29167 39.902 333.39 94.334 25.565 409.12 87.474 62.803 462.87 75.793
0.3 41.338 342.59 94.016 26.56 416.88 87.727 63.254 471.15 76.02
0.30833 42.771 351.77 93.697 27.545 424.69 87.969 63.626 479.47 76.251
0.31667 44.195 360.95 93.376 28.516 432.55 88.199 63.926 487.8 76.486
0.325 45.604 370.11 93.052 29.467 440.48 88.42 64.161 496.13 76.721
0.33333 46.981 379.25 92.722 30.395 448.47 88.63 64.338 504.47 76.957
0.34167 48.315 388.39 92.388 31.298 456.54 88.829 64.464 512.8 77.192
0.35 49.594 397.51 92.048 32.176 464.68 89.019 64.544 521.12 77.426
0.35833 50.811 406.64 91.703 33.029 472.91 89.199 64.585 529.41 77.659
0.36667 51.967 415.76 91.355 33.86 481.25 89.368 64.592 537.68 77.889
0.375 53.067 424.89 91.008 34.669 489.7 89.525 64.571 545.92 78.117
0.38333 54.125 434.02 90.664 35.46 498.28 89.669 64.527 554.14 78.341
0.39167 55.16 443.17 90.327 36.235 506.99 89.796 64.464 562.34 78.564
0.4 56.188 452.32 90 36.997 515.83 89.907 64.385 570.54 78.785
0.40833 57.229 461.49 89.685 37.746 524.81 89.999 64.293 578.75 79.006
0.41667 58.297 470.65 89.384 38.483 533.91 90.073 64.191 586.98 79.23
0.425 59.396 479.81 89.096 39.209 543.13 90.128 64.08 595.25 79.459
0.43333 60.528 488.96 88.823 39.921 552.46 90.167 63.962 603.58 79.698
0.44167 61.681 498.11 88.562 40.618 561.88 90.189 63.838 611.97 79.949
0.45 62.836 507.25 88.314 41.296 571.37 90.197 63.71 620.45 80.216
0.45833 63.973 516.38 88.081 41.952 580.94 90.191 63.577 629.02 80.5
0.46667 65.07 525.51 87.862 42.585 590.56 90.173 63.441 637.68 80.801
0.475 66.103 534.65 87.66 43.192 600.25 90.144 63.304 646.46 81.119
0.48333 67.052 543.84 87.478 43.773 610 90.104 63.167 655.33 81.45
0.49167 67.906 553.09 87.316 44.329 619.81 90.055 63.03 664.32 81.79
0.5 68.661 562.45 87.175 44.862 629.69 89.996 62.896 673.42 82.134
0.50833 69.327 571.96 87.052 45.374 639.66 89.93 62.764 682.62 82.476
0.51667 69.917 581.66 86.943 45.868 649.72 89.857 62.636 691.94 82.809
0.525 70.454 591.58 86.843 46.347 659.88 89.779 62.509 701.36 83.13
0.53333 70.966 601.75 86.748 46.813 670.14 89.699 62.383 710.9 83.434
0.54167 71.458 612.17 86.655 47.268 680.51 89.618 62.256 720.54 83.719
0.55 71.953 622.84 86.561 47.708 690.98 89.542 62.124 730.31 83.985
0.55833 72.456 633.7 86.468 48.131 701.55 89.474 61.983 740.2 84.234
0.56667 72.962 644.74 86.37 48.534 712.2 89.417 61.828 750.21 84.468
0.575 73.475 655.93 86.26 48.908 722.93 89.377 61.656 760.35 84.689
0.58333 73.984 667.24 86.139 49.246 733.74 89.356 61.461 770.62 84.904
0.59167 74.491 678.66 85.994 49.54 744.62 89.356 61.239 781.03 85.112
0.6 74.984 690.18 85.823 49.781 755.58 89.38 60.988 791.58 85.316
0.60833 75.459 701.81 85.622 49.963 766.6 89.427 60.705 802.26 85.515
0.61667 75.913 713.58 85.392 50.081 777.71 89.495 60.391 813.09 85.707
0.625 76.35 725.5 85.139 50.133 788.91 89.583 60.046 824.04 85.889
0.63333 76.78 737.6 84.872 50.121 800.21 89.687 59.673 835.13 86.055
0.64167 77.21 749.89 84.603 50.053 811.62 89.804 59.277 846.34 86.201
0.65 77.664 762.38 84.349 49.937 823.15 89.928 58.861 857.66 86.32
0.65833 78.15 775.05 84.125 49.79 834.8 90.057 58.433 869.09 86.41
0.66667 78.682 787.9 83.949 49.625 846.56 90.184 58 880.6 86.469
0.675 79.254 800.87 83.833 49.466 858.44 90.307 57.569 892.2 86.498
0.68333 79.856 813.92 83.788 49.33 870.4 90.419 57.148 903.85 86.498
0.69167 80.469 827.01 83.814 49.24 882.44 90.518 56.747 915.55 86.477
0.7 81.07 840.07 83.908 49.215 894.51 90.598 56.374 927.29 86.44
0.70833 81.635 853.03 84.058 49.272 906.6 90.655 56.041 939.04 86.397
0.71667 82.15 865.85 84.251 49.428 918.67 90.685 55.757 950.79 86.355
0.725 82.602 878.47 84.467 49.694 930.69 90.682 55.537 962.53 86.323
0.73333 82.99 890.85 84.689 50.079 942.62 90.642 55.393 974.24 86.307
0.74167 83.316 902.96 84.897 50.587 954.44 90.56 55.341 985.92 86.311
0.75 83.585 914.77 85.077 51.218 966.14 90.432 55.396 997.55 86.335
0.75833 83.806 926.3 85.217 51.973 977.69 90.254 55.575 1009.1 86.379
0.76667 83.987 937.55 85.312 52.847 989.09 90.025 55.896 1020.7 86.437
0.775 84.139 948.59 85.365 53.835 1000.3 89.744 56.376 1032.2 86.503
0.78333 84.276 959.44 85.382 54.931 1011.4 89.412 57.031 1043.6 86.569
0.79167 84.415 970.17 85.372 56.125 1022.4 89.029 57.877 1055 86.626
0.8 84.579 980.83 85.345 57.41 1033.2 88.601 58.928 1066.4 86.664
0.80833 84.792 991.44 85.311 58.773 1043.8 88.128 60.195 1077.7 86.676
0.81667 85.09 1002 85.282 60.21 1054.4 87.623 61.688 1089 86.652
0.825 85.493 1012.6 85.266 61.709 1064.9 87.089 63.411 1100.3 86.589
0.83333 86.022 1023.2 85.269 63.261 1075.3 86.532 65.365 1111.6 86.481
0.84167 86.693 1033.7 85.296 64.859 1085.6 85.957 67.549 1122.9 86.327
0.85 87.514 1044.3 85.348 66.495 1095.9 85.369 69.955 1134.1 86.127
0.85833 88.489 1054.8 85.425 68.164 1106.1 84.771 72.575 1145.4 85.882
0.86667 89.606 1065.2 85.523 69.864 1116.2 84.164 75.394 1156.6 85.595
0.875 90.852 1075.6 85.641 71.594 1126.4 83.55 78.395 1167.8 85.272
0.88333 92.209 1085.9 85.772 73.356 1136.5 82.929 81.561 1179 84.918
0.89167 93.653 1096.1 85.914 75.152 1146.6 82.302 84.869 1190.1 84.54
0.9 95.161 1106.3 86.062 76.988 1156.7 81.671 88.3 1201.1 84.144
0.90833 96.709 1116.4 86.21 78.87 1166.8 81.037 91.831 1212.1 83.738
0.91667 98.276 1126.5 86.357 80.804 1176.9 80.405 95.442 1223 83.329
0.925 99.846 1136.6 86.496 82.796 1187 79.781 99.115 1233.8 82.923
0.93333 101.41 1146.6 86.624 84.85 1197.2 79.168 102.83 1244.5 82.525
0.94167 102.95 1156.7 86.738 86.97 1207.3 78.574 106.59 1255.2 82.142
0.95 104.48 1166.8 86.833 89.154 1217.5 78.005 110.36 1265.7 81.774
0.95833 106 1176.9 86.907 91.402 1227.8 77.466 114.16 1276.2 81.424
0.96667 107.52 1187 86.96 93.71 1238.1 76.963 117.98 1286.6 81.091
0.975 109.06 1197.1 86.989 96.073 1248.5 76.497 121.82 1296.8 80.774
0.98333 110.64 1207.3 86.996 98.487 1259 76.072 125.68 1307.1 80.468
0.99167 112.27 1217.6 86.98 100.95 1269.5 75.685 129.57 1317.2 80.168
1 113.98 1227.8 86.943 103.45 1280.2 75.337 133.5 1327.3 79.872
1.0083 115.79 1238.2 86.886 105.98 1290.9 75.024 137.47 1337.3 79.573
1.0167 117.71 1248.6 86.809 108.56 1301.7 74.743 141.47 1347.3 79.267
1.025 119.76 1259.1 86.713 111.19 1312.6 74.49 145.53 1357.1 78.953
1.0333 121.96 1269.7 86.599 113.86 1323.6 74.262 149.62 1367 78.63
1.0417 124.32 1280.3 86.465 116.58 1334.6 74.055 153.75 1376.8 78.298
1.05 126.83 1291.1 86.316 119.37 1345.8 73.868 157.91 1386.5 77.961
1.0583 129.51 1301.9 86.152 122.23 1357 73.698 162.1 1396.2 77.621
1.0667 132.36 1312.9 85.981 125.17 1368.2 73.545 166.31 1405.8 77.285
1.075 135.37 1324 85.808 128.2 1379.5 73.408 170.52 1415.5 76.958
1.0833 138.53 1335.2 85.638 131.33 1390.9 73.288 174.74 1425.1 76.643
1.0917 141.8 1346.5 85.479 134.55 1402.3 73.186 178.96 1434.7 76.346
1.1 145.16 1357.9 85.337 137.89 1413.7 73.096 183.17 1444.4 76.069
1.1083 148.56 1369.4 85.212 141.33 1425.2 73.022 187.38 1454.1 75.814
1.1167 151.99 1381 85.11 144.87 1436.7 72.957 191.57 1463.8 75.581
1.125 155.44 1392.6 85.031 148.53 1448.3 72.898 195.76 1473.5 75.371
1.1333 158.92 1404.3 84.979 152.3 1459.9 72.84 199.95 1483.4 75.182
1.1417 162.44 1416 84.954 156.18 1471.5 72.775 204.13 1493.2 75.014
1.15 166.03 1427.8 84.956 160.18 1483.2 72.696 208.32 1503.2 74.868
1.1583 169.69 1439.6 84.983 164.28 1495 72.595 212.51 1513.2 74.744
1.1667 173.46 1451.6 85.031 168.49 1506.8 72.47 216.71 1523.2 74.644
1.175 177.33 1463.7 85.093 172.82 1518.6 72.31 220.91 1533.4 74.57
1.1833 181.3 1475.9 85.16 177.25 1530.5 72.118 225.14 1543.5 74.524
1.1917 185.37 1488.3 85.217 181.77 1542.4 71.894 229.38 1553.8 74.506
1.2 189.52 1500.8 85.252 186.39 1554.3 71.636 233.63 1564.1 74.515
1.2083 193.72 1513.4 85.251 191.07 1566.2 71.348 237.92 1574.4 74.549
1.2167 197.98 1526.1 85.198 195.81 1578.2 71.042 242.23 1584.7 74.601
1.225 202.26 1538.9 85.085 200.58 1590.2 70.725 246.57 1595.1 74.662
1.2333 206.55 1551.7 84.906 205.35 1602.2 70.406 250.95 1605.6 74.72
1.2417 210.85 1564.4 84.661 210.08 1614.1 70.096 255.36 1616 74.762
1.25 215.17 1577.1 84.358 214.75 1626.1 69.807 259.8 1626.5 74.774
1.2583 219.52 1589.7 84.009 219.33 1638 69.547 264.25 1637 74.742
1.2667 223.9 1602.1 83.628 223.78 1649.8 69.325 268.71 1647.5 74.657
1.275 228.35 1614.4 83.234 228.08 1661.6 69.15 273.16 1658 74.512
1.2833 232.86 1626.5 82.844 232.21 1673.2 69.024 277.56 1668.5 74.306
1.2917 237.44 1638.4 82.476 236.15 1684.8 68.953 281.9 1679.1 74.046
1.3 242.08 1650.1 82.142 239.9 1696.2 68.936 286.14 1689.7 73.742
1.3083 246.76 1661.7 81.85 243.45 1707.5 68.973 290.24 1700.3 73.409
1.3167 251.46 1673.1 81.6 246.81 1718.6 69.06 294.17 1710.9 73.068
1.325 256.14 1684.4 81.39 250 1729.6 69.193 297.9 1721.6 72.739
1.3333 260.77 1695.6 81.211 253.03 1740.4 69.366 301.4 1732.4 72.443
1.3417 265.31 1706.7 81.053 255.93 1751.1 69.575 304.66 1743.2 72.198
1.35 269.72 1717.7 80.906 258.72 1761.6 69.814 307.67 1754.1 72.018
1.3583 273.96 1728.8 80.756 261.42 1772 70.078 310.42 1765 71.912
1.3667 278.02 1739.7 80.594 264.06 1782.3 70.364 312.92 1776.1 71.882
1.375 281.88 1750.7 80.41 266.66 1792.5 70.671 315.18 1787.2 71.928
1.3833 285.54 1761.6 80.201 269.24 1802.6 70.997 317.22 1798.3 72.04
1.3917 289.01 1772.5 79.965 271.8 1812.7 71.342 319.07 1809.5 72.21
1.4 292.34 1783.3 79.704 274.36 1822.8 71.704 320.75 1820.8 72.421
1.4083 295.55 1794.1 79.423 276.91 1832.9 72.084 322.3 1832.1 72.661
1.4167 298.67 1804.8 79.131 279.46 1843 72.481 323.72 1843.4 72.916
1.425 301.74 1815.5 78.834 282 1853.2 72.894 325.05 1854.7 73.176
1.4333 304.79 1826.2 78.543 284.52 1863.4 73.32 326.3 1866.1 73.433
1.4417 307.84 1836.8 78.263 287.03 1873.7 73.755 327.49 1877.4 73.685
1.45 310.9 1847.3 78.001 289.52 1884.1 74.197 328.62 1888.7 73.931
1.4583 313.97 1857.9 77.756 291.98 1894.5 74.638 329.7 1899.9 74.177
1.4667 317.05 1868.4 77.53 294.42 1904.9 75.073 330.72 1911.2 74.429
1.475 320.13 1878.9 77.318 296.84 1915.4 75.497 331.7 1922.4 74.696
1.4833 323.17 1889.4 77.115 299.25 1926 75.903 332.62 1933.6 74.986
1.4917 326.17 1899.9 76.915 301.64 1936.7 76.287 333.48 1944.7 75.306
1.5 329.11 1910.4 76.711 304.03 1947.3 76.646 334.3 1955.9 75.661
1.5083 331.97 1920.8 76.497 306.42 1958.1 76.976 335.08 1967 76.054
1.5167 334.75 1931.3 76.271 308.83 1968.9 77.278 335.83 1978.1 76.483
1.525 337.44 1941.8 76.032 311.26 1979.8 77.555 336.57 1989.1 76.945
1.5333 340.04 1952.4 75.783 313.72 1990.8 77.808 337.3 2000.1 77.431
1.5417 342.58 1962.9 75.531 316.2 2001.9 78.042 338.05 2011.1 77.932
1.55 345.05 1973.5 75.285 318.7 2013.1 78.26 338.84 2022.1 78.438
1.5583 347.47 1984.1 75.056 321.22 2024.4 78.465 339.69 2033.1 78.937
1.5667 349.85 1994.8 74.856 323.75 2035.8 78.658 340.62 2044.1 79.417
1.575 352.21 2005.5 74.695 326.27 2047.3 78.842 341.62 2055.1 79.871
1.5833 354.54 2016.2 74.58 328.77 2058.9 79.017 342.73 2066.1 80.289
1.5917 356.87 2027 74.517 331.23 2070.6 79.181 343.94 2077.1 80.667
1.6 359.18 2037.9 74.504 333.66 2082.3 79.334 345.24 2088.2 81.002
1.6083 361.49 2048.8 74.531 336.03 2094.1 79.474 346.64 2099.3 81.296
1.6167 363.79 2060 74.589 338.35 2105.9 79.598 348.13 2110.5 81.55
1.625 366.11 2071.2 74.664 340.59 2117.8 79.706 349.69 2121.7 81.769
1.6333 368.44 2082.7 74.744 342.78 2129.8 79.797 351.32 2133.1 81.96
1.6417 370.78 2094.4 74.822 344.89 2141.7 79.871 352.98 2144.5 82.128
1.65 373.15 2106.3 74.896 346.94 2153.8 79.929 354.68 2156 82.281
1.6583 375.5 2118.3 74.965 348.92 2165.8 79.976 356.39 2167.5 82.424
1.6667 377.84 2130.5 75.027 350.84 2178 80.015 358.09 2179.2 82.563
1.675 380.14 2142.8 75.085 352.71 2190.2 80.054 359.79 2191 82.7
1.6833 382.41 2155.3 75.129 354.53 2202.5 80.097 361.47 2202.8 82.837
1.6917 384.64 2168 75.157 356.3 2214.9 80.151 363.12 2214.8 82.973
1.7 386.82 2180.8 75.166 358.02 2227.3 80.222 364.76 2226.8 83.107
1.7083 388.98 2193.8 75.151 359.69 2239.9 80.313 366.36 2238.8 83.235
1.7167 391.11 2207 75.113 361.31 2252.5 80.427 367.95 2251 83.355
1.725 393.22 2220.5 75.053 362.89 2265.3 80.562 369.52 2263.2 83.461
1.7333 395.31 2234.3 74.978 364.42 2278.1 80.716 371.07 2275.4 83.551
1.7417 397.41 2248.3 74.898 365.92 2290.9 80.885 372.61 2287.7 83.623
1.75 399.5 2262.4 74.828 367.39 2303.9 81.061 374.14 2300 83.674
1.7583 401.58 2276.8 74.785 368.85 2316.8 81.235 375.66 2312.4 83.705
1.7667 403.63 2291.2 74.784 370.31 2329.7 81.4 377.18 2324.8 83.719
1.775 405.65 2305.7 74.844 371.79 2342.7 81.546 378.7 2337.3 83.72
1.7833 407.62 2320.2 74.977 373.32 2355.6 81.665 380.21 2349.8 83.712
1.7917 409.51 2334.5 75.187 374.92 2368.5 81.753 381.72 2362.4 83.701
1.8 411.32 2348.8 75.473 376.6 2381.4 81.805 383.24 2374.9 83.695
1.8083 413.05 2362.8 75.826 378.38 2394.2 81.819 384.78 2387.5 83.699
1.8167 414.68 2376.6 76.228 380.27 2406.9 81.796 386.33 2400.1 83.718
1.825 416.23 2390.1 76.657 382.28 2419.5 81.737 387.93 2412.8 83.755
1.8333 417.71 2403.3 77.09 384.4 2432 81.645 389.58 2425.4 83.813
1.8417 419.12 2416.3 77.504 386.64 2444.4 81.527 391.31 2438 83.891
1.85 420.48 2429 77.883 388.98 2456.7 81.384 393.14 2450.6 83.985
1.8583 421.81 2441.4 78.216 391.4 2468.8 81.223 395.1 2463.1 84.091
1.8667 423.13 2453.7 78.498 393.89 2480.8 81.045 397.2 2475.7 84.202
1.875 424.46 2465.8 78.728 396.44 2492.6 80.854 399.47 2488.1 84.312
1.8833 425.81 2477.8 78.91 399.01 2504.2 80.651 401.93 2500.6 84.412
1.8917 427.21 2489.6 79.051 401.61 2515.7 80.435 404.58 2513 84.494
1.9 428.67 2501.5 79.163 404.23 2527.1 80.206 407.45 2525.3 84.552
1.9083 430.23 2513.2 79.261 406.85 2538.3 79.962 410.52 2537.6 84.58
1.9167 431.88 2524.9 79.359 409.48 2549.5 79.703 413.79 2549.9 84.575
1.925 433.65 2536.5 79.471 412.13 2560.6 79.427 417.25 2562.1 84.536
1.9333 435.54 2548.1 79.609 414.8 2571.6 79.136 420.89 2574.3 84.464
1.9417 437.55 2559.6 79.782 417.49 2582.6 78.828 424.68 2586.5 84.362
1.95 439.68 2571.1 79.995 420.2 2593.6 78.505 428.59 2598.6 84.233
1.9583 441.91 2582.4 80.248 422.96 2604.6 78.168 432.6 2610.7 84.085
1.9667 444.23 2593.8 80.541 425.75 2615.6 77.821 436.69 2622.8 83.924
1.975 446.62 2605 80.87 428.57 2626.7 77.466 440.83 2634.9 83.754
1.9833 449.05 2616.2 81.226 431.44 2637.8 77.106 445 2646.9 83.583
1.9917 451.5 2627.3 81.605 434.33 2648.9 76.747 449.19 2658.9 83.414
2 453.95 2638.4 81.998 437.26 2660.1 76.392 453.38 2670.8 83.251
2.0083 456.38 2649.4 82.4 440.22 2671.4 76.044 457.57 2682.7 83.094
2.0167 458.79 2660.4 82.806 443.2 2682.7 75.71 461.76 2694.5 82.945
2.025 461.18 2671.3 83.215 446.21 2694.1 75.39 465.93 2706.2 82.803
2.0333 463.55 2682.2 83.621 449.24 2705.6 75.089 470.11 2717.9 82.667
2.0417 465.92 2693.1 84.026 452.3 2717.2 74.808 474.28 2729.6 82.535
2.05 468.3 2703.9 84.428 455.39 2728.8 74.551 478.44 2741.2 82.408
2.0583 470.72 2714.7 84.826 458.5 2740.6 74.318 482.61 2752.7 82.287
2.0667 473.21 2725.5 85.216 461.66 2752.4 74.111 486.77 2764.2 82.172
2.075 475.78 2736.4 85.593 464.84 2764.4 73.928 490.92 2775.8 82.067
2.0833 478.46 2747.3 85.952 468.06 2776.4 73.77 495.06 2787.3 81.976
2.0917 481.26 2758.2 86.283 471.31 2788.5 73.633 499.19 2798.8 81.902
2.1 484.18 2769.3 86.579 474.64 2800.7 73.513 502.7 2810.1 82.556
2.1083 487.23 2780.4 86.828 477.95 2812.8 73.413 506.81 2821.7 82.514
2.1167 490.39 2791.7 87.024 481.29 2825.1 73.326 510.91 2833.3 82.497
2.125 493.68 2803 87.163 484.65 2837.3 73.251 514.99 2844.9 82.502
2.1333 497.07 2814.5 87.246 488.05 2849.6 73.184 519.06 2856.5 82.527
2.1417 500.56 2826.2 87.276 491.49 2862 73.124 523.14 2868.2 82.567
2.15 504.15 2837.9 87.271 494.98 2874.3 73.07 527.24 2879.9 82.614
2.1583 507.83 2849.8 87.236 498.54 2886.7 73.022 531.37 2891.7 82.659
2.1667 511.59 2861.9 87.189 502.17 2899.2 72.979 535.54 2903.5 82.694
2.175 515.41 2874 87.145 505.88 2911.7 72.942 539.77 2915.3 82.712
2.1833 519.26 2886.3 87.109 509.69 2924.2 72.911 544.05 2927.2 82.71
2.1917 523.14 2898.7 87.095 513.61 2936.8 72.883 548.4 2939 82.686
2.2 527.03 2911.1 87.105 517.63 2949.5 72.857 552.8 2951 82.644
2.2083 530.96 2923.6 87.14 521.77 2962.2 72.832 557.25 2962.9 82.592
2.2167 534.92 2936.2 87.2 526.03 2975 72.802 561.73 2974.9 82.543
2.225 538.93 2948.9 87.28 530.39 2987.8 72.765 566.22 2987 82.509
2.2333 542.99 2961.7 87.37 534.86 3000.6 72.716 570.71 2999.1 82.507
2.2417 547.08 2974.6 87.46 539.42 3013.5 72.651 575.19 3011.3 82.55
2.25 551.21 2987.7 87.536 544.07 3026.3 72.566 579.63 3023.5 82.65
2.2583 555.35 3000.9 87.581 548.8 3039.2 72.461 584.04 3035.7 82.812
2.2667 559.49 3014.3 87.581 553.59 3052 72.334 588.41 3048 83.036
2.275 563.61 3027.8 87.522 558.44 3064.8 72.187 592.75 3060.4 83.316
2.2833 567.7 3041.5 87.392 563.31 3077.6 72.025 597.09 3072.8 83.637
2.2917 571.76 3055.2 87.183 568.21 3090.4 71.854 601.44 3085.2 83.977
2.3 575.79 3068.9 86.895 573.09 3103.2 71.682 605.82 3097.6 84.311
2.3083 579.8 3082.6 86.53 577.95 3116 71.516 610.25 3110 84.614
2.3167 583.8 3096.1 86.099 582.74 3128.8 71.367 614.76 3122.4 84.856
2.325 587.83 3109.6 85.615 587.45 3141.6 71.246 619.34 3134.8 85.016
2.3333 591.9 3122.9 85.097 592.04 3154.4 71.162 624 3147.2 85.076
2.3417 596.02 3135.9 84.563 596.48 3167.2 71.123 628.74 3159.6 85.028
2.35 600.22 3148.7 84.033 600.75 3179.9 71.134 633.52 3171.9 84.875
2.3583 604.48 3161.3 83.525 604.83 3192.6 71.201 638.31 3184.2 84.626
2.3667 608.82 3173.7 83.055 608.7 3205.2 71.323 643.07 3196.5 84.302
2.375 613.22 3185.9 82.632 612.36 3217.6 71.499 647.77 3208.8 83.928
2.3833 617.67 3197.9 82.262 615.8 3229.9 71.724 652.34 3221 83.534
2.3917 622.16 3209.8 81.942 619.05 3242 71.991 656.75 3233.3 83.151
2.4 626.66 3221.6 81.669 622.12 3253.9 72.287 660.96 3245.5 82.807
2.4083 631.15 3233.4 81.438 625.04 3265.5 72.611 664.94 3257.8 82.521
2.4167 635.59 3245.1 81.237 627.84 3277 72.944 668.67 3270 82.312
2.425 639.94 3256.7 81.058 630.55 3288.3 73.28 672.14 3282.3 82.186
2.4333 644.17 3268.4 80.891 633.2 3299.4 73.614 675.37 3294.7 82.144
2.4417 648.27 3279.9 80.727 635.82 3310.4 73.938 678.35 3307 82.178
2.45 652.2 3291.4 80.559 638.4 3321.2 74.257 681.54 3319.5 81.678
2.4583 655.98 3302.8 80.381 641.01 3332 74.559 684.15 3331.9 81.813
2.4667 659.61 3314.2 80.192 643.63 3342.8 74.852 686.61 3344.3 81.978
2.475 663.1 3325.5 79.989 646.26 3353.6 75.136 688.94 3356.8 82.156
2.4833 666.47 3336.7 79.775 648.88 3364.4 75.415 691.18 3369.3 82.333
2.4917 669.75 3347.8 79.551 651.5 3375.3 75.692 693.35 3381.7 82.501
2.5 672.95 3358.9 79.322 654.09 3386.2 75.967 695.46 3394.1 82.652
2.5083 676.1 3370 79.09 656.65 3397.2 76.242 697.52 3406.5 82.785
2.5167 679.2 3381 78.86 659.18 3408.2 76.517 699.53 3418.9 82.904
2.525 682.27 3392.1 78.632 661.66 3419.4 76.789 701.51 3431.2 83.011
2.5333 685.3 3403.1 78.407 664.1 3430.5 77.057 703.45 3443.5 83.114
2.5417 688.3 3414.1 78.182 666.51 3441.8 77.315 705.36 3455.7 83.219
2.55 691.25 3425.1 77.954 668.87 3453.1 77.563 707.23 3467.9 83.33
2.5583 694.16 3436.2 77.717 671.21 3464.4 77.795 709.07 3480.1 83.451
2.5667 697.01 3447.2 77.468 673.53 3475.8 78.01 710.88 3492.2 83.583
2.575 699.81 3458.3 77.202 675.84 3487.3 78.207 712.67 3504.4 83.727
2.5833 702.56 3469.3 76.918 678.15 3498.8 78.386 714.46 3516.5 83.879
2.5917 705.27 3480.4 76.619 680.45 3510.3 78.548 716.25 3528.6 84.036
2.6 707.93 3491.5 76.31 682.75 3521.9 78.696 718.05 3540.8 84.195
2.6083 710.56 3502.6 75.999 685.04 3533.6 78.834 719.87 3552.9 84.351
2.6167 713.17 3513.7 75.701 687.34 3545.4 78.965 721.72 3565.1 84.502
2.625 715.76 3524.9 75.425 689.62 3557.2 79.094 723.6 3577.2 84.647
2.6333 718.33 3536.1 75.185 691.9 3569.1 79.221 725.51 3589.4 84.784
2.6417 720.88 3547.4 74.988 694.17 3581.1 79.349 727.45 3601.6 84.914
2.65 723.42 3558.7 74.838 696.43 3593.1 79.48 729.41 3613.8 85.039
2.6583 725.93 3570.1 74.733 698.68 3605.2 79.612 731.39 3625.9 85.16
2.6667 728.42 3581.7 74.664 700.92 3617.4 79.743 733.37 3638.1 85.279
2.675 730.87 3593.4 74.62 703.15 3629.6 79.871 735.36 3650.3 85.399
2.6833 733.29 3605.3 74.589 705.37 3642 79.993 737.35 3662.5 85.519
2.6917 735.68 3617.3 74.56 707.59 3654.4 80.106 739.31 3674.7 85.64
2.7 738.02 3629.5 74.528 709.8 3666.9 80.207 741.27 3687 85.762
2.7083 740.31 3641.9 74.491 711.99 3679.4 80.296 743.2 3699.3 85.884
2.7167 742.54 3654.4 74.446 714.16 3692.1 80.373 745.1 3711.7 86.002
2.725 744.71 3666.9 74.397 716.3 3704.8 80.439 746.99 3724.2 86.115
2.7333 746.84 3679.6 74.334 718.41 3717.6 80.498 748.85 3736.7 86.22
2.7417 748.92 3692.4 74.264 720.46 3730.5 80.553 750.7 3749.3 86.315
2.75 750.97 3705.4 74.186 722.45 3743.4 80.607 752.52 3762 86.399
2.7583 753.01 3718.5 74.101 724.37 3756.4 80.666 754.33 3774.7 86.472
2.7667 755.05 3731.8 74.011 726.22 3769.4 80.731 756.11 3787.5 86.532
2.775 757.1 3745.4 73.925 727.98 3782.5 80.807 757.87 3800.4 86.581
2.7833 759.16 3759.2 73.848 729.68 3795.6 80.892 759.59 3813.3 86.62
2.7917 761.25 3773.3 73.79 731.3 3808.7 80.985 761.28 3826.2 86.651
2.8 763.36 3787.6 73.761 732.86 3821.9 81.084 762.91 3839.1 86.676
2.8083 765.48 3802 73.772 734.38 3835.1 81.186 764.5 3852 86.697
2.8167 767.6 3816.6 73.839 735.88 3848.3 81.283 766.02 3865 86.717
2.825 769.69 3831.2 73.97 737.37 3861.6 81.371 767.47 3877.9 86.74
2.8333 771.73 3845.8 74.169 738.89 3874.8 81.445 768.86 3890.9 86.769
2.8417 773.71 3860.3 74.436 740.46 3888.1 81.499 770.17 3903.8 86.808
2.85 775.61 3874.7 74.769 742.1 3901.4 81.53 771.42 3916.8 86.863
2.8583 777.42 3888.9 75.154 743.83 3914.7 81.536 772.61 3929.8 86.937
2.8667 779.14 3902.8 75.576 745.67 3927.9 81.515 773.75 3942.8 87.034
2.875 780.77 3916.5 76.014 747.64 3941 81.466 774.87 3955.8 87.158
2.8833 782.32 3929.9 76.447 749.72 3954 81.39 775.98 3968.8 87.31
2.8917 783.81 3943.1 76.853 751.94 3966.9 81.288 777.1 3981.8 87.492
2.9 785.24 3956 77.219 754.27 3979.6 81.162 778.26 3994.8 87.702
2.9083 786.63 3968.7 77.537 756.7 3992 81.014 779.5 4007.7 87.937
2.9167 788 3981.2 77.802 759.22 4004.3 80.846 780.82 4020.6 88.195
2.925 789.35 3993.7 78.015 761.81 4016.2 80.658 782.26 4033.5 88.468
2.9333 790.72 4006 78.18 764.45 4028 80.454 783.84 4046.3 88.752
2.9417 792.11 4018.2 78.305 767.12 4039.5 80.232 785.57 4059.1 89.04
2.95 793.56 4030.3 78.399 769.81 4050.8 79.995 787.46 4071.8 89.324
2.9583 795.08 4042.4 78.478 772.5 4061.9 79.743 789.53 4084.4 89.599
2.9667 796.7 4054.4 78.555 775.19 4072.9 79.477 791.76 4097.1 89.859
2.975 798.44 4066.3 78.647 777.88 4083.8 79.198 794.17 4109.7 90.099
2.9833 800.31 4078.1 78.765 780.56 4094.6 78.909 796.74 4122.2 90.318
2.9917 802.33 4089.8 78.924 783.24 4105.5 78.612 799.47 4134.8 90.513
3 804.48 4101.5 79.13 786.01 4116.4 78.302 801.55 4147 91.529
3.0083 806.77 4113 79.388 788.72 4127.3 77.997 804.52 4159.5 91.704
3.0167 809.17 4124.5 79.701 791.46 4138.3 77.692 807.61 4172 91.859
3.025 811.67 4135.9 80.068 794.24 4149.4 77.392 810.8 4184.4 91.998
3.0333 814.24 4147.3 80.483 797.06 4160.6 77.099 814.1 4196.8 92.121
3.0417 816.84 4158.6 80.939 799.93 4171.8 76.814 817.49 4209.2 92.231
3.05 819.45 4169.9 81.428 802.84 4183.2 76.54 820.97 4221.4 92.328
3.0583 822.05 4181.2 81.939 805.8 4194.6 76.279 824.52 4233.6 92.413
3.0667 824.62 4192.4 82.463 808.8 4206.1 76.032 828.16 4245.7 92.487
3.075 827.16 4203.5 82.993 811.83 4217.7 75.8 831.85 4257.7 92.55
3.0833 829.66 4214.6 83.52 814.88 4229.3 75.583 835.61 4269.5 92.601
3.0917 832.13 4225.6 84.04 817.94 4241 75.382 839.43 4281.3 92.643
3.1 834.61 4236.6 84.549 821.02 4252.8 75.198 843.28 4293 92.674
3.1083 837.1 4247.6 85.047 824.09 4264.6 75.032 847.17 4304.6 92.696
3.1167 839.63 4258.6 85.531 827.16 4276.4 74.883 851.09 4316.2 92.711
3.125 842.23 4269.5 86.001 830.22 4288.4 74.754 855.02 4327.7 92.72
3.1333 844.92 4280.5 86.453 833.27 4300.4 74.642 858.97 4339.2 92.726
3.1417 847.73 4291.6 86.883 836.33 4312.5 74.549 862.93 4350.6 92.728
3.15 850.66 4302.8 87.286 839.38 4324.7 74.473 866.89 4362.1 92.73
3.1583 853.72 4314.1 87.654 842.44 4337 74.415 870.87 4373.5 92.73
3.1667 856.92 4325.5 87.981 845.52 4349.4 74.372 874.87 4385 92.728
3.175 860.24 4337 88.262 848.63 4361.8 74.343 878.89 4396.5 92.722
3.1833 863.69 4348.7 88.495 851.78 4374.3 74.327 882.94 4408 92.71
3.1917 867.25 4360.5 88.68 854.99 4386.9 74.323 887.03 4419.6 92.688
3.2 870.93 4372.5 88.823 858.26 4399.4 74.328 891.17 4431.1 92.653
3.2083 874.71 4384.7 88.929 861.6 4412.1 74.343 895.35 4442.7 92.605
3.2167 878.55 4397 89.008 865.04 4424.7 74.366 899.58 4454.4 92.542
3.225 882.43 4409.4 89.065 868.57 4437.4 74.396 903.86 4466.1 92.468
3.2333 886.3 4421.9 89.108 872.2 4450.1 74.43 908.16 4477.9 92.385
3.2417 890.16 4434.4 89.14 875.94 4462.9 74.467 912.49 4489.7 92.303
3.25 893.99 4447 89.164 879.79 4475.7 74.504 916.82 4501.6 92.23
3.2583 897.82 4459.6 89.183 883.75 4488.5 74.537 921.13 4513.6 92.179
3.2667 901.66 4472.2 89.199 887.81 4501.3 74.561 925.41 4525.6 92.162
3.275 905.53 4484.9 89.215 891.98 4514.2 74.573 929.65 4537.8 92.191
3.2833 909.46 4497.6 89.231 896.24 4527.1 74.566 933.84 4550 92.276
3.2917 913.45 4510.5 89.245 900.6 4540 74.536 937.97 4562.4 92.425
3.3 917.52 4523.5 89.257 905.04 4553 74.48 942.04 4574.8 92.639
3.3083 921.65 4536.7 89.26 909.55 4566.1 74.391 946.07 4587.2 92.916
3.3167 925.85 4550.1 89.246 914.13 4579.1 74.273 950.07 4599.8 93.248
3.325 930.09 4563.7 89.206 918.75 4592.2 74.125 954.07 4612.4 93.619
3.3333 934.37 4577.4 89.131 923.4 4605.3 73.949 958.08 4625 94.013
3.3417 938.64 4591.2 89.009 928.06 4618.4 73.747 962.12 4637.7 94.408
3.35 942.9 4605 88.836 932.69 4631.5 73.531 966.22 4650.4 94.782
3.3583 947.14 4618.8 88.609 937.29 4644.6 73.309 970.39 4663.1 95.115
3.3667 951.34 4632.5 88.332 941.8 4657.7 73.085 974.63 4675.8 95.389
3.375 955.51 4646.1 88.012 946.21 4670.7 72.879 978.93 4688.5 95.591
3.3833 959.68 4659.5 87.662 950.49 4683.8 72.694 983.3 4701.2 95.712
3.3917 963.85 4672.6 87.297 954.62 4696.7 72.546 987.69 4713.9 95.753
3.4 968.04 4685.6 86.93 958.57 4709.6 72.444 992.09 4726.6 95.719
3.4083 972.25 4698.3 86.579 962.32 4722.3 72.396 996.46 4739.2 95.622
3.4167 976.48 4710.8 86.255 965.88 4734.9 72.409 1000.8 4751.8 95.478
3.425 980.74 4723.1 85.969 969.23 4747.4 72.485 1004.9 4764.4 95.308
3.4333 985.01 4735.3 85.725 972.38 4759.7 72.626 1009 4777 95.132
3.4417 989.29 4747.4 85.519 975.34 4771.9 72.827 1012.8 4789.5 94.971
3.45 993.57 4759.4 85.35 978.14 4783.8 73.085 1016.5 4802.1 94.842
3.4583 997.83 4771.3 85.209 980.78 4795.5 73.392 1019.9 4814.6 94.758
3.4667 1002 4783.2 85.088 983.3 4807.1 73.743 1023 4827.2 94.728
3.475 1006.1 4795 84.973 985.71 4818.5 74.12 1025.9 4839.8 94.755
3.4833 1010.1 4806.7 84.856 988.05 4829.7 74.518 1028.6 4852.4 94.839
3.4917 1013.9 4818.4 84.725 990.31 4840.8 74.928 1031 4865 94.975
3.5 1017.6 4830 84.573 992.54 4851.9 75.346 1033.2 4877.7 95.156
3.5083 1021 4841.5 84.395 994.72 4862.9 75.767 1035.1 4890.4 95.375
3.5167 1024.3 4852.9 84.188 996.87 4873.8 76.186 1036.9 4903.2 95.626
3.525 1027.3 4864.3 83.956 999 4884.8 76.605 1038.5 4916 95.901
3.5333 1030.2 4875.5 83.7 1001.1 4895.8 77.02 1039.9 4928.7 96.198
3.5417 1032.9 4886.7 83.43 1003.1 4906.9 77.434 1041.2 4941.5 96.517
3.55 1035.5 4897.8 83.155 1005.1 4918 77.846 1042.3 4954.2 96.856
3.5583 1038 4908.8 82.881 1007.1 4929.2 78.256 1043.3 4966.9 97.219
3.5667 1040.3 4919.9 82.618 1009 4940.4 78.662 1044.3 4979.6 97.607
3.575 1042.6 4930.9 82.37 1010.9 4951.7 79.063 1045.1 4992.1 98.021
3.5833 1044.9 4941.9 82.139 1012.7 4963 79.454 1045.8 5004.6 98.463
3.5917 1047.1 4952.9 81.926 1014.5 4974.4 79.831 1046.5 5017 98.93
3.6 1049.4 4963.9 81.723 1016.3 4985.8 80.19 1047.2 5029.3 99.416
3.6083 1051.6 4975 81.526 1018 4997.2 80.526 1047.8 5041.4 99.915
3.6167 1053.7 4986.1 81.325 1019.6 5008.6 80.834 1048.4 5053.6 100.42
3.625 1055.9 4997.2 81.115 1021.3 5020.1 81.114 1049 5065.6 100.91
3.6333 1058 5008.3 80.889 1023 5031.7 81.365 1049.7 5077.6 101.38
3.6417 1060.1 5019.4 80.65 1024.6 5043.3 81.588 1050.3 5089.5 101.83
3.65 1062.2 5030.5 80.399 1026.2 5054.9 81.787 1051 5101.3 102.23
3.6583 1064.2 5041.6 80.147 1027.8 5066.6 81.968 1051.7 5113.2 102.59
3.6667 1066.1 5052.6 79.905 1029.4 5078.4 82.137 1052.5 5125 102.9
3.675 1068 5063.7 79.689 1030.9 5090.3 82.3 1053.4 5136.8 103.16
3.6833 1069.9 5074.8 79.512 1032.4 5102.2 82.464 1054.3 5148.7 103.38
3.6917 1071.7 5085.8 79.383 1033.9 5114.3 82.632 1055.3 5160.5 103.56
3.7 1073.4 5097 79.309 1035.4 5126.3 82.808 1056.2 5172.4 103.71
3.7083 1075.1 5108.2 79.288 1036.9 5138.5 82.991 1057.3 5184.2 103.86
3.7167 1076.8 5119.5 79.311 1038.3 5150.6 83.18 1058.3 5196.1 104
3.725 1078.4 5131 79.366 1039.7 5162.9 83.37 1059.3 5208.1 104.14
3.7333 1080 5142.7 79.439 1041 5175.1 83.557 1060.3 5220 104.31
3.7417 1081.5 5154.6 79.515 1042.3 5187.4 83.735 1061.2 5232 104.49
3.75 1082.9 5166.6 79.584 1043.5 5199.7 83.9 1062.1 5244 104.7
3.7583 1084.4 5178.8 79.641 1044.7 5212.1 84.05 1062.9 5256 104.93
3.7667 1085.7 5191.1 79.675 1045.8 5224.5 84.181 1063.7 5268.1 105.18
3.775 1087 5203.5 79.684 1046.9 5236.9 84.298 1064.4 5280.2 105.45
3.7833 1088.3 5216 79.665 1047.8 5249.5 84.402 1065 5292.4 105.71
3.7917 1089.5 5228.6 79.62 1048.7 5262.1 84.501 1065.5 5304.6 105.98
3.8 1090.6 5241.3 79.553 1049.6 5274.7 84.603 1065.9 5316.9 106.23
3.8083 1091.7 5254.2 79.469 1050.3 5287.4 84.714 1066.3 5329.3 106.47
3.8167 1092.8 5267.2 79.382 1051 5300.2 84.843 1066.6 5341.8 106.7
3.825 1093.8 5280.4 79.304 1051.6 5312.9 84.995 1066.8 5354.3 106.9
3.8333 1094.9 5293.9 79.25 1052.1 5325.7 85.174 1067 5366.9 107.09
3.8417 1096 5307.6 79.239 1052.5 5338.6 85.379 1067 5379.6 107.27
3.85 1097.2 5321.4 79.284 1052.9 5351.4 85.612 1067 5392.3 107.45
3.8583 1098.3 5335.5 79.402 1053.2 5364.2 85.863 1066.8 5405.1 107.63
3.8667 1099.5 5349.6 79.601 1053.5 5377 86.128 1066.6 5417.9 107.83
3.875 1100.6 5363.8 79.883 1053.8 5389.7 86.399 1066.2 5430.7 108.05
3.8833 1101.7 5378.1 80.257 1054 5402.5 86.661 1065.8 5443.4 108.3
3.8917 1102.7 5392.2 80.703 1054.3 5415.3 86.912 1065.2 5456.2 108.59
3.9 1103.5 5406.3 81.215 1054.6 5428 87.138 1064.5 5468.9 108.91
3.9083 1104.3 5420.2 81.775 1054.9 5440.7 87.334 1063.7 5481.5 109.27
3.9167 1104.9 5433.9 82.359 1055.3 5453.5 87.496 1062.8 5494.1 109.66
3.925 1105.3 5447.3 82.942 1055.8 5466.2 87.62 1061.9 5506.5 110.08
3.9333 1105.6 5460.5 83.502 1056.4 5478.8 87.707 1061 5518.9 110.53
3.9417 1105.8 5473.4 84.016 1057.1 5491.4 87.757 1060 5531.2 111
3.95 1105.9 5486.1 84.469 1057.9 5503.9 87.773 1059.1 5543.4 111.47
3.9583 1105.9 5498.5 84.857 1058.7 5516.3 87.76 1058.2 5555.6 111.95
3.9667 1105.9 5510.8 85.181 1059.7 5528.5 87.721 1057.4 5567.7 112.43
3.975 1105.7 5522.9 85.448 1060.7 5540.5 87.661 1056.8 5579.8 112.89
3.9833 1105.6 5535 85.669 1061.8 5552.3 87.585 1056.2 5591.9 113.34
3.9917 1105.4 5547 85.859 1062.9 5563.9 87.494 1055.8 5604 113.77
4 1105.3 5558.9 86.032 1064 5575.3 87.391 1055.5 5616 114.18
4.0083 1105.1 5570.8 86.204 1065.1 5586.5 87.277 1055.4 5628.1 114.57
4.0167 1105.1 5582.6 86.391 1066.1 5597.6 87.152 1055.3 5640.1 114.93
4.025 1105.1 5594.4 86.605 1067.1 5608.5 87.016 1055.4 5652.2 115.27
4.0333 1105.1 5606.2 86.854 1068.1 5619.4 86.868 1055.6 5664.2 115.58
4.0417 1105.3 5617.9 87.145 1069 5630.2 86.709 1055.9 5676.2 115.87
4.05 1105.5 5629.6 87.479 1069.9 5641.1 86.54 1056.3 5688.2 116.13
4.0583 1105.9 5641.2 87.855 1070.7 5652 86.364 1056.7 5700.2 116.37
4.0667 1106.3 5652.8 88.269 1071.4 5663 86.184 1057.2 5712.1 116.58
4.075 1106.8 5664.4 88.715 1072.2 5674 86.004 1057.8 5724 116.76
4.0833 1107.3 5675.8 89.188 1072.9 5685.1 85.831 1058.4 5735.8 116.92
4.0917 1107.9 5687.3 89.682 1073.6 5696.3 85.67 1059.2 5747.5 117.04
4.1 1108.5 5698.7 90.192 1074.3 5707.6 85.528 1059.9 5759.2 117.15
4.1083 1109.1 5710 90.713 1075 5719 85.411 1060.8 5770.8 117.22
4.1167 1109.7 5721.4 91.245 1075.7 5730.5 85.323 1061.7 5782.3 117.28
4.125 1110.3 5732.6 91.786 1076.4 5741.9 85.267 1062.7 5793.8 117.32
4.1333 1111 5743.8 92.337 1077.2 5753.5 85.246 1063.8 5805.2 117.34
4.1417 1111.6 5755 92.898 1077.9 5765.1 85.258 1064.9 5816.5 117.35
4.15 1112.2 5766.1 93.471 1078.6 5776.7 85.302 1066.1 5827.8 117.35
4.1583 1112.9 5777.2 94.056 1079.4 5788.4 85.373 1067.3 5839.1 117.36
4.1667 1113.6 5788.3 94.652 1080 5800.1 85.465 1068.6 5850.4 117.36
4.175 1114.3 5799.3 95.255 1080.7 5811.9 85.574 1069.9 5861.7 117.37
4.1833 1115.1 5810.5 95.858 1081.3 5823.8 85.692 1071.2 5872.9 117.4
4.1917 1116 5821.6 96.454 1082 5835.8 85.815 1072.5 5884.2 117.43
4.2 1117 5832.9 97.033 1082.5 5847.8 85.938 1073.8 5895.6 117.48
4.2083 1118.1 5844.3 97.582 1083.1 5859.9 86.057 1075.1 5906.9 117.55
4.2167 1119.3 5855.8 98.103 1083.6 5872.1 86.174 1076.4 5918.3 117.63
4.225 1120.5 5867.5 98.579 1084.2 5884.4 86.286 1077.7 5929.8 117.72
4.2333 1121.8 5879.3 99.011 1084.8 5896.7 86.398 1079 5941.3 117.81
4.2417 1123.1 5891.2 99.4 1085.3 5909.1 86.513 1080.3 5952.8 117.91
4.25 1124.5 5903.3 99.752 1086 5921.5 86.635 1081.6 5964.4 118.01
4.2583 1126 5915.6 100.07 1086.6 5934 86.769 1082.9 5976 118.11
4.2667 1127.4 5928.1 100.38 1087.3 5946.6 86.919 1084.2 5987.7 118.2
4.275 1128.9 5940.7 100.66 1088.1 5959.2 87.085 1085.5 5999.4 118.27
4.2833 1130.3 5953.5 100.93 1088.9 5971.8 87.273 1086.8 6011.1 118.34
4.2917 1131.7 5966.3 101.19 1089.8 5984.5 87.477 1088.1 6022.9 118.41
4.3 1133 5979.1 101.43 1090.7 5997.3 87.691 1089.4 6034.8 118.47
4.3083 1134.2 5992.1 101.65 1091.6 6010.1 87.911 1090.6 6046.8 118.55
4.3167 1135.4 6005 101.85 1092.6 6023 88.127 1091.8 6058.8 118.63
4.325 1136.5 6018 102.03 1093.6 6035.9 88.33 1092.9 6070.9 118.74
4.3333 1137.6 6031.1 102.17 1094.7 6048.8 88.511 1094 6083.1 118.88
4.3417 1138.7 6044.3 102.28 1095.8 6061.8 88.66 1094.9 6095.5 119.06
4.35 1139.7 6057.6 102.36 1096.9 6074.8 88.771 1095.8 6107.9 119.27
4.3583 1140.6 6071.1 102.4 1098 6087.7 88.84 1096.6 6120.4 119.52
4.3667 1141.5 6084.8 102.41 1099.1 6100.6 88.866 1097.3 6133 119.8
4.375 1142.4 6098.6 102.38 1100.3 6113.5 88.852 1097.8 6145.7 120.11
4.3833 1143.2 6112.6 102.32 1101.4 6126.4 88.803 1098.4 6158.5 120.42
4.3917 1143.9 6126.6 102.24 1102.5 6139.3 88.73 1098.8 6171.2 120.73
4.4 1144.6 6140.7 102.13 1103.5 6152.1 88.644 1099.2 6184 121.02
4.4083 1145.2 6154.8 102.01 1104.4 6164.9 88.561 1099.6 6196.8 121.27
4.4167 1145.8 6168.7 101.87 1105.3 6177.6 88.494 1100 6209.6 121.48
4.425 1146.3 6182.5 101.74 1106 6190.4 88.462 1100.4 6222.3 121.62
4.4333 1146.9 6196.1 101.61 1106.5 6203.1 88.475 1100.8 6234.9 121.71
4.4417 1147.4 6209.4 101.49 1106.9 6215.8 88.549 1101.2 6247.4 121.74
4.45 1147.8 6222.5 101.39 1107 6228.4 88.691 1101.5 6259.8 121.72
4.4583 1148.3 6235.3 101.31 1107 6240.9 88.908 1101.8 6272.2 121.65
4.4667 1148.7 6247.9 101.27 1106.8 6253.3 89.201 1102 6284.4 121.57
4.475 1149.2 6260.3 101.25 1106.3 6265.5 89.57 1102.1 6296.6 121.48
4.4833 1149.6 6272.5 101.27 1105.7 6277.6 90.008 1102 6308.6 121.4
4.4917 1149.9 6284.5 101.32 1104.9 6289.5 90.507 1101.6 6320.6 121.36
4.5 1150.3 6296.4 101.38 1104 6301.2 91.059 1101.1 6332.6 121.36
4.5083 1150.7 6308.2 101.44 1103 6312.7 91.65 1100.2 6344.5 121.42
4.5167 1151 6319.9 101.51 1101.9 6324 92.272 1099 6356.4 121.53
4.525 1151.2 6331.6 101.55 1100.7 6335.1 92.914 1097.6 6368.3 121.7
4.5333 1151.3 6343.1 101.57 1099.4 6346.1 93.558 1095.8 6380.2 121.93
4.5417 1151.2 6354.6 101.56 1098.1 6356.9 94.223 1093.7 6392.1 122.2
4.55 1151 6366 101.51 1096.8 6367.7 94.877 1091.3 6403.9 122.5
4.5583 1150.4 6377.3 101.43 1095.4 6378.5 95.527 1088.6 6415.8 122.83
4.5667 1149.7 6388.5 101.32 1094 6389.2 96.171 1085.8 6427.6 123.16
4.575 1148.6 6399.5 101.18 1092.4 6400 96.805 1082.7 6439.4 123.5
4.5833 1147.3 6410.5 101.03 1090.8 6410.8 97.432 1079.4 6451.1 123.83
4.5917 1145.8 6421.3 100.89 1089.2 6421.6 98.051 1076.1 6462.8 124.17
4.6 1144.2 6432 100.76 1087.4 6432.4 98.661 1072.6 6474.3 124.51
4.6083 1142.3 6442.6 100.66 1085.5 6443.3 99.262 1069 6485.8 124.85
4.6167 1140.4 6453.1 100.58 1083.6 6454.2 99.852 1065.4 6497.1 125.21
4.625 1138.4 6463.6 100.55 1081.5 6465.1 100.43 1061.8 6508.2 125.59
4.6333 1136.3 6474.1 100.54 1079.4 6476.1 100.99 1058.1 6519.3 125.99
4.6417 1134.3 6484.5 100.57 1077.1 6487 101.53 1054.4 6530.2 126.42
4.65 1132.2 6495 100.62 1074.8 6497.9 102.04 1050.8 6540.9 126.87
4.6583 1130.2 6505.5 100.68 1072.5 6508.9 102.52 1047.1 6551.6 127.35
4.6667 1128.2 6516 100.74 1070 6519.8 102.97 1043.5 6562.2 127.84
4.675 1126.1 6526.5 100.8 1067.4 6530.8 103.39 1039.9 6572.7 128.34
4.6833 1124.1 6537 100.85 1064.8 6541.9 103.77 1036.3 6583.2 128.84
4.6917 1122 6547.6 100.88 1062.1 6553 104.11 1032.8 6593.7 129.32
4.7 1119.9 6558.2 100.9 1059.2 6564.1 104.42 1029.4 6604.2 129.79
4.7083 1117.8 6568.9 100.91 1056.3 6575.4 104.69 1026 6614.7 130.22
4.7167 1115.6 6579.5 100.92 1053.3 6586.7 104.93 1022.6 6625.3 130.62
4.725 1113.4 6590.2 100.95 1050.1 6598.1 105.15 1019.2 6635.9 130.97
4.7333 1111.1 6600.8 101 1046.8 6609.5 105.33 1015.9 6646.6 131.28
4.7417 1108.7 6611.5 101.08 1043.4 6620.9 105.49 1012.5 6657.3 131.56
4.75 1106.3 6622.2 101.2 1040 6632.4 105.64 1009.1 6668.1 131.79
4.7583 1103.7 6633 101.36 1036.4 6643.9 105.77 1005.7 6678.9 131.99
4.7667 1101 6643.9 101.56 1032.7 6655.3 105.88 1002.3 6689.7 132.17
4.775 1098.2 6654.9 101.78 1028.9 6666.8 105.98 998.76 6700.5 132.33
4.7833 1095.2 6666.1 102.02 1025 6678.2 106.08 995.12 6711.3 132.48
4.7917 1092 6677.4 102.26 1021 6689.6 106.17 991.37 6722.1 132.62
4.8 1088.7 6688.8 102.49 1016.9 6700.9 106.25 987.48 6732.9 132.76
4.8083 1085.3 6700.4 102.7 1012.6 6712.2 106.34 983.44 6743.7 132.9
4.8167 1081.7 6712 102.89 1008.3 6723.4 106.43 979.23 6754.4 133.05
4.825 1078 6723.7 103.03 1003.7 6734.7 106.53 974.83 6765.2 133.21
4.8333 1074.1 6735.5 103.15 999.05 6745.9 106.64 970.26 6775.9 133.38
4.8417 1070.1 6747.3 103.22 994.21 6757.2 106.76 965.49 6786.7 133.55
4.85 1065.9 6759.2 103.26 989.21 6768.4 106.91 960.53 6797.5 133.73
4.8583 1061.5 6771.2 103.27 984.03 6779.7 107.07 955.38 6808.4 133.91
4.8667 1057.1 6783.3 103.26 978.7 6791 107.26 950.05 6819.2 134.09
4.875 1052.5 6795.5 103.24 973.2 6802.3 107.47 944.53 6830.1 134.27
4.8833 1047.8 6807.9 103.24 967.56 6813.7 107.7 938.83 6841 134.45
4.8917 1043 6820.5 103.27 961.79 6825.1 107.95 932.97 6851.9 134.63
4.9 1038.1 6833.3 103.35 955.91 6836.4 108.22 926.94 6862.8 134.81
4.9083 1033.1 6846.2 103.5 949.95 6847.8 108.52 920.74 6873.6 135
4.9167 1028 6859.2 103.73 943.94 6859.1 108.83 914.4 6884.5 135.2
4.925 1022.7 6872.2 104.06 937.92 6870.5 109.15 907.9 6895.2 135.42
4.9333 1017.2 6885.1 104.49 931.91 6881.8 109.5 901.26 6905.9 135.66
4.9417 1011.6 6898 105.02 925.95 6893.1 109.87 894.47 6916.6 135.94
4.95 1005.8 6910.7 105.63 920.08 6904.3 110.26 887.57 6927.1 136.26
4.9583 999.75 6923.3 106.32 914.32 6915.5 110.67 880.54 6937.7 136.61
4.9667 993.54 6935.5 107.05 908.7 6926.5 111.1 873.43 6948.2 137.01
4.975 987.18 6947.5 107.82 903.25 6937.5 111.56 866.25 6958.6 137.46
4.9833 980.71 6959.2 108.58 897.98 6948.3 112.04 859.04 6969 137.94
4.9917 974.18 6970.6 109.31 892.89 6958.9 112.54 851.82 6979.5 138.45
5 967.62 6981.8 110.01 887.99 6969.4 113.06 844.64 6989.8 138.99
5.0083 961.06 6992.7 110.67 883.27 6979.6 113.58 837.54 7000.2 139.54
5.0167 954.53 7003.3 111.28 878.7 6989.6 114.1 830.55 7010.5 140.09
5.025 948.05 7013.8 111.85 874.26 6999.3 114.61 823.69 7020.8 140.64
5.0333 941.64 7024.1 112.39 869.92 7008.8 115.12 817 7031.1 141.19
5.0417 935.28 7034.3 112.92 865.63 7018.2 115.6 810.5 7041.3 141.71
5.05 929.02 7044.4 113.45 861.37 7027.3 116.06 804.18 7051.4 142.22
5.0583 922.82 7054.4 113.99 857.08 7036.4 116.49 798.04 7061.5 142.71
5.0667 916.71 7064.3 114.57 852.72 7045.4 116.89 792.07 7071.5 143.19
5.075 910.67 7074.2 115.2 848.29 7054.3 117.27 786.26 7081.5 143.64
5.0833 904.7 7084 115.89 843.73 7063.3 117.62 780.57 7091.3 144.08
5.0917 898.78 7093.8 116.63 839.06 7072.3 117.97 774.99 7101.1 144.51
5.1 892.92 7103.5 117.44 834.26 7081.3 118.3 769.5 7110.9 144.92
5.1083 887.11 7113.2 118.32 829.33 7090.4 118.63 764.06 7120.6 145.31
5.1167 881.34 7122.9 119.25 824.29 7099.5 118.97 758.68 7130.2 145.69
5.125 875.62 7132.5 120.23 819.16 7108.7 119.32 753.34 7139.8 146.04
5.1333 869.95 7142 121.26 813.95 7118 119.68 748.04 7149.4 146.38
5.1417 864.3 7151.5 122.32 808.68 7127.2 120.07 742.77 7158.9 146.69
5.15 858.69 7161 123.41 803.37 7136.4 120.49 737.56 7168.4 146.98
5.1583 853.12 7170.4 124.53 798.02 7145.7 120.93 732.39 7177.8 147.24
5.1667 847.57 7179.7 125.66 792.63 7154.9 121.39 727.27 7187.1 147.49
5.175 842.05 7188.9 126.8 787.19 7164.2 121.87 722.21 7196.5 147.71
5.1833 836.56 7198.1 127.96 781.71 7173.4 122.38 717.18 7205.8 147.93
5.1917 831.09 7207.2 129.12 776.18 7182.7 122.91 712.17 7215 148.15
5.2 825.65 7216.3 130.29 770.56 7192 123.45 707.17 7224.3 148.38
5.2083 820.22 7225.3 131.46 764.85 7201.4 124.01 702.15 7233.5 148.62
5.2167 814.8 7234.4 132.64 759.03 7210.9 124.57 697.09 7242.7 148.89
5.225 809.37 7243.6 133.82 753.11 7220.4 125.14 691.95 7252 149.18
5.2333 803.92 7252.8 134.99 747.08 7230 125.72 686.74 7261.2 149.5
5.2417 798.44 7262 136.16 740.94 7239.6 126.3 681.41 7270.5 149.84
5.25 792.93 7271.4 137.32 734.72 7249.2 126.88 675.98 7279.9 150.2
5.2583 787.35 7280.9 138.46 728.41 7258.8 127.46 670.43 7289.2 150.57
5.2667 781.7 7290.5 139.56 722.04 7268.4 128.04 664.78 7298.6 150.94
5.275 775.96 7300.2 140.62 715.63 7278 128.62 659.02 7308 151.31
5.2833 770.14 7310 141.62 709.18 7287.5 129.19 653.18 7317.4 151.65
5.2917 764.23 7319.9 142.56 702.71 7297 129.76 647.26 7326.8 151.98
5.3 758.23 7330 143.42 696.22 7306.5 130.32 641.28 7336.2 152.28
5.3083 752.16 7340.2 144.21 689.71 7316 130.88 635.25 7345.5 152.55
5.3167 746.02 7350.5 144.9 683.18 7325.5 131.44 629.17 7354.9 152.81
5.325 739.8 7361 145.51 676.62 7335.1 131.99 623.04 7364.3 153.06
5.3333 733.48 7371.7 146.05 670.02 7344.7 132.53 616.86 7373.6 153.31
5.3417 727.06 7382.6 146.52 663.38 7354.5 133.07 610.61 7382.9 153.58
5.35 720.52 7393.6 146.93 656.7 7364.4 133.6 604.28 7392.3 153.86
5.3583 713.85 7404.6 147.28 649.99 7374.3 134.11 597.87 7401.5 154.17
5.3667 707.08 7415.8 147.58 643.26 7384.3 134.61 591.36 7410.8 154.52
5.375 700.22 7426.9 147.82 636.51 7394.3 135.08 584.75 7420 154.91
5.3833 693.29 7438.2 148.01 629.78 7404.4 135.53 578.04 7429.1 155.34
5.3917 686.3 7449.4 148.16 623.05 7414.3 135.95 571.21 7438.2 155.8
5.4 679.25 7460.7 148.27 616.35 7424.3 136.33 564.29 7447.3 156.28
5.4083 672.15 7472 148.34 609.69 7434.1 136.67 557.26 7456.2 156.79
5.4167 664.98 7483.2 148.39 603.06 7443.9 136.97 550.16 7465.1 157.3
5.425 657.73 7494.5 148.42 596.44 7453.6 137.24 542.99 7474 157.82
5.4333 650.38 7505.7 148.45 589.8 7463.2 137.47 535.75 7482.9 158.33
5.4417 642.92 7516.9 148.49 583.14 7472.8 137.67 528.47 7491.8 158.82
5.45 635.36 7527.9 148.54 576.41 7482.5 137.87 521.15 7500.6 159.3
5.4583 627.71 7538.7 148.63 569.56 7492.1 138.06 513.79 7509.5 159.75
5.4667 620.01 7549.3 148.74 562.6 7501.7 138.27 506.42 7518.4 160.18
5.475 612.29 7559.6 148.9 555.47 7511.4 138.51 499.03 7527.4 160.58
5.4833 604.58 7569.6 149.1 548.18 7521 138.79 491.61 7536.3 160.96
5.4917 596.92 7579.3 149.35 540.73 7530.5 139.13 484.17 7545.1 161.32
5.5 589.32 7588.7 149.65 533.13 7539.9 139.55 476.7 7553.9 161.65
5.5083 581.82 7597.7 150 525.42 7549.1 140.05 469.19 7562.6 161.96
5.5167 574.41 7606.3 150.4 517.61 7558 140.63 461.62 7571.2 162.25
5.525 567.09 7614.7 150.85 509.75 7566.5 141.31 453.97 7579.5 162.51
5.5333 559.85 7622.8 151.33 501.88 7574.7 142.07 446.21 7587.7 162.74
5.5417 552.67 7630.6 151.83 494.01 7582.6 142.92 438.33 7595.6 162.96
5.55 545.5 7638.2 152.33 486.17 7590 143.83 430.29 7603.4 163.15
5.5583 538.29 7645.6 152.82 478.37 7597.2 144.81 422.08 7611 163.32
5.5667 531.02 7652.7 153.27 470.6 7604 145.84 413.66 7618.5 163.48
5.575 523.63 7659.7 153.67 462.84 7610.7 146.9 405.04 7625.9 163.63
5.5833 516.12 7666.4 154.01 455.08 7617.2 147.99 396.2 7633.1 163.78
5.5917 508.47 7672.9 154.3 447.29 7623.6 149.09 387.16 7640.3 163.93
5.6 500.71 7679.2 154.54 439.44 7630 150.2 377.93 7647.4 164.1
5.6083 492.84 7685.2 154.73 431.52 7636.3 151.32 368.55 7654.4 164.29
5.6167 484.89 7691 154.89 423.51 7642.6 152.43 359.05 7661.2 164.5
5.625 476.89 7696.4 155.05 415.39 7648.7 153.53 349.48 7667.8 164.75
5.6333 468.87 7701.5 155.2 407.17 7654.8 154.62 339.89 7674.1 165.02
5.6417 460.85 7706.3 155.38 398.83 7660.7 155.68 330.32 7680.1 165.33
5.65 452.86 7710.7 155.58 390.43 7666.4 156.73 320.81 7685.9 165.66
5.6583 444.93 7714.9 155.83 381.92 7671.9 157.74 311.4 7691.2 166.02
5.6667 437.07 7718.9 156.13 373.47 7677 158.73 301.77 7697.4 165.49
5.675 429.28 7722.7 156.48 364.81 7682.1 159.67 292.55 7702.1 165.89
5.6833 421.56 7726.5 156.87 356.09 7687 160.56 283.42 7706.6 166.3
5.6917 413.89 7730.4 157.3 347.31 7691.7 161.4 274.36 7710.9 166.7
5.7 406.24 7734.5 157.77 338.44 7696.4 162.18 265.34 7715.2 167.1
5.7083 398.6 7738.8 158.25 329.47 7701.2 162.89 256.32 7719.4 167.49
5.7167 390.92 7743.3 158.74 320.43 7705.9 163.56 247.26 7723.7 167.85
5.725 383.21 7748.1 159.24 311.3 7710.7 164.16 238.14 7728.1 168.2
5.7333 375.44 7753.2 159.72 302.08 7715.6 164.71 228.94 7732.5 168.54
5.7417 367.62 7758.5 160.18 292.82 7720.5 165.21 219.63 7737 168.85
5.75 359.75 7763.8 160.63 283.52 7725.3 165.66 210.21 7741.4 169.16
5.7583 351.86 7769.1 161.05 274.2 7730 166.08 200.68 7745.8 169.45
5.7667 343.96 7774.3 161.44 264.89 7734.6 166.47 191.04 7750 169.74
5.775 336.06 7779.2 161.82 255.6 7738.9 166.84 181.31 7754 170.02
5.7833 328.17 7783.8 162.17 246.33 7743 167.2 171.47 7757.8 170.31
5.7917 320.27 7788.1 162.49 237.08 7746.8 167.55 161.54 7761.3 170.59
5.8 312.35 7792.1 162.79 227.81 7750.4 167.89 151.51 7764.6 170.87
5.8083 304.38 7795.9 163.06 218.51 7753.9 168.25 141.38 7767.8 171.15
5.8167 296.29 7799.5 163.3 209.11 7757.3 168.61 131.12 7770.9 171.43
5.825 288.03 7802.9 163.48 199.57 7760.7 168.98 120.73 7773.9 171.69
5.8333 279.54 7806.4 163.61 189.86 7764.2 169.36 110.21 7777.1 171.95
5.8417 270.79 7809.9 163.68 179.92 7767.8 169.75 99.537 7780.3 172.2
5.85 261.75 7813.5 163.69 169.74 7771.6 170.15 88.723 7783.7 172.43
5.8583 252.4 7817.2 163.64 159.3 7775.5 170.56 77.777 7787.2 172.66
5.8667 242.75 7821 163.54 148.62 7779.4 170.98 66.712 7790.8 172.86
5.875 232.83 7824.8 163.41 137.71 7783.3 171.39 55.547 7794.3 173.06
5.8833 222.68 7828.4 163.26 126.61 7787 171.8 44.302 7797.7 173.24
5.8917 212.32 7831.8 163.11 115.36 7790.4 172.2 32.993 7800.8 173.41
5.9 201.77 7834.9 162.99 103.98 7793.5 172.59 21.628 7803.6 173.57
5.9083 191.04 7837.7 162.9 92.502 7796.2 172.96 10.208 7806 173.73
5.9167 180.12 7840.1 162.86 80.938 7798.4 173.32 -1.2782 7808.1 173.87
5.925 168.97 7842.2 162.87 69.278 7800.3 173.66 -12.848 7809.8 174.01
5.9333 157.58 7844 162.94 57.503 7801.9 173.99 -24.525 7811.2 174.15
5.9417 145.89 7845.8 163.06 45.591 7803.3 174.3 -36.333 7812.5 174.27
5.95 133.89 7847.7 163.24 33.495 7804.7 174.6 -48.29 7813.8 174.38
5.9583 121.55 7849.7 163.47 21.202 7806.2 174.89 -60.401 7815.2 174.49
5.9667 108.89 7852 163.75 8.6797 7807.9 175.18 -72.659 7816.7 174.58
5.975 95.937 7854.6 164.06 -4.0782 7809.8 175.46 -85.035 7818.5 174.67
5.9833 82.737 7857.4 164.43 -17.023 7811.9 175.74 -97.487 7820.4 174.75
5.9917 69.368 7860.4 164.83 -30.146 7814.1 176 -109.96 7822.5 174.84
6 55.919 7863.5 165.28 -43.327 7816.4 176.27 -122.38 7824.5 174.92
6.0083 42.47 7866.3 165.78 -56.543 7818.7 176.51 -134.68 7826.4 175.01
6.0167 29.164 7868.9 166.3 -69.705 7820.7 176.73 -146.82 7828.1 175.11
6.025 16.044 7871.1 166.87 -82.71 7822.4 176.92 -158.74 7829.4 175.23
6.0333 3.2 7872.8 167.47 -95.503 7823.8 177.07 -170.44 7830.3 175.36
6.0417 -9.3207 7874 168.08 -108.04 7824.9 177.19 -181.92 7830.8 175.5
6.05 -21.498 7874.8 168.71 -120.31 7825.7 177.26 -193.21 7831 175.66
6.0583 -33.348 7875.4 169.34 -132.28 7826.4 177.3 -204.37 7831.1 175.82
6.0667 -44.92 7875.8 169.96 -144.02 7827 177.29 -215.46 7831.3 175.98
6.075 -56.286 7876.2 170.57 -155.5 7827.9 177.25 -226.54 7831.6 176.14
6.0833 -67.528 7877 171.16 -166.83 7829.1 177.17 -237.67 7832.3 176.29
6.0917 -78.724 7878 171.73 -177.96 7830.7 177.07 -248.89 7833.5 176.43
6.1 -89.932 7879.5 172.27 -188.97 7832.7 176.95 -260.19 7835.2 176.55
6.1083 -101.18 7881.3 172.78 -199.87 7835.2 176.82 -271.57 7837.4 176.66
6.1167 -112.48 7883.4 173.27 -210.61 7837.9 176.69 -282.98 7840 176.75
6.125 -123.79 7885.6 173.72 -221.2 7840.7 176.57 -294.37 7842.8 176.84
6.1333 -135.08 7887.6 174.13 -231.59 7843.5 176.45 -305.65 7845.5 176.92
6.1417 -146.28 7889.4 174.52 -241.76 7846 176.34 -316.77 7848.1 176.99
6.15 -157.35 7890.8 174.88 -251.68 7848 176.25 -327.67 7850.2 177.08
6.1583 -168.25 7891.7 175.22 -261.36 7849.5 176.16 -338.33 7851.9 177.17
6.1667 -178.96 7892.2 175.55 -270.81 7850.5 176.07 -348.75 7853.1 177.27
6.175 -189.49 7892.2 175.87 -280.1 7851.2 175.98 -358.96 7853.9 177.37
6.1833 -199.88 7892.1 176.19 -289.27 7851.5 175.89 -369.02 7854.4 177.48
6.1917 -210.19 7892 176.53 -298.42 7851.9 175.78 -379.01 7855 177.59
