0.0083333 25.649 1.8402 95.126 6.6059 102.27 85.463 31.396 158.93 81.838
0.016667 26.764 10.623 95.19 8.5466 111.44 85.409 33.634 168.08 81.886
0.025 27.836 19.651 95.222 10.568 120.73 85.321 35.957 177.29 81.932
0.033333 28.878 28.905 95.22 12.649 130.13 85.197 38.356 186.57 81.971
0.041667 29.91 38.371 95.188 14.774 139.61 85.041 40.82 195.91 81.995
0.05 30.955 48.021 95.127 16.919 149.12 84.861 43.334 205.3 82
0.058333 32.042 57.817 95.041 19.058 158.65 84.659 45.878 214.72 81.983
0.066667 33.193 67.729 94.936 21.168 168.15 84.454 48.431 224.17 81.941
0.075 34.431 77.717 94.817 23.227 177.59 84.258 50.968 233.61 81.875
0.083333 35.773 87.745 94.691 25.215 186.94 84.085 53.463 243.03 81.788
0.091667 37.227 97.781 94.562 27.117 196.18 83.95 55.89 252.41 81.683
0.1 38.793 107.8 94.435 28.92 205.28 83.866 58.22 261.72 81.568
0.10833 40.459 117.77 94.312 30.617 214.24 83.843 60.428 270.95 81.451
0.11667 42.202 127.69 94.192 32.204 223.04 83.887 62.492 280.08 81.338
0.125 43.993 137.54 94.072 33.681 231.69 83.998 64.392 289.09 81.239
0.13333 45.797 147.31 93.949 35.05 240.19 84.174 66.114 297.99 81.161
0.14167 47.581 157.01 93.817 36.317 248.54 84.407 67.649 306.77 81.108
0.15 49.319 166.64 93.67 37.489 256.78 84.687 68.993 315.44 81.086
0.15833 50.994 176.2 93.501 38.574 264.9 85.001 70.148 324.02 81.095
0.16667 52.603 185.71 93.307 39.58 272.94 85.337 71.12 332.51 81.136
0.175 54.152 195.17 93.086 40.516 280.9 85.685 71.919 340.93 81.207
0.18333 55.65 204.61 92.837 41.387 288.83 86.028 72.557 349.31 81.305
0.19167 57.107 214.01 92.566 42.204 296.72 86.372 73.047 357.67 81.426
0.2 58.538 223.39 92.278 42.967 304.61 86.7 73.405 366.02 81.565
0.20833 59.95 232.75 91.979 43.677 312.51 87.014 73.641 374.39 81.718
0.21667 61.346 242.08 91.681 44.345 320.42 87.321 73.767 382.79 81.881
0.225 62.727 251.4 91.391 44.962 328.37 87.619 73.792 391.22 82.051
0.23333 64.085 260.68 91.116 45.531 336.36 87.914 73.723 399.71 82.226
0.24167 65.403 269.93 90.862 46.051 344.41 88.213 73.563 408.25 82.405
0.25 66.662 279.14 90.631 46.521 352.51 88.521 73.317 416.85 82.587
0.25833 67.836 288.29 90.424 46.94 360.67 88.842 72.986 425.5 82.774
0.26667 68.906 297.39 90.238 47.308 368.9 89.179 72.574 434.2 82.965
0.275 69.849 306.42 90.067 47.624 377.19 89.532 72.084 442.94 83.162
0.28333 70.66 315.39 89.906 47.89 385.54 89.899 71.518 451.72 83.365
0.29167 71.339 324.31 89.747 48.108 393.96 90.275 70.883 460.51 83.575
0.3 71.898 333.17 89.586 48.28 402.44 90.656 70.185 469.32 83.791
0.30833 72.359 341.99 89.416 48.41 410.98 91.034 69.43 478.12 84.014
0.31667 72.748 350.77 89.234 48.499 419.6 91.403 68.625 486.92 84.242
0.325 73.093 359.52 89.04 48.553 428.28 91.756 67.777 495.7 84.475
0.33333 73.42 368.26 88.832 48.573 437.04 92.09 66.894 504.46 84.712
0.34167 73.753 376.97 88.615 48.562 445.87 92.4 65.982 513.2 84.952
0.35 74.104 385.67 88.392 48.523 454.79 92.683 65.047 521.93 85.195
0.35833 74.477 394.35 88.167 48.456 463.79 92.941 64.094 530.64 85.442
0.36667 74.866 403.02 87.948 48.362 472.88 93.173 63.129 539.36 85.692
0.375 75.256 411.67 87.741 48.24 482.05 93.38 62.157 548.09 85.945
0.38333 75.623 420.32 87.553 48.09 491.31 93.566 61.184 556.85 86.201
0.39167 75.942 428.97 87.388 47.911 500.65 93.733 60.216 565.65 86.46
0.4 76.186 437.63 87.254 47.7 510.08 93.881 59.26 574.52 86.719
0.40833 76.336 446.31 87.153 47.458 519.57 94.013 58.321 583.47 86.977
0.41667 76.377 455.03 87.09 47.183 529.15 94.131 57.406 592.5 87.231
0.425 76.303 463.8 87.064 46.874 538.79 94.234 56.52 601.64 87.477
0.43333 76.118 472.64 87.076 46.531 548.51 94.325 55.665 610.89 87.712
0.44167 75.83 481.58 87.123 46.153 558.31 94.403 54.843 620.24 87.933
0.45 75.454 490.63 87.201 45.738 568.18 94.471 54.052 629.69 88.137
0.45833 75.011 499.81 87.304 45.284 578.13 94.529 53.289 639.24 88.321
0.46667 74.522 509.14 87.429 44.788 588.17 94.582 52.545 648.88 88.484
0.475 74.007 518.61 87.569 44.246 598.29 94.631 51.813 658.6 88.627
0.48333 73.483 528.24 87.72 43.654 608.5 94.68 51.081 668.4 88.749
0.49167 72.958 538.01 87.877 43.006 618.8 94.734 50.337 678.25 88.853
0.5 72.429 547.93 88.032 42.295 629.19 94.796 49.57 688.17 88.939
0.50833 71.892 558 88.179 41.515 639.65 94.87 48.769 698.16 89.01
0.51667 71.339 568.22 88.311 40.659 650.19 94.959 47.922 708.21 89.067
0.525 70.752 578.6 88.425 39.722 660.8 95.065 47.022 718.34 89.111
0.53333 70.115 589.16 88.511 38.698 671.48 95.189 46.06 728.57 89.143
0.54167 69.413 599.9 88.567 37.585 682.23 95.331 45.027 738.89 89.162
0.55 68.638 610.86 88.588 36.379 693.04 95.49 43.918 749.33 89.169
0.55833 67.778 622.04 88.575 35.081 703.93 95.663 42.725 759.89 89.163
0.56667 66.834 633.45 88.529 33.695 714.9 95.849 41.44 770.58 89.145
0.575 65.823 645.12 88.456 32.223 725.97 96.044 40.054 781.4 89.117
0.58333 64.758 657.02 88.365 30.673 737.15 96.245 38.559 792.34 89.081
0.59167 63.657 669.16 88.267 29.054 748.44 96.45 36.946 803.41 89.042
0.6 62.537 681.5 88.177 27.38 759.86 96.655 35.208 814.58 89.006
0.60833 61.409 694.03 88.111 25.664 771.42 96.857 33.339 825.83 88.98
0.61667 60.269 706.7 88.081 23.929 783.09 97.056 31.342 837.15 88.97
0.625 59.116 719.46 88.102 22.19 794.88 97.247 29.222 848.52 88.985
0.63333 57.936 732.29 88.185 20.469 806.76 97.43 26.992 859.92 89.03
0.64167 56.716 745.13 88.336 18.786 818.7 97.6 24.673 871.33 89.109
0.65 55.435 757.93 88.552 17.167 830.67 97.756 22.294 882.75 89.222
0.65833 54.089 770.66 88.837 15.627 842.63 97.893 19.89 894.16 89.371
0.66667 52.67 783.27 89.181 14.184 854.54 98.007 17.502 905.56 89.549
0.675 51.179 795.74 89.574 12.851 866.36 98.095 15.173 916.95 89.751
0.68333 49.626 808.03 90.001 11.636 878.05 98.151 12.948 928.32 89.967
0.69167 48.022 820.13 90.445 10.542 889.58 98.171 10.869 939.67 90.187
0.7 46.385 832.04 90.891 9.5672 900.94 98.153 8.9737 951 90.401
0.70833 44.731 843.76 91.329 8.7047 912.1 98.093 7.291 962.32 90.6
0.71667 43.084 855.31 91.751 7.9433 923.07 97.992 5.8422 973.61 90.774
0.725 41.458 866.72 92.154 7.2688 933.87 97.849 4.6387 984.87 90.918
0.73333 39.874 878 92.538 6.6655 944.51 97.667 3.6818 996.1 91.027
0.74167 38.355 889.19 92.903 6.1177 955.03 97.448 2.9634 1007.3 91.101
0.75 36.92 900.27 93.249 5.6111 965.44 97.197 2.4684 1018.4 91.14
0.75833 35.585 911.27 93.579 5.1334 975.79 96.918 2.1758 1029.5 91.145
0.76667 34.362 922.19 93.895 4.6765 986.11 96.617 2.0614 1040.6 91.118
0.775 33.256 933.03 94.202 4.2358 996.4 96.298 2.1006 1051.6 91.062
0.78333 32.27 943.8 94.504 3.8113 1006.7 95.969 2.2694 1062.5 90.979
0.79167 31.4 954.5 94.805 3.4063 1017 95.632 2.547 1073.5 90.87
0.8 30.637 965.15 95.109 3.0276 1027.4 95.293 2.9159 1084.4 90.735
0.80833 29.972 975.76 95.418 2.6834 1037.8 94.954 3.3626 1095.3 90.574
0.81667 29.386 986.33 95.733 2.3824 1048.2 94.616 3.8771 1106.2 90.387
0.825 28.87 996.88 96.055 2.1322 1058.6 94.281 4.4519 1117.1 90.174
0.83333 28.401 1007.4 96.385 1.9377 1069 93.947 5.0809 1128 89.938
0.84167 27.967 1018 96.719 1.8008 1079.5 93.614 5.7591 1139 89.679
0.85 27.551 1028.5 97.059 1.7197 1089.9 93.284 6.4808 1149.9 89.404
0.85833 27.14 1039.1 97.4 1.6891 1100.3 92.957 7.2395 1160.9 89.117
0.86667 26.727 1049.8 97.741 1.7009 1110.8 92.633 8.0278 1171.8 88.827
0.875 26.303 1060.4 98.079 1.7444 1121.2 92.316 8.8373 1182.7 88.54
0.88333 25.87 1071 98.41 1.8082 1131.7 92.01 9.66 1193.6 88.265
0.89167 25.43 1081.7 98.73 1.879 1142.2 91.715 10.488 1204.5 88.008
0.9 24.99 1092.3 99.035 1.9447 1152.8 91.436 11.317 1215.4 87.773
0.90833 24.562 1102.9 99.323 1.9942 1163.4 91.177 12.142 1226.2 87.562
0.91667 24.161 1113.5 99.589 2.0181 1174.1 90.94 12.965 1237.1 87.375
0.925 23.801 1124.1 99.833 2.0108 1184.9 90.728 13.786 1247.9 87.208
0.93333 23.499 1134.7 100.05 1.9688 1195.8 90.543 14.612 1258.7 87.057
0.94167 23.265 1145.4 100.24 1.8938 1206.7 90.385 15.45 1269.5 86.914
0.95 23.113 1156 100.41 1.7895 1217.8 90.253 16.308 1280.4 86.772
0.95833 23.047 1166.7 100.54 1.6633 1228.9 90.146 17.191 1291.3 86.623
0.96667 23.068 1177.5 100.65 1.5258 1240.2 90.063 18.107 1302.2 86.463
0.975 23.174 1188.5 100.73 1.3872 1251.5 90.002 19.056 1313.2 86.287
0.98333 23.358 1199.5 100.78 1.2594 1262.9 89.961 20.039 1324.2 86.095
0.99167 23.61 1210.6 100.81 1.155 1274.4 89.935 21.051 1335.2 85.888
1 23.921 1222 100.82 1.0821 1286 89.928 22.084 1346.3 85.671
1.0083 24.277 1233.4 100.82 1.0519 1297.7 89.934 23.129 1357.5 85.45
1.0167 24.665 1245.1 100.81 1.0716 1309.5 89.952 24.176 1368.7 85.23
1.025 25.069 1256.8 100.82 1.1469 1321.4 89.979 25.215 1379.9 85.018
1.0333 25.471 1268.8 100.83 1.2815 1333.4 90.017 26.236 1391.2 84.82
1.0417 25.853 1280.8 100.86 1.4784 1345.5 90.062 27.234 1402.5 84.639
1.05 26.201 1292.9 100.91 1.7396 1357.7 90.112 28.205 1413.8 84.478
1.0583 26.512 1305.2 100.97 2.0652 1370.1 90.162 29.149 1425.2 84.337
1.0667 26.796 1317.4 101.05 2.4556 1382.5 90.21 30.069 1436.6 84.215
1.075 27.067 1329.8 101.13 2.9125 1395 90.252 30.968 1448.1 84.108
1.0833 27.346 1342.2 101.22 3.4355 1407.6 90.283 31.853 1459.6 84.015
1.0917 27.646 1354.7 101.31 4.0265 1420.3 90.299 32.73 1471.3 83.935
1.1 27.976 1367.4 101.4 4.6862 1433 90.295 33.604 1483 83.865
1.1083 28.332 1380.2 101.47 5.4151 1445.9 90.268 34.478 1494.9 83.806
1.1167 28.706 1393.1 101.53 6.2137 1458.8 90.215 35.357 1506.8 83.761
1.125 29.077 1406.3 101.56 7.077 1471.8 90.133 36.24 1518.9 83.731
1.1333 29.427 1419.7 101.57 8.0013 1484.8 90.023 37.127 1531 83.719
1.1417 29.738 1433.3 101.55 8.977 1498 89.888 38.017 1543.3 83.727
1.15 29.991 1447.1 101.49 9.988 1511.1 89.724 38.908 1555.7 83.756
1.1583 30.184 1461 101.39 11.019 1524.3 89.544 39.797 1568.2 83.804
1.1667 30.317 1475 101.24 12.049 1537.6 89.353 40.683 1580.7 83.867
1.175 30.405 1489 101.04 13.053 1550.8 89.158 41.561 1593.4 83.94
1.1833 30.473 1503 100.79 14.007 1564.1 88.97 42.427 1606 84.014
1.1917 30.546 1516.8 100.51 14.883 1577.3 88.794 43.275 1618.7 84.081
1.2 30.672 1530.6 100.2 15.66 1590.4 88.648 44.096 1631.4 84.133
1.2083 30.885 1544.2 99.878 16.319 1603.5 88.537 44.877 1644.1 84.161
1.2167 31.215 1557.6 99.552 16.844 1616.4 88.473 45.601 1656.7 84.161
1.225 31.678 1570.9 99.238 17.226 1629.2 88.463 46.248 1669.3 84.133
1.2333 32.274 1584 98.946 17.462 1641.7 88.511 46.793 1681.8 84.079
1.2417 32.992 1597 98.685 17.553 1654.1 88.621 47.211 1694.3 84.004
1.25 33.808 1609.9 98.459 17.507 1666.2 88.792 47.474 1706.7 83.919
1.2583 34.694 1622.7 98.27 17.337 1678.1 89.022 47.557 1719 83.835
1.2667 35.616 1635.4 98.116 17.055 1689.8 89.307 47.438 1731.2 83.764
1.275 36.532 1648.2 97.992 16.682 1701.3 89.642 47.1 1743.3 83.719
1.2833 37.395 1660.8 97.894 16.231 1712.5 90.017 46.534 1755.4 83.71
1.2917 38.158 1673.5 97.819 15.721 1723.6 90.428 45.738 1767.3 83.742
1.3 38.782 1686 97.761 15.165 1734.5 90.867 44.72 1779.2 83.821
1.3083 39.233 1698.4 97.719 14.573 1745.2 91.329 43.493 1791 83.947
1.3167 39.493 1710.7 97.688 13.952 1755.9 91.812 42.079 1802.8 84.116
1.325 39.558 1722.9 97.668 13.306 1766.6 92.311 40.502 1814.4 84.323
1.3333 39.431 1734.9 97.658 12.633 1777.2 92.825 38.79 1826.1 84.561
1.3417 39.125 1746.7 97.657 11.927 1787.9 93.354 36.969 1837.6 84.823
1.35 38.661 1758.3 97.668 11.183 1798.5 93.896 35.064 1849.2 85.102
1.3583 38.062 1769.8 97.691 10.393 1809.2 94.451 33.094 1860.6 85.392
1.3667 37.35 1781.1 97.725 9.5496 1820 95.017 31.074 1872.1 85.689
1.375 36.549 1792.2 97.771 8.6452 1830.8 95.592 29.014 1883.5 85.991
1.3833 35.677 1803.3 97.826 7.6744 1841.7 96.171 26.917 1894.8 86.296
1.3917 34.748 1814.3 97.888 6.6336 1852.6 96.749 24.785 1906.1 86.606
1.4 33.773 1825.2 97.954 5.5211 1863.5 97.32 22.617 1917.4 86.921
1.4083 32.758 1836 98.02 4.3378 1874.5 97.877 20.409 1928.7 87.24
1.4167 31.702 1846.9 98.079 3.0848 1885.5 98.413 18.161 1939.9 87.563
1.425 30.608 1857.7 98.128 1.7654 1896.6 98.921 15.874 1951.1 87.886
1.4333 29.48 1868.6 98.163 0.38448 1907.6 99.396 13.551 1962.3 88.209
1.4417 28.318 1879.4 98.181 -1.0549 1918.7 99.833 11.198 1973.4 88.525
1.45 27.128 1890.2 98.18 -2.548 1929.8 100.23 8.8226 1984.6 88.83
1.4583 25.916 1901.1 98.159 -4.092 1941 100.59 6.4356 1995.7 89.121
1.4667 24.686 1911.9 98.121 -5.6852 1952.2 100.91 4.0458 2006.8 89.394
1.475 23.446 1922.8 98.068 -7.3258 1963.5 101.19 1.6617 2017.9 89.647
1.4833 22.196 1933.7 98.007 -9.0141 1974.8 101.45 -0.71079 2029 89.881
1.4917 20.936 1944.6 97.942 -10.751 1986.3 101.67 -3.0686 2040.2 90.096
1.5 19.656 1955.5 97.88 -12.537 1997.8 101.88 -5.412 2051.3 90.296
1.5083 18.349 1966.5 97.828 -14.376 2009.3 102.06 -7.7443 2062.5 90.484
1.5167 16.998 1977.5 97.791 -16.267 2021 102.23 -10.072 2073.8 90.663
1.525 15.591 1988.6 97.773 -18.215 2032.7 102.39 -12.401 2085.1 90.838
1.5333 14.101 1999.8 97.772 -20.22 2044.4 102.53 -14.742 2096.5 91.009
1.5417 12.508 2011 97.784 -22.285 2056.1 102.65 -17.101 2107.9 91.177
1.55 10.801 2022.3 97.803 -24.41 2067.9 102.76 -19.485 2119.4 91.339
1.5583 8.9618 2033.7 97.818 -26.597 2079.8 102.85 -21.899 2131 91.494
1.5667 6.9846 2045.3 97.82 -28.848 2091.7 102.93 -24.345 2142.6 91.635
1.575 4.8679 2057 97.803 -31.163 2103.6 102.99 -26.825 2154.2 91.76
1.5833 2.6231 2068.8 97.767 -33.544 2115.6 103.05 -29.339 2165.9 91.864
1.5917 0.25599 2080.8 97.713 -35.993 2127.7 103.09 -31.886 2177.7 91.945
1.6 -2.2248 2092.8 97.647 -38.51 2139.9 103.13 -34.467 2189.4 92
1.6083 -4.8125 2104.9 97.576 -41.098 2152.1 103.17 -37.084 2201.2 92.032
1.6167 -7.4982 2117.1 97.501 -43.759 2164.5 103.21 -39.739 2212.9 92.044
1.625 -10.281 2129.4 97.427 -46.495 2177 103.27 -42.436 2224.7 92.04
1.6333 -13.16 2141.8 97.352 -49.309 2189.6 103.35 -45.183 2236.6 92.026
1.6417 -16.137 2154.4 97.273 -52.205 2202.3 103.44 -47.986 2248.5 92.008
1.65 -19.219 2167.1 97.188 -55.186 2215.1 103.55 -50.852 2260.4 91.992
1.6583 -22.411 2180.1 97.091 -58.257 2228 103.68 -53.787 2272.5 91.981
1.6667 -25.726 2193.4 96.982 -61.421 2240.9 103.83 -56.794 2284.6 91.977
1.675 -29.17 2207 96.859 -64.679 2253.9 103.99 -59.875 2296.9 91.982
1.6833 -32.733 2220.9 96.728 -68.033 2266.9 104.15 -63.027 2309.3 91.992
1.6917 -36.42 2235.1 96.596 -71.479 2279.9 104.3 -66.244 2321.8 92.005
1.7 -40.214 2249.6 96.476 -75.011 2292.9 104.44 -69.517 2334.3 92.016
1.7083 -44.1 2264.2 96.382 -78.62 2306 104.57 -72.835 2347 92.022
1.7167 -48.057 2279 96.327 -82.292 2319 104.67 -76.184 2359.7 92.017
1.725 -52.065 2293.8 96.324 -86.008 2332.2 104.74 -79.549 2372.4 92
1.7333 -56.097 2308.6 96.382 -89.747 2345.3 104.78 -82.917 2385.1 91.971
1.7417 -60.133 2323.2 96.506 -93.483 2358.5 104.78 -86.272 2397.8 91.931
1.75 -64.151 2337.6 96.692 -97.188 2371.8 104.75 -89.602 2410.5 91.883
1.7583 -68.13 2351.8 96.936 -100.83 2385.1 104.68 -92.895 2423.1 91.831
1.7667 -72.05 2365.6 97.223 -104.39 2398.4 104.58 -96.141 2435.6 91.779
1.775 -75.895 2379.1 97.539 -107.83 2411.7 104.44 -99.329 2448.1 91.731
1.7833 -79.653 2392.3 97.866 -111.14 2425 104.27 -102.45 2460.6 91.69
1.7917 -83.32 2405.2 98.189 -114.29 2438.2 104.06 -105.5 2473 91.658
1.8 -86.904 2417.8 98.5 -117.28 2451.3 103.82 -108.46 2485.5 91.635
1.8083 -90.416 2430.2 98.79 -120.11 2464.3 103.55 -111.34 2498 91.617
1.8167 -93.864 2442.5 99.056 -122.78 2477 103.24 -114.11 2510.6 91.602
1.825 -97.256 2454.6 99.292 -125.3 2489.5 102.9 -116.77 2523.2 91.583
1.8333 -100.59 2466.7 99.495 -127.69 2501.8 102.52 -119.32 2536 91.557
1.8417 -103.84 2478.7 99.663 -129.97 2513.9 102.11 -121.74 2548.8 91.516
1.85 -107.01 2490.7 99.796 -132.16 2525.7 101.67 -124.04 2561.8 91.457
1.8583 -110.08 2502.6 99.898 -134.29 2537.3 101.2 -126.21 2574.8 91.376
1.8667 -113.02 2514.6 99.976 -136.36 2548.7 100.71 -128.25 2587.9 91.273
1.875 -115.83 2526.5 100.04 -138.39 2560 100.19 -130.18 2601 91.147
1.8833 -118.5 2538.3 100.1 -140.4 2571.2 99.669 -131.99 2614.1 91.002
1.8917 -121.02 2550.1 100.16 -142.39 2582.4 99.136 -133.71 2627.3 90.841
1.9 -123.42 2561.9 100.23 -144.35 2593.5 98.601 -135.34 2640.3 90.666
1.9083 -125.7 2573.6 100.33 -146.29 2604.6 98.069 -136.9 2653.4 90.482
1.9167 -127.88 2585.2 100.45 -148.2 2615.8 97.546 -138.41 2666.3 90.292
1.925 -130 2596.7 100.61 -150.09 2627 97.038 -139.87 2679.2 90.1
1.9333 -132.08 2608.2 100.8 -151.94 2638.3 96.547 -141.29 2692 89.906
1.9417 -134.14 2619.7 101.03 -153.75 2649.7 96.079 -142.7 2704.8 89.712
1.95 -136.2 2631.1 101.28 -155.53 2661.2 95.636 -144.08 2717.4 89.519
1.9583 -138.26 2642.4 101.55 -157.28 2672.7 95.222 -145.46 2730 89.324
1.9667 -140.31 2653.7 101.84 -159 2684.4 94.841 -146.81 2742.6 89.128
1.975 -142.36 2665 102.14 -160.71 2696.1 94.494 -148.15 2755 88.93
1.9833 -144.37 2676.3 102.44 -162.41 2707.9 94.185 -149.47 2767.4 88.728
1.9917 -146.33 2687.5 102.74 -164.11 2719.8 93.914 -150.77 2779.8 88.521
2 -148.22 2698.7 103.02 -165.81 2731.7 93.684 -152.04 2792.1 88.311
2.0083 -150 2710 103.3 -167.52 2743.7 93.495 -153.27 2804.4 88.097
2.0167 -151.68 2721.2 103.56 -169.23 2755.8 93.349 -154.47 2816.7 87.88
2.025 -153.22 2732.4 103.81 -170.96 2768 93.244 -155.63 2828.9 87.661
2.0333 -154.65 2743.7 104.05 -172.69 2780.2 93.18 -156.76 2841.2 87.443
2.0417 -155.95 2755 104.29 -174.41 2792.5 93.155 -157.85 2853.4 87.227
2.05 -157.14 2766.5 104.52 -176.13 2804.9 93.168 -158.91 2865.6 87.014
2.0583 -158.26 2778 104.75 -177.84 2817.4 93.216 -159.94 2877.9 86.806
2.0667 -159.31 2789.6 104.98 -179.53 2829.9 93.297 -160.94 2890.2 86.602
2.075 -160.32 2801.3 105.22 -181.19 2842.6 93.406 -161.92 2902.5 86.404
2.0833 -161.3 2813.1 105.46 -182.82 2855.3 93.541 -162.88 2914.9 86.21
2.0917 -162.29 2825.1 105.72 -184.43 2868.1 93.701 -163.81 2927.3 86.019
2.1 -163.27 2837.2 105.99 -186 2881 93.888 -164.72 2939.7 85.83
2.1083 -164.28 2849.4 106.28 -187.53 2894 94.092 -165.6 2952.2 85.64
2.1167 -165.3 2861.7 106.58 -189.02 2907.1 94.314 -166.45 2964.6 85.449
2.125 -166.36 2874.1 106.89 -190.47 2920.3 94.549 -167.27 2977.1 85.253
2.1333 -167.43 2886.7 107.22 -191.87 2933.6 94.807 -168.06 2989.6 85.054
2.1417 -168.53 2899.3 107.54 -193.21 2947.1 95.069 -168.81 3002.1 84.85
2.15 -169.64 2911.9 107.85 -194.48 2960.6 95.335 -169.52 3014.7 84.644
2.1583 -170.76 2924.7 108.14 -195.67 2974.2 95.599 -170.2 3027.2 84.439
2.1667 -171.88 2937.5 108.4 -196.76 2987.9 95.854 -170.84 3039.7 84.24
2.175 -173 2950.4 108.63 -197.76 3001.8 96.092 -171.44 3052.3 84.051
2.1833 -174.13 2963.5 108.82 -198.63 3015.7 96.304 -172.01 3065 83.881
2.1917 -175.29 2976.8 108.97 -199.38 3029.7 96.482 -172.54 3077.7 83.737
2.2 -176.49 2990.2 109.07 -200 3043.8 96.621 -173.04 3090.5 83.624
2.2083 -177.74 3004 109.12 -200.48 3058 96.715 -173.51 3103.5 83.549
2.2167 -179.05 3018 109.11 -200.83 3072.3 96.763 -173.94 3116.6 83.516
2.225 -180.42 3032.2 109.05 -201.07 3086.6 96.763 -174.34 3129.8 83.525
2.2333 -181.86 3046.6 108.92 -201.2 3101 96.723 -174.7 3143.2 83.575
2.2417 -183.34 3061.3 108.74 -201.25 3115.4 96.643 -175.02 3156.7 83.659
2.25 -184.85 3076 108.48 -201.25 3129.8 96.534 -175.29 3170.4 83.769
2.2583 -186.36 3090.8 108.17 -201.24 3144.2 96.406 -175.53 3184.1 83.894
2.2667 -187.84 3105.5 107.79 -201.23 3158.5 96.267 -175.73 3197.9 84.019
2.275 -189.24 3120.1 107.36 -201.27 3172.8 96.129 -175.9 3211.7 84.132
2.2833 -190.53 3134.6 106.89 -201.4 3187 96 -176.04 3225.6 84.22
2.2917 -191.67 3148.8 106.39 -201.62 3201.1 95.89 -176.16 3239.5 84.272
2.3 -192.64 3162.8 105.88 -201.96 3215 95.805 -176.28 3253.4 84.282
2.3083 -193.44 3176.5 105.36 -202.44 3228.7 95.751 -176.43 3267.2 84.248
2.3167 -194.08 3190 104.86 -203.05 3242.2 95.731 -176.61 3281 84.171
2.325 -194.58 3203.2 104.37 -203.79 3255.5 95.746 -176.86 3294.7 84.057
2.3333 -194.95 3216.3 103.9 -204.65 3268.5 95.797 -177.2 3308.4 83.917
2.3417 -195.19 3229.3 103.45 -205.61 3281.2 95.879 -177.65 3322.1 83.763
2.35 -195.31 3242.2 103.01 -206.65 3293.7 95.991 -178.23 3335.6 83.607
2.3583 -195.33 3255.1 102.58 -207.76 3305.9 96.125 -178.95 3349.1 83.463
2.3667 -195.28 3267.9 102.17 -208.89 3318 96.279 -179.84 3362.6 83.343
2.375 -195.17 3280.8 101.75 -210.04 3329.8 96.445 -180.89 3376 83.254
2.3833 -195.03 3293.6 101.34 -211.19 3341.6 96.617 -182.1 3389.3 83.203
2.3917 -194.9 3306.4 100.93 -212.33 3353.2 96.791 -183.48 3402.6 83.191
2.4 -194.81 3319.1 100.51 -213.46 3364.8 96.961 -185 3415.8 83.218
2.4083 -194.78 3331.6 100.1 -214.55 3376.3 97.128 -186.66 3428.9 83.278
2.4167 -194.83 3344.1 99.686 -215.62 3387.8 97.285 -188.44 3441.9 83.367
2.425 -194.98 3356.4 99.279 -216.67 3399.4 97.431 -190.31 3454.9 83.478
2.4333 -195.25 3368.6 98.878 -217.7 3411 97.566 -192.27 3467.8 83.604
2.4417 -195.62 3380.6 98.485 -218.73 3422.6 97.687 -194.28 3480.7 83.74
2.45 -196.11 3392.6 98.1 -219.76 3434.3 97.794 -196.33 3493.5 83.882
2.4583 -196.69 3404.4 97.725 -220.8 3446.1 97.886 -198.4 3506.2 84.028
2.4667 -197.34 3416.2 97.353 -221.85 3457.9 97.964 -200.49 3518.9 84.178
2.475 -198.06 3427.9 96.984 -222.92 3469.8 98.025 -202.56 3531.5 84.332
2.4833 -198.81 3439.6 96.611 -224.01 3481.7 98.07 -204.63 3544.2 84.493
2.4917 -199.6 3451.3 96.228 -225.13 3493.6 98.1 -206.68 3556.7 84.662
2.5 -200.39 3463 95.828 -226.26 3505.6 98.113 -208.7 3569.3 84.84
2.5083 -201.19 3474.7 95.407 -227.41 3517.7 98.11 -210.68 3581.8 85.025
2.5167 -202 3486.5 94.963 -228.57 3529.8 98.091 -212.63 3594.3 85.214
2.525 -202.82 3498.2 94.493 -229.74 3541.9 98.056 -214.53 3606.8 85.403
2.5333 -203.65 3510 94.002 -230.92 3554.1 98.006 -216.38 3619.3 85.586
2.5417 -204.5 3521.9 93.496 -232.1 3566.4 97.941 -218.18 3631.7 85.755
2.55 -205.37 3533.7 92.983 -233.27 3578.7 97.859 -219.92 3644.2 85.903
2.5583 -206.28 3545.7 92.475 -234.44 3591.1 97.762 -221.59 3656.6 86.025
2.5667 -207.24 3557.6 91.984 -235.6 3603.6 97.65 -223.21 3669.1 86.117
2.575 -208.24 3569.7 91.521 -236.77 3616.2 97.522 -224.77 3681.6 86.175
2.5833 -209.29 3581.7 91.093 -237.92 3628.8 97.379 -226.27 3694.1 86.201
2.5917 -210.39 3593.9 90.706 -239.08 3641.6 97.223 -227.72 3706.6 86.199
2.6 -211.53 3606.1 90.358 -240.24 3654.4 97.054 -229.14 3719.2 86.176
2.6083 -212.75 3618.4 90.036 -241.41 3667.3 96.875 -230.52 3731.9 86.138
2.6167 -214.01 3630.8 89.735 -242.6 3680.2 96.689 -231.89 3744.6 86.097
2.625 -215.31 3643.4 89.438 -243.81 3693.3 96.499 -233.26 3757.3 86.061
2.6333 -216.66 3656 89.132 -245.05 3706.5 96.309 -234.65 3770.1 86.039
2.6417 -218.05 3668.9 88.808 -246.32 3719.7 96.123 -236.07 3783 86.038
2.65 -219.46 3681.9 88.461 -247.63 3733 95.946 -237.54 3795.9 86.063
2.6583 -220.9 3695 88.09 -248.97 3746.4 95.782 -239.05 3808.8 86.112
2.6667 -222.37 3708.2 87.701 -250.37 3759.9 95.635 -240.63 3821.8 86.185
2.675 -223.85 3721.6 87.3 -251.81 3773.5 95.508 -242.28 3834.9 86.275
2.6833 -225.35 3735.1 86.887 -253.3 3787.2 95.405 -243.98 3848 86.375
2.6917 -226.86 3748.7 86.479 -254.83 3800.9 95.325 -245.75 3861.2 86.473
2.7 -228.38 3762.6 86.075 -256.43 3814.8 95.27 -247.57 3874.6 86.56
2.7083 -229.89 3776.7 85.689 -258.08 3828.7 95.238 -249.43 3888 86.625
2.7167 -231.4 3791.1 85.326 -259.79 3842.7 95.227 -251.32 3901.5 86.659
2.725 -232.89 3805.7 84.995 -261.56 3856.8 95.234 -253.24 3915.2 86.654
2.7333 -234.36 3820.6 84.704 -263.4 3871 95.256 -255.16 3929 86.607
2.7417 -235.8 3835.8 84.462 -265.31 3885.3 95.29 -257.09 3943 86.516
2.75 -237.2 3851.2 84.276 -267.28 3899.8 95.334 -259.01 3957 86.382
2.7583 -238.57 3866.8 84.154 -269.3 3914.3 95.383 -260.92 3971.2 86.212
2.7667 -239.91 3882.4 84.101 -271.37 3928.9 95.435 -262.83 3985.4 86.012
2.775 -241.23 3898.1 84.122 -273.47 3943.6 95.489 -264.72 3999.7 85.793
2.7833 -242.53 3913.7 84.22 -275.57 3958.4 95.54 -266.61 4014.1 85.567
2.7917 -243.84 3929.2 84.39 -277.66 3973.3 95.586 -268.5 4028.5 85.343
2.8 -245.17 3944.5 84.628 -279.69 3988.2 95.623 -270.39 4042.9 85.135
2.8083 -246.52 3959.6 84.927 -281.66 4003.1 95.647 -272.26 4057.4 84.951
2.8167 -247.9 3974.3 85.282 -283.51 4017.9 95.654 -274.13 4071.8 84.802
2.825 -249.32 3988.8 85.677 -285.24 4032.7 95.639 -275.96 4086.3 84.692
2.8333 -250.77 4002.9 86.102 -286.81 4047.3 95.596 -277.76 4100.7 84.624
2.8417 -252.24 4016.7 86.543 -288.22 4061.7 95.521 -279.49 4115.2 84.599
2.85 -253.74 4030.2 86.993 -289.45 4075.8 95.412 -281.13 4129.6 84.615
2.8583 -255.27 4043.5 87.444 -290.5 4089.7 95.266 -282.66 4144.1 84.665
2.8667 -256.83 4056.6 87.892 -291.39 4103.3 95.082 -284.04 4158.5 84.743
2.875 -258.41 4069.6 88.332 -292.12 4116.5 94.864 -285.25 4173 84.84
2.8833 -260 4082.5 88.76 -292.71 4129.4 94.613 -286.27 4187.5 84.944
2.8917 -261.6 4095.3 89.165 -293.19 4142 94.335 -287.09 4201.9 85.047
2.9 -263.17 4108.1 89.544 -293.58 4154.3 94.034 -287.68 4216.3 85.138
2.9083 -264.7 4120.8 89.893 -293.91 4166.3 93.722 -288.06 4230.7 85.208
2.9167 -266.17 4133.5 90.206 -294.18 4178.1 93.4 -288.23 4245 85.251
2.925 -267.55 4146.2 90.487 -294.42 4189.8 93.085 -288.19 4259.2 85.263
2.9333 -268.83 4158.7 90.733 -294.64 4201.3 92.773 -287.98 4273.4 85.239
2.9417 -270.01 4171.2 90.949 -294.84 4212.7 92.472 -287.61 4287.4 85.181
2.95 -271.07 4183.6 91.143 -295.03 4224.1 92.187 -287.1 4301.3 85.09
2.9583 -272.03 4195.9 91.32 -295.21 4235.5 91.917 -286.5 4315 84.968
2.9667 -272.88 4208.1 91.49 -295.37 4246.9 91.663 -285.82 4328.6 84.821
2.975 -273.65 4220.1 91.66 -295.52 4258.3 91.416 -285.08 4342 84.653
2.9833 -274.34 4232.1 91.842 -295.65 4269.8 91.169 -284.32 4355.3 84.47
2.9917 -274.98 4244 92.04 -295.77 4281.4 90.924 -283.53 4368.3 84.276
3 -275.56 4255.8 92.262 -295.87 4293 90.672 -282.75 4381.2 84.077
3.0083 -276.12 4267.6 92.512 -295.96 4304.7 90.411 -281.96 4393.9 83.875
3.0167 -276.64 4279.3 92.79 -296.05 4316.5 90.138 -281.18 4406.4 83.674
3.025 -277.13 4291 93.097 -296.13 4328.4 89.853 -280.41 4418.8 83.475
3.0333 -277.6 4302.7 93.43 -296.22 4340.5 89.559 -279.65 4431 83.278
3.0417 -278.03 4314.4 93.782 -296.31 4352.6 89.26 -278.89 4443.1 83.083
3.05 -278.43 4326.1 94.148 -296.43 4364.8 88.96 -278.15 4455.1 82.888
3.0583 -278.78 4337.8 94.52 -296.56 4377.1 88.668 -277.41 4466.9 82.691
3.0667 -279.07 4349.5 94.89 -296.71 4389.6 88.388 -276.67 4478.8 82.489
3.075 -279.3 4361.2 95.253 -296.87 4402.2 88.126 -275.95 4490.5 82.279
3.0833 -279.45 4372.8 95.602 -297.05 4414.8 87.887 -275.23 4502.2 82.058
3.0917 -279.51 4384.5 95.935 -297.23 4427.6 87.673 -274.53 4513.9 81.825
