0.0083333 -21.641 5.8338 97.755 -42.758 102.92 87.389 -5.4645 212.12 80.548
0.016667 -21.006 13.878 97.818 -41.346 111.68 87.339 -3.4595 219.98 80.461
0.025 -20.344 22.119 97.89 -39.863 120.59 87.264 -1.4158 227.92 80.367
0.033333 -19.658 30.561 97.965 -38.303 129.66 87.161 0.66461 235.98 80.267
0.041667 -18.953 39.215 98.038 -36.658 138.9 87.031 2.779 244.18 80.163
0.05 -18.234 48.09 98.102 -34.925 148.3 86.875 4.9224 252.51 80.058
0.058333 -17.503 57.197 98.152 -33.103 157.88 86.696 7.0892 261.01 79.955
0.066667 -16.762 66.544 98.181 -31.193 167.63 86.5 9.2724 269.68 79.857
0.075 -16.009 76.125 98.183 -29.205 177.54 86.289 11.464 278.52 79.77
0.083333 -15.237 85.945 98.153 -27.149 187.58 86.074 13.655 287.52 79.695
0.091667 -14.435 95.993 98.085 -25.042 197.72 85.865 15.836 296.68 79.634
0.1 -13.59 106.25 97.977 -22.908 207.92 85.664 17.997 305.98 79.588
0.10833 -12.689 116.67 97.829 -20.773 218.15 85.481 20.127 315.38 79.557
0.11667 -11.714 127.25 97.639 -18.665 228.36 85.324 22.213 324.84 79.537
0.125 -10.649 137.94 97.409 -16.612 238.51 85.2 24.244 334.34 79.525
0.13333 -9.485 148.68 97.145 -14.642 248.55 85.112 26.206 343.82 79.517
0.14167 -8.2162 159.44 96.849 -12.778 258.47 85.063 28.085 353.25 79.507
0.15 -6.846 170.16 96.528 -11.038 268.24 85.055 29.868 362.6 79.492
0.15833 -5.3877 180.81 96.188 -9.4347 277.86 85.087 31.542 371.82 79.469
0.16667 -3.8632 191.33 95.834 -7.972 287.34 85.159 33.094 380.91 79.433
0.175 -2.3018 201.7 95.472 -6.6478 296.68 85.269 34.514 389.85 79.385
0.18333 -0.73494 211.9 95.108 -5.4529 305.92 85.412 35.794 398.63 79.324
0.19167 0.80805 221.93 94.743 -4.3733 315.08 85.586 36.928 407.29 79.253
0.2 2.3058 231.8 94.379 -3.3919 324.18 85.787 37.913 415.83 79.176
0.20833 3.7468 241.54 94.014 -2.4909 333.25 86.009 38.749 424.29 79.095
0.21667 5.1282 251.17 93.65 -1.6503 342.32 86.253 39.44 432.69 79.017
0.225 6.459 260.75 93.283 -0.85773 351.41 86.511 39.99 441.09 78.947
0.23333 7.7527 270.29 92.915 -0.10079 360.51 86.781 40.407 449.52 78.889
0.24167 9.027 279.82 92.549 0.6274 369.65 87.058 40.699 458 78.849
0.25 10.301 289.37 92.185 1.329 378.8 87.341 40.875 466.58 78.829
0.25833 11.588 298.95 91.825 2.0027 387.98 87.625 40.944 475.28 78.834
0.26667 12.9 308.57 91.473 2.6449 397.16 87.908 40.915 484.09 78.863
0.275 14.236 318.22 91.131 3.2502 406.34 88.188 40.794 493.04 78.917
0.28333 15.582 327.91 90.799 3.8134 415.51 88.462 40.586 502.12 78.996
0.29167 16.924 337.64 90.481 4.3311 424.66 88.731 40.296 511.3 79.097
0.3 18.237 347.38 90.179 4.8026 433.79 88.993 39.927 520.59 79.218
0.30833 19.495 357.15 89.892 5.2295 442.91 89.25 39.482 529.94 79.356
0.31667 20.679 366.93 89.623 5.6154 452.02 89.503 38.962 539.34 79.509
0.325 21.773 376.72 89.371 5.9673 461.13 89.752 38.369 548.75 79.673
0.33333 22.773 386.53 89.136 6.2908 470.26 90 37.707 558.17 79.846
0.34167 23.682 396.36 88.916 6.5928 479.41 90.246 36.979 567.56 80.026
0.35 24.512 406.22 88.709 6.8786 488.6 90.491 36.191 576.91 80.211
0.35833 25.282 416.1 88.509 7.1528 497.85 90.733 35.35 586.21 80.4
0.36667 26.014 426.03 88.311 7.4172 507.15 90.971 34.463 595.47 80.593
0.375 26.73 435.99 88.11 7.6728 516.52 91.201 33.54 604.67 80.789
0.38333 27.45 445.99 87.901 7.9173 525.96 91.423 32.59 613.83 80.987
0.39167 28.183 456.03 87.68 8.1481 535.46 91.632 31.624 622.96 81.188
0.4 28.937 466.11 87.446 8.3606 545.04 91.828 30.651 632.07 81.391
0.40833 29.705 476.23 87.201 8.5499 554.69 92.008 29.68 641.18 81.597
0.41667 30.476 486.38 86.949 8.7119 564.4 92.17 28.721 650.31 81.804
0.425 31.231 496.56 86.699 8.8433 574.17 92.315 27.778 659.47 82.013
0.43333 31.955 506.78 86.461 8.9426 584 92.441 26.858 668.67 82.221
0.44167 32.625 517.06 86.244 9.0092 593.88 92.549 25.963 677.91 82.427
0.45 33.227 527.39 86.059 9.0466 603.82 92.639 25.095 687.21 82.631
0.45833 33.755 537.82 85.912 9.0581 613.82 92.713 24.254 696.57 82.829
0.46667 34.206 548.39 85.804 9.0488 623.88 92.772 23.437 705.97 83.02
0.475 34.585 559.12 85.734 9.0238 634.01 92.818 22.642 715.42 83.202
0.48333 34.912 570.07 85.695 8.9879 644.23 92.851 21.864 724.91 83.374
0.49167 35.19 581.26 85.678 8.9442 654.54 92.876 21.101 734.43 83.534
0.5 35.437 592.7 85.68 8.8938 664.97 92.892 20.346 743.97 83.682
0.50833 35.655 604.38 85.696 8.8353 675.53 92.905 19.597 753.54 83.817
0.51667 35.837 616.28 85.723 8.7643 686.24 92.917 18.85 763.13 83.94
0.525 35.98 628.34 85.762 8.6737 697.1 92.932 18.103 772.75 84.051
0.53333 36.075 640.56 85.811 8.5545 708.13 92.953 17.356 782.41 84.151
0.54167 36.118 652.9 85.858 8.3981 719.33 92.987 16.608 792.11 84.24
0.55 36.11 665.36 85.903 8.1921 730.71 93.036 15.863 801.88 84.318
0.55833 36.051 677.95 85.939 7.9272 742.25 93.104 15.125 811.73 84.385
0.56667 35.941 690.69 85.96 7.5957 753.96 93.197 14.399 821.69 84.44
0.575 35.794 703.61 85.964 7.1914 765.81 93.314 13.692 831.76 84.48
0.58333 35.603 716.74 85.952 6.7125 777.79 93.457 13.012 841.96 84.502
0.59167 35.395 730.12 85.926 6.1606 789.89 93.625 12.363 852.3 84.504
0.6 35.18 743.75 85.893 5.5415 802.08 93.815 11.754 862.79 84.482
0.60833 34.971 757.64 85.864 4.8653 814.36 94.023 11.187 873.42 84.433
0.61667 34.785 771.78 85.851 4.1463 826.71 94.24 10.666 884.18 84.356
0.625 34.617 786.11 85.865 3.3987 839.12 94.46 10.19 895.05 84.25
0.63333 34.475 800.58 85.922 2.6444 851.59 94.672 9.7576 906.01 84.118
0.64167 34.347 815.13 86.029 1.9033 864.12 94.866 9.3633 917.05 83.964
0.65 34.222 829.69 86.191 1.1942 876.7 95.032 9.0015 928.13 83.794
0.65833 34.081 844.17 86.406 0.53798 889.33 95.16 8.666 939.22 83.617
0.66667 33.909 858.51 86.667 -0.047028 901.99 95.24 8.3509 950.32 83.442
0.675 33.697 872.65 86.966 -0.54642 914.69 95.264 8.0529 961.41 83.277
0.68333 33.435 886.53 87.286 -0.94556 927.4 95.226 7.7716 972.47 83.131
0.69167 33.119 900.1 87.61 -1.2342 940.11 95.124 7.5115 983.51 83.01
0.7 32.751 913.35 87.919 -1.4047 952.78 94.957 7.2815 994.54 82.919
0.70833 32.336 926.24 88.197 -1.4529 965.41 94.725 7.096 1005.6 82.858
0.71667 31.885 938.8 88.433 -1.3783 977.95 94.432 6.9744 1016.6 82.823
0.725 31.41 951.07 88.624 -1.1829 990.37 94.084 6.9395 1027.7 82.809
0.73333 30.929 963.1 88.771 -0.8733 1002.7 93.688 7.0169 1038.8 82.805
0.74167 30.466 974.94 88.88 -0.45905 1014.8 93.252 7.2321 1050 82.799
0.75 30.045 986.65 88.957 0.048203 1026.8 92.783 7.6094 1061.3 82.779
0.75833 29.692 998.25 89.01 0.63343 1038.6 92.29 8.1686 1072.7 82.731
0.76667 29.429 1009.8 89.045 1.2829 1050.3 91.779 8.9239 1084.2 82.645
0.775 29.275 1021.3 89.072 1.9817 1061.8 91.258 9.8825 1095.9 82.514
0.78333 29.242 1032.7 89.099 2.7193 1073.2 90.731 11.044 1107.6 82.333
0.79167 29.338 1044.1 89.134 3.4865 1084.6 90.201 12.399 1119.4 82.103
0.8 29.561 1055.4 89.184 4.2757 1095.9 89.673 13.932 1131.2 81.827
0.80833 29.901 1066.7 89.255 5.0827 1107.2 89.147 15.623 1143.1 81.514
0.81667 30.343 1078 89.35 5.9059 1118.4 88.624 17.447 1155 81.174
0.825 30.865 1089.1 89.472 6.7452 1129.7 88.106 19.38 1166.9 80.816
0.83333 31.443 1100.3 89.624 7.6029 1141.1 87.593 21.396 1178.8 80.45
0.84167 32.055 1111.4 89.803 8.483 1152.5 87.089 23.476 1190.6 80.086
0.85 32.682 1122.4 90.008 9.3906 1163.9 86.593 25.603 1202.4 79.729
0.85833 33.311 1133.5 90.235 10.332 1175.3 86.11 27.767 1214.1 79.382
0.86667 33.939 1144.5 90.478 11.313 1186.8 85.642 29.961 1225.7 79.046
0.875 34.568 1155.6 90.73 12.338 1198.4 85.192 32.186 1237.3 78.719
0.88333 35.207 1166.7 90.984 13.411 1209.9 84.762 34.444 1248.8 78.397
0.89167 35.873 1177.7 91.23 14.533 1221.5 84.356 36.74 1260.3 78.075
0.9 36.581 1188.8 91.465 15.707 1233.1 83.976 39.078 1271.7 77.748
0.90833 37.352 1199.9 91.68 16.93 1244.7 83.621 41.464 1283.2 77.412
0.91667 38.198 1211 91.874 18.203 1256.3 83.292 43.895 1294.6 77.064
0.925 39.13 1222.1 92.044 19.521 1267.9 82.989 46.371 1306 76.705
0.93333 40.15 1233.3 92.193 20.885 1279.6 82.711 48.884 1317.5 76.338
0.94167 41.257 1244.5 92.323 22.292 1291.4 82.456 51.424 1328.9 75.965
0.95 42.445 1255.8 92.436 23.743 1303.2 82.223 53.979 1340.3 75.594
0.95833 43.704 1267.2 92.537 25.235 1315 82.01 56.538 1351.8 75.231
0.96667 45.027 1278.7 92.627 26.772 1326.9 81.817 59.089 1363.3 74.883
0.975 46.406 1290.2 92.708 28.356 1338.9 81.642 61.625 1374.8 74.555
0.98333 47.841 1302 92.781 29.989 1351 81.486 64.141 1386.3 74.253
0.99167 49.335 1313.8 92.843 31.676 1363.1 81.348 66.639 1397.8 73.977
1 50.901 1325.9 92.902 33.423 1375.3 81.226 69.125 1409.3 73.727
1.0083 52.554 1338.1 92.954 35.234 1387.5 81.124 71.608 1420.8 73.5
1.0167 54.312 1350.5 93.002 37.116 1399.8 81.039 74.102 1432.4 73.292
1.025 56.179 1363.1 93.047 39.073 1412.1 80.971 76.622 1444 73.096
1.0333 58.148 1375.8 93.093 41.112 1424.4 80.919 79.183 1455.6 72.906
1.0417 60.195 1388.7 93.137 43.237 1436.8 80.88 81.799 1467.3 72.716
1.05 62.293 1401.8 93.176 45.452 1449.3 80.853 84.476 1479 72.521
1.0583 64.421 1414.8 93.203 47.762 1461.8 80.832 87.22 1490.7 72.32
1.0667 66.566 1427.9 93.221 50.169 1474.4 80.814 90.031 1502.4 72.111
1.075 68.727 1441 93.226 52.677 1487.1 80.793 92.903 1514.2 71.898
1.0833 70.905 1454.2 93.222 55.286 1499.9 80.766 95.825 1526 71.686
1.0917 73.104 1467.4 93.211 57.996 1512.8 80.726 98.785 1537.8 71.483
1.1 75.327 1480.7 93.199 60.808 1525.8 80.671 101.77 1549.7 71.296
1.1083 77.575 1494.1 93.189 63.718 1539 80.599 104.76 1561.6 71.135
1.1167 79.849 1507.8 93.183 66.722 1552.2 80.508 107.76 1573.6 71.008
1.125 82.147 1521.6 93.18 69.813 1565.5 80.4 110.74 1585.6 70.92
1.1333 85.757 1533.1 93.792 72.975 1578.9 80.277 113.7 1597.8 70.877
1.1417 86.812 1550 93.153 76.208 1592.3 80.144 116.65 1610 70.877
1.15 89.169 1564.5 93.099 79.481 1605.8 80.006 119.57 1622.3 70.92
1.1583 91.536 1579.2 92.997 82.78 1619.3 79.871 122.49 1634.6 70.999
1.1667 93.907 1593.9 92.832 86.081 1632.8 79.745 125.39 1647.1 71.106
1.175 96.285 1608.6 92.592 89.359 1646.2 79.633 128.27 1659.6 71.23
1.1833 98.677 1623.3 92.273 92.591 1659.6 79.544 131.15 1672.2 71.362
1.1917 101.1 1637.7 91.878 95.75 1672.9 79.48 134.01 1684.9 71.489
1.2 103.56 1652 91.416 98.813 1686.2 79.445 136.85 1697.5 71.604
1.2083 106.09 1666 90.903 101.76 1699.3 79.44 139.65 1710.2 71.699
1.2167 108.69 1679.7 90.36 104.57 1712.4 79.467 142.39 1722.9 71.77
1.225 111.36 1693.2 89.81 107.24 1725.5 79.525 145.07 1735.6 71.818
1.2333 114.1 1706.3 89.279 109.76 1738.4 79.612 147.64 1748.2 71.845
1.2417 116.89 1719.2 88.788 112.12 1751.2 79.725 150.11 1760.8 71.856
1.25 119.71 1731.9 88.355 114.33 1763.9 79.861 152.44 1773.3 71.859
1.2583 122.55 1744.5 87.99 116.4 1776.6 80.019 154.62 1785.8 71.861
1.2667 125.39 1756.9 87.697 118.34 1789 80.194 156.66 1798.3 71.87
1.275 128.21 1769.2 87.476 120.16 1801.4 80.384 158.53 1810.8 71.891
1.2833 131 1781.4 87.321 121.88 1813.6 80.587 160.24 1823.2 71.931
1.2917 133.75 1793.6 87.223 123.52 1825.8 80.8 161.79 1835.7 71.991
1.3 136.43 1805.8 87.169 125.09 1837.8 81.023 163.2 1848.3 72.074
1.3083 139.04 1817.9 87.143 126.61 1849.8 81.254 164.47 1860.8 72.176
1.3167 141.59 1830 87.127 128.09 1861.6 81.493 165.61 1873.5 72.297
1.325 144.05 1842 87.103 129.53 1873.5 81.74 166.63 1886.2 72.432
1.3333 146.45 1853.9 87.056 130.95 1885.3 81.994 167.55 1898.9 72.579
1.3417 148.76 1865.8 86.972 132.34 1897.1 82.256 168.37 1911.7 72.736
1.35 150.99 1877.5 86.845 133.71 1909 82.526 169.1 1924.5 72.901
1.3583 153.15 1889.2 86.67 135.06 1920.8 82.802 169.74 1937.4 73.076
1.3667 155.24 1900.9 86.452 136.38 1932.7 83.085 170.29 1950.3 73.262
1.375 157.25 1912.5 86.197 137.68 1944.7 83.371 170.76 1963.1 73.463
1.3833 159.21 1924 85.914 138.95 1956.7 83.659 171.14 1975.9 73.685
1.3917 161.11 1935.6 85.617 140.19 1968.7 83.945 171.43 1988.7 73.93
1.4 162.96 1947.2 85.313 141.41 1980.8 84.226 171.65 2001.5 74.203
1.4083 164.78 1958.9 85.011 142.6 1992.9 84.497 171.8 2014.2 74.504
1.4167 166.56 1970.6 84.714 143.77 2005 84.754 171.9 2026.9 74.833
1.425 168.31 1982.3 84.422 144.92 2017.2 84.994 171.94 2039.5 75.186
1.4333 170.03 1994.2 84.134 146.05 2029.4 85.213 171.96 2052.1 75.557
1.4417 171.72 2006.1 83.846 147.17 2041.5 85.408 171.96 2064.7 75.937
1.45 173.39 2018.1 83.556 148.27 2053.8 85.576 171.98 2077.2 76.318
1.4583 175.02 2030.1 83.264 149.36 2066 85.718 172.01 2089.7 76.689
1.4667 176.62 2042.1 82.972 150.43 2078.3 85.832 172.09 2102.2 77.04
1.475 178.19 2054.2 82.689 151.48 2090.7 85.919 172.22 2114.7 77.362
1.4833 179.72 2066.3 82.422 152.52 2103.1 85.982 172.42 2127.3 77.65
1.4917 181.2 2078.5 82.183 153.53 2115.5 86.024 172.68 2139.8 77.901
1.5 182.64 2090.6 81.979 154.53 2128 86.047 173.01 2152.3 78.115
1.5083 184.03 2102.9 81.815 155.5 2140.6 86.058 173.4 2164.8 78.297
1.5167 185.38 2115.2 81.692 156.45 2153.3 86.061 173.83 2177.3 78.453
1.525 186.68 2127.7 81.605 157.38 2166 86.06 174.31 2189.9 78.592
1.5333 187.94 2140.3 81.545 158.29 2178.8 86.062 174.8 2202.4 78.724
1.5417 189.17 2153.1 81.505 159.18 2191.7 86.071 175.29 2215 78.858
1.55 190.35 2166.2 81.478 160.05 2204.6 86.09 175.76 2227.5 79.004
1.5583 191.5 2179.4 81.459 160.89 2217.6 86.124 176.2 2240.2 79.168
1.5667 192.59 2192.7 81.443 161.71 2230.6 86.174 176.6 2252.8 79.354
1.575 193.63 2206.1 81.428 162.49 2243.8 86.242 176.95 2265.5 79.561
1.5833 194.61 2219.6 81.396 163.24 2257 86.329 177.24 2278.3 79.788
1.5917 195.52 2233.3 81.348 163.95 2270.2 86.434 177.49 2291.1 80.029
1.6 196.38 2247 81.275 164.6 2283.6 86.555 177.68 2303.9 80.275
1.6083 197.19 2260.8 81.175 165.19 2297 86.689 177.84 2316.9 80.515
1.6167 197.97 2274.9 81.05 165.72 2310.5 86.836 177.97 2329.9 80.74
1.625 198.73 2289.1 80.906 166.18 2324.1 86.99 178.09 2343 80.938
1.6333 199.48 2303.5 80.755 166.56 2337.7 87.148 178.21 2356.2 81.101
1.6417 200.25 2318.2 80.613 166.87 2351.4 87.305 178.33 2369.4 81.222
1.65 201.02 2333.1 80.501 167.12 2365.2 87.457 178.46 2382.6 81.3
1.6583 201.8 2348.3 80.441 167.3 2379.1 87.6 178.6 2395.9 81.333
1.6667 202.57 2363.5 80.455 167.44 2393 87.73 178.75 2409.2 81.327
1.675 203.34 2378.9 80.562 167.56 2406.9 87.844 178.9 2422.5 81.289
1.6833 204.07 2394.3 80.775 167.67 2420.9 87.939 179.05 2435.8 81.229
1.6917 204.74 2409.7 81.097 167.8 2434.9 88.013 179.18 2449.1 81.161
1.7 205.34 2425 81.524 167.97 2448.9 88.065 179.28 2462.4 81.097
1.7083 205.87 2440 82.039 168.22 2462.9 88.095 179.36 2475.7 81.052
1.7167 206.31 2454.9 82.618 168.55 2476.9 88.103 179.41 2489 81.038
1.725 206.67 2469.5 83.228 169 2490.8 88.091 179.43 2502.2 81.063
1.7333 206.95 2483.8 83.834 169.56 2504.7 88.058 179.44 2515.5 81.135
1.7417 207.18 2497.7 84.397 170.26 2518.4 88.007 179.45 2528.7 81.254
1.75 207.37 2511.3 84.89 171.08 2532.1 87.939 179.48 2542 81.418
1.7583 207.53 2524.7 85.295 172.02 2545.6 87.853 179.57 2555.3 81.621
1.7667 207.68 2537.8 85.607 173.07 2558.9 87.751 179.73 2568.6 81.85
1.775 207.82 2550.6 85.83 174.21 2572.1 87.631 180 2581.9 82.092
1.7833 207.97 2563.4 85.973 175.42 2585.1 87.494 180.41 2595.3 82.333
1.7917 208.15 2576 86.054 176.68 2597.9 87.338 180.98 2608.7 82.557
1.8 208.37 2588.6 86.094 177.96 2610.6 87.163 181.73 2622.1 82.75
1.8083 208.66 2601.2 86.114 179.25 2623.2 86.968 182.67 2635.7 82.902
1.8167 209.03 2613.7 86.138 180.54 2635.6 86.755 183.8 2649.2 83.006
1.825 209.52 2626.1 86.188 181.82 2647.9 86.523 185.12 2662.8 83.058
1.8333 210.13 2638.6 86.279 183.07 2660.2 86.276 186.62 2676.4 83.059
1.8417 210.89 2651 86.423 184.31 2672.4 86.014 188.27 2690 83.013
1.85 211.79 2663.4 86.623 185.54 2684.6 85.741 190.07 2703.6 82.929
1.8583 212.82 2675.7 86.88 186.76 2696.8 85.46 191.99 2717.2 82.814
1.8667 213.98 2687.9 87.188 187.99 2709 85.176 194 2730.8 82.677
1.875 215.24 2700.1 87.538 189.24 2721.2 84.891 196.1 2744.4 82.527
1.8833 216.56 2712.2 87.921 190.51 2733.5 84.609 198.25 2757.9 82.369
1.8917 217.93 2724.3 88.325 191.81 2745.8 84.333 200.45 2771.3 82.207
1.9 219.31 2736.3 88.741 193.16 2758.2 84.067 202.69 2784.7 82.041
1.9083 220.68 2748.3 89.162 194.56 2770.7 83.813 204.97 2797.9 81.871
1.9167 222.04 2760.2 89.58 196 2783.2 83.573 207.27 2811.1 81.693
1.925 223.38 2772.2 89.996 197.48 2795.8 83.352 209.61 2824.3 81.503
1.9333 224.69 2784.1 90.407 199.01 2808.5 83.148 211.98 2837.3 81.298
1.9417 226.01 2796 90.815 200.58 2821.2 82.964 214.38 2850.3 81.076
1.95 227.35 2808 91.221 202.18 2834.1 82.801 216.8 2863.3 80.836
1.9583 228.75 2819.9 91.626 203.81 2847 82.659 219.25 2876.2 80.58
1.9667 230.23 2832 92.03 205.46 2859.9 82.54 221.71 2889.1 80.314
1.975 231.81 2844.1 92.431 207.12 2873 82.443 224.18 2902 80.043
1.9833 233.52 2856.2 92.826 208.8 2886.1 82.368 226.66 2914.9 79.778
1.9917 235.36 2868.5 93.207 210.5 2899.3 82.317 229.14 2927.9 79.527
2 237.32 2880.8 93.571 212.23 2912.6 82.287 231.6 2940.8 79.297
2.0083 239.4 2893.3 93.909 213.97 2925.9 82.278 234.06 2953.7 79.096
2.0167 241.58 2905.8 94.224 215.75 2939.3 82.29 236.51 2966.7 78.926
2.025 243.83 2918.5 94.508 217.56 2952.8 82.319 238.96 2979.7 78.788
2.0333 246.14 2931.4 94.765 219.42 2966.3 82.365 241.41 2992.8 78.678
2.0417 248.47 2944.4 95 221.33 2979.8 82.425 243.88 3005.8 78.59
2.05 250.81 2957.6 95.217 223.29 2993.4 82.497 246.39 3018.9 78.514
2.0583 253.14 2970.9 95.42 225.33 3007.1 82.577 248.93 3031.9 78.442
2.0667 255.44 2984.4 95.609 227.44 3020.8 82.662 251.53 3045 78.364
2.075 257.7 2998 95.789 229.63 3034.6 82.753 254.19 3058 78.271
2.0833 259.92 3011.8 95.952 231.91 3048.4 82.841 256.91 3071.1 78.161
2.0917 262.12 3025.6 96.098 234.28 3062.3 82.924 259.69 3084.2 78.033
2.1 264.31 3039.5 96.224 236.76 3076.2 82.997 262.52 3097.3 77.89
2.1083 266.5 3053.5 96.329 239.34 3090.2 83.057 265.4 3110.5 77.741
2.1167 268.69 3067.5 96.409 242.02 3104.3 83.101 268.29 3123.7 77.596
2.125 270.89 3081.7 96.461 244.82 3118.4 83.124 271.2 3136.9 77.468
2.1333 273.09 3096 96.48 247.72 3132.5 83.126 274.11 3150.2 77.37
2.1417 275.27 3110.4 96.46 250.72 3146.6 83.105 276.99 3163.6 77.311
2.15 277.43 3124.9 96.395 253.8 3160.8 83.063 279.84 3177.1 77.299
2.1583 279.56 3139.5 96.278 256.94 3175 83 282.66 3190.6 77.337
2.1667 281.65 3154.3 96.103 260.13 3189.1 82.922 285.44 3204.2 77.422
2.175 283.7 3169.1 95.866 263.32 3203.3 82.833 288.19 3217.8 77.547
2.1833 285.7 3183.9 95.564 266.49 3217.4 82.742 290.91 3231.5 77.7
2.1917 287.68 3198.6 95.199 269.61 3231.4 82.654 293.62 3245.2 77.863
2.2 289.65 3213.3 94.777 272.62 3245.3 82.58 296.31 3258.9 78.02
2.2083 291.63 3227.7 94.308 275.51 3259.2 82.527 298.99 3272.6 78.153
2.2167 293.67 3242 93.805 278.23 3273 82.502 301.67 3286.3 78.25
2.225 295.78 3256 93.282 280.78 3286.6 82.514 304.32 3300 78.298
2.2333 297.99 3269.7 92.755 283.12 3300.1 82.567 306.94 3313.6 78.293
2.2417 300.29 3283.2 92.244 285.26 3313.5 82.664 309.5 3327.2 78.238
2.25 302.68 3296.4 91.764 287.2 3326.6 82.808 311.98 3340.8 78.139
2.2583 305.17 3309.4 91.326 288.96 3339.6 82.996 314.34 3354.4 78.01
2.2667 307.74 3322.3 90.938 290.55 3352.4 83.225 316.56 3368 77.868
2.275 310.38 3334.9 90.6 292 3365 83.49 318.6 3381.5 77.732
2.2833 313.08 3347.5 90.312 293.34 3377.4 83.784 320.44 3395 77.62
2.2917 315.8 3360 90.067 294.6 3389.6 84.096 322.04 3408.5 77.549
2.3 318.51 3372.5 89.862 295.82 3401.6 84.425 323.41 3422 77.53
2.3083 321.18 3385 89.683 297 3413.5 84.755 324.53 3435.4 77.573
2.3167 323.77 3397.5 89.523 298.18 3425.2 85.086 325.42 3448.8 77.68
2.325 326.24 3410 89.371 299.37 3436.9 85.415 326.1 3462.2 77.847
2.3333 328.57 3422.5 89.216 300.56 3448.5 85.734 326.58 3475.6 78.069
2.3417 330.76 3435 89.053 301.77 3460.1 86.045 326.9 3488.9 78.335
2.35 332.8 3447.4 88.874 302.99 3471.6 86.349 327.1 3502.1 78.633
2.3583 334.69 3459.9 88.678 304.2 3483.2 86.646 327.2 3515.3 78.949
2.3667 336.44 3472.2 88.463 305.4 3494.9 86.941 327.25 3528.4 79.273
2.375 338.08 3484.5 88.231 306.58 3506.6 87.233 327.27 3541.5 79.595
2.3833 339.62 3496.8 87.984 307.72 3518.4 87.523 327.29 3554.4 79.907
2.3917 341.08 3508.9 87.725 308.81 3530.2 87.811 327.33 3567.3 80.204
2.4 342.48 3520.9 87.459 309.85 3542.1 88.093 327.41 3580.2 80.486
2.4083 343.83 3532.9 87.187 310.85 3554.1 88.368 327.52 3593 80.752
2.4167 345.13 3544.9 86.913 311.8 3566.1 88.629 327.67 3605.7 81.006
2.425 346.37 3556.8 86.636 312.71 3578.1 88.871 327.87 3618.3 81.25
2.4333 347.56 3568.7 86.358 313.58 3590.2 89.088 328.11 3630.9 81.487
2.4417 348.69 3580.6 86.078 314.41 3602.3 89.275 328.39 3643.5 81.719
2.45 349.75 3592.7 85.797 315.22 3614.4 89.429 328.7 3656 81.944
2.4583 350.75 3604.8 85.519 316 3626.6 89.546 329.05 3668.4 82.163
2.4667 351.69 3617.1 85.247 316.76 3638.9 89.627 329.43 3680.9 82.37
2.475 352.59 3629.5 84.989 317.49 3651.2 89.672 329.84 3693.2 82.562
2.4833 353.46 3642 84.753 318.2 3663.6 89.687 330.29 3705.6 82.732
2.4917 354.31 3654.6 84.547 318.89 3676 89.676 330.78 3717.9 82.876
2.5 355.17 3667.4 84.377 319.54 3688.5 89.644 331.31 3730.2 82.988
2.5083 356.05 3680.2 84.244 320.17 3701.1 89.599 331.87 3742.5 83.065
2.5167 356.95 3693.1 84.146 320.77 3713.8 89.547 332.45 3754.8 83.107
2.525 357.84 3706.2 84.076 321.35 3726.5 89.495 333.06 3767.1 83.113
2.5333 358.73 3719.3 84.022 321.9 3739.3 89.446 333.68 3779.4 83.088
2.5417 359.56 3732.7 83.975 322.44 3752.2 89.407 334.3 3791.7 83.036
2.55 360.31 3746.1 83.93 322.95 3765.2 89.38 334.9 3804.1 82.965
2.5583 360.97 3759.7 83.885 323.44 3778.2 89.368 335.47 3816.5 82.882
2.5667 361.5 3773.4 83.842 323.91 3791.4 89.371 336 3828.9 82.795
2.575 361.9 3787.1 83.805 324.35 3804.6 89.39 336.47 3841.3 82.712
2.5833 362.18 3800.9 83.772 324.76 3817.9 89.426 336.87 3853.8 82.639
2.5917 362.34 3814.7 83.737 325.14 3831.3 89.477 337.2 3866.3 82.581
2.6 362.41 3828.6 83.697 325.46 3844.9 89.544 337.45 3878.9 82.538
2.6083 362.41 3842.6 83.647 325.72 3858.5 89.624 337.63 3891.5 82.513
2.6167 362.36 3856.7 83.586 325.92 3872.2 89.716 337.74 3904.2 82.502
2.625 362.29 3871 83.513 326.03 3886 89.817 337.77 3916.9 82.503
2.6333 362.23 3885.6 83.436 326.06 3899.9 89.925 337.75 3929.7 82.512
2.6417 362.19 3900.4 83.361 326 3913.8 90.035 337.68 3942.6 82.524
2.65 362.19 3915.4 83.304 325.86 3927.7 90.144 337.56 3955.5 82.537
2.6583 362.24 3930.7 83.28 325.63 3941.7 90.248 337.41 3968.5 82.547
2.6667 362.32 3946.1 83.305 325.33 3955.7 90.343 337.23 3981.5 82.551
2.675 362.42 3961.6 83.395 324.99 3969.6 90.427 337.03 3994.6 82.548
2.6833 362.51 3977.1 83.561 324.61 3983.6 90.495 336.81 4007.7 82.54
2.6917 362.59 3992.5 83.808 324.22 3997.6 90.547 336.58 4020.9 82.527
2.7 362.61 4007.8 84.133 323.85 4011.5 90.581 336.33 4034.1 82.513
2.7083 362.55 4022.8 84.529 323.52 4025.4 90.597 336.08 4047.3 82.501
2.7167 362.42 4037.6 84.983 323.25 4039.3 90.596 335.83 4060.5 82.493
2.725 362.2 4052.1 85.471 323.07 4053.2 90.579 335.58 4073.8 82.493
2.7333 361.91 4066.1 85.97 322.98 4067 90.549 335.33 4087 82.504
2.7417 361.55 4079.9 86.455 323 4080.7 90.509 335.09 4100.3 82.526
2.75 361.15 4093.2 86.908 323.12 4094.4 90.46 334.87 4113.6 82.562
2.7583 360.71 4106.3 87.316 323.35 4108 90.405 334.69 4126.9 82.61
2.7667 360.25 4119.1 87.677 323.66 4121.5 90.344 334.54 4140.3 82.671
2.775 359.78 4131.7 87.991 324.05 4134.8 90.279 334.46 4153.7 82.743
2.7833 359.31 4144.1 88.267 324.51 4147.9 90.21 334.44 4167.2 82.825
2.7917 358.84 4156.5 88.512 325.01 4160.9 90.134 334.51 4180.8 82.914
2.8 358.4 4168.9 88.737 325.54 4173.8 90.052 334.68 4194.4 83.007
2.8083 357.99 4181.2 88.955 326.08 4186.4 89.961 334.95 4208.1 83.103
2.8167 357.63 4193.5 89.177 326.63 4198.9 89.861 335.35 4221.8 83.197
2.825 357.32 4205.8 89.418 327.18 4211.3 89.749 335.87 4235.6 83.286
2.8333 357.09 4218 89.687 327.72 4223.7 89.625 336.52 4249.5 83.365
2.8417 356.95 4230.2 89.994 328.25 4235.9 89.489 337.3 4263.3 83.429
2.85 356.9 4242.4 90.344 328.77 4248.1 89.341 338.22 4277.1 83.474
2.8583 356.94 4254.6 90.74 329.29 4260.4 89.182 339.27 4290.9 83.493
2.8667 357.08 4266.7 91.183 329.81 4272.7 89.014 340.44 4304.6 83.484
2.875 357.3 4278.7 91.669 330.34 4285 88.839 341.73 4318.2 83.44
2.8833 357.6 4290.7 92.196 330.87 4297.4 88.66 343.11 4331.8 83.36
2.8917 357.95 4302.7 92.756 331.42 4309.9 88.48 344.58 4345.3 83.243
2.9 358.35 4314.5 93.345 331.97 4322.4 88.302 346.12 4358.7 83.089
2.9083 358.79 4326.4 93.955 332.54 4335 88.13 347.71 4372 82.901
2.9167 359.24 4338.2 94.58 333.11 4347.7 87.965 349.34 4385.2 82.684
2.925 359.7 4350 95.212 333.69 4360.4 87.811 350.99 4398.4 82.444
2.9333 360.16 4361.7 95.846 334.28 4373.1 87.671 352.65 4411.5 82.189
2.9417 360.63 4373.4 96.476 334.86 4385.9 87.545 354.3 4424.6 81.927
2.95 361.13 4385.1 97.096 335.44 4398.8 87.433 355.93 4437.6 81.665
2.9583 361.66 4396.8 97.701 336.02 4411.6 87.338 357.54 4450.6 81.412
2.9667 362.24 4408.6 98.283 336.6 4424.6 87.258 359.12 4463.6 81.172
2.975 362.89 4420.4 98.835 337.19 4437.6 87.194 360.68 4476.6 80.95
2.9833 363.64 4432.4 99.348 337.79 4450.6 87.145 362.21 4489.5 80.746
2.9917 364.49 4444.5 99.813 338.41 4463.8 87.109 363.72 4502.5 80.559
3 365.45 4456.7 100.22 339.04 4477 87.087 365.22 4515.5 80.386
3.0083 366.52 4469.1 100.57 339.71 4490.4 87.077 366.72 4528.5 80.224
3.0167 367.68 4481.7 100.85 340.41 4503.8 87.078 368.21 4541.5 80.066
3.025 368.94 4494.5 101.08 341.14 4517.2 87.089 369.72 4554.6 79.906
3.0333 370.26 4507.6 101.25 341.92 4530.7 87.108 371.23 4567.7 79.742
3.0417 371.65 4520.8 101.38 342.74 4544.3 87.133 372.76 4580.8 79.569
3.05 373.07 4534.2 101.49 343.6 4557.9 87.162 374.31 4594.1 79.387
3.0583 374.49 4547.8 101.58 344.5 4571.6 87.193 375.87 4607.3 79.197
3.0667 375.86 4561.6 101.67 345.46 4585.3 87.226 377.43 4620.6 79.003
3.075 377.16 4575.4 101.74 346.46 4599 87.254 379.01 4634 78.81
3.0833 378.36 4589.2 101.8 347.51 4612.8 87.275 380.58 4647.4 78.627
3.0917 379.46 4603 101.85 348.62 4626.6 87.285 382.15 4660.9 78.459
3.1 380.47 4616.8 101.88 349.79 4640.5 87.282 383.71 4674.4 78.315
3.1083 381.4 4630.6 101.9 351.03 4654.5 87.262 385.26 4687.9 78.201
3.1167 382.27 4644.4 101.9 352.35 4668.5 87.221 386.81 4701.5 78.119
3.125 383.11 4658.2 101.89 353.75 4682.7 87.159 388.35 4715.1 78.074
3.1333 383.93 4672.2 101.88 355.24 4696.9 87.073 389.9 4728.8 78.062
3.1417 384.75 4686.4 101.85 356.82 4711.3 86.963 391.45 4742.5 78.082
3.15 385.58 4700.8 101.81 358.48 4725.7 86.831 393.02 4756.3 78.129
3.1583 386.42 4715.6 101.76 360.22 4740.1 86.68 394.6 4770.1 78.195
3.1667 387.27 4730.6 101.69 362.04 4754.6 86.515 396.21 4784.1 78.274
3.175 388.11 4745.8 101.58 363.91 4769.1 86.341 397.83 4798.1 78.358
3.1833 388.92 4761.2 101.44 365.81 4783.5 86.167 399.47 4812.2 78.44
3.1917 389.68 4776.6 101.24 367.73 4798 85.999 401.13 4826.4 78.517
3.2 390.37 4792.1 100.99 369.65 4812.3 85.847 402.79 4840.6 78.585
3.2083 391 4807.4 100.7 371.52 4826.6 85.72 404.44 4854.8 78.644
3.2167 391.6 4822.5 100.37 373.34 4840.7 85.624 406.06 4869 78.696
3.225 392.18 4837.3 100 375.07 4854.8 85.568 407.65 4883.1 78.744
3.2333 392.8 4851.9 99.606 376.7 4868.8 85.554 409.19 4897.3 78.791
3.2417 393.48 4866.1 99.19 378.2 4882.7 85.588 410.66 4911.3 78.842
3.25 394.21 4880 98.763 379.57 4896.5 85.669 412.06 4925.3 78.9
3.2583 395 4893.5 98.334 380.8 4910.2 85.795 413.37 4939.2 78.968
3.2667 395.84 4906.8 97.91 381.88 4923.8 85.964 414.6 4953 79.045
3.275 396.76 4919.8 97.495 382.82 4937.3 86.168 415.72 4966.8 79.131
3.2833 397.77 4932.6 97.088 383.62 4950.7 86.402 416.76 4980.6 79.224
3.2917 398.9 4945.3 96.688 384.3 4964 86.655 417.69 4994.5 79.319
3.3 400.14 4957.9 96.292 384.86 4977.2 86.918 418.53 5008.3 79.414
3.3083 401.47 4970.5 95.901 385.32 4990.2 87.184 419.26 5022.2 79.504
3.3167 402.88 4983.1 95.514 385.69 5003.2 87.443 419.89 5036.3 79.586
3.325 404.31 4995.7 95.132 386 5016.1 87.686 420.41 5050.4 79.659
3.3333 405.74 5008.2 94.757 386.25 5028.8 87.917 420.81 5064.7 79.725
3.3417 407.12 5020.7 94.386 386.46 5041.5 88.123 421.08 5079 79.784
3.35 408.39 5033.2 94.021 386.64 5054.2 88.308 421.22 5093.4 79.844
3.3583 409.52 5045.5 93.662 386.81 5066.8 88.471 421.21 5107.9 79.908
3.3667 410.48 5057.8 93.307 386.96 5079.4 88.616 421.05 5122.4 79.985
3.375 411.24 5069.9 92.957 387.1 5092.1 88.746 420.74 5136.9 80.079
3.3833 411.8 5081.9 92.611 387.24 5104.7 88.866 420.28 5151.3 80.199
3.3917 412.16 5093.8 92.266 387.37 5117.3 88.98 419.67 5165.7 80.346
3.4 412.37 5105.7 91.922 387.5 5130 89.091 418.93 5180 80.524
3.4083 412.44 5117.4 91.577 387.63 5142.8 89.201 418.07 5194.2 80.733
3.4167 412.43 5129.2 91.23 387.74 5155.6 89.31 417.11 5208.4 80.971
3.425 412.36 5141 90.877 387.85 5168.4 89.415 416.08 5222.4 81.232
3.4333 412.27 5152.8 90.515 387.94 5181.2 89.515 415.01 5236.4 81.512
3.4417 412.19 5164.7 90.142 388 5194.2 89.603 413.91 5250.2 81.804
3.45 412.14 5176.7 89.757 388.04 5207.1 89.673 412.82 5264.1 82.1
3.4583 412.13 5188.8 89.359 388.05 5220.1 89.721 411.76 5277.9 82.392
3.4667 412.15 5200.9 88.95 388.02 5233.2 89.741 410.74 5291.7 82.674
3.475 412.2 5213.2 88.533 387.96 5246.4 89.729 409.79 5305.5 82.94
3.4833 412.26 5225.5 88.116 387.85 5259.6 89.684 408.91 5319.3 83.187
3.4917 412.32 5237.9 87.707 387.71 5272.9 89.607 408.1 5333.1 83.409
3.5 412.36 5250.4 87.317 387.52 5286.3 89.501 407.37 5346.9 83.607
3.5083 412.37 5262.9 86.955 387.31 5299.9 89.372 406.71 5360.8 83.78
3.5167 412.33 5275.5 86.628 387.06 5313.5 89.227 406.1 5374.6 83.929
3.525 412.26 5288.2 86.337 386.78 5327.2 89.074 405.53 5388.5 84.055
3.5333 412.13 5300.9 86.08 386.48 5341 88.921 404.99 5402.3 84.162
3.5417 411.97 5313.8 85.848 386.17 5354.9 88.776 404.47 5416.2 84.251
3.55 411.77 5326.8 85.629 385.83 5368.8 88.644 403.94 5430.1 84.326
3.5583 411.54 5340 85.412 385.47 5382.9 88.532 403.39 5444 84.389
3.5667 411.29 5353.5 85.185 385.09 5397 88.442 402.81 5457.9 84.442
3.575 411.02 5367.1 84.942 384.69 5411.1 88.375 402.19 5471.8 84.487
3.5833 410.73 5380.9 84.683 384.24 5425.3 88.333 401.52 5485.8 84.523
3.5917 410.4 5394.9 84.406 383.75 5439.6 88.313 400.78 5499.7 84.553
3.6 410.03 5409 84.116 383.19 5454 88.315 399.99 5513.7 84.575
3.6083 409.6 5423.2 83.819 382.56 5468.4 88.336 399.13 5527.8 84.588
3.6167 409.1 5437.6 83.517 381.86 5482.9 88.373 398.21 5541.8 84.589
3.625 408.53 5452.2 83.222 381.06 5497.6 88.426 397.23 5556 84.578
3.6333 407.89 5467 82.947 380.15 5512.3 88.492 396.19 5570.1 84.55
3.6417 407.19 5481.9 82.704 379.15 5527.2 88.57 395.1 5584.4 84.505
3.65 406.46 5497 82.51 378.04 5542.2 88.659 393.96 5598.6 84.441
3.6583 405.71 5512.4 82.382 376.84 5557.3 88.76 392.78 5613 84.357
3.6667 404.97 5527.9 82.334 375.55 5572.5 88.872 391.55 5627.3 84.257
3.675 404.26 5543.5 82.382 374.19 5587.8 88.997 390.28 5641.7 84.144
3.6833 403.59 5559.2 82.536 372.8 5603.1 89.135 388.98 5656.1 84.024
3.6917 402.96 5575 82.8 371.38 5618.5 89.284 387.63 5670.5 83.905
3.7 402.36 5590.8 83.173 369.97 5633.9 89.447 386.24 5684.9 83.797
3.7083 401.77 5606.5 83.649 368.61 5649.3 89.62 384.82 5699.3 83.709
3.7167 401.16 5622.1 84.215 367.32 5664.6 89.802 383.36 5713.6 83.654
3.725 400.5 5637.4 84.852 366.13 5679.8 89.99 381.88 5727.8 83.639
3.7333 399.76 5652.6 85.538 365.07 5694.9 90.18 380.38 5742 83.674
3.7417 398.93 5667.4 86.245 364.15 5709.8 90.368 378.88 5756.1 83.763
3.75 397.98 5682 86.949 363.39 5724.5 90.55 377.39 5770.2 83.909
3.7583 396.93 5696.2 87.626 362.8 5738.9 90.722 375.94 5784.1 84.109
3.7667 395.77 5710.1 88.262 362.38 5753.1 90.879 374.56 5798 84.355
3.775 394.52 5723.8 88.851 362.12 5767 91.018 373.28 5811.8 84.638
3.7833 393.21 5737.2 89.396 362.01 5780.5 91.138 372.12 5825.5 84.944
3.7917 391.84 5750.5 89.893 362.03 5793.8 91.236 371.12 5839.2 85.254
3.8 390.47 5763.7 90.357 362.17 5806.8 91.311 370.31 5852.8 85.551
3.8083 389.12 5776.8 90.793 362.39 5819.4 91.362 369.72 5866.4 85.816
3.8167 387.82 5789.8 91.21 362.68 5831.9 91.391 369.36 5879.9 86.036
3.825 386.6 5802.8 91.616 363.02 5844.1 91.397 369.25 5893.3 86.197
3.8333 385.5 5815.8 92.013 363.39 5856.1 91.381 369.38 5906.6 86.294
3.8417 384.53 5828.7 92.41 363.76 5868.1 91.344 369.76 5919.8 86.325
3.85 383.7 5841.5 92.804 364.13 5879.9 91.288 370.36 5933 86.293
3.8583 383.05 5854.3 93.193 364.49 5891.7 91.214 371.16 5946 86.207
3.8667 382.55 5867 93.575 364.84 5903.5 91.124 372.12 5958.9 86.077
3.875 382.22 5879.6 93.949 365.18 5915.4 91.02 373.21 5971.6 85.915
3.8833 382.04 5892.1 94.312 365.5 5927.2 90.904 374.39 5984.3 85.733
3.8917 382 5904.5 94.665 365.83 5939.2 90.778 375.63 5996.8 85.543
