0.0083333 -15.567 6.4608 97.385 -40.645 93.045 85.755 -23.492 56.22 79.428
0.016667 -14.307 13.797 97.431 -39.602 101.87 85.767 -21.956 65.041 79.453
0.025 -12.975 21.414 97.475 -38.483 110.81 85.771 -20.384 73.956 79.489
0.033333 -11.586 29.332 97.514 -37.278 119.88 85.765 -18.78 82.964 79.536
0.041667 -10.162 37.568 97.546 -35.98 129.08 85.746 -17.147 92.055 79.596
0.05 -8.7213 46.136 97.57 -34.583 138.43 85.713 -15.488 101.22 79.668
0.058333 -7.281 55.044 97.588 -33.089 147.91 85.661 -13.805 110.43 79.754
0.066667 -5.8494 64.294 97.602 -31.5 157.54 85.588 -12.101 119.69 79.853
0.075 -4.4258 73.884 97.615 -29.823 167.3 85.495 -10.377 128.97 79.964
0.083333 -3.0091 83.793 97.63 -28.073 177.16 85.378 -8.6331 138.26 80.084
0.091667 -1.5888 94.003 97.648 -26.266 187.1 85.243 -6.8709 147.55 80.208
0.1 -0.15448 104.48 97.672 -24.423 197.09 85.094 -5.0901 156.86 80.33
0.10833 1.3031 115.16 97.699 -22.57 207.1 84.933 -3.2914 166.19 80.443
0.11667 2.8002 126.01 97.727 -20.73 217.1 84.775 -1.476 175.56 80.538
0.125 4.3492 136.96 97.752 -18.927 227.05 84.63 0.35371 184.99 80.607
0.13333 5.9615 147.95 97.771 -17.185 236.94 84.509 2.1935 194.49 80.642
0.14167 7.6471 158.94 97.779 -15.524 246.73 84.426 4.0376 204.1 80.638
0.15 9.4095 169.88 97.772 -13.96 256.42 84.392 5.8772 213.82 80.592
0.15833 11.244 180.73 97.749 -12.505 266 84.417 7.7023 223.65 80.505
0.16667 13.14 191.47 97.704 -11.167 275.46 84.507 9.4995 233.6 80.38
0.175 15.074 202.1 97.635 -9.9491 284.81 84.665 11.254 243.66 80.226
0.18333 17.018 212.6 97.541 -8.8519 294.06 84.889 12.95 253.8 80.05
0.19167 18.94 223 97.42 -7.8724 303.21 85.174 14.57 264.01 79.863
0.2 20.805 233.29 97.271 -7.0066 312.27 85.509 16.097 274.26 79.677
0.20833 22.585 243.5 97.093 -6.2479 321.26 85.886 17.513 284.51 79.501
0.21667 24.257 253.65 96.888 -5.5897 330.18 86.292 18.802 294.76 79.344
0.225 25.8 263.73 96.66 -5.0251 339.04 86.713 19.949 304.98 79.214
0.23333 27.205 273.76 96.414 -4.5463 347.85 87.141 20.94 315.16 79.116
0.24167 28.467 283.74 96.156 -4.1461 356.62 87.566 21.765 325.3 79.056
0.25 29.586 293.65 95.892 -3.8177 365.34 87.983 22.414 335.42 79.035
0.25833 30.566 303.48 95.629 -3.5546 374.04 88.389 22.882 345.51 79.056
0.26667 31.416 313.23 95.372 -3.3515 382.72 88.783 23.164 355.61 79.12
0.275 32.141 322.89 95.125 -3.2028 391.38 89.168 23.26 365.72 79.229
0.28333 32.746 332.44 94.89 -3.1046 400.05 89.546 23.169 375.87 79.383
0.29167 33.233 341.88 94.669 -3.0528 408.74 89.921 22.898 386.06 79.582
0.3 33.596 351.21 94.464 -3.0437 417.46 90.294 22.453 396.31 79.826
0.30833 33.833 360.44 94.275 -3.0746 426.23 90.668 21.842 406.61 80.114
0.31667 33.938 369.57 94.102 -3.143 435.05 91.042 21.078 416.96 80.442
0.325 33.91 378.63 93.945 -3.247 443.94 91.413 20.174 427.35 80.809
0.33333 33.759 387.63 93.805 -3.3849 452.9 91.776 19.147 437.76 81.208
0.34167 33.496 396.59 93.681 -3.556 461.92 92.126 18.015 448.17 81.634
0.35 33.14 405.55 93.571 -3.7596 471.01 92.458 16.794 458.58 82.081
0.35833 32.716 414.51 93.476 -3.9961 480.17 92.764 15.505 468.96 82.541
0.36667 32.248 423.49 93.392 -4.2659 489.38 93.041 14.165 479.3 83.007
0.375 31.762 432.48 93.318 -4.5702 498.65 93.286 12.791 489.6 83.472
0.38333 31.281 441.49 93.249 -4.9099 507.96 93.498 11.4 499.86 83.929
0.39167 30.822 450.5 93.183 -5.2872 517.33 93.679 10.006 510.07 84.374
0.4 30.396 459.5 93.115 -5.7043 526.75 93.832 8.6203 520.26 84.801
0.40833 30.006 468.49 93.042 -6.1633 536.22 93.964 7.2547 530.42 85.209
0.41667 29.648 477.44 92.96 -6.6674 545.75 94.08 5.9174 540.58 85.594
0.425 29.307 486.36 92.867 -7.2187 555.35 94.186 4.6156 550.73 85.958
0.43333 28.969 495.25 92.763 -7.8193 565.02 94.288 3.3545 560.9 86.298
0.44167 28.616 504.11 92.65 -8.4704 574.76 94.389 2.1379 571.07 86.616
0.45 28.226 512.96 92.531 -9.1723 584.58 94.492 0.96842 581.27 86.91
0.45833 27.781 521.82 92.411 -9.9229 594.48 94.595 -0.15358 591.49 87.18
0.46667 27.261 530.73 92.292 -10.722 604.45 94.7 -1.2285 601.74 87.426
0.475 26.658 539.71 92.185 -11.564 614.5 94.802 -2.2605 612 87.645
0.48333 25.964 548.8 92.093 -12.446 624.63 94.899 -3.255 622.28 87.836
0.49167 25.169 558.03 92.02 -13.363 634.83 94.988 -4.2208 632.57 87.999
0.5 24.277 567.42 91.969 -14.311 645.1 95.067 -5.1689 642.87 88.134
0.50833 23.282 577 91.94 -15.29 655.46 95.138 -6.1135 653.18 88.241
0.51667 22.2 586.77 91.935 -16.298 665.92 95.202 -7.0705 663.5 88.323
0.525 21.028 596.74 91.951 -17.339 676.47 95.262 -8.0574 673.82 88.384
0.53333 19.784 606.89 91.985 -18.42 687.13 95.324 -9.0925 684.15 88.429
0.54167 18.472 617.24 92.034 -19.552 697.92 95.392 -10.193 694.49 88.464
0.55 17.111 627.76 92.088 -20.749 708.84 95.474 -11.374 704.85 88.495
0.55833 15.697 638.47 92.144 -22.028 719.9 95.572 -12.649 715.22 88.528
0.56667 14.249 649.39 92.194 -23.407 731.11 95.691 -14.027 725.62 88.567
0.575 12.765 660.55 92.23 -24.907 742.45 95.832 -15.513 736.06 88.614
0.58333 11.253 671.96 92.249 -26.546 753.92 95.993 -17.108 746.54 88.668
0.59167 9.7143 683.67 92.247 -28.336 765.5 96.169 -18.808 757.07 88.727
0.6 8.1509 695.7 92.225 -30.286 777.17 96.352 -20.609 767.66 88.785
0.60833 6.5682 708.08 92.187 -32.397 788.91 96.535 -22.501 778.32 88.835
0.61667 4.9644 720.8 92.141 -34.662 800.68 96.708 -24.477 789.04 88.868
0.625 3.3445 733.85 92.097 -37.065 812.49 96.865 -26.529 799.84 88.877
0.63333 1.7107 747.2 92.069 -39.583 824.3 96.999 -28.651 810.71 88.856
0.64167 0.062296 760.78 92.068 -42.186 836.1 97.109 -30.839 821.65 88.803
0.65 -1.6009 774.52 92.107 -44.84 847.9 97.192 -33.092 832.65 88.718
0.65833 -3.2914 788.33 92.195 -47.508 859.7 97.251 -35.411 843.7 88.606
0.66667 -5.0172 802.12 92.339 -50.153 871.48 97.291 -37.799 854.79 88.478
0.675 -6.7944 815.8 92.538 -52.74 883.26 97.316 -40.259 865.9 88.345
0.68333 -8.6338 829.3 92.79 -55.239 895.04 97.335 -42.792 877.04 88.222
0.69167 -10.543 842.55 93.086 -57.628 906.81 97.352 -45.398 888.18 88.125
0.7 -12.526 855.51 93.418 -59.891 918.56 97.373 -48.071 899.31 88.068
0.70833 -14.583 868.14 93.774 -62.021 930.28 97.403 -50.803 910.44 88.062
0.71667 -16.707 880.45 94.146 -64.021 941.95 97.442 -53.579 921.56 88.115
0.725 -18.905 892.46 94.528 -65.899 953.53 97.49 -56.38 932.67 88.23
0.73333 -21.18 904.22 94.919 -67.669 965 97.543 -59.183 943.77 88.406
0.74167 -23.542 915.78 95.319 -69.35 976.33 97.599 -61.962 954.88 88.634
0.75 -25.992 927.2 95.73 -70.961 987.5 97.652 -64.691 966 88.903
0.75833 -28.531 938.53 96.153 -72.521 998.49 97.697 -67.344 977.15 89.2
0.76667 -31.148 949.81 96.589 -74.049 1009.3 97.73 -69.901 988.33 89.509
0.775 -33.825 961.07 97.039 -75.557 1019.9 97.749 -72.344 999.55 89.814
0.78333 -36.535 972.31 97.503 -77.058 1030.4 97.751 -74.662 1010.8 90.101
0.79167 -39.248 983.52 97.981 -78.56 1040.7 97.738 -76.851 1022.1 90.36
0.8 -41.928 994.71 98.472 -80.067 1050.9 97.713 -78.912 1033.5 90.583
0.80833 -44.539 1005.8 98.974 -81.582 1061 97.679 -80.853 1045 90.768
0.81667 -47.053 1016.9 99.484 -83.106 1071.1 97.639 -82.685 1056.4 90.915
0.825 -49.446 1027.9 99.999 -84.641 1081.2 97.599 -84.421 1067.9 91.028
0.83333 -51.699 1038.8 100.52 -86.186 1091.4 97.563 -86.078 1079.5 91.111
0.84167 -53.811 1049.6 101.04 -87.742 1101.5 97.532 -87.67 1091 91.172
0.85 -55.785 1060.3 101.56 -89.311 1111.8 97.508 -89.209 1102.5 91.216
0.85833 -57.637 1070.9 102.08 -90.896 1122.1 97.493 -90.708 1114.1 91.248
0.86667 -59.387 1081.5 102.6 -92.498 1132.4 97.487 -92.174 1125.6 91.27
0.875 -61.06 1092 103.13 -94.121 1142.9 97.489 -93.612 1137.1 91.284
0.88333 -62.679 1102.5 103.67 -95.769 1153.3 97.5 -95.027 1148.6 91.29
0.89167 -64.263 1113 104.23 -97.442 1163.8 97.518 -96.42 1160 91.284
0.9 -65.828 1123.4 104.8 -99.145 1174.4 97.546 -97.792 1171.5 91.266
0.90833 -67.383 1133.9 105.38 -100.88 1184.9 97.584 -99.147 1182.9 91.23
0.91667 -68.93 1144.3 105.98 -102.64 1195.5 97.634 -100.49 1194.2 91.176
0.925 -70.464 1154.7 106.6 -104.43 1206 97.7 -101.81 1205.6 91.104
0.93333 -71.979 1165 107.23 -106.26 1216.6 97.781 -103.13 1216.9 91.012
0.94167 -73.46 1175.4 107.87 -108.11 1227.2 97.881 -104.45 1228.2 90.904
0.95 -74.9 1185.8 108.51 -109.99 1237.9 97.999 -105.78 1239.4 90.782
0.95833 -76.283 1196.3 109.15 -111.9 1248.6 98.136 -107.11 1250.7 90.652
0.96667 -77.604 1206.8 109.77 -113.84 1259.5 98.289 -108.47 1261.9 90.516
0.975 -78.86 1217.5 110.38 -115.81 1270.4 98.455 -109.84 1273 90.38
0.98333 -80.052 1228.2 110.98 -117.81 1281.4 98.632 -111.23 1284.2 90.246
0.99167 -81.19 1239.1 111.55 -119.82 1292.6 98.816 -112.65 1295.3 90.116
1 -82.286 1250.2 112.09 -121.86 1303.8 99 -114.07 1306.4 89.99
1.0083 -83.359 1261.4 112.61 -123.92 1315.1 99.19 -115.51 1317.6 89.867
1.0167 -84.432 1272.8 113.1 -125.99 1326.5 99.377 -116.96 1328.7 89.744
1.025 -85.536 1284.3 113.58 -128.07 1337.9 99.561 -118.4 1339.8 89.618
1.0333 -86.698 1296 114.03 -130.14 1349.4 99.749 -119.83 1351 89.486
1.0417 -87.952 1307.7 114.47 -132.21 1360.9 99.937 -121.25 1362.2 89.345
1.05 -89.319 1319.5 114.87 -134.25 1372.4 100.13 -122.66 1373.5 89.194
1.0583 -90.804 1331.3 115.25 -136.26 1383.9 100.33 -124.05 1384.8 89.033
1.0667 -92.397 1343 115.58 -138.24 1395.5 100.54 -125.42 1396.2 88.865
1.075 -94.082 1354.7 115.87 -140.18 1407 100.75 -126.78 1407.6 88.692
1.0833 -95.842 1366.3 116.1 -142.07 1418.6 100.97 -128.13 1419.1 88.52
1.0917 -97.666 1377.9 116.27 -143.91 1430.2 101.19 -129.49 1430.6 88.358
1.1 -99.548 1389.4 116.4 -145.71 1441.8 101.41 -130.85 1442.2 88.21
1.1083 -101.49 1401.1 116.48 -147.47 1453.6 101.62 -132.22 1453.9 88.084
1.1167 -103.5 1412.8 116.53 -149.19 1465.4 101.81 -133.62 1465.5 87.986
1.125 -105.6 1424.7 116.56 -150.87 1477.4 101.98 -135.03 1477.2 87.918
1.1333 -107.78 1436.8 116.57 -152.53 1489.4 102.12 -136.48 1489 87.884
1.1417 -110.06 1449.2 116.57 -154.17 1501.6 102.24 -137.96 1500.7 87.883
1.15 -112.44 1461.9 116.58 -155.81 1513.9 102.32 -139.47 1512.5 87.911
1.1583 -114.92 1474.8 116.57 -157.45 1526.3 102.37 -141.02 1524.3 87.965
1.1667 -117.48 1488 116.56 -159.1 1538.8 102.41 -142.6 1536 88.036
1.175 -120.13 1501.3 116.53 -160.79 1551.3 102.43 -144.23 1547.8 88.118
1.1833 -122.84 1514.6 116.49 -162.52 1563.8 102.45 -145.9 1559.6 88.203
1.1917 -125.61 1527.9 116.43 -164.31 1576.3 102.48 -147.62 1571.3 88.281
1.2 -128.41 1541.2 116.35 -166.17 1588.7 102.52 -149.39 1583.1 88.347
1.2083 -131.21 1554.3 116.26 -168.11 1601.1 102.59 -151.22 1594.9 88.394
1.2167 -133.98 1567.2 116.17 -170.14 1613.3 102.7 -153.11 1606.6 88.419
1.225 -136.69 1580 116.08 -172.28 1625.4 102.85 -155.08 1618.4 88.419
1.2333 -139.33 1592.5 116.01 -174.51 1637.4 103.05 -157.12 1630.1 88.395
1.2417 -141.88 1604.9 115.96 -176.85 1649.2 103.29 -159.24 1641.8 88.35
1.25 -144.37 1617.2 115.93 -179.3 1660.8 103.58 -161.47 1653.5 88.287
1.2583 -146.82 1629.2 115.93 -181.84 1672.3 103.91 -163.79 1665.2 88.211
1.2667 -149.24 1641.2 115.97 -184.49 1683.5 104.27 -166.23 1676.8 88.129
1.275 -151.66 1653 116.03 -187.22 1694.6 104.66 -168.79 1688.5 88.046
1.2833 -154.09 1664.8 116.12 -190.03 1705.4 105.08 -171.48 1700 87.97
1.2917 -156.54 1676.6 116.22 -192.91 1716.2 105.51 -174.31 1711.6 87.905
1.3 -159.03 1688.3 116.33 -195.86 1726.8 105.96 -177.28 1723.1 87.858
1.3083 -161.55 1700 116.44 -198.86 1737.2 106.43 -180.4 1734.6 87.832
1.3167 -164.14 1711.6 116.54 -201.92 1747.5 106.91 -183.68 1746 87.829
1.325 -166.8 1723.1 116.62 -205.02 1757.8 107.41 -187.12 1757.4 87.853
1.3333 -169.56 1734.6 116.66 -208.18 1768 107.92 -190.71 1768.8 87.903
1.3417 -172.42 1745.9 116.68 -211.39 1778.1 108.45 -194.46 1780.1 87.98
1.35 -175.41 1757 116.66 -214.65 1788.2 109 -198.36 1791.4 88.08
1.3583 -178.52 1767.9 116.61 -217.97 1798.2 109.56 -202.39 1802.7 88.201
1.3667 -181.77 1778.7 116.53 -221.35 1808.3 110.14 -206.54 1814 88.34
1.375 -185.15 1789.3 116.43 -224.81 1818.4 110.72 -210.81 1825.2 88.492
1.3833 -188.66 1799.6 116.32 -228.33 1828.4 111.3 -215.17 1836.3 88.653
1.3917 -192.28 1809.9 116.21 -231.93 1838.5 111.88 -219.61 1847.4 88.818
1.4 -196 1820 116.1 -235.61 1848.6 112.45 -224.12 1858.5 88.984
1.4083 -199.8 1830 116 -239.36 1858.7 112.99 -228.68 1869.5 89.146
1.4167 -203.67 1839.9 115.9 -243.19 1868.9 113.51 -233.29 1880.5 89.304
1.425 -207.6 1849.9 115.82 -247.09 1879 113.98 -237.94 1891.4 89.455
1.4333 -211.58 1859.8 115.75 -251.06 1889.1 114.44 -242.61 1902.2 89.599
1.4417 -215.59 1869.7 115.68 -255.1 1899.3 114.84 -247.3 1913 89.736
1.45 -219.64 1879.7 115.61 -259.2 1909.4 115.21 -252.02 1923.7 89.867
1.4583 -223.71 1889.7 115.52 -263.37 1919.6 115.55 -256.76 1934.4 89.992
1.4667 -227.81 1899.8 115.42 -267.6 1929.8 115.84 -261.51 1945 90.112
1.475 -231.93 1909.9 115.31 -271.89 1940 116.11 -266.28 1955.5 90.225
1.4833 -236.08 1920 115.17 -276.25 1950.3 116.34 -271.05 1966 90.329
1.4917 -240.27 1930.2 115.03 -280.68 1960.6 116.54 -275.83 1976.5 90.421
1.5 -244.5 1940.5 114.87 -285.18 1970.9 116.72 -280.61 1987 90.498
1.5083 -248.76 1950.7 114.72 -289.75 1981.2 116.87 -285.38 1997.4 90.552
1.5167 -253.08 1961 114.58 -294.4 1991.6 116.99 -290.13 2007.8 90.58
1.525 -257.46 1971.3 114.45 -299.13 2002 117.08 -294.87 2018.3 90.576
1.5333 -261.91 1981.7 114.33 -303.93 2012.5 117.15 -299.6 2028.7 90.535
1.5417 -266.47 1992.1 114.24 -308.81 2023 117.19 -304.31 2039.2 90.456
1.55 -271.15 2002.6 114.15 -313.77 2033.6 117.21 -309.02 2049.6 90.339
1.5583 -275.97 2013.1 114.08 -318.8 2044.2 117.21 -313.72 2060.1 90.186
1.5667 -280.95 2023.7 114 -323.91 2054.8 117.19 -318.45 2070.6 90
1.575 -286.08 2034.4 113.92 -329.09 2065.5 117.15 -323.2 2081.1 89.79
1.5833 -291.37 2045.1 113.83 -334.33 2076.3 117.1 -327.99 2091.7 89.56
1.5917 -296.82 2055.8 113.74 -339.64 2087.1 117.04 -332.84 2102.2 89.32
1.6 -302.43 2066.6 113.63 -345.02 2097.9 116.97 -337.75 2112.8 89.074
1.6083 -308.2 2077.4 113.51 -350.46 2108.8 116.91 -342.73 2123.4 88.828
1.6167 -314.12 2088.2 113.37 -355.97 2119.7 116.84 -347.79 2134 88.583
1.625 -320.22 2099.1 113.23 -361.56 2130.6 116.77 -352.91 2144.6 88.337
1.6333 -326.5 2110.1 113.07 -367.22 2141.6 116.71 -358.09 2155.2 88.086
1.6417 -332.96 2121.2 112.9 -372.96 2152.6 116.65 -363.31 2165.9 87.824
1.65 -339.59 2132.4 112.73 -378.79 2163.5 116.59 -368.57 2176.6 87.543
1.6583 -346.42 2143.8 112.58 -384.69 2174.5 116.53 -373.85 2187.3 87.233
1.6667 -353.42 2155.3 112.44 -390.67 2185.5 116.47 -379.13 2198.1 86.89
1.675 -360.59 2167.1 112.33 -396.73 2196.5 116.42 -384.41 2209 86.507
1.6833 -367.9 2179 112.25 -402.84 2207.5 116.37 -389.67 2219.9 86.084
1.6917 -375.31 2191 112.22 -409 2218.5 116.31 -394.91 2230.8 85.625
1.7 -382.78 2203.1 112.22 -415.2 2229.6 116.24 -400.14 2241.8 85.137
1.7083 -390.27 2215.2 112.27 -421.39 2240.7 116.17 -405.35 2252.9 84.631
1.7167 -397.73 2227.3 112.36 -427.57 2251.9 116.08 -410.55 2264 84.121
1.725 -405.12 2239.3 112.47 -433.7 2263.1 115.97 -415.74 2275.1 83.621
1.7333 -412.4 2251.1 112.6 -439.76 2274.4 115.84 -420.92 2286.3 83.146
1.7417 -419.54 2262.6 112.73 -445.72 2285.8 115.66 -426.09 2297.4 82.707
1.75 -426.5 2274 112.83 -451.56 2297.3 115.44 -431.25 2308.6 82.311
1.7583 -433.27 2285 112.9 -457.26 2308.7 115.17 -436.37 2319.7 81.964
1.7667 -439.83 2295.9 112.91 -462.79 2320.2 114.84 -441.45 2330.9 81.665
1.775 -446.18 2306.5 112.86 -468.16 2331.8 114.44 -446.46 2342.1 81.408
1.7833 -452.33 2316.9 112.74 -473.34 2343.3 113.97 -451.38 2353.3 81.185
1.7917 -458.27 2327.2 112.57 -478.33 2354.7 113.43 -456.18 2364.5 80.985
1.8 -464.01 2337.5 112.34 -483.14 2366.1 112.82 -460.83 2375.8 80.794
1.8083 -469.53 2347.7 112.06 -487.76 2377.4 112.14 -465.32 2387.1 80.6
1.8167 -474.81 2357.9 111.75 -492.2 2388.5 111.4 -469.62 2398.5 80.393
1.825 -479.83 2368.2 111.42 -496.47 2399.6 110.61 -473.71 2410 80.162
1.8333 -484.58 2378.5 111.07 -500.58 2410.6 109.78 -477.6 2421.5 79.902
1.8417 -489.05 2388.8 110.71 -504.54 2421.5 108.92 -481.28 2433.2 79.612
1.85 -493.24 2399.2 110.36 -508.35 2432.3 108.03 -484.75 2444.9 79.291
1.8583 -497.17 2409.6 110.01 -512.02 2443.1 107.14 -488.02 2456.7 78.945
1.8667 -500.84 2420 109.68 -515.57 2453.8 106.23 -491.1 2468.6 78.577
1.875 -504.29 2430.3 109.37 -519.01 2464.6 105.33 -493.99 2480.5 78.195
1.8833 -507.53 2440.7 109.06 -522.33 2475.3 104.42 -496.72 2492.4 77.803
1.8917 -510.59 2450.9 108.78 -525.55 2486.1 103.52 -499.29 2504.4 77.406
1.9 -513.5 2461.2 108.5 -528.66 2496.9 102.62 -501.71 2516.4 77.007
1.9083 -516.3 2471.3 108.22 -531.68 2507.8 101.72 -504.01 2528.3 76.608
1.9167 -519.01 2481.5 107.96 -534.6 2518.7 100.83 -506.19 2540.2 76.207
1.925 -521.69 2491.5 107.69 -537.42 2529.7 99.928 -508.27 2552 75.804
1.9333 -524.36 2501.6 107.43 -540.14 2540.8 99.03 -510.26 2563.8 75.396
1.9417 -527.05 2511.6 107.17 -542.77 2551.9 98.135 -512.17 2575.5 74.983
1.95 -529.78 2521.5 106.92 -545.32 2563 97.249 -514.01 2587.1 74.561
1.9583 -532.55 2531.5 106.67 -547.78 2574.1 96.374 -515.81 2598.7 74.129
1.9667 -535.35 2541.4 106.43 -550.16 2585.2 95.523 -517.57 2610.2 73.688
1.975 -538.18 2551.3 106.2 -552.46 2596.4 94.7 -519.29 2621.7 73.238
1.9833 -541 2561.2 105.98 -554.68 2607.5 93.915 -520.98 2633.1 72.78
1.9917 -543.81 2571.1 105.78 -556.83 2618.7 93.174 -522.65 2644.4 72.317
2 -546.58 2581.1 105.59 -558.9 2630 92.484 -524.29 2655.8 71.85
2.0083 -549.29 2591.2 105.41 -560.89 2641.3 91.846 -525.89 2667.1 71.383
2.0167 -551.92 2601.3 105.26 -562.8 2652.7 91.264 -527.46 2678.4 70.918
2.025 -554.45 2611.6 105.11 -564.63 2664.2 90.743 -528.96 2689.7 70.458
2.0333 -556.86 2621.9 104.98 -566.37 2675.7 90.262 -530.4 2701.1 70.005
2.0417 -559.15 2632.4 104.85 -568.03 2687.3 89.835 -531.76 2712.4 69.562
2.05 -561.31 2642.9 104.73 -569.59 2699 89.454 -533.04 2723.8 69.13
2.0583 -563.32 2653.6 104.61 -571.06 2710.7 89.118 -534.21 2735.3 68.712
2.0667 -565.21 2664.4 104.49 -572.43 2722.5 88.813 -535.29 2746.7 68.309
2.075 -566.96 2675.3 104.37 -573.71 2734.4 88.539 -536.26 2758.2 67.922
2.0833 -568.59 2686.4 104.25 -574.88 2746.3 88.298 -537.12 2769.7 67.552
2.0917 -570.13 2697.7 104.14 -575.94 2758.2 88.085 -537.88 2781.2 67.2
2.1 -571.6 2709.2 104.02 -576.88 2770.1 87.9 -538.53 2792.8 66.866
2.1083 -573.02 2720.8 103.92 -577.69 2782.1 87.736 -539.07 2804.4 66.549
2.1167 -574.41 2732.5 103.82 -578.37 2794.2 87.595 -539.51 2816 66.248
2.125 -575.79 2744.4 103.72 -578.9 2806.3 87.473 -539.83 2827.6 65.963
2.1333 -577.14 2756.5 103.63 -579.28 2818.4 87.368 -540.03 2839.2 65.691
2.1417 -578.46 2768.7 103.54 -579.49 2830.6 87.272 -540.11 2850.9 65.433
2.15 -579.73 2781.1 103.45 -579.52 2842.8 87.182 -540.06 2862.6 65.186
2.1583 -580.94 2793.8 103.36 -579.38 2855.2 87.092 -539.86 2874.3 64.952
2.1667 -582.08 2806.7 103.28 -579.06 2867.6 86.994 -539.51 2886 64.729
2.175 -583.12 2819.8 103.19 -578.57 2880 86.883 -539.02 2897.7 64.517
2.1833 -584.07 2833.3 103.1 -577.91 2892.6 86.756 -538.37 2909.5 64.317
2.1917 -584.9 2846.9 102.99 -577.09 2905.1 86.608 -537.58 2921.2 64.127
2.2 -585.6 2860.8 102.86 -576.12 2917.7 86.438 -536.65 2932.9 63.947
2.2083 -586.17 2874.8 102.67 -575.04 2930.4 86.246 -535.61 2944.6 63.773
2.2167 -586.58 2889 102.44 -573.85 2943 86.036 -534.45 2956.3 63.602
2.225 -586.82 2903.1 102.13 -572.59 2955.6 85.81 -533.21 2967.9 63.429
2.2333 -586.9 2917.1 101.74 -571.29 2968.3 85.574 -531.9 2979.4 63.247
2.2417 -586.79 2931 101.28 -569.96 2980.8 85.332 -530.54 2990.9 63.049
2.25 -586.48 2944.5 100.73 -568.64 2993.4 85.09 -529.14 3002.3 62.828
2.2583 -585.99 2957.8 100.11 -567.35 3005.8 84.852 -527.7 3013.5 62.579
2.2667 -585.31 2970.7 99.415 -566.1 3018.2 84.621 -526.24 3024.7 62.296
2.275 -584.47 2983.2 98.665 -564.91 3030.5 84.398 -524.75 3035.8 61.977
2.2833 -583.48 2995.4 97.869 -563.8 3042.6 84.181 -523.25 3046.9 61.624
2.2917 -582.36 3007.2 97.032 -562.76 3054.6 83.967 -521.72 3057.9 61.238
2.3 -581.13 3018.8 96.161 -561.79 3066.5 83.751 -520.17 3068.9 60.828
2.3083 -579.77 3030.3 95.259 -560.89 3078.1 83.526 -518.59 3079.9 60.401
2.3167 -578.27 3041.6 94.33 -560.05 3089.6 83.287 -517 3090.9 59.967
2.325 -576.62 3053 93.378 -559.24 3100.8 83.018 -515.39 3102 59.536
2.3333 -574.82 3064.3 92.408 -558.46 3111.8 82.72 -513.77 3113.1 59.118
2.3417 -572.85 3075.7 91.424 -557.67 3122.5 82.384 -512.16 3124.2 58.719
2.35 -570.75 3087.1 90.429 -556.87 3133 82.006 -510.56 3135.4 58.346
2.3583 -568.53 3098.6 89.427 -556.03 3143.3 81.583 -509 3146.6 58
2.3667 -566.24 3109.9 88.424 -555.13 3153.4 81.118 -507.47 3157.8 57.683
2.375 -563.91 3121.3 87.422 -554.16 3163.3 80.613 -506 3169 57.392
2.3833 -561.6 3132.4 86.426 -553.12 3173.1 80.072 -504.57 3180.1 57.124
2.3917 -559.33 3143.4 85.439 -551.98 3182.8 79.502 -503.2 3191.2 56.875
2.4 -557.15 3154.2 84.461 -550.76 3192.5 78.91 -501.88 3202.3 56.642
2.4083 -555.07 3164.7 83.493 -549.44 3202.1 78.305 -500.59 3213.3 56.422
2.4167 -553.1 3175 82.53 -548.02 3211.8 77.692 -499.33 3224.2 56.212
2.425 -551.23 3185.1 81.57 -546.52 3221.5 77.077 -498.08 3235 56.012
2.4333 -549.44 3195.1 80.607 -544.93 3231.3 76.463 -496.82 3245.8 55.821
2.4417 -547.69 3205 79.637 -543.26 3241.1 75.853 -495.54 3256.5 55.638
2.45 -545.97 3214.8 78.656 -541.5 3251.1 75.245 -494.22 3267.1 55.464
2.4583 -544.22 3224.5 77.66 -539.66 3261.3 74.637 -492.84 3277.6 55.296
2.4667 -542.44 3234.3 76.645 -537.74 3271.5 74.028 -491.4 3288.1 55.133
2.475 -540.61 3244.1 75.609 -535.74 3281.8 73.415 -489.89 3298.5 54.972
2.4833 -538.71 3253.9 74.551 -533.66 3292.3 72.794 -488.3 3308.9 54.807
2.4917 -536.76 3263.7 73.471 -531.48 3302.8 72.165 -486.65 3319.2 54.631
2.5 -534.77 3273.5 72.371 -529.21 3313.4 71.528 -484.92 3329.5 54.441
2.5083 -532.75 3283.4 71.254 -526.85 3324 70.885 -483.11 3339.8 54.229
2.5167 -530.72 3293.2 70.129 -524.39 3334.7 70.24 -481.25 3350 53.992
2.525 -528.7 3302.9 69.002 -521.84 3345.5 69.599 -479.31 3360.1 53.728
2.5333 -526.7 3312.7 67.889 -519.2 3356.2 68.969 -477.31 3370.2 53.439
2.5417 -524.73 3322.4 66.803 -516.48 3367.1 68.356 -475.25 3380.4 53.127
2.55 -522.78 3332.1 65.76 -513.68 3377.9 67.768 -473.12 3390.5 52.8
2.5583 -520.85 3341.8 64.775 -510.81 3388.8 67.209 -470.92 3400.6 52.464
2.5667 -518.95 3351.5 63.86 -507.9 3399.7 66.684 -468.65 3410.7 52.13
2.575 -517.04 3361.2 63.027 -504.93 3410.6 66.196 -466.31 3420.9 51.806
2.5833 -515.12 3371 62.28 -501.93 3421.6 65.743 -463.9 3431.1 51.501
2.5917 -513.19 3380.9 61.622 -498.9 3432.6 65.325 -461.41 3441.4 51.219
2.6 -511.23 3390.9 61.045 -495.85 3443.6 64.934 -458.87 3451.8 50.965
2.6083 -509.22 3401 60.542 -492.77 3454.6 64.548 -456.26 3462.2 50.738
2.6167 -507.15 3411.3 60.099 -489.67 3465.6 64.15 -453.61 3472.7 50.535
2.625 -505 3421.7 59.699 -486.5 3476.6 63.796 -450.91 3483.2 50.353
2.6333 -502.74 3432.2 59.33 -483.13 3487.8 63.526 -448.19 3493.8 50.185
2.6417 -500.33 3442.9 58.98 -479.78 3499.1 63.275 -445.45 3504.4 50.024
2.65 -497.82 3453.6 58.638 -476.31 3510.5 63.087 -442.69 3515.1 49.863
2.6583 -495.16 3464.5 58.304 -472.8 3522 62.928 -439.93 3525.8 49.699
2.6667 -492.36 3475.3 57.97 -469.28 3533.6 62.785 -437.15 3536.6 49.523
2.675 -489.42 3486.3 57.635 -465.66 3545.2 62.68 -434.37 3547.5 49.34
2.6833 -486.33 3497.3 57.296 -462.05 3556.8 62.58 -431.57 3558.4 49.145
2.6917 -483.09 3508.4 56.954 -458.41 3568.5 62.505 -428.75 3569.3 48.941
2.7 -479.68 3519.6 56.616 -454.78 3580.2 62.398 -425.89 3580.4 48.73
2.7083 -476.13 3530.8 56.283 -451.16 3592 62.319 -422.96 3591.5 48.5
2.7167 -472.26 3542.6 55.934 -447.29 3604.1 62.421 -420.03 3602.7 48.296
2.725 -468.28 3554.4 55.624 -443.58 3616.1 62.406 -417.01 3613.9 48.07
2.7333 -464 3566.5 55.323 -439.84 3628.2 62.437 -413.91 3625.3 47.835
2.7417 -459.56 3578.7 55.069 -436.14 3640.3 62.426 -410.73 3636.7 47.588
2.75 -454.83 3591.1 54.859 -432.43 3652.6 62.447 -407.5 3648.1 47.333
2.7583 -449.91 3603.7 54.703 -428.7 3664.9 62.452 -404.19 3659.6 47.056
2.7667 -444.8 3616.3 54.611 -424.85 3677.4 62.489 -400.84 3671 46.772
2.775 -439.53 3629 54.587 -421.12 3689.7 62.449 -397.45 3682.5 46.465
2.7833 -434.2 3641.6 54.629 -417.33 3702 62.36 -394.02 3694 46.147
2.7917 -428.79 3654.1 54.728 -413.64 3714.4 62.256 -390.56 3705.4 45.816
2.8 -423.27 3666.7 54.9 -409.52 3726.8 62.263 -387.14 3716.8 45.516
2.8083 -417.89 3679.1 55.112 -405.39 3739 62.218 -383.7 3728.1 45.225
2.8167 -412.63 3691.3 55.36 -401.12 3751.2 62.193 -380.24 3739.3 44.962
2.825 -407.52 3703.3 55.629 -396.8 3763.4 62.166 -376.77 3750.5 44.738
2.8333 -402.61 3715.2 55.911 -392.13 3775.3 62.182 -373.27 3761.7 44.564
2.8417 -397.9 3726.8 56.195 -387.38 3786.9 62.119 -369.7 3772.7 44.444
2.85 -393.41 3738.3 56.473 -382.58 3798.1 61.996 -366.05 3783.7 44.378
2.8583 -389.12 3749.7 56.74 -377.72 3809.1 61.842 -362.29 3794.6 44.362
2.8667 -385 3760.9 56.992 -372.82 3819.7 61.66 -358.39 3805.3 44.386
2.875 -381.02 3772 57.228 -367.88 3830.1 61.452 -354.31 3816 44.438
2.8833 -377.13 3782.9 57.445 -362.94 3840.2 61.218 -350.04 3826.6 44.502
2.8917 -373.28 3793.8 57.64 -357.99 3850 60.961 -345.55 3837 44.563
2.9 -369.43 3804.5 57.811 -353.04 3859.6 60.682 -340.83 3847.3 44.606
2.9083 -365.51 3815.2 57.952 -348.09 3868.9 60.383 -335.89 3857.5 44.617
2.9167 -361.49 3825.7 58.062 -343.14 3878.1 60.067 -330.73 3867.5 44.59
2.925 -357.32 3836 58.138 -338.17 3887.2 59.734 -325.36 3877.4 44.519
2.9333 -352.99 3846.2 58.181 -333.18 3896.1 59.383 -319.8 3887.2 44.407
2.9417 -348.47 3856.2 58.192 -328.14 3904.9 59.016 -314.07 3896.8 44.256
2.95 -343.77 3866.1 58.177 -323.05 3913.7 58.629 -308.2 3906.4 44.076
2.9583 -338.87 3875.8 58.141 -317.89 3922.5 58.222 -302.21 3915.9 43.876
2.9667 -333.79 3885.4 58.093 -312.64 3931.3 57.793 -296.12 3925.3 43.663
2.975 -328.56 3894.8 58.043 -307.3 3940.1 57.339 -289.97 3934.6 43.448
2.9833 -323.19 3904.1 57.999 -301.87 3948.9 56.858 -283.75 3943.9 43.236
