0.0083333 -2.9023 4.5203 101.1 -29.508 81.6 91.928 1.5699 170.7 78.998
0.016667 -2.2775 12.652 101.17 -28.808 89.569 91.934 2.4721 178.07 78.972
0.025 -1.6374 21.119 101.23 -28.022 97.702 91.927 3.4164 185.53 78.945
0.033333 -0.9737 29.94 101.29 -27.141 106 91.908 4.411 193.1 78.916
0.041667 -0.27995 39.129 101.34 -26.155 114.45 91.876 5.4631 200.8 78.887
0.05 0.44438 48.684 101.38 -25.057 123.05 91.833 6.5777 208.62 78.86
0.058333 1.1936 58.586 101.42 -23.845 131.78 91.781 7.7567 216.56 78.838
0.066667 1.9542 68.803 101.44 -22.519 140.63 91.722 8.9988 224.62 78.821
0.075 2.7074 79.287 101.46 -21.084 149.58 91.66 10.299 232.77 78.811
0.083333 3.4297 89.977 101.47 -19.552 158.61 91.599 11.65 241 78.807
0.091667 4.1048 100.8 101.48 -17.94 167.71 91.54 13.042 249.27 78.807
0.1 4.7136 111.68 101.48 -16.266 176.85 91.488 14.466 257.55 78.808
0.10833 5.2544 122.53 101.48 -14.557 186.04 91.446 15.915 265.82 78.803
0.11667 5.7382 133.31 101.47 -12.839 195.25 91.417 17.382 274.04 78.787
0.125 6.1898 143.94 101.46 -11.14 204.48 91.401 18.864 282.19 78.751
0.13333 6.6496 154.39 101.45 -9.4897 213.73 91.4 20.36 290.26 78.688
0.14167 7.159 164.64 101.43 -7.9128 222.97 91.416 21.873 298.23 78.589
0.15 7.7508 174.69 101.41 -6.4323 232.22 91.449 23.406 306.11 78.449
0.15833 8.4528 184.56 101.37 -5.0657 241.44 91.498 24.961 313.91 78.263
0.16667 9.2731 194.25 101.32 -3.8247 250.63 91.562 26.543 321.64 78.031
0.175 10.209 203.79 101.27 -2.7141 259.76 91.642 28.15 329.32 77.752
0.18333 11.251 213.22 101.2 -1.7325 268.8 91.735 29.78 336.98 77.432
0.19167 12.392 222.56 101.11 -0.87161 277.73 91.84 31.426 344.65 77.078
0.2 13.621 231.85 101.02 -0.11843 286.52 91.955 33.079 352.35 76.699
0.20833 14.929 241.13 100.91 0.54417 295.15 92.08 34.727 360.1 76.305
0.21667 16.3 250.42 100.8 1.1356 303.6 92.213 36.355 367.92 75.905
0.225 17.71 259.71 100.68 1.6757 311.85 92.354 37.95 375.8 75.508
0.23333 19.131 269.01 100.56 2.1835 319.92 92.501 39.499 383.75 75.121
0.24167 20.528 278.3 100.44 2.676 327.8 92.653 40.994 391.77 74.747
0.25 21.857 287.54 100.33 3.1667 335.51 92.811 42.428 399.82 74.389
0.25833 23.082 296.7 100.23 3.6661 343.09 92.973 43.798 407.91 74.046
0.26667 24.171 305.73 100.14 4.1799 350.56 93.137 45.107 416 73.714
0.275 25.116 314.61 100.06 4.7156 357.96 93.305 46.359 424.07 73.39
0.28333 25.914 323.3 99.995 5.2701 365.32 93.471 47.562 432.11 73.071
0.29167 26.586 331.79 99.937 5.8446 372.69 93.634 48.723 440.1 72.751
0.3 27.162 340.08 99.881 6.4369 380.08 93.79 49.851 448.03 72.429
0.30833 27.676 348.2 99.822 7.0446 387.52 93.935 50.953 455.89 72.104
0.31667 28.165 356.17 99.75 7.6656 395.02 94.066 52.037 463.67 71.775
0.325 28.656 364.02 99.656 8.2974 402.6 94.178 53.106 471.4 71.444
0.33333 29.172 371.78 99.534 8.9391 410.24 94.268 54.164 479.06 71.115
0.34167 29.72 379.5 99.375 9.5896 417.94 94.331 55.214 486.67 70.788
0.35 30.295 387.19 99.174 10.249 425.68 94.365 56.258 494.24 70.469
0.35833 30.877 394.89 98.927 10.917 433.46 94.367 57.298 501.78 70.157
0.36667 31.44 402.59 98.634 11.594 441.26 94.335 58.341 509.29 69.853
0.375 31.95 410.3 98.294 12.281 449.06 94.269 59.391 516.79 69.558
0.38333 32.378 418 97.91 12.978 456.87 94.167 60.458 524.29 69.268
0.39167 32.702 425.67 97.484 13.687 464.67 94.029 61.548 531.78 68.98
0.4 32.919 433.31 97.021 14.409 472.47 93.853 62.673 539.29 68.69
0.40833 33.042 440.89 96.522 15.145 480.27 93.639 63.841 546.79 68.395
0.41667 33.103 448.41 95.986 15.897 488.06 93.386 65.06 554.31 68.091
0.425 33.154 455.89 95.413 16.667 495.84 93.09 66.335 561.83 67.776
0.43333 33.252 463.34 94.802 17.458 503.62 92.754 67.668 569.37 67.448
0.44167 33.442 470.76 94.149 18.269 511.4 92.366 69.062 576.91 67.109
0.45 33.763 478.17 93.457 19.102 519.16 91.933 70.512 584.46 66.761
0.45833 34.214 485.57 92.729 19.954 526.9 91.448 72.016 592.01 66.407
0.46667 34.763 492.96 91.968 20.824 534.61 90.911 73.57 599.57 66.05
0.475 35.358 500.34 91.177 21.708 542.27 90.321 75.17 607.11 65.693
0.48333 35.939 507.72 90.354 22.599 549.88 89.676 76.815 614.65 65.338
0.49167 36.45 515.11 89.499 23.492 557.42 88.979 78.508 622.16 64.984
0.5 36.847 522.52 88.609 24.383 564.9 88.231 80.253 629.64 64.631
0.50833 37.1 529.92 87.684 25.268 572.31 87.433 82.062 637.08 64.272
0.51667 37.19 537.31 86.728 26.148 579.67 86.591 83.945 644.46 63.903
0.525 37.115 544.64 85.747 27.027 586.98 85.709 85.916 651.76 63.514
0.53333 36.884 551.88 84.747 27.916 594.25 84.791 87.992 658.98 63.098
0.54167 36.519 558.99 83.737 28.83 601.51 83.845 90.185 666.1 62.646
0.55 36.057 565.9 82.727 29.787 608.77 82.866 92.508 673.11 62.151
0.55833 35.536 572.59 81.723 30.814 616.05 81.868 94.969 680 61.608
0.56667 35.004 579.06 80.734 31.937 623.34 80.852 97.575 686.77 61.015
0.575 34.502 585.29 79.766 33.183 630.64 79.82 100.33 693.42 60.373
0.58333 34.07 591.31 78.822 34.577 637.97 78.776 103.23 699.96 59.688
0.59167 33.736 597.14 77.907 36.142 645.29 77.72 106.27 706.41 58.965
0.6 33.518 602.83 77.018 37.895 652.59 76.656 109.45 712.78 58.217
0.60833 33.429 608.43 76.154 39.848 659.85 75.584 112.78 719.08 57.453
0.61667 33.474 613.97 75.311 42.006 667.04 74.507 116.26 725.35 56.688
0.625 33.658 619.51 74.483 44.369 674.15 73.427 119.89 731.61 55.933
0.63333 33.976 625.07 73.664 46.933 681.14 72.346 123.68 737.87 55.2
0.64167 34.443 630.68 72.848 49.69 688 71.267 127.67 744.17 54.498
0.65 35.07 636.33 72.029 52.632 694.73 70.19 131.85 750.5 53.833
0.65833 35.877 642.05 71.203 55.751 701.31 69.12 136.26 756.89 53.208
0.66667 36.892 647.8 70.367 59.04 707.76 68.059 140.92 763.33 52.625
0.675 38.148 653.56 69.519 62.495 714.07 67.005 145.83 769.81 52.081
0.68333 39.678 659.31 68.66 66.115 720.27 65.959 151.03 776.32 51.573
0.69167 41.508 665.03 67.79 69.902 726.35 64.923 156.5 782.84 51.094
0.7 43.656 670.69 66.913 73.858 732.34 63.893 162.25 789.33 50.637
0.70833 46.131 676.28 66.031 77.99 738.25 62.87 168.26 795.78 50.198
0.71667 48.925 681.81 65.15 82.302 744.09 61.853 174.5 802.15 49.77
0.725 52.017 687.28 64.273 86.801 749.87 60.84 180.95 808.41 49.349
0.73333 55.377 692.72 63.404 91.493 755.6 59.831 187.58 814.53 48.933
0.74167 58.959 698.14 62.546 96.381 761.28 58.827 194.33 820.5 48.523
0.75 62.715 703.57 61.702 101.47 766.92 57.829 201.19 826.3 48.118
0.75833 66.595 709.02 60.871 106.75 772.51 56.837 208.11 831.92 47.721
0.76667 70.549 714.53 60.055 112.22 778.04 55.853 215.06 837.36 47.335
0.775 74.537 720.09 59.251 117.88 783.54 54.878 222.03 842.63 46.962
0.78333 78.529 725.7 58.458 123.71 788.98 53.914 229 847.74 46.604
0.79167 82.508 731.35 57.673 129.72 794.38 52.96 235.99 852.7 46.262
0.8 86.472 737.03 56.893 135.88 799.73 52.02 242.98 857.52 45.936
0.80833 90.433 742.72 56.117 142.19 805.04 51.094 250 862.23 45.624
0.81667 94.415 748.37 55.342 148.63 810.29 50.181 257.06 866.84 45.324
0.825 98.453 753.97 54.568 155.2 815.51 49.283 264.19 871.36 45.034
0.83333 102.58 759.49 53.795 161.87 820.67 48.401 271.41 875.82 44.749
0.84167 106.85 764.91 53.024 168.65 825.79 47.535 278.74 880.2 44.467
0.85 111.3 770.2 52.258 175.52 830.85 46.687 286.18 884.54 44.187
0.85833 115.95 775.37 51.498 182.47 835.85 45.859 293.75 888.82 43.909
0.86667 120.83 780.41 50.748 189.49 840.79 45.059 301.46 893.06 43.633
0.875 125.97 785.33 50.012 196.6 845.67 44.274 309.29 897.25 43.364
0.88333 131.37 790.14 49.292 203.79 850.48 43.522 317.25 901.41 43.105
0.89167 137.03 794.86 48.592 211.08 855.22 42.8 325.32 905.54 42.861
0.9 142.95 799.5 47.915 218.46 859.88 42.11 333.5 909.64 42.637
0.90833 149.12 804.08 47.265 225.96 864.46 41.456 341.77 913.71 42.44
0.91667 155.55 808.62 46.647 233.6 868.99 40.822 350.12 917.77 42.273
0.925 162.23 813.14 46.063 241.53 873.49 40.236 357.64 922.09 42.834
0.93333 169.16 817.65 45.519 249.48 877.88 39.659 366.16 926.12 42.734
0.94167 176.35 822.16 45.017 257.61 882.22 39.109 374.76 930.14 42.666
0.95 183.8 826.67 44.561 265.93 886.5 38.58 383.45 934.13 42.628
0.95833 191.53 831.19 44.152 274.45 890.72 38.074 392.21 938.11 42.614
0.96667 199.54 835.7 43.79 283.17 894.89 37.578 401.08 942.06 42.619
0.975 207.87 840.19 43.474 292.1 899.02 37.096 410.04 945.99 42.639
0.98333 216.51 844.65 43.2 301.25 903.09 36.628 419.12 949.89 42.669
0.99167 225.5 849.06 42.964 310.6 907.12 36.169 428.32 953.76 42.706
1 234.86 853.4 42.757 320.17 911.09 35.731 437.64 957.61 42.748
1.0083 244.59 857.65 42.57 329.95 915.01 35.308 447.1 961.44 42.797
1.0167 254.72 861.81 42.395 339.95 918.87 34.903 456.69 965.27 42.856
1.025 265.25 865.86 42.22 350.18 922.68 34.514 466.4 969.1 42.929
1.0333 276.18 869.79 42.033 360.64 926.44 34.148 476.25 972.96 43.023
1.0417 287.5 873.61 41.828 371.35 930.16 33.79 486.22 976.85 43.142
1.05 299.18 877.33 41.593 382.31 933.84 33.45 496.3 980.78 43.291
1.0583 311.21 880.94 41.324 393.52 937.5 33.124 506.48 984.76 43.474
1.0667 323.55 884.47 41.014 404.97 941.15 32.809 516.75 988.79 43.691
1.075 336.16 887.93 40.667 416.65 944.8 32.502 527.09 992.86 43.942
1.0833 349 891.34 40.282 428.53 948.46 32.202 537.47 996.97 44.221
1.0917 362.02 894.71 39.865 440.59 952.15 31.907 547.89 1001.1 44.522
1.1 375.19 898.05 39.422 452.77 955.89 31.619 558.31 1005.2 44.837
1.1083 388.46 901.35 38.964 465.01 959.67 31.34 568.72 1009.4 45.157
1.1167 401.78 904.63 38.503 477.27 963.5 31.074 579.09 1013.5 45.471
1.125 415.13 907.85 38.051 489.47 967.4 30.825 589.4 1017.6 45.771
1.1333 428.43 911.02 37.622 501.55 971.35 30.6 599.64 1021.7 46.05
1.1417 441.61 914.12 37.234 513.46 975.35 30.403 609.79 1025.7 46.304
1.15 454.6 917.17 36.899 525.14 979.4 30.242 619.83 1029.8 46.53
1.1583 467.29 920.2 36.624 536.56 983.49 30.12 629.75 1033.8 46.731
1.1667 479.59 923.27 36.409 547.69 987.62 30.04 639.55 1037.9 46.91
1.175 491.43 926.43 36.243 558.51 991.79 30.005 649.22 1042.1 47.074
1.1833 502.83 929.71 36.102 569.03 996 30.014 658.74 1046.3 47.23
1.1917 513.84 933.11 35.965 579.25 1000.2 30.065 668.14 1050.6 47.387
1.2 524.5 936.64 35.811 589.18 1004.5 30.156 677.39 1055.1 47.553
1.2083 534.82 940.33 35.638 598.87 1008.9 30.282 686.5 1059.8 47.735
1.2167 544.84 944.18 35.438 608.32 1013.2 30.44 695.48 1064.6 47.938
1.225 554.58 948.22 35.213 617.58 1017.7 30.626 704.32 1069.5 48.167
1.2333 564.06 952.45 34.969 626.67 1022.2 30.837 713.04 1074.7 48.421
1.2417 573.32 956.86 34.715 635.61 1026.9 31.071 721.63 1080 48.7
1.25 582.4 961.44 34.46 644.42 1031.6 31.327 730.09 1085.5 49.002
1.2583 591.33 966.19 34.213 653.13 1036.4 31.604 738.44 1091.2 49.321
1.2667 600.14 971.07 33.983 661.74 1041.3 31.903 746.68 1097 49.654
1.275 608.87 976.05 33.778 670.25 1046.4 32.225 754.81 1102.9 49.996
1.2833 617.56 981.12 33.602 678.69 1051.5 32.568 762.84 1109 50.342
1.2917 626.21 986.24 33.458 687.04 1056.7 32.935 770.77 1115.2 50.691
1.3 634.85 991.4 33.347 695.33 1062 33.323 778.61 1121.4 51.04
1.3083 643.49 996.57 33.268 703.53 1067.4 33.731 786.36 1127.9 51.389
1.3167 652.11 1001.8 33.219 711.68 1072.9 34.157 794.02 1134.4 51.74
1.325 660.72 1007 33.2 719.75 1078.5 34.598 801.58 1141 52.094
1.3333 669.3 1012.2 33.21 727.77 1084.2 35.049 809.05 1147.7 52.453
1.3417 677.85 1017.4 33.245 735.73 1090 35.508 816.42 1154.5 52.822
1.35 686.36 1022.7 33.307 743.65 1095.8 35.969 823.69 1161.4 53.201
1.3583 694.85 1028 33.39 751.51 1101.7 36.43 830.84 1168.4 53.593
1.3667 703.31 1033.4 33.493 759.33 1107.8 36.889 837.88 1175.4 53.998
1.375 711.76 1038.8 33.612 767.11 1113.9 37.343 844.79 1182.5 54.417
1.3833 720.23 1044.3 33.741 774.85 1120 37.791 851.59 1189.5 54.848
1.3917 728.74 1049.9 33.873 782.54 1126.3 38.233 858.28 1196.6 55.289
1.4 737.32 1055.6 34.001 790.19 1132.7 38.668 864.85 1203.6 55.738
1.4083 745.97 1061.3 34.12 797.8 1139.1 39.094 871.32 1210.6 56.192
1.4167 754.73 1067.1 34.225 805.36 1145.7 39.512 877.69 1217.6 56.648
1.425 763.58 1073.1 34.313 812.87 1152.2 39.918 883.99 1224.6 57.103
1.4333 772.51 1079.1 34.387 820.33 1158.9 40.309 890.23 1231.6 57.555
1.4417 781.51 1085.3 34.451 827.74 1165.6 40.683 896.4 1238.6 58.002
1.45 790.56 1091.5 34.515 835.09 1172.3 41.036 902.53 1245.6 58.444
1.4583 799.62 1097.9 34.587 842.4 1179.1 41.363 908.63 1252.6 58.879
1.4667 808.67 1104.4 34.676 849.67 1186 41.661 914.69 1259.7 59.308
1.475 817.69 1111.1 34.79 856.88 1192.9 41.929 920.72 1266.8 59.733
1.4833 826.66 1117.9 34.934 864.05 1199.9 42.164 926.71 1274 60.153
1.4917 835.59 1124.8 35.107 871.18 1207 42.37 932.66 1281.2 60.569
1.5 844.48 1131.9 35.308 878.27 1214.1 42.548 938.56 1288.5 60.983
1.5083 853.34 1139.2 35.528 885.33 1221.4 42.705 944.41 1295.9 61.396
1.5167 862.21 1146.6 35.759 892.35 1228.8 42.845 950.19 1303.3 61.807
1.525 871.08 1154.2 35.988 899.32 1236.3 42.978 955.9 1310.8 62.217
1.5333 879.98 1161.9 36.209 906.27 1244 43.109 961.55 1318.3 62.628
1.5417 888.92 1169.8 36.411 913.17 1251.7 43.247 967.12 1325.9 63.038
1.55 897.9 1178 36.587 920.04 1259.7 43.396 972.63 1333.6 63.448
1.5583 906.92 1186.4 36.733 926.87 1267.7 43.562 978.08 1341.4 63.859
1.5667 915.99 1195 36.845 933.65 1275.9 43.746 983.47 1349.3 64.27
1.575 925.1 1203.8 36.925 940.38 1284.2 43.95 988.81 1357.4 64.683
1.5833 934.26 1212.9 36.981 947.07 1292.7 44.172 994.12 1365.6 65.097
1.5917 943.45 1222.3 37.02 953.72 1301.2 44.409 999.39 1373.9 65.516
1.6 952.68 1231.9 37.057 960.32 1309.9 44.66 1004.6 1382.5 65.939
1.6083 961.91 1241.7 37.109 966.88 1318.7 44.921 1009.8 1391.3 66.371
1.6167 971.14 1251.8 37.193 973.4 1327.6 45.19 1015 1400.2 66.812
1.625 980.35 1261.9 37.328 979.9 1336.7 45.468 1020.1 1409.2 67.268
1.6333 989.49 1272.2 37.532 986.37 1345.9 45.756 1025.2 1418.4 67.74
1.6417 998.55 1282.5 37.817 992.83 1355.2 46.056 1030.3 1427.7 68.233
1.65 1007.5 1292.9 38.193 999.29 1364.6 46.372 1035.3 1437.1 68.75
1.6583 1016.3 1303.2 38.658 1005.7 1374.1 46.711 1040.2 1446.5 69.293
1.6667 1024.9 1313.4 39.207 1012.2 1383.7 47.074 1045.1 1455.9 69.865
1.675 1033.2 1323.7 39.824 1018.7 1393.4 47.465 1050 1465.3 70.465
1.6833 1041.4 1333.8 40.488 1025.1 1403.1 47.887 1054.8 1474.7 71.093
1.6917 1049.3 1343.8 41.178 1031.6 1412.8 48.335 1059.6 1484 71.748
1.7 1057 1353.8 41.87 1038 1422.4 48.807 1064.4 1493.3 72.426
1.7083 1064.4 1363.6 42.547 1044.4 1432 49.296 1069.2 1502.6 73.123
1.7167 1071.6 1373.4 43.2 1050.7 1441.4 49.798 1074 1511.9 73.834
1.725 1078.7 1383 43.828 1057 1450.7 50.306 1078.9 1521.1 74.552
1.7333 1085.6 1392.6 44.443 1063.1 1459.8 50.812 1083.7 1530.3 75.274
1.7417 1092.3 1402.2 45.059 1069.1 1468.7 51.31 1088.6 1539.5 75.994
1.75 1098.8 1411.7 45.694 1075 1477.4 51.797 1093.5 1548.7 76.71
1.7583 1105.2 1421.2 46.366 1080.8 1486 52.268 1098.4 1557.9 77.42
1.7667 1111.5 1430.8 47.088 1086.4 1494.4 52.724 1103.3 1567 78.124
1.775 1117.6 1440.4 47.868 1091.8 1502.6 53.169 1108.1 1576.1 78.825
1.7833 1123.5 1450 48.709 1097.1 1510.7 53.606 1112.8 1585.1 79.525
1.7917 1129.3 1459.6 49.609 1102.3 1518.7 54.043 1117.5 1594 80.229
1.8 1134.9 1469.1 50.56 1107.4 1526.6 54.489 1122 1602.8 80.942
1.8083 1140.3 1478.6 51.548 1112.4 1534.4 54.951 1126.4 1611.5 81.67
1.8167 1145.6 1488.1 52.563 1117.3 1542.2 55.434 1130.7 1620.1 82.417
1.825 1150.7 1497.4 53.589 1122.1 1549.9 55.954 1134.8 1628.6 83.187
1.8333 1155.8 1506.8 54.616 1127 1557.6 56.505 1138.8 1637 83.982
1.8417 1160.7 1516 55.637 1131.7 1565.3 57.09 1142.7 1645.3 84.803
1.85 1165.6 1525.2 56.651 1136.5 1573.1 57.71 1146.5 1653.5 85.65
1.8583 1170.3 1534.4 57.659 1141.2 1580.8 58.355 1150.2 1661.7 86.519
1.8667 1175 1543.6 58.668 1145.8 1588.6 59.035 1153.7 1669.9 87.408
1.875 1179.5 1552.8 59.686 1150.5 1596.4 59.744 1157.2 1678.1 88.311
1.8833 1184 1562.1 60.722 1155 1604.2 60.469 1160.7 1686.3 89.222
1.8917 1188.3 1571.4 61.785 1159.5 1612.1 61.203 1164.1 1694.5 90.137
1.9 1192.6 1580.7 62.881 1164 1620.1 61.967 1167.4 1702.7 91.047
1.9083 1196.7 1590 64.009 1168.3 1628.1 62.737 1170.7 1711 91.95
1.9167 1200.6 1599.4 65.169 1172.6 1636.2 63.522 1174 1719.2 92.839
1.925 1204.5 1608.9 66.353 1176.8 1644.4 64.32 1177.2 1727.5 93.711
1.9333 1208.3 1618.3 67.551 1181 1652.6 65.132 1180.4 1735.8 94.566
1.9417 1212.1 1627.8 68.75 1185 1660.9 65.959 1183.6 1744 95.402
1.95 1215.9 1637.2 69.94 1189 1669.2 66.796 1186.7 1752.3 96.221
1.9583 1219.7 1646.7 71.107 1193 1677.6 67.644 1189.8 1760.5 97.025
1.9667 1223.6 1656.3 72.244 1196.8 1686.1 68.496 1192.9 1768.8 97.817
1.975 1227.6 1665.8 73.344 1200.6 1694.6 69.349 1195.9 1777 98.602
1.9833 1231.7 1675.4 74.406 1204.4 1703.1 70.196 1198.8 1785.2 99.384
1.9917 1236 1685.1 75.432 1208.1 1711.7 71.03 1201.8 1793.5 100.17
2 1240.4 1694.8 76.427 1211.8 1720.3 71.847 1204.7 1801.7 100.95
2.0083 1245 1704.6 77.397 1215.4 1729 72.643 1207.5 1810 101.75
2.0167 1249.6 1714.4 78.349 1218.9 1737.8 73.414 1210.3 1818.3 102.55
2.025 1254.4 1724.3 79.288 1222.4 1746.6 74.159 1213 1826.6 103.36
2.0333 1259.2 1734.2 80.216 1225.8 1755.5 74.88 1215.7 1835 104.18
2.0417 1263.9 1744.2 81.138 1229.2 1764.4 75.579 1218.3 1843.3 104.99
2.05 1268.7 1754.2 82.052 1232.5 1773.4 76.259 1220.9 1851.7 105.8
2.0583 1273.4 1764.3 82.959 1235.7 1782.5 76.926 1223.4 1860.2 106.61
2.0667 1278.1 1774.5 83.855 1238.9 1791.5 77.582 1225.9 1868.7 107.41
2.075 1282.7 1784.8 84.736 1242.1 1800.6 78.23 1228.3 1877.2 108.19
2.0833 1287.2 1795.2 85.598 1245.2 1809.7 78.874 1230.7 1885.8 108.96
2.0917 1291.6 1805.9 86.435 1248.2 1818.8 79.504 1233.1 1894.4 109.72
2.1 1296 1816.7 87.237 1251.2 1828 80.139 1235.4 1903 110.46
2.1083 1300.4 1827.8 88.003 1254.2 1837 80.758 1237.6 1911.7 111.21
2.1167 1304.7 1839 88.728 1257.1 1846.1 81.36 1239.8 1920.4 111.95
2.125 1309.1 1850.5 89.412 1259.9 1855.1 81.943 1241.8 1929.1 112.71
2.1333 1313.3 1862.2 90.056 1262.7 1864.1 82.502 1243.7 1937.9 113.49
2.1417 1317.6 1874.1 90.661 1265.4 1873.1 83.032 1245.5 1946.6 114.3
2.15 1321.7 1886.1 91.232 1268.1 1882.1 83.535 1247.2 1955.4 115.14
2.1583 1325.7 1898.1 91.771 1270.7 1891 84.01 1248.6 1964.2 116.01
2.1667 1329.5 1910.1 92.282 1273.2 1900 84.46 1249.9 1972.9 116.93
2.175 1333.1 1922.1 92.769 1275.6 1909 84.892 1250.9 1981.7 117.88
2.1833 1336.5 1933.9 93.233 1278 1918 85.315 1251.8 1990.4 118.86
2.1917 1339.6 1945.5 93.68 1280.2 1927 85.739 1252.5 1999.1 119.86
2.2 1342.5 1956.8 94.115 1282.3 1936.1 86.175 1253 2007.8 120.89
2.2083 1345.1 1967.9 94.542 1284.4 1945.3 86.635 1253.3 2016.4 121.92
2.2167 1347.4 1978.6 94.966 1286.3 1954.5 87.133 1253.5 2025 122.95
2.225 1349.6 1989 95.394 1288 1963.9 87.677 1253.5 2033.6 123.98
2.2333 1351.5 1999 95.832 1289.7 1973.2 88.277 1253.4 2042.1 125
2.2417 1353.3 2008.7 96.288 1291.1 1982.7 88.939 1253.2 2050.6 126.01
2.25 1355 2018.1 96.77 1292.4 1992.1 89.67 1252.8 2059 127.01
2.2583 1356.5 2027.2 97.288 1293.5 2001.6 90.47 1252.3 2067.3 127.99
2.2667 1357.9 2036 97.851 1294.4 2011.1 91.342 1251.7 2075.6 128.96
2.275 1359.2 2044.6 98.465 1295.1 2020.5 92.283 1250.9 2083.8 129.92
2.2833 1360.4 2053 99.134 1295.6 2029.9 93.293 1249.9 2092 130.88
2.2917 1361.5 2061.2 99.856 1295.9 2039.2 94.368 1248.7 2100.2 131.83
2.3 1362.5 2069.3 100.62 1296 2048.3 95.496 1247.2 2108.2 132.79
2.3083 1363.4 2077.3 101.42 1295.9 2057.3 96.7 1245.6 2116.3 133.74
2.3167 1364 2085.1 102.24 1295.6 2066.2 97.95 1243.6 2124.3 134.69
2.325 1364.4 2092.7 103.07 1295.1 2074.8 99.252 1241.4 2132.2 135.65
2.3333 1364.4 2100.1 103.9 1294.4 2083.3 100.6 1239 2140.1 136.6
2.3417 1363.9 2107.3 104.72 1293.5 2091.6 102 1236.2 2148 137.57
2.35 1363 2114.1 105.55 1292.4 2099.8 103.44 1233.2 2155.8 138.54
2.3583 1361.6 2120.7 106.39 1291.2 2107.7 104.91 1229.8 2163.5 139.52
2.3667 1359.9 2127 107.23 1289.8 2115.5 106.42 1226.2 2171.2 140.52
2.375 1357.9 2133 108.09 1288.1 2123.2 107.95 1222.4 2178.7 141.54
2.3833 1355.7 2138.8 108.96 1286.3 2130.8 109.5 1218.2 2186.1 142.57
2.3917 1353.2 2144.5 109.85 1284.3 2138.3 111.07 1213.9 2193.3 143.64
2.4 1350.6 2150.1 110.75 1282.1 2145.6 112.64 1209.3 2200.3 144.73
2.4083 1347.9 2155.6 111.67 1279.7 2152.9 114.24 1204.6 2207.1 145.86
2.4167 1345.1 2161.2 112.61 1277.1 2160 115.82 1199.6 2213.8 147.02
2.425 1342.3 2166.8 113.57 1274.3 2167 117.39 1194.5 2220.2 148.21
2.4333 1339.5 2172.4 114.53 1271.2 2174 118.96 1189.4 2226.3 149.43
2.4417 1336.7 2178.1 115.5 1268 2180.8 120.51 1184.1 2232.3 150.69
2.45 1333.9 2183.9 116.47 1264.7 2187.4 122.04 1178.7 2238 151.97
2.4583 1331.1 2189.7 117.44 1261.1 2194 123.56 1173.3 2243.5 153.29
2.4667 1328.3 2195.6 118.39 1257.4 2200.4 125.06 1167.9 2248.8 154.62
2.475 1325.4 2201.6 119.33 1253.6 2206.8 126.53 1162.4 2253.8 155.98
2.4833 1322.5 2207.5 120.26 1249.6 2212.9 127.99 1157 2258.7 157.36
2.4917 1319.4 2213.5 121.18 1245.6 2219 129.41 1151.5 2263.4 158.76
2.5 1316.1 2219.4 122.1 1241.4 2225 130.8 1146 2267.9 160.16
2.5083 1312.7 2225.4 123.02 1237.1 2230.8 132.16 1140.5 2272.3 161.56
2.5167 1309.1 2231.3 123.96 1232.7 2236.6 133.48 1135 2276.4 162.97
2.525 1305.4 2237.3 124.91 1228.2 2242.2 134.76 1129.4 2280.4 164.36
2.5333 1301.4 2243.3 125.89 1223.6 2247.8 136 1123.9 2284.2 165.73
2.5417 1297.2 2249.3 126.9 1218.9 2253.2 137.2 1118.3 2287.9 167.07
2.55 1292.8 2255.3 127.94 1214.1 2258.5 138.35 1112.7 2291.3 168.38
2.5583 1288.2 2261.4 129.03 1209.1 2263.6 139.47 1107.1 2294.7 169.64
2.5667 1283.4 2267.4 130.15 1204.1 2268.7 140.56 1101.4 2297.8 170.86
2.575 1278.4 2273.5 131.32 1199 2273.5 141.63 1095.8 2300.8 172.04
2.5833 1273.3 2279.5 132.52 1193.8 2278.3 142.68 1090.2 2303.7 173.17
2.5917 1265.5 2284.6 134.9 1188.4 2282.8 143.73 1084.6 2306.4 174.26
2.6 1260 2290.5 136.19 1182.9 2287.2 144.79 1078.9 2309.1 175.31
2.6083 1254.6 2296.5 137.41 1177.4 2291.4 145.92 1073.4 2311.6 176.34
2.6167 1248.6 2302.3 138.8 1171.6 2295.4 146.91 1067.7 2313.9 177.35
2.625 1242.6 2308.2 140.09 1165.8 2299.2 148.01 1062 2316.1 178.33
2.6333 1236.3 2314.1 141.35 1159.8 2302.9 149.14 1056.3 2318.1 179.31
2.6417 1233 2321.3 141.09 1153.7 2306.4 150.28 1050.5 2320.1 180.27
2.65 1226.3 2327.2 142.17 1147.4 2309.7 151.44 1044.6 2321.9 181.22
2.6583 1219.3 2333 143.22 1141.1 2312.8 152.6 1038.7 2323.5 182.15
2.6667 1212 2338.8 144.21 1134.7 2315.7 153.74 1032.6 2325 183.07
2.675 1204.3 2344.5 145.17 1128.2 2318.5 154.88 1026.3 2326.4 183.96
2.6833 1196.5 2350.1 146.11 1121.6 2321 155.99 1020 2327.6 184.83
2.6917 1188.4 2355.4 147.04 1115.1 2323.5 157.1 1013.6 2328.7 185.68
2.7 1180.2 2360.5 147.99 1108.4 2325.8 158.19 1007.1 2329.6 186.5
2.7083 1172 2365.4 148.98 1101.8 2328 159.26 1000.6 2330.4 187.31
2.7167 1163.9 2370 150.02 1095.1 2330.3 160.36 994.09 2331.1 188.11
2.725 1156 2374.2 151.11 1088.3 2332.5 161.46 987.59 2331.7 188.9
2.7333 1148.3 2378.2 152.27 1081.5 2334.7 162.59 981.14 2332.2 189.7
2.7417 1140.9 2382 153.48 1074.6 2336.9 163.74 974.77 2332.5 190.52
2.75 1133.8 2385.5 154.74 1067.7 2339.1 164.93 968.49 2332.8 191.37
2.7583 1127.1 2388.8 156.05 1060.8 2341.3 166.15 962.29 2332.9 192.24
2.7667 1120.6 2392 157.41 1054 2343.4 167.39 956.18 2332.9 193.14
2.775 1114.3 2395.1 158.82 1047.1 2345.5 168.66 950.14 2332.9 194.07
2.7833 1108.1 2398.1 160.27 1040.3 2347.5 169.95 944.16 2332.7 195.03
2.7917 1101.9 2401 161.75 1033.7 2349.3 171.26 938.21 2332.5 196.01
2.8 1095.7 2403.7 163.27 1027.1 2351 172.6 932.27 2332.1 196.99
2.8083 1089.3 2406.3 164.82 1020.7 2352.6 173.94 926.32 2331.6 197.97
2.8167 1082.8 2408.7 166.39 1014.5 2353.9 175.3 920.35 2331 198.94
2.825 1076.2 2410.8 167.99 1008.4 2355.1 176.67 914.36 2330.2 199.9
2.8333 1069.4 2412.7 169.62 1002.5 2356.1 178.05 908.34 2329.3 200.84
2.8417 1062.7 2414.4 171.28 996.79 2356.9 179.45 902.32 2328.2 201.75
2.85 1055.9 2415.8 172.97 991.17 2357.6 180.87 896.29 2327 202.65
2.8583 1049.2 2417.1 174.68 985.62 2358.1 182.31 890.27 2325.6 203.54
2.8667 1042.6 2418.1 176.43 980.11 2358.4 183.77 884.29 2324 204.41
2.875 1036.1 2419 178.21 974.59 2358.7 185.25 878.35 2322.2 205.28
2.8833 1029.7 2419.8 180.02 969.01 2358.8 186.75 872.47 2320.2 206.15
2.8917 1023.4 2420.5 181.86 963.34 2358.7 188.26 866.65 2318 207.03
2.9 1017.2 2421.2 183.72 957.56 2358.5 189.79 860.89 2315.7 207.9
2.9083 1011.1 2421.7 185.61 951.65 2358.2 191.32 855.17 2313.2 208.79
2.9167 1005 2422.3 187.51 945.61 2357.6 192.85 849.47 2310.6 209.67
2.925 998.88 2422.8 189.44 939.44 2356.9 194.37 843.79 2307.8 210.54
2.9333 992.79 2423.2 191.38 933.18 2356 195.89 838.09 2304.9 211.4
2.9417 986.67 2423.6 193.35 926.83 2354.8 197.4 832.36 2302 212.24
2.95 980.53 2424 195.35 920.42 2353.5 198.9 826.58 2298.9 213.04
2.9583 974.36 2424.3 197.37 913.97 2352 200.4 820.74 2295.7 213.81
2.9667 968.18 2424.6 199.41 907.49 2350.3 201.89 814.82 2292.5 214.54
2.975 961.97 2424.9 201.47 901.01 2348.4 203.39 808.82 2289.1 215.23
2.9833 955.75 2425.3 203.53 894.52 2346.3 204.89 802.75 2285.6 215.87
2.9917 949.52 2425.6 205.59 888.02 2344.1 206.4 796.61 2282 216.48
3 943.28 2425.9 207.62 881.5 2341.8 207.9 790.42 2278.3 217.06
3.0083 937.02 2426.3 209.59 874.96 2339.3 209.39 784.17 2274.5 217.61
3.0167 930.72 2426.6 211.5 868.39 2336.6 210.88 777.88 2270.5 218.14
3.025 924.37 2427 213.32 861.78 2333.9 212.34 771.56 2266.4 218.66
3.0333 917.96 2427.3 215.04 855.13 2331 213.78 765.2 2262.2 219.16
3.0417 911.48 2427.6 216.65 848.44 2327.9 215.17 758.82 2258 219.64
3.05 904.92 2427.7 218.15 841.84 2324.8 216.52 751.71 2254 219.45
3.0583 898.3 2427.8 219.54 835.1 2321.5 217.81 745.3 2249.5 219.93
3.0667 891.6 2427.7 220.83 828.35 2318.1 219.05 738.85 2245.1 220.39
3.075 884.85 2427.5 222.03 821.61 2314.6 220.23 732.36 2240.6 220.82
3.0833 878.05 2427.1 223.15 814.91 2311 221.35 725.84 2236 221.24
3.0917 871.22 2426.5 224.21 808.23 2307.3 222.42 719.27 2231.5 221.62
3.1 864.34 2425.7 225.21 801.6 2303.6 223.44 712.67 2226.9 221.98
3.1083 857.43 2424.7 226.18 795 2299.8 224.41 706.03 2222.3 222.32
3.1167 850.47 2423.5 227.11 788.44 2295.9 225.33 699.36 2217.6 222.63
3.125 843.43 2422.2 228.02 781.89 2292 226.22 692.66 2212.9 222.92
3.1333 836.32 2420.6 228.91 775.35 2288.1 227.07 685.94 2208.2 223.19
3.1417 829.1 2418.9 229.79 768.78 2284.1 227.89 679.19 2203.5 223.44
3.15 821.77 2417 230.65 762.16 2280 228.67 672.42 2198.7 223.69
3.1583 814.31 2414.9 231.51 755.49 2276 229.41 665.64 2193.9 223.92
3.1667 806.72 2412.6 232.36 748.73 2271.8 230.11 658.83 2189.2 224.15
3.175 799.01 2410.1 233.2 741.89 2267.6 230.78 652.01 2184.4 224.37
3.1833 791.19 2407.4 234.05 734.95 2263.2 231.41 645.16 2179.7 224.58
3.1917 783.27 2404.4 234.88 727.9 2258.8 231.99 638.29 2175.1 224.78
3.2 775.26 2401.2 235.72 720.76 2254.3 232.54 631.38 2170.4 224.97
3.2083 767.18 2397.7 236.54 713.5 2249.7 233.04 624.42 2165.9 225.15
3.2167 759.03 2394 237.35 706.14 2244.9 233.51 617.41 2161.3 225.3
3.225 750.82 2389.9 238.14 698.67 2240 233.94 610.33 2156.7 225.45
3.2333 742.53 2385.4 238.89 691.07 2234.9 234.33 603.16 2152.2 225.57
3.2417 734.18 2380.7 239.6 683.34 2229.7 234.69 595.91 2147.5 225.69
3.25 725.73 2375.5 240.26 675.47 2224.4 235.02 588.54 2142.7 225.8
3.2583 717.19 2369.9 240.86 667.43 2218.9 235.32 581.05 2137.8 225.92
3.2667 708.56 2363.9 241.4 659.2 2213.2 235.59 573.42 2132.8 226.04
3.275 699.82 2357.5 241.86 650.78 2207.3 235.84 565.65 2127.5 226.17
3.2833 690.99 2350.7 242.25 642.15 2201.3 236.05 557.73 2122 226.33
3.2917 682.08 2343.5 242.56 633.31 2195.1 236.25 549.67 2116.3 226.51
3.3 673.09 2336 242.81 624.27 2188.7 236.42 541.47 2110.4 226.71
3.3083 664.06 2328.1 243 615.04 2182.1 236.56 533.16 2104.4 226.95
3.3167 655.01 2320 243.13 605.66 2175.4 236.68 524.75 2098.1 227.21
3.325 645.96 2311.6 243.21 596.18 2168.5 236.79 516.28 2091.8 227.49
3.3333 636.95 2303.1 243.25 586.63 2161.6 236.88 507.78 2085.3 227.78
3.3417 628.01 2294.5 243.25 577.07 2154.5 236.96 499.28 2078.9 228.08
3.35 619.16 2285.9 243.22 567.57 2147.4 237.03 490.83 2072.4 228.37
3.3583 610.42 2277.3 243.18 558.18 2140.2 237.1 482.47 2065.9 228.66
3.3667 601.81 2268.8 243.13 548.96 2133 237.19 474.22 2059.4 228.93
3.375 593.31 2260.4 243.1 539.95 2125.9 237.28 466.11 2052.9 229.18
3.3833 584.88 2252.2 243.09 531.18 2118.7 237.4 458.16 2046.5 229.41
3.3917 576.46 2244.2 243.09 522.68 2111.6 237.54 450.4 2040.1 229.61
3.4 568.06 2236.4 243.09 514.47 2104.5 237.71 442.83 2033.6 229.8
3.4083 559.68 2228.7 243.08 506.54 2097.4 237.92 435.45 2027.2 229.97
3.4167 551.41 2221.1 243.04 498.89 2090.4 238.15 428.26 2020.6 230.13
3.425 543.27 2213.6 242.99 491.51 2083.4 238.43 421.25 2014 230.28
3.4333 535.3 2206 242.92 484.38 2076.4 238.73 414.43 2007.4 230.43
3.4417 527.49 2198.5 242.85 477.48 2069.4 239.07 407.78 2000.6 230.58
3.45 519.81 2190.9 242.78 470.79 2062.4 239.43 401.31 1993.7 230.73
3.4583 512.21 2183.4 242.72 464.28 2055.5 239.83 395 1986.8 230.88
3.4667 504.64 2175.8 242.67 457.95 2048.4 240.24 388.87 1979.7 231.04
3.475 497.07 2168.3 242.64 451.77 2041.4 240.67 382.9 1972.6 231.21
3.4833 489.51 2160.9 242.63 445.72 2034.4 241.13 377.11 1965.3 231.38
3.4917 482.02 2153.4 242.64 439.79 2027.2 241.59 371.49 1958 231.56
3.5 474.63 2145.9 242.69 433.96 2020 242.07 366.03 1950.5 231.74
3.5083 467.38 2138.4 242.77 428.22 2012.8 242.56 360.73 1943 231.94
3.5167 460.28 2131 242.9 422.54 2005.4 243.05 355.58 1935.4 232.15
3.525 453.34 2123.4 243.06 416.92 1997.9 243.55 350.57 1927.6 232.37
3.5333 446.55 2115.8 243.25 411.33 1990.4 244.06 345.67 1919.7 232.61
3.5417 439.91 2108.2 243.47 405.77 1982.6 244.57 340.87 1911.7 232.88
3.55 433.38 2100.4 243.71 400.22 1974.8 245.08 336.14 1903.6 233.16
3.5583 426.95 2092.4 243.95 394.69 1966.7 245.59 331.47 1895.3 233.47
3.5667 420.59 2084.3 244.2 389.16 1958.6 246.11 326.82 1886.9 233.8
3.575 414.29 2076 244.43 383.64 1950.3 246.62 322.19 1878.4 234.14
3.5833 408 2067.4 244.64 378.14 1941.9 247.13 317.57 1869.7 234.49
3.5917 401.73 2058.7 244.84 372.66 1933.3 247.63 312.93 1860.9 234.84
3.6 395.46 2049.8 245.01 367.21 1924.7 248.13 308.29 1852.1 235.18
3.6083 389.19 2040.8 245.15 361.8 1916 248.62 303.64 1843.2 235.51
3.6167 382.9 2031.7 245.27 356.44 1907.3 249.11 299 1834.2 235.82
3.625 376.6 2022.5 245.36 351.14 1898.5 249.58 294.36 1825.2 236.1
3.6333 370.29 2013.2 245.43 345.89 1889.7 250.03 289.73 1816.2 236.37
3.6417 363.96 2004 245.47 340.7 1880.9 250.47 285.14 1807.2 236.61
3.65 357.63 1994.7 245.49 335.56 1872.1 250.88 280.57 1798.2 236.85
3.6583 351.29 1985.4 245.49 330.47 1863.3 251.27 276.05 1789.2 237.08
3.6667 344.95 1976 245.46 325.42 1854.4 251.62 271.56 1780.2 237.31
3.675 338.62 1966.7 245.42 320.4 1845.6 251.93 267.1 1771.2 237.56
3.6833 332.31 1957.2 245.35 315.41 1836.7 252.2 262.67 1762.2 237.83
3.6917 326.01 1947.7 245.26 310.42 1827.8 252.43 258.25 1753.2 238.12
3.7 319.75 1938 245.14 305.44 1818.9 252.61 253.83 1744.2 238.43
3.7083 313.51 1928.3 245 300.46 1809.9 252.74 249.41 1735.2 238.75
3.7167 307.31 1918.4 244.82 295.47 1800.9 252.83 244.98 1726.2 239.08
3.725 301.14 1908.4 244.6 290.47 1791.8 252.87 240.52 1717.1 239.41
