0.0083333 -24.341 6.4572 103.23 -54.448 77.503 90.535 -21.354 222.74 83.118
0.016667 -23.84 14.478 103.56 -53.504 85.553 90.675 -20.436 231.78 83.134
0.025 -23.372 22.712 103.9 -52.523 93.748 90.815 -19.485 240.89 83.157
0.033333 -22.923 31.183 104.25 -51.513 102.09 90.956 -18.501 250.06 83.185
0.041667 -22.465 39.913 104.61 -50.483 110.57 91.09 -17.483 259.3 83.219
0.05 -21.975 48.936 104.96 -49.436 119.21 91.216 -16.436 268.58 83.257
0.058333 -21.443 58.299 105.32 -48.373 127.98 91.335 -15.362 277.91 83.299
0.066667 -20.837 68.021 105.67 -47.292 136.9 91.444 -14.269 287.29 83.347
0.075 -20.154 78.128 106 -46.187 145.96 91.546 -13.165 296.73 83.401
0.083333 -19.39 88.621 106.31 -45.052 155.15 91.64 -12.058 306.23 83.464
0.091667 -18.551 99.48 106.59 -43.88 164.47 91.73 -10.959 315.79 83.538
0.1 -17.659 110.67 106.83 -42.668 173.93 91.813 -9.8774 325.43 83.624
0.10833 -16.726 122.13 107.03 -41.415 183.52 91.89 -8.8219 335.16 83.725
0.11667 -15.774 133.78 107.17 -40.128 193.25 91.961 -7.8008 344.98 83.842
0.125 -14.826 145.53 107.25 -38.82 203.1 92.022 -6.8214 354.89 83.974
0.13333 -13.899 157.29 107.27 -37.51 213.07 92.073 -5.8894 364.89 84.121
0.14167 -12.997 168.96 107.21 -36.224 223.17 92.111 -5.0105 374.98 84.282
0.15 -12.129 180.48 107.1 -34.993 233.36 92.135 -4.19 385.13 84.455
0.15833 -11.277 191.77 106.93 -33.848 243.64 92.145 -3.4343 395.35 84.637
0.16667 -10.43 202.77 106.71 -32.82 253.98 92.142 -2.751 405.59 84.826
0.175 -9.5743 213.47 106.47 -31.938 264.34 92.13 -2.1505 415.85 85.022
0.18333 -8.6951 223.84 106.22 -31.223 274.7 92.115 -1.6454 426.1 85.224
0.19167 -7.7876 233.88 105.98 -30.688 285.01 92.103 -1.2517 436.31 85.434
0.2 -6.8523 243.61 105.75 -30.337 295.22 92.102 -0.98813 446.47 85.654
0.20833 -5.8931 253.06 105.55 -30.165 305.3 92.121 -0.87544 456.57 85.889
0.21667 -4.914 262.28 105.39 -30.157 315.2 92.168 -0.93597 466.57 86.144
0.225 -3.9186 271.31 105.26 -30.293 324.89 92.253 -1.1917 476.48 86.424
0.23333 -2.9118 280.21 105.17 -30.546 334.32 92.38 -1.6643 486.27 86.737
0.24167 -1.9094 289.04 105.11 -30.892 343.47 92.556 -2.3723 495.94 87.087
0.25 -0.94669 297.81 105.08 -31.304 352.34 92.781 -3.3309 505.48 87.48
0.25833 -0.075001 306.55 105.06 -31.763 360.9 93.056 -4.5508 514.87 87.92
0.26667 0.63949 315.22 105.06 -32.251 369.17 93.378 -6.0373 524.1 88.41
0.275 1.1302 323.8 105.08 -32.759 377.15 93.743 -7.7913 533.15 88.952
0.28333 1.3475 332.23 105.1 -33.285 384.87 94.144 -9.8078 542.02 89.545
0.29167 1.2616 340.48 105.14 -33.829 392.34 94.579 -12.078 550.69 90.189
0.3 0.8653 348.51 105.21 -34.399 399.59 95.04 -14.589 559.14 90.883
0.30833 0.16985 356.27 105.32 -35.007 406.64 95.527 -17.326 567.37 91.622
0.31667 -0.79375 363.74 105.48 -35.665 413.51 96.037 -20.272 575.37 92.405
0.325 -1.9853 370.92 105.7 -36.387 420.23 96.57 -23.411 583.13 93.228
0.33333 -3.3575 377.82 105.99 -37.184 426.81 97.129 -26.726 590.66 94.086
0.34167 -4.8707 384.46 106.36 -38.065 433.26 97.715 -30.198 597.96 94.974
0.35 -6.4781 390.86 106.8 -39.038 439.59 98.333 -33.815 605.04 95.888
0.35833 -8.1323 397.07 107.32 -40.105 445.8 98.986 -37.561 611.91 96.821
0.36667 -9.8065 403.11 107.9 -41.262 451.89 99.681 -41.424 618.57 97.768
0.375 -11.465 409.03 108.53 -42.511 457.87 100.42 -45.393 625.03 98.722
0.38333 -13.09 414.86 109.19 -43.847 463.74 101.2 -49.455 631.31 99.677
0.39167 -14.672 420.62 109.87 -45.268 469.5 102.02 -53.604 637.4 100.63
0.4 -16.216 426.32 110.54 -46.772 475.15 102.88 -57.831 643.31 101.57
0.40833 -17.738 431.96 111.19 -48.358 480.67 103.78 -62.131 649.03 102.5
0.41667 -19.269 437.55 111.82 -50.026 486.07 104.7 -66.502 654.56 103.43
0.425 -20.842 443.06 112.42 -51.773 491.34 105.64 -70.941 659.89 104.34
0.43333 -22.496 448.5 112.98 -53.595 496.48 106.58 -75.452 665.01 105.24
0.44167 -24.263 453.84 113.52 -55.489 501.47 107.52 -80.038 669.92 106.14
0.45 -26.168 459.09 114.05 -57.448 506.33 108.46 -84.706 674.6 107.03
0.45833 -28.218 464.24 114.59 -59.468 511.06 109.39 -89.464 679.06 107.93
0.46667 -30.421 469.29 115.14 -61.542 515.65 110.31 -94.318 683.28 108.84
0.475 -32.76 474.26 115.73 -63.669 520.13 111.22 -99.277 687.27 109.76
0.48333 -35.211 479.14 116.36 -65.845 524.5 112.11 -104.35 691.02 110.69
0.49167 -37.749 483.96 117.04 -68.072 528.75 113 -109.53 694.54 111.63
0.5 -40.347 488.72 117.77 -70.353 532.9 113.89 -114.82 697.84 112.57
0.50833 -42.983 493.42 118.53 -72.693 536.95 114.77 -120.21 700.91 113.53
0.51667 -45.63 498.08 119.32 -75.098 540.91 115.64 -125.7 703.78 114.48
0.525 -48.274 502.69 120.12 -77.578 544.78 116.51 -131.27 706.44 115.43
0.53333 -50.907 507.24 120.9 -80.141 548.56 117.37 -136.91 708.92 116.38
0.54167 -53.523 511.74 121.66 -82.794 552.25 118.22 -142.61 711.22 117.31
0.55 -56.136 516.18 122.36 -85.547 555.88 119.05 -148.34 713.34 118.23
0.55833 -58.75 520.56 123 -88.404 559.44 119.86 -154.09 715.31 119.14
0.56667 -61.394 524.86 123.57 -91.368 562.94 120.65 -159.86 717.12 120.04
0.575 -64.083 529.09 124.06 -94.441 566.41 121.41 -165.63 718.8 120.93
0.58333 -66.846 533.24 124.47 -97.625 569.84 122.13 -171.42 720.35 121.82
0.59167 -69.71 537.33 124.8 -100.92 573.25 122.81 -177.21 721.78 122.7
0.6 -72.696 541.35 125.07 -104.32 576.66 123.46 -183.02 723.11 123.57
0.60833 -75.821 545.32 125.29 -107.82 580.05 124.07 -188.86 724.34 124.45
0.61667 -79.101 549.24 125.46 -111.44 583.44 124.63 -194.73 725.5 125.31
0.625 -82.532 553.12 125.6 -115.16 586.83 125.16 -200.66 726.59 126.17
0.63333 -86.127 556.97 125.72 -119 590.2 125.64 -206.64 727.65 127.02
0.64167 -89.868 560.8 125.84 -122.96 593.55 126.09 -212.69 728.67 127.84
0.65 -93.759 564.63 125.95 -127.05 596.86 126.49 -218.81 729.69 128.64
0.65833 -97.779 568.45 126.08 -131.26 600.12 126.87 -225.01 730.71 129.39
0.66667 -101.92 572.26 126.21 -135.58 603.7 127.19 -231.8 729.75 131.28
0.675 -106.17 576.1 126.36 -140.09 606.82 127.5 -238.15 730.82 131.96
0.68333 -110.53 579.95 126.53 -144.76 609.85 127.77 -244.59 731.92 132.59
0.69167 -114.98 583.84 126.71 -149.58 612.79 128.01 -251.11 733.07 133.17
0.7 -119.54 587.75 126.92 -154.56 615.63 128.23 -257.71 734.28 133.71
0.70833 -124.21 591.7 127.15 -159.72 618.38 128.42 -264.39 735.53 134.21
0.71667 -128.99 595.67 127.39 -165.03 621.04 128.59 -271.17 736.83 134.67
0.725 -133.91 599.68 127.65 -170.51 623.62 128.73 -278.04 738.17 135.1
0.73333 -138.97 603.7 127.92 -176.16 626.13 128.86 -285.02 739.54 135.51
0.74167 -144.19 607.74 128.2 -181.98 628.58 128.97 -292.11 740.95 135.89
0.75 -149.58 611.79 128.48 -187.96 630.99 129.07 -299.32 742.38 136.26
0.75833 -155.14 615.83 128.75 -194.12 633.36 129.16 -306.65 743.82 136.61
0.76667 -160.87 619.84 129 -200.47 635.72 129.24 -314.1 745.28 136.94
0.775 -166.77 623.84 129.22 -207 638.07 129.32 -321.68 746.75 137.24
0.78333 -172.85 627.8 129.41 -213.73 640.41 129.4 -329.37 748.23 137.52
0.79167 -179.09 631.72 129.55 -220.68 642.76 129.49 -337.19 749.71 137.76
0.8 -185.49 635.61 129.65 -227.86 645.11 129.58 -345.11 751.19 137.97
0.80833 -192.06 639.47 129.69 -235.27 647.48 129.67 -353.15 752.68 138.14
0.81667 -198.81 643.29 129.69 -242.91 649.86 129.76 -361.28 754.18 138.27
0.825 -205.74 647.1 129.64 -250.81 652.25 129.86 -369.51 755.68 138.35
0.83333 -212.88 650.88 129.54 -258.96 654.66 129.96 -377.84 757.18 138.39
0.84167 -220.25 654.65 129.41 -267.36 657.09 130.05 -386.27 758.69 138.4
0.85 -227.9 658.4 129.25 -276.01 659.55 130.14 -394.8 760.21 138.38
0.85833 -235.85 662.13 129.07 -284.9 662.04 130.22 -403.45 761.74 138.33
0.86667 -244.13 665.81 128.89 -294.05 664.57 130.29 -412.22 763.29 138.27
0.875 -252.78 669.43 128.7 -303.43 667.14 130.36 -421.12 764.88 138.18
0.88333 -261.82 672.97 128.53 -313.06 669.75 130.43 -430.17 766.52 138.09
0.89167 -271.26 676.4 128.38 -322.93 672.41 130.51 -439.36 768.23 137.97
0.9 -281.1 679.7 128.26 -333.05 675.12 130.59 -448.71 770.04 137.84
0.90833 -291.32 682.85 128.19 -343.42 677.88 130.68 -458.22 771.98 137.68
0.91667 -301.9 685.82 128.18 -354.04 680.69 130.79 -467.88 774.06 137.49
0.925 -312.8 688.61 128.25 -364.92 683.55 130.93 -477.69 776.32 137.26
0.93333 -323.98 691.22 128.4 -376.05 686.45 131.09 -487.65 778.76 136.98
0.94167 -333.49 694.35 127.93 -387.42 689.39 131.29 -497.74 781.41 136.64
0.95 -344.29 696.18 127.85 -399.01 692.38 131.52 -507.96 784.28 136.25
0.95833 -355.44 697.96 128.01 -410.78 695.06 131.78 -517.97 789.2 134.65
0.96667 -366.87 699.7 128.4 -422.74 698.13 132.06 -528.43 792.44 134.18
0.975 -378.51 701.41 128.98 -434.82 701.26 132.37 -538.99 795.86 133.67
0.98333 -390.29 703.14 129.72 -446.97 704.44 132.69 -549.63 799.46 133.12
0.99167 -402.13 704.9 130.58 -459.14 707.68 133.01 -560.35 803.22 132.54
1 -413.95 706.69 131.51 -471.28 710.99 133.34 -571.12 807.12 131.95
1.0083 -425.69 708.54 132.45 -483.32 714.37 133.65 -581.95 811.15 131.37
1.0167 -437.27 710.43 133.36 -495.21 717.82 133.96 -592.8 815.29 130.79
1.025 -448.59 712.35 134.19 -506.9 721.35 134.23 -603.65 819.53 130.22
1.0333 -459.6 714.28 134.9 -518.36 724.96 134.49 -614.48 823.88 129.68
1.0417 -470.2 716.19 135.48 -529.55 728.63 134.71 -625.26 828.33 129.16
1.05 -480.31 718.08 135.91 -540.45 732.37 134.9 -635.94 832.89 128.66
1.0583 -489.87 719.95 136.18 -551.05 736.16 135.06 -646.49 837.55 128.18
1.0667 -498.86 721.85 136.34 -561.36 740 135.18 -656.87 842.31 127.71
1.075 -507.29 723.85 136.42 -571.37 743.86 135.27 -667.05 847.19 127.26
1.0833 -515.25 726.02 136.47 -581.11 747.75 135.32 -676.99 852.17 126.8
1.0917 -522.84 728.41 136.56 -590.6 751.65 135.34 -686.67 857.26 126.34
1.1 -530.15 731.03 136.71 -599.85 755.56 135.31 -696.06 862.45 125.88
1.1083 -537.24 733.9 136.93 -608.89 759.48 135.24 -705.15 867.75 125.4
1.1167 -544.16 736.98 137.24 -617.73 763.41 135.12 -713.92 873.14 124.92
1.125 -550.92 740.24 137.6 -626.41 767.35 134.96 -722.39 878.62 124.42
1.1333 -557.54 743.63 138 -634.92 771.32 134.73 -730.55 884.2 123.9
1.1417 -564.02 747.1 138.41 -643.3 775.32 134.44 -738.41 889.87 123.38
1.15 -570.37 750.61 138.79 -651.53 779.38 134.09 -745.99 895.63 122.84
1.1583 -576.59 754.13 139.11 -659.62 783.49 133.67 -753.31 901.5 122.29
1.1667 -582.7 757.64 139.36 -667.58 787.68 133.18 -760.36 907.46 121.74
1.175 -588.68 761.13 139.52 -675.4 791.95 132.63 -767.17 913.54 121.17
1.1833 -594.56 764.61 139.58 -683.08 796.31 132.01 -773.74 919.74 120.59
1.1917 -600.34 768.11 139.55 -690.62 800.77 131.33 -780.07 926.04 120
1.2 -606.04 771.61 139.44 -698 805.32 130.59 -786.15 932.47 119.39
1.2083 -611.66 775.13 139.24 -705.22 809.97 129.79 -791.99 939.01 118.77
1.2167 -617.23 778.67 138.97 -712.29 814.71 128.95 -797.56 945.66 118.12
1.225 -622.76 782.23 138.65 -719.19 819.54 128.07 -802.86 952.42 117.45
1.2333 -628.28 785.82 138.28 -725.94 824.45 127.14 -807.86 959.28 116.75
1.2417 -633.78 789.45 137.87 -732.52 829.43 126.18 -812.58 966.23 116.02
1.25 -639.29 793.12 137.43 -738.94 834.48 125.18 -816.98 973.26 115.26
1.2583 -644.8 796.84 136.96 -745.21 839.59 124.14 -821.07 980.37 114.47
1.2667 -650.34 800.62 136.45 -751.33 844.77 123.07 -824.84 987.56 113.66
1.275 -655.93 804.46 135.92 -757.3 850 121.97 -828.31 994.83 112.81
1.2833 -661.58 808.36 135.34 -763.14 855.3 120.84 -831.47 1002.2 111.94
1.2917 -667.3 812.32 134.74 -768.84 860.67 119.69 -834.35 1009.6 111.04
1.3 -673.12 816.33 134.11 -774.42 866.11 118.52 -836.97 1017 110.13
1.3083 -679.03 820.42 133.45 -779.87 871.64 117.33 -839.34 1024.5 109.21
1.3167 -685.04 824.59 132.78 -785.2 877.25 116.14 -841.5 1032.1 108.29
1.325 -691.11 828.85 132.1 -790.42 882.97 114.95 -843.47 1039.7 107.37
1.3333 -697.25 833.21 131.43 -795.53 888.8 113.78 -845.27 1047.4 106.45
1.3417 -703.42 837.7 130.79 -800.53 894.74 112.62 -846.93 1055 105.56
1.35 -709.6 842.33 130.17 -805.42 900.81 111.48 -848.48 1062.7 104.68
1.3583 -715.78 847.11 129.59 -810.21 907.02 110.38 -849.92 1070.3 103.82
1.3667 -721.94 852.05 129.06 -814.89 913.36 109.32 -851.28 1078 103
1.375 -728.07 857.15 128.58 -819.46 919.83 108.3 -852.57 1085.6 102.19
1.3833 -734.17 862.43 128.14 -823.94 926.44 107.33 -853.8 1093.2 101.41
1.3917 -740.24 867.88 127.73 -828.31 933.18 106.4 -854.97 1100.8 100.65
1.4 -746.28 873.5 127.36 -832.6 940.04 105.52 -856.09 1108.3 99.915
1.4083 -752.31 879.3 127 -836.81 947.02 104.69 -857.17 1115.9 99.191
1.4167 -758.33 885.27 126.66 -840.93 954.11 103.9 -858.21 1123.5 98.48
1.425 -764.34 891.43 126.32 -844.98 961.31 103.17 -859.21 1131.2 97.778
1.4333 -770.35 897.77 125.98 -848.97 968.63 102.49 -860.19 1138.9 97.085
1.4417 -776.33 904.3 125.65 -852.89 976.05 101.86 -861.15 1146.7 96.401
1.45 -782.28 911.05 125.32 -856.75 983.58 101.28 -862.09 1154.5 95.726
1.4583 -788.19 918.01 125 -860.55 991.22 100.76 -863.03 1162.5 95.062
1.4667 -794.02 925.2 124.7 -864.29 998.99 100.29 -863.96 1170.5 94.41
1.475 -799.76 932.64 124.43 -867.95 1006.9 99.881 -864.91 1178.7 93.773
1.4833 -805.38 940.32 124.2 -871.55 1014.9 99.518 -865.87 1186.9 93.153
1.4917 -810.86 948.24 124 -875.07 1023.1 99.207 -866.84 1195.1 92.551
1.5 -816.2 956.39 123.85 -878.51 1031.4 98.943 -867.83 1203.5 91.968
1.5083 -821.39 964.74 123.72 -881.87 1040 98.725 -868.83 1211.9 91.403
1.5167 -826.43 973.27 123.63 -885.15 1048.7 98.547 -869.85 1220.4 90.855
1.525 -831.34 981.95 123.55 -888.35 1057.7 98.406 -870.87 1229 90.322
1.5333 -836.12 990.75 123.47 -891.46 1066.9 98.297 -871.9 1237.7 89.804
1.5417 -840.78 999.68 123.39 -894.5 1076.4 98.213 -872.94 1246.5 89.297
1.55 -845.34 1008.7 123.28 -897.46 1086.1 98.15 -873.98 1255.5 88.802
1.5583 -849.79 1017.9 123.14 -900.34 1096.2 98.101 -875.02 1264.6 88.318
1.5667 -854.15 1027.3 122.97 -903.16 1106.6 98.059 -876.08 1274 87.847
1.575 -858.4 1036.9 122.77 -905.9 1117.3 98.019 -877.16 1283.6 87.389
1.5833 -862.54 1046.7 122.54 -908.57 1128.2 97.975 -878.27 1293.4 86.95
1.5917 -866.56 1056.9 122.3 -911.16 1139.4 97.923 -879.41 1303.5 86.532
1.6 -870.46 1067.3 122.03 -913.69 1150.9 97.858 -880.61 1313.9 86.139
1.6083 -874.23 1078.1 121.77 -916.14 1162.6 97.777 -881.86 1324.5 85.775
1.6167 -877.86 1089.1 121.5 -918.51 1174.4 97.682 -883.19 1335.4 85.443
1.625 -881.35 1100.5 121.23 -920.81 1186.2 97.571 -884.59 1346.6 85.145
1.6333 -884.7 1112 120.96 -923.05 1198.2 97.449 -886.06 1357.9 84.881
1.6417 -887.9 1123.8 120.68 -925.22 1210.1 97.32 -887.62 1369.4 84.651
1.65 -890.93 1135.8 120.39 -927.33 1222 97.191 -889.24 1381 84.453
1.6583 -893.8 1147.9 120.08 -929.4 1233.8 97.067 -890.94 1392.6 84.282
1.6667 -896.5 1160 119.73 -931.43 1245.4 96.956 -892.7 1404.2 84.136
1.675 -899.02 1172.2 119.34 -933.44 1257 96.865 -894.51 1415.8 84.008
1.6833 -901.37 1184.3 118.92 -935.43 1268.3 96.799 -896.37 1427.2 83.896
1.6917 -903.57 1196.2 118.45 -937.43 1279.5 96.761 -898.28 1438.5 83.795
1.7 -905.66 1207.9 117.94 -939.43 1290.4 96.753 -900.22 1449.6 83.702
