0.0083333 -14.971 7.2068 96.05 -34.112 148.86 86.075 9.7919 255.32 74.8
0.016667 -13.996 16.121 96.096 -32.626 158.15 85.936 11.586 263.61 74.69
0.025 -13.007 25.383 96.156 -31.011 167.58 85.773 13.458 272.08 74.596
0.033333 -12.013 34.976 96.221 -29.268 177.15 85.594 15.41 280.75 74.519
0.041667 -11.028 44.88 96.286 -27.402 186.86 85.403 17.443 289.6 74.459
0.05 -10.06 55.068 96.34 -25.419 196.69 85.205 19.557 298.65 74.418
0.058333 -9.1142 65.513 96.376 -23.333 206.65 85.004 21.749 307.88 74.396
0.066667 -8.1904 76.184 96.387 -21.158 216.73 84.805 24.012 317.28 74.395
0.075 -7.2807 87.051 96.368 -18.915 226.93 84.606 26.339 326.84 74.413
0.083333 -6.3688 98.085 96.314 -16.625 237.22 84.409 28.72 336.53 74.448
0.091667 -5.4331 109.26 96.228 -14.316 247.61 84.214 31.145 346.32 74.496
0.1 -4.4473 120.54 96.109 -12.014 258.05 84.021 33.599 356.2 74.552
0.10833 -3.3855 131.89 95.965 -9.7471 268.53 83.83 36.066 366.12 74.609
0.11667 -2.2232 143.3 95.801 -7.5428 279.02 83.644 38.53 376.08 74.663
0.125 -0.9425 154.71 95.624 -5.4248 289.45 83.467 40.969 386.03 74.707
0.13333 0.46445 166.11 95.442 -3.4131 299.81 83.303 43.36 395.95 74.737
0.14167 1.9946 177.47 95.258 -1.5223 310.03 83.16 45.678 405.84 74.751
0.15 3.6327 188.75 95.077 0.23888 320.08 83.046 47.898 415.66 74.75
0.15833 5.3553 199.94 94.901 1.868 329.94 82.97 49.993 425.42 74.738
0.16667 7.1339 211.03 94.729 3.3689 339.57 82.937 51.938 435.11 74.719
0.175 8.9419 222.02 94.557 4.7503 348.96 82.954 53.71 444.72 74.704
0.18333 10.76 232.93 94.379 6.0261 358.13 83.024 55.29 454.28 74.7
0.19167 12.574 243.76 94.189 7.213 367.08 83.148 56.665 463.78 74.718
0.2 14.378 254.54 93.981 8.3285 375.85 83.323 57.83 473.23 74.766
0.20833 16.169 265.29 93.751 9.3899 384.46 83.544 58.785 482.66 74.851
0.21667 17.947 276.01 93.498 10.413 392.97 83.804 59.538 492.08 74.977
0.225 19.713 286.74 93.223 11.411 401.4 84.094 60.105 501.51 75.145
0.23333 21.47 297.46 92.93 12.391 409.81 84.407 60.505 510.95 75.353
0.24167 23.221 308.18 92.625 13.359 418.21 84.734 60.764 520.43 75.594
0.25 24.964 318.89 92.317 14.315 426.65 85.067 60.91 529.95 75.862
0.25833 26.689 329.59 92.013 15.259 435.13 85.401 60.967 539.52 76.146
0.26667 28.386 340.25 91.722 16.186 443.67 85.733 60.964 549.15 76.437
0.275 30.032 350.85 91.453 17.092 452.28 86.06 60.92 558.84 76.726
0.28333 31.603 361.39 91.209 17.973 460.96 86.384 60.854 568.59 77.004
0.29167 33.075 371.84 90.993 18.826 469.7 86.704 60.779 578.39 77.266
0.3 34.423 382.2 90.805 19.651 478.51 87.024 60.701 588.24 77.508
0.30833 35.632 392.46 90.639 20.448 487.4 87.347 60.624 598.13 77.731
0.31667 36.697 402.63 90.491 21.221 496.35 87.673 60.548 608.05 77.936
0.325 37.617 412.72 90.35 21.971 505.38 88.004 60.469 617.99 78.126
0.33333 38.409 422.75 90.21 22.705 514.51 88.341 60.383 627.93 78.306
0.34167 39.092 432.73 90.061 23.425 523.73 88.681 60.288 637.87 78.481
0.35 39.696 442.68 89.898 24.134 533.06 89.022 60.18 647.81 78.655
0.35833 40.251 452.61 89.716 24.835 542.51 89.359 60.058 657.73 78.832
0.36667 40.788 462.54 89.512 25.528 552.08 89.686 59.924 667.65 79.014
0.375 41.338 472.47 89.287 26.213 561.78 89.999 59.782 677.55 79.201
0.38333 41.923 482.39 89.044 26.888 571.6 90.293 59.637 687.46 79.392
0.39167 42.56 492.3 88.785 27.551 581.54 90.563 59.495 697.37 79.585
0.4 43.254 502.2 88.516 28.198 591.59 90.808 59.363 707.3 79.778
0.40833 44.005 512.08 88.239 28.826 601.74 91.025 59.247 717.26 79.967
0.41667 44.806 521.94 87.962 29.431 611.98 91.213 59.154 727.27 80.149
0.425 45.642 531.78 87.688 30.01 622.3 91.374 59.088 737.34 80.322
0.43333 46.492 541.59 87.421 30.561 632.68 91.509 59.054 747.49 80.484
0.44167 47.339 551.41 87.165 31.081 643.14 91.618 59.053 757.7 80.632
0.45 48.164 561.23 86.922 31.571 653.67 91.704 59.086 768.01 80.767
0.45833 48.95 571.08 86.694 32.028 664.27 91.767 59.155 778.39 80.887
0.46667 49.689 581 86.483 32.456 674.96 91.808 59.257 788.85 80.994
0.475 50.372 591.02 86.289 32.856 685.73 91.826 59.389 799.39 81.087
0.48333 51.003 601.18 86.112 33.231 696.6 91.821 59.55 809.98 81.168
0.49167 51.582 611.52 85.95 33.583 707.59 91.794 59.733 820.64 81.236
0.5 52.118 622.06 85.802 33.915 718.68 91.745 59.934 831.35 81.292
0.50833 52.622 632.82 85.667 34.228 729.89 91.674 60.145 842.11 81.338
0.51667 53.108 643.82 85.544 34.526 741.21 91.586 60.358 852.91 81.374
0.525 53.585 655.05 85.431 34.807 752.62 91.484 60.565 863.78 81.401
0.53333 54.064 666.5 85.327 35.071 764.13 91.372 60.756 874.7 81.42
0.54167 54.548 678.16 85.228 35.314 775.7 91.258 60.922 885.71 81.432
0.55 55.039 690.03 85.126 35.535 787.34 91.15 61.054 896.8 81.439
0.55833 55.535 702.08 85.02 35.724 799.01 91.055 61.146 908.01 81.439
0.56667 56.031 714.32 84.899 35.879 810.73 90.981 61.194 919.35 81.433
0.575 56.522 726.76 84.759 35.992 822.49 90.935 61.194 930.82 81.42
0.58333 57.002 739.4 84.597 36.056 834.28 90.922 61.148 942.44 81.397
0.59167 57.468 752.25 84.412 36.068 846.13 90.943 61.057 954.21 81.364
0.6 57.918 765.32 84.208 36.027 858.05 91 60.928 966.12 81.316
0.60833 58.356 778.6 83.993 35.936 870.05 91.091 60.766 978.17 81.251
0.61667 58.793 792.1 83.777 35.803 882.17 91.209 60.579 990.32 81.169
0.625 59.235 805.78 83.576 35.638 894.42 91.349 60.374 1002.6 81.068
0.63333 59.689 819.61 83.405 35.459 906.82 91.499 60.159 1014.9 80.95
0.64167 60.156 833.56 83.281 35.285 919.38 91.65 59.941 1027.2 80.817
0.65 60.628 847.57 83.217 35.14 932.1 91.79 59.725 1039.6 80.674
0.65833 61.092 861.59 83.222 35.049 944.95 91.908 59.519 1052 80.528
0.66667 61.535 875.57 83.302 35.035 957.93 91.992 59.328 1064.3 80.387
0.675 61.946 889.45 83.453 35.122 970.99 92.034 59.162 1076.7 80.259
0.68333 62.317 903.17 83.667 35.331 984.09 92.024 59.032 1089 80.151
0.69167 62.642 916.71 83.928 35.678 997.18 91.957 58.953 1101.3 80.072
0.7 62.922 930.03 84.214 36.177 1010.2 91.829 58.942 1113.6 80.024
0.70833 63.158 943.11 84.501 36.832 1023.1 91.638 59.023 1125.9 80.011
0.71667 63.356 955.94 84.766 37.646 1035.9 91.386 59.222 1138.2 80.029
0.725 63.524 968.55 84.992 38.614 1048.5 91.076 59.568 1150.5 80.073
0.73333 63.672 980.97 85.167 39.726 1060.8 90.714 60.09 1162.8 80.135
0.74167 63.821 993.25 85.287 40.968 1072.9 90.306 60.816 1175.2 80.204
0.75 63.987 1005.4 85.35 42.324 1084.8 89.86 61.773 1187.5 80.266
0.75833 64.2 1017.5 85.358 43.776 1096.4 89.383 62.978 1199.8 80.308
0.76667 64.483 1029.5 85.317 45.305 1107.9 88.883 64.445 1212.1 80.32
0.775 64.864 1041.4 85.236 46.895 1119.2 88.368 66.179 1224.3 80.289
0.78333 65.369 1053.2 85.126 48.534 1130.4 87.841 68.172 1236.4 80.211
0.79167 66.025 1065 85.001 50.212 1141.6 87.309 70.414 1248.4 80.08
0.8 66.843 1076.7 84.872 51.925 1152.7 86.774 72.882 1260.4 79.898
0.80833 67.836 1088.3 84.752 53.671 1163.8 86.238 75.548 1272.2 79.668
0.81667 69.004 1099.8 84.65 55.453 1175 85.701 78.384 1283.9 79.395
0.825 70.331 1111.2 84.571 57.273 1186.2 85.161 81.358 1295.5 79.087
0.83333 71.798 1122.6 84.52 59.136 1197.4 84.616 84.439 1306.9 78.753
0.84167 73.379 1133.9 84.499 61.044 1208.7 84.063 87.604 1318.2 78.401
0.85 75.04 1145.1 84.507 62.998 1220.1 83.499 90.831 1329.5 78.037
0.85833 76.746 1156.4 84.541 64.999 1231.5 82.921 94.105 1340.6 77.668
0.86667 78.467 1167.6 84.598 67.047 1242.9 82.329 97.419 1351.7 77.298
0.875 80.175 1178.9 84.676 69.142 1254.4 81.725 100.77 1362.6 76.929
0.88333 81.848 1190.1 84.771 71.281 1265.9 81.109 104.16 1373.6 76.561
0.89167 83.474 1201.3 84.881 73.466 1277.4 80.488 107.58 1384.4 76.194
0.9 85.053 1212.6 85.003 75.695 1288.9 79.866 111.06 1395.3 75.829
0.90833 86.592 1223.9 85.138 77.971 1300.5 79.252 114.58 1406.1 75.465
0.91667 88.112 1235.1 85.285 80.295 1312.2 78.652 118.15 1416.9 75.102
0.925 89.638 1246.4 85.441 82.668 1324 78.073 121.77 1427.6 74.741
0.93333 91.201 1257.7 85.606 85.093 1335.8 77.521 125.45 1438.4 74.385
0.94167 92.835 1269.1 85.775 87.571 1347.7 77.002 129.16 1449.2 74.037
0.95 94.569 1280.5 85.947 90.103 1359.7 76.519 132.91 1460 73.698
0.95833 96.427 1291.9 86.114 92.689 1371.9 76.075 136.68 1470.8 73.374
0.96667 98.429 1303.4 86.274 95.329 1384.1 75.67 140.48 1481.7 73.066
0.975 100.58 1315 86.419 98.022 1396.4 75.305 144.29 1492.6 72.775
0.98333 102.89 1326.7 86.548 100.77 1408.8 74.98 148.12 1503.7 72.502
0.99167 105.36 1338.5 86.658 103.57 1421.3 74.691 151.97 1514.7 72.246
1 107.97 1350.4 86.751 106.42 1433.9 74.44 155.84 1525.9 72.004
1.0083 110.73 1362.5 86.831 109.34 1446.4 74.224 159.73 1537.1 71.772
1.0167 113.63 1374.7 86.904 112.32 1459 74.042 163.67 1548.4 71.547
1.025 116.65 1387.1 86.977 115.38 1471.7 73.894 167.65 1559.7 71.325
1.0333 119.77 1399.7 87.052 118.53 1484.3 73.779 171.7 1571.1 71.103
1.0417 122.96 1412.5 87.132 121.77 1496.9 73.696 175.8 1582.6 70.88
1.05 126.16 1425.3 87.214 125.13 1509.5 73.642 179.99 1594.1 70.657
1.0583 129.37 1438.3 87.297 128.62 1522.1 73.614 184.24 1605.7 70.438
1.0667 132.56 1451.4 87.379 132.26 1534.7 73.607 188.57 1617.4 70.225
1.075 135.75 1464.6 87.458 136.04 1547.2 73.615 192.97 1629.1 70.027
1.0833 138.95 1477.9 87.532 139.98 1559.8 73.627 197.44 1641 69.849
1.0917 142.17 1491.3 87.601 144.09 1572.4 73.64 201.97 1652.9 69.698
1.1 145.46 1504.8 87.662 148.36 1585.1 73.642 206.55 1664.9 69.579
1.1083 148.83 1518.6 87.709 152.78 1597.7 73.624 211.18 1677 69.497
1.1167 152.29 1532.6 87.738 157.36 1610.4 73.581 215.86 1689.1 69.452
1.125 155.88 1546.7 87.742 162.06 1623.1 73.508 220.57 1701.4 69.444
1.1333 159.58 1561.1 87.711 166.88 1635.9 73.402 225.33 1713.6 69.468
1.1417 163.41 1575.7 87.636 171.78 1648.7 73.266 230.11 1726 69.517
1.15 167.33 1590.5 87.507 176.75 1661.5 73.102 234.92 1738.3 69.583
1.1583 171.35 1605.3 87.314 181.74 1674.4 72.916 239.76 1750.5 69.655
1.1667 175.42 1620.2 87.051 186.72 1687.3 72.719 244.61 1762.8 69.723
1.175 179.53 1635 86.716 191.67 1700.2 72.516 249.47 1774.9 69.775
1.1833 183.68 1649.7 86.31 196.54 1713.1 72.319 254.32 1786.9 69.803
1.1917 187.86 1664.2 85.838 201.3 1725.9 72.136 259.15 1798.9 69.799
1.2 192.1 1678.6 85.309 205.92 1738.7 71.975 263.93 1810.7 69.76
1.2083 196.39 1692.7 84.732 210.37 1751.5 71.84 268.64 1822.4 69.684
1.2167 200.75 1706.5 84.124 214.64 1764.1 71.736 273.26 1834 69.572
1.225 205.18 1720.1 83.498 218.7 1776.7 71.664 277.75 1845.6 69.429
1.2333 209.66 1733.5 82.871 222.55 1789.1 71.621 282.1 1857.1 69.263
1.2417 214.21 1746.6 82.252 226.2 1801.4 71.607 286.28 1868.6 69.082
1.25 218.81 1759.6 81.651 229.65 1813.6 71.615 290.27 1880.2 68.895
1.2583 223.47 1772.5 81.073 232.92 1825.6 71.643 294.07 1891.8 68.712
1.2667 228.17 1785.2 80.521 236.04 1837.4 71.684 297.67 1903.5 68.541
1.275 232.89 1797.9 80.004 239.04 1849.1 71.737 301.07 1915.3 68.391
1.2833 237.6 1810.6 79.522 241.94 1860.7 71.796 304.28 1927.2 68.266
1.2917 242.28 1823.2 79.082 244.78 1872.2 71.861 307.31 1939.2 68.17
1.3 246.87 1835.7 78.682 247.58 1883.5 71.933 310.18 1951.4 68.104
1.3083 251.37 1848.2 78.322 250.37 1894.8 72.011 312.92 1963.7 68.067
1.3167 255.74 1860.6 77.998 253.17 1906 72.098 315.54 1976 68.057
1.325 259.97 1872.9 77.703 255.98 1917.3 72.196 318.06 1988.5 68.07
1.3333 264.06 1885.2 77.429 258.82 1928.5 72.305 320.5 2001 68.103
1.3417 268.01 1897.3 77.165 261.66 1939.7 72.428 322.87 2013.7 68.151
1.35 271.84 1909.3 76.903 264.52 1951 72.563 325.2 2026.3 68.213
1.3583 275.57 1921.2 76.633 267.37 1962.4 72.708 327.48 2039 68.283
1.3667 279.23 1933 76.347 270.22 1973.9 72.862 329.72 2051.8 68.362
1.375 282.84 1944.8 76.043 273.06 1985.4 73.02 331.92 2064.5 68.449
1.3833 286.45 1956.5 75.716 275.88 1997.1 73.178 334.07 2077.2 68.544
1.3917 290.05 1968.2 75.369 278.68 2008.8 73.331 336.19 2089.9 68.648
1.4 293.68 1979.9 75.003 281.47 2020.7 73.475 338.26 2102.5 68.764
1.4083 297.31 1991.6 74.62 284.26 2032.6 73.605 340.28 2115.2 68.892
1.4167 300.96 2003.4 74.224 287.05 2044.7 73.718 342.27 2127.7 69.033
1.425 304.59 2015.2 73.816 289.87 2056.9 73.812 344.24 2140.3 69.188
1.4333 308.2 2027 73.398 292.71 2069.1 73.887 346.18 2152.7 69.355
1.4417 311.77 2038.9 72.97 295.59 2081.4 73.943 348.12 2165.2 69.532
1.45 315.26 2050.8 72.534 298.51 2093.9 73.983 350.08 2177.6 69.716
1.4583 318.66 2062.7 72.094 301.48 2106.4 74.01 352.06 2190 69.902
1.4667 321.98 2074.7 71.653 304.49 2119 74.027 354.09 2202.5 70.087
1.475 325.19 2086.7 71.217 307.54 2131.7 74.04 356.18 2214.9 70.265
1.4833 328.31 2098.7 70.791 310.63 2144.5 74.051 358.33 2227.4 70.433
1.4917 331.35 2110.8 70.381 313.74 2157.4 74.064 360.55 2240 70.588
1.5 334.34 2122.8 69.99 316.86 2170.3 74.083 362.82 2252.6 70.731
1.5083 337.28 2134.9 69.619 320.01 2183.4 74.107 365.14 2265.2 70.861
1.5167 340.21 2147.1 69.265 323.16 2196.4 74.138 367.49 2277.9 70.981
1.525 343.15 2159.4 68.927 326.32 2209.6 74.174 369.86 2290.7 71.097
1.5333 346.1 2171.9 68.602 329.48 2222.8 74.216 372.22 2303.4 71.212
1.5417 349.07 2184.5 68.287 332.66 2236.1 74.259 374.56 2316.2 71.333
1.55 352.05 2197.4 67.987 335.84 2249.4 74.305 376.86 2329.1 71.466
1.5583 355.01 2210.4 67.707 339.04 2262.8 74.35 379.11 2341.9 71.613
1.5667 357.95 2223.6 67.453 342.23 2276.3 74.396 381.31 2354.8 71.777
1.575 360.84 2237 67.229 345.42 2289.8 74.442 383.46 2367.8 71.957
1.5833 363.69 2250.5 67.032 348.6 2303.4 74.49 385.59 2380.7 72.15
1.5917 366.5 2264.2 66.863 351.75 2317 74.539 387.7 2393.8 72.349
1.6 369.3 2278.1 66.715 354.86 2330.7 74.594 389.83 2406.9 72.546
1.6083 372.11 2292.1 66.585 357.91 2344.4 74.657 391.98 2420.2 72.732
1.6167 374.96 2306.4 66.471 360.88 2358.1 74.726 394.19 2433.5 72.896
1.625 377.89 2320.8 66.373 363.77 2371.9 74.803 396.47 2447 73.031
1.6333 380.91 2335.5 66.296 366.57 2385.6 74.887 398.83 2460.6 73.13
1.6417 384.05 2350.3 66.249 369.28 2399.4 74.977 401.28 2474.2 73.19
1.65 387.29 2365.3 66.243 371.91 2413.2 75.069 403.81 2488 73.212
1.6583 390.64 2380.4 66.296 374.48 2427.1 75.158 406.42 2501.7 73.201
1.6667 394.06 2395.7 66.423 377 2440.9 75.241 409.07 2515.5 73.166
1.675 397.51 2410.9 66.638 379.51 2454.7 75.313 411.77 2529.2 73.118
1.6833 400.96 2426.1 66.95 382.04 2468.5 75.367 414.49 2542.9 73.071
1.6917 404.36 2441.3 67.36 384.63 2482.3 75.4 417.22 2556.4 73.038
1.7 407.67 2456.3 67.861 387.31 2496.1 75.408 419.96 2569.8 73.03
1.7083 410.88 2471.1 68.434 390.1 2509.8 75.388 422.71 2583.1 73.057
1.7167 413.98 2485.7 69.057 393.02 2523.5 75.339 425.48 2596.2 73.123
1.725 416.95 2500.1 69.695 396.09 2537 75.262 428.3 2609.2 73.231
1.7333 419.81 2514.1 70.316 399.32 2550.3 75.16 431.2 2622.1 73.374
1.7417 422.56 2527.9 70.891 402.68 2563.5 75.035 434.22 2635 73.546
1.75 425.24 2541.4 71.401 406.18 2576.4 74.893 437.38 2647.7 73.732
1.7583 427.86 2554.6 71.835 409.77 2589.2 74.737 440.74 2660.5 73.92
1.7667 430.45 2567.7 72.189 413.45 2601.6 74.575 444.31 2673.3 74.094
1.775 433.03 2580.5 72.468 417.17 2613.8 74.41 448.12 2686 74.239
1.7833 435.62 2593.3 72.681 420.91 2625.8 74.246 452.18 2698.8 74.346
1.7917 438.25 2605.9 72.841 424.65 2637.6 74.087 456.48 2711.6 74.404
1.8 440.94 2618.5 72.968 428.37 2649.2 73.933 461.01 2724.3 74.413
1.8083 443.7 2631 73.081 432.07 2660.6 73.781 465.75 2737.1 74.373
1.8167 446.57 2643.4 73.2 435.74 2671.9 73.631 470.65 2749.7 74.289
1.825 449.55 2655.7 73.344 439.39 2683.2 73.479 475.68 2762.3 74.17
1.8333 452.65 2667.9 73.526 443.05 2694.6 73.32 480.8 2774.8 74.026
1.8417 455.87 2680.1 73.757 446.73 2705.9 73.151 485.96 2787.1 73.869
1.85 459.2 2692.2 74.04 450.45 2717.3 72.97 491.13 2799.3 73.709
1.8583 462.62 2704.2 74.376 454.23 2728.8 72.775 496.29 2811.4 73.556
1.8667 466.12 2716.1 74.76 458.09 2740.4 72.563 501.41 2823.3 73.415
1.875 469.66 2727.9 75.187 462.04 2752.1 72.336 506.49 2835.2 73.29
1.8833 473.23 2739.7 75.646 466.09 2763.9 72.096 511.51 2846.9 73.181
1.8917 476.8 2751.3 76.127 470.22 2775.8 71.846 516.48 2858.5 73.085
1.9 480.35 2762.9 76.62 474.43 2787.8 71.589 521.42 2870 72.997
1.9083 483.88 2774.4 77.115 478.72 2799.8 71.332 526.33 2881.5 72.911
1.9167 487.39 2785.9 77.605 483.07 2812 71.08 531.23 2893 72.821
1.925 490.88 2797.3 78.084 487.46 2824.2 70.839 536.13 2904.4 72.722
1.9333 494.39 2808.6 78.547 491.88 2836.5 70.612 541.04 2915.8 72.611
1.9417 497.95 2820 78.992 496.31 2848.9 70.403 545.96 2927.2 72.485
1.95 501.58 2831.3 79.417 500.76 2861.3 70.216 550.9 2938.6 72.345
1.9583 505.32 2842.7 79.821 505.2 2873.9 70.05 555.86 2950 72.195
1.9667 509.21 2854.2 80.201 509.66 2886.5 69.905 560.83 2961.4 72.038
1.975 513.25 2865.7 80.555 514.12 2899.2 69.779 565.81 2972.9 71.88
1.9833 517.47 2877.3 80.881 518.59 2912 69.671 570.8 2984.4 71.728
1.9917 521.85 2889 81.175 523.08 2924.8 69.578 575.8 2996 71.586
2 526.38 2900.8 81.438 527.61 2937.7 69.496 580.81 3007.6 71.459
2.0083 531.04 2912.7 81.669 532.17 2950.6 69.424 585.82 3019.4 71.349
2.0167 535.81 2924.8 81.874 536.78 2963.5 69.359 590.84 3031.2 71.257
2.025 540.68 2936.9 82.057 541.45 2976.5 69.301 595.88 3043.1 71.181
2.0333 545.63 2949.3 82.224 546.19 2989.4 69.247 600.95 3055 71.119
2.0417 550.65 2961.7 82.38 551 3002.3 69.197 606.05 3067 71.067
2.05 555.71 2974.3 82.528 555.88 3015.2 69.152 611.2 3079 71.021
2.0583 560.78 2987 82.665 560.86 3028.1 69.111 616.4 3091 70.977
2.0667 565.86 2999.8 82.782 565.93 3040.9 69.071 621.65 3103.1 70.932
2.075 570.93 3012.7 82.881 571.1 3053.8 69.033 626.97 3115.1 70.885
2.0833 576 3025.7 82.956 576.37 3066.6 68.992 632.35 3127 70.836
2.0917 581.09 3038.7 83.008 581.76 3079.5 68.945 637.79 3139 70.785
2.1 586.19 3051.8 83.04 587.27 3092.4 68.888 643.3 3151 70.737
2.1083 591.34 3065.1 83.055 592.9 3105.3 68.819 648.88 3162.9 70.694
2.1167 596.53 3078.5 83.053 598.66 3118.3 68.733 654.5 3174.9 70.66
2.125 601.79 3092.1 83.036 604.55 3131.3 68.627 660.17 3186.9 70.639
2.1333 607.11 3106 83 610.55 3144.3 68.502 665.88 3198.9 70.633
2.1417 612.5 3120 82.938 616.66 3157.3 68.356 671.62 3211 70.644
2.15 617.95 3134.2 82.842 622.86 3170.4 68.193 677.39 3223.1 70.668
2.1583 623.44 3148.5 82.702 629.12 3183.4 68.018 683.17 3235.4 70.703
2.1667 628.96 3162.9 82.511 635.41 3196.4 67.838 688.95 3247.7 70.742
2.175 634.45 3177.4 82.264 641.71 3209.4 67.662 694.73 3260 70.78
2.1833 639.91 3191.7 81.961 647.96 3222.4 67.498 700.5 3272.4 70.809
2.1917 645.3 3206 81.608 654.14 3235.3 67.355 706.25 3284.8 70.819
2.2 650.65 3220 81.213 660.21 3248.1 67.244 711.98 3297.3 70.805
2.2083 655.98 3233.9 80.787 666.3 3261 67.168 716.38 3309.3 71.704
2.2167 661.29 3247.4 80.338 672.04 3273.7 67.138 722.01 3321.7 71.636
2.225 666.63 3260.8 79.882 677.57 3286.3 67.154 727.59 3334.1 71.533
2.2333 671.99 3273.8 79.429 682.88 3298.8 67.216 733.1 3346.4 71.399
2.2417 677.39 3286.6 78.994 687.97 3311.2 67.322 738.54 3358.7 71.238
2.25 682.85 3299.1 78.584 692.84 3323.4 67.467 743.89 3370.9 71.06
2.2583 688.38 3311.5 78.202 697.5 3335.6 67.643 749.13 3383.2 70.874
2.2667 694 3323.7 77.849 701.97 3347.6 67.843 754.26 3395.5 70.692
2.275 699.72 3335.9 77.523 706.29 3359.6 68.058 759.25 3407.9 70.524
2.2833 705.52 3347.9 77.217 710.49 3371.4 68.28 764.09 3420.3 70.379
2.2917 711.38 3359.9 76.924 714.4 3382.9 68.501 770.08 3433.1 69.352
2.3 717.25 3371.8 76.644 718.44 3394.6 68.72 774.61 3445.6 69.28
2.3083 723.08 3383.6 76.362 722.44 3406.2 68.929 778.98 3458.2 69.242
2.3167 728.84 3395.5 76.074 726.43 3417.7 69.127 783.19 3470.9 69.236
2.325 734.49 3407.2 75.771 730.41 3429.2 69.315 787.26 3483.6 69.256
2.3333 739.99 3419 75.448 734.4 3440.7 69.496 791.2 3496.4 69.297
2.3417 745.33 3430.7 75.1 738.4 3452.2 69.67 795.02 3509.1 69.35
2.35 750.51 3442.3 74.726 742.41 3463.7 69.842 798.74 3521.8 69.409
2.3583 755.54 3453.9 74.325 746.43 3475.2 70.014 802.38 3534.5 69.467
2.3667 760.42 3465.4 73.901 750.43 3486.8 70.187 805.95 3547.2 69.52
2.375 765.19 3476.9 73.456 754.43 3498.4 70.361 809.47 3559.8 69.564
2.3833 769.86 3488.4 72.998 758.41 3510.1 70.537 812.95 3572.4 69.601
2.3917 774.47 3499.8 72.53 762.37 3521.8 70.712 816.39 3584.9 69.634
2.4 779.04 3511.2 72.057 766.31 3533.6 70.882 819.8 3597.3 69.666
2.4083 783.56 3522.6 71.581 770.24 3545.4 71.044 823.19 3609.8 69.705
2.4167 788.06 3534.1 71.103 774.15 3557.3 71.195 826.56 3622.2 69.756
2.425 792.52 3545.5 70.62 778.05 3569.2 71.332 829.9 3634.6 69.824
2.4333 796.94 3557 70.13 781.96 3581.2 71.451 833.23 3647 69.912
2.4417 801.32 3568.5 69.627 785.88 3593.3 71.552 836.55 3659.4 70.021
2.45 805.63 3580 69.111 789.82 3605.4 71.634 839.86 3671.9 70.151
2.4583 809.89 3591.7 68.581 793.78 3617.6 71.697 843.18 3684.4 70.295
2.4667 814.08 3603.3 68.043 797.78 3629.8 71.743 846.52 3696.8 70.447
2.475 818.22 3615.1 67.504 801.8 3642.2 71.774 849.89 3709.4 70.599
2.4833 822.31 3626.9 66.976 805.86 3654.6 71.791 853.31 3721.9 70.742
2.4917 826.36 3638.8 66.471 809.95 3667.1 71.796 856.78 3734.4 70.868
2.5 830.39 3650.7 66.003 814.07 3679.7 71.791 860.31 3747 70.971
2.5083 834.43 3662.7 65.58 818.22 3692.4 71.776 863.9 3759.5 71.046
2.5167 838.48 3674.8 65.207 822.4 3705.1 71.751 867.55 3772.1 71.093
2.525 842.56 3687.1 64.886 826.6 3717.9 71.714 871.24 3784.6 71.115
2.5333 846.68 3699.5 64.613 830.81 3730.7 71.667 874.97 3797.1 71.115
2.5417 850.84 3712.1 64.383 835.04 3743.6 71.608 878.71 3809.7 71.103
2.55 855.03 3724.8 64.192 839.27 3756.6 71.54 882.46 3822.2 71.087
2.5583 859.23 3737.7 64.037 843.51 3769.7 71.463 886.19 3834.7 71.074
2.5667 863.44 3750.8 63.914 847.74 3782.9 71.381 889.89 3847.3 71.072
2.575 867.64 3764 63.816 851.95 3796.2 71.3 893.56 3859.8 71.085
2.5833 871.82 3777.3 63.735 856.13 3809.5 71.224 897.2 3872.5 71.115
2.5917 875.98 3790.7 63.66 860.28 3822.9 71.159 900.82 3885.2 71.156
2.6 880.13 3804.2 63.585 864.39 3836.4 71.113 904.43 3897.9 71.205
2.6083 884.28 3818 63.503 868.44 3850 71.089 908.05 3910.8 71.251
2.6167 888.45 3831.9 63.414 872.42 3863.6 71.092 911.7 3923.7 71.282
2.625 892.67 3846 63.324 876.34 3877.3 71.124 915.39 3936.7 71.289
2.6333 896.96 3860.3 63.241 880.18 3891 71.183 919.15 3949.8 71.262
2.6417 901.33 3874.8 63.179 883.95 3904.7 71.268 922.97 3963 71.194
2.65 905.78 3889.5 63.157 887.66 3918.4 71.374 926.87 3976.3 71.083
2.6583 910.31 3904.3 63.191 891.32 3932.1 71.496 930.82 3989.6 70.932
2.6667 914.9 3919.1 63.299 894.95 3945.7 71.624 934.82 4002.9 70.748
2.675 919.52 3934 63.493 898.58 3959.4 71.753 938.85 4016.2 70.543
2.6833 924.12 3948.8 63.78 902.22 3973.1 71.873 942.87 4029.6 70.333
2.6917 928.67 3963.5 64.16 905.9 3986.8 71.979 946.86 4042.9 70.134
2.7 933.13 3977.9 64.622 909.65 4000.5 72.065 950.8 4056.2 69.963
2.7083 937.45 3992.2 65.147 913.49 4014.1 72.126 954.68 4069.5 69.836
2.7167 941.61 4006.1 65.712 917.44 4027.7 72.161 958.48 4082.7 69.763
2.725 945.61 4019.8 66.284 921.5 4041.3 72.17 962.22 4095.9 69.751
2.7333 949.44 4033.1 66.832 925.69 4054.7 72.154 965.91 4109.1 69.8
2.7417 953.11 4046.2 67.332 929.99 4068 72.115 969.58 4122.3 69.905
2.75 956.66 4059 67.77 934.39 4081.1 72.057 973.26 4135.5 70.054
2.7583 960.13 4071.6 68.14 938.87 4094 71.985 977.01 4148.7 70.234
2.7667 963.56 4084 68.444 943.41 4106.6 71.902 980.86 4161.9 70.426
2.775 966.96 4096.4 68.69 947.99 4119 71.812 984.85 4175.2 70.614
2.7833 970.38 4108.6 68.889 952.57 4131.2 71.717 989.02 4188.4 70.78
2.7917 973.85 4120.8 69.057 957.15 4143 71.621 993.39 4201.7 70.912
2.8 977.39 4133 69.209 961.69 4154.7 71.523 997.97 4214.9 71.002
2.8083 981.01 4145.1 69.364 966.2 4166.2 71.423 1002.8 4228.1 71.044
2.8167 984.74 4157.2 69.539 970.68 4177.6 71.321 1007.8 4241.2 71.04
2.825 988.58 4169.1 69.746 975.12 4188.8 71.214 1013 4254.2 70.995
2.8333 992.53 4181 69.997 979.55 4200 71.1 1018.3 4267.1 70.917
2.8417 996.58 4192.8 70.298 983.98 4211.2 70.977 1023.7 4279.9 70.816
2.85 1000.7 4204.4 70.652 988.42 4222.4 70.843 1029.3 4292.5 70.701
2.8583 1005 4216 71.057 992.9 4233.6 70.697 1034.8 4305 70.582
2.8667 1009.2 4227.4 71.51 997.43 4245 70.538 1040.4 4317.3 70.465
2.875 1013.5 4238.8 72.004 1002 4256.4 70.367 1046 4329.4 70.355
2.8833 1017.8 4250.2 72.529 1006.7 4267.8 70.182 1051.5 4341.4 70.254
2.8917 1022.1 4261.5 73.079 1011.4 4279.4 69.988 1057 4353.3 70.162
2.9 1026.4 4272.7 73.643 1016.2 4291 69.785 1062.5 4365 70.074
2.9083 1030.7 4284 74.209 1021.1 4302.7 69.579 1067.9 4376.7 69.989
2.9167 1034.9 4295.2 74.773 1026 4314.5 69.371 1073.4 4388.2 69.902
2.925 1039.1 4306.4 75.325 1030.9 4326.3 69.168 1078.8 4399.7 69.81
2.9333 1043.3 4317.5 75.86 1035.9 4338.1 68.972 1084.2 4411.1 69.714
2.9417 1047.6 4328.7 76.374 1040.8 4350.1 68.787 1089.7 4422.6 69.614
2.95 1051.9 4339.9 76.864 1045.8 4362 68.617 1095.1 4434 69.513
2.9583 1056.3 4351 77.324 1050.8 4374.1 68.462 1100.6 4445.4 69.416
2.9667 1060.9 4362.2 77.751 1055.9 4386.2 68.325 1106.1 4456.8 69.33
2.975 1065.6 4373.5 78.143 1060.9 4398.4 68.205 1111.6 4468.2 69.261
2.9833 1070.4 4384.8 78.496 1065.9 4410.6 68.102 1117.1 4479.7 69.217
2.9917 1075.4 4396.2 78.806 1071 4422.9 68.013 1122.6 4491.2 69.201
3 1080.6 4407.7 79.074 1076.1 4435.3 67.939 1128.1 4502.7 69.217
3.0083 1085.9 4419.4 79.301 1081.3 4447.7 67.875 1133.6 4514.3 69.264
3.0167 1091.4 4431.1 79.491 1086.5 4460.1 67.82 1139.1 4525.9 69.341
3.025 1097 4443 79.653 1091.7 4472.5 67.772 1144.6 4537.6 69.442
3.0333 1102.6 4455 79.794 1097.1 4484.9 67.73 1150.1 4549.2 69.559
3.0417 1108.4 4467.2 79.924 1102.5 4497.4 67.691 1155.6 4560.9 69.686
3.05 1114.2 4479.5 80.046 1108 4509.8 67.656 1161.2 4572.6 69.812
3.0583 1120.1 4491.9 80.161 1113.5 4522.3 67.623 1166.8 4584.4 69.932
3.0667 1125.9 4504.3 80.27 1119.2 4534.8 67.593 1172.5 4596.2 70.04
3.075 1131.7 4516.8 80.364 1125 4547.3 67.562 1178.2 4608 70.133
3.0833 1137.6 4529.4 80.439 1130.8 4559.8 67.528 1184 4619.8 70.211
3.0917 1143.4 4541.9 80.493 1136.7 4572.4 67.49 1189.8 4631.8 70.277
3.1 1149.2 4554.4 80.521 1142.8 4585 67.442 1195.7 4643.8 70.337
3.1083 1155.1 4567 80.519 1148.9 4597.6 67.381 1201.6 4655.8 70.399
3.1167 1161 4579.7 80.487 1155.1 4610.3 67.301 1207.6 4668 70.469
3.125 1167 4592.5 80.423 1161.3 4623 67.199 1213.5 4680.3 70.558
3.1333 1173 4605.4 80.324 1167.7 4635.7 67.073 1219.5 4692.7 70.669
3.1417 1179.1 4618.6 80.189 1174.1 4648.4 66.916 1225.5 4705.2 70.81
3.15 1185.2 4631.9 80.014 1180.6 4661 66.732 1231.5 4717.7 70.981
3.1583 1191.4 4645.4 79.795 1187.3 4673.9 66.521 1236.1 4730 72.126
3.1667 1197.5 4659 79.526 1193.9 4686.5 66.29 1242 4742.7 72.365
3.175 1203.6 4672.7 79.207 1200.5 4699.1 66.042 1247.9 4755.4 72.624
3.1833 1209.7 4686.4 78.836 1207.1 4711.6 65.794 1253.7 4768.1 72.893
3.1917 1215.7 4700.1 78.419 1213.7 4724.2 65.548 1259.6 4780.8 73.161
3.2 1221.7 4713.6 77.965 1220.2 4736.7 65.324 1265.3 4793.4 73.416
3.2083 1227.7 4726.9 77.485 1226.6 4749.2 65.133 1271.1 4805.9 73.65
3.2167 1233.6 4740 76.993 1232.9 4761.6 64.985 1276.8 4818.4 73.853
3.225 1239.5 4752.8 76.502 1239 4774.1 64.891 1282.5 4830.8 74.022
3.2333 1245.5 4765.4 76.026 1245 4786.5 64.857 1288.1 4843.2 74.153
3.2417 1251.4 4777.7 75.579 1250.8 4798.8 64.888 1293.6 4855.5 74.248
3.25 1257.4 4789.8 75.167 1256.4 4811 64.983 1299.1 4867.7 74.313
3.2583 1263.4 4801.6 74.795 1261.8 4823.2 65.138 1304.5 4880 74.353
3.2667 1269.5 4813.4 74.461 1267 4835.2 65.348 1309.8 4892.2 74.378
3.275 1275.5 4825 74.16 1272 4847 65.6 1315 4904.5 74.399
3.2833 1281.6 4836.6 73.886 1276.8 4858.7 65.883 1320.1 4916.8 74.427
3.2917 1287.7 4848.1 73.634 1281.4 4870.3 66.191 1325 4929.2 74.469
3.3 1293.7 4859.6 73.396 1285.9 4881.7 66.502 1329.8 4941.6 74.537
3.3083 1299.7 4871 73.168 1290.3 4892.9 66.815 1334.5 4954.1 74.635
3.3167 1305.6 4882.5 72.945 1294.7 4904.1 67.125 1339 4966.7 74.766
3.325 1311.3 4893.9 72.721 1298.9 4915.1 67.42 1343.4 4979.3 74.933
3.3333 1316.9 4905.3 72.493 1303.2 4926.1 67.702 1347.6 4991.9 75.133
3.3417 1322.3 4916.6 72.258 1307.5 4937.1 67.973 1351.7 5004.5 75.364
3.35 1327.5 4927.9 72.014 1311.8 4948.2 68.233 1355.6 5017.2 75.619
3.3583 1332.5 4939.1 71.762 1316.1 4959.2 68.485 1359.4 5029.9 75.894
3.3667 1337.4 4950.3 71.495 1320.4 4970.4 68.738 1363.2 5042.5 76.18
3.375 1342.1 4961.4 71.221 1324.7 4981.6 68.986 1366.8 5055.1 76.474
3.3833 1346.7 4972.5 70.939 1329 4992.9 69.23 1370.3 5067.7 76.769
3.3917 1351.2 4983.5 70.65 1333.3 5004.2 69.469 1373.7 5080.3 77.062
3.4 1355.6 4994.6 70.358 1337.6 5015.6 69.697 1377.1 5092.8 77.35
3.4083 1359.9 5005.7 70.064 1341.9 5027.1 69.912 1380.4 5105.3 77.633
3.4167 1364.2 5016.7 69.771 1346.1 5038.6 70.107 1383.7 5117.6 77.91
3.425 1368.4 5027.9 69.477 1350.3 5050.2 70.278 1387 5130 78.182
3.4333 1372.6 5039 69.182 1354.4 5061.8 70.421 1390.2 5142.2 78.451
3.4417 1376.8 5050.2 68.883 1358.6 5073.4 70.536 1393.5 5154.4 78.72
3.45 1380.9 5061.5 68.577 1362.7 5085.1 70.623 1396.7 5166.6 78.988
3.4583 1385 5072.8 68.263 1366.8 5096.8 70.687 1399.9 5178.6 79.257
3.4667 1389.1 5084.2 67.943 1370.9 5108.6 70.734 1403.2 5190.7 79.525
3.475 1393.2 5095.6 67.618 1375 5120.5 70.77 1406.5 5202.7 79.792
3.4833 1397.2 5107 67.296 1379.1 5132.5 70.803 1409.8 5214.8 80.054
3.4917 1401.3 5118.5 66.981 1383.2 5144.5 70.841 1413.2 5226.8 80.309
3.5 1405.3 5130 66.681 1387.3 5156.6 70.886 1416.6 5238.9 80.553
3.5083 1409.4 5141.5 66.404 1391.4 5168.8 70.944 1420 5251 80.781
3.5167 1413.4 5153.1 66.151 1395.5 5181 71.012 1423.5 5263.2 80.993
3.525 1417.5 5164.7 65.923 1399.6 5193.3 71.088 1427 5275.3 81.187
3.5333 1421.6 5176.4 65.717 1403.7 5205.6 71.169 1430.5 5287.6 81.362
3.5417 1425.6 5188.3 65.528 1407.7 5218 71.248 1434 5299.8 81.52
3.55 1429.7 5200.4 65.352 1411.7 5230.4 71.319 1437.5 5312.1 81.665
3.5583 1433.7 5212.6 65.189 1415.7 5242.9 71.378 1441 5324.4 81.801
3.5667 1437.7 5225 65.043 1419.7 5255.4 71.421 1444.5 5336.8 81.932
3.575 1441.7 5237.5 64.917 1423.7 5268 71.45 1447.9 5349.1 82.064
3.5833 1445.6 5250.1 64.817 1427.6 5280.7 71.466 1451.3 5361.5 82.201
3.5917 1449.5 5262.8 64.736 1431.5 5293.5 71.475 1454.7 5374 82.346
3.6 1453.3 5275.5 64.675 1435.3 5306.4 71.485 1458 5386.5 82.501
3.6083 1457.1 5288.4 64.634 1439.1 5319.5 71.505 1461.2 5399.1 82.664
3.6167 1460.9 5301.5 64.604 1442.9 5332.6 71.543 1464.4 5411.8 82.833
3.625 1464.8 5314.7 64.585 1446.5 5345.9 71.607 1467.6 5424.6 83.002
3.6333 1468.7 5328.1 64.576 1450.1 5359.2 71.703 1470.8 5437.6 83.166
3.6417 1472.6 5341.7 64.577 1453.7 5372.6 71.834 1474 5450.7 83.317
3.65 1476.7 5355.6 64.594 1457.1 5386 71.998 1477.2 5463.9 83.449
3.6583 1480.9 5369.8 64.634 1460.4 5399.5 72.194 1480.4 5477.2 83.557
3.6667 1485.2 5384.1 64.712 1463.7 5412.9 72.414 1483.7 5490.6 83.636
3.675 1489.6 5398.7 64.839 1466.9 5426.3 72.65 1486.9 5504 83.687
3.6833 1494 5413.3 65.028 1470 5439.7 72.891 1490.2 5517.5 83.712
3.6917 1498.4 5428 65.291 1473.2 5453 73.129 1493.4 5530.9 83.715
3.7 1502.8 5442.7 65.629 1476.3 5466.3 73.354 1496.5 5544.3 83.704
3.7083 1507.1 5457.3 66.042 1479.4 5479.6 73.558 1499.7 5557.6 83.689
3.7167 1511.2 5471.6 66.524 1482.6 5492.8 73.737 1502.7 5570.7 83.68
3.725 1515.2 5485.8 67.061 1485.9 5506 73.888 1505.6 5583.8 83.688
3.7333 1519.1 5499.7 67.636 1489.3 5519.2 74.01 1508.5 5596.7 83.723
3.7417 1522.7 5513.3 68.227 1492.7 5532.3 74.107 1511.3 5609.6 83.792
3.75 1526.3 5526.6 68.81 1496.3 5545.3 74.182 1514 5622.3 83.9
3.7583 1529.7 5539.5 69.365 1500 5558.2 74.239 1516.7 5635 84.048
3.7667 1532.9 5552.2 69.877 1503.8 5570.9 74.285 1519.4 5647.6 84.235
3.775 1536.1 5564.7 70.34 1507.6 5583.4 74.324 1522.1 5660.2 84.454
3.7833 1539.2 5577 70.754 1511.5 5595.7 74.36 1524.8 5672.7 84.697
3.7917 1542.3 5589.2 71.127 1515.5 5607.7 74.396 1527.7 5685.3 84.954
3.8 1545.3 5601.4 71.46 1519.4 5619.5 74.434 1530.6 5697.9 85.215
3.8083 1548.3 5613.5 71.77 1523.3 5630.9 74.476 1533.7 5710.4 85.468
3.8167 1551.4 5625.6 72.066 1527.2 5642.1 74.519 1536.9 5723 85.704
3.825 1554.4 5637.6 72.364 1531.1 5653.1 74.563 1540.3 5735.5 85.915
3.8333 1557.5 5649.7 72.672 1534.9 5663.9 74.605 1543.8 5747.9 86.097
3.8417 1560.7 5661.7 73.005 1538.7 5674.6 74.643 1547.4 5760.3 86.249
3.85 1563.9 5673.6 73.372 1542.4 5685.2 74.677 1551.2 5772.6 86.37
3.8583 1567.2 5685.4 73.777 1546.1 5695.7 74.704 1555 5784.8 86.465
3.8667 1570.7 5697.2 74.221 1549.8 5706.3 74.725 1558.9 5796.9 86.538
3.875 1574.2 5708.8 74.702 1553.5 5716.9 74.74 1562.9 5808.9 86.597
3.8833 1577.8 5720.4 75.216 1557.2 5727.6 74.749 1566.9 5820.7 86.647
3.8917 1581.5 5731.8 75.756 1560.9 5738.5 74.754 1570.9 5832.5 86.696
3.9 1585.2 5743.1 76.31 1564.7 5749.4 74.755 1575 5844.1 86.749
3.9083 1589 5754.4 76.873 1568.5 5760.5 74.754 1579.2 5855.7 86.809
3.9167 1592.8 5765.6 77.436 1572.3 5771.6 74.749 1583.3 5867.1 86.878
3.925 1596.6 5776.7 77.991 1576.2 5782.9 74.742 1587.5 5878.5 86.956
3.9333 1600.3 5787.7 78.534 1580.1 5794.2 74.732 1591.7 5889.8 87.04
3.9417 1604.1 5798.7 79.063 1584.1 5805.6 74.72 1596 5901.1 87.127
3.95 1607.8 5809.6 79.578 1588.1 5817.1 74.705 1600.3 5912.3 87.212
3.9583 1611.4 5820.5 80.081 1592.1 5828.6 74.687 1604.7 5923.5 87.291
3.9667 1615.1 5831.4 80.574 1596.1 5840.3 74.668 1609.1 5934.6 87.36
3.975 1618.8 5842.2 81.06 1600.2 5852 74.648 1613.5 5945.7 87.416
3.9833 1622.6 5853.1 81.543 1604.2 5863.7 74.628 1618 5956.8 87.459
3.9917 1626.4 5863.9 82.021 1608.3 5875.6 74.608 1622.5 5967.9 87.489
4 1630.3 5874.9 82.493 1612.4 5887.6 74.591 1626.9 5979.1 87.508
4.0083 1634.4 5885.9 82.954 1616.6 5899.6 74.579 1631.5 5990.2 87.519
4.0167 1638.6 5897 83.398 1620.7 5911.7 74.572 1636 6001.4 87.528
4.025 1642.9 5908.3 83.818 1624.9 5923.9 74.572 1640.5 6012.6 87.537
4.0333 1647.3 5919.7 84.207 1629.1 5936.1 74.582 1645 6023.9 87.55
4.0417 1651.9 5931.2 84.56 1633.4 5948.4 74.601 1649.5 6035.2 87.57
4.05 1656.6 5942.9 84.876 1637.7 5960.7 74.633 1654.1 6046.6 87.596
4.0583 1661.3 5954.8 85.158 1642 5973 74.678 1658.6 6058 87.628
4.0667 1666.2 5966.8 85.408 1646.4 5985.3 74.736 1663.2 6069.4 87.663
4.075 1671.2 5979 85.631 1650.8 5997.6 74.808 1667.9 6080.8 87.698
4.0833 1676.2 5991.3 85.83 1655.3 6009.9 74.889 1672.5 6092.3 87.731
4.0917 1681.2 6003.7 86.008 1659.9 6022.2 74.984 1677.2 6103.8 87.759
4.1 1686.2 6016.2 86.158 1664.5 6034.5 75.082 1682 6115.3 87.782
4.1083 1691.1 6028.7 86.283 1669.2 6046.8 75.187 1686.7 6126.9 87.801
4.1167 1696 6041.2 86.375 1674 6059.1 75.287 1691.5 6138.5 87.821
4.125 1700.9 6053.8 86.436 1678.9 6071.5 75.378 1696.3 6150.1 87.849
4.1333 1705.8 6066.4 86.464 1683.8 6083.9 75.452 1701.1 6161.8 87.894
4.1417 1710.6 6079.1 86.46 1688.8 6096.3 75.508 1705.8 6173.6 87.966
4.15 1715.5 6091.8 86.426 1693.9 6108.7 75.537 1710.5 6185.5 88.075
4.1583 1720.4 6104.7 86.365 1699.1 6121.2 75.534 1715.2 6197.5 88.228
4.1667 1725.3 6117.8 86.277 1704.3 6133.6 75.497 1719.9 6209.5 88.432
4.175 1730.2 6131 86.163 1709.7 6146.1 75.425 1724.5 6221.6 88.687
4.1833 1735.1 6144.4 86.022 1715 6158.5 75.319 1729.1 6233.8 88.989
4.1917 1740.1 6158 85.849 1720.4 6170.9 75.183 1733.7 6245.9 89.332
4.2 1745 6171.6 85.641 1725.8 6183.3 75.027 1738.3 6258.1 89.7
4.2083 1750 6185.2 85.397 1731.2 6195.7 74.858 1742.8 6270.2 90.081
4.2167 1754.9 6198.8 85.117 1736.6 6208 74.685 1747.4 6282.2 90.456
4.225 1759.8 6212.2 84.807 1741.8 6220.3 74.526 1752 6294.2 90.808
4.2333 1764.6 6225.4 84.476 1747 6232.6 74.392 1756.5 6306.1 91.121
4.2417 1769.4 6238.3 84.136 1752.1 6244.9 74.292 1761.1 6317.9 91.384
4.25 1774.2 6251 83.8 1757.1 6257.2 74.24 1765.7 6329.6 91.59
4.2583 1778.9 6263.4 83.481 1761.8 6269.5 74.242 1770.3 6341.3 91.736
4.2667 1783.5 6275.5 83.191 1766.5 6281.7 74.305 1774.9 6352.9 91.826
4.275 1788.1 6287.5 82.941 1770.9 6293.9 74.43 1779.4 6364.5 91.87
4.2833 1792.7 6299.2 82.738 1775.1 6305.9 74.614 1783.9 6376.1 91.88
4.2917 1797.2 6310.8 82.582 1779.2 6317.9 74.852 1788.3 6387.7 91.873
4.3 1801.7 6322.3 82.469 1783 6329.6 75.137 1792.6 6399.5 91.863
4.3083 1806.1 6333.7 82.395 1786.7 6341.3 75.457 1796.8 6411.3 91.867
4.3167 1810.5 6345.1 82.349 1790.3 6352.7 75.799 1800.9 6423.2 91.897
4.325 1814.9 6356.5 82.323 1793.7 6364 76.156 1804.7 6435.2 91.96
4.3333 1819.1 6367.9 82.308 1797.1 6375.1 76.52 1808.4 6447.3 92.061
4.3417 1823.2 6379.2 82.29 1800.3 6386 76.873 1811.9 6459.5 92.201
4.35 1827.2 6390.5 82.261 1803.5 6396.7 77.213 1815.2 6471.7 92.375
4.3583 1830.9 6401.8 82.21 1806.7 6407.4 77.536 1818.3 6483.9 92.578
4.3667 1834.5 6413 82.131 1809.8 6418 77.843 1821.2 6496.2 92.801
4.375 1837.9 6424.1 82.015 1812.8 6428.6 78.131 1824 6508.5 93.039
4.3833 1841.1 6435.1 81.862 1815.8 6439.1 78.407 1826.5 6520.7 93.284
4.3917 1844.1 6445.9 81.671 1818.8 6449.7 78.671 1828.9 6532.8 93.532
4.4 1846.9 6456.7 81.436 1821.7 6460.4 78.936 1831.1 6544.8 93.78
4.4083 1849.5 6467.4 81.169 1824.6 6471.2 79.197 1833.1 6556.8 94.027
4.4167 1852 6478.1 80.871 1827.5 6482 79.46 1835.1 6568.6 94.276
4.425 1854.4 6488.7 80.552 1830.3 6493 79.726 1836.9 6580.4 94.528
4.4333 1856.8 6499.2 80.217 1833 6504 79.993 1838.7 6592 94.787
4.4417 1859 6509.8 79.874 1835.7 6515.1 80.259 1840.4 6603.6 95.056
4.45 1861.3 6520.4 79.52 1838.3 6526.3 80.521 1842 6615 95.335
4.4583 1863.5 6531.1 79.166 1840.9 6537.6 80.77 1843.6 6626.4 95.626
4.4667 1865.8 6541.7 78.811 1843.4 6548.9 81.002 1845.1 6637.8 95.928
4.475 1868.1 6552.5 78.454 1845.9 6560.2 81.211 1846.6 6649.1 96.238
4.4833 1870.4 6563.3 78.096 1848.3 6571.5 81.39 1848.1 6660.3 96.554
4.4917 1872.7 6574.1 77.738 1850.7 6582.9 81.539 1849.6 6671.5 96.868
4.5 1875 6585 77.383 1853 6594.3 81.653 1851.1 6682.8 97.179
4.5083 1877.4 6596 77.037 1855.2 6605.7 81.733 1852.5 6694 97.482
4.5167 1879.7 6607.1 76.71 1857.4 6617.2 81.781 1854 6705.2 97.772
4.525 1882.1 6618.2 76.412 1859.5 6628.7 81.799 1855.5 6716.4 98.047
4.5333 1884.4 6629.3 76.154 1861.5 6640.2 81.791 1856.9 6727.7 98.307
4.5417 1886.7 6640.5 75.949 1863.4 6651.8 81.761 1858.3 6739 98.549
4.55 1888.9 6651.8 75.802 1865.3 6663.5 81.715 1859.8 6750.4 98.774
4.5583 1891.1 6663.1 75.719 1867.1 6675.2 81.658 1861.2 6761.8 98.983
4.5667 1893.3 6674.5 75.697 1868.8 6687 81.593 1862.7 6773.3 99.178
4.575 1895.5 6686 75.727 1870.4 6698.8 81.525 1864.1 6784.9 99.358
4.5833 1897.6 6697.7 75.797 1872 6710.7 81.458 1865.5 6796.5 99.525
4.5917 1899.6 6709.5 75.896 1873.5 6722.6 81.394 1866.8 6808.2 99.681
4.6 1901.6 6721.5 76.012 1874.9 6734.7 81.339 1868.2 6819.9 99.827
4.6083 1903.5 6733.6 76.137 1876.3 6746.7 81.295 1869.4 6831.7 99.965
4.6167 1905.4 6745.8 76.267 1877.7 6758.9 81.266 1870.6 6843.5 100.1
4.625 1907.2 6758.2 76.395 1879 6771 81.258 1871.8 6855.4 100.22
4.6333 1908.9 6770.5 76.521 1880.3 6783.3 81.274 1872.8 6867.2 100.34
4.6417 1910.5 6783 76.64 1881.5 6795.6 81.32 1873.8 6879.1 100.47
4.65 1912.1 6795.5 76.743 1882.6 6808 81.398 1874.6 6891.1 100.59
4.6583 1913.6 6808.2 76.83 1883.7 6820.4 81.513 1875.4 6903 100.72
4.6667 1915 6821 76.904 1884.7 6832.9 81.666 1876.1 6915 100.86
4.675 1916.5 6834 76.964 1885.6 6845.4 81.857 1876.7 6927.1 101
4.6833 1917.9 6847.2 77.015 1886.4 6858 82.085 1877.2 6939.2 101.15
4.6917 1919.3 6860.7 77.067 1887.1 6870.7 82.345 1877.6 6951.4 101.31
4.7 1920.8 6874.4 77.131 1887.6 6883.3 82.633 1878 6963.7 101.47
4.7083 1922.2 6888.4 77.218 1888.1 6896 82.942 1878.3 6976 101.64
4.7167 1923.7 6902.6 77.346 1888.5 6908.8 83.267 1878.6 6988.4 101.81
4.725 1925.1 6917 77.529 1888.9 6921.5 83.602 1878.8 7000.9 102
4.7333 1926.5 6931.5 77.776 1889.1 6934.2 83.94 1879 7013.4 102.18
4.7417 1927.9 6946 78.094 1889.4 6946.9 84.279 1879.1 7026 102.37
4.75 1929.1 6960.5 78.489 1889.6 6959.5 84.614 1879.1 7038.5 102.57
4.7583 1930.3 6974.8 78.955 1889.9 6972.1 84.946 1879.1 7051.1 102.79
4.7667 1931.3 6988.9 79.485 1890.2 6984.7 85.275 1879 7063.6 103.01
4.775 1932.2 7002.9 80.068 1890.6 6997.2 85.603 1878.9 7076 103.25
4.7833 1933 7016.5 80.691 1891.1 7009.7 85.932 1878.7 7088.4 103.51
4.7917 1933.6 7029.9 81.338 1891.7 7022.1 86.265 1878.5 7100.7 103.79
4.8 1934.1 7043 81.99 1892.3 7034.3 86.603 1878.2 7112.9 104.08
4.8083 1934.5 7055.8 82.633 1893.1 7046.5 86.949 1877.9 7125.1 104.39
4.8167 1934.9 7068.3 83.257 1893.9 7058.5 87.301 1877.6 7137.2 104.72
4.825 1935.1 7080.6 83.857 1894.9 7070.4 87.66 1877.3 7149.3 105.05
4.8333 1935.3 7092.8 84.431 1895.9 7082.1 88.024 1877.1 7161.3 105.39
4.8417 1935.3 7104.8 84.983 1897 7093.6 88.388 1876.9 7173.3 105.73
4.85 1935.4 7116.7 85.51 1898.1 7104.9 88.751 1876.7 7185.3 106.07
4.8583 1935.3 7128.5 86.018 1899.2 7116.1 89.109 1876.7 7197.4 106.41
4.8667 1935.3 7140.1 86.509 1900.3 7127 89.457 1876.7 7209.4 106.75
4.875 1935.2 7151.7 86.996 1901.5 7137.8 89.795 1876.7 7221.4 107.08
4.8833 1935.2 7163.2 87.481 1902.6 7148.5 90.12 1876.9 7233.4 107.4
4.8917 1935.2 7174.6 87.975 1903.7 7159.1 90.433 1877.2 7245.4 107.71
4.9 1935.2 7185.9 88.488 1904.8 7169.5 90.732 1877.5 7257.4 108.02
4.9083 1935.4 7197 89.027 1905.8 7179.9 91.018 1877.9 7269.3 108.31
4.9167 1935.6 7208.1 89.598 1906.9 7190.3 91.293 1878.4 7281.1 108.6
4.925 1935.9 7219 90.207 1907.8 7200.7 91.556 1878.9 7292.9 108.87
4.9333 1936.2 7229.8 90.856 1908.8 7211.1 91.808 1879.5 7304.6 109.13
4.9417 1936.7 7240.6 91.543 1909.8 7221.5 92.049 1880.1 7316.2 109.37
4.95 1937.1 7251.3 92.267 1910.7 7232.1 92.279 1880.8 7327.7 109.59
4.9583 1937.7 7261.9 93.016 1911.6 7242.7 92.498 1881.5 7339.2 109.8
4.9667 1938.2 7272.5 93.791 1912.4 7253.3 92.709 1882.2 7350.7 110
4.975 1938.8 7283.1 94.574 1913.3 7264.1 92.912 1883 7362.1 110.18
4.9833 1939.3 7293.8 95.357 1914.1 7275 93.109 1883.7 7373.4 110.37
4.9917 1939.7 7304.4 96.131 1915 7285.9 93.304 1884.4 7384.7 110.56
5 1940.1 7315.1 96.889 1915.8 7296.8 93.501 1885.1 7396 110.76
5.0083 1940.4 7325.8 97.624 1916.6 7307.9 93.703 1885.7 7407.2 110.99
5.0167 1940.6 7336.5 98.333 1917.4 7318.9 93.912 1886.3 7418.4 111.24
5.025 1940.8 7347.3 99.016 1918.2 7329.9 94.133 1886.9 7429.6 111.52
5.0333 1940.9 7358.1 99.672 1919.1 7341 94.365 1887.5 7440.6 111.84
5.0417 1941.1 7368.9 100.3 1919.9 7352 94.61 1888.1 7451.7 112.19
5.05 1941.2 7379.7 100.91 1920.6 7363.1 94.866 1888.7 7462.6 112.57
5.0583 1941.5 7390.6 101.5 1921.4 7374.1 95.131 1889.4 7473.6 112.97
5.0667 1941.8 7401.5 102.06 1922.1 7385.1 95.4 1890 7484.5 113.38
5.075 1942.3 7412.5 102.6 1922.9 7396.2 95.671 1890.7 7495.4 113.8
5.0833 1942.9 7423.5 103.11 1923.6 7407.2 95.939 1891.5 7506.3 114.21
5.0917 1943.6 7434.6 103.6 1924.3 7418.3 96.201 1892.2 7517.2 114.6
5.1 1944.6 7445.9 104.04 1925 7429.4 96.454 1893 7528.2 114.98
5.1083 1945.7 7457.2 104.44 1925.7 7440.5 96.7 1893.8 7539.2 115.33
5.1167 1947 7468.7 104.79 1926.4 7451.7 96.936 1894.6 7550.2 115.66
5.125 1948.4 7480.3 105.1 1927.2 7463 97.166 1895.4 7561.3 115.98
5.1333 1950 7492.1 105.37 1928 7474.2 97.393 1896.1 7572.4 116.27
5.1417 1951.7 7504 105.6 1928.9 7485.6 97.618 1896.8 7583.6 116.56
5.15 1953.4 7516.1 105.82 1929.8 7497 97.845 1897.4 7594.7 116.85
5.1583 1955 7528.4 106.03 1930.7 7508.5 98.072 1898 7605.8 117.15
5.1667 1956.6 7540.8 106.25 1931.7 7520 98.308 1898.6 7616.9 117.46
5.175 1958.1 7553.3 106.46 1932.6 7531.6 98.544 1899.1 7627.9 117.79
5.1833 1959.5 7565.9 106.66 1933.6 7543.2 98.777 1899.6 7638.9 118.15
5.1917 1960.9 7578.6 106.86 1934.6 7554.9 99.009 1900 7649.8 118.52
5.2 1962.3 7591.4 107.06 1935.6 7566.6 99.235 1900.5 7660.6 118.93
5.2083 1963.6 7604.2 107.24 1936.6 7578.4 99.442 1900.9 7671.4 119.36
5.2167 1965 7617.1 107.41 1937.5 7590.2 99.638 1901.3 7682.2 119.82
5.225 1966.3 7630 107.57 1938.5 7602 99.811 1901.7 7693 120.3
5.2333 1967.7 7643 107.71 1939.4 7613.8 99.963 1902 7703.8 120.81
5.2417 1969.1 7656.1 107.83 1940.3 7625.7 100.09 1902.3 7714.7 121.35
5.25 1970.4 7669.2 107.93 1941.3 7637.5 100.21 1902.5 7725.6 121.9
5.2583 1971.7 7682.4 108 1942.2 7649.3 100.31 1902.6 7736.5 122.48
5.2667 1973 7695.4 108.05 1943.1 7661.1 100.41 1902.7 7747.5 123.07
5.275 1974.2 7708.4 108.06 1944 7672.9 100.51 1902.7 7758.6 123.67
5.2833 1975.3 7721.2 108.05 1944.9 7684.7 100.63 1902.6 7769.7 124.28
5.2917 1976.4 7733.7 108.01 1945.7 7696.5 100.77 1902.5 7780.8 124.87
5.3 1977.4 7746 107.96 1946.4 7708.2 100.94 1902.3 7791.9 125.46
5.3083 1978.3 7757.9 107.9 1946.9 7720 101.14 1902.1 7803 126.01
5.3167 1979.2 7769.5 107.85 1947.3 7731.6 101.4 1901.8 7814.1 126.54
5.325 1980 7780.7 107.82 1947.5 7743.2 101.71 1901.5 7825.1 127.03
5.3333 1980.7 7791.7 107.83 1947.5 7754.8 102.07 1901.1 7836 127.49
5.3417 1981.4 7802.3 107.89 1947.4 7766.2 102.49 1900.6 7846.9 127.91
5.35 1982 7812.7 108 1947 7777.4 102.98 1900 7857.7 128.31
5.3583 1982.5 7822.9 108.17 1946.5 7788.5 103.52 1899.3 7868.4 128.7
5.3667 1983 7832.9 108.4 1945.8 7799.4 104.12 1898.3 7879 129.09
5.375 1983.3 7842.7 108.68 1945 7810.1 104.79 1897.2 7889.5 129.5
5.3833 1983.5 7852.4 108.99 1944.2 7820.5 105.5 1895.8 7899.9 129.94
5.3917 1983.5 7862 109.32 1943.2 7830.7 106.27 1894.1 7910.2 130.43
5.4 1983.1 7871.3 109.67 1942.3 7840.7 107.08 1892.1 7920.3 130.97
5.4083 1982.5 7880.5 110.01 1941.3 7850.4 107.94 1889.9 7930.2 131.56
5.4167 1981.5 7889.3 110.36 1940.2 7859.9 108.84 1887.4 7940 132.22
5.425 1980.2 7897.9 110.72 1939.2 7869.2 109.77 1884.6 7949.6 132.92
5.4333 1978.7 7906.1 111.08 1938 7878.4 110.74 1881.6 7959.1 133.67
5.4417 1976.8 7914.1 111.45 1936.8 7887.5 111.74 1878.4 7968.4 134.45
5.45 1974.8 7921.7 111.83 1935.5 7896.4 112.78 1875.1 7977.5 135.24
5.4583 1972.5 7929.1 112.24 1934.1 7905.3 113.84 1871.7 7986.4 136.03
5.4667 1970.1 7936.2 112.67 1932.5 7914 114.93 1868.2 7995.2 136.81
5.475 1967.6 7943.2 113.12 1930.8 7922.7 116.06 1864.6 8003.8 137.58
5.4833 1965 7950 113.62 1928.9 7931.4 117.22 1861 8012.2 138.33
5.4917 1962.2 7956.7 114.14 1926.9 7939.9 118.4 1857.3 8020.5 139.06
5.5 1959.4 7963.4 114.68 1924.8 7948.3 119.61 1853.6 8028.5 139.77
5.5083 1956.5 7970 115.24 1922.6 7956.7 120.84 1849.9 8036.4 140.49
5.5167 1953.7 7976.6 115.83 1920.3 7964.9 122.08 1846.1 8043.9 141.2
5.525 1951 7983.4 116.42 1918 7972.9 123.34 1842.3 8051.3 141.94
5.5333 1948.3 7990.1 117.03 1915.7 7980.8 124.61 1838.5 8058.3 142.69
5.5417 1945.8 7996.9 117.64 1913.3 7988.6 125.87 1834.5 8065.1 143.48
5.55 1943.2 8003.8 118.25 1911 7996.3 127.12 1830.6 8071.6 144.3
5.5583 1940.7 8010.7 118.86 1908.6 8003.8 128.36 1826.6 8077.9 145.15
5.5667 1938.1 8017.7 119.45 1906.2 8011.3 129.57 1822.6 8083.9 146.03
5.575 1935.5 8024.7 120.03 1903.7 8018.6 130.75 1818.5 8089.7 146.93
5.5833 1932.7 8031.6 120.61 1901.2 8026 131.9 1814.4 8095.4 147.85
5.5917 1929.7 8038.6 121.19 1898.5 8033.2 133 1810.2 8100.9 148.77
5.6 1926.5 8045.4 121.77 1895.7 8040.4 134.07 1806 8106.4 149.7
5.6083 1923.2 8052.3 122.38 1892.7 8047.6 135.09 1801.8 8111.7 150.62
5.6167 1919.6 8059.1 123.02 1889.6 8054.7 136.07 1797.5 8116.9 151.53
5.625 1915.9 8065.8 123.71 1886.3 8061.8 137.02 1793.1 8122.1 152.43
5.6333 1912 8072.5 124.44 1882.8 8068.7 137.93 1788.7 8127.1 153.34
5.6417 1907.9 8079.2 125.22 1879.2 8075.5 138.83 1784.2 8132 154.24
5.65 1903.8 8085.9 126.07 1875.5 8082.2 139.72 1779.6 8136.7 155.16
5.6583 1899.5 8092.5 126.98 1871.7 8088.6 140.62 1775 8141.2 156.1
5.6667 1895.1 8099.2 127.95 1867.9 8094.9 141.55 1770.3 8145.4 157.07
5.675 1890.7 8105.8 128.98 1864 8100.9 142.51 1765.6 8149.3 158.07
5.6833 1886.1 8112.5 130.08 1860.2 8106.7 143.52 1760.8 8153 159.11
5.6917 1881.4 8119.1 131.22 1856.3 8112.2 144.58 1756 8156.3 160.18
5.7 1876.6 8125.7 132.41 1852.4 8117.6 145.72 1751.1 8159.4 161.28
5.7083 1871.6 8132.4 133.64 1848.5 8122.7 146.92 1746.3 8162.2 162.4
5.7167 1866.3 8139 134.89 1844.6 8127.7 148.19 1741.4 8164.7 163.55
5.725 1860.9 8145.6 136.16 1840.7 8132.6 149.53 1736.5 8167.2 164.69
5.7333 1855.1 8152.3 137.43 1836.7 8137.3 150.92 1731.6 8169.4 165.84
5.7417 1849.2 8158.9 138.69 1832.7 8141.9 152.36 1726.7 8171.6 166.98
5.75 1843 8165.6 139.94 1828.7 8146.4 153.82 1721.8 8173.6 168.11
5.7583 1836.7 8172.1 141.15 1824.5 8150.9 155.3 1716.8 8175.5 169.22
5.7667 1830.4 8178.5 142.34 1820.4 8155.2 156.79 1711.9 8177.4 170.32
5.775 1824 8184.7 143.49 1816.1 8159.5 158.26 1706.9 8179.1 171.4
5.7833 1817.7 8190.7 144.6 1811.9 8163.7 159.71 1701.9 8180.6 172.48
5.7917 1811.6 8196.3 145.68 1807.5 8167.7 161.14 1697 8182 173.56
5.8 1805.6 8201.6 146.72 1803.1 8171.7 162.54 1692.1 8183.3 174.65
5.8083 1800 8206.7 147.74 1798.6 8175.6 163.91 1687.2 8184.3 175.76
5.8167 1794.6 8211.4 148.75 1794 8179.4 165.25 1682.4 8185.2 176.88
5.825 1789.5 8215.9 149.76 1789.4 8183.2 166.57 1677.6 8186 178.03
5.8333 1784.7 8220.3 150.77 1784.6 8186.9 167.87 1672.8 8186.6 179.2
5.8417 1780.1 8224.6 151.82 1779.6 8190.5 169.15 1668 8187.2 180.39
5.85 1775.7 8229 152.93 1774.5 8194.1 170.41 1663.2 8187.7 181.6
5.8583 1771.2 8233.3 154.11 1769.3 8197.7 171.65 1658.3 8188.3 182.81
5.8667 1766.7 8237.6 155.39 1764 8201.1 172.88 1653.3 8188.8 184.03
5.875 1762 8242 156.78 1758.6 8204.5 174.1 1648.2 8189.3 185.24
5.8833 1757 8246.2 158.28 1753.1 8207.7 175.29 1642.9 8189.8 186.43
5.8917 1751.8 8250.2 159.89 1747.5 8210.8 176.48 1637.3 8190.3 187.59
5.9 1746.3 8254.1 161.61 1741.9 8213.7 177.66 1631.6 8190.7 188.73
5.9083 1740.6 8257.6 163.43 1736.4 8216.3 178.83 1625.7 8191 189.85
5.9167 1734.8 8260.7 165.34 1730.8 8218.8 180.02 1619.7 8191.1 190.94
5.925 1729 8263.5 167.33 1725.3 8220.9 181.22 1613.5 8191 192.01
5.9333 1723.2 8265.9 169.39 1719.8 8222.9 182.47 1607.3 8190.6 193.06
5.9417 1717.4 8268.1 171.52 1714.3 8224.6 183.75 1601 8190.1 194.1
5.95 1711.8 8269.9 173.71 1708.8 8226.2 185.09 1594.8 8189.3 195.13
5.9583 1706.4 8271.6 175.95 1703.2 8227.6 186.51 1588.6 8188.4 196.16
5.9667 1701.1 8273.2 178.24 1697.4 8228.9 188 1582.5 8187.3 197.18
5.975 1696 8274.8 180.58 1691.6 8230.1 189.55 1576.5 8186.2 198.21
5.9833 1691 8276.5 182.97 1685.5 8231.2 191.18 1570.6 8184.9 199.23
5.9917 1686.2 8278.2 185.39 1679.3 8232.2 192.87 1564.7 8183.6 200.25
6 1681.4 8279.9 187.84 1672.8 8233.1 194.6 1558.8 8182.2 201.25
6.0083 1676.6 8281.8 190.32 1666.1 8233.7 196.37 1552.9 8180.7 202.23
6.0167 1671.9 8283.7 192.81 1659.2 8234.2 198.15 1546.9 8179.1 203.2
6.025 1667.2 8285.6 195.29 1652.1 8234.3 199.93 1540.8 8177.3 204.13
6.0333 1662.4 8287.5 197.77 1644.9 8234.2 201.7 1534.5 8175.4 205.03
6.0417 1657.7 8289.2 200.21 1637.6 8233.7 203.44 1528 8173.2 205.89
6.05 1652.9 8290.8 202.61 1630.3 8232.9 205.15 1521.3 8170.7 206.72
6.0583 1648.1 8292.2 204.96 1623 8231.7 206.81 1514.5 8168 207.51
6.0667 1643.4 8293.5 207.24 1615.6 8230.3 208.43 1507.5 8165 208.27
6.075 1638.6 8294.6 209.44 1608.7 8228.6 209.98 1499.1 8162.3 208.1
6.0833 1633.8 8295.6 211.55 1601.4 8226.7 211.51 1491.9 8158.9 208.83
6.0917 1629 8296.6 213.58 1594.2 8224.8 213 1484.7 8155.3 209.54
6.1 1624.2 8297.5 215.52 1587.1 8222.8 214.45 1477.6 8151.7 210.22
6.1083 1619.3 8298.3 217.37 1580 8220.7 215.86 1470.4 8148.1 210.89
6.1167 1614.3 8299.3 219.13 1572.8 8218.7 217.24 1463.3 8144.6 211.54
6.125 1609.3 8300.1 220.8 1565.7 8216.7 218.57 1456.2 8141.1 212.17
6.1333 1604.1 8301 222.39 1558.6 8214.6 219.86 1449.3 8137.6 212.79
6.1417 1598.8 8301.7 223.89 1551.5 8212.5 221.11 1442.3 8134.1 213.4
6.15 1593.3 8302.4 225.29 1544.3 8210.2 222.31 1435.5 8130.6 213.99
6.1583 1587.8 8302.8 226.61 1537.1 8207.7 223.46 1428.6 8126.9 214.56
6.1667 1582.2 8303 227.83 1529.8 8205 224.55 1421.7 8123.1 215.12
6.175 1576.4 8302.9 228.96 1522.5 8202.1 225.58 1414.8 8119.2 215.66
6.1833 1570.6 8302.5 229.99 1515.2 8198.9 226.54 1407.8 8115 216.19
6.1917 1564.8 8302 230.93 1507.8 8195.4 227.44 1400.9 8110.6 216.7
6.2 1558.8 8301.2 231.78 1500.4 8191.7 228.27 1393.9 8106.1 217.19
6.2083 1552.8 8300.4 232.55 1493.1 8187.8 229.03 1386.8 8101.6 217.67
6.2167 1546.7 8299.4 233.26 1485.6 8183.9 229.72 1379.8 8097.1 218.12
6.225 1540.5 8298.5 233.92 1478.2 8179.9 230.34 1372.8 8092.6 218.56
6.2333 1534.2 8297.6 234.54 1470.8 8175.8 230.89 1365.7 8088.3 218.97
6.2417 1527.7 8296.7 235.13 1463.3 8171.8 231.37 1358.7 8084.2 219.37
6.25 1521.1 8295.9 235.7 1455.7 8167.8 231.79 1351.8 8080.2 219.74
6.2583 1514.4 8295 236.26 1448.2 8163.7 232.16 1344.8 8076.3 220.09
6.2667 1507.4 8293.9 236.79 1440.5 8159.5 232.46 1337.8 8072.5 220.42
6.275 1500.3 8292.5 237.31 1432.8 8155.1 232.72 1330.8 8068.7 220.73
6.2833 1493 8290.7 237.79 1424.9 8150.4 232.94 1323.7 8064.7 221.02
6.2917 1485.5 8288.5 238.24 1416.9 8145.5 233.12 1316.5 8060.5 221.29
6.3 1477.9 8285.6 238.62 1408.8 8140.2 233.26 1309.1 8056 221.56
6.3083 1470.2 8282 238.95 1400.4 8134.6 233.38 1301.5 8051.1 221.81
6.3167 1462.4 8277.9 239.21 1391.9 8128.6 233.47 1293.6 8045.8 222.06
6.325 1454.4 8273.1 239.4 1383.2 8122.5 233.53 1285.5 8040.2 222.31
6.3333 1446.4 8267.8 239.52 1374.3 8116.2 233.56 1277.2 8034.3 222.57
6.3417 1438.3 8262.1 239.57 1365.1 8109.9 233.57 1268.6 8028.2 222.84
6.35 1430.1 8256.1 239.57 1355.7 8103.7 233.54 1259.8 8022 223.12
6.3583 1421.9 8249.8 239.53 1346.2 8097.6 233.49 1250.8 8015.8 223.41
6.3667 1413.6 8243.3 239.45 1336.4 8091.6 233.4 1241.6 8009.5 223.72
6.375 1405.3 8236.7 239.35 1326.6 8085.7 233.28 1232.4 8003.4 224.03
6.3833 1396.9 8230 239.23 1316.6 8079.9 233.13 1223 7997.2 224.35
6.3917 1388.5 8223.1 239.1 1306.6 8074 232.96 1213.7 7991.1 224.68
6.4 1380 8216 238.97 1296.7 8068.1 232.78 1204.4 7984.9 225.01
6.4083 1371.5 8208.6 238.83 1286.8 8062 232.59 1195.3 7978.6 225.34
6.4167 1363 8201 238.69 1277.1 8055.6 232.4 1186.2 7972.1 225.66
6.425 1354.5 8193.2 238.55 1267.6 8048.9 232.22 1177.4 7965.4 225.97
6.4333 1346.1 8185.2 238.42 1258.4 8041.9 232.08 1168.7 7958.5 226.27
6.4417 1337.6 8177.1 238.29 1249.5 8034.7 231.96 1160.3 7951.5 226.56
6.45 1329.2 8169 238.15 1241 8027.3 231.9 1152 7944.5 226.83
6.4583 1320.7 8161.1 238 1232.8 8020 231.88 1144.1 7937.4 227.08
6.4667 1312.4 8153.5 237.82 1224.9 8012.8 231.91 1136.3 7930.6 227.32
6.475 1304.1 8146.3 237.63 1217.3 8005.9 231.99 1128.8 7924 227.54
6.4833 1296 8139.5 237.41 1210.1 7999.2 232.12 1121.4 7917.6 227.73
6.4917 1288 8133 237.18 1203.1 7993 232.3 1114.3 7911.6 227.92
6.5 1280 8127 236.93 1196.3 7987 232.51 1107.3 7905.7 228.08
6.5083 1272 8121.2 236.69 1189.7 7981.2 232.74 1100.5 7900 228.24
6.5167 1264.1 8115.5 236.45 1183.1 7975.4 233 1093.8 7894.3 228.38
6.525 1256 8109.7 236.22 1176.7 7969.6 233.28 1087.3 7888.3 228.52
6.5333 1248 8103.6 236.02 1170.3 7963.4 233.56 1080.9 7882 228.66
6.5417 1239.8 8097.1 235.86 1163.9 7956.8 233.86 1074.6 7875.3 228.79
6.55 1231.7 8090.1 235.75 1157.6 7949.7 234.16 1068.4 7868 228.94
6.5583 1223.7 8082.6 235.71 1151.2 7942.2 234.47 1062.3 7860.2 229.1
6.5667 1215.7 8074.7 235.72 1144.9 7934.3 234.79 1056.3 7852 229.27
6.575 1207.9 8066.5 235.79 1138.7 7926.1 235.12 1050.4 7843.4 229.45
6.5833 1200.2 8058.2 235.91 1132.4 7917.8 235.47 1044.6 7834.8 229.65
6.5917 1192.6 8050 236.08 1126.2 7909.7 235.83 1038.8 7826.2 229.86
6.6 1185.2 8042 236.27 1120.1 7901.8 236.2 1033.1 7817.8 230.09
6.6083 1178 8034.3 236.47 1114 7894.2 236.58 1027.4 7809.9 230.32
6.6167 1170.9 8027 236.67 1108 7887 236.97 1021.8 7802.3 230.55
6.625 1163.8 8020.1 236.86 1102.1 7880.2 237.36 1016.3 7795.1 230.78
6.6333 1156.8 8013.3 237.02 1096.2 7873.6 237.74 1010.8 7788.1 231.01
6.6417 1149.8 8006.6 237.15 1090.2 7867.1 238.12 1005.3 7781.3 231.23
6.65 1142.7 7999.6 237.25 1084.3 7860.3 238.49 999.82 7774.3 231.43
6.6583 1135.6 7992.3 237.33 1078.4 7853.2 238.83 994.4 7767.1 231.63
6.6667 1128.3 7984.4 237.37 1072.4 7845.5 239.16 989.03 7759.4 231.81
6.675 1120.9 7975.8 237.39 1066.4 7837.2 239.47 983.7 7751.1 231.98
6.6833 1113.4 7966.6 237.4 1060.3 7828.4 239.75 978.41 7742.4 232.15
6.6917 1105.8 7956.8 237.38 1054.2 7819 240.02 973.17 7733.2 232.31
6.7 1098.1 7946.7 237.35 1048.2 7809.4 240.27 967.98 7723.7 232.48
