0.0083333 -13.695 2.5415 98.102 -42.793 101.27 88.365 -16.129 150.27 82.983
0.016667 -13.026 9.4758 98.17 -41.998 110.76 88.379 -14.851 158.69 82.887
0.025 -12.301 16.68 98.252 -41.114 120.41 88.377 -13.498 167.17 82.796
0.033333 -11.515 24.188 98.347 -40.127 130.21 88.359 -12.072 175.7 82.712
0.041667 -10.67 32.038 98.452 -39.024 140.14 88.324 -10.573 184.33 82.638
0.05 -9.7754 40.26 98.564 -37.793 150.21 88.272 -9.0025 193.06 82.579
0.058333 -8.8468 48.877 98.679 -36.428 160.39 88.202 -7.3594 201.93 82.536
0.066667 -7.904 57.902 98.795 -34.925 170.69 88.117 -5.6437 210.95 82.514
0.075 -6.967 67.339 98.907 -33.286 181.09 88.017 -3.8525 220.14 82.513
0.083333 -6.057 77.172 99.016 -31.522 191.6 87.902 -1.9823 229.51 82.533
0.091667 -5.1856 87.38 99.114 -29.642 202.21 87.773 -0.029512 239.05 82.573
0.1 -4.3606 97.926 99.199 -27.665 212.93 87.632 2.0107 248.77 82.628
0.10833 -3.5804 108.77 99.265 -25.612 223.74 87.478 4.142 258.65 82.694
0.11667 -2.836 119.85 99.309 -23.507 234.65 87.314 6.3656 268.68 82.762
0.125 -2.11 131.13 99.325 -21.379 245.64 87.139 8.6806 278.85 82.826
0.13333 -1.3796 142.53 99.309 -19.255 256.69 86.957 11.08 289.12 82.876
0.14167 -0.61823 154.02 99.257 -17.164 267.77 86.769 13.553 299.47 82.905
0.15 0.20309 165.54 99.169 -15.128 278.86 86.587 16.083 309.9 82.909
0.15833 1.1115 177.05 99.045 -13.173 289.91 86.412 18.644 320.38 82.883
0.16667 2.13 188.53 98.885 -11.316 300.9 86.253 21.21 330.9 82.827
0.175 3.2723 199.96 98.693 -9.5732 311.77 86.118 23.747 341.44 82.743
0.18333 4.5403 211.34 98.471 -7.9535 322.49 86.015 26.219 351.98 82.638
0.19167 5.9226 222.65 98.221 -6.4614 333.04 85.95 28.589 362.54 82.518
0.2 7.3954 233.9 97.947 -5.0971 343.38 85.928 30.823 373.08 82.394
0.20833 8.9253 245.11 97.648 -3.8561 353.5 85.954 32.888 383.61 82.277
0.21667 10.475 256.27 97.328 -2.7306 363.41 86.029 34.76 394.12 82.175
0.225 12.009 267.41 96.984 -1.7106 373.1 86.152 36.417 404.6 82.098
0.23333 13.498 278.51 96.617 -0.78386 382.61 86.321 37.848 415.05 82.052
0.24167 14.919 289.58 96.229 0.061134 391.96 86.531 39.05 425.48 82.042
0.25 16.258 300.62 95.823 0.83436 401.19 86.775 40.025 435.87 82.069
0.25833 17.507 311.61 95.406 1.5461 410.33 87.051 40.784 446.23 82.133
0.26667 18.667 322.54 94.986 2.201 419.44 87.349 41.34 456.58 82.232
0.275 19.748 333.41 94.573 2.8037 428.53 87.668 41.711 466.91 82.36
0.28333 20.765 344.21 94.176 3.3549 437.66 88.001 41.916 477.25 82.513
0.29167 21.729 354.94 93.803 3.8516 446.83 88.347 41.974 487.6 82.686
0.3 22.655 365.62 93.462 4.2926 456.07 88.703 41.902 497.98 82.874
0.30833 23.552 376.24 93.157 4.6733 465.38 89.068 41.715 508.39 83.073
0.31667 24.418 386.81 92.889 4.9907 474.76 89.442 41.424 518.85 83.279
0.325 25.249 397.34 92.659 5.2428 484.22 89.822 41.038 529.35 83.49
0.33333 26.032 407.83 92.46 5.4284 493.74 90.208 40.564 539.9 83.706
0.34167 26.753 418.27 92.287 5.5488 503.31 90.596 40.006 550.49 83.924
0.35 27.4 428.66 92.132 5.6068 512.93 90.984 39.367 561.1 84.146
0.35833 27.96 439 91.985 5.6068 522.58 91.367 38.651 571.72 84.371
0.36667 28.429 449.28 91.839 5.554 532.26 91.74 37.862 582.34 84.599
0.375 28.808 459.49 91.687 5.454 541.96 92.1 37.004 592.93 84.831
0.38333 29.106 469.65 91.523 5.3122 551.69 92.44 36.083 603.49 85.065
0.39167 29.336 479.75 91.344 5.1326 561.44 92.757 35.107 613.99 85.302
0.4 29.517 489.8 91.148 4.9191 571.23 93.049 34.084 624.45 85.54
0.40833 29.671 499.82 90.935 4.6733 581.05 93.313 33.023 634.85 85.779
0.41667 29.815 509.81 90.708 4.3964 590.91 93.549 31.933 645.21 86.019
0.425 29.967 519.79 90.47 4.0883 600.81 93.759 30.823 655.53 86.257
0.43333 30.136 529.78 90.227 3.7484 610.77 93.944 29.701 665.82 86.494
0.44167 30.324 539.8 89.987 3.376 620.78 94.108 28.575 676.11 86.727
0.45 30.528 549.85 89.757 2.9701 630.85 94.252 27.449 686.4 86.956
0.45833 30.736 559.96 89.546 2.5308 640.98 94.381 26.327 696.7 87.18
0.46667 30.932 570.14 89.362 2.0587 651.18 94.497 25.212 707.03 87.395
0.475 31.098 580.39 89.214 1.5552 661.47 94.6 24.105 717.39 87.6
0.48333 31.215 590.73 89.107 1.0228 671.84 94.693 23.004 727.77 87.793
0.49167 31.266 601.16 89.042 0.46518 682.31 94.775 21.909 738.18 87.971
0.5 31.246 611.69 89.019 -0.11411 692.89 94.846 20.815 748.59 88.134
0.50833 31.145 622.35 89.031 -0.71146 703.59 94.907 19.72 759.01 88.28
0.51667 30.965 633.14 89.071 -1.3242 714.43 94.96 18.618 769.43 88.408
0.525 30.712 644.08 89.129 -1.9515 725.4 95.007 17.505 779.83 88.522
0.53333 30.403 655.17 89.194 -2.5946 736.52 95.051 16.373 790.23 88.622
0.54167 30.049 666.43 89.255 -3.2578 747.78 95.096 15.217 800.62 88.712
0.55 29.657 677.84 89.305 -3.9478 759.18 95.148 14.031 811.03 88.798
0.55833 29.235 689.4 89.334 -4.6741 770.7 95.214 12.807 821.46 88.883
0.56667 28.782 701.14 89.336 -5.4488 782.32 95.298 11.541 831.95 88.973
0.575 28.297 713.06 89.303 -6.2851 794.04 95.406 10.227 842.51 89.071
0.58333 27.772 725.19 89.23 -7.1965 805.84 95.542 8.8631 853.18 89.18
0.59167 27.2 737.55 89.113 -8.1963 817.69 95.707 7.4463 863.96 89.3
0.6 26.572 750.2 88.951 -9.2964 829.6 95.9 5.9762 874.89 89.429
0.60833 25.879 763.15 88.748 -10.5 841.53 96.118 4.4536 885.96 89.565
0.61667 25.115 776.44 88.511 -11.814 853.5 96.353 2.8804 897.18 89.701
0.625 24.273 790.08 88.25 -13.232 865.51 96.597 1.2591 908.53 89.831
0.63333 23.358 804.05 87.981 -14.745 877.56 96.843 -0.40689 919.99 89.948
0.64167 22.372 818.32 87.722 -16.339 889.66 97.079 -2.1145 931.55 90.046
0.65 21.325 832.85 87.491 -17.991 901.82 97.296 -3.8608 943.16 90.123
0.65833 20.228 847.56 87.309 -19.678 914.06 97.485 -5.643 954.81 90.177
0.66667 19.09 862.36 87.189 -21.37 926.38 97.64 -7.4588 966.45 90.211
0.675 17.918 877.17 87.144 -23.038 938.78 97.755 -9.3053 978.07 90.23
0.68333 16.713 891.89 87.176 -24.651 951.26 97.826 -11.179 989.64 90.242
0.69167 15.478 906.45 87.286 -26.181 963.8 97.851 -13.076 1001.2 90.257
0.7 14.206 920.77 87.465 -27.601 976.38 97.83 -14.989 1012.6 90.287
0.70833 12.898 934.81 87.698 -28.892 988.96 97.763 -16.907 1024 90.343
0.71667 11.551 948.54 87.967 -30.037 1001.5 97.65 -18.817 1035.4 90.433
0.725 10.166 961.93 88.253 -31.029 1014 97.495 -20.701 1046.7 90.562
0.73333 8.7448 975.02 88.539 -31.866 1026.3 97.3 -22.538 1058.1 90.733
0.74167 7.2894 987.82 88.813 -32.554 1038.5 97.066 -24.302 1069.5 90.942
0.75 5.8003 1000.4 89.071 -33.103 1050.6 96.797 -25.966 1080.9 91.18
0.75833 4.2891 1012.8 89.309 -33.53 1062.4 96.497 -27.5 1092.3 91.435
0.76667 2.7635 1025.1 89.528 -33.851 1074 96.168 -28.877 1103.8 91.69
0.775 1.2499 1037.3 89.726 -34.086 1085.4 95.814 -30.07 1115.4 91.93
0.78333 -0.22839 1049.5 89.904 -34.254 1096.7 95.438 -31.057 1127 92.136
0.79167 -1.6398 1061.6 90.063 -34.373 1107.8 95.044 -31.823 1138.6 92.295
0.8 -2.9555 1073.6 90.206 -34.457 1118.8 94.635 -32.358 1150.3 92.397
0.80833 -4.1439 1085.7 90.337 -34.516 1129.7 94.214 -32.662 1161.9 92.436
0.81667 -5.1859 1097.6 90.461 -34.558 1140.5 93.786 -32.743 1173.6 92.412
0.825 -6.067 1109.5 90.582 -34.586 1151.4 93.354 -32.616 1185.2 92.33
0.83333 -6.7834 1121.3 90.707 -34.602 1162.2 92.921 -32.302 1196.8 92.198
0.84167 -7.3423 1133 90.84 -34.604 1173.1 92.489 -31.828 1208.4 92.028
0.85 -7.7587 1144.6 90.987 -34.59 1184 92.06 -31.223 1219.9 91.835
0.85833 -8.0586 1156.1 91.153 -34.557 1194.9 91.635 -30.516 1231.4 91.631
0.86667 -8.2746 1167.6 91.342 -34.504 1205.9 91.216 -29.734 1242.9 91.428
0.875 -8.4391 1179 91.56 -34.427 1217 90.801 -28.899 1254.3 91.235
0.88333 -8.5821 1190.3 91.81 -34.326 1228.1 90.392 -28.032 1265.7 91.057
0.89167 -8.729 1201.6 92.092 -34.202 1239.2 89.989 -27.141 1277.1 90.895
0.9 -8.8977 1212.9 92.407 -34.056 1250.4 89.594 -26.233 1288.5 90.747
0.90833 -9.0952 1224.2 92.751 -33.892 1261.6 89.207 -25.307 1299.8 90.605
0.91667 -9.3199 1235.4 93.121 -33.713 1272.8 88.832 -24.355 1311.1 90.462
0.925 -9.5606 1246.6 93.508 -33.523 1284.1 88.471 -23.37 1322.4 90.309
0.93333 -9.7994 1257.8 93.908 -33.325 1295.4 88.129 -22.341 1333.7 90.138
0.94167 -10.014 1269 94.311 -33.123 1306.9 87.809 -21.258 1345 89.941
0.95 -10.182 1280.2 94.711 -32.921 1318.3 87.515 -20.113 1356.2 89.716
0.95833 -10.282 1291.4 95.1 -32.719 1329.9 87.25 -18.904 1367.4 89.463
0.96667 -10.297 1302.7 95.473 -32.52 1341.6 87.018 -17.631 1378.5 89.184
0.975 -10.218 1313.9 95.829 -32.321 1353.4 86.82 -16.3 1389.7 88.887
0.98333 -10.041 1325.3 96.166 -32.124 1365.3 86.657 -14.922 1400.9 88.581
0.99167 -9.7696 1336.7 96.486 -31.924 1377.4 86.531 -13.511 1412.1 88.275
1 -9.4071 1348.3 96.79 -31.72 1389.5 86.44 -12.08 1423.3 87.981
1.0083 -8.9624 1359.9 97.079 -31.507 1401.7 86.383 -10.645 1434.6 87.707
1.0167 -8.4422 1371.7 97.356 -31.281 1414 86.357 -9.2193 1445.9 87.46
1.025 -7.8511 1383.5 97.623 -31.036 1426.3 86.361 -7.8115 1457.3 87.243
1.0333 -7.1915 1395.5 97.88 -30.765 1438.8 86.392 -6.4264 1468.8 87.056
1.0417 -6.4666 1407.7 98.129 -30.464 1451.2 86.446 -5.064 1480.3 86.895
1.05 -5.6795 1419.9 98.371 -30.123 1463.7 86.523 -3.7184 1491.9 86.753
1.0583 -4.8449 1432.3 98.603 -29.735 1476.3 86.622 -2.3816 1503.5 86.623
1.0667 -3.989 1444.9 98.818 -29.294 1488.9 86.735 -1.0403 1515.2 86.493
1.075 -3.1387 1457.5 99.009 -28.793 1501.5 86.858 0.3181 1527 86.358
1.0833 -2.3156 1470.2 99.172 -28.223 1514.2 86.993 1.7052 1538.8 86.211
1.0917 -1.5355 1482.9 99.299 -27.577 1527 87.137 3.1299 1550.6 86.049
1.1 -0.80284 1495.6 99.386 -26.853 1539.8 87.273 4.5977 1562.6 85.873
1.1083 -0.11605 1508.3 99.437 -26.041 1552.8 87.407 6.1088 1574.6 85.688
1.1167 0.53316 1521.1 99.457 -25.141 1565.8 87.523 7.6585 1586.6 85.503
1.125 1.1529 1533.9 99.456 -24.149 1579 87.615 9.2379 1598.8 85.327
1.1333 1.7524 1546.9 99.447 -23.065 1592.3 87.674 10.835 1611.1 85.174
1.1417 2.3407 1560.1 99.443 -21.888 1605.7 87.697 12.438 1623.4 85.053
1.15 2.9259 1573.5 99.453 -20.623 1619.2 87.676 14.035 1635.9 84.975
1.1583 3.5152 1587.1 99.486 -19.274 1632.9 87.61 15.616 1648.5 84.945
1.1667 4.113 1601 99.541 -17.852 1646.6 87.496 17.177 1661.2 84.964
1.175 4.721 1615.3 99.609 -16.372 1660.4 87.337 18.718 1673.9 85.027
1.1833 5.3365 1629.7 99.676 -14.848 1674.2 87.142 20.244 1686.8 85.125
1.1917 5.9562 1644.3 99.726 -13.301 1688.1 86.919 21.764 1699.7 85.243
1.2 6.5777 1659.1 99.739 -11.755 1702 86.68 23.291 1712.7 85.365
1.2083 7.2047 1673.9 99.7 -10.237 1715.9 86.436 24.837 1725.7 85.47
1.2167 7.8461 1688.7 99.598 -8.772 1729.7 86.202 26.413 1738.7 85.541
1.225 8.5191 1703.5 99.428 -7.3867 1743.5 85.991 28.024 1751.8 85.561
1.2333 9.246 1718 99.191 -6.1047 1757.3 85.817 29.672 1764.9 85.52
1.2417 10.048 1732.5 98.895 -4.9466 1770.9 85.689 31.345 1777.9 85.41
1.25 10.94 1746.7 98.55 -3.9281 1784.5 85.616 33.027 1791 85.232
1.2583 11.926 1760.6 98.171 -3.0598 1797.9 85.603 34.691 1804.1 84.993
1.2667 12.996 1774.4 97.778 -2.3461 1811.1 85.653 36.301 1817.2 84.704
1.275 14.129 1787.9 97.386 -1.7863 1824.2 85.762 37.819 1830.3 84.383
1.2833 15.303 1801.3 97.013 -1.3731 1837.2 85.929 39.2 1843.4 84.051
1.2917 16.497 1814.4 96.671 -1.0951 1849.9 86.145 40.402 1856.4 83.728
1.3 17.696 1827.4 96.366 -0.935 1862.5 86.404 41.387 1869.5 83.437
1.3083 18.889 1840.3 96.102 -0.87302 1874.9 86.697 42.122 1882.6 83.195
1.3167 20.062 1853.1 95.88 -0.89137 1887.1 87.015 42.584 1895.6 83.017
1.325 21.2 1865.9 95.694 -0.96664 1899.2 87.351 42.76 1908.6 82.914
1.3333 22.289 1878.6 95.539 -1.0809 1911.1 87.699 42.648 1921.6 82.891
1.3417 23.314 1891.2 95.403 -1.2174 1922.9 88.055 42.257 1934.6 82.95
1.35 24.263 1903.7 95.277 -1.3674 1934.6 88.416 41.603 1947.6 83.085
1.3583 25.123 1916.2 95.15 -1.5224 1946.2 88.783 40.709 1960.6 83.293
1.3667 25.885 1928.5 95.011 -1.6806 1957.8 89.155 39.603 1973.6 83.563
1.375 26.54 1940.8 94.853 -1.8445 1969.4 89.533 38.315 1986.5 83.887
1.3833 27.079 1953 94.673 -2.0225 1980.9 89.918 36.872 1999.5 84.255
1.3917 27.499 1965.1 94.47 -2.2206 1992.5 90.312 35.3 2012.6 84.659
1.4 27.798 1977.2 94.245 -2.4484 2004.2 90.713 33.62 2025.6 85.09
1.4083 27.977 1989.1 94.004 -2.7142 2015.8 91.119 31.85 2038.7 85.543
1.4167 28.043 2001 93.752 -3.0249 2027.5 91.528 30.002 2051.7 86.013
1.425 28.006 2012.8 93.496 -3.3847 2039.2 91.936 28.083 2064.8 86.495
1.4333 27.877 2024.5 93.24 -3.7967 2051 92.338 26.1 2077.8 86.987
1.4417 27.674 2036.3 92.987 -4.2591 2062.7 92.729 24.056 2090.8 87.487
1.45 27.413 2047.9 92.74 -4.77 2074.6 93.103 21.954 2103.7 87.994
1.4583 27.11 2059.6 92.496 -5.326 2086.4 93.458 19.799 2116.6 88.507
1.4667 26.781 2071.2 92.252 -5.9227 2098.3 93.789 17.595 2129.4 89.025
1.475 26.437 2082.7 92.006 -6.5565 2110.3 94.095 15.349 2142.1 89.547
1.4833 26.087 2094.3 91.753 -7.2243 2122.4 94.376 13.071 2154.7 90.072
1.4917 25.735 2105.9 91.491 -7.9244 2134.5 94.632 10.772 2167.2 90.597
1.5 25.379 2117.4 91.221 -8.6566 2146.7 94.866 8.4631 2179.7 91.122
1.5083 25.013 2129 90.947 -9.4219 2159.1 95.079 6.1575 2192.1 91.642
1.5167 24.629 2140.5 90.674 -10.223 2171.5 95.275 3.8668 2204.5 92.156
1.525 24.214 2152.1 90.414 -11.062 2184.1 95.454 1.6012 2216.9 92.658
1.5333 23.757 2163.8 90.176 -11.943 2196.7 95.618 -0.63082 2229.4 93.145
1.5417 23.244 2175.4 89.972 -12.869 2209.5 95.768 -2.8239 2241.8 93.613
1.55 22.662 2187.2 89.809 -13.844 2222.3 95.904 -4.9759 2254.4 94.057
1.5583 22.003 2199 89.693 -14.869 2235.1 96.025 -7.0874 2266.9 94.475
1.5667 21.255 2211 89.623 -15.947 2248.1 96.131 -9.1623 2279.6 94.864
1.575 20.422 2223 89.593 -17.08 2261.1 96.222 -11.208 2292.2 95.223
1.5833 19.496 2235.2 89.593 -18.267 2274.1 96.298 -13.233 2304.9 95.553
1.5917 18.491 2247.6 89.612 -19.511 2287.2 96.36 -15.247 2317.6 95.858
1.6 17.404 2260.1 89.639 -20.812 2300.3 96.413 -17.261 2330.4 96.139
1.6083 16.25 2272.7 89.668 -22.172 2313.5 96.459 -19.287 2343.1 96.404
1.6167 15.025 2285.5 89.693 -23.593 2326.8 96.505 -21.332 2355.8 96.657
1.625 13.739 2298.3 89.712 -25.079 2340.1 96.557 -23.405 2368.6 96.904
1.6333 12.392 2311.3 89.722 -26.634 2353.5 96.621 -25.511 2381.4 97.148
1.6417 10.987 2324.4 89.72 -28.266 2366.9 96.703 -27.653 2394.3 97.393
1.65 9.5301 2337.6 89.704 -29.982 2380.5 96.808 -29.83 2407.2 97.639
1.6583 8.0263 2350.9 89.673 -31.789 2394.1 96.941 -32.041 2420.2 97.883
1.6667 6.4797 2364.5 89.626 -33.697 2407.7 97.102 -34.283 2433.4 98.122
1.675 4.8907 2378.3 89.567 -35.712 2421.5 97.291 -36.55 2446.7 98.351
1.6833 3.2631 2392.4 89.5 -37.838 2435.2 97.506 -38.838 2460.1 98.561
1.6917 1.5952 2406.8 89.433 -40.077 2449 97.742 -41.144 2473.6 98.747
1.7 -0.11969 2421.5 89.375 -42.422 2462.8 97.995 -43.464 2487.3 98.901
1.7083 -1.8828 2436.5 89.34 -44.867 2476.6 98.257 -45.798 2501.1 99.02
1.7167 -3.7012 2451.7 89.342 -47.394 2490.4 98.522 -48.147 2514.9 99.103
1.725 -5.5805 2467 89.394 -49.983 2504.3 98.783 -50.514 2528.9 99.151
1.7333 -7.5285 2482.5 89.508 -52.608 2518.1 99.035 -52.903 2542.8 99.172
1.7417 -9.5481 2497.9 89.692 -55.24 2532 99.274 -55.316 2556.8 99.172
1.75 -11.644 2513.2 89.949 -57.848 2545.8 99.494 -57.757 2570.7 99.164
1.7583 -13.811 2528.3 90.278 -60.4 2559.7 99.694 -60.226 2584.6 99.159
1.7667 -16.044 2543.1 90.669 -62.867 2573.6 99.871 -62.72 2598.5 99.17
1.775 -18.331 2557.7 91.11 -65.223 2587.4 100.02 -65.234 2612.2 99.207
1.7833 -20.657 2572 91.584 -67.449 2601.2 100.15 -67.755 2625.9 99.28
1.7917 -23.006 2585.9 92.073 -69.531 2615 100.25 -70.267 2639.6 99.392
1.8 -25.366 2599.5 92.561 -71.466 2628.6 100.32 -72.75 2653.2 99.543
1.8083 -27.732 2612.9 93.04 -73.255 2642 100.36 -75.18 2666.7 99.729
1.8167 -30.113 2626 93.506 -74.91 2655.3 100.36 -77.529 2680.2 99.941
1.825 -32.511 2639 93.96 -76.448 2668.4 100.34 -79.771 2693.7 100.17
1.8333 -34.931 2651.9 94.402 -77.892 2681.2 100.28 -81.88 2707.2 100.39
1.8417 -37.366 2664.7 94.835 -79.264 2693.8 100.18 -83.832 2720.6 100.6
1.85 -39.807 2677.5 95.258 -80.593 2706.2 100.06 -85.611 2734 100.78
1.8583 -42.237 2690.2 95.676 -81.899 2718.3 99.902 -87.202 2747.4 100.91
1.8667 -44.631 2702.9 96.09 -83.203 2730.2 99.72 -88.601 2760.8 100.99
1.875 -46.966 2715.6 96.503 -84.521 2742 99.516 -89.811 2774.2 101.01
1.8833 -49.217 2728.2 96.919 -85.861 2753.7 99.297 -90.841 2787.5 100.98
1.8917 -51.363 2740.8 97.342 -87.227 2765.2 99.067 -91.708 2800.8 100.89
1.9 -53.391 2753.3 97.773 -88.616 2776.8 98.834 -92.433 2814.1 100.74
1.9083 -55.301 2765.7 98.215 -90.024 2788.3 98.603 -93.039 2827.3 100.56
1.9167 -57.098 2778.1 98.672 -91.442 2799.9 98.379 -93.555 2840.5 100.35
1.925 -58.799 2790.5 99.145 -92.862 2811.5 98.165 -94.006 2853.6 100.12
1.9333 -60.423 2802.7 99.637 -94.274 2823.2 97.966 -94.416 2866.7 99.876
1.9417 -62.002 2814.9 100.15 -95.675 2835 97.781 -94.809 2879.6 99.638
1.95 -63.558 2827.1 100.68 -97.06 2846.8 97.612 -95.201 2892.6 99.409
1.9583 -65.116 2839.2 101.22 -98.43 2858.8 97.458 -95.606 2905.4 99.195
1.9667 -66.691 2851.2 101.79 -99.789 2870.9 97.319 -96.031 2918.2 98.996
1.975 -68.289 2863.2 102.36 -101.14 2883.1 97.193 -96.481 2930.8 98.815
1.9833 -69.907 2875.1 102.94 -102.5 2895.4 97.08 -96.957 2943.4 98.649
1.9917 -71.535 2886.9 103.52 -103.87 2907.9 96.979 -97.455 2955.9 98.494
2 -73.151 2898.7 104.1 -105.25 2920.4 96.89 -97.974 2968.3 98.347
2.0083 -74.727 2910.5 104.67 -106.65 2933 96.813 -98.509 2980.6 98.204
2.0167 -76.235 2922.3 105.24 -108.08 2945.7 96.751 -99.057 2992.9 98.062
2.025 -77.648 2934 105.79 -109.54 2958.5 96.704 -99.616 3005.2 97.92
2.0333 -78.945 2945.9 106.33 -111.01 2971.4 96.673 -100.19 3017.4 97.777
2.0417 -80.117 2957.8 106.85 -112.5 2984.4 96.661 -100.77 3029.7 97.634
2.05 -81.16 2969.8 107.36 -114.01 2997.4 96.668 -101.37 3041.9 97.493
2.0583 -82.088 2981.9 107.86 -115.52 3010.5 96.694 -101.98 3054.3 97.357
2.0667 -82.92 2994.2 108.34 -117.02 3023.7 96.74 -102.62 3066.6 97.228
2.075 -83.685 3006.6 108.81 -118.52 3037 96.806 -103.27 3079.1 97.11
2.0833 -84.414 3019.1 109.26 -120.01 3050.3 96.891 -103.95 3091.5 97.003
2.0917 -85.136 3031.8 109.69 -121.49 3063.7 96.994 -104.64 3104.1 96.908
2.1 -85.882 3044.7 110.1 -122.95 3077.2 97.113 -105.35 3116.6 96.825
2.1083 -86.678 3057.7 110.49 -124.39 3090.7 97.246 -106.06 3129.2 96.75
2.1167 -87.54 3070.9 110.87 -125.81 3104.3 97.399 -106.77 3141.9 96.681
2.125 -88.49 3084.2 111.21 -127.22 3118 97.558 -107.46 3154.5 96.612
2.1333 -89.525 3097.5 111.53 -128.6 3131.8 97.735 -108.14 3167.2 96.542
2.1417 -90.639 3110.9 111.79 -129.96 3145.7 97.913 -108.8 3179.9 96.466
2.15 -91.809 3124.4 112.02 -131.29 3159.6 98.102 -109.43 3192.7 96.384
2.1583 -93.01 3137.9 112.19 -132.59 3173.6 98.287 -110.04 3205.5 96.295
2.1667 -94.22 3151.5 112.31 -133.84 3187.8 98.464 -110.63 3218.4 96.202
2.175 -95.428 3165.2 112.39 -135.04 3201.9 98.636 -111.2 3231.4 96.109
2.1833 -96.633 3179.1 112.43 -136.18 3216.2 98.789 -111.76 3244.5 96.022
2.1917 -97.848 3193.1 112.45 -137.24 3230.6 98.919 -112.33 3257.7 95.946
2.2 -99.099 3207.2 112.44 -138.23 3245 99.022 -112.91 3271.1 95.889
2.2083 -100.42 3221.6 112.42 -139.14 3259.4 99.094 -113.5 3284.6 95.854
2.2167 -101.83 3236.2 112.38 -139.98 3273.9 99.134 -114.12 3298.3 95.845
2.225 -103.38 3251 112.33 -140.75 3288.5 99.141 -114.77 3312.1 95.863
2.2333 -105.06 3266 112.25 -141.47 3303 99.116 -115.43 3326 95.904
2.2417 -106.9 3281 112.14 -142.16 3317.6 99.064 -116.12 3340 95.964
2.25 -108.86 3296 111.99 -142.85 3332.2 98.986 -116.83 3354.1 96.036
2.2583 -110.94 3311.1 111.79 -143.56 3346.7 98.894 -117.56 3368.2 96.111
2.2667 -113.08 3326 111.54 -144.33 3361.2 98.795 -118.3 3382.4 96.179
2.275 -115.22 3340.7 111.25 -145.19 3375.7 98.697 -119.07 3396.6 96.232
2.2833 -117.31 3355.3 110.91 -146.16 3390 98.609 -119.87 3410.8 96.264
2.2917 -119.28 3369.7 110.56 -147.27 3404.1 98.542 -120.71 3424.9 96.273
2.3 -121.12 3383.9 110.19 -148.52 3418.1 98.505 -121.63 3439.1 96.258
2.3083 -122.79 3397.9 109.83 -149.93 3431.9 98.506 -122.64 3453.2 96.222
2.3167 -124.31 3411.7 109.48 -151.49 3445.5 98.551 -123.77 3467.3 96.174
2.325 -125.7 3425.3 109.17 -153.18 3458.7 98.645 -125.07 3481.3 96.123
2.3333 -126.97 3438.8 108.9 -155 3471.7 98.791 -126.55 3495.2 96.08
2.3417 -128.13 3452.2 108.67 -156.92 3484.4 98.989 -128.24 3509.1 96.057
2.35 -129.22 3465.6 108.49 -158.91 3496.8 99.235 -130.18 3522.8 96.067
2.3583 -130.26 3478.8 108.35 -160.96 3508.9 99.525 -132.36 3536.5 96.118
2.3667 -131.29 3492.1 108.25 -163.04 3520.8 99.854 -134.8 3550 96.218
2.375 -132.34 3505.2 108.17 -165.14 3532.5 100.21 -137.51 3563.4 96.37
2.3833 -133.45 3518.3 108.11 -167.26 3544.1 100.6 -140.46 3576.7 96.575
2.3917 -134.66 3531.3 108.06 -169.37 3555.5 101 -143.63 3589.9 96.831
2.4 -135.99 3544.1 108.01 -171.5 3566.8 101.41 -147.02 3603 97.133
2.4083 -137.45 3556.8 107.94 -173.64 3578.1 101.83 -150.58 3615.9 97.475
2.4167 -139.06 3569.3 107.84 -175.8 3589.4 102.26 -154.3 3628.7 97.85
2.425 -140.81 3581.6 107.72 -178 3600.7 102.69 -158.14 3641.4 98.25
2.4333 -142.7 3593.8 107.58 -180.24 3612 103.13 -162.07 3654 98.669
2.4417 -144.72 3605.8 107.4 -182.53 3623.4 103.58 -166.08 3666.5 99.102
2.45 -146.86 3617.7 107.21 -184.89 3634.9 104.03 -170.15 3678.9 99.545
2.4583 -149.11 3629.5 106.99 -187.31 3646.3 104.48 -174.25 3691.2 99.994
2.4667 -151.44 3641.1 106.77 -189.79 3657.8 104.94 -178.38 3703.4 100.45
2.475 -153.86 3652.7 106.54 -192.34 3669.4 105.4 -182.53 3715.6 100.9
2.4833 -156.34 3664.1 106.32 -194.94 3680.9 105.86 -186.68 3727.6 101.36
2.4917 -158.86 3675.5 106.1 -197.59 3692.4 106.31 -190.84 3739.5 101.82
2.5 -161.44 3686.8 105.9 -200.28 3703.9 106.75 -195 3751.4 102.28
2.5083 -164.05 3698 105.7 -203.02 3715.5 107.18 -199.15 3763.1 102.73
2.5167 -166.71 3709.2 105.5 -205.79 3727 107.57 -203.29 3774.7 103.17
2.525 -169.4 3720.4 105.31 -208.61 3738.6 107.94 -207.42 3786.3 103.61
2.5333 -172.13 3731.6 105.12 -211.47 3750.2 108.27 -211.52 3797.8 104.03
2.5417 -174.89 3742.7 104.92 -214.38 3761.9 108.57 -215.61 3809.3 104.43
2.55 -177.69 3753.9 104.72 -217.34 3773.6 108.84 -219.68 3820.7 104.82
2.5583 -180.51 3765.2 104.51 -220.38 3785.4 109.07 -223.72 3832.1 105.19
2.5667 -183.34 3776.5 104.31 -223.48 3797.2 109.28 -227.75 3843.5 105.53
2.575 -186.19 3787.9 104.11 -226.66 3809.1 109.46 -231.76 3854.9 105.84
2.5833 -189.04 3799.4 103.93 -229.92 3821.2 109.63 -235.76 3866.3 106.13
2.5917 -191.91 3811 103.78 -233.26 3833.2 109.79 -239.75 3877.7 106.4
2.6 -194.79 3822.7 103.66 -236.67 3845.4 109.94 -243.73 3889.1 106.63
2.6083 -197.71 3834.4 103.57 -240.16 3857.6 110.09 -247.72 3900.6 106.85
2.6167 -200.68 3846.1 103.51 -243.72 3869.8 110.24 -251.72 3912.1 107.04
2.625 -203.71 3858 103.48 -247.35 3882.1 110.39 -255.73 3923.6 107.21
2.6333 -206.82 3869.9 103.46 -251.04 3894.5 110.53 -259.76 3935.2 107.37
2.6417 -210.02 3882 103.44 -254.8 3906.9 110.66 -263.82 3946.7 107.52
2.65 -213.32 3894.1 103.43 -258.62 3919.3 110.79 -267.9 3958.3 107.66
2.6583 -216.71 3906.3 103.42 -262.5 3931.7 110.89 -272.02 3969.9 107.8
2.6667 -220.19 3918.6 103.4 -266.46 3944.2 110.98 -276.18 3981.5 107.95
2.675 -223.78 3930.9 103.38 -270.48 3956.6 111.06 -280.38 3993.2 108.09
2.6833 -227.47 3943.3 103.35 -274.57 3969.1 111.12 -284.63 4004.9 108.24
2.6917 -231.26 3955.7 103.32 -278.75 3981.7 111.17 -288.92 4016.6 108.38
2.7 -235.18 3968.3 103.28 -283.01 3994.2 111.22 -293.27 4028.3 108.53
2.7083 -239.21 3981 103.23 -287.35 4006.7 111.27 -297.68 4040.2 108.66
2.7167 -243.36 3993.8 103.18 -291.79 4019.3 111.34 -302.14 4052.1 108.78
2.725 -247.63 4006.9 103.13 -296.33 4031.9 111.43 -306.65 4064 108.88
2.7333 -252.02 4020.1 103.08 -300.96 4044.4 111.55 -311.23 4076.1 108.96
2.7417 -256.51 4033.6 103.06 -305.69 4057 111.7 -315.86 4088.2 109.02
2.75 -261.1 4047.4 103.06 -310.51 4069.6 111.89 -320.55 4100.3 109.04
2.7583 -265.78 4061.3 103.1 -315.4 4082.2 112.12 -325.3 4112.6 109.05
2.7667 -270.52 4075.4 103.19 -320.36 4094.8 112.39 -330.11 4124.8 109.04
2.775 -275.31 4089.5 103.34 -325.37 4107.5 112.68 -334.97 4137.1 109.02
2.7833 -280.13 4103.7 103.56 -330.39 4120.2 112.98 -339.89 4149.5 109.01
2.7917 -284.99 4117.7 103.85 -335.42 4132.9 113.29 -344.87 4161.8 109.02
2.8 -289.87 4131.6 104.2 -340.42 4145.6 113.59 -349.89 4174.1 109.06
2.8083 -294.75 4145.3 104.62 -345.35 4158.4 113.87 -354.94 4186.4 109.14
2.8167 -299.64 4158.7 105.08 -350.2 4171.1 114.12 -360.03 4198.7 109.26
2.825 -304.53 4171.8 105.58 -354.94 4183.9 114.32 -365.13 4210.9 109.44
2.8333 -309.38 4184.6 106.08 -359.54 4196.6 114.47 -370.22 4223.1 109.67
2.8417 -314.22 4197.2 106.57 -363.98 4209.2 114.56 -375.29 4235.2 109.94
2.85 -319.02 4209.4 107.04 -368.25 4221.8 114.6 -380.29 4247.3 110.24
2.8583 -323.81 4221.4 107.47 -372.35 4234.2 114.58 -385.21 4259.4 110.55
2.8667 -328.59 4233.2 107.86 -376.28 4246.5 114.51 -390.01 4271.4 110.86
2.875 -333.39 4244.9 108.22 -380.03 4258.6 114.39 -394.66 4283.5 111.14
2.8833 -338.21 4256.6 108.55 -383.64 4270.5 114.24 -399.13 4295.6 111.38
2.8917 -343.04 4268.1 108.84 -387.12 4282.3 114.07 -403.41 4307.7 111.56
2.9 -347.85 4279.6 109.12 -390.5 4293.8 113.88 -407.48 4319.8 111.68
2.9083 -352.62 4291.1 109.38 -393.8 4305.1 113.68 -411.32 4331.9 111.72
2.9167 -357.32 4302.6 109.64 -397.06 4316.3 113.47 -414.95 4344 111.69
2.925 -361.91 4314 109.89 -400.3 4327.3 113.25 -418.36 4356.2 111.59
2.9333 -366.36 4325.3 110.14 -403.55 4338.2 113.03 -421.58 4368.3 111.42
2.9417 -370.66 4336.6 110.4 -406.81 4349 112.8 -424.62 4380.4 111.21
2.95 -374.77 4347.9 110.68 -410.11 4359.7 112.56 -427.52 4392.5 110.97
2.9583 -378.7 4359.1 110.97 -413.43 4370.5 112.3 -430.3 4404.5 110.7
2.9667 -382.46 4370.3 111.27 -416.79 4381.2 112.03 -432.99 4416.5 110.42
2.975 -386.08 4381.4 111.6 -420.17 4392 111.75 -435.63 4428.4 110.14
2.9833 -389.57 4392.5 111.95 -423.57 4402.8 111.45 -438.23 4440.2 109.87
2.9917 -392.99 4403.5 112.31 -426.98 4413.7 111.14 -440.81 4451.9 109.61
3 -396.35 4414.6 112.7 -430.38 4424.6 110.81 -443.38 4463.6 109.36
3.0083 -399.69 4425.6 113.1 -433.77 4435.7 110.49 -445.96 4475.2 109.13
3.0167 -403.03 4436.6 113.52 -437.15 4446.8 110.16 -448.52 4486.7 108.92
3.025 -406.39 4447.6 113.96 -440.52 4458 109.85 -451.09 4498.1 108.7
3.0333 -409.77 4458.5 114.4 -443.87 4469.4 109.55 -453.63 4509.5 108.49
3.0417 -413.15 4469.5 114.86 -447.21 4480.8 109.27 -456.15 4520.8 108.28
3.05 -416.53 4480.3 115.31 -450.55 4492.4 109.02 -458.64 4532.1 108.05
3.0583 -419.88 4491.2 115.76 -453.89 4504 108.8 -461.08 4543.4 107.82
3.0667 -423.18 4502 116.2 -457.24 4515.8 108.62 -463.49 4554.6 107.57
3.075 -426.42 4512.9 116.62 -460.61 4527.5 108.47 -465.85 4565.8 107.32
3.0833 -429.58 4523.7 117.03 -464 4539.4 108.35 -468.18 4577 107.06
3.0917 -432.65 4534.7 117.41 -467.41 4551.3 108.26 -470.49 4588.2 106.8
3.1 -435.63 4545.7 117.77 -470.84 4563.3 108.2 -472.79 4599.5 106.54
3.1083 -438.55 4556.8 118.09 -474.29 4575.3 108.16 -475.09 4610.7 106.3
3.1167 -441.41 4568.1 118.39 -477.76 4587.3 108.13 -477.4 4622 106.08
3.125 -444.24 4579.5 118.64 -481.23 4599.4 108.11 -479.74 4633.3 105.88
3.1333 -447.06 4591.1 118.86 -484.71 4611.5 108.1 -482.1 4644.7 105.7
3.1417 -449.9 4602.8 119.05 -488.19 4623.7 108.1 -484.5 4656.2 105.55
3.15 -452.79 4614.7 119.21 -491.67 4635.9 108.1 -486.91 4667.8 105.43
3.1583 -455.72 4626.7 119.35 -495.13 4648.2 108.1 -489.34 4679.4 105.32
3.1667 -458.73 4638.9 119.47 -498.57 4660.5 108.1 -491.77 4691.1 105.21
3.175 -461.81 4651.2 119.57 -501.99 4672.9 108.1 -494.19 4702.9 105.11
3.1833 -464.97 4663.5 119.67 -505.39 4685.4 108.1 -496.57 4714.8 105
3.1917 -468.19 4675.9 119.76 -508.76 4698 108.11 -498.91 4726.8 104.87
3.2 -471.47 4688.4 119.85 -512.1 4710.7 108.11 -501.21 4738.9 104.72
3.2083 -474.77 4700.9 119.93 -515.41 4723.5 108.12 -503.45 4751 104.54
3.2167 -478.09 4713.4 119.99 -518.67 4736.4 108.12 -505.65 4763.2 104.34
3.225 -481.41 4725.9 120.05 -521.9 4749.4 108.12 -507.82 4775.5 104.13
3.2333 -484.73 4738.6 120.09 -525.07 4762.5 108.1 -509.96 4787.9 103.91
3.2417 -488.06 4751.3 120.12 -528.19 4775.7 108.08 -512.11 4800.3 103.69
3.25 -491.42 4764.2 120.14 -531.25 4788.9 108.03 -514.29 4812.7 103.5
3.2583 -494.84 4777.3 120.14 -534.26 4802.3 107.97 -516.52 4825.3 103.34
3.2667 -498.35 4790.6 120.11 -537.2 4815.7 107.87 -518.82 4837.9 103.23
3.275 -501.98 4804.1 120.07 -540.08 4829.3 107.75 -521.2 4850.6 103.18
3.2833 -505.74 4817.8 119.99 -542.9 4842.9 107.61 -523.67 4863.4 103.18
3.2917 -509.63 4831.7 119.87 -545.69 4856.5 107.43 -526.23 4876.3 103.23
3.3 -513.65 4845.7 119.69 -548.44 4870.2 107.24 -528.86 4889.3 103.33
3.3083 -517.75 4859.7 119.47 -551.18 4883.9 107.03 -531.57 4902.4 103.46
3.3167 -521.91 4873.7 119.18 -553.93 4897.5 106.82 -534.33 4915.5 103.6
3.325 -526.06 4887.6 118.84 -556.7 4911.2 106.61 -537.12 4928.8 103.74
3.3333 -530.14 4901.4 118.46 -559.53 4924.8 106.43 -539.93 4942.1 103.85
3.3417 -534.1 4915 118.04 -562.42 4938.3 106.27 -542.74 4955.5 103.92
3.35 -537.89 4928.3 117.61 -565.4 4951.6 106.15 -545.55 4969 103.93
3.3583 -541.48 4941.5 117.18 -568.48 4964.8 106.09 -548.37 4982.4 103.88
3.3667 -544.87 4954.4 116.77 -571.67 4977.8 106.09 -551.19 4995.8 103.78
3.375 -548.06 4967 116.38 -574.96 4990.6 106.15 -554.05 5009.2 103.63
3.3833 -551.09 4979.5 116.04 -578.35 5003.2 106.28 -556.97 5022.5 103.45
3.3917 -553.98 4991.8 115.73 -581.83 5015.6 106.47 -559.97 5035.7 103.25
3.4 -556.76 5003.9 115.46 -585.38 5027.7 106.73 -563.1 5048.9 103.05
3.4083 -559.47 5016 115.22 -589 5039.6 107.04 -566.39 5061.9 102.88
3.4167 -562.12 5028 115.01 -592.66 5051.2 107.39 -569.86 5074.8 102.75
3.425 -564.76 5040 114.81 -596.34 5062.7 107.78 -573.53 5087.6 102.68
3.4333 -567.43 5051.9 114.62 -600.05 5074.1 108.18 -577.43 5100.3 102.68
3.4417 -570.15 5063.8 114.43 -603.74 5085.2 108.6 -581.56 5112.9 102.75
3.45 -572.94 5075.6 114.23 -607.42 5096.3 109.01 -585.9 5125.4 102.89
3.4583 -575.81 5087.2 114.02 -611.1 5107.4 109.41 -590.46 5137.7 103.1
3.4667 -578.78 5098.7 113.79 -614.76 5118.3 109.8 -595.21 5150 103.36
3.475 -581.84 5110 113.55 -618.41 5129.3 110.18 -600.12 5162.1 103.66
3.4833 -584.99 5121.2 113.29 -622.07 5140.3 110.53 -605.17 5174.2 104
3.4917 -588.23 5132.1 113.02 -625.73 5151.2 110.87 -610.32 5186.2 104.36
3.5 -591.54 5142.9 112.74 -629.41 5162.2 111.2 -615.56 5198.1 104.73
3.5083 -594.93 5153.6 112.45 -633.13 5173.3 111.52 -620.85 5209.9 105.11
3.5167 -598.38 5164.1 112.17 -636.89 5184.3 111.84 -626.18 5221.7 105.49
3.525 -601.89 5174.6 111.9 -640.71 5195.4 112.15 -631.53 5233.3 105.86
3.5333 -605.44 5185 111.63 -644.59 5206.5 112.46 -636.89 5244.9 106.23
3.5417 -609.05 5195.3 111.38 -648.54 5217.6 112.77 -642.26 5256.4 106.6
3.55 -612.7 5205.7 111.14 -652.55 5228.7 113.08 -647.64 5267.8 106.96
3.5583 -616.39 5216 110.91 -656.64 5239.9 113.38 -653.01 5279.1 107.32
3.5667 -620.13 5226.3 110.7 -660.79 5251.1 113.67 -658.38 5290.4 107.69
3.575 -623.92 5236.7 110.49 -665.01 5262.3 113.95 -663.75 5301.6 108.05
3.5833 -627.74 5247.1 110.28 -669.3 5273.6 114.21 -669.11 5312.8 108.41
3.5917 -631.61 5257.5 110.08 -673.64 5284.9 114.46 -674.45 5323.9 108.76
3.6 -635.51 5267.9 109.88 -678.05 5296.2 114.67 -679.78 5335 109.11
3.6083 -639.44 5278.4 109.68 -682.51 5307.5 114.87 -685.09 5346.2 109.44
3.6167 -643.41 5288.9 109.49 -687.03 5318.9 115.04 -690.37 5357.3 109.76
3.625 -647.39 5299.4 109.31 -691.6 5330.3 115.19 -695.62 5368.4 110.07
3.6333 -651.41 5310 109.14 -696.23 5341.7 115.32 -700.83 5379.6 110.35
3.6417 -655.45 5320.6 109 -700.91 5353.2 115.43 -706.01 5390.8 110.6
3.65 -659.53 5331.2 108.89 -705.64 5364.6 115.53 -711.17 5402 110.84
3.6583 -663.67 5341.9 108.8 -710.44 5376.1 115.62 -716.31 5413.3 111.05
3.6667 -667.9 5352.7 108.74 -715.28 5387.6 115.69 -721.43 5424.6 111.23
3.675 -672.23 5363.6 108.71 -720.19 5399.1 115.76 -726.57 5435.9 111.4
3.6833 -676.68 5374.7 108.69 -725.17 5410.6 115.81 -731.72 5447.3 111.55
3.6917 -681.27 5385.9 108.68 -730.22 5422.1 115.87 -736.9 5458.7 111.68
3.7 -686.02 5397.2 108.67 -735.34 5433.7 115.91 -742.13 5470 111.8
3.7083 -690.91 5408.7 108.65 -740.54 5445.2 115.96 -747.42 5481.4 111.91
3.7167 -695.93 5420.3 108.61 -745.83 5456.9 116 -752.77 5492.7 112.02
3.725 -701.07 5432.1 108.56 -751.2 5468.6 116.04 -758.21 5504 112.13
3.7333 -706.31 5443.9 108.5 -756.66 5480.3 116.09 -763.73 5515.2 112.23
3.7417 -711.63 5455.8 108.42 -762.22 5492.1 116.15 -769.34 5526.4 112.33
3.75 -717.04 5467.8 108.33 -767.88 5503.9 116.23 -775.03 5537.6 112.43
3.7583 -722.54 5479.9 108.22 -773.63 5515.8 116.32 -780.81 5548.8 112.53
3.7667 -728.14 5492.1 108.09 -779.49 5527.7 116.44 -786.69 5559.9 112.63
3.775 -733.85 5504.4 107.95 -785.46 5539.7 116.58 -792.65 5571.1 112.72
3.7833 -739.67 5516.9 107.79 -791.54 5551.7 116.74 -798.7 5582.2 112.8
3.7917 -745.63 5529.5 107.62 -797.73 5563.7 116.93 -804.83 5593.3 112.88
3.8 -751.72 5542.3 107.44 -804.04 5575.8 117.13 -811.06 5604.5 112.95
3.8083 -757.96 5555.4 107.28 -810.47 5587.9 117.35 -817.38 5615.6 113.02
3.8167 -764.32 5568.6 107.14 -817.01 5600.1 117.57 -823.79 5626.8 113.08
3.825 -770.78 5582.1 107.04 -823.67 5612.3 117.79 -830.29 5637.9 113.14
3.8333 -777.33 5595.6 107 -830.41 5624.5 118.01 -836.88 5649.1 113.2
3.8417 -783.93 5609.2 107.03 -837.24 5636.8 118.2 -843.56 5660.2 113.27
3.85 -790.57 5622.8 107.14 -844.12 5649.2 118.37 -850.32 5671.3 113.36
3.8583 -797.22 5636.4 107.35 -851.03 5661.6 118.52 -857.15 5682.3 113.46
3.8667 -803.86 5649.8 107.64 -857.93 5674 118.63 -864.04 5693.4 113.6
3.875 -810.49 5663.1 108.02 -864.79 5686.4 118.71 -870.96 5704.3 113.76
3.8833 -817.08 5676.1 108.47 -871.57 5698.7 118.75 -877.9 5715.3 113.96
3.8917 -823.65 5688.8 108.98 -878.23 5711 118.76 -884.83 5726.3 114.19
3.9 -830.19 5701.3 109.53 -884.74 5723.2 118.73 -891.73 5737.2 114.44
3.9083 -836.71 5713.5 110.09 -891.07 5735.3 118.68 -898.56 5748.2 114.71
3.9167 -843.2 5725.4 110.65 -897.19 5747.2 118.61 -905.3 5759.2 114.99
3.925 -849.68 5737.1 111.2 -903.09 5759 118.52 -911.93 5770.3 115.27
3.9333 -856.16 5748.6 111.73 -908.77 5770.5 118.42 -918.42 5781.4 115.54
3.9417 -862.63 5759.9 112.23 -914.23 5781.8 118.31 -924.74 5792.5 115.79
3.95 -869.08 5771.2 112.7 -919.48 5792.9 118.19 -930.89 5803.7 116.01
3.9583 -875.51 5782.3 113.13 -924.55 5803.8 118.06 -936.84 5815 116.2
