0.0083333 -3.8894 6.5202 98.347 -35.397 131.31 89.429 -4.643 322.53 85.598
0.016667 -3.2581 15.107 98.524 -34.332 141 89.442 -3.5881 332.54 85.605
0.025 -2.6295 23.992 98.698 -33.16 150.85 89.431 -2.5147 342.68 85.618
0.033333 -2.0111 33.179 98.863 -31.88 160.88 89.389 -1.4264 352.99 85.64
0.041667 -1.4088 42.67 99.009 -30.495 171.07 89.316 -0.32765 363.51 85.675
0.05 -0.83059 52.463 99.132 -29.012 181.42 89.209 0.77763 374.24 85.725
0.058333 -0.28015 62.548 99.228 -27.44 191.92 89.07 1.8857 385.19 85.793
0.066667 0.24458 72.914 99.293 -25.794 202.56 88.902 2.9931 396.34 85.879
0.075 0.74799 83.531 99.326 -24.091 213.33 88.711 4.0971 407.67 85.983
0.083333 1.2434 94.37 99.326 -22.352 224.2 88.507 5.1973 419.12 86.101
0.091667 1.7553 105.4 99.291 -20.6 235.15 88.3 6.2921 430.64 86.23
0.1 2.3077 116.57 99.225 -18.863 246.15 88.102 7.3799 442.16 86.363
0.10833 2.9285 127.85 99.127 -17.166 257.16 87.924 8.4589 453.62 86.495
0.11667 3.6448 139.18 99.002 -15.536 268.17 87.777 9.5252 464.95 86.619
0.125 4.4783 150.52 98.852 -13.999 279.12 87.672 10.572 476.09 86.731
0.13333 5.4411 161.83 98.681 -12.577 289.98 87.615 11.59 487.02 86.826
0.14167 6.5328 173.09 98.491 -11.29 300.73 87.612 12.566 497.71 86.9
0.15 7.738 184.27 98.284 -10.153 311.33 87.665 13.483 508.16 86.955
0.15833 9.0282 195.36 98.061 -9.176 321.76 87.773 14.321 518.37 86.99
0.16667 10.365 206.35 97.822 -8.3632 331.99 87.932 15.058 528.39 87.01
0.175 11.708 217.24 97.565 -7.7135 342.01 88.135 15.672 538.24 87.017
0.18333 13.016 228.07 97.291 -7.2201 351.8 88.377 16.141 547.98 87.017
0.19167 14.259 238.84 96.999 -6.8709 361.39 88.648 16.443 557.64 87.017
0.2 15.412 249.59 96.689 -6.6505 370.76 88.939 16.563 567.28 87.021
0.20833 16.461 260.31 96.368 -6.5396 379.94 89.242 16.485 576.93 87.034
0.21667 17.401 271.04 96.041 -6.5183 388.95 89.552 16.203 586.63 87.062
0.225 18.235 281.75 95.718 -6.566 397.82 89.864 15.714 596.37 87.107
0.23333 18.972 292.46 95.408 -6.664 406.57 90.175 15.017 606.19 87.172
0.24167 19.628 303.14 95.119 -6.7964 415.25 90.486 14.12 616.06 87.259
0.25 20.221 313.79 94.858 -6.9506 423.87 90.797 13.033 625.99 87.369
0.25833 20.77 324.4 94.628 -7.1186 432.47 91.113 11.769 635.97 87.502
0.26667 21.286 334.95 94.432 -7.2967 441.06 91.437 10.343 645.98 87.659
0.275 21.776 345.44 94.268 -7.4851 449.68 91.774 8.7724 656 87.838
0.28333 22.237 355.86 94.13 -7.6875 458.33 92.128 7.074 666.04 88.04
0.29167 22.66 366.21 94.012 -7.9102 467.02 92.5 5.2653 676.09 88.261
0.3 23.028 376.48 93.907 -8.1612 475.76 92.891 3.3647 686.15 88.5
0.30833 23.319 386.7 93.806 -8.449 484.56 93.3 1.3891 696.21 88.753
0.31667 23.519 396.86 93.703 -8.7818 493.42 93.722 -0.64414 706.27 89.016
0.325 23.612 406.97 93.592 -9.167 502.34 94.153 -2.7187 716.34 89.284
0.33333 23.591 417.07 93.471 -9.6102 511.33 94.585 -4.8185 726.41 89.553
0.34167 23.453 427.15 93.339 -10.115 520.39 95.01 -6.9288 736.47 89.815
0.35 23.203 437.24 93.199 -10.683 529.53 95.422 -9.0365 746.52 90.068
0.35833 22.854 447.35 93.055 -11.313 538.77 95.813 -11.13 756.54 90.306
0.36667 22.421 457.49 92.912 -12.003 548.1 96.177 -13.201 766.52 90.528
0.375 21.924 467.67 92.775 -12.748 557.54 96.511 -15.243 776.45 90.733
0.38333 21.384 477.88 92.65 -13.544 567.09 96.813 -17.252 786.32 90.921
0.39167 20.815 488.12 92.542 -14.385 576.76 97.083 -19.228 796.13 91.094
0.4 20.233 498.39 92.454 -15.266 586.56 97.323 -21.174 805.89 91.258
0.40833 19.643 508.67 92.386 -16.183 596.46 97.535 -23.091 815.62 91.415
0.41667 19.046 518.95 92.339 -17.133 606.48 97.724 -24.985 825.33 91.57
0.425 18.435 529.23 92.312 -18.113 616.6 97.892 -26.861 835.05 91.726
0.43333 17.803 539.51 92.303 -19.124 626.81 98.044 -28.724 844.81 91.886
0.44167 17.128 549.78 92.311 -20.166 637.11 98.182 -30.576 854.63 92.051
0.45 16.398 560.05 92.335 -21.243 647.47 98.308 -32.42 864.54 92.219
0.45833 15.591 570.34 92.374 -22.357 657.9 98.423 -34.257 874.56 92.387
0.46667 14.691 580.67 92.424 -23.512 668.4 98.526 -36.089 884.7 92.552
0.475 13.682 591.07 92.486 -24.711 678.96 98.619 -37.917 894.95 92.709
0.48333 12.561 601.58 92.557 -25.959 689.59 98.7 -39.742 905.3 92.855
0.49167 11.331 612.21 92.634 -27.259 700.3 98.771 -41.57 915.74 92.985
0.5 9.9961 623.02 92.714 -28.615 711.11 98.834 -43.407 926.23 93.097
0.50833 8.5851 634.01 92.795 -30.032 722.01 98.891 -45.262 936.77 93.193
0.51667 7.1139 645.19 92.874 -31.512 733.03 98.946 -47.149 947.32 93.274
0.525 5.5986 656.58 92.949 -33.063 744.16 99.004 -49.082 957.89 93.343
0.53333 4.0467 668.15 93.019 -34.689 755.41 99.07 -51.076 968.47 93.404
0.54167 2.4563 679.9 93.083 -36.396 766.79 99.15 -53.146 979.07 93.463
0.55 0.82138 691.82 93.137 -38.193 778.28 99.248 -55.305 989.72 93.522
0.55833 -0.87261 703.92 93.181 -40.087 789.88 99.368 -57.563 1000.4 93.584
0.56667 -2.6387 716.19 93.207 -42.084 801.58 99.513 -59.924 1011.3 93.649
0.575 -4.4905 728.65 93.218 -44.192 813.38 99.682 -62.39 1022.3 93.715
0.58333 -6.4357 741.31 93.21 -46.415 825.27 99.874 -64.954 1033.5 93.778
0.59167 -8.4827 754.19 93.186 -48.758 837.26 100.09 -67.608 1044.9 93.831
0.6 -10.621 767.3 93.151 -51.218 849.33 100.31 -70.339 1056.5 93.868
0.60833 -12.845 780.63 93.112 -53.794 861.5 100.55 -73.133 1068.4 93.882
0.61667 -15.137 794.18 93.08 -56.475 873.76 100.78 -75.975 1080.4 93.869
0.625 -17.48 807.92 93.07 -59.249 886.13 101.01 -78.854 1092.6 93.826
0.63333 -19.857 821.81 93.097 -62.098 898.61 101.23 -81.76 1104.9 93.753
0.64167 -22.256 835.8 93.175 -64.999 911.18 101.43 -84.687 1117.2 93.656
0.65 -24.673 849.85 93.319 -67.926 923.85 101.61 -87.633 1129.5 93.542
0.65833 -27.106 863.88 93.534 -70.85 936.59 101.76 -90.6 1141.7 93.421
0.66667 -29.559 877.86 93.826 -73.742 949.39 101.88 -93.589 1153.7 93.306
0.675 -32.033 891.72 94.192 -76.573 962.21 101.97 -96.604 1165.6 93.209
0.68333 -34.531 905.45 94.621 -79.316 975.01 102.04 -99.643 1177.3 93.14
0.69167 -37.06 918.98 95.098 -81.95 987.75 102.07 -102.7 1188.9 93.108
0.7 -39.618 932.31 95.602 -84.459 1000.4 102.09 -105.78 1200.3 93.118
0.70833 -42.208 945.41 96.112 -86.831 1012.9 102.08 -108.84 1211.7 93.168
0.71667 -44.825 958.28 96.611 -89.066 1025.3 102.06 -111.89 1222.9 93.255
0.725 -47.471 970.94 97.087 -91.167 1037.5 102.02 -114.88 1234.2 93.368
0.73333 -50.145 983.42 97.536 -93.145 1049.4 101.97 -117.79 1245.5 93.497
0.74167 -52.845 995.74 97.958 -95.016 1061.2 101.91 -120.6 1256.9 93.626
0.75 -55.56 1007.9 98.355 -96.799 1072.9 101.83 -123.27 1268.3 93.741
0.75833 -58.278 1020 98.735 -98.515 1084.3 101.74 -125.78 1279.9 93.83
0.76667 -60.984 1032 99.095 -100.18 1095.7 101.63 -128.12 1291.5 93.883
0.775 -63.655 1043.9 99.451 -101.82 1106.9 101.51 -130.27 1303.2 93.895
0.78333 -66.273 1055.8 99.807 -103.45 1118.1 101.37 -132.25 1314.8 93.863
0.79167 -68.816 1067.6 100.17 -105.07 1129.3 101.21 -134.05 1326.5 93.79
0.8 -71.261 1079.4 100.54 -106.7 1140.5 101.04 -135.69 1338.1 93.682
0.80833 -73.599 1091.1 100.91 -108.34 1151.8 100.85 -137.2 1349.6 93.547
0.81667 -75.816 1102.8 101.31 -109.98 1163.1 100.64 -138.58 1361 93.394
0.825 -77.911 1114.5 101.71 -111.62 1174.5 100.43 -139.87 1372.2 93.233
0.83333 -79.888 1126.1 102.12 -113.27 1185.9 100.21 -141.08 1383.4 93.071
0.84167 -81.758 1137.7 102.54 -114.91 1197.4 99.989 -142.22 1394.4 92.913
0.85 -83.539 1149.3 102.98 -116.54 1209 99.773 -143.31 1405.4 92.762
0.85833 -85.254 1160.9 103.42 -118.17 1220.6 99.567 -144.36 1416.3 92.618
0.86667 -86.924 1172.4 103.88 -119.78 1232.2 99.374 -145.36 1427.1 92.477
0.875 -88.572 1183.9 104.35 -121.4 1243.8 99.198 -146.3 1437.9 92.334
0.88333 -90.213 1195.3 104.85 -123.01 1255.5 99.043 -147.2 1448.7 92.184
0.89167 -91.862 1206.7 105.35 -124.63 1267.2 98.91 -148.04 1459.6 92.02
0.9 -93.52 1218.1 105.88 -126.27 1278.9 98.799 -148.82 1470.4 91.836
0.90833 -95.185 1229.4 106.42 -127.93 1290.7 98.711 -149.54 1481.2 91.629
0.91667 -96.846 1240.7 106.97 -129.62 1302.6 98.645 -150.21 1492.1 91.396
0.925 -98.483 1252 107.52 -131.35 1314.5 98.6 -150.83 1502.9 91.137
0.93333 -100.07 1263.3 108.07 -133.11 1326.5 98.573 -151.41 1513.8 90.855
0.94167 -101.6 1274.8 108.61 -134.91 1338.6 98.564 -151.97 1524.6 90.553
0.95 -103.03 1286.3 109.12 -136.75 1350.7 98.57 -152.51 1535.3 90.237
0.95833 -104.35 1297.9 109.6 -138.6 1363 98.589 -153.05 1546 89.91
0.96667 -105.57 1309.7 110.03 -140.48 1375.4 98.622 -153.59 1556.7 89.579
0.975 -106.68 1321.7 110.41 -142.37 1387.9 98.665 -154.14 1567.4 89.246
0.98333 -107.69 1333.8 110.74 -144.26 1400.5 98.719 -154.71 1578.1 88.917
0.99167 -108.63 1346.2 111.02 -146.13 1413.2 98.782 -155.3 1588.7 88.592
1 -109.53 1358.7 111.24 -147.99 1425.9 98.854 -155.9 1599.4 88.273
1.0083 -110.42 1371.4 111.43 -149.82 1438.7 98.935 -156.52 1610 87.959
1.0167 -111.33 1384.3 111.6 -151.6 1451.5 99.023 -157.14 1620.7 87.651
1.025 -112.31 1397.3 111.74 -153.35 1464.4 99.118 -157.76 1631.4 87.346
1.0333 -113.39 1410.4 111.87 -155.04 1477.3 99.218 -158.39 1642.1 87.043
1.0417 -114.59 1423.6 112.01 -156.67 1490.3 99.323 -159.01 1652.8 86.743
1.05 -115.94 1436.9 112.13 -158.24 1503.3 99.427 -159.63 1663.6 86.443
1.0583 -117.41 1450.2 112.26 -159.74 1516.3 99.531 -160.24 1674.4 86.145
1.0667 -119.01 1463.5 112.37 -161.15 1529.5 99.63 -160.84 1685.3 85.849
1.075 -120.71 1477 112.48 -162.48 1542.7 99.718 -161.44 1696.2 85.556
1.0833 -122.5 1490.5 112.57 -163.71 1555.9 99.794 -162.05 1707.3 85.269
1.0917 -124.36 1504.1 112.65 -164.84 1569.2 99.855 -162.65 1718.5 84.99
1.1 -126.3 1517.9 112.7 -165.88 1582.6 99.893 -163.26 1729.8 84.72
1.1083 -128.3 1531.8 112.74 -166.8 1596.1 99.91 -163.87 1741.4 84.461
1.1167 -130.39 1545.9 112.74 -167.63 1609.6 99.902 -164.48 1753 84.214
1.125 -132.55 1560.2 112.72 -168.38 1623.2 99.869 -165.1 1764.9 83.978
1.1333 -134.79 1574.7 112.66 -169.04 1636.9 99.811 -165.71 1777 83.754
1.1417 -137.1 1589.4 112.56 -169.66 1650.5 99.73 -166.32 1789.2 83.539
1.15 -139.48 1604.1 112.41 -170.25 1664.3 99.63 -166.92 1801.5 83.328
1.1583 -141.9 1618.8 112.21 -170.84 1678 99.513 -167.51 1813.9 83.118
1.1667 -144.34 1633.6 111.95 -171.47 1691.7 99.384 -168.09 1826.3 82.902
1.175 -146.78 1648.2 111.65 -172.17 1705.3 99.248 -168.66 1838.7 82.674
1.1833 -149.16 1662.7 111.31 -172.96 1718.9 99.112 -169.22 1851.1 82.428
1.1917 -151.46 1677.1 110.94 -173.89 1732.5 98.98 -169.77 1863.4 82.157
1.2 -153.62 1691.3 110.55 -174.96 1745.9 98.86 -170.32 1875.5 81.856
1.2083 -155.62 1705.3 110.15 -176.19 1759.2 98.756 -170.88 1887.6 81.521
1.2167 -157.46 1719.2 109.76 -177.59 1772.4 98.674 -171.46 1899.6 81.15
1.225 -159.15 1732.9 109.38 -179.16 1785.4 98.619 -172.07 1911.4 80.743
1.2333 -160.69 1746.4 109.01 -180.87 1798.2 98.594 -172.73 1923.1 80.303
1.2417 -162.1 1759.9 108.66 -182.72 1810.8 98.603 -173.45 1934.8 79.835
1.25 -163.39 1773.3 108.33 -184.68 1823.2 98.647 -174.26 1946.5 79.346
1.2583 -164.57 1786.6 108.02 -186.73 1835.4 98.726 -175.16 1958.1 78.846
1.2667 -165.65 1799.9 107.71 -188.85 1847.4 98.84 -176.16 1969.7 78.342
1.275 -166.65 1813.3 107.41 -191.01 1859.3 98.986 -177.29 1981.4 77.845
1.2833 -167.59 1826.5 107.1 -193.21 1870.9 99.161 -178.55 1993.1 77.364
1.2917 -168.51 1839.8 106.8 -195.42 1882.5 99.362 -179.94 2004.8 76.903
1.3 -169.44 1852.9 106.49 -197.64 1894 99.585 -181.46 2016.5 76.467
1.3083 -170.41 1866 106.18 -199.86 1905.3 99.824 -183.1 2028.2 76.059
1.3167 -171.45 1878.9 105.87 -202.09 1916.7 100.08 -184.87 2039.9 75.675
1.325 -172.59 1891.6 105.56 -204.33 1928 100.34 -186.73 2051.6 75.313
1.3333 -173.84 1904.2 105.25 -206.59 1939.3 100.61 -188.68 2063.1 74.966
1.3417 -175.22 1916.6 104.95 -208.86 1950.6 100.88 -190.7 2074.6 74.628
1.35 -176.71 1928.9 104.65 -211.15 1961.9 101.15 -192.77 2086 74.291
1.3583 -178.32 1941.1 104.37 -213.47 1973.3 101.41 -194.88 2097.3 73.95
1.3667 -180.02 1953.1 104.1 -215.81 1984.6 101.67 -197.02 2108.5 73.6
1.375 -181.8 1965 103.83 -218.16 1996.1 101.92 -199.17 2119.7 73.237
1.3833 -183.62 1976.9 103.58 -220.54 2007.6 102.15 -201.34 2130.7 72.861
1.3917 -185.48 1988.7 103.33 -222.92 2019.1 102.36 -203.53 2141.8 72.473
1.4 -187.36 2000.4 103.07 -225.32 2030.7 102.56 -205.72 2152.8 72.078
1.4083 -189.25 2012.2 102.81 -227.72 2042.3 102.73 -207.95 2163.7 71.679
1.4167 -191.15 2023.9 102.53 -230.13 2054 102.88 -210.2 2174.7 71.281
1.425 -193.06 2035.6 102.23 -232.54 2065.8 103.01 -212.49 2185.7 70.891
1.4333 -195.01 2047.4 101.91 -234.97 2077.6 103.11 -214.81 2196.6 70.51
1.4417 -197.02 2059.2 101.56 -237.42 2089.5 103.18 -217.18 2207.6 70.142
1.45 -199.09 2071.1 101.18 -239.88 2101.5 103.23 -219.59 2218.6 69.788
1.4583 -201.25 2083 100.79 -242.37 2113.5 103.26 -222.04 2229.7 69.445
1.4667 -203.49 2095 100.4 -244.89 2125.6 103.27 -224.5 2240.8 69.113
1.475 -205.82 2107 100 -247.44 2137.8 103.27 -226.98 2251.9 68.785
1.4833 -208.23 2119.1 99.625 -250.02 2150 103.26 -229.46 2263.1 68.459
1.4917 -210.72 2131.3 99.269 -252.62 2162.3 103.26 -231.93 2274.3 68.129
1.5 -213.26 2143.5 98.948 -255.24 2174.6 103.25 -234.38 2285.6 67.792
1.5083 -215.84 2155.8 98.659 -257.87 2186.9 103.24 -236.8 2297 67.445
1.5167 -218.45 2168.1 98.402 -260.52 2199.3 103.24 -239.19 2308.4 67.088
1.525 -221.1 2180.5 98.169 -263.17 2211.6 103.25 -241.55 2319.9 66.721
1.5333 -223.76 2193 97.954 -265.83 2224 103.26 -243.88 2331.5 66.347
1.5417 -226.44 2205.7 97.749 -268.5 2236.5 103.28 -246.18 2343.2 65.967
1.55 -229.17 2218.4 97.552 -271.19 2249 103.3 -248.48 2354.9 65.585
1.5583 -231.94 2231.2 97.359 -273.89 2261.5 103.31 -250.78 2366.6 65.203
1.5667 -234.79 2244.1 97.17 -276.62 2274.1 103.32 -253.07 2378.4 64.822
1.575 -237.74 2257.1 96.982 -279.39 2286.7 103.32 -255.38 2390.3 64.443
1.5833 -240.79 2270.2 96.794 -282.2 2299.4 103.31 -257.69 2402.2 64.065
1.5917 -243.96 2283.4 96.603 -285.06 2312.1 103.29 -260.01 2414.2 63.683
1.6 -247.24 2296.7 96.41 -287.98 2324.9 103.27 -262.32 2426.3 63.295
1.6083 -250.62 2310.2 96.216 -290.95 2337.8 103.25 -264.62 2438.4 62.896
1.6167 -254.09 2323.9 96.028 -293.98 2350.6 103.23 -266.89 2450.7 62.481
1.625 -257.64 2337.9 95.853 -297.07 2363.6 103.21 -269.14 2463 62.047
1.6333 -261.24 2352 95.703 -300.2 2376.5 103.21 -271.35 2475.5 61.593
1.6417 -264.88 2366.3 95.59 -303.36 2389.5 103.21 -273.52 2488.1 61.119
1.65 -268.52 2380.9 95.528 -306.55 2402.5 103.22 -275.65 2500.7 60.629
1.6583 -272.17 2395.5 95.527 -309.75 2415.5 103.23 -277.74 2513.5 60.127
1.6667 -275.81 2410.1 95.6 -312.93 2428.5 103.25 -279.82 2526.3 59.621
1.675 -279.42 2424.8 95.748 -316.09 2441.6 103.27 -281.89 2539.1 59.12
1.6833 -283 2439.2 95.971 -319.2 2454.6 103.27 -283.96 2552 58.634
1.6917 -286.55 2453.5 96.258 -322.24 2467.7 103.24 -286.05 2564.8 58.171
1.7 -290.06 2467.6 96.594 -325.21 2480.9 103.18 -288.15 2577.6 57.739
1.7083 -293.5 2481.3 96.956 -328.08 2494 103.08 -290.28 2590.3 57.345
1.7167 -296.89 2494.7 97.32 -330.85 2507.2 102.93 -292.41 2602.9 56.991
1.725 -300.19 2507.7 97.66 -333.49 2520.3 102.73 -294.53 2615.5 56.679
1.7333 -303.42 2520.5 97.954 -336.02 2533.4 102.47 -296.62 2627.9 56.405
1.7417 -306.56 2533 98.189 -338.41 2546.5 102.15 -298.63 2640.3 56.165
1.75 -309.63 2545.3 98.359 -340.68 2559.4 101.77 -300.54 2652.7 55.952
1.7583 -312.63 2557.5 98.466 -342.81 2572.2 101.35 -302.3 2665.1 55.755
1.7667 -315.57 2569.6 98.516 -344.81 2584.9 100.89 -303.88 2677.4 55.565
1.775 -318.44 2581.6 98.52 -346.69 2597.4 100.4 -305.25 2689.8 55.371
1.7833 -321.21 2593.5 98.492 -348.45 2609.7 99.879 -306.38 2702.3 55.164
1.7917 -323.87 2605.4 98.439 -350.11 2621.8 99.346 -307.27 2714.8 54.934
1.8 -326.38 2617.2 98.382 -351.67 2633.7 98.805 -307.9 2727.3 54.675
1.8083 -328.72 2628.9 98.333 -353.15 2645.4 98.261 -308.31 2739.9 54.382
1.8167 -330.85 2640.6 98.302 -354.55 2657 97.718 -308.49 2752.4 54.055
1.825 -332.76 2652.1 98.3 -355.89 2668.5 97.176 -308.48 2764.9 53.693
1.8333 -334.44 2663.5 98.329 -357.16 2679.8 96.637 -308.32 2777.4 53.299
1.8417 -335.89 2674.8 98.393 -358.38 2691.2 96.099 -308.04 2789.7 52.878
1.85 -337.13 2685.9 98.489 -359.52 2702.5 95.563 -307.66 2801.9 52.437
1.8583 -338.16 2696.9 98.615 -360.61 2713.8 95.027 -307.23 2813.9 51.98
1.8667 -339.02 2707.8 98.766 -361.62 2725.2 94.493 -306.76 2825.7 51.517
1.875 -339.74 2718.6 98.937 -362.56 2736.6 93.963 -306.28 2837.4 51.053
1.8833 -340.34 2729.4 99.124 -363.42 2748.1 93.439 -305.79 2848.9 50.595
1.8917 -340.85 2740.1 99.322 -364.2 2759.6 92.925 -305.29 2860.3 50.148
1.9 -341.3 2750.8 99.526 -364.9 2771.2 92.426 -304.79 2871.5 49.715
1.9083 -341.73 2761.5 99.735 -365.52 2782.8 91.948 -304.27 2882.7 49.299
1.9167 -342.13 2772.2 99.943 -366.07 2794.5 91.496 -303.73 2893.8 48.899
1.925 -342.54 2782.9 100.15 -366.55 2806.2 91.074 -303.17 2904.8 48.515
1.9333 -342.95 2793.6 100.35 -366.97 2817.9 90.684 -302.58 2915.8 48.142
1.9417 -343.37 2804.3 100.55 -367.33 2829.6 90.329 -301.94 2926.8 47.776
1.95 -343.78 2815 100.74 -367.64 2841.4 90.01 -301.26 2937.8 47.414
1.9583 -344.18 2825.7 100.92 -367.91 2853.1 89.724 -300.55 2948.8 47.05
1.9667 -344.56 2836.5 101.1 -368.14 2864.9 89.469 -299.8 2959.8 46.681
1.975 -344.89 2847.4 101.26 -368.32 2876.6 89.243 -299.01 2970.8 46.304
1.9833 -345.16 2858.4 101.4 -368.46 2888.4 89.044 -298.19 2981.8 45.919
1.9917 -345.35 2869.4 101.54 -368.56 2900.2 88.867 -297.35 2992.7 45.525
2 -345.46 2880.6 101.67 -368.6 2912.1 88.71 -296.48 3003.7 45.127
2.0083 -345.49 2891.9 101.8 -368.58 2923.9 88.573 -295.59 3014.7 44.728
2.0167 -345.41 2903.4 101.92 -368.49 2935.7 88.454 -294.68 3025.8 44.333
2.025 -345.25 2915 102.04 -368.33 2947.6 88.352 -293.74 3036.8 43.949
2.0333 -345.01 2926.7 102.16 -368.08 2959.4 88.267 -292.77 3047.9 43.581
2.0417 -344.7 2938.5 102.29 -367.74 2971.3 88.201 -291.77 3059.1 43.235
2.05 -344.33 2950.5 102.44 -367.31 2983.1 88.151 -290.74 3070.2 42.912
2.0583 -343.93 2962.5 102.6 -366.77 2995 88.118 -289.67 3081.5 42.613
2.0667 -343.52 2974.6 102.77 -366.12 3007 88.1 -288.55 3092.7 42.338
2.075 -343.12 2986.8 102.94 -365.36 3018.9 88.093 -287.38 3104 42.083
2.0833 -342.75 2998.9 103.1 -364.49 3031 88.094 -286.17 3115.3 41.842
2.0917 -342.43 3011.1 103.24 -363.49 3043.1 88.099 -284.88 3126.6 41.61
2.1 -342.14 3023.3 103.35 -362.36 3055.3 88.102 -283.53 3137.8 41.38
2.1083 -341.89 3035.6 103.41 -361.1 3067.5 88.097 -282.1 3149.1 41.145
2.1167 -341.67 3047.8 103.42 -359.7 3079.9 88.079 -280.56 3160.4 40.9
2.125 -341.47 3060.2 103.38 -358.15 3092.4 88.043 -278.92 3171.7 40.642
2.1333 -341.27 3072.8 103.3 -356.46 3105 87.983 -277.14 3183.1 40.37
2.1417 -341.07 3085.5 103.17 -354.62 3117.7 87.896 -275.22 3194.5 40.084
2.15 -340.83 3098.5 103 -352.62 3130.4 87.78 -273.13 3205.9 39.786
2.1583 -340.56 3111.7 102.79 -350.48 3143.2 87.635 -270.88 3217.4 39.482
2.1667 -340.22 3125.3 102.56 -348.19 3156 87.46 -268.46 3229 39.175
2.175 -339.81 3139 102.29 -345.76 3168.8 87.259 -265.87 3240.7 38.87
2.1833 -339.32 3153 102 -343.22 3181.6 87.032 -263.11 3252.5 38.571
2.1917 -338.73 3167.1 101.67 -340.56 3194.4 86.784 -260.21 3264.2 38.28
2.2 -338.07 3181.2 101.3 -337.82 3207.2 86.517 -257.18 3276 37.998
2.2083 -337.32 3195.3 100.9 -335.03 3219.9 86.236 -254.04 3287.7 37.725
2.2167 -336.48 3209.3 100.46 -332.2 3232.6 85.943 -250.82 3299.4 37.456
2.225 -335.53 3223 99.984 -329.37 3245.2 85.641 -247.54 3311 37.19
2.2333 -334.43 3236.4 99.485 -326.56 3257.7 85.332 -244.23 3322.4 36.919
2.2417 -333.15 3249.6 98.961 -323.8 3270.2 85.017 -240.91 3333.7 36.641
2.25 -331.66 3262.5 98.415 -321.11 3282.5 84.7 -237.58 3344.8 36.349
2.2583 -329.93 3275.1 97.845 -318.51 3294.7 84.38 -234.26 3355.8 36.042
2.2667 -327.97 3287.4 97.253 -316.01 3306.8 84.06 -230.95 3366.6 35.718
2.275 -325.79 3299.5 96.638 -313.61 3318.7 83.74 -227.64 3377.4 35.376
2.2833 -323.4 3311.5 96.001 -311.32 3330.3 83.42 -224.33 3388 35.02
2.2917 -320.8 3323.3 95.341 -309.13 3341.8 83.101 -221.02 3398.6 34.651
2.3 -317.99 3335 94.654 -307.02 3353 82.78 -217.69 3409.1 34.276
2.3083 -314.96 3346.7 93.94 -304.98 3364 82.456 -214.34 3419.7 33.899
2.3167 -311.71 3358.4 93.198 -302.99 3374.8 82.125 -210.98 3430.2 33.525
2.325 -308.25 3370 92.429 -301.04 3385.4 81.782 -207.61 3440.8 33.157
2.3333 -304.58 3381.6 91.63 -299.11 3395.8 81.424 -204.24 3451.3 32.798
2.3417 -300.74 3393.2 90.804 -297.17 3406 81.045 -200.87 3461.9 32.451
2.35 -296.77 3404.6 89.951 -295.2 3416.1 80.639 -197.53 3472.4 32.114
2.3583 -292.71 3415.9 89.076 -293.2 3426.1 80.205 -194.22 3482.9 31.786
2.3667 -288.63 3427.1 88.186 -291.14 3436.1 79.738 -190.96 3493.3 31.465
2.375 -284.56 3438 87.285 -289.01 3446 79.238 -187.75 3503.6 31.15
2.3833 -280.54 3448.7 86.38 -286.8 3456 78.705 -184.6 3513.8 30.837
2.3917 -276.59 3459.2 85.474 -284.5 3466 78.141 -181.52 3523.9 30.523
2.4 -272.73 3469.5 84.569 -282.12 3476 77.551 -178.48 3533.9 30.207
2.4083 -268.95 3479.6 83.666 -279.64 3486 76.939 -175.47 3543.9 29.889
2.4167 -265.24 3489.6 82.762 -277.07 3496.1 76.309 -172.48 3553.7 29.567
2.425 -261.57 3499.5 81.856 -274.41 3506.2 75.667 -169.48 3563.5 29.243
2.4333 -257.93 3509.3 80.942 -271.65 3516.4 75.012 -166.46 3573.3 28.917
2.4417 -254.29 3519.2 80.013 -268.83 3526.5 74.326 -163.4 3583 28.593
2.45 -250.63 3529 79.065 -266.02 3536.4 73.538 -160.27 3592.7 28.273
2.4583 -246.94 3538.9 78.089 -263 3546.4 72.76 -157.07 3602.4 27.956
2.4667 -243.23 3548.7 77.079 -259.78 3556.5 72.013 -153.8 3612.1 27.647
2.475 -239.49 3558.6 76.03 -256.35 3566.8 71.344 -150.45 3621.8 27.346
2.4833 -235.77 3568.5 74.957 -252.92 3577.2 70.682 -147.04 3631.4 27.047
2.4917 -232.04 3578.4 73.813 -249.37 3587.6 70.004 -143.54 3641.2 26.764
2.5 -228.35 3588.2 72.651 -245.78 3598 69.327 -140 3650.9 26.482
2.5083 -224.76 3598.1 71.466 -242 3608.6 68.691 -136.4 3660.6 26.197
2.5167 -221.21 3608 70.265 -238.11 3619.2 68.056 -132.78 3670.3 25.92
2.525 -217.69 3617.9 69.047 -234.14 3629.9 67.429 -129.13 3680 25.641
2.5333 -214.27 3627.8 67.898 -230.17 3640.4 66.746 -125.42 3689.8 25.355
2.5417 -210.97 3637.6 66.753 -226.3 3651 66.037 -121.65 3699.5 25.031
2.55 -207.59 3647.8 65.624 -221.96 3661.9 65.561 -117.96 3709.2 24.737
2.5583 -204.27 3657.9 64.602 -217.63 3672.6 65.01 -114.16 3719 24.424
2.5667 -200.98 3668 63.681 -213.23 3683.3 64.489 -110.3 3728.8 24.105
2.575 -197.64 3678.3 62.835 -208.83 3694 63.986 -106.38 3738.7 23.778
2.5833 -194.25 3688.8 62.078 -204.37 3704.6 63.519 -102.4 3748.6 23.452
2.5917 -190.86 3699.3 61.412 -199.83 3715.3 63.09 -98.346 3758.5 23.124
2.6 -187.39 3709.9 60.866 -195.28 3726 62.66 -94.22 3768.5 22.799
2.6083 -183.91 3720.6 60.32 -190.59 3736.7 62.316 -90.016 3778.4 22.484
2.6167 -180.3 3731.5 59.86 -185.85 3747.4 61.971 -85.741 3788.5 22.181
2.625 -176.61 3742.4 59.439 -181.05 3758.2 61.652 -81.403 3798.5 21.888
2.6333 -172.84 3753.4 59.071 -176.14 3769 61.363 -76.993 3808.6 21.604
2.6417 -168.93 3764.4 58.721 -171.13 3779.8 61.102 -72.519 3818.6 21.332
2.65 -164.89 3775.4 58.392 -166.04 3790.7 60.871 -67.977 3828.7 21.056
2.6583 -160.71 3786.4 58.066 -160.92 3801.6 60.652 -63.367 3838.9 20.783
2.6667 -156.31 3797.5 57.729 -155.68 3812.4 60.463 -58.665 3849 20.506
2.675 -151.71 3808.6 57.374 -150.45 3823.3 60.274 -53.86 3859.2 20.224
2.6833 -146.94 3819.7 56.971 -145.21 3834.3 60.103 -48.982 3869.4 19.906
2.6917 -141.84 3831.2 56.541 -139.84 3845.2 60.027 -43.979 3879.6 19.606
2.7 -136.58 3842.8 56.069 -134.52 3856.1 59.907 -38.842 3889.9 19.279
2.7083 -131.12 3854.5 55.568 -129.22 3866.9 59.791 -33.575 3900.2 18.948
2.7167 -125.47 3866.4 55.03 -123.95 3877.7 59.628 -28.164 3910.5 18.61
2.725 -119.72 3878.5 54.465 -118.89 3888.5 59.423 -22.639 3920.8 18.248
2.7333 -113.83 3890.7 53.897 -113.58 3899.3 59.324 -17.015 3931.1 17.933
2.7417 -107.86 3902.9 53.334 -108.3 3910 59.112 -11.27 3941.4 17.613
2.75 -101.85 3915.1 52.784 -103.07 3920.7 58.845 -5.4512 3951.7 17.307
2.7583 -95.858 3927.2 52.26 -97.795 3931.3 58.532 0.42401 3961.9 17.024
2.7667 -89.903 3939.1 51.769 -92.445 3941.9 58.189 6.3227 3972 16.75
2.775 -84.022 3950.7 51.32 -87.03 3952.5 57.739 12.265 3982.1 16.483
2.7833 -78.245 3962 50.89 -81.452 3963 57.292 18.203 3992 16.232
2.7917 -72.581 3972.9 50.484 -75.737 3973.5 56.812 24.148 4001.8 15.971
2.8 -67.028 3983.4 50.077 -69.864 3984.1 56.32 30.105 4011.5 15.697
2.8083 -61.605 3993.5 49.672 -63.466 3994.7 55.944 36.094 4021 15.405
2.8167 -56.296 4003.2 49.248 -56.932 4004.9 55.411 42.138 4030.3 15.084
2.825 -51.08 4012.6 48.798 -50.364 4014.8 54.782 48.271 4039.5 14.731
2.8333 -45.941 4021.6 48.319 -43.698 4024.5 54.111 54.528 4048.4 14.343
2.8417 -40.857 4030.3 47.815 -36.957 4034 53.403 60.946 4057.1 13.92
2.85 -35.807 4038.7 47.292 -30.174 4043.2 52.655 67.557 4065.6 13.466
2.8583 -30.775 4047 46.759 -23.376 4052.2 51.864 74.388 4073.8 12.985
2.8667 -25.748 4055 46.227 -16.586 4061 51.023 81.456 4081.8 12.483
2.875 -20.711 4062.9 45.708 -9.8192 4069.6 50.129 88.766 4089.5 11.964
2.8833 -15.647 4070.7 45.21 -3.0815 4077.9 49.177 96.311 4097 11.432
2.8917 -10.536 4078.4 44.74 3.627 4086 48.171 104.07 4104.2 10.887
2.9 -5.3633 4085.8 44.302 10.329 4094 47.098 112.02 4111.2 10.329
2.9083 -0.11157 4093.1 43.895 17.03 4101.7 45.975 120.12 4117.9 9.752
2.9167 5.2277 4100.2 43.514 23.752 4109.3 44.806 128.34 4124.3 9.1493
2.925 10.656 4107 43.15 30.519 4116.7 43.597 136.62 4130.4 8.5128
2.9333 16.168 4113.6 42.791 37.348 4124 42.357 144.93 4136.3 7.8344
2.9417 21.761 4119.9 42.427 44.249 4131.2 41.101 153.24 4141.9 7.108
2.95 27.425 4126 42.047 51.235 4138.3 39.834 161.52 4147.3 6.3297
2.9583 33.158 4131.9 41.643 58.301 4145.2 38.569 169.75 4152.4 5.4997
2.9667 38.955 4137.7 41.212 65.442 4152 37.315 177.91 4157.3 4.6221
2.975 44.808 4143.3 40.75 72.649 4158.7 36.076 186.01 4162 3.7056
2.9833 50.707 4148.8 40.26 79.906 4165.2 34.859 194.06 4166.5 2.7626
2.9917 56.639 4154.2 39.747 87.2 4171.7 33.669 202.05 4170.9 1.8068
3 62.586 4159.6 39.217 94.518 4178 32.507 210.01 4175 0.85327
3.0083 68.533 4164.9 38.678 101.85 4184.2 31.378 217.94 4179 359.92
3.0167 74.467 4170.2 38.14 109.19 4190.3 30.282 225.85 4182.9 359
3.025 80.382 4175.5 37.612 116.54 4196.4 29.218 233.75 4186.7 358.12
3.0333 86.283 4180.8 37.103 123.9 4202.3 28.188 241.65 4190.4 357.28
3.0417 92.182 4186.1 36.621 131.29 4208.2 27.192 249.54 4194 356.46
3.05 98.105 4191.4 36.173 138.71 4214 26.227 257.41 4197.4 355.68
3.0583 104.09 4196.8 35.763 146.18 4219.7 25.293 265.26 4200.8 354.9
3.0667 110.16 4202.2 35.392 153.7 4225.3 24.39 273.09 4204.1 354.14
3.075 116.38 4207.6 35.057 161.29 4230.8 23.517 280.88 4207.2 353.38
3.0833 122.77 4213 34.756 168.95 4236.2 22.674 288.64 4210.3 352.61
3.0917 129.37 4218.4 34.48 176.67 4241.4 21.862 296.37 4213.3 351.83
3.1 136.21 4223.7 34.219 184.45 4246.5 21.08 304.07 4216.2 351.05
3.1083 143.3 4229 33.966 192.28 4251.3 20.332 311.76 4219 350.26
3.1167 150.66 4234.2 33.709 200.15 4256 19.617 319.45 4221.8 349.48
3.125 158.29 4239.3 33.439 208.05 4260.5 18.936 327.16 4224.4 348.71
3.1333 166.18 4244.3 33.146 215.95 4264.7 18.289 334.89 4226.9 347.97
3.1417 174.28 4249.3 32.82 223.85 4268.8 17.677 342.66 4229.4 347.25
3.15 182.55 4254.2 32.45 231.74 4272.6 17.102 350.47 4231.7 346.58
3.1583 190.93 4259 32.033 239.63 4276.1 16.545 358.33 4233.9 345.94
3.1667 199.39 4263.9 31.554 247.5 4279.5 16.021 366.22 4236 345.33
3.175 207.89 4268.8 31.018 255.38 4282.7 15.505 374.13 4237.9 344.75
3.1833 216.43 4273.8 30.422 263.27 4285.6 15.001 382.04 4239.7 344.19
3.1917 225.02 4278.9 29.775 271.19 4288.5 14.496 389.94 4241.3 343.63
3.2 233.67 4284.1 29.09 279.16 4291.1 13.983 397.8 4242.7 343.07
3.2083 242.43 4289.3 28.379 287.18 4293.5 13.456 405.61 4244 342.49
3.2167 251.32 4294.7 27.664 295.3 4295.9 12.9 413.35 4245.1 341.9
3.225 260.34 4300 26.956 303.49 4298 12.319 421.02 4246 341.28
3.2333 269.5 4305.4 26.265 311.78 4300 11.71 428.62 4246.8 340.64
3.2417 278.76 4310.7 25.598 320.15 4301.9 11.07 436.15 4247.4 339.97
3.25 288.1 4316 24.952 328.6 4303.6 10.405 443.61 4247.9 339.29
3.2583 297.41 4321 24.326 337.12 4305.2 9.7153 451.01 4248.2 338.6
3.2667 306.64 4325.9 23.708 345.7 4306.7 9.0061 458.37 4248.5 337.9
3.275 315.72 4330.4 23.085 354.3 4308.2 8.2809 465.69 4248.6 337.19
3.2833 324.58 4334.7 22.442 362.93 4309.5 7.5422 472.98 4248.5 336.48
3.2917 333.15 4338.6 21.76 371.54 4310.9 6.7925 480.24 4248.4 335.75
3.3 341.38 4342.2 21.02 380.14 4312.3 6.0301 487.48 4248.1 335.01
3.3083 349.25 4345.4 20.208 388.69 4313.7 5.2514 494.69 4247.7 334.25
3.3167 356.74 4348.3 19.306 397.2 4315.2 4.4512 501.87 4247.2 333.45
3.325 363.87 4350.9 18.309 405.65 4316.7 3.6195 509.02 4246.5 332.62
3.3333 370.69 4353.3 17.205 414.02 4318.3 2.7496 516.16 4245.7 331.74
3.3417 377.3 4355.4 15.986 422.31 4320 1.8326 523.28 4244.8 330.83
3.35 383.78 4357.3 14.653 430.52 4321.7 0.85883 530.4 4243.8 329.87
3.3583 390.24 4358.9 13.209 438.62 4323.4 359.82 537.54 4242.6 328.88
3.3667 396.77 4360.3 11.652 446.62 4325.1 358.72 544.71 4241.4 327.88
3.375 403.45 4361.4 9.9996 454.51 4326.7 357.56 551.93 4240.1 326.87
3.3833 410.3 4362.1 8.2655 462.28 4328.2 356.33 559.22 4238.8 325.88
3.3917 417.33 4362.5 6.4652 469.92 4329.7 355.05 566.59 4237.4 324.93
3.4 424.53 4362.6 4.6183 477.42 4330.9 353.73 574.04 4236 324.03
3.4083 431.87 4362.4 2.7424 484.79 4332 352.38 581.56 4234.5 323.19
3.4167 439.27 4361.9 0.8532 492.04 4332.9 351 589.14 4233 322.42
3.425 446.69 4361.2 358.96 499.17 4333.6 349.61 596.74 4231.5 321.71
3.4333 454.06 4360.3 357.09 506.2 4334.1 348.22 604.32 4230 321.07
3.4417 461.32 4359.4 355.23 513.13 4334.3 346.84 611.85 4228.4 320.48
3.45 468.45 4358.5 353.4 520.02 4334.4 345.46 619.27 4226.8 319.94
3.4583 475.43 4357.6 351.59 526.87 4334.2 344.08 626.55 4225.1 319.42
3.4667 482.28 4356.9 349.81 533.72 4333.8 342.72 633.65 4223.4 318.92
3.475 489.02 4356.3 348.04 540.6 4333.2 341.37 640.55 4221.7 318.42
3.4833 495.7 4355.9 346.3 547.52 4332.5 340.02 647.24 4219.8 317.91
3.4917 502.34 4355.5 344.57 554.51 4331.5 338.67 653.72 4217.9 317.39
3.5 508.98 4355.2 342.86 561.57 4330.4 337.32 660.01 4215.8 316.84
3.5083 515.64 4354.9 341.16 568.73 4329.1 335.98 666.14 4213.7 316.28
3.5167 522.34 4354.6 339.49 575.97 4327.6 334.65 672.14 4211.5 315.7
3.525 529.08 4354.1 337.84 583.28 4326 333.33 678.06 4209.1 315.1
3.5333 535.86 4353.6 336.21 590.67 4324.2 332.02 683.94 4206.6 314.5
3.5417 542.68 4353.1 334.61 598.12 4322.2 330.75 689.8 4204 313.9
3.55 549.53 4352.4 333.05 605.61 4320.2 329.5 695.69 4201.3 313.31
3.5583 556.4 4351.7 331.54 613.13 4317.9 328.3 701.62 4198.5 312.73
3.5667 563.28 4351 330.07 620.67 4315.6 327.14 707.61 4195.5 312.16
3.575 570.18 4350.2 328.67 628.21 4313.1 326.03 713.66 4192.5 311.61
3.5833 577.09 4349.5 327.34 635.78 4310.5 324.98 719.77 4189.3 311.08
3.5917 584.03 4348.7 326.07 643.36 4307.8 323.98 725.93 4186 310.56
3.6 591 4347.9 324.89 650.95 4304.9 323.05 732.14 4182.6 310.06
3.6083 598.03 4347 323.79 658.56 4302 322.18 738.37 4179 309.57
3.6167 605.11 4346 322.78 666.2 4298.9 321.36 744.64 4175.4 309.09
3.625 612.26 4345 321.85 673.86 4295.7 320.61 750.93 4171.7 308.63
3.6333 619.48 4343.7 321.01 681.56 4292.3 319.91 757.26 4167.8 308.17
3.6417 626.77 4342.4 320.25 689.29 4288.9 319.26 763.63 4163.9 307.73
3.65 634.12 4340.8 319.57 697.06 4285.3 318.66 770.06 4159.9 307.29
3.6583 641.52 4339.1 318.96 704.86 4281.6 318.1 776.55 4155.7 306.87
3.6667 648.97 4337.2 318.42 712.71 4277.8 317.59 783.13 4151.5 306.46
3.675 656.48 4335 317.92 720.58 4273.8 317.11 789.8 4147.2 306.08
3.6833 664.03 4332.7 317.45 728.5 4269.8 316.66 796.57 4142.9 305.71
3.6917 671.64 4330.2 317 736.46 4265.6 316.24 803.45 4138.4 305.36
3.7 679.33 4327.5 316.55 744.46 4261.3 315.85 810.43 4134 305.03
3.7083 687.09 4324.7 316.09 752.5 4257 315.47 817.52 4129.5 304.72
3.7167 694.96 4321.7 315.62 760.6 4252.5 315.12 824.7 4125 304.43
3.725 702.91 4318.6 315.11 768.75 4247.9 314.78 831.96 4120.4 304.15
3.7333 710.95 4315.3 314.59 776.96 4243.2 314.47 839.29 4115.9 303.9
3.7417 719.06 4311.8 314.05 785.23 4238.4 314.17 846.69 4111.3 303.65
3.75 727.21 4308.2 313.5 793.57 4233.5 313.9 854.16 4106.8 303.42
3.7583 735.39 4304.4 312.95 801.97 4228.5 313.65 861.69 4102.1 303.2
3.7667 743.58 4300.4 312.41 810.43 4223.4 313.42 869.29 4097.5 302.98
3.775 751.79 4296.1 311.88 818.97 4218.2 313.22 876.98 4092.8 302.77
3.7833 760.01 4291.5 311.36 827.58 4212.9 313.05 884.76 4088 302.57
3.7917 768.27 4286.7 310.86 836.25 4207.6 312.91 892.66 4083.1 302.36
3.8 776.58 4281.5 310.38 845 4202.1 312.8 900.67 4078.2 302.16
3.8083 784.96 4276 309.92 853.83 4196.6 312.71 908.83 4073.1 301.95
3.8167 793.44 4270.2 309.49 862.73 4191 312.64 917.12 4067.9 301.75
3.825 802.01 4264.1 309.09 871.71 4185.3 312.6 925.55 4062.5 301.55
3.8333 810.68 4257.6 308.72 880.76 4179.5 312.56 934.11 4057.1 301.35
3.8417 819.44 4250.8 308.39 889.89 4173.6 312.55 942.78 4051.5 301.16
3.85 828.27 4243.7 308.1 899.09 4167.6 312.53 951.53 4045.8 300.97
3.8583 837.13 4236.5 307.86 908.34 4161.5 312.52 960.33 4040 300.78
3.8667 846 4229 307.67 917.63 4155.3 312.52 969.14 4034.1 300.59
3.875 854.84 4221.4 307.52 926.94 4149.1 312.5 977.94 4028.2 300.4
3.8833 863.61 4213.7 307.43 936.25 4142.7 312.48 986.67 4022.3 300.22
3.8917 872.28 4206 307.38 945.54 4136.3 312.46 995.32 4016.4 300.04
3.9 880.82 4198.3 307.38 954.77 4129.8 312.42 1003.8 4010.5 299.87
3.9083 889.23 4190.6 307.42 963.92 4123.3 312.36 1012.2 4004.6 299.69
3.9167 897.49 4183.1 307.48 972.96 4116.8 312.29 1020.5 3998.8 299.53
3.925 905.61 4175.7 307.55 981.86 4110.2 312.2 1028.6 3993.1 299.37
3.9333 913.61 4168.6 307.63 990.61 4103.7 312.08 1036.5 3987.4 299.23
3.9417 921.5 4161.6 307.7 999.17 4097.1 311.93 1044.4 3981.8 299.1
3.95 929.32 4154.9 307.76 1007.5 4090.6 311.75 1052.1 3976.2 299
3.9583 937.05 4148.4 307.82 1015.7 4084.2 311.54 1059.7 3970.7 298.91
3.9667 944.72 4142.1 307.87 1023.7 4077.8 311.29 1067.2 3965.2 298.85
3.975 952.33 4135.9 307.91 1031.4 4071.5 311 1074.6 3959.7 298.82
3.9833 959.86 4129.7 307.95 1038.9 4065.3 310.68 1082 3954.1 298.82
3.9917 967.35 4123.6 307.98 1046.2 4059.1 310.34 1089.2 3948.5 298.84
4 974.81 4117.5 308.02 1053.3 4053 309.96 1096.4 3942.8 298.89
4.0083 982.26 4111.4 308.05 1060.1 4046.9 309.58 1103.5 3936.9 298.94
4.0167 989.71 4105.3 308.1 1066.8 4040.9 309.18 1110.4 3931 299.01
4.025 997.13 4099.2 308.15 1073.3 4034.9 308.78 1117.3 3924.9 299.07
4.0333 1004.5 4093 308.23 1079.7 4029 308.4 1124 3918.7 299.12
4.0417 1011.7 4086.8 308.31 1085.9 4023 308.03 1130.5 3912.5 299.16
4.05 1018.9 4080.5 308.42 1091.9 4017 307.68 1136.9 3906.1 299.17
4.0583 1025.8 4074.1 308.54 1097.9 4011 307.35 1143.1 3899.6 299.16
4.0667 1032.6 4067.6 308.66 1103.8 4005 307.06 1149.1 3893.2 299.11
4.075 1039.3 4061.1 308.8 1109.6 3998.9 306.78 1155 3886.7 299.03
4.0833 1045.8 4054.5 308.93 1115.4 3992.7 306.53 1160.7 3880.1 298.92
4.0917 1052.1 4047.8 309.06 1121.2 3986.5 306.29 1166.3 3873.6 298.79
4.1 1058.3 4041.1 309.18 1126.9 3980.1 306.06 1171.7 3867.2 298.63
4.1083 1064.4 4034.3 309.3 1132.7 3973.7 305.83 1177.1 3860.7 298.45
4.1167 1070.5 4027.4 309.4 1138.4 3967.1 305.61 1182.3 3854.3 298.27
4.125 1076.5 4020.4 309.48 1144.2 3960.5 305.37 1187.5 3847.9 298.08
4.1333 1082.5 4013.3 309.56 1150 3953.7 305.13 1192.7 3841.4 297.9
4.1417 1088.6 4006.2 309.63 1155.8 3946.9 304.88 1197.8 3835 297.72
4.15 1094.6 3999 309.69 1161.6 3940 304.63 1202.9 3828.6 297.56
4.1583 1100.7 3991.7 309.76 1167.4 3932.9 304.38 1208 3822.1 297.42
4.1667 1106.8 3984.4 309.83 1173.1 3925.8 304.14 1213.1 3815.5 297.31
4.175 1112.9 3977 309.9 1178.9 3918.7 303.91 1218.1 3808.9 297.21
4.1833 1119.1 3969.7 309.98 1184.6 3911.5 303.69 1223.2 3802.2 297.14
4.1917 1125.2 3962.3 310.07 1190.3 3904.2 303.49 1228.2 3795.4 297.08
4.2 1131.3 3954.8 310.17 1196 3896.8 303.32 1233.2 3788.6 297.04
4.2083 1137.4 3947.4 310.28 1201.7 3889.4 303.18 1238.2 3781.7 297
4.2167 1143.4 3939.9 310.39 1207.4 3882 303.06 1243.1 3774.7 296.97
4.225 1149.5 3932.4 310.5 1213.1 3874.5 302.96 1248 3767.7 296.94
4.2333 1155.6 3924.7 310.6 1218.8 3866.9 302.88 1252.9 3760.7 296.89
