0.0083333 -16.123 6.2151 96.41 -44.947 104.77 86.418 -23.225 130.56 80.545
0.016667 -15.056 16.014 96.463 -43.439 114.68 86.448 -21.644 140.04 80.584
0.025 -14.059 26.106 96.51 -41.837 124.69 86.452 -20.024 149.62 80.653
0.033333 -13.139 36.466 96.55 -40.155 134.8 86.429 -18.361 159.31 80.747
0.041667 -12.288 47.06 96.586 -38.419 144.98 86.378 -16.65 169.12 80.861
0.05 -11.492 57.862 96.619 -36.648 155.23 86.302 -14.89 179.05 80.983
0.058333 -10.729 68.829 96.65 -34.873 165.51 86.204 -13.082 189.11 81.104
0.066667 -9.975 79.922 96.679 -33.119 175.81 86.092 -11.228 199.28 81.214
0.075 -9.2031 91.1 96.709 -31.412 186.1 85.976 -9.3396 209.57 81.304
0.083333 -8.3868 102.32 96.737 -29.779 196.36 85.862 -7.4306 219.95 81.368
0.091667 -7.5043 113.53 96.764 -28.241 206.56 85.764 -5.5211 230.42 81.403
0.1 -6.5383 124.72 96.787 -26.811 216.68 85.694 -3.6373 240.94 81.407
0.10833 -5.4807 135.86 96.801 -25.502 226.7 85.664 -1.8074 251.49 81.385
0.11667 -4.3343 146.93 96.8 -24.32 236.6 85.682 -0.064276 262.03 81.343
0.125 -3.1131 157.93 96.78 -23.269 246.36 85.755 1.5602 272.55 81.288
0.13333 -1.8393 168.85 96.735 -22.345 255.97 85.889 3.0351 283.01 81.232
0.14167 -0.54111 179.69 96.659 -21.544 265.43 86.084 4.3325 293.39 81.184
0.15 0.75256 190.44 96.55 -20.858 274.75 86.336 5.4303 303.69 81.153
0.15833 2.0151 201.12 96.404 -20.281 283.93 86.642 6.3116 313.9 81.148
0.16667 3.2207 211.71 96.224 -19.803 292.99 86.992 6.9675 324.02 81.174
0.175 4.3487 222.22 96.012 -19.417 301.95 87.378 7.3952 334.07 81.233
0.18333 5.3818 232.64 95.777 -19.115 310.83 87.79 7.5977 344.06 81.326
0.19167 6.3095 242.96 95.527 -18.891 319.66 88.219 7.5844 354.03 81.454
0.2 7.1256 253.18 95.272 -18.742 328.44 88.655 7.3666 363.98 81.612
0.20833 7.8348 263.3 95.021 -18.663 337.21 89.093 6.9583 373.96 81.796
0.21667 8.4436 273.33 94.782 -18.652 345.97 89.529 6.3736 383.97 82.004
0.225 8.9622 283.28 94.562 -18.706 354.74 89.961 5.6263 394.04 82.232
0.23333 9.3985 293.15 94.365 -18.824 363.53 90.387 4.727 404.18 82.476
0.24167 9.7588 302.95 94.192 -19.003 372.34 90.81 3.6853 414.38 82.736
0.25 10.044 312.7 94.045 -19.24 381.18 91.232 2.5079 424.65 83.009
0.25833 10.252 322.38 93.921 -19.534 390.04 91.653 1.2001 434.98 83.296
0.26667 10.377 332.01 93.816 -19.883 398.94 92.077 -0.23327 445.35 83.597
0.275 10.407 341.57 93.727 -20.285 407.88 92.504 -1.7871 455.75 83.912
0.28333 10.338 351.07 93.645 -20.736 416.85 92.932 -3.4546 466.16 84.24
0.29167 10.163 360.5 93.57 -21.239 425.86 93.361 -5.228 476.55 84.579
0.3 9.8793 369.87 93.497 -21.791 434.92 93.785 -7.0967 486.93 84.926
0.30833 9.4931 379.17 93.423 -22.394 444.03 94.2 -9.0473 497.26 85.277
0.31667 9.0142 388.41 93.346 -23.047 453.2 94.601 -11.065 507.54 85.627
0.325 8.4596 397.59 93.265 -23.753 462.43 94.983 -13.134 517.76 85.972
0.33333 7.8514 406.73 93.182 -24.512 471.74 95.34 -15.238 527.92 86.306
0.34167 7.2128 415.82 93.096 -25.325 481.12 95.669 -17.362 538.02 86.625
0.35 6.5683 424.88 93.01 -26.192 490.58 95.967 -19.494 548.07 86.926
0.35833 5.9384 433.92 92.925 -27.112 500.13 96.235 -21.622 558.08 87.208
0.36667 5.3375 442.94 92.843 -28.085 509.76 96.473 -23.74 568.05 87.47
0.375 4.7729 451.95 92.766 -29.109 519.48 96.685 -25.844 578 87.713
0.38333 4.2406 460.95 92.697 -30.183 529.28 96.873 -27.931 587.93 87.939
0.39167 3.7287 469.96 92.638 -31.305 539.16 97.042 -30.003 597.87 88.151
0.4 3.2206 478.97 92.594 -32.474 549.13 97.197 -32.059 607.83 88.351
0.40833 2.6922 488.01 92.567 -33.69 559.16 97.342 -34.103 617.81 88.541
0.41667 2.1119 497.09 92.56 -34.953 569.28 97.479 -36.135 627.82 88.722
0.425 1.4576 506.21 92.573 -36.263 579.46 97.609 -38.156 637.87 88.894
0.43333 0.70456 515.41 92.606 -37.621 589.72 97.735 -40.166 647.95 89.056
0.44167 -0.16274 524.7 92.658 -39.029 600.04 97.855 -42.162 658.08 89.204
0.45 -1.153 534.11 92.723 -40.486 610.44 97.97 -44.145 668.25 89.337
0.45833 -2.2616 543.66 92.796 -41.995 620.92 98.078 -46.114 678.45 89.451
0.46667 -3.4802 553.35 92.87 -43.557 631.47 98.18 -48.069 688.69 89.545
0.475 -4.7877 563.21 92.938 -45.173 642.1 98.277 -50.016 698.96 89.617
0.48333 -6.1716 573.23 92.994 -46.847 652.8 98.371 -51.958 709.27 89.667
0.49167 -7.6132 583.42 93.033 -48.581 663.58 98.463 -53.906 719.61 89.697
0.5 -9.1031 593.77 93.05 -50.38 674.43 98.559 -55.871 729.99 89.709
0.50833 -10.637 604.28 93.042 -52.247 685.35 98.662 -57.866 740.42 89.707
0.51667 -12.215 614.98 93.007 -54.191 696.33 98.776 -59.905 750.93 89.695
0.525 -13.841 625.86 92.942 -56.217 707.37 98.908 -62.001 761.51 89.678
0.53333 -15.524 636.95 92.849 -58.333 718.46 99.058 -64.165 772.19 89.657
0.54167 -17.276 648.29 92.73 -60.546 729.59 99.231 -66.407 782.98 89.635
0.55 -19.109 659.9 92.591 -62.861 740.76 99.427 -68.731 793.89 89.61
0.55833 -21.026 671.81 92.439 -65.282 751.98 99.644 -71.137 804.93 89.582
0.56667 -23.053 684.03 92.285 -67.809 763.25 99.882 -73.624 816.08 89.546
0.575 -25.176 696.57 92.142 -70.44 774.58 100.14 -76.186 827.35 89.499
0.58333 -27.399 709.42 92.023 -73.168 785.98 100.4 -78.814 838.72 89.438
0.59167 -29.719 722.55 91.945 -75.98 797.46 100.67 -81.5 850.16 89.36
0.6 -32.129 735.9 91.92 -78.862 809.03 100.95 -84.235 861.64 89.264
0.60833 -34.623 749.43 91.962 -81.794 820.69 101.21 -87.012 873.14 89.154
0.61667 -37.197 763.06 92.08 -84.752 832.45 101.46 -89.827 884.62 89.034
0.625 -39.847 776.71 92.272 -87.71 844.31 101.69 -92.676 896.06 88.911
0.63333 -42.566 790.32 92.541 -90.643 856.25 101.9 -95.558 907.45 88.798
0.64167 -45.345 803.8 92.876 -93.525 868.25 102.08 -98.472 918.75 88.706
0.65 -48.172 817.11 93.267 -96.331 880.3 102.23 -101.42 929.98 88.647
0.65833 -51.026 830.19 93.701 -99.039 892.35 102.34 -104.39 941.13 88.632
0.66667 -53.888 843.02 94.159 -101.63 904.38 102.42 -107.38 952.21 88.67
0.675 -56.733 855.59 94.628 -104.09 916.35 102.47 -110.37 963.26 88.767
0.68333 -59.543 867.89 95.096 -106.42 928.21 102.48 -113.36 974.28 88.922
0.69167 -62.306 879.95 95.554 -108.6 939.95 102.45 -116.3 985.31 89.132
0.7 -65.02 891.83 96.002 -110.65 951.52 102.4 -119.18 996.36 89.386
0.70833 -67.695 903.57 96.442 -112.57 962.9 102.32 -121.96 1007.5 89.672
0.71667 -70.334 915.21 96.875 -114.37 974.1 102.22 -124.6 1018.6 89.971
0.725 -72.939 926.79 97.304 -116.06 985.1 102.1 -127.08 1029.8 90.266
0.73333 -75.505 938.31 97.729 -117.67 995.91 101.97 -129.38 1041.1 90.539
0.74167 -78.02 949.79 98.151 -119.22 1006.6 101.81 -131.45 1052.4 90.774
0.75 -80.474 961.22 98.57 -120.71 1017.1 101.65 -133.31 1063.8 90.958
0.75833 -82.845 972.6 98.986 -122.17 1027.5 101.48 -134.94 1075.2 91.085
0.76667 -85.116 983.91 99.397 -123.61 1037.8 101.29 -136.34 1086.6 91.15
0.775 -87.28 995.16 99.803 -125.04 1048.1 101.09 -137.55 1098 91.156
0.78333 -89.323 1006.3 100.2 -126.46 1058.4 100.89 -138.57 1109.5 91.109
0.79167 -91.242 1017.4 100.59 -127.88 1068.6 100.67 -139.44 1120.8 91.019
0.8 -93.034 1028.5 100.98 -129.29 1079 100.44 -140.19 1132.2 90.897
0.80833 -94.711 1039.5 101.35 -130.71 1089.3 100.2 -140.86 1143.6 90.755
0.81667 -96.286 1050.4 101.72 -132.11 1099.8 99.959 -141.46 1154.9 90.605
0.825 -97.782 1061.4 102.08 -133.5 1110.3 99.711 -142.04 1166.2 90.457
0.83333 -99.214 1072.3 102.45 -134.87 1120.8 99.463 -142.6 1177.6 90.318
0.84167 -100.61 1083.2 102.81 -136.21 1131.5 99.217 -143.16 1188.9 90.195
0.85 -102 1094.1 103.18 -137.52 1142.2 98.977 -143.73 1200.2 90.088
0.85833 -103.39 1105.1 103.57 -138.8 1152.9 98.749 -144.3 1211.6 89.998
0.86667 -104.8 1116 103.96 -140.05 1163.7 98.534 -144.89 1223 89.923
0.875 -106.25 1126.8 104.36 -141.27 1174.5 98.338 -145.47 1234.3 89.859
0.88333 -107.72 1137.7 104.76 -142.47 1185.4 98.161 -146.06 1245.7 89.8
0.89167 -109.22 1148.5 105.17 -143.66 1196.4 98.006 -146.63 1257.1 89.743
0.9 -110.73 1159.3 105.59 -144.84 1207.4 97.873 -147.19 1268.5 89.683
0.90833 -112.23 1170 105.99 -146.03 1218.4 97.763 -147.72 1279.8 89.616
0.91667 -113.72 1180.7 106.38 -147.24 1229.5 97.673 -148.24 1291.1 89.539
0.925 -115.15 1191.5 106.75 -148.46 1240.7 97.604 -148.74 1302.5 89.45
0.93333 -116.53 1202.3 107.09 -149.71 1252 97.553 -149.22 1313.8 89.349
0.94167 -117.82 1213.1 107.4 -150.99 1263.4 97.52 -149.68 1325.1 89.236
0.95 -119.02 1224.1 107.67 -152.28 1274.9 97.502 -150.13 1336.4 89.11
0.95833 -120.11 1235.1 107.9 -153.59 1286.4 97.5 -150.57 1347.7 88.974
0.96667 -121.1 1246.4 108.09 -154.9 1298.1 97.514 -150.99 1359 88.828
0.975 -121.98 1257.8 108.24 -156.21 1309.9 97.543 -151.39 1370.5 88.675
0.98333 -122.78 1269.3 108.36 -157.5 1321.8 97.589 -151.78 1381.9 88.516
0.99167 -123.51 1281.1 108.46 -158.75 1333.8 97.653 -152.14 1393.4 88.352
1 -124.2 1293 108.53 -159.95 1345.8 97.733 -152.48 1405 88.186
1.0083 -124.89 1305.2 108.61 -161.1 1358 97.83 -152.79 1416.7 88.021
1.0167 -125.62 1317.4 108.69 -162.19 1370.2 97.94 -153.07 1428.4 87.859
1.025 -126.43 1329.8 108.78 -163.2 1382.5 98.059 -153.31 1440.2 87.703
1.0333 -127.36 1342.1 108.88 -164.15 1394.9 98.182 -153.52 1452.1 87.555
1.0417 -128.41 1354.5 108.99 -165.03 1407.3 98.3 -153.7 1464 87.421
1.05 -129.58 1366.9 109.11 -165.85 1419.8 98.407 -153.85 1476 87.301
1.0583 -130.83 1379.3 109.23 -166.61 1432.4 98.492 -153.99 1488.1 87.2
1.0667 -132.13 1391.6 109.34 -167.33 1445 98.547 -154.12 1500.2 87.12
1.075 -133.46 1404 109.44 -168 1457.8 98.563 -154.24 1512.3 87.063
1.0833 -134.78 1416.5 109.53 -168.63 1470.6 98.534 -154.36 1524.6 87.028
1.0917 -136.1 1429.1 109.6 -169.23 1483.6 98.455 -154.48 1536.9 87.016
1.1 -137.39 1441.9 109.66 -169.8 1496.6 98.324 -154.62 1549.3 87.024
1.1083 -138.67 1454.9 109.7 -170.33 1509.8 98.143 -154.75 1561.7 87.05
1.1167 -139.95 1468.2 109.72 -170.83 1523 97.92 -154.9 1574.2 87.089
1.125 -141.23 1481.8 109.72 -171.3 1536.4 97.65 -155.04 1586.9 87.135
1.1333 -142.54 1495.7 109.68 -171.74 1549.8 97.355 -155.18 1599.6 87.182
1.1417 -143.87 1509.9 109.61 -172.17 1563.3 97.043 -155.32 1612.4 87.221
1.15 -145.26 1524.1 109.5 -172.59 1576.9 96.717 -155.46 1625.2 87.246
1.1583 -146.68 1538.5 109.34 -173.02 1590.5 96.398 -155.6 1638.2 87.249
1.1667 -148.14 1552.9 109.13 -173.47 1604 96.097 -155.74 1651.1 87.223
1.175 -149.61 1567.3 108.88 -173.98 1617.6 95.823 -155.9 1664.1 87.163
1.1833 -151.06 1581.5 108.6 -174.55 1631 95.585 -156.09 1677.1 87.067
1.1917 -152.46 1595.6 108.29 -175.23 1644.3 95.392 -156.33 1690 86.932
1.2 -153.76 1609.6 107.96 -176.02 1657.5 95.247 -156.65 1702.9 86.762
1.2083 -154.96 1623.4 107.63 -176.93 1670.5 95.155 -157.08 1715.7 86.559
1.2167 -156.03 1637 107.31 -178 1683.4 95.117 -157.63 1728.4 86.33
1.225 -156.98 1650.4 107 -179.2 1696 95.132 -158.35 1741.1 86.084
1.2333 -157.82 1663.7 106.71 -180.56 1708.4 95.198 -159.26 1753.6 85.829
1.2417 -158.57 1676.8 106.44 -182.04 1720.5 95.312 -160.37 1766 85.577
1.25 -159.25 1689.9 106.19 -183.65 1732.4 95.471 -161.71 1778.2 85.337
1.2583 -159.89 1702.8 105.95 -185.36 1744.2 95.672 -163.29 1790.4 85.119
1.2667 -160.52 1715.7 105.73 -187.14 1755.7 95.911 -165.11 1802.5 84.929
1.275 -161.18 1728.6 105.51 -188.99 1767.1 96.186 -167.17 1814.4 84.775
1.2833 -161.91 1741.3 105.3 -190.89 1778.4 96.495 -169.47 1826.4 84.659
1.2917 -162.74 1754 105.1 -192.81 1789.5 96.837 -171.98 1838.2 84.581
1.3 -163.71 1766.5 104.91 -194.76 1800.5 97.213 -174.7 1850.1 84.539
1.3083 -164.82 1778.9 104.73 -196.73 1811.5 97.621 -177.59 1861.9 84.531
1.3167 -166.1 1791.2 104.55 -198.73 1822.5 98.063 -180.64 1873.7 84.55
1.325 -167.53 1803.3 104.38 -200.77 1833.5 98.539 -183.83 1885.5 84.59
1.3333 -169.11 1815.2 104.22 -202.85 1844.4 99.049 -187.13 1897.3 84.644
1.3417 -170.82 1827 104.07 -204.99 1855.3 99.59 -190.52 1909 84.708
1.35 -172.64 1838.6 103.94 -207.19 1866.3 100.16 -194 1920.8 84.776
1.3583 -174.56 1850.1 103.82 -209.47 1877.2 100.76 -197.54 1932.5 84.847
1.3667 -176.55 1861.5 103.71 -211.81 1888.2 101.38 -201.14 1944.2 84.918
1.375 -178.59 1872.7 103.62 -214.23 1899.1 102.02 -204.79 1955.8 84.99
1.3833 -180.65 1883.9 103.53 -216.71 1910.1 102.67 -208.48 1967.4 85.066
1.3917 -182.73 1895 103.45 -219.24 1921.1 103.32 -212.21 1978.9 85.149
1.4 -184.82 1906.1 103.37 -221.82 1932.1 103.96 -215.98 1990.3 85.242
1.4083 -186.9 1917.1 103.28 -224.45 1943.1 104.59 -219.76 2001.7 85.346
1.4167 -188.99 1928.1 103.18 -227.11 1954.2 105.19 -223.57 2013 85.464
1.425 -191.08 1939.1 103.06 -229.8 1965.3 105.77 -227.4 2024.2 85.596
1.4333 -193.17 1950 102.92 -232.52 1976.5 106.31 -231.23 2035.3 85.74
1.4417 -195.29 1961 102.77 -235.28 1987.7 106.82 -235.06 2046.3 85.893
1.45 -197.44 1971.9 102.6 -238.07 1999.1 107.28 -238.87 2057.4 86.049
1.4583 -199.62 1982.8 102.41 -240.91 2010.5 107.71 -242.68 2068.3 86.203
1.4667 -201.86 1993.8 102.22 -243.8 2022 108.1 -246.45 2079.3 86.347
1.475 -204.15 2004.7 102.03 -246.74 2033.6 108.45 -250.21 2090.2 86.474
1.4833 -206.51 2015.7 101.84 -249.74 2045.2 108.77 -253.92 2101.2 86.58
1.4917 -208.92 2026.7 101.68 -252.81 2056.9 109.06 -257.61 2112.2 86.659
1.5 -211.42 2037.8 101.55 -255.95 2068.7 109.32 -261.27 2123.3 86.712
1.5083 -213.97 2048.8 101.44 -259.15 2080.6 109.55 -264.9 2134.4 86.737
1.5167 -216.61 2060 101.36 -262.43 2092.5 109.76 -268.52 2145.5 86.739
1.525 -219.33 2071.2 101.3 -265.77 2104.5 109.94 -272.12 2156.7 86.724
1.5333 -222.13 2082.5 101.26 -269.18 2116.5 110.1 -275.73 2168 86.698
1.5417 -225.02 2093.9 101.22 -272.65 2128.6 110.23 -279.35 2179.3 86.669
1.55 -228 2105.4 101.18 -276.19 2140.7 110.33 -282.99 2190.7 86.645
1.5583 -231.05 2117 101.13 -279.79 2152.9 110.41 -286.66 2202.2 86.631
1.5667 -234.19 2128.8 101.08 -283.46 2165.2 110.45 -290.37 2213.7 86.631
1.575 -237.44 2140.5 101.04 -287.21 2177.5 110.48 -294.13 2225.2 86.643
1.5833 -240.78 2152.4 100.99 -291.02 2189.8 110.48 -297.94 2236.9 86.664
1.5917 -244.24 2164.2 100.95 -294.91 2202.3 110.47 -301.79 2248.5 86.686
1.6 -247.83 2176.2 100.92 -298.89 2214.7 110.45 -305.7 2260.3 86.7
1.6083 -251.54 2188.2 100.88 -302.95 2227.2 110.43 -309.66 2272.2 86.692
1.6167 -255.39 2200.4 100.84 -307.1 2239.7 110.41 -313.65 2284.1 86.65
1.625 -259.38 2212.7 100.79 -311.35 2252.3 110.41 -317.69 2296.2 86.56
1.6333 -263.51 2225.3 100.74 -315.7 2264.8 110.43 -321.76 2308.3 86.415
1.6417 -267.78 2238.1 100.69 -320.14 2277.4 110.47 -325.87 2320.6 86.208
1.65 -272.19 2251.2 100.64 -324.68 2289.9 110.53 -330.01 2333 85.94
1.6583 -276.72 2264.6 100.6 -329.31 2302.5 110.63 -334.19 2345.6 85.616
1.6667 -281.37 2278.3 100.59 -334.02 2315 110.74 -338.4 2358.2 85.247
1.675 -286.13 2292.1 100.6 -338.79 2327.6 110.87 -342.66 2371 84.848
1.6833 -290.96 2306.1 100.67 -343.6 2340.2 111.01 -346.97 2383.8 84.439
1.6917 -295.87 2320.2 100.78 -348.44 2352.7 111.15 -351.33 2396.7 84.039
1.7 -300.84 2334.2 100.97 -353.27 2365.4 111.28 -355.74 2409.6 83.668
1.7083 -305.85 2348.1 101.22 -358.08 2378 111.4 -360.21 2422.5 83.344
1.7167 -310.88 2361.9 101.53 -362.82 2390.6 111.5 -364.72 2435.4 83.08
1.725 -315.92 2375.4 101.88 -367.48 2403.3 111.57 -369.27 2448.2 82.885
1.7333 -320.94 2388.6 102.27 -372.02 2415.9 111.61 -373.84 2461 82.762
1.7417 -325.93 2401.5 102.67 -376.43 2428.6 111.62 -378.4 2473.7 82.709
1.75 -330.87 2414.2 103.07 -380.68 2441.2 111.58 -382.92 2486.4 82.718
1.7583 -335.74 2426.5 103.44 -384.77 2453.7 111.51 -387.38 2499 82.778
1.7667 -340.56 2438.6 103.77 -388.68 2466.1 111.4 -391.75 2511.5 82.874
1.775 -345.32 2450.5 104.06 -392.42 2478.4 111.24 -395.99 2524 82.99
1.7833 -350.04 2462.2 104.31 -395.99 2490.6 111.05 -400.08 2536.5 83.109
1.7917 -354.72 2473.8 104.52 -399.4 2502.6 110.82 -404 2548.9 83.218
1.8 -359.36 2485.3 104.69 -402.68 2514.5 110.55 -407.72 2561.3 83.303
1.8083 -363.94 2496.8 104.85 -405.84 2526.1 110.24 -411.23 2573.7 83.358
1.8167 -368.45 2508.3 104.98 -408.9 2537.7 109.9 -414.54 2586.2 83.377
1.825 -372.86 2519.7 105.11 -411.88 2549 109.52 -417.66 2598.6 83.36
1.8333 -377.15 2531.2 105.23 -414.81 2560.3 109.11 -420.58 2611.1 83.31
1.8417 -381.29 2542.6 105.37 -417.69 2571.4 108.67 -423.33 2623.6 83.232
1.85 -385.28 2554 105.52 -420.53 2582.5 108.21 -425.93 2636.1 83.133
1.8583 -389.09 2565.4 105.7 -423.35 2593.5 107.72 -428.4 2648.6 83.017
1.8667 -392.74 2576.8 105.89 -426.16 2604.5 107.21 -430.77 2661.1 82.892
1.875 -396.23 2588.1 106.11 -428.94 2615.4 106.7 -433.05 2673.6 82.76
1.8833 -399.58 2599.4 106.35 -431.71 2626.4 106.17 -435.26 2686 82.624
1.8917 -402.81 2610.7 106.62 -434.45 2637.4 105.65 -437.41 2698.4 82.486
1.9 -405.96 2621.9 106.9 -437.17 2648.4 105.13 -439.52 2710.8 82.342
1.9083 -409.06 2633.1 107.21 -439.87 2659.4 104.62 -441.6 2723 82.193
1.9167 -412.13 2644.3 107.53 -442.54 2670.5 104.12 -443.64 2735.2 82.034
1.925 -415.2 2655.4 107.86 -445.19 2681.7 103.65 -445.65 2747.3 81.865
1.9333 -418.29 2666.5 108.21 -447.82 2692.9 103.2 -447.64 2759.3 81.682
1.9417 -421.4 2677.5 108.57 -450.44 2704.2 102.77 -449.59 2771.3 81.485
1.95 -424.52 2688.5 108.93 -453.06 2715.6 102.38 -451.51 2783.1 81.273
1.9583 -427.66 2699.5 109.3 -455.68 2727 102.03 -453.39 2794.9 81.047
1.9667 -430.79 2710.4 109.66 -458.31 2738.6 101.7 -455.25 2806.7 80.808
1.975 -433.88 2721.3 110.02 -460.96 2750.2 101.42 -457.07 2818.4 80.557
1.9833 -436.91 2732.2 110.38 -463.63 2761.9 101.17 -458.86 2830 80.295
1.9917 -439.85 2743.2 110.72 -466.33 2773.6 100.95 -460.62 2841.7 80.024
2 -442.69 2754.3 111.04 -469.05 2785.5 100.77 -462.35 2853.3 79.745
2.0083 -445.4 2765.5 111.35 -471.8 2797.5 100.63 -464.06 2864.9 79.459
2.0167 -447.99 2776.8 111.64 -474.57 2809.5 100.52 -465.75 2876.6 79.165
2.025 -450.46 2788.3 111.9 -477.35 2821.7 100.44 -467.42 2888.2 78.865
2.0333 -452.83 2799.9 112.15 -480.14 2833.9 100.39 -469.07 2899.9 78.558
2.0417 -455.12 2811.6 112.38 -482.93 2846.2 100.37 -470.7 2911.5 78.245
2.05 -457.35 2823.6 112.6 -485.7 2858.5 100.37 -472.32 2923.2 77.928
2.0583 -459.57 2835.6 112.8 -488.47 2871 100.4 -473.93 2935 77.608
2.0667 -461.79 2847.8 113 -491.21 2883.5 100.45 -475.53 2946.7 77.287
2.075 -464.04 2860.2 113.2 -493.92 2896.1 100.52 -477.12 2958.5 76.968
2.0833 -466.35 2872.6 113.39 -496.6 2908.8 100.6 -478.71 2970.3 76.651
2.0917 -468.74 2885.2 113.58 -499.24 2921.5 100.71 -480.29 2982.2 76.339
2.1 -471.2 2897.7 113.76 -501.85 2934.3 100.81 -481.86 2994 76.034
2.1083 -473.74 2910.3 113.92 -504.4 2947.3 100.93 -483.43 3006 75.736
2.1167 -476.35 2922.9 114.07 -506.91 2960.3 101.04 -485 3018 75.447
2.125 -479.01 2935.5 114.18 -509.36 2973.4 101.15 -486.56 3030 75.166
2.1333 -481.72 2948.1 114.27 -511.74 2986.6 101.24 -488.12 3042.1 74.895
2.1417 -484.48 2960.9 114.35 -514.05 2999.9 101.31 -489.67 3054.2 74.635
2.15 -487.28 2973.7 114.4 -516.28 3013.3 101.34 -491.23 3066.4 74.385
2.1583 -490.13 2986.7 114.44 -518.42 3026.8 101.35 -492.77 3078.7 74.147
2.1667 -493.04 3000 114.47 -520.47 3040.4 101.32 -494.31 3091.1 73.924
2.175 -496.01 3013.5 114.49 -522.43 3054 101.24 -495.85 3103.5 73.716
2.1833 -499.03 3027.3 114.5 -524.29 3067.7 101.13 -497.37 3116 73.525
2.1917 -502.11 3041.3 114.49 -526.07 3081.5 100.98 -498.88 3128.5 73.352
2.2 -505.24 3055.6 114.46 -527.78 3095.2 100.8 -500.37 3141.1 73.196
2.2083 -508.4 3070 114.38 -529.44 3109 100.59 -501.84 3153.8 73.056
2.2167 -511.6 3084.5 114.26 -531.08 3122.8 100.37 -503.28 3166.5 72.928
2.225 -514.81 3099.1 114.09 -532.71 3136.5 100.14 -504.7 3179.3 72.808
2.2333 -517.99 3113.5 113.87 -534.37 3150.1 99.919 -506.09 3192 72.689
2.2417 -521.13 3127.8 113.6 -536.09 3163.7 99.716 -507.45 3204.8 72.564
2.25 -524.16 3142 113.29 -537.89 3177.2 99.543 -508.79 3217.6 72.424
2.2583 -527.06 3156 112.94 -539.78 3190.5 99.407 -510.12 3230.4 72.264
2.2667 -529.81 3169.7 112.57 -541.79 3203.7 99.317 -511.45 3243.1 72.079
2.275 -532.39 3183.3 112.18 -543.91 3216.6 99.278 -512.81 3255.8 71.865
2.2833 -534.82 3196.7 111.8 -546.15 3229.4 99.293 -514.2 3268.4 71.623
2.2917 -537.1 3209.9 111.42 -548.48 3242 99.36 -515.65 3280.9 71.358
2.3 -539.25 3223 111.06 -550.91 3254.4 99.479 -517.18 3293.3 71.076
2.3083 -541.28 3236.1 110.71 -553.39 3266.5 99.644 -518.81 3305.7 70.787
2.3167 -543.19 3249 110.38 -555.92 3278.4 99.848 -520.57 3317.9 70.504
2.325 -545.01 3262 110.05 -558.47 3290.1 100.08 -522.47 3330.1 70.24
2.3333 -546.74 3275 109.74 -561.03 3301.6 100.35 -524.53 3342.2 70.006
2.3417 -548.43 3287.9 109.42 -563.58 3312.9 100.62 -526.74 3354.2 69.813
2.35 -550.09 3300.9 109.12 -566.1 3324 100.91 -529.12 3366.2 69.667
2.3583 -551.75 3313.8 108.8 -568.59 3335.1 101.2 -531.65 3378.2 69.574
2.3667 -553.44 3326.6 108.48 -571.07 3346.1 101.49 -534.32 3390.1 69.533
2.375 -555.18 3339.3 108.16 -573.52 3357 101.78 -537.14 3402 69.543
2.3833 -557 3351.8 107.83 -575.97 3367.8 102.05 -540.07 3414 69.595
2.3917 -558.91 3364.3 107.5 -578.42 3378.7 102.32 -543.11 3425.9 69.682
2.4 -560.91 3376.5 107.17 -580.89 3389.6 102.57 -546.24 3437.8 69.793
2.4083 -563.02 3388.6 106.85 -583.39 3400.5 102.81 -549.44 3449.6 69.919
2.4167 -565.22 3400.6 106.53 -585.93 3411.4 103.04 -552.71 3461.5 70.049
2.425 -567.52 3412.4 106.23 -588.51 3422.3 103.25 -556.03 3473.3 70.175
2.4333 -569.9 3424.2 105.95 -591.14 3433.3 103.44 -559.4 3485 70.291
2.4417 -572.35 3435.8 105.68 -593.81 3444.3 103.62 -562.81 3496.7 70.393
2.45 -574.86 3447.5 105.42 -596.52 3455.4 103.78 -566.25 3508.3 70.48
2.4583 -577.4 3459 105.17 -599.27 3466.5 103.93 -569.73 3519.9 70.55
2.4667 -579.97 3470.6 104.93 -602.05 3477.7 104.06 -573.24 3531.4 70.605
2.475 -582.55 3482.1 104.68 -604.86 3488.9 104.18 -576.77 3542.7 70.647
2.4833 -585.14 3493.5 104.42 -607.68 3500.2 104.28 -580.31 3554 70.676
2.4917 -587.74 3505 104.13 -610.52 3511.6 104.37 -583.88 3565.2 70.691
2.5 -590.34 3516.4 103.81 -613.38 3523.1 104.44 -587.45 3576.4 70.692
2.5083 -592.95 3527.8 103.45 -616.26 3534.7 104.5 -591.02 3587.4 70.676
2.5167 -595.58 3539.1 103.07 -619.16 3546.4 104.55 -594.59 3598.4 70.637
2.525 -598.22 3550.5 102.66 -622.08 3558.2 104.6 -598.15 3609.4 70.573
2.5333 -600.89 3561.8 102.24 -625.04 3570.1 104.63 -601.69 3620.3 70.477
2.5417 -603.58 3573.2 101.81 -628.02 3582.1 104.66 -605.21 3631.2 70.346
2.55 -606.31 3584.5 101.4 -631.05 3594.1 104.68 -608.7 3642 70.178
2.5583 -609.08 3595.9 101.02 -634.11 3606.3 104.69 -612.17 3652.9 69.972
2.5667 -611.88 3607.4 100.68 -637.22 3618.5 104.69 -615.63 3663.8 69.731
2.575 -614.72 3618.9 100.38 -640.37 3630.7 104.69 -619.06 3674.6 69.46
2.5833 -617.63 3630.5 100.13 -643.56 3643 104.67 -622.48 3685.5 69.166
2.5917 -620.61 3642.2 99.912 -646.78 3655.3 104.64 -625.9 3696.5 68.859
2.6 -623.66 3654.1 99.724 -650.04 3667.6 104.6 -629.32 3707.5 68.548
2.6083 -626.78 3666.1 99.555 -653.33 3680 104.55 -632.74 3718.5 68.242
2.6167 -629.99 3678.3 99.397 -656.64 3692.4 104.49 -636.17 3729.6 67.95
2.625 -633.27 3690.6 99.244 -659.98 3704.8 104.41 -639.62 3740.8 67.675
2.6333 -636.63 3702.9 99.092 -663.34 3717.2 104.33 -643.08 3752 67.422
2.6417 -640.08 3715.3 98.941 -666.72 3729.7 104.25 -646.55 3763.3 67.19
2.65 -643.62 3727.8 98.782 -670.13 3742.2 104.16 -650.02 3774.7 66.972
2.6583 -647.24 3740.4 98.615 -673.55 3754.8 104.08 -653.49 3786.1 66.764
2.6667 -650.94 3753.1 98.439 -677 3767.4 104.01 -656.95 3797.6 66.557
2.675 -654.73 3766 98.254 -680.47 3780 103.95 -660.39 3809.2 66.339
2.6833 -658.61 3779 98.068 -683.98 3792.6 103.91 -663.79 3820.9 66.103
2.6917 -662.56 3792.3 97.886 -687.52 3805.2 103.88 -667.15 3832.7 65.84
2.7 -666.59 3805.8 97.721 -691.09 3817.9 103.87 -670.46 3844.6 65.545
2.7083 -670.69 3819.5 97.583 -694.71 3830.5 103.88 -673.71 3856.6 65.217
2.7167 -674.84 3833.5 97.488 -698.35 3843.1 103.91 -676.91 3868.7 64.858
2.725 -679.05 3847.6 97.441 -702.01 3855.7 103.95 -680.07 3880.9 64.476
2.7333 -683.27 3861.8 97.456 -705.68 3868.3 104 -683.18 3893.3 64.08
2.7417 -687.5 3876.1 97.538 -709.35 3880.9 104.05 -686.27 3905.7 63.682
2.75 -691.71 3890.4 97.688 -712.99 3893.6 104.1 -689.34 3918.2 63.297
2.7583 -695.88 3904.5 97.898 -716.58 3906.4 104.14 -692.41 3930.7 62.936
2.7667 -699.98 3918.4 98.154 -720.09 3919.2 104.16 -695.49 3943.3 62.611
2.775 -704.01 3932 98.44 -723.51 3932.1 104.15 -698.6 3955.9 62.331
2.7833 -707.95 3945.3 98.73 -726.8 3945 104.11 -701.72 3968.5 62.101
2.7917 -711.78 3958.3 99.001 -729.95 3958 104.03 -704.85 3981 61.921
2.8 -715.51 3970.9 99.228 -732.95 3971.1 103.9 -707.97 3993.6 61.788
2.8083 -719.13 3983.2 99.389 -735.77 3984.1 103.71 -711.06 4006.1 61.695
2.8167 -722.64 3995.1 99.473 -738.43 3997.1 103.47 -714.08 4018.7 61.63
2.825 -726.06 4006.8 99.477 -740.91 4010 103.16 -716.98 4031.2 61.581
2.8333 -729.38 4018.4 99.407 -743.23 4022.8 102.79 -719.73 4043.7 61.531
2.8417 -732.6 4029.8 99.273 -745.4 4035.4 102.36 -722.27 4056.2 61.467
2.85 -735.69 4041.1 99.09 -747.42 4047.9 101.87 -724.57 4068.8 61.377
2.8583 -738.62 4052.3 98.874 -749.32 4060.1 101.32 -726.59 4081.5 61.25
2.8667 -741.36 4063.5 98.642 -751.12 4072.1 100.73 -728.31 4094.2 61.081
2.875 -743.87 4074.7 98.41 -752.81 4083.9 100.1 -729.72 4106.9 60.868
2.8833 -746.13 4085.8 98.189 -754.43 4095.6 99.433 -730.83 4119.7 60.614
2.8917 -748.12 4096.9 97.989 -755.96 4107.1 98.747 -731.63 4132.6 60.325
2.9 -749.86 4107.9 97.814 -757.41 4118.4 98.047 -732.17 4145.5 60.01
2.9083 -751.37 4118.8 97.663 -758.78 4129.8 97.34 -732.47 4158.4 59.679
2.9167 -752.67 4129.7 97.534 -760.07 4141 96.634 -732.58 4171.2 59.344
2.925 -753.81 4140.5 97.422 -761.25 4152.3 95.932 -732.52 4184 59.014
2.9333 -754.8 4151.2 97.317 -762.33 4163.6 95.239 -732.34 4196.8 58.696
2.9417 -755.68 4161.8 97.214 -763.3 4174.9 94.558 -732.07 4209.4 58.394
2.95 -756.48 4172.4 97.11 -764.16 4186.3 93.89 -731.72 4222 58.109
2.9583 -757.23 4182.9 96.997 -764.89 4197.6 93.235 -731.31 4234.4 57.839
2.9667 -757.97 4193.4 96.876 -765.51 4209.1 92.591 -730.85 4246.7 57.578
2.975 -758.71 4203.9 96.749 -766.02 4220.5 91.96 -730.32 4258.9 57.318
2.9833 -759.48 4214.3 96.618 -766.43 4231.9 91.34 -729.73 4271 57.05
2.9917 -760.28 4224.8 96.486 -766.76 4243.3 90.731 -729.06 4282.9 56.764
3 -761.1 4235.2 96.358 -767.02 4254.7 90.134 -728.29 4294.8 56.448
3.0083 -761.94 4245.6 96.238 -767.22 4266.2 89.552 -727.41 4306.6 56.096
3.0167 -762.76 4256 96.13 -767.38 4277.6 88.988 -726.42 4318.3 55.701
3.025 -763.56 4266.4 96.036 -767.5 4289 88.447 -725.32 4329.9 55.26
3.0333 -764.29 4276.8 95.958 -767.59 4300.5 87.932 -724.1 4341.4 54.773
3.0417 -764.94 4287.3 95.895 -767.64 4312 87.446 -722.78 4352.9 54.244
3.05 -765.48 4297.9 95.846 -767.66 4323.6 86.993 -721.37 4364.4 53.68
3.0583 -765.89 4308.5 95.809 -767.62 4335.2 86.573 -719.9 4375.7 53.09
3.0667 -766.16 4319.2 95.781 -767.52 4346.9 86.187 -718.37 4387.1 52.487
3.075 -766.28 4330 95.759 -767.36 4358.6 85.833 -716.8 4398.4 51.882
3.0833 -766.24 4340.9 95.742 -767.11 4370.4 85.508 -715.22 4409.7 51.286
3.0917 -766.03 4352 95.729 -766.77 4382.2 85.209 -713.61 4420.9 50.713
3.1 -765.65 4363.2 95.719 -766.33 4394.1 84.935 -712 4432.2 50.169
3.1083 -765.09 4374.5 95.723 -765.79 4405.9 84.674 -710.36 4443.5 49.66
3.1167 -764.38 4386 95.739 -765.13 4417.7 84.431 -708.71 4454.7 49.191
3.125 -763.53 4397.6 95.772 -764.35 4429.6 84.202 -707.02 4466 48.758
3.1333 -762.59 4409.4 95.825 -763.45 4441.4 83.986 -705.28 4477.4 48.358
3.1417 -761.61 4421.3 95.893 -762.43 4453.2 83.785 -703.47 4488.7 47.984
3.15 -760.62 4433.3 95.975 -761.29 4465 83.595 -701.58 4500.1 47.627
3.1583 -759.66 4445.3 96.061 -760.02 4476.8 83.422 -699.6 4511.5 47.275
3.1667 -758.73 4457.4 96.145 -758.63 4488.6 83.265 -697.51 4522.9 46.919
3.175 -757.83 4469.5 96.22 -757.11 4500.5 83.125 -695.3 4534.3 46.548
3.1833 -756.94 4481.7 96.284 -755.45 4512.4 82.997 -692.98 4545.7 46.156
3.1917 -756.06 4493.9 96.332 -753.66 4524.4 82.881 -690.54 4557.2 45.738
3.2 -755.16 4506.2 96.363 -751.74 4536.4 82.769 -687.98 4568.5 45.291
3.2083 -754.23 4518.7 96.374 -749.67 4548.5 82.659 -685.3 4579.9 44.817
3.2167 -753.24 4531.3 96.364 -747.47 4560.6 82.543 -682.53 4591.3 44.318
3.225 -752.17 4544.2 96.328 -745.13 4572.8 82.413 -679.66 4602.6 43.802
3.2333 -750.98 4557.2 96.259 -742.65 4585.1 82.266 -676.7 4614 43.276
3.2417 -749.65 4570.5 96.148 -740.05 4597.4 82.097 -673.67 4625.3 42.748
3.25 -748.16 4583.9 95.986 -737.34 4609.7 81.902 -670.57 4636.7 42.227
3.2583 -746.51 4597.4 95.762 -734.53 4622 81.684 -667.41 4648.1 41.719
3.2667 -744.71 4611 95.472 -731.64 4634.3 81.442 -664.2 4659.5 41.231
3.275 -742.77 4624.5 95.112 -728.7 4646.7 81.183 -660.96 4670.9 40.764
3.2833 -740.69 4637.9 94.685 -725.73 4659 80.913 -657.67 4682.3 40.319
3.2917 -738.48 4651.2 94.199 -722.76 4671.2 80.638 -654.35 4693.7 39.892
3.3 -736.14 4664.2 93.662 -719.83 4683.4 80.367 -651.01 4705 39.481
3.3083 -733.66 4677 93.09 -716.95 4695.6 80.108 -647.64 4716.4 39.079
3.3167 -731.05 4689.5 92.493 -714.15 4707.6 79.867 -644.26 4727.7 38.68
3.325 -728.31 4701.6 91.886 -711.45 4719.6 79.649 -640.86 4739 38.279
3.3333 -725.47 4713.5 91.28 -708.87 4731.4 79.458 -637.45 4750.2 37.871
3.3417 -722.55 4725.2 90.681 -706.4 4743.1 79.293 -634.03 4761.3 37.453
3.35 -719.54 4736.6 90.092 -704.06 4754.5 79.154 -630.62 4772.4 37.026
3.3583 -716.46 4747.8 89.509 -701.83 4765.8 79.036 -627.22 4783.4 36.592
3.3667 -713.31 4759 88.928 -699.71 4776.9 78.932 -623.83 4794.4 36.156
3.375 -710.08 4770.1 88.343 -697.68 4787.7 78.836 -620.48 4805.3 35.723
3.3833 -706.78 4781.2 87.748 -695.72 4798.3 78.741 -617.16 4816.2 35.3
3.3917 -703.43 4792.2 87.14 -693.8 4808.8 78.637 -613.9 4827 34.896
3.4 -700.04 4803.3 86.515 -691.91 4819.1 78.519 -610.69 4837.9 34.516
3.4083 -696.64 4814.3 85.868 -690.02 4829.2 78.383 -607.56 4848.7 34.166
3.4167 -693.26 4825.3 85.202 -688.11 4839.2 78.226 -604.51 4859.6 33.85
3.425 -689.93 4836.2 84.518 -686.16 4849.1 78.048 -601.54 4870.5 33.57
3.4333 -686.66 4847 83.821 -684.17 4858.9 77.849 -598.66 4881.3 33.324
3.4417 -683.48 4857.7 83.117 -682.11 4868.7 77.631 -595.86 4892.2 33.11
3.45 -680.39 4868.2 82.415 -680 4878.4 77.398 -593.15 4903.1 32.924
3.4583 -677.41 4878.6 81.722 -677.82 4888.2 77.154 -590.52 4913.9 32.76
3.4667 -674.51 4888.8 81.045 -675.58 4898 76.902 -587.96 4924.7 32.612
3.475 -671.7 4898.9 80.387 -673.29 4907.8 76.644 -585.46 4935.5 32.475
3.4833 -668.94 4908.9 79.751 -670.94 4917.6 76.381 -583.02 4946.2 32.342
3.4917 -666.23 4918.8 79.135 -668.55 4927.5 76.115 -580.61 4956.8 32.207
3.5 -663.53 4928.6 78.534 -666.12 4937.4 75.844 -578.24 4967.3 32.066
3.5083 -660.84 4938.4 77.942 -663.66 4947.4 75.568 -575.89 4977.7 31.916
3.5167 -658.13 4948.2 77.348 -661.17 4957.4 75.286 -573.57 4988.1 31.752
3.525 -655.4 4957.9 76.74 -658.65 4967.4 74.996 -571.26 4998.3 31.572
3.5333 -652.64 4967.7 76.109 -656.09 4977.4 74.698 -568.96 5008.4 31.374
3.5417 -649.87 4977.5 75.442 -653.5 4987.5 74.391 -566.68 5018.5 31.157
3.55 -647.07 4987.3 74.736 -650.87 4997.6 74.077 -564.4 5028.5 30.918
3.5583 -644.27 4997.2 73.984 -648.2 5007.8 73.755 -562.15 5038.4 30.658
3.5667 -641.46 5007.1 73.189 -645.47 5018 73.429 -559.9 5048.2 30.375
3.575 -638.66 5017 72.359 -642.7 5028.2 73.098 -557.66 5058.1 30.071
3.5833 -635.87 5026.9 71.505 -639.87 5038.5 72.764 -555.42 5067.8 29.746
3.5917 -633.1 5036.9 70.644 -636.99 5048.8 72.43 -553.19 5077.6 29.403
3.6 -630.35 5046.8 69.794 -634.06 5059.1 72.094 -550.94 5087.4 29.046
3.6083 -627.62 5056.9 68.971 -631.08 5069.5 71.755 -548.68 5097.1 28.678
3.6167 -624.92 5066.9 68.187 -628.08 5079.9 71.414 -546.38 5106.8 28.305
3.625 -622.24 5077 67.452 -625.04 5090.3 71.063 -544.04 5116.6 27.932
3.6333 -619.59 5087.2 66.768 -621.99 5100.7 70.692 -541.65 5126.4 27.564
3.6417 -616.96 5097.6 66.138 -618.95 5111 70.294 -539.2 5136.1 27.204
3.65 -614.37 5108 65.541 -615.87 5121.3 69.858 -536.66 5145.9 26.855
3.6583 -611.77 5118.5 64.985 -612.76 5131.6 69.433 -534.05 5155.7 26.519
3.6667 -609.14 5129.2 64.454 -609.64 5142 69.013 -531.33 5165.6 26.192
3.675 -606.47 5139.9 63.95 -606.42 5152.4 68.609 -528.53 5175.4 25.872
3.6833 -603.75 5150.7 63.469 -603.16 5162.9 68.22 -525.62 5185.3 25.554
3.6917 -600.95 5161.5 63.012 -599.9 5173.5 67.826 -522.59 5195.2 25.233
3.7 -598.08 5172.3 62.577 -596.54 5184.1 67.445 -519.46 5205 24.898
3.7083 -595.11 5183.1 62.167 -593.25 5194.7 67.057 -516.21 5214.9 24.547
3.7167 -592.04 5194 61.782 -589.9 5205.3 66.674 -512.84 5224.8 24.172
3.725 -588.92 5204.8 61.429 -586.63 5215.8 66.251 -509.36 5234.7 23.767
3.7333 -585.63 5215.8 61.096 -583.29 5226.4 65.877 -505.74 5244.6 23.341
3.7417 -582.29 5226.8 60.806 -579.87 5237.1 65.525 -502 5254.5 22.89
3.75 -578.88 5238 60.551 -576.48 5247.7 65.183 -498.14 5264.4 22.417
3.7583 -575.4 5249.4 60.334 -573.11 5258.3 64.841 -494.15 5274.4 21.929
3.7667 -571.87 5260.9 60.155 -569.79 5268.9 64.502 -490.05 5284.4 21.434
3.775 -568.32 5272.5 60.014 -566.56 5279.3 64.103 -485.84 5294.4 20.939
3.7833 -564.71 5284.3 59.905 -563.41 5289.8 63.738 -481.51 5304.5 20.447
3.7917 -561.05 5296.3 59.848 -559.84 5300.5 63.537 -477.14 5314.6 19.981
3.8 -557.39 5308.3 59.815 -556.39 5311 63.265 -472.69 5324.8 19.534
3.8083 -553.8 5320.1 59.799 -553 5321.5 62.937 -468.2 5335 19.099
3.8167 -550.06 5331.9 59.804 -549.53 5331.9 62.636 -463.66 5345.3 18.699
3.825 -546.41 5343.5 59.803 -545.84 5342.4 62.347 -459.11 5355.5 18.316
3.8333 -542.75 5354.9 59.775 -542.09 5352.9 62.02 -454.56 5365.7 17.945
3.8417 -539.11 5366 59.708 -538.15 5363.4 61.689 -450 5375.8 17.584
3.85 -535.46 5376.9 59.579 -534 5373.8 61.346 -445.44 5385.8 17.228
3.8583 -531.81 5387.5 59.37 -529.68 5384.2 60.976 -440.87 5395.7 16.868
3.8667 -528.16 5397.8 59.072 -525.06 5394.6 60.58 -436.27 5405.4 16.502
3.875 -524.51 5407.9 58.677 -520.32 5404.7 60.085 -431.62 5414.9 16.125
3.8833 -520.86 5417.8 58.19 -515.47 5414.7 59.512 -426.89 5424.2 15.734
3.8917 -517.21 5427.5 57.623 -510.51 5424.5 58.87 -422.06 5433.3 15.329
3.9 -513.54 5437 56.995 -505.45 5434.1 58.167 -417.09 5442.2 14.91
3.9083 -509.82 5446.4 56.328 -500.31 5443.6 57.405 -411.96 5450.9 14.477
3.9167 -506.04 5455.7 55.647 -495.12 5452.9 56.591 -406.64 5459.4 14.032
3.925 -502.16 5464.7 54.976 -489.89 5462.1 55.731 -401.12 5467.8 13.576
3.9333 -498.17 5473.6 54.339 -484.63 5471 54.833 -395.39 5475.9 13.112
3.9417 -494.03 5482.3 53.752 -479.32 5479.9 53.907 -389.44 5483.9 12.637
3.95 -489.72 5490.8 53.227 -473.98 5488.5 52.961 -383.28 5491.8 12.152
3.9583 -485.27 5499 52.77 -468.59 5497.1 52.004 -376.92 5499.6 11.657
3.9667 -480.67 5506.9 52.38 -463.13 5505.4 51.042 -370.38 5507.2 11.149
3.975 -475.94 5514.6 52.049 -457.58 5513.7 50.083 -363.68 5514.7 10.628
3.9833 -471.1 5522.1 51.765 -451.94 5521.9 49.131 -356.83 5522 10.093
3.9917 -466.15 5529.3 51.509 -446.2 5529.9 48.196 -349.87 5529.3 9.5443
4 -461.12 5536.4 51.276 -440.33 5537.8 47.259 -342.8 5536.4 8.9832
4.0083 -456 5543.3 51.035 -434.34 5545.6 46.343 -335.64 5543.3 8.4119
4.0167 -450.79 5550 50.78 -428.23 5553.3 45.443 -328.41 5550.1 7.8344
4.025 -445.49 5556.5 50.497 -422 5560.8 44.559 -321.11 5556.8 7.2541
4.0333 -440.13 5563 50.185 -415.65 5568.3 43.693 -313.75 5563.4 6.6768
4.0417 -434.71 5569.3 49.844 -409.2 5575.7 42.846 -306.34 5569.9 6.1052
4.05 -429.26 5575.6 49.479 -402.64 5582.9 42.023 -298.88 5576.2 5.5441
4.0583 -423.77 5581.9 49.099 -395.98 5590.1 41.226 -291.35 5582.5 4.9967
4.0667 -418.25 5588.1 48.715 -389.23 5597.2 40.458 -283.78 5588.7 4.4641
4.075 -412.71 5594.4 48.338 -382.4 5604.2 39.725 -276.16 5594.8 3.9466
4.0833 -407.12 5600.6 47.98 -375.47 5611.2 39.013 -268.48 5600.8 3.4447
4.0917 -401.5 5606.9 47.649 -368.46 5618.1 38.344 -260.75 5606.7 2.9552
4.1 -395.81 5613.3 47.353 -361.36 5624.9 37.707 -252.97 5612.6 2.4761
4.1083 -390.05 5619.6 47.094 -354.17 5631.7 37.107 -245.14 5618.4 2.0046
4.1167 -384.2 5626.1 46.872 -346.9 5638.4 36.536 -237.27 5624.2 1.5392
4.125 -378.24 5632.5 46.682 -339.54 5645.1 35.998 -229.36 5629.8 1.0782
4.1333 -372.15 5639 46.517 -332.1 5651.6 35.488 -221.4 5635.4 0.62105
4.1417 -365.9 5645.5 46.368 -324.58 5658.1 35.008 -213.39 5641 0.16856
4.15 -359.46 5652 46.23 -316.98 5664.6 34.544 -205.35 5646.4 359.72
4.1583 -352.82 5658.5 46.093 -309.3 5670.9 34.108 -197.27 5651.8 359.29
4.1667 -345.95 5664.9 45.951 -301.54 5677.2 33.697 -189.16 5657.2 358.87
4.175 -338.84 5671.3 45.803 -293.71 5683.3 33.308 -181 5662.4 358.46
4.1833 -331.48 5677.6 45.646 -285.79 5689.4 32.948 -172.81 5667.7 358.08
4.1917 -323.89 5683.8 45.481 -277.79 5695.3 32.61 -164.59 5672.8 357.71
4.2 -316.11 5690 45.309 -269.7 5701.1 32.298 -156.33 5677.9 357.37
4.2083 -308.17 5696.1 45.129 -261.51 5706.9 32.013 -148.04 5682.9 357.03
4.2167 -300.12 5702.1 44.947 -253.22 5712.5 31.75 -139.69 5687.8 356.71
4.225 -291.97 5708.1 44.76 -244.83 5718 31.511 -131.29 5692.7 356.4
4.2333 -283.75 5714.1 44.568 -236.33 5723.4 31.29 -122.82 5697.3 356.08
4.2417 -275.48 5720.1 44.37 -227.73 5728.7 31.081 -114.27 5701.9 355.76
4.25 -267.16 5726.1 44.162 -219.02 5733.8 30.878 -105.62 5706.3 355.41
4.2583 -258.82 5732.2 43.934 -210.21 5738.8 30.672 -96.854 5710.6 355.05
4.2667 -250.44 5738.4 43.676 -201.3 5743.7 30.457 -87.955 5714.7 354.67
4.275 -242.05 5744.6 43.379 -192.29 5748.5 30.221 -78.912 5718.7 354.26
4.2833 -233.61 5750.9 43.021 -183.18 5753.1 29.965 -69.716 5722.5 353.83
4.2917 -225.14 5757.2 42.598 -173.99 5757.6 29.674 -60.367 5726.3 353.38
4.3 -216.6 5763.5 42.09 -164.72 5762.1 29.351 -50.871 5729.9 352.91
4.3083 -207.95 5769.7 41.492 -155.37 5766.4 28.993 -41.24 5733.4 352.45
4.3167 -199.2 5775.7 40.806 -145.95 5770.7 28.596 -31.494 5736.9 351.97
4.325 -190.33 5781.5 40.043 -136.48 5774.9 28.164 -21.662 5740.3 351.51
4.3333 -181.33 5787 39.209 -126.98 5779.1 27.701 -11.774 5743.6 351.05
4.3417 -172.22 5792.1 38.323 -117.47 5783.3 27.214 -1.8646 5746.8 350.6
4.35 -163.03 5796.9 37.407 -107.97 5787.4 26.706 8.0296 5750 350.16
4.3583 -153.8 5801.3 36.479 -98.517 5791.5 26.186 17.875 5753.1 349.73
4.3667 -144.55 5805.3 35.555 -89.136 5795.6 25.66 27.64 5756.1 349.29
4.375 -135.34 5809 34.65 -79.867 5799.7 25.137 37.298 5759 348.86
4.3833 -126.19 5812.4 33.773 -70.745 5803.7 24.622 46.828 5761.9 348.41
4.3917 -117.13 5815.6 32.927 -61.801 5807.7 24.116 56.215 5764.6 347.96
4.4 -108.16 5818.6 32.108 -53.061 5811.6 23.622 65.452 5767.3 347.48
4.4083 -99.286 5821.6 31.306 -44.541 5815.4 23.136 74.536 5769.9 346.99
4.4167 -90.486 5824.5 30.508 -36.246 5819.1 22.655 83.473 5772.4 346.49
4.425 -81.737 5827.5 29.698 -28.172 5822.6 22.175 92.27 5774.9 345.97
4.4333 -73.014 5830.4 28.864 -20.291 5826 21.681 100.94 5777.3 345.46
4.4417 -64.296 5833.4 27.996 -12.573 5829.3 21.164 109.5 5779.7 344.95
4.45 -55.564 5836.4 27.086 -4.9849 5832.5 20.625 117.96 5782.1 344.45
4.4583 -46.81 5839.4 26.131 2.521 5835.5 20.056 126.34 5784.4 343.98
4.4667 -38.03 5842.3 25.134 9.9892 5838.4 19.455 134.66 5786.7 343.53
4.475 -29.23 5845.2 24.101 17.46 5841.2 18.827 142.92 5789 343.12
4.4833 -20.42 5847.9 23.038 24.973 5843.9 18.159 151.14 5791.1 342.74
4.4917 -11.619 5850.5 21.958 32.552 5846.5 17.473 159.33 5793.2 342.39
4.5 -2.8465 5853 20.87 40.215 5849 16.77 167.48 5795.2 342.07
4.5083 5.8771 5855.3 19.782 47.972 5851.4 16.057 175.6 5797.1 341.76
4.5167 14.533 5857.5 18.703 55.818 5853.7 15.342 183.69 5798.8 341.46
4.525 23.108 5859.6 17.635 63.747 5856 14.628 191.74 5800.4 341.17
4.5333 31.593 5861.5 16.578 71.743 5858.2 13.92 199.75 5801.9 340.86
4.5417 39.987 5863.4 15.531 79.79 5860.3 13.22 207.7 5803.2 340.53
4.55 48.294 5865.2 14.488 87.872 5862.3 12.526 215.59 5804.5 340.18
4.5583 56.525 5867 13.444 95.977 5864.3 11.835 223.42 5805.6 339.8
4.5667 64.698 5868.8 12.392 104.1 5866.2 11.141 231.18 5806.7 339.4
4.575 72.831 5870.6 11.325 112.21 5868 10.429 238.89 5807.8 338.97
4.5833 80.948 5872.4 10.244 120.22 5869.7 9.6542 246.54 5808.7 338.51
4.5917 89.078 5874.2 9.1301 128.14 5871.3 8.8172 254.17 5809.7 338.05
4.6 97.23 5876.1 8.0041 136.21 5872.9 7.987 261.77 5810.6 337.58
4.6083 105.43 5878 6.8478 144.42 5874.3 7.1479 269.38 5811.5 337.1
4.6167 113.68 5880 5.6983 152.91 5875.6 6.3666 277.02 5812.3 336.64
4.625 121.99 5881.9 4.5292 161.65 5876.9 5.6353 284.7 5813 336.2
4.6333 130.32 5883.9 3.3905 170.33 5878.2 4.8203 292.47 5813.6 335.77
4.6417 138.75 5885.8 2.1968 179.33 5879.5 4.1277 300.24 5814.2 335.34
4.65 147.16 5887.7 1.0901 188.48 5880.7 3.4299 308.12 5814.7 334.93
4.6583 155.62 5889.6 0.0068377 197.67 5881.9 2.7261 316.08 5815 334.53
4.6667 164.09 5891.4 358.97 206.94 5883.1 2.0321 324.11 5815.3 334.13
4.675 172.59 5893.2 357.97 216.25 5884.2 1.3474 332.18 5815.5 333.73
4.6833 181.12 5894.9 357.02 225.61 5885.3 0.67196 340.29 5815.7 333.32
4.6917 189.7 5896.6 356.12 235.01 5886.4 0.0023783 348.42 5815.8 332.89
4.7 198.41 5898.3 355.23 244.4 5887.4 359.34 356.57 5815.9 332.45
4.7083 207.14 5899.9 354.43 253.76 5888.4 358.62 364.72 5815.9 331.99
4.7167 215.75 5901.5 353.66 262.96 5889.5 357.82 372.87 5815.9 331.47
4.725 224.53 5903.1 352.96 272.49 5890.4 357.14 381.01 5816 330.98
4.7333 233.84 5904.7 352.19 281.83 5891.4 356.4 389.15 5816 330.44
4.7417 243.13 5906.3 351.53 291.43 5892.2 355.73 397.3 5816.1 329.92
4.75 252.4 5907.7 350.89 300.8 5893.2 354.99 405.54 5816 329.37
4.7583 262.36 5909.2 350.22 310.19 5894.1 354.28 413.81 5815.9 328.82
4.7667 271.96 5910.5 349.7 319.61 5895 353.5 422.18 5815.6 328.26
4.775 281.65 5911.8 349.19 328.9 5895.9 352.73 430.64 5815.3 327.69
4.7833 291.84 5913.1 348.72 338.21 5896.9 352.06 439.16 5814.8 327.12
4.7917 301.78 5914.2 348.31 347.48 5897.8 351.3 447.76 5814.2 326.53
4.8 311.81 5915.3 347.92 356.63 5898.8 350.59 456.41 5813.5 325.93
4.8083 321.68 5916.3 347.59 365.81 5899.7 349.91 465.12 5812.7 325.33
4.8167 331.73 5917.3 347.25 374.96 5900.6 349.27 473.78 5811.8 324.7
4.825 341.54 5918.2 346.92 384.04 5901.4 348.66 482.44 5810.8 324.08
4.8333 351.41 5919.1 346.53 393.03 5902.3 348.06 490.98 5809.8 323.43
4.8417 360.94 5919.9 346.12 402.35 5902.8 347.61 499.48 5808.9 322.8
4.85 370.34 5920.6 345.66 411.51 5903.3 347.03 507.89 5807.9 322.14
4.8583 379.57 5921.1 345.12 420.7 5903.7 346.43 516.2 5806.9 321.49
4.8667 388.71 5921.5 344.54 429.89 5903.9 345.72 524.43 5805.9 320.84
4.875 397.54 5921.8 343.86 439.02 5904 344.98 532.62 5804.9 320.21
4.8833 406.32 5922.1 343.06 448.38 5904 344.33 540.73 5803.9 319.6
4.8917 414.97 5922.1 342.3 457.47 5903.7 343.41 548.92 5802.7 319.01
4.9 423.61 5922.2 341.41 466.78 5903.3 342.58 557.04 5801.5 318.46
4.9083 432.07 5922.2 340.46 476.06 5902.6 341.73 565.23 5800.1 317.94
4.9167 440.53 5922 339.54 485.37 5901.7 340.87 573.5 5798.4 317.46
4.925 449.04 5921.8 338.65 494.69 5900.6 340 581.8 5796.6 317
4.9333 457.54 5921.4 337.79 504.02 5899.3 339.18 590.16 5794.4 316.56
4.9417 466.05 5920.9 336.99 512.91 5897.7 338.22 598.54 5792 316.15
4.95 474.53 5920.3 336.25 521.45 5896.1 337.17 606.93 5789.4 315.76
4.9583 482.96 5919.4 335.59 529.8 5894.3 336.1 615.29 5786.5 315.38
4.9667 491.29 5918.4 335.01 537.99 5892.5 335.03 623.58 5783.4 315.01
4.975 499.48 5917.1 334.49 546.06 5890.5 333.96 631.78 5780.1 314.65
4.9833 507.5 5915.6 334.03 554.03 5888.3 332.89 639.86 5776.6 314.29
4.9917 515.31 5913.8 333.61 561.94 5886 331.84 647.8 5772.9 313.93
5 522.92 5911.8 333.2 569.81 5883.5 330.8 655.59 5769.2 313.56
5.0083 530.32 5909.7 332.79 577.65 5880.8 329.78 663.23 5765.3 313.18
5.0167 537.52 5907.4 332.37 585.5 5877.9 328.76 670.73 5761.3 312.8
5.025 544.56 5905 331.93 593.36 5874.8 327.77 678.1 5757.2 312.41
5.0333 551.44 5902.5 331.45 601.23 5871.4 326.8 685.36 5753 312.01
5.0417 558.22 5899.9 330.96 609.11 5867.9 325.85 692.54 5748.7 311.59
5.05 564.91 5897.3 330.44 617 5864.1 324.9 699.65 5744.3 311.17
5.0583 571.53 5894.6 329.9 624.88 5860.2 324 706.7 5739.9 310.74
5.0667 578.1 5891.8 329.36 632.73 5856.1 323.14 713.71 5735.3 310.3
5.075 584.64 5889 328.83 640.57 5851.8 322.29 720.69 5730.6 309.86
5.0833 591.16 5886.1 328.31 648.38 5847.4 321.49 727.63 5725.8 309.42
5.0917 597.66 5883.1 327.81 656.14 5842.9 320.73 734.54 5721 309
5.1 604.15 5880.1 327.33 663.87 5838.2 320.01 741.4 5716 308.58
5.1083 610.63 5877 326.87 671.56 5833.5 319.33 748.22 5711 308.18
5.1167 617.1 5873.8 326.42 679.21 5828.6 318.69 755 5705.9 307.81
5.125 623.58 5870.5 325.97 686.85 5823.7 318.08 761.71 5700.8 307.46
5.1333 630.07 5867.2 325.53 694.46 5818.6 317.49 768.38 5695.6 307.13
5.1417 636.56 5863.8 325.08 702.06 5813.5 316.93 774.99 5690.3 306.82
5.15 643.08 5860.4 324.61 709.65 5808.2 316.39 781.55 5685 306.52
5.1583 649.62 5856.8 324.14 717.24 5802.8 315.86 788.06 5679.6 306.24
5.1667 656.18 5853.1 323.67 724.83 5797.3 315.33 794.52 5674.1 305.97
5.175 662.77 5849.3 323.2 732.42 5791.7 314.81 800.92 5668.5 305.69
5.1833 669.4 5845.3 322.75 740.01 5786 314.3 807.26 5662.9 305.41
5.1917 676.04 5841.1 322.33 747.59 5780.2 313.78 813.54 5657.1 305.12
5.2 682.71 5836.8 321.97 755.17 5774.3 313.28 819.74 5651.3 304.81
5.2083 689.4 5832.2 321.67 762.73 5768.2 312.77 825.86 5645.4 304.48
5.2167 696.1 5827.3 321.44 770.28 5762.1 312.27 831.89 5639.5 304.14
5.225 702.81 5822.2 321.29 777.81 5755.9 311.79 837.82 5633.5 303.78
5.2333 709.53 5816.9 321.2 785.32 5749.6 311.31 843.65 5627.5 303.42
5.2417 716.27 5811.4 321.18 792.8 5743.1 310.85 849.4 5621.4 303.06
5.25 723.03 5805.6 321.21 800.26 5736.6 310.4 855.07 5615.4 302.7
5.2583 729.83 5799.6 321.28 807.71 5729.9 309.97 860.68 5609.2 302.35
5.2667 736.69 5793.5 321.37 815.11 5723.1 309.55 866.26 5603.1 302.02
5.275 743.62 5787.2 321.45 822.5 5716.1 309.15 871.83 5596.8 301.71
5.2833 750.63 5780.7 321.53 829.86 5708.9 308.77 877.44 5590.5 301.43
5.2917 757.75 5774 321.58 837.2 5701.5 308.4 883.1 5584.1 301.17
5.3 764.98 5767.2 321.61 844.53 5693.9 308.05 888.85 5577.5 300.93
5.3083 772.34 5760.1 321.6 851.84 5686.1 307.72 894.69 5570.8 300.72
5.3167 779.83 5752.8 321.57 859.13 5678.1 307.39 900.65 5563.9 300.52
5.325 787.44 5745.3 321.52 866.41 5669.8 307.09 906.73 5556.8 300.35
5.3333 795.15 5737.5 321.45 873.66 5661.4 306.8 912.91 5549.5 300.18
5.3417 802.94 5729.5 321.36 880.9 5652.7 306.54 919.19 5542.1 300.03
5.35 810.79 5721.2 321.28 888.1 5643.9 306.3 925.53 5534.4 299.88
5.3583 818.66 5712.7 321.19 895.26 5634.9 306.1 931.93 5526.6 299.74
5.3667 826.51 5703.9 321.11 902.4 5625.9 305.93 938.35 5518.7 299.6
5.375 834.32 5695 321.03 909.48 5616.9 305.8 944.76 5510.8 299.46
5.3833 842.05 5685.8 320.96 916.51 5607.8 305.73 951.14 5502.8 299.33
5.3917 849.66 5676.6 320.9 923.48 5598.8 305.71 957.49 5494.8 299.2
5.4 857.12 5667.3 320.84 930.39 5589.8 305.74 963.78 5486.9 299.07
5.4083 864.42 5658.1 320.79 937.24 5581 305.84 970.01 5479.2 298.96
5.4167 871.55 5648.8 320.72 944.02 5572.4 306 976.2 5471.5 298.85
5.425 878.52 5639.7 320.65 950.73 5563.9 306.22 982.34 5464 298.74
