0.0083333 -0.77337 3.0559 97.174 -19.534 106.04 85.675 6.1584 115.8 81.749
0.016667 0.59785 12.111 97.33 -18.194 115.76 85.503 7.7482 124.34 81.828
0.025 2.005 21.544 97.499 -16.765 125.61 85.314 9.3746 132.92 81.904
0.033333 3.4343 31.351 97.677 -15.248 135.56 85.11 11.038 141.53 81.975
0.041667 4.8708 41.512 97.859 -13.65 145.6 84.894 12.738 150.17 82.041
0.05 6.2991 51.995 98.038 -11.978 155.73 84.674 14.471 158.85 82.099
0.058333 7.7061 62.76 98.209 -10.247 165.93 84.454 16.235 167.57 82.15
0.066667 9.0842 73.76 98.365 -8.4705 176.19 84.243 18.026 176.35 82.191
0.075 10.428 84.94 98.502 -6.6749 186.51 84.039 19.837 185.18 82.222
0.083333 11.744 96.252 98.613 -4.8773 196.88 83.854 21.666 194.09 82.24
0.091667 13.045 107.65 98.694 -3.1008 207.29 83.693 23.505 203.07 82.244
0.1 14.343 119.07 98.743 -1.3762 217.74 83.552 25.349 212.15 82.229
0.10833 15.666 130.48 98.758 0.27904 228.2 83.441 27.192 221.32 82.192
0.11667 17.033 141.83 98.741 1.8408 238.68 83.362 29.023 230.58 82.131
0.125 18.466 153.1 98.694 3.2903 249.13 83.318 30.832 239.94 82.043
0.13333 19.979 164.26 98.621 4.6113 259.55 83.311 32.605 249.39 81.929
0.14167 21.578 175.3 98.526 5.794 269.89 83.346 34.324 258.92 81.791
0.15 23.258 186.19 98.412 6.8326 280.13 83.425 35.971 268.53 81.632
0.15833 25.002 196.96 98.283 7.7263 290.25 83.552 37.522 278.19 81.461
0.16667 26.784 207.59 98.142 8.4799 300.21 83.729 38.952 287.91 81.286
0.175 28.573 218.1 97.99 9.1025 310.01 83.96 40.237 297.66 81.119
0.18333 30.334 228.5 97.828 9.6059 319.62 84.242 41.354 307.45 80.972
0.19167 32.033 238.83 97.656 10.006 329.06 84.576 42.282 317.25 80.857
0.2 33.635 249.07 97.473 10.317 338.34 84.958 43.002 327.07 80.786
0.20833 35.108 259.26 97.281 10.554 347.46 85.382 43.504 336.9 80.77
0.21667 36.427 269.39 97.08 10.729 356.46 85.842 43.783 346.74 80.814
0.225 37.576 279.47 96.875 10.852 365.37 86.331 43.84 356.6 80.924
0.23333 38.549 289.49 96.666 10.926 374.22 86.84 43.684 366.48 81.099
0.24167 39.355 299.46 96.459 10.952 383.05 87.362 43.327 376.39 81.338
0.25 40.011 309.39 96.256 10.927 391.87 87.888 42.787 386.32 81.632
0.25833 40.543 319.26 96.063 10.842 400.72 88.414 42.085 396.29 81.975
0.26667 40.975 329.08 95.882 10.688 409.61 88.935 41.242 406.29 82.354
0.275 41.332 338.86 95.719 10.454 418.54 89.446 40.275 416.32 82.758
0.28333 41.635 348.59 95.575 10.132 427.51 89.948 39.203 426.39 83.175
0.29167 41.895 358.28 95.451 9.7138 436.54 90.439 38.036 436.47 83.596
0.3 42.12 367.92 95.349 9.1944 445.59 90.919 36.785 446.56 84.012
0.30833 42.306 377.51 95.265 8.5736 454.68 91.391 35.451 456.65 84.418
0.31667 42.447 387.07 95.197 7.8547 463.78 91.854 34.036 466.74 84.812
0.325 42.532 396.59 95.142 7.0451 472.9 92.309 32.537 476.79 85.194
0.33333 42.552 406.09 95.096 6.1552 482.03 92.755 30.95 486.82 85.566
0.34167 42.494 415.55 95.052 5.1974 491.18 93.192 29.272 496.81 85.933
0.35 42.355 424.99 95.009 4.1837 500.36 93.617 27.501 506.75 86.298
0.35833 42.136 434.41 94.963 3.1258 509.58 94.028 25.637 516.64 86.668
0.36667 41.843 443.81 94.91 2.0333 518.86 94.422 23.685 526.48 87.046
0.375 41.487 453.19 94.849 0.91126 528.22 94.795 21.65 536.29 87.434
0.38333 41.086 462.55 94.78 -0.23682 537.68 95.144 19.542 546.07 87.834
0.39167 40.654 471.9 94.702 -1.4109 547.23 95.467 17.374 555.82 88.246
0.4 40.208 481.23 94.617 -2.6135 556.9 95.763 15.157 565.56 88.666
0.40833 39.756 490.56 94.526 -3.849 566.68 96.031 12.906 575.31 89.091
0.41667 39.3 499.89 94.433 -5.1225 576.58 96.272 10.634 585.08 89.516
0.425 38.836 509.23 94.341 -6.4396 586.58 96.488 8.3499 594.87 89.935
0.43333 38.344 518.59 94.254 -7.8057 596.68 96.682 6.0645 604.7 90.343
0.44167 37.812 527.98 94.179 -9.2253 606.86 96.856 3.7836 614.58 90.735
0.45 37.209 537.43 94.119 -10.702 617.1 97.015 1.5108 624.5 91.105
0.45833 36.516 546.93 94.081 -12.237 627.4 97.16 -0.75299 634.48 91.451
0.46667 35.705 556.53 94.066 -13.831 637.74 97.294 -3.0092 644.51 91.772
0.475 34.763 566.22 94.075 -15.483 648.12 97.418 -5.2613 654.59 92.067
0.48333 33.684 576.04 94.105 -17.192 658.52 97.533 -7.5146 664.71 92.337
0.49167 32.467 586.01 94.151 -18.954 668.96 97.64 -9.7752 674.88 92.584
0.5 31.124 596.13 94.205 -20.768 679.45 97.741 -12.051 685.08 92.811
0.50833 29.686 606.43 94.258 -22.634 689.98 97.837 -14.349 695.32 93.023
0.51667 28.172 616.9 94.304 -24.552 700.57 97.931 -16.68 705.59 93.224
0.525 26.604 627.54 94.334 -26.527 711.25 98.027 -19.052 715.89 93.415
0.53333 24.997 638.34 94.346 -28.566 722.02 98.129 -21.474 726.22 93.601
0.54167 23.351 649.3 94.338 -30.677 732.89 98.241 -23.955 736.59 93.783
0.55 21.66 660.4 94.308 -32.873 743.88 98.369 -26.504 747.01 93.961
0.55833 19.911 671.64 94.258 -35.169 755 98.515 -29.128 757.48 94.135
0.56667 18.088 683.06 94.188 -37.581 766.24 98.682 -31.835 768.01 94.301
0.575 16.174 694.66 94.099 -40.126 777.62 98.872 -34.629 778.62 94.456
0.58333 14.153 706.48 93.994 -42.815 789.12 99.086 -37.513 789.32 94.594
0.59167 12.017 718.57 93.875 -45.661 800.74 99.317 -40.489 800.1 94.711
0.6 9.7593 730.97 93.748 -48.671 812.49 99.563 -43.557 810.98 94.801
0.60833 7.382 743.69 93.618 -51.846 824.34 99.816 -46.716 821.95 94.859
0.61667 4.8923 756.76 93.497 -55.179 836.29 100.07 -49.963 833.02 94.884
0.625 2.3011 770.16 93.395 -58.658 848.34 100.31 -53.294 844.18 94.873
0.63333 -0.37841 783.85 93.327 -62.264 860.47 100.54 -56.706 855.41 94.828
0.64167 -3.1307 797.81 93.306 -65.972 872.69 100.75 -60.196 866.72 94.755
0.65 -5.946 811.94 93.344 -69.751 884.96 100.94 -63.761 878.08 94.661
0.65833 -8.8155 826.19 93.452 -73.565 897.3 101.09 -67.396 889.48 94.555
0.66667 -11.732 840.46 93.636 -77.379 909.68 101.22 -71.099 900.92 94.45
0.675 -14.694 854.68 93.898 -81.158 922.09 101.33 -74.867 912.37 94.357
0.68333 -17.698 868.77 94.236 -84.866 934.51 101.41 -78.694 923.84 94.29
0.69167 -20.747 882.65 94.641 -88.472 946.94 101.47 -82.575 935.33 94.259
0.7 -23.836 896.29 95.106 -91.952 959.34 101.52 -86.498 946.82 94.274
0.70833 -26.959 909.64 95.616 -95.288 971.69 101.57 -90.454 958.33 94.343
0.71667 -30.111 922.68 96.158 -98.468 983.98 101.6 -94.426 969.85 94.466
0.725 -33.286 935.42 96.719 -101.49 996.17 101.64 -98.395 981.41 94.644
0.73333 -36.484 947.88 97.293 -104.36 1008.2 101.67 -102.34 993 94.873
0.74167 -39.708 960.12 97.873 -107.08 1020.2 101.69 -106.24 1004.6 95.143
0.75 -42.96 972.17 98.458 -109.68 1032 101.71 -110.07 1016.3 95.444
0.75833 -46.24 984.1 99.047 -112.18 1043.6 101.71 -113.81 1028.1 95.763
0.76667 -49.545 995.94 99.634 -114.59 1055.1 101.69 -117.44 1039.9 96.087
0.775 -52.86 1007.7 100.22 -116.94 1066.5 101.64 -120.94 1051.8 96.4
0.78333 -56.172 1019.5 100.8 -119.25 1077.7 101.57 -124.3 1063.7 96.693
0.79167 -59.464 1031.3 101.37 -121.53 1088.8 101.48 -127.51 1075.7 96.953
0.8 -62.719 1043 101.93 -123.8 1099.8 101.35 -130.57 1087.8 97.174
0.80833 -65.92 1054.8 102.48 -126.07 1110.7 101.21 -133.49 1099.9 97.35
0.81667 -69.057 1066.5 103.03 -128.35 1121.6 101.05 -136.27 1112.1 97.481
0.825 -72.126 1078.1 103.56 -130.64 1132.5 100.87 -138.93 1124.3 97.567
0.83333 -75.125 1089.8 104.09 -132.95 1143.3 100.7 -141.49 1136.6 97.612
0.84167 -78.059 1101.4 104.62 -135.26 1154.2 100.53 -143.95 1148.9 97.62
0.85 -80.94 1112.9 105.14 -137.59 1165 100.37 -146.34 1161.2 97.598
0.85833 -83.778 1124.4 105.67 -139.92 1176 100.23 -148.66 1173.6 97.552
0.86667 -86.585 1135.8 106.2 -142.25 1186.9 100.1 -150.94 1186 97.488
0.875 -89.373 1147.2 106.73 -144.58 1198 100 -153.17 1198.5 97.412
0.88333 -92.149 1158.5 107.28 -146.92 1209.1 99.925 -155.36 1210.9 97.328
0.89167 -94.917 1169.8 107.85 -149.25 1220.2 99.871 -157.52 1223.4 97.238
0.9 -97.678 1181.1 108.42 -151.58 1231.5 99.839 -159.64 1235.9 97.143
0.90833 -100.43 1192.4 109.01 -153.93 1242.8 99.828 -161.73 1248.3 97.042
0.91667 -103.16 1203.6 109.61 -156.28 1254.2 99.836 -163.78 1260.8 96.934
0.925 -105.86 1214.9 110.22 -158.66 1265.8 99.864 -165.79 1273.3 96.815
0.93333 -108.52 1226.1 110.84 -161.05 1277.4 99.909 -167.76 1285.7 96.682
0.94167 -111.14 1237.4 111.45 -163.48 1289.1 99.974 -169.7 1298.2 96.531
0.95 -113.69 1248.6 112.07 -165.94 1300.9 100.06 -171.61 1310.7 96.361
0.95833 -116.18 1259.9 112.67 -168.44 1312.8 100.17 -173.5 1323.1 96.169
0.96667 -118.59 1271.3 113.25 -170.97 1324.8 100.3 -175.38 1335.6 95.957
0.975 -120.93 1282.7 113.8 -173.54 1336.9 100.45 -177.25 1348 95.727
0.98333 -123.19 1294.2 114.32 -176.15 1349.2 100.63 -179.12 1360.5 95.485
0.99167 -125.4 1305.9 114.8 -178.77 1361.5 100.84 -181 1373.1 95.237
1 -127.57 1317.7 115.23 -181.43 1373.9 101.07 -182.89 1385.6 94.989
1.0083 -129.7 1329.7 115.61 -184.09 1386.3 101.31 -184.8 1398.2 94.751
1.0167 -131.83 1341.8 115.95 -186.77 1398.9 101.58 -186.72 1410.8 94.528
1.025 -133.98 1354.2 116.24 -189.46 1411.6 101.86 -188.65 1423.4 94.327
1.0333 -136.16 1366.7 116.51 -192.14 1424.3 102.16 -190.58 1436.1 94.15
1.0417 -138.41 1379.4 116.75 -194.83 1437.1 102.44 -192.5 1448.9 93.999
1.05 -140.74 1392.2 116.98 -197.5 1450.1 102.75 -194.39 1461.7 93.871
1.0583 -143.18 1405.2 117.2 -200.17 1463.2 103.03 -196.26 1474.5 93.762
1.0667 -145.72 1418.3 117.42 -202.83 1476.3 103.31 -198.08 1487.5 93.664
1.075 -148.37 1431.4 117.65 -205.49 1489.7 103.57 -199.86 1500.5 93.569
1.0833 -151.11 1444.5 117.87 -208.13 1503.2 103.81 -201.6 1513.5 93.47
1.0917 -153.92 1457.6 118.08 -210.75 1516.8 104.02 -203.28 1526.7 93.361
1.1 -156.8 1470.7 118.29 -213.36 1530.7 104.2 -204.93 1539.9 93.236
1.1083 -159.74 1484 118.48 -215.93 1544.7 104.34 -206.56 1553.2 93.094
1.1167 -162.75 1497.3 118.67 -218.47 1558.9 104.45 -208.17 1566.7 92.938
1.125 -165.84 1510.8 118.85 -220.97 1573.3 104.52 -209.78 1580.2 92.772
1.1333 -169.01 1524.4 119.01 -223.42 1587.8 104.55 -211.41 1593.8 92.606
1.1417 -172.3 1538.4 119.16 -225.81 1602.5 104.54 -213.06 1607.5 92.449
1.15 -175.71 1552.6 119.29 -228.14 1617.3 104.5 -214.76 1621.3 92.312
1.1583 -179.26 1567 119.39 -230.42 1632.1 104.43 -216.5 1635.3 92.204
1.1667 -182.95 1581.7 119.45 -232.65 1647.1 104.33 -218.29 1649.3 92.13
1.175 -186.77 1596.7 119.47 -234.84 1662.1 104.22 -220.13 1663.4 92.096
1.1833 -190.71 1611.7 119.42 -237.02 1677 104.11 -222.01 1677.6 92.097
1.1917 -194.75 1626.8 119.32 -239.2 1692 103.99 -223.94 1692 92.127
1.2 -198.82 1641.9 119.15 -241.4 1706.8 103.89 -225.89 1706.4 92.177
1.2083 -202.89 1656.9 118.92 -243.67 1721.5 103.8 -227.87 1720.9 92.231
1.2167 -206.9 1671.8 118.63 -246.01 1736.1 103.73 -229.88 1735.5 92.277
1.225 -210.8 1686.6 118.31 -248.46 1750.5 103.7 -231.93 1750.1 92.3
1.2333 -214.54 1701.2 117.94 -251.03 1764.6 103.7 -234.03 1764.8 92.29
1.2417 -218.13 1715.6 117.55 -253.74 1778.6 103.74 -236.19 1779.6 92.243
1.25 -221.56 1729.8 117.13 -256.58 1792.3 103.83 -238.45 1794.3 92.158
1.2583 -224.85 1743.9 116.7 -259.55 1805.8 103.95 -240.82 1808.9 92.042
1.2667 -228.03 1757.8 116.26 -262.65 1819 104.12 -243.35 1823.6 91.906
1.275 -231.1 1771.7 115.81 -265.86 1832 104.31 -246.06 1838.1 91.766
1.2833 -234.07 1785.4 115.35 -269.16 1844.8 104.54 -248.99 1852.5 91.639
1.2917 -236.97 1799.1 114.89 -272.52 1857.4 104.8 -252.14 1866.8 91.542
1.3 -239.79 1812.7 114.42 -275.94 1869.8 105.07 -255.53 1881 91.49
1.3083 -242.58 1826.3 113.95 -279.38 1882.1 105.36 -259.18 1895.1 91.495
1.3167 -245.36 1839.9 113.48 -282.84 1894.2 105.65 -263.06 1909 91.561
1.325 -248.16 1853.3 113.01 -286.31 1906.2 105.94 -267.17 1922.9 91.691
1.3333 -251.01 1866.7 112.57 -289.77 1918.2 106.23 -271.47 1936.6 91.879
1.3417 -253.92 1879.9 112.14 -293.24 1930.2 106.5 -275.96 1950.3 92.115
1.35 -256.92 1893 111.73 -296.72 1942.1 106.77 -280.58 1963.9 92.385
1.3583 -260.01 1906 111.35 -300.21 1954.1 107.03 -285.31 1977.5 92.673
1.3667 -263.19 1918.8 111.01 -303.73 1966 107.27 -290.11 1991 92.964
1.375 -266.47 1931.5 110.69 -307.3 1978 107.5 -294.97 2004.5 93.245
1.3833 -269.82 1944.1 110.4 -310.92 1990.1 107.72 -299.87 2017.9 93.504
1.3917 -273.24 1956.6 110.12 -314.6 2002.2 107.93 -304.79 2031.3 93.737
1.4 -276.72 1969 109.86 -318.34 2014.4 108.12 -309.73 2044.6 93.941
1.4083 -280.22 1981.4 109.61 -322.16 2026.6 108.31 -314.69 2057.8 94.121
1.4167 -283.75 1993.8 109.35 -326.04 2038.9 108.49 -319.67 2071 94.281
1.425 -287.3 2006.2 109.07 -330 2051.2 108.66 -324.67 2084 94.432
1.4333 -290.86 2018.6 108.78 -334.01 2063.6 108.82 -329.71 2096.9 94.581
1.4417 -294.45 2031 108.45 -338.07 2076 108.97 -334.77 2109.8 94.734
1.45 -298.08 2043.4 108.09 -342.19 2088.4 109.11 -339.86 2122.5 94.899
1.4583 -301.75 2055.9 107.7 -346.34 2101 109.23 -344.96 2135.2 95.077
1.4667 -305.5 2068.3 107.29 -350.53 2113.5 109.35 -350.07 2147.9 95.265
1.475 -309.32 2080.8 106.86 -354.75 2126.2 109.45 -355.17 2160.6 95.46
1.4833 -313.22 2093.3 106.42 -359.01 2138.8 109.54 -360.25 2173.2 95.654
1.4917 -317.21 2105.9 105.99 -363.3 2151.6 109.62 -365.28 2186 95.838
1.5 -321.27 2118.5 105.59 -367.62 2164.4 109.68 -370.27 2198.7 96.004
1.5083 -325.4 2131.2 105.22 -371.98 2177.2 109.74 -375.2 2211.6 96.144
1.5167 -329.59 2143.9 104.91 -376.4 2190.1 109.79 -380.08 2224.5 96.252
1.525 -333.84 2156.7 104.65 -380.86 2203.1 109.84 -384.9 2237.4 96.327
1.5333 -338.13 2169.6 104.45 -385.37 2216.2 109.87 -389.69 2250.5 96.371
1.5417 -342.47 2182.6 104.3 -389.95 2229.3 109.91 -394.46 2263.5 96.389
1.55 -346.87 2195.8 104.19 -394.6 2242.6 109.93 -399.23 2276.6 96.388
1.5583 -351.35 2209.2 104.11 -399.32 2255.8 109.95 -404.04 2289.7 96.378
1.5667 -355.92 2222.8 104.04 -404.11 2269.2 109.97 -408.89 2302.9 96.367
1.575 -360.6 2236.5 103.98 -408.97 2282.6 109.98 -413.81 2316 96.365
1.5833 -365.4 2250.4 103.93 -413.92 2296 109.99 -418.83 2329.2 96.376
1.5917 -370.34 2264.4 103.87 -418.95 2309.6 110 -423.94 2342.4 96.404
1.6 -375.43 2278.5 103.81 -424.08 2323.1 110.02 -429.17 2355.7 96.448
1.6083 -380.66 2292.8 103.74 -429.31 2336.7 110.03 -434.49 2369.1 96.502
1.6167 -386.05 2307.2 103.67 -434.64 2350.4 110.06 -439.92 2382.5 96.56
1.625 -391.59 2321.7 103.58 -440.09 2364.1 110.1 -445.45 2396.1 96.612
1.6333 -397.27 2336.3 103.48 -445.66 2377.8 110.16 -451.05 2409.9 96.649
1.6417 -403.08 2351.2 103.39 -451.35 2391.6 110.25 -456.73 2423.7 96.661
1.65 -409 2366.2 103.3 -457.18 2405.5 110.35 -462.46 2437.7 96.64
1.6583 -415.02 2381.4 103.23 -463.13 2419.4 110.48 -468.25 2451.8 96.582
1.6667 -421.1 2396.7 103.19 -469.2 2433.3 110.63 -474.07 2466 96.487
1.675 -427.23 2412.2 103.2 -475.37 2447.3 110.81 -479.93 2480.3 96.358
1.6833 -433.37 2427.7 103.26 -481.63 2461.4 111 -485.82 2494.5 96.202
1.6917 -439.51 2443.2 103.39 -487.93 2475.5 111.2 -491.73 2508.8 96.028
1.7 -445.62 2458.7 103.59 -494.25 2489.7 111.41 -497.66 2523 95.85
1.7083 -451.68 2474 103.87 -500.54 2503.9 111.61 -503.6 2537.1 95.68
1.7167 -457.68 2489.1 104.21 -506.77 2518.1 111.81 -509.55 2551.2 95.529
1.725 -463.61 2504 104.6 -512.89 2532.4 111.98 -515.48 2565.2 95.409
1.7333 -469.44 2518.6 105.02 -518.87 2546.7 112.12 -521.4 2579.1 95.326
1.7417 -475.18 2532.8 105.46 -524.67 2560.9 112.23 -527.28 2593 95.285
1.75 -480.82 2546.8 105.9 -530.26 2575.1 112.3 -533.11 2606.9 95.284
1.7583 -486.37 2560.5 106.31 -535.64 2589.2 112.32 -538.85 2620.7 95.318
1.7667 -491.85 2574 106.71 -540.78 2603.1 112.31 -544.51 2634.6 95.381
1.775 -497.3 2587.3 107.09 -545.7 2616.9 112.25 -550.04 2648.5 95.46
1.7833 -502.72 2600.4 107.45 -550.41 2630.6 112.15 -555.45 2662.4 95.544
1.7917 -508.14 2613.5 107.81 -554.92 2644 112.01 -560.71 2676.4 95.619
1.8 -513.55 2626.4 108.16 -559.26 2657.3 111.84 -565.8 2690.5 95.675
1.8083 -518.93 2639.3 108.51 -563.45 2670.3 111.65 -570.73 2704.6 95.701
1.8167 -524.26 2652.2 108.87 -567.54 2683.2 111.44 -575.49 2718.7 95.691
1.825 -529.51 2665.1 109.24 -571.53 2695.9 111.22 -580.08 2732.8 95.642
1.8333 -534.65 2677.9 109.62 -575.47 2708.5 110.99 -584.5 2746.9 95.555
1.8417 -539.65 2690.8 110.01 -579.36 2721 110.76 -588.77 2761 95.432
1.85 -544.51 2703.7 110.41 -583.22 2733.4 110.53 -592.88 2775.1 95.28
1.8583 -549.2 2716.5 110.82 -587.06 2745.7 110.3 -596.85 2789.1 95.105
1.8667 -553.75 2729.4 111.23 -590.89 2758.1 110.08 -600.7 2803 94.915
1.875 -558.16 2742.2 111.65 -594.7 2770.5 109.87 -604.44 2816.9 94.717
1.8833 -562.47 2755.1 112.07 -598.51 2782.9 109.67 -608.08 2830.7 94.517
1.8917 -566.7 2767.9 112.49 -602.31 2795.4 109.48 -611.64 2844.4 94.32
1.9 -570.88 2780.7 112.91 -606.1 2808 109.29 -615.13 2858.1 94.128
1.9083 -575.03 2793.5 113.34 -609.88 2820.6 109.12 -618.56 2871.7 93.939
1.9167 -579.18 2806.2 113.77 -613.67 2833.4 108.95 -621.93 2885.2 93.753
1.925 -583.34 2818.9 114.2 -617.45 2846.3 108.79 -625.27 2898.6 93.566
1.9333 -587.5 2831.4 114.63 -621.25 2859.2 108.65 -628.57 2912 93.373
1.9417 -591.67 2844 115.06 -625.06 2872.2 108.51 -631.84 2925.3 93.173
1.95 -595.83 2856.5 115.48 -628.9 2885.3 108.38 -635.07 2938.5 92.96
1.9583 -599.96 2869 115.9 -632.76 2898.5 108.26 -638.28 2951.7 92.734
1.9667 -604.05 2881.5 116.31 -636.64 2911.7 108.15 -641.45 2964.8 92.494
1.975 -608.08 2894.1 116.71 -640.55 2925 108.05 -644.6 2977.9 92.243
1.9833 -612.05 2906.8 117.09 -644.48 2938.5 107.96 -647.72 2991 91.985
1.9917 -615.94 2919.7 117.46 -648.42 2951.9 107.88 -650.81 3004 91.724
2 -619.75 2932.7 117.8 -652.38 2965.5 107.81 -653.88 3017.1 91.466
2.0083 -623.5 2945.9 118.12 -656.33 2979.2 107.74 -656.92 3030.1 91.218
2.0167 -627.2 2959.4 118.41 -660.28 2992.9 107.68 -659.95 3043.2 90.983
2.025 -630.86 2973 118.67 -664.21 3006.8 107.63 -662.97 3056.4 90.766
2.0333 -634.49 2986.8 118.9 -668.12 3020.7 107.58 -665.97 3069.5 90.569
2.0417 -638.13 3000.7 119.1 -672.02 3034.7 107.53 -668.97 3082.7 90.39
2.05 -641.79 3014.8 119.27 -675.89 3048.8 107.49 -671.97 3096 90.226
2.0583 -645.49 3029 119.43 -679.73 3063 107.46 -674.96 3109.3 90.073
2.0667 -649.24 3043.3 119.57 -683.55 3077.2 107.42 -677.94 3122.6 89.924
2.075 -653.08 3057.6 119.69 -687.35 3091.5 107.4 -680.91 3135.9 89.774
2.0833 -656.98 3072 119.81 -691.11 3105.9 107.37 -683.87 3149.3 89.617
2.0917 -660.95 3086.4 119.92 -694.84 3120.4 107.35 -686.8 3162.8 89.448
2.1 -664.97 3100.9 120.02 -698.53 3134.9 107.32 -689.7 3176.3 89.265
2.1083 -669.04 3115.4 120.12 -702.17 3149.6 107.3 -692.58 3189.8 89.07
2.1167 -673.14 3130 120.22 -705.75 3164.3 107.27 -695.42 3203.4 88.865
2.125 -677.27 3144.8 120.33 -709.26 3179.1 107.23 -698.24 3217.1 88.657
2.1333 -681.45 3159.8 120.45 -712.69 3194.1 107.18 -701.04 3230.9 88.454
2.1417 -685.68 3175 120.57 -716.03 3209.1 107.11 -703.83 3244.7 88.266
2.15 -689.98 3190.4 120.69 -719.29 3224.3 107.04 -706.6 3258.6 88.102
2.1583 -694.35 3206 120.81 -722.46 3239.6 106.95 -709.39 3272.5 87.969
2.1667 -698.79 3221.8 120.89 -725.55 3254.9 106.85 -712.19 3286.5 87.873
2.175 -703.28 3237.6 120.92 -728.59 3270.3 106.75 -715.01 3300.6 87.818
2.1833 -707.8 3253.5 120.89 -731.58 3285.7 106.65 -717.86 3314.7 87.802
2.1917 -712.32 3269.3 120.77 -734.56 3301 106.55 -720.74 3328.8 87.818
2.2 -716.77 3285 120.55 -737.56 3316.4 106.46 -723.65 3342.8 87.858
2.2083 -721.12 3300.4 120.24 -740.61 3331.6 106.39 -726.59 3356.9 87.911
2.2167 -725.32 3315.6 119.83 -743.74 3346.7 106.34 -729.55 3370.9 87.962
2.225 -729.35 3330.5 119.34 -746.98 3361.6 106.32 -732.53 3384.9 88
2.2333 -733.17 3345.1 118.79 -750.34 3376.3 106.32 -735.53 3398.8 88.01
2.2417 -736.81 3359.5 118.21 -753.85 3390.8 106.36 -738.56 3412.7 87.986
2.25 -740.27 3373.5 117.61 -757.49 3405 106.43 -741.61 3426.5 87.921
2.2583 -743.58 3387.4 117.03 -761.27 3418.9 106.52 -744.7 3440.3 87.815
2.2667 -746.76 3401.1 116.47 -765.17 3432.5 106.64 -747.85 3454.1 87.673
2.275 -749.83 3414.7 115.97 -769.17 3445.9 106.78 -751.08 3467.8 87.504
2.2833 -752.81 3428.2 115.51 -773.24 3459 106.93 -754.41 3481.4 87.321
2.2917 -755.74 3441.8 115.12 -777.36 3471.9 107.09 -757.88 3495 87.137
2.3 -758.63 3455.3 114.78 -781.5 3484.6 107.27 -761.5 3508.6 86.966
2.3083 -761.53 3468.8 114.49 -785.63 3497.1 107.45 -765.3 3522.1 86.822
2.3167 -764.45 3482.2 114.25 -789.73 3509.4 107.63 -769.28 3535.6 86.714
2.325 -767.42 3495.6 114.02 -793.8 3521.6 107.82 -773.46 3548.9 86.648
2.3333 -770.47 3508.9 113.81 -797.83 3533.7 108.01 -777.82 3562.2 86.626
2.3417 -773.61 3522.1 113.6 -801.82 3545.7 108.21 -782.37 3575.4 86.645
2.35 -776.87 3535 113.37 -805.79 3557.7 108.42 -787.06 3588.5 86.701
2.3583 -780.25 3547.8 113.11 -809.75 3569.7 108.63 -791.89 3601.5 86.782
2.3667 -783.76 3560.4 112.82 -813.7 3581.6 108.85 -796.81 3614.5 86.882
2.375 -787.38 3572.7 112.51 -817.68 3593.5 109.07 -801.8 3627.3 86.99
2.3833 -791.11 3585 112.17 -821.68 3605.4 109.3 -806.83 3640.1 87.098
2.3917 -794.92 3597.1 111.8 -825.73 3617.3 109.53 -811.87 3652.8 87.2
2.4 -798.8 3609.1 111.43 -829.82 3629.3 109.76 -816.9 3665.4 87.294
2.4083 -802.7 3621 111.05 -833.98 3641.2 109.99 -821.91 3678 87.379
2.4167 -806.62 3633 110.67 -838.18 3653.2 110.22 -826.9 3690.4 87.457
2.425 -810.54 3645 110.29 -842.44 3665.3 110.43 -831.85 3702.8 87.535
2.4333 -814.45 3657.1 109.92 -846.74 3677.3 110.62 -836.77 3715.2 87.615
2.4417 -818.35 3669.2 109.54 -851.08 3689.5 110.8 -841.67 3727.5 87.703
2.45 -822.24 3681.3 109.17 -855.45 3701.7 110.96 -846.55 3739.7 87.802
2.4583 -826.15 3693.5 108.78 -859.85 3713.9 111.09 -851.42 3751.8 87.911
2.4667 -830.08 3705.8 108.39 -864.27 3726.3 111.2 -856.27 3763.9 88.028
2.475 -834.06 3718 107.99 -868.72 3738.7 111.28 -861.11 3776 88.147
2.4833 -838.1 3730.3 107.58 -873.2 3751.1 111.33 -865.92 3788 88.26
2.4917 -842.22 3742.6 107.16 -877.7 3763.6 111.35 -870.72 3799.9 88.357
2.5 -846.41 3754.8 106.76 -882.24 3776.2 111.36 -875.48 3811.9 88.427
2.5083 -850.67 3767 106.37 -886.81 3788.8 111.34 -880.21 3823.8 88.463
2.5167 -855 3779.2 106.02 -891.42 3801.5 111.3 -884.9 3835.7 88.458
2.525 -859.4 3791.4 105.69 -896.07 3814.2 111.24 -889.55 3847.6 88.408
2.5333 -863.85 3803.7 105.41 -900.78 3827 111.18 -894.18 3859.5 88.314
2.5417 -868.37 3816 105.17 -905.54 3839.8 111.11 -898.79 3871.4 88.182
2.55 -872.96 3828.3 104.95 -910.35 3852.6 111.04 -903.4 3883.4 88.02
2.5583 -877.61 3840.9 104.77 -915.23 3865.5 110.98 -908.01 3895.3 87.839
2.5667 -882.34 3853.5 104.6 -920.16 3878.5 110.92 -912.65 3907.3 87.651
2.575 -887.14 3866.3 104.45 -925.16 3891.5 110.88 -917.34 3919.3 87.467
2.5833 -892.01 3879.2 104.32 -930.23 3904.7 110.84 -922.07 3931.3 87.295
2.5917 -896.96 3892.3 104.2 -935.38 3917.9 110.82 -926.87 3943.3 87.139
2.6 -902 3905.4 104.08 -940.6 3931.1 110.81 -931.73 3955.4 86.999
2.6083 -907.14 3918.6 103.96 -945.9 3944.5 110.82 -936.64 3967.5 86.869
2.6167 -912.38 3931.8 103.84 -951.3 3957.9 110.84 -941.61 3979.6 86.74
2.625 -917.73 3945.2 103.7 -956.78 3971.3 110.88 -946.62 3991.7 86.599
2.6333 -923.19 3958.7 103.56 -962.37 3984.8 110.92 -951.66 4003.9 86.431
2.6417 -928.76 3972.3 103.42 -968.06 3998.3 110.98 -956.72 4016.2 86.222
2.65 -934.42 3986 103.28 -973.85 4011.9 111.05 -961.79 4028.5 85.961
2.6583 -940.17 4000 103.15 -979.75 4025.4 111.12 -966.87 4040.9 85.642
2.6667 -945.98 4014.1 103.06 -985.74 4039 111.21 -971.97 4053.3 85.265
2.675 -951.83 4028.3 103.01 -991.81 4052.5 111.32 -977.08 4065.9 84.837
2.6833 -957.7 4042.7 103.03 -997.95 4066.1 111.43 -982.23 4078.4 84.373
2.6917 -963.57 4057.2 103.13 -1004.1 4079.7 111.55 -987.42 4091.1 83.891
2.7 -969.42 4071.7 103.32 -1010.3 4093.2 111.68 -992.68 4103.8 83.416
2.7083 -975.23 4086.1 103.6 -1016.5 4106.8 111.82 -998.03 4116.5 82.972
2.7167 -981.02 4100.5 103.96 -1022.6 4120.3 111.96 -1003.5 4129.4 82.583
2.725 -986.76 4114.7 104.4 -1028.6 4133.8 112.11 -1009 4142.2 82.269
2.7333 -992.46 4128.7 104.9 -1034.5 4147.3 112.24 -1014.6 4155.1 82.045
2.7417 -998.11 4142.5 105.43 -1040.3 4160.7 112.37 -1020.3 4168 81.92
2.75 -1003.7 4156 105.97 -1045.8 4174.1 112.47 -1026.1 4181 81.892
2.7583 -1009.3 4169.1 106.48 -1051.2 4187.3 112.55 -1031.8 4194 81.954
2.7667 -1014.8 4182 106.95 -1056.3 4200.4 112.6 -1037.6 4207.1 82.092
2.775 -1020.3 4194.7 107.36 -1061.2 4213.4 112.61 -1043.3 4220.1 82.287
2.7833 -1025.7 4207.1 107.71 -1065.9 4226.2 112.57 -1048.9 4233.2 82.516
2.7917 -1031.2 4219.3 108.01 -1070.4 4238.9 112.49 -1054.4 4246.3 82.756
2.8 -1036.7 4231.4 108.27 -1074.7 4251.3 112.36 -1059.8 4259.4 82.986
2.8083 -1042.2 4243.4 108.49 -1078.9 4263.6 112.19 -1064.9 4272.5 83.187
2.8167 -1047.6 4255.3 108.69 -1082.9 4275.6 111.98 -1069.9 4285.6 83.346
2.825 -1053 4267.2 108.89 -1086.8 4287.5 111.74 -1074.7 4298.7 83.455
2.8333 -1058.3 4279.1 109.09 -1090.7 4299.3 111.46 -1079.3 4311.8 83.508
2.8417 -1063.5 4291 109.3 -1094.5 4310.9 111.17 -1083.6 4324.8 83.507
2.85 -1068.5 4302.9 109.52 -1098.3 4322.4 110.86 -1087.9 4337.8 83.454
2.8583 -1073.4 4314.8 109.77 -1102.1 4333.8 110.56 -1092 4350.7 83.354
2.8667 -1078.1 4326.8 110.03 -1105.9 4345.2 110.26 -1095.9 4363.6 83.213
2.875 -1082.6 4338.7 110.31 -1109.7 4356.6 109.97 -1099.7 4376.5 83.035
2.8833 -1087 4350.6 110.6 -1113.5 4368 109.69 -1103.4 4389.4 82.824
2.8917 -1091.2 4362.5 110.91 -1117.3 4379.5 109.43 -1107 4402.2 82.585
2.9 -1095.4 4374.3 111.23 -1121.1 4391 109.19 -1110.6 4415 82.32
2.9083 -1099.5 4386.1 111.56 -1124.9 4402.6 108.97 -1114.1 4427.8 82.032
2.9167 -1103.5 4397.8 111.89 -1128.7 4414.2 108.76 -1117.5 4440.5 81.724
2.925 -1107.6 4409.4 112.23 -1132.5 4425.9 108.57 -1120.8 4453.2 81.4
2.9333 -1111.6 4421 112.58 -1136.2 4437.8 108.4 -1124.1 4465.9 81.065
2.9417 -1115.7 4432.4 112.93 -1140 4449.7 108.23 -1127.4 4478.5 80.724
2.95 -1119.7 4443.8 113.28 -1143.8 4461.7 108.07 -1130.7 4491 80.383
2.9583 -1123.7 4455.1 113.64 -1147.7 4473.8 107.92 -1133.9 4503.5 80.046
2.9667 -1127.7 4466.5 113.99 -1151.5 4486 107.79 -1137.2 4516 79.72
2.975 -1131.6 4477.8 114.35 -1155.4 4498.2 107.66 -1140.4 4528.4 79.406
2.9833 -1135.4 4489.2 114.69 -1159.2 4510.6 107.55 -1143.7 4540.7 79.104
2.9917 -1139.2 4500.7 115.03 -1163.2 4522.9 107.45 -1147 4553 78.813
3 -1142.8 4512.4 115.36 -1167.1 4535.4 107.37 -1150.3 4565.3 78.527
3.0083 -1146.3 4524.2 115.68 -1171 4547.9 107.31 -1153.6 4577.5 78.241
3.0167 -1149.7 4536.2 115.99 -1175 4560.5 107.26 -1156.9 4589.8 77.945
3.025 -1153.1 4548.4 116.28 -1178.9 4573.1 107.22 -1160.2 4602 77.633
3.0333 -1156.4 4560.8 116.55 -1182.9 4585.7 107.19 -1163.5 4614.3 77.298
3.0417 -1159.6 4573.3 116.81 -1186.8 4598.4 107.16 -1166.7 4626.6 76.935
3.05 -1162.9 4586 117.07 -1190.8 4611.1 107.14 -1169.9 4638.9 76.544
3.0583 -1166.2 4598.8 117.31 -1194.7 4623.9 107.1 -1173 4651.3 76.126
3.0667 -1169.5 4611.6 117.55 -1198.5 4636.7 107.07 -1176.1 4663.7 75.688
3.075 -1172.9 4624.6 117.79 -1202.4 4649.6 107.03 -1179.1 4676.2 75.239
3.0833 -1176.4 4637.6 118.03 -1206.3 4662.5 106.97 -1182 4688.6 74.789
3.0917 -1180 4650.7 118.27 -1210.1 4675.5 106.91 -1184.9 4701.2 74.348
3.1 -1183.6 4663.7 118.5 -1213.9 4688.7 106.85 -1187.8 4713.7 73.926
3.1083 -1187.2 4676.8 118.72 -1217.7 4701.9 106.77 -1190.6 4726.3 73.528
3.1167 -1190.9 4690 118.92 -1221.4 4715.2 106.7 -1193.4 4739 73.157
3.125 -1194.6 4703.2 119.11 -1225.2 4728.7 106.63 -1196.2 4751.7 72.811
3.1333 -1198.4 4716.5 119.28 -1228.9 4742.2 106.55 -1198.9 4764.4 72.482
3.1417 -1202.2 4730 119.44 -1232.5 4755.9 106.47 -1201.7 4777.2 72.162
3.15 -1206.1 4743.6 119.58 -1236.1 4769.7 106.39 -1204.3 4790.1 71.839
3.1583 -1210.1 4757.3 119.7 -1239.6 4783.6 106.31 -1207 4803 71.498
3.1667 -1214.1 4771.3 119.8 -1243 4797.6 106.21 -1209.6 4816.1 71.13
3.175 -1218.3 4785.4 119.87 -1246.3 4811.7 106.1 -1212.1 4829.2 70.725
3.1833 -1222.6 4799.6 119.9 -1249.5 4825.8 105.98 -1214.6 4842.4 70.281
3.1917 -1227 4813.9 119.88 -1252.7 4839.9 105.84 -1217 4855.6 69.799
3.2 -1231.5 4828.3 119.81 -1255.8 4854.1 105.69 -1219.3 4869 69.286
3.2083 -1236 4842.7 119.67 -1258.9 4868.2 105.52 -1221.5 4882.4 68.753
3.2167 -1240.5 4857 119.47 -1262 4882.2 105.35 -1223.7 4895.9 68.215
3.225 -1245 4871.2 119.2 -1265 4896.2 105.19 -1225.9 4909.5 67.687
3.2333 -1249.3 4885.2 118.88 -1268.2 4910.1 105.03 -1228.1 4923.1 67.184
3.2417 -1253.5 4899.1 118.51 -1271.3 4923.8 104.89 -1230.3 4936.8 66.716
3.25 -1257.4 4912.8 118.1 -1274.6 4937.4 104.78 -1232.6 4950.4 66.29
3.2583 -1261.1 4926.3 117.66 -1277.9 4950.8 104.7 -1234.8 4964.1 65.905
3.2667 -1264.6 4939.7 117.22 -1281.4 4964 104.67 -1237.2 4977.8 65.558
3.275 -1267.8 4953 116.79 -1284.9 4976.9 104.68 -1239.7 4991.4 65.239
3.2833 -1270.9 4966.1 116.38 -1288.6 4989.6 104.74 -1242.2 5005 64.935
3.2917 -1273.9 4979.2 116.01 -1292.3 5002.1 104.84 -1244.8 5018.5 64.635
3.3 -1276.7 4992.2 115.66 -1296 5014.3 104.98 -1247.5 5031.9 64.328
3.3083 -1279.5 5005.2 115.36 -1299.8 5026.3 105.15 -1250.3 5045.2 64.007
3.3167 -1282.1 5018.1 115.09 -1303.6 5038.1 105.34 -1253.2 5058.4 63.669
3.325 -1284.8 5030.9 114.86 -1307.4 5049.7 105.54 -1256.1 5071.5 63.317
3.3333 -1287.4 5043.7 114.65 -1311.1 5061.2 105.75 -1259.2 5084.4 62.96
3.3417 -1290 5056.4 114.46 -1314.8 5072.5 105.95 -1262.4 5097.3 62.611
3.35 -1292.7 5069 114.28 -1318.4 5083.8 106.15 -1265.7 5110 62.285
3.3583 -1295.4 5081.4 114.09 -1322 5095 106.34 -1269.1 5122.6 61.997
3.3667 -1298.2 5093.7 113.9 -1325.6 5106.1 106.52 -1272.7 5135.2 61.762
3.375 -1301.1 5105.8 113.7 -1329.1 5117.3 106.69 -1276.4 5147.7 61.59
3.3833 -1304.1 5117.8 113.47 -1332.6 5128.5 106.86 -1280.2 5160.1 61.485
3.3917 -1307.3 5129.7 113.23 -1336.1 5139.8 107.03 -1284.2 5172.5 61.445
3.4 -1310.5 5141.4 112.98 -1339.6 5151.1 107.19 -1288.2 5184.9 61.461
3.4083 -1313.8 5153.1 112.71 -1343.1 5162.4 107.36 -1292.4 5197.3 61.52
3.4167 -1317.3 5164.7 112.42 -1346.7 5173.7 107.54 -1296.6 5209.7 61.605
3.425 -1320.8 5176.3 112.13 -1350.4 5185.1 107.71 -1300.8 5222.1 61.693
3.4333 -1324.3 5187.9 111.82 -1354.1 5196.5 107.89 -1305.1 5234.4 61.767
3.4417 -1327.9 5199.4 111.51 -1357.8 5208 108.06 -1309.3 5246.7 61.809
3.45 -1331.5 5211 111.19 -1361.6 5219.4 108.22 -1313.6 5259 61.806
3.4583 -1335.1 5222.5 110.86 -1365.4 5230.8 108.36 -1317.8 5271.2 61.752
3.4667 -1338.7 5233.9 110.52 -1369.2 5242.3 108.49 -1321.9 5283.3 61.647
3.475 -1342.3 5245.4 110.16 -1373.1 5253.8 108.6 -1326 5295.3 61.495
3.4833 -1345.8 5256.7 109.77 -1377 5265.3 108.68 -1330.1 5307.2 61.307
3.4917 -1349.4 5268 109.37 -1380.8 5276.9 108.75 -1334.1 5319.1 61.095
3.5 -1353 5279.3 108.94 -1384.7 5288.5 108.79 -1338.1 5330.8 60.872
3.5083 -1356.7 5290.6 108.49 -1388.6 5300.3 108.81 -1342.2 5342.5 60.65
3.5167 -1360.3 5301.8 108.04 -1392.4 5312.1 108.81 -1346.2 5354.2 60.441
3.525 -1364.1 5313 107.59 -1396.3 5324 108.8 -1350.3 5365.8 60.248
3.5333 -1367.9 5324.3 107.15 -1400.2 5335.9 108.77 -1354.4 5377.4 60.073
3.5417 -1371.8 5335.5 106.73 -1404.2 5347.9 108.74 -1358.5 5389 59.914
3.55 -1375.7 5346.9 106.33 -1408.2 5360 108.69 -1362.6 5400.7 59.764
3.5583 -1379.8 5358.2 105.98 -1412.2 5372.1 108.62 -1366.7 5412.4 59.614
3.5667 -1383.9 5369.7 105.65 -1416.2 5384.2 108.55 -1370.9 5424.2 59.457
3.575 -1388.1 5381.2 105.36 -1420.3 5396.3 108.46 -1375 5436 59.282
3.5833 -1392.3 5392.9 105.1 -1424.5 5408.4 108.36 -1379.1 5447.8 59.083
3.5917 -1396.7 5404.7 104.85 -1428.6 5420.6 108.24 -1383.3 5459.7 58.858
3.6 -1401.1 5416.6 104.62 -1432.9 5432.7 108.1 -1387.4 5471.6 58.605
3.6083 -1405.6 5428.7 104.4 -1437.1 5444.9 107.96 -1391.6 5483.5 58.327
3.6167 -1410.1 5440.9 104.2 -1441.4 5457.1 107.8 -1395.8 5495.4 58.027
3.625 -1414.7 5453.1 104.02 -1445.8 5469.3 107.65 -1400 5507.3 57.712
3.6333 -1419.3 5465.5 103.86 -1450.2 5481.6 107.49 -1404.3 5519.2 57.387
3.6417 -1424 5477.9 103.71 -1454.6 5494 107.35 -1408.6 5531 57.055
3.65 -1428.7 5490.4 103.57 -1459 5506.4 107.22 -1412.9 5542.9 56.718
3.6583 -1433.5 5503.1 103.44 -1463.5 5518.9 107.1 -1417.2 5554.9 56.378
3.6667 -1438.4 5515.9 103.31 -1468.1 5531.4 107.01 -1421.6 5566.9 56.032
3.675 -1443.4 5528.9 103.18 -1472.7 5543.9 106.94 -1425.9 5578.9 55.678
3.6833 -1448.6 5542.2 103.04 -1477.3 5556.4 106.89 -1430.3 5591.1 55.314
3.6917 -1453.8 5555.6 102.91 -1481.9 5568.8 106.87 -1434.6 5603.4 54.938
3.7 -1459.2 5569.2 102.78 -1486.6 5581.3 106.87 -1438.8 5615.7 54.55
3.7083 -1464.7 5583 102.66 -1491.4 5593.8 106.88 -1443 5628.2 54.154
3.7167 -1470.3 5597 102.56 -1496.1 5606.2 106.91 -1447.2 5640.8 53.755
3.725 -1475.9 5610.9 102.49 -1500.9 5618.6 106.94 -1451.4 5653.5 53.363
3.7333 -1481.5 5624.9 102.46 -1505.6 5631.1 106.97 -1455.6 5666.2 52.986
3.7417 -1487.1 5638.8 102.48 -1510.4 5643.6 106.99 -1459.8 5679 52.636
3.75 -1492.6 5652.5 102.54 -1515 5656.1 106.99 -1464.1 5691.7 52.323
3.7583 -1498 5666 102.65 -1519.6 5668.7 106.97 -1468.4 5704.4 52.054
3.7667 -1503.3 5679.3 102.79 -1524.1 5681.3 106.93 -1472.8 5717.1 51.835
3.775 -1508.5 5692.3 102.96 -1528.5 5694.1 106.85 -1477.2 5729.8 51.668
3.7833 -1513.5 5705.1 103.13 -1532.7 5706.8 106.73 -1481.7 5742.3 51.551
3.7917 -1518.3 5717.5 103.29 -1536.8 5719.7 106.58 -1486.2 5754.8 51.48
3.8 -1523 5729.7 103.41 -1540.7 5732.5 106.4 -1490.7 5767.3 51.444
3.8083 -1527.6 5741.7 103.5 -1544.4 5745.3 106.17 -1495.2 5779.8 51.438
3.8167 -1532.1 5753.6 103.55 -1548 5758 105.91 -1499.5 5792.3 51.448
3.825 -1536.5 5765.2 103.56 -1551.3 5770.6 105.62 -1503.7 5804.8 51.467
3.8333 -1540.9 5776.8 103.53 -1554.5 5783.1 105.3 -1507.7 5817.4 51.486
3.8417 -1545.1 5788.3 103.48 -1557.6 5795.3 104.95 -1511.4 5830 51.501
3.85 -1549.3 5799.8 103.41 -1560.5 5807.4 104.58 -1514.9 5842.8 51.508
3.8583 -1553.4 5811.2 103.34 -1563.3 5819.3 104.18 -1518.2 5855.6 51.509
3.8667 -1557.3 5822.5 103.28 -1566 5831 103.77 -1521.1 5868.5 51.505
3.875 -1561 5833.8 103.23 -1568.6 5842.6 103.34 -1523.9 5881.5 51.498
3.8833 -1564.5 5845.1 103.21 -1571.2 5854 102.89 -1526.3 5894.5 51.489
3.8917 -1567.8 5856.4 103.22 -1573.7 5865.4 102.43 -1528.6 5907.5 51.481
3.9 -1570.9 5867.6 103.26 -1576.1 5876.7 101.96 -1530.7 5920.4 51.468
3.9083 -1573.8 5878.7 103.33 -1578.5 5888 101.47 -1532.7 5933.3 51.446
3.9167 -1576.5 5889.8 103.43 -1580.9 5899.3 100.96 -1534.5 5946.1 51.407
3.925 -1579 5900.9 103.55 -1583.2 5910.7 100.45 -1536.3 5958.8 51.339
3.9333 -1581.3 5911.9 103.68 -1585.5 5922.2 99.92 -1538 5971.4 51.23
3.9417 -1583.6 5922.8 103.82 -1587.7 5933.8 99.382 -1539.6 5983.9 51.069
3.95 -1585.8 5933.7 103.95 -1589.8 5945.5 98.839 -1541.2 5996.2 50.846
3.9583 -1587.9 5944.6 104.08 -1591.9 5957.4 98.294 -1542.7 6008.4 50.553
3.9667 -1590 5955.4 104.21 -1593.9 5969.3 97.752 -1544.2 6020.5 50.189
3.975 -1592.1 5966.3 104.33 -1595.8 5981.3 97.22 -1545.6 6032.5 49.754
3.9833 -1594.1 5977.1 104.45 -1597.8 5993.3 96.703 -1546.9 6044.4 49.256
3.9917 -1596.1 5987.9 104.58 -1599.6 6005.4 96.207 -1548.2 6056.2 48.706
4 -1598.1 5998.8 104.71 -1601.5 6017.6 95.736 -1549.4 6068 48.12
4.0083 -1600 6009.6 104.86 -1603.3 6029.7 95.296 -1550.6 6079.7 47.511
4.0167 -1601.8 6020.5 105.03 -1605 6041.9 94.89 -1551.6 6091.5 46.898
4.025 -1603.5 6031.5 105.22 -1606.8 6054.1 94.519 -1552.7 6103.1 46.295
4.0333 -1605.1 6042.5 105.43 -1608.4 6066.2 94.182 -1553.7 6114.8 45.711
4.0417 -1606.6 6053.6 105.65 -1610.1 6078.4 93.876 -1554.6 6126.4 45.156
4.05 -1608 6064.8 105.86 -1611.6 6090.6 93.598 -1555.5 6138 44.632
4.0583 -1609.2 6076.1 106.06 -1613.1 6102.7 93.345 -1556.4 6149.5 44.14
4.0667 -1610.4 6087.5 106.23 -1614.5 6114.9 93.111 -1557.3 6161.1 43.676
4.075 -1611.6 6099 106.36 -1615.8 6127 92.891 -1558.2 6172.5 43.237
4.0833 -1612.6 6110.6 106.43 -1617 6139.2 92.683 -1559.1 6184 42.817
4.0917 -1613.6 6122.3 106.46 -1618.1 6151.4 92.479 -1559.9 6195.4 42.411
4.1 -1614.5 6134.2 106.42 -1619 6163.6 92.279 -1560.8 6206.9 42.015
4.1083 -1615.5 6146.2 106.34 -1619.9 6175.8 92.082 -1561.6 6218.3 41.626
4.1167 -1616.3 6158.4 106.22 -1620.6 6188.1 91.887 -1562.3 6229.7 41.243
4.125 -1617.2 6170.7 106.07 -1621.3 6200.3 91.693 -1563 6241.1 40.864
4.1333 -1618.1 6183.2 105.92 -1621.8 6212.6 91.504 -1563.6 6252.5 40.491
4.1417 -1619 6195.9 105.77 -1622.2 6224.8 91.317 -1564.1 6263.9 40.122
4.15 -1619.8 6208.6 105.62 -1622.5 6237.1 91.135 -1564.4 6275.3 39.757
4.1583 -1620.7 6221.5 105.5 -1622.7 6249.3 90.959 -1564.7 6286.7 39.392
4.1667 -1621.5 6234.5 105.39 -1622.8 6261.5 90.785 -1564.8 6298.1 39.024
4.175 -1622.4 6247.5 105.29 -1622.7 6273.8 90.614 -1564.7 6309.6 38.646
4.1833 -1623.3 6260.6 105.2 -1622.5 6286 90.439 -1564.5 6321 38.252
4.1917 -1624.4 6273.7 105.09 -1622.2 6298.3 90.258 -1564.2 6332.4 37.835
4.2 -1625.5 6286.7 104.95 -1621.8 6310.6 90.066 -1563.7 6343.8 37.388
4.2083 -1626.6 6299.7 104.74 -1621.2 6323 89.853 -1563 6355.1 36.909
4.2167 -1627.9 6312.5 104.46 -1620.6 6335.4 89.616 -1562.3 6366.5 36.393
4.225 -1629.1 6325.3 104.09 -1619.9 6347.8 89.351 -1561.4 6377.8 35.843
4.2333 -1630.3 6337.8 103.61 -1619.1 6360.3 89.054 -1560.4 6389.2 35.264
4.2417 -1631.4 6350.2 103.03 -1618.3 6372.8 88.727 -1559.4 6400.6 34.663
4.25 -1632.3 6362.4 102.37 -1617.6 6385.3 88.353 -1558.2 6411.9 34.052
4.2583 -1632.9 6374.4 101.66 -1616.8 6397.7 87.955 -1556.9 6423.3 33.442
4.2667 -1633.2 6386.2 100.92 -1616.2 6410.1 87.528 -1555.5 6434.7 32.847
4.275 -1633.1 6397.8 100.17 -1615.6 6422.4 87.081 -1554.1 6446.1 32.278
4.2833 -1632.8 6409.3 99.455 -1615.1 6434.5 86.619 -1552.5 6457.6 31.747
4.2917 -1632.1 6420.6 98.782 -1614.8 6446.4 86.151 -1550.8 6469 31.259
4.3 -1631.2 6431.8 98.168 -1614.5 6458.1 85.683 -1549.1 6480.4 30.818
4.3083 -1630.1 6442.9 97.615 -1614.3 6469.5 85.225 -1547.3 6491.8 30.424
4.3167 -1628.8 6454 97.12 -1614.2 6480.6 84.78 -1545.4 6503.2 30.076
4.325 -1627.4 6465 96.67 -1614.1 6491.4 84.348 -1543.5 6514.5 29.766
4.3333 -1625.9 6476 96.241 -1614 6502 83.928 -1541.7 6525.8 29.489
4.3417 -1624.3 6487 95.81 -1613.9 6512.2 83.518 -1539.8 6537 29.239
4.35 -1622.7 6498 95.348 -1613.7 6522.3 83.112 -1538.1 6548.1 29.008
4.3583 -1621 6509 94.831 -1613.5 6532.1 82.703 -1536.5 6559.1 28.792
4.3667 -1619.3 6519.9 94.244 -1613.2 6541.8 82.287 -1534.9 6570 28.586
4.375 -1617.6 6530.8 93.574 -1612.7 6551.4 81.856 -1533.6 6580.9 28.388
4.3833 -1615.9 6541.6 92.825 -1612.2 6560.9 81.416 -1532.3 6591.6 28.195
4.3917 -1614.2 6552.3 92.008 -1611.6 6570.4 80.951 -1531.2 6602.3 28.006
4.4 -1612.5 6562.9 91.143 -1610.9 6579.9 80.46 -1530.2 6612.9 27.82
4.4083 -1610.8 6573.3 90.248 -1610.1 6589.3 79.974 -1529.3 6623.3 27.634
4.4167 -1609.1 6583.6 89.352 -1609.2 6598.8 79.464 -1528.4 6633.7 27.445
4.425 -1607.4 6593.8 88.471 -1608.2 6608.4 78.96 -1527.6 6644 27.249
4.4333 -1605.8 6603.8 87.623 -1607.3 6617.9 78.461 -1526.7 6654.1 27.042
4.4417 -1604.1 6613.8 86.813 -1606.2 6627.5 77.971 -1525.9 6664.1 26.818
4.45 -1602.5 6623.6 86.041 -1605.1 6637 77.494 -1525 6674 26.572
4.4583 -1600.8 6633.4 85.298 -1604 6646.6 77.03 -1524.1 6683.8 26.301
4.4667 -1599.2 6643.1 84.569 -1602.8 6656.2 76.578 -1523.1 6693.4 26.002
4.475 -1597.5 6652.7 83.833 -1601.6 6665.8 76.131 -1522.1 6702.8 25.675
4.4833 -1595.9 6662.4 83.072 -1600.3 6675.4 75.678 -1521 6712.2 25.321
4.4917 -1594.3 6672 82.268 -1599 6684.9 75.17 -1519.9 6721.4 24.945
4.5 -1592.7 6681.7 81.416 -1597.7 6694.3 74.584 -1518.8 6730.6 24.552
4.5083 -1591.2 6691.4 80.51 -1596.3 6703.6 73.964 -1517.7 6739.7 24.148
4.5167 -1589.7 6701.1 79.561 -1594.8 6713.1 73.33 -1516.5 6748.8 23.743
4.525 -1588.3 6710.8 78.56 -1593.1 6722.7 72.753 -1515.3 6757.9 23.343
4.5333 -1586.9 6721 77.464 -1590.5 6732.7 72.375 -1514.2 6766.9 22.941
4.5417 -1585.6 6730.7 76.5 -1588.6 6742.4 71.757 -1512.9 6776.1 22.566
4.55 -1584.4 6740.9 75.442 -1586.8 6752.2 71.22 -1511.7 6785.2 22.177
4.5583 -1583.2 6751.2 74.436 -1584.2 6762.4 70.919 -1510.5 6794.3 21.801
4.5667 -1582.1 6761.3 73.574 -1582 6772.3 70.383 -1509.1 6803.4 21.412
4.575 -1581 6771.7 72.679 -1579.8 6782.4 70.025 -1507.8 6812.5 21.016
4.5833 -1579.9 6782 71.901 -1577.3 6792.4 69.633 -1506.4 6821.6 20.616
4.5917 -1578.8 6792.3 71.182 -1574.9 6802.3 69.26 -1504.9 6830.6 20.183
4.6 -1577.7 6802.6 70.543 -1572.6 6812.2 68.853 -1503.4 6839.5 19.713
4.6083 -1576.6 6812.7 69.9 -1570.3 6822 68.413 -1501.8 6848.3 19.213
4.6167 -1575.3 6823.3 69.236 -1567.9 6832 68.144 -1500.3 6857 18.67
4.625 -1574 6833.3 68.671 -1565.4 6841.9 67.723 -1498.7 6865.7 18.132
4.6333 -1572.4 6843.9 68 -1563.1 6851.7 67.322 -1497 6874.3 17.547
4.6417 -1570.8 6854.4 67.34 -1560.4 6861.9 67.097 -1495.5 6882.8 16.969
4.65 -1569 6864.8 66.715 -1557.7 6871.9 66.777 -1493.8 6891.3 16.396
4.6583 -1567.2 6875.2 66.085 -1555.1 6881.8 66.389 -1492.1 6899.8 15.83
4.6667 -1565.3 6885.6 65.468 -1552.5 6891.7 65.974 -1490.3 6908.2 15.277
4.675 -1563.4 6896.1 64.881 -1549.8 6901.6 65.551 -1488.5 6916.7 14.74
4.6833 -1561.4 6906.8 64.336 -1547.1 6911.4 65.087 -1486.5 6925.2 14.204
4.6917 -1559.5 6917.5 63.831 -1544.4 6921.2 64.627 -1484.4 6933.7 13.67
4.7 -1557.5 6928.2 63.371 -1541.7 6930.9 64.162 -1482.1 6942.2 13.111
4.7083 -1555.6 6939 62.962 -1539 6940.6 63.707 -1479.6 6950.6 12.509
4.7167 -1553.6 6949.9 62.585 -1536.3 6950.1 63.225 -1476.9 6958.9 11.855
4.725 -1551.6 6960.7 62.227 -1533.5 6959.6 62.78 -1474 6967.1 11.14
4.7333 -1549.6 6971.4 61.877 -1530.9 6969.1 62.266 -1470.8 6975.2 10.324
4.7417 -1547.5 6981.9 61.5 -1528 6978.6 61.897 -1467.5 6983.1 9.4604
4.75 -1545.5 6992 61.082 -1525 6988 61.474 -1464.1 6990.9 8.5099
4.7583 -1543.3 7001.9 60.605 -1522 6997.5 61.052 -1460.5 6998.6 7.5026
4.7667 -1541.2 7011.3 60.041 -1518.9 7007 60.6 -1456.7 7006.1 6.4606
4.775 -1539.1 7020.4 59.42 -1515.6 7016.4 60.1 -1452.9 7013.6 5.4066
4.7833 -1537 7029.1 58.678 -1512.1 7025.9 59.588 -1449 7021 4.369
4.7917 -1534.8 7037.5 57.867 -1508.5 7035.3 59.003 -1445 7028.4 3.3772
4.8 -1532.7 7045.6 56.98 -1504.6 7044.6 58.356 -1440.9 7035.9 2.4535
4.8083 -1530.6 7053.6 56.03 -1500.5 7053.9 57.658 -1436.8 7043.4 1.6166
4.8167 -1528.4 7061.4 55.015 -1496.3 7062.9 56.87 -1432.5 7051 0.87744
4.825 -1526 7069.1 53.979 -1491.8 7071.9 56.015 -1428.1 7058.7 0.24213
4.8333 -1523.4 7076.8 52.93 -1487.1 7080.7 55.108 -1423.6 7066.4 359.71
4.8417 -1520.5 7084.3 51.879 -1482.1 7089.3 54.152 -1418.8 7074.1 359.26
4.85 -1517.2 7091.6 50.84 -1477 7097.7 53.162 -1413.8 7081.8 358.88
4.8583 -1513.6 7098.6 49.821 -1471.6 7105.9 52.138 -1408.5 7089.4 358.55
4.8667 -1509.7 7105.4 48.822 -1466.1 7113.6 50.986 -1402.9 7096.9 358.25
4.875 -1505.5 7112 47.848 -1460.5 7120.9 49.776 -1397.1 7104.2 357.95
4.8833 -1501.1 7118.2 46.898 -1454.9 7128 48.528 -1390.9 7111.2 357.63
4.8917 -1496.5 7124.2 45.969 -1449.1 7134.9 47.249 -1384.5 7118 357.28
4.9 -1491.7 7129.8 45.057 -1443.2 7141.5 45.946 -1377.8 7124.6 356.88
4.9083 -1486.8 7135.3 44.158 -1437.2 7147.9 44.628 -1370.9 7130.8 356.44
4.9167 -1481.8 7140.5 43.264 -1431.1 7154 43.298 -1363.7 7136.6 355.95
4.925 -1476.7 7145.5 42.371 -1424.9 7159.9 41.962 -1356.4 7142.2 355.42
4.9333 -1471.6 7150.4 41.475 -1418.6 7165.7 40.626 -1348.9 7147.5 354.85
4.9417 -1466.5 7155.2 40.578 -1412.1 7171.2 39.295 -1341.3 7152.5 354.25
4.95 -1461.5 7159.9 39.68 -1405.5 7176.6 37.974 -1333.6 7157.2 353.62
4.9583 -1456.4 7164.7 38.786 -1398.8 7181.7 36.67 -1325.8 7161.7 352.97
4.9667 -1451.4 7169.5 37.899 -1392 7186.7 35.386 -1318.1 7166 352.3
4.975 -1446.4 7174.3 37.024 -1385 7191.6 34.124 -1310.3 7170 351.62
4.9833 -1441.4 7179.2 36.166 -1377.9 7196.3 32.894 -1302.5 7173.8 350.91
4.9917 -1436.5 7184.2 35.33 -1370.6 7200.9 31.693 -1294.7 7177.4 350.18
5 -1431.5 7189.1 34.516 -1363.3 7205.4 30.524 -1286.9 7180.9 349.44
5.0083 -1426.4 7194 33.73 -1355.8 7209.7 29.388 -1279.2 7184.1 348.67
5.0167 -1421.2 7198.8 32.971 -1348.2 7214 28.285 -1271.5 7187.1 347.89
5.025 -1415.9 7203.4 32.24 -1340.5 7218.1 27.214 -1263.7 7190 347.1
5.0333 -1410.5 7208 31.537 -1332.6 7222.2 26.176 -1256 7192.8 346.31
5.0417 -1405 7212.4 30.859 -1324.7 7226.1 25.17 -1248.3 7195.4 345.52
5.05 -1399.4 7216.6 30.205 -1316.6 7230 24.193 -1240.5 7197.9 344.75
5.0583 -1393.6 7220.7 29.57 -1308.5 7233.7 23.245 -1232.8 7200.3 343.99
5.0667 -1387.7 7224.7 28.953 -1300.2 7237.3 22.326 -1225 7202.6 343.26
5.075 -1381.8 7228.5 28.347 -1291.8 7240.8 21.435 -1217.2 7204.8 342.55
5.0833 -1375.7 7232.2 27.751 -1283.3 7244.2 20.571 -1209.3 7206.9 341.89
5.0917 -1369.4 7235.7 27.166 -1274.7 7247.4 19.738 -1201.4 7209 341.25
5.1 -1363 7239.1 26.589 -1265.9 7250.5 18.93 -1193.5 7211 340.65
5.1083 -1356.5 7242.4 26.022 -1257.1 7253.4 18.151 -1185.5 7212.9 340.07
5.1167 -1349.7 7245.5 25.47 -1248.1 7256.2 17.399 -1177.4 7214.7 339.53
5.125 -1342.8 7248.5 24.937 -1239 7258.8 16.676 -1169.4 7216.5 339
5.1333 -1335.6 7251.4 24.429 -1229.8 7261.3 15.979 -1161.2 7218.2 338.48
5.1417 -1328.1 7254.1 23.95 -1220.5 7263.6 15.311 -1153.1 7219.8 337.98
5.15 -1320.4 7256.8 23.499 -1211.2 7265.7 14.67 -1144.8 7221.3 337.49
5.1583 -1312.5 7259.5 23.076 -1201.7 7267.6 14.055 -1136.5 7222.7 337
5.1667 -1304.3 7262.1 22.676 -1192.2 7269.4 13.466 -1128.1 7223.9 336.51
5.175 -1295.8 7264.7 22.292 -1182.6 7271 12.9 -1119.7 7225.1 336.03
5.1833 -1287.1 7267.3 21.916 -1172.8 7272.3 12.358 -1111.1 7226.1 335.55
5.1917 -1278.2 7269.8 21.536 -1163 7273.5 11.835 -1102.5 7227 335.08
5.2 -1268.9 7272.4 21.144 -1153.1 7274.5 11.329 -1093.7 7227.8 334.62
5.2083 -1259.5 7274.8 20.726 -1143.1 7275.3 10.836 -1084.9 7228.5 334.17
5.2167 -1249.8 7277.1 20.271 -1132.9 7275.9 10.354 -1075.9 7228.9 333.72
5.225 -1239.9 7279.2 19.768 -1122.6 7276.3 9.8765 -1066.8 7229.3 333.29
5.2333 -1229.8 7281.1 19.203 -1112.1 7276.6 9.4011 -1057.5 7229.5 332.87
5.2417 -1219.4 7282.6 18.568 -1101.6 7276.7 8.9236 -1048.2 7229.5 332.46
5.25 -1208.9 7283.8 17.861 -1090.9 7276.7 8.4412 -1038.7 7229.4 332.06
5.2583 -1198.2 7284.7 17.08 -1080.2 7276.6 7.9506 -1029.2 7229.1 331.68
5.2667 -1187.4 7285.1 16.232 -1069.5 7276.3 7.4517 -1019.6 7228.8 331.3
5.275 -1176.6 7285.1 15.314 -1058.8 7276 6.9441 -1010 7228.3 330.94
5.2833 -1165.8 7284.8 14.348 -1048.2 7275.7 6.4292 -1000.3 7227.6 330.59
5.2917 -1155 7284.2 13.347 -1037.8 7275.3 5.9091 -990.64 7227 330.25
5.3 -1144.4 7283.3 12.323 -1027.5 7274.9 5.3872 -981.02 7226.2 329.92
5.3083 -1133.9 7282.2 11.29 -1017.5 7274.4 4.8647 -971.46 7225.4 329.59
5.3167 -1123.5 7281.1 10.26 -1007.7 7274 4.3452 -961.98 7224.6 329.27
5.325 -1113.4 7280 9.2371 -998.14 7273.5 3.83 -952.62 7223.8 328.97
5.3333 -1103.5 7279.1 8.2225 -988.87 7273 3.3187 -943.4 7223 328.67
5.3417 -1093.8 7278.2 7.2233 -979.85 7272.5 2.8095 -934.31 7222.2 328.39
5.35 -1084.4 7277.5 6.2248 -971.07 7272 2.2989 -925.38 7221.4 328.12
5.3583 -1075.1 7277 5.2301 -962.48 7271.4 1.7824 -916.59 7220.6 327.86
5.3667 -1065.9 7276.5 4.2299 -954.06 7270.7 1.2548 -907.96 7219.8 327.63
5.375 -1056.9 7276.1 3.2104 -945.75 7270.1 0.71127 -899.46 7219.1 327.41
5.3833 -1047.9 7275.6 2.1787 -937.53 7269.3 0.1471 -891.1 7218.3 327.22
5.3917 -1039 7275.1 1.1314 -929.37 7268.5 359.56 -882.85 7217.5 327.04
5.4 -1030.1 7274.5 0.072695 -921.23 7267.5 358.95 -874.7 7216.7 326.87
5.4083 -1021.3 7273.8 359.01 -913.11 7266.5 358.31 -866.63 7215.8 326.72
5.4167 -1012.5 7273 357.94 -904.98 7265.4 357.65 -858.65 7214.9 326.58
5.425 -1003.8 7271.9 356.89 -896.85 7264.2 356.97 -850.73 7213.9 326.43
5.4333 -995.12 7270.8 355.85 -888.71 7262.9 356.28 -842.87 7212.8 326.28
5.4417 -986.5 7269.5 354.82 -880.57 7261.5 355.59 -835.07 7211.6 326.12
5.45 -977.95 7268.1 353.81 -872.41 7260 354.88 -827.33 7210.4 325.94
5.4583 -969.5 7266.7 352.81 -864.27 7258.4 354.18 -819.65 7209 325.74
5.4667 -961.15 7265.2 351.81 -856.14 7256.7 353.49 -812.01 7207.6 325.52
5.475 -952.88 7263.7 350.82 -848.01 7255 352.8 -804.44 7206.1 325.28
5.4833 -944.71 7262.3 349.81 -839.9 7253.1 352.11 -796.91 7204.5 325.02
5.4917 -936.61 7261 348.78 -831.8 7251.2 351.42 -789.42 7202.8 324.75
5.5 -928.56 7259.7 347.72 -823.72 7249.2 350.72 -781.97 7201.1 324.47
5.5083 -920.54 7258.5 346.63 -815.64 7247.1 350.02 -774.54 7199.3 324.19
5.5167 -912.53 7257.3 345.52 -807.58 7244.9 349.3 -767.12 7197.5 323.92
5.525 -904.51 7256.1 344.37 -799.51 7242.7 348.57 -759.69 7195.6 323.66
5.5333 -896.46 7254.9 343.21 -791.52 7240.3 347.79 -752.24 7193.6 323.42
5.5417 -888.4 7253.8 342.04 -783.44 7237.9 347.03 -744.75 7191.6 323.2
5.55 -880.35 7252.6 340.91 -775.25 7235.4 346.24 -737.21 7189.6 323.01
5.5583 -872.2 7251.4 339.72 -767.04 7232.7 345.56 -729.64 7187.4 322.84
5.5667 -864.08 7250.2 338.61 -758.79 7230 344.81 -722.01 7185.3 322.69
5.575 -855.96 7249.1 337.55 -750.5 7227.3 344.06 -714.33 7183.1 322.55
5.5833 -847.83 7247.9 336.52 -742.13 7224.5 343.36 -706.6 7180.8 322.43
5.5917 -839.7 7246.7 335.57 -733.65 7221.6 342.68 -698.83 7178.5 322.32
5.6 -831.56 7245.6 334.66 -725.22 7218.6 342 -691.02 7176.1 322.2
5.6083 -823.39 7244.4 333.82 -716.73 7215.6 341.34 -683.19 7173.7 322.09
5.6167 -815.16 7243.3 333.05 -708.18 7212.6 340.71 -675.34 7171.1 321.97
5.625 -806.85 7242.1 332.36 -699.65 7209.5 340.07 -667.48 7168.5 321.84
5.6333 -798.44 7240.9 331.7 -691.01 7206.3 339.51 -659.61 7165.9 321.69
5.6417 -789.89 7239.6 331.12 -682.33 7203.1 338.95 -651.73 7163.2 321.54
5.65 -781.22 7238.3 330.57 -673.71 7199.9 338.4 -643.83 7160.3 321.38
5.6583 -772.34 7236.9 330.08 -665.03 7196.7 337.86 -635.92 7157.5 321.2
5.6667 -763.3 7235.5 329.64 -656.33 7193.5 337.34 -627.98 7154.5 321.01
5.675 -754.08 7233.9 329.23 -647.61 7190.4 336.83 -620.01 7151.6 320.82
5.6833 -744.69 7232.3 328.85 -638.79 7187.1 336.37 -612 7148.5 320.61
5.6917 -735.15 7230.6 328.49 -629.93 7183.9 335.94 -603.93 7145.5 320.39
5.7 -725.45 7228.7 328.13 -621.01 7180.6 335.53 -595.8 7142.4 320.17
5.7083 -715.77 7226.7 327.82 -611.98 7177.3 335.13 -587.6 7139.3 319.94
5.7167 -705.69 7224.6 327.42 -602.87 7174 334.82 -579.32 7136.2 319.7
5.725 -695.67 7222.3 327.05 -593.66 7170.6 334.52 -570.96 7133.1 319.46
5.7333 -685.51 7219.8 326.66 -584.33 7167.1 334.25 -562.5 7130 319.22
5.7417 -675.27 7217.2 326.25 -574.85 7163.6 334.04 -553.95 7126.9 318.99
5.75 -664.91 7214.4 325.82 -565.26 7160 333.86 -545.29 7123.8 318.76
5.7583 -654.43 7211.4 325.38 -555.57 7156.4 333.7 -536.52 7120.7 318.54
5.7667 -641.89 7210.4 324.91 -545.77 7152.8 333.57 -527.63 7117.6 318.33
5.775 -630.94 7206.9 324.43 -535.8 7149.1 333.48 -518.63 7114.5 318.12
5.7833 -621.97 7200.8 323.94 -525.74 7145.4 333.4 -509.52 7111.4 317.94
5.7917 -610.76 7196.8 323.44 -515.56 7141.8 333.32 -500.28 7108.3 317.76
5.8 -599.24 7192.4 322.93 -505.23 7138.1 333.27 -490.96 7105.2 317.58
5.8083 -587.57 7187.8 322.44 -494.82 7134.5 333.18 -481.52 7102.1 317.41
5.8167 -575.6 7182.9 321.93 -484.33 7131 333.06 -472.01 7099 317.22
5.825 -563.5 7177.8 321.46 -473.56 7127.3 333 -462.42 7095.9 317.05
5.8333 -551.28 7172.5 321.02 -462.65 7123.5 332.93 -452.78 7092.7 316.85
5.8417 -538.97 7167.1 320.63 -451.6 7119.7 332.84 -443.09 7089.6 316.64
5.85 -526.65 7161.5 320.3 -440.42 7115.8 332.73 -433.38 7086.5 316.42
5.8583 -514.36 7155.9 320.03 -429.12 7111.8 332.61 -423.65 7083.4 316.19
5.8667 -502.14 7150.2 319.83 -417.71 7107.7 332.48 -413.93 7080.3 315.94
5.875 -490.03 7144.5 319.7 -406.24 7103.5 332.33 -404.22 7077.2 315.69
5.8833 -478.05 7138.8 319.64 -394.75 7099.1 332.17 -394.52 7074 315.44
5.8917 -466.22 7133.2 319.63 -383.29 7094.6 331.99 -384.85 7070.8 315.2
5.9 -454.55 7127.6 319.68 -371.92 7090 331.8 -375.19 7067.5 314.97
5.9083 -443.04 7122.2 319.77 -360.69 7085.3 331.6 -365.56 7064.1 314.76
5.9167 -431.71 7117 319.88 -349.67 7080.5 331.38 -355.95 7060.6 314.58
5.925 -420.54 7111.9 320.01 -338.9 7075.7 331.14 -346.37 7057 314.42
5.9333 -409.52 7106.9 320.15 -328.41 7070.9 330.88 -336.81 7053.3 314.3
5.9417 -398.65 7102.1 320.3 -318.23 7066.1 330.61 -327.28 7049.4 314.21
5.95 -387.9 7097.5 320.45 -308.36 7061.4 330.31 -317.79 7045.4 314.15
5.9583 -377.26 7093 320.61 -298.8 7056.7 329.99 -308.34 7041.3 314.12
5.9667 -366.72 7088.5 320.78 -289.53 7052 329.65 -298.94 7037 314.1
5.975 -356.29 7084.1 320.95 -280.5 7047.3 329.29 -289.6 7032.5 314.11
5.9833 -345.97 7079.7 321.13 -271.69 7042.7 328.91 -280.34 7027.9 314.12
5.9917 -335.78 7075.2 321.3 -263.04 7038.1 328.51 -271.16 7023.2 314.14
6 -325.74 7070.7 321.48 -254.51 7033.5 328.09 -262.07 7018.4 314.15
6.0083 -315.84 7066.1 321.65 -246.06 7028.8 327.65 -253.08 7013.4 314.15
6.0167 -306.11 7061.3 321.82 -237.64 7024.1 327.2 -244.18 7008.3 314.14
6.025 -296.54 7056.4 321.99 -229.25 7019.2 326.73 -235.38 7003.2 314.1
6.0333 -287.14 7051.4 322.15 -220.85 7014.3 326.25 -226.67 6997.9 314.05
6.0417 -277.9 7046.3 322.3 -212.43 7009.3 325.76 -218.04 6992.5 313.97
