0.0083333 -29.346 1.0211 101.49 -57.055 61.792 92.171 -21.48 167.8 75.902
0.016667 -28.596 8.391 101.7 -55.808 69.045 92.23 -19.847 173.98 75.781
0.025 -27.814 15.946 101.9 -54.501 76.457 92.291 -18.164 180.18 75.657
0.033333 -26.987 23.725 102.11 -53.138 84.026 92.35 -16.429 186.4 75.528
0.041667 -26.108 31.763 102.3 -51.724 91.739 92.41 -14.643 192.65 75.392
0.05 -25.17 40.094 102.47 -50.264 99.583 92.466 -12.804 198.94 75.249
0.058333 -24.17 48.74 102.63 -48.761 107.54 92.516 -10.912 205.3 75.099
0.066667 -23.113 57.703 102.77 -47.215 115.59 92.559 -8.9701 211.73 74.942
0.075 -22.008 66.976 102.89 -45.627 123.72 92.591 -6.9796 218.26 74.781
0.083333 -20.871 76.53 102.99 -43.993 131.92 92.609 -4.9451 224.91 74.619
0.091667 -19.723 86.322 103.06 -42.311 140.18 92.611 -2.8719 231.67 74.459
0.1 -18.587 96.294 103.1 -40.578 148.49 92.596 -0.76678 238.55 74.304
0.10833 -17.485 106.38 103.12 -38.792 156.85 92.563 1.3629 245.55 74.156
0.11667 -16.436 116.52 103.1 -36.955 165.27 92.514 3.5094 252.64 74.017
0.125 -15.45 126.64 103.05 -35.075 173.77 92.45 5.6642 259.82 73.887
0.13333 -14.529 136.69 102.97 -33.162 182.33 92.373 7.8205 267.05 73.763
0.14167 -13.66 146.61 102.85 -31.235 190.97 92.285 9.9708 274.31 73.644
0.15 -12.82 156.38 102.72 -29.314 199.67 92.188 12.11 281.57 73.524
0.15833 -11.979 165.98 102.57 -27.426 208.45 92.086 14.233 288.83 73.397
0.16667 -11.099 175.39 102.4 -25.599 217.27 91.98 16.336 296.05 73.26
0.175 -10.151 184.62 102.23 -23.858 226.11 91.873 18.416 303.24 73.105
0.18333 -9.1103 193.68 102.05 -22.229 234.95 91.764 20.469 310.4 72.929
0.19167 -7.9597 202.57 101.87 -20.73 243.74 91.656 22.494 317.52 72.728
0.2 -6.6961 211.31 101.69 -19.373 252.44 91.549 24.484 324.63 72.501
0.20833 -5.3214 219.89 101.51 -18.164 261.03 91.445 26.436 331.75 72.25
0.21667 -3.847 228.31 101.34 -17.098 269.46 91.342 28.342 338.88 71.977
0.225 -2.2887 236.58 101.17 -16.163 277.7 91.244 30.192 346.04 71.686
0.23333 -0.66561 244.71 101 -15.343 285.73 91.15 31.977 353.25 71.384
0.24167 0.99899 252.71 100.82 -14.615 293.53 91.063 33.684 360.5 71.077
0.25 2.677 260.59 100.62 -13.955 301.11 90.984 35.302 367.8 70.771
0.25833 4.3359 268.36 100.41 -13.341 308.47 90.914 36.818 375.14 70.471
0.26667 5.9409 276.03 100.18 -12.75 315.64 90.854 38.22 382.51 70.184
0.275 7.4547 283.63 99.923 -12.169 322.62 90.806 39.501 389.88 69.911
0.28333 8.846 291.16 99.647 -11.586 329.46 90.77 40.654 397.23 69.654
0.29167 10.091 298.63 99.356 -10.998 336.17 90.746 41.676 404.53 69.413
0.3 11.178 306.05 99.056 -10.405 342.79 90.734 42.569 411.77 69.185
0.30833 12.105 313.39 98.755 -9.8157 349.34 90.733 43.338 418.92 68.969
0.31667 12.888 320.66 98.464 -9.2386 355.83 90.743 43.99 425.97 68.759
0.325 13.547 327.82 98.189 -8.6855 362.28 90.762 44.538 432.9 68.554
0.33333 14.118 334.86 97.936 -8.1668 368.7 90.79 44.996 439.7 68.349
0.34167 14.64 341.75 97.706 -7.6905 375.09 90.823 45.377 446.37 68.141
0.35 15.155 348.46 97.495 -7.2607 381.46 90.861 45.699 452.92 67.928
0.35833 15.692 354.98 97.296 -6.8773 387.81 90.9 45.976 459.34 67.708
0.36667 16.286 361.3 97.099 -6.5357 394.14 90.94 46.222 465.64 67.48
0.375 16.947 367.43 96.894 -6.228 400.44 90.978 46.451 471.83 67.242
0.38333 17.676 373.4 96.668 -5.9438 406.71 91.009 46.672 477.92 66.996
0.39167 18.454 379.23 96.415 -5.6722 412.97 91.033 46.897 483.91 66.74
0.4 19.257 384.97 96.128 -5.4032 419.2 91.045 47.132 489.81 66.474
0.40833 20.048 390.65 95.811 -5.1299 425.43 91.043 47.383 495.62 66.197
0.41667 20.788 396.33 95.464 -4.8475 431.64 91.022 47.656 501.37 65.909
0.425 21.44 402.04 95.097 -4.5566 437.85 90.979 47.955 507.06 65.61
0.43333 21.974 407.82 94.719 -4.261 444.05 90.911 48.282 512.69 65.297
0.44167 22.37 413.68 94.341 -3.9675 450.24 90.814 48.641 518.29 64.969
0.45 22.621 419.64 93.972 -3.6846 456.42 90.687 49.033 523.85 64.626
0.45833 22.732 425.68 93.619 -3.4215 462.59 90.527 49.457 529.4 64.266
0.46667 22.723 431.8 93.283 -3.1855 468.75 90.332 49.914 534.93 63.888
0.475 22.63 437.98 92.961 -2.9827 474.88 90.104 50.399 540.46 63.492
0.48333 22.495 444.18 92.641 -2.8142 481 89.84 50.908 545.97 63.075
0.49167 22.364 450.39 92.313 -2.6793 487.08 89.543 51.436 551.48 62.639
0.5 22.287 456.59 91.956 -2.5719 493.14 89.21 51.975 556.98 62.182
0.50833 22.305 462.75 91.555 -2.4841 499.17 88.843 52.517 562.44 61.706
0.51667 22.44 468.85 91.103 -2.4087 505.17 88.442 53.055 567.88 61.21
0.525 22.701 474.87 90.591 -2.3334 511.14 88.004 53.581 573.27 60.697
0.53333 23.06 480.8 90.018 -2.2536 517.09 87.53 54.088 578.6 60.167
0.54167 23.472 486.62 89.388 -2.1624 523 87.016 54.574 583.87 59.622
0.55 23.873 492.34 88.704 -2.0592 528.88 86.462 55.038 589.07 59.063
0.55833 24.197 497.99 87.969 -1.9445 534.74 85.864 55.482 594.2 58.494
0.56667 24.385 503.59 87.189 -1.8224 540.55 85.22 55.912 599.26 57.914
0.575 24.394 509.17 86.368 -1.6995 546.32 84.531 56.336 604.27 57.326
0.58333 24.201 514.74 85.513 -1.5802 552.05 83.795 56.766 609.22 56.73
0.59167 23.802 520.28 84.632 -1.4687 557.74 83.015 57.213 614.14 56.127
0.6 23.209 525.78 83.733 -1.3666 563.39 82.193 57.691 619.02 55.515
0.60833 22.45 531.2 82.823 -1.2694 569.01 81.332 58.212 623.88 54.895
0.61667 21.566 536.5 81.909 -1.1676 574.6 80.439 58.789 628.71 54.265
0.625 20.605 541.64 80.996 -1.0462 580.18 79.518 59.433 633.53 53.622
0.63333 19.615 546.57 80.087 -0.88473 585.74 78.576 60.154 638.33 52.965
0.64167 18.65 551.27 79.185 -0.66034 591.31 77.618 60.962 643.1 52.29
0.65 17.751 555.71 78.29 -0.34808 596.88 76.65 61.865 647.85 51.596
0.65833 16.955 559.91 77.406 0.075752 602.46 75.676 62.874 652.55 50.882
0.66667 16.279 563.89 76.531 0.63228 608.03 74.699 63.999 657.21 50.148
0.675 15.733 567.66 75.667 1.3372 613.59 73.723 65.256 661.82 49.393
0.68333 15.312 571.29 74.815 2.2004 619.11 72.747 66.661 666.38 48.619
0.69167 14.996 574.81 73.973 3.2257 624.56 71.775 68.233 670.9 47.829
0.7 14.771 578.28 73.143 4.4105 629.93 70.806 69.994 675.38 47.027
0.70833 14.615 581.72 72.322 5.748 635.19 69.843 71.966 679.82 46.215
0.71667 14.513 585.18 71.509 7.2283 640.3 68.886 74.174 684.25 45.398
0.725 14.456 588.67 70.701 8.8408 645.24 67.937 76.635 688.65 44.58
0.73333 14.446 592.2 69.895 10.577 650 66.998 79.369 693.03 43.763
0.74167 14.489 595.77 69.087 12.427 654.56 66.072 82.383 697.39 42.951
0.75 14.605 599.36 68.275 14.393 658.93 65.159 85.683 701.71 42.144
0.75833 14.819 602.96 67.453 16.473 663.1 64.262 89.262 705.98 41.344
0.76667 15.156 606.54 66.616 18.679 667.11 63.377 93.106 710.17 40.55
0.775 15.647 610.09 65.76 21.015 670.96 62.507 97.195 714.24 39.76
0.78333 16.317 613.57 64.88 23.498 674.68 61.645 101.5 718.16 38.975
0.79167 17.186 616.98 63.971 26.136 678.29 60.789 105.99 721.9 38.193
0.8 18.264 620.31 63.031 28.94 681.8 59.936 110.63 725.42 37.413
0.80833 19.549 623.55 62.061 31.917 685.25 59.078 115.4 728.69 36.635
0.81667 21.032 626.73 61.064 35.069 688.64 58.212 120.25 731.7 35.86
0.825 22.698 629.86 60.046 38.395 691.99 57.334 125.17 734.44 35.089
0.83333 24.534 632.97 59.019 41.889 695.28 56.442 130.14 736.92 34.323
0.84167 26.524 636.06 57.99 45.541 698.51 55.532 135.15 739.13 33.564
0.85 28.656 639.17 56.973 49.341 701.69 54.606 140.2 741.11 32.816
0.85833 30.927 642.3 55.977 53.279 704.78 53.664 145.29 742.88 32.08
0.86667 33.331 645.45 55.01 57.346 707.8 52.711 150.45 744.48 31.359
0.875 35.868 648.62 54.078 61.539 710.71 51.75 155.68 745.94 30.654
0.88333 38.54 651.79 53.182 65.855 713.53 50.785 160.99 747.29 29.969
0.89167 41.349 654.95 52.321 70.297 716.23 49.824 166.41 748.57 29.303
0.9 44.297 658.09 51.49 74.873 718.83 48.87 171.96 749.79 28.659
0.90833 47.387 661.18 50.683 79.591 721.32 47.927 177.63 750.98 28.037
0.91667 50.621 664.21 49.893 84.457 723.71 46.998 183.46 752.13 27.436
0.925 54.002 667.17 49.113 89.478 726 46.084 189.43 753.27 26.858
0.93333 57.53 670.06 48.338 94.659 728.2 45.185 195.56 754.38 26.303
0.94167 61.209 672.88 47.564 100 730.31 44.3 201.86 755.47 25.772
0.95 65.041 675.62 46.791 105.5 732.34 43.429 208.31 756.52 25.263
0.95833 69.032 678.3 46.02 111.16 734.29 42.57 214.93 757.52 24.779
0.96667 73.188 680.92 45.254 116.96 736.15 41.724 221.71 758.48 24.319
0.975 77.52 683.49 44.499 122.89 737.93 40.89 228.65 759.38 23.884
0.98333 82.041 686.03 43.759 128.96 739.61 40.07 235.75 760.23 23.475
0.99167 86.764 688.52 43.04 135.15 741.2 39.266 243.01 761.02 23.092
1 91.705 690.99 42.345 141.46 742.69 38.48 250.42 761.76 22.736
1.0083 96.88 693.41 41.676 147.89 744.07 37.712 257.97 762.44 22.408
1.0167 102.3 695.79 41.032 154.45 745.34 36.966 265.68 763.08 22.108
1.025 107.99 698.14 40.412 161.15 746.51 36.242 273.52 763.68 21.837
1.0333 113.94 700.43 39.812 167.99 747.58 35.542 281.48 764.23 21.595
1.0417 120.17 702.67 39.227 175 748.56 34.865 289.56 764.73 21.382
1.05 126.66 704.84 38.654 182.18 749.44 34.214 297.75 765.18 21.198
1.0583 133.41 706.96 38.091 189.56 750.25 33.578 306.05 765.58 21.043
1.0667 140.41 709 37.536 197.13 750.99 32.965 314.43 765.91 20.915
1.075 147.63 710.97 36.99 204.9 751.66 32.37 322.9 766.18 20.814
1.0833 155.06 712.87 36.459 212.88 752.26 31.794 331.46 766.38 20.736
1.0917 162.69 714.67 35.945 221.06 752.8 31.227 340.11 766.5 20.68
1.1 170.49 716.36 35.457 229.43 753.27 30.677 348.85 766.54 20.644
1.1083 178.47 717.95 35 237.98 753.66 30.145 357.69 766.5 20.623
1.1167 186.61 719.4 34.577 246.71 753.97 29.623 366.63 766.39 20.616
1.125 194.94 720.71 34.192 255.6 754.19 29.114 375.68 766.22 20.623
1.1333 203.44 721.87 33.841 264.66 754.3 28.625 384.85 765.98 20.641
1.1417 212.13 722.86 33.52 273.88 754.3 28.144 394.15 765.7 20.671
1.15 221.03 723.69 33.22 283.27 754.19 27.679 403.59 765.38 20.715
1.1583 230.13 724.34 32.931 292.84 753.97 27.224 413.16 765.04 20.776
1.1667 239.45 724.82 32.639 302.59 753.64 26.776 422.88 764.68 20.857
1.175 248.98 725.13 32.333 312.53 753.23 26.332 432.74 764.3 20.962
1.1833 258.73 725.27 32.002 322.66 752.74 25.888 442.76 763.93 21.095
1.1917 268.69 725.25 31.639 332.99 752.19 25.442 452.91 763.56 21.259
1.2 278.85 725.06 31.239 343.49 751.6 24.99 463.21 763.2 21.455
1.2083 289.2 724.72 30.805 354.16 750.99 24.532 473.65 762.85 21.682
1.2167 299.72 724.23 30.339 364.95 750.38 24.068 484.22 762.51 21.938
1.225 310.39 723.59 29.85 375.84 749.78 23.602 494.91 762.18 22.219
1.2333 321.19 722.8 29.348 386.77 749.21 23.137 505.7 761.88 22.516
1.2417 332.09 721.89 28.842 397.7 748.66 22.681 516.56 761.6 22.822
1.25 343.06 720.85 28.342 408.58 748.14 22.24 527.49 761.35 23.128
1.2583 354.06 719.7 27.858 419.6 747.6 21.834 537.34 761.85 24.27
1.2667 365.06 718.45 27.391 430.22 747.15 21.448 548.26 761.7 24.566
1.275 376.03 717.13 26.944 440.66 746.72 21.099 559.13 761.59 24.841
1.2833 386.9 715.76 26.516 450.9 746.33 20.792 569.93 761.55 25.091
1.2917 397.62 714.37 26.102 460.9 745.98 20.529 580.61 761.57 25.316
1.3 408.13 713.03 25.693 470.68 745.67 20.31 591.14 761.66 25.519
1.3083 418.37 711.79 25.279 480.23 745.42 20.131 601.5 761.82 25.706
1.3167 428.27 710.71 24.847 489.57 745.23 19.989 611.66 762.08 25.884
1.325 437.82 709.84 24.383 498.71 745.12 19.876 621.6 762.42 26.061
1.3333 446.99 709.2 23.88 507.66 745.09 19.785 631.33 762.85 26.247
1.3417 455.85 708.77 23.327 516.44 745.16 19.708 640.85 763.39 26.45
1.35 464.42 708.53 22.725 525.07 745.32 19.639 650.15 764.03 26.675
1.3583 472.72 708.47 22.09 533.53 745.59 19.572 659.25 764.79 26.927
1.3667 480.81 708.58 21.434 541.85 745.95 19.503 668.16 765.67 27.206
1.375 488.71 708.85 20.777 550.01 746.4 19.43 676.91 766.68 27.512
1.3833 496.46 709.27 20.142 558.02 746.92 19.353 685.49 767.82 27.841
1.3917 504.09 709.82 19.549 565.86 747.5 19.274 693.93 769.1 28.189
1.4 511.62 710.49 19.015 573.53 748.14 19.197 702.23 770.53 28.55
1.4083 519.06 711.27 18.546 581.04 748.81 19.125 710.39 772.1 28.921
1.4167 526.45 712.15 18.149 588.39 749.52 19.065 718.43 773.82 29.296
1.425 533.78 713.13 17.818 595.58 750.26 19.02 726.33 775.68 29.674
1.4333 541.06 714.18 17.546 602.63 751.04 18.997 734.1 777.68 30.055
1.4417 548.31 715.28 17.315 609.57 751.86 18.999 741.72 779.81 30.439
1.45 555.51 716.44 17.108 616.41 752.73 19.029 749.2 782.05 30.831
1.4583 562.67 717.64 16.909 623.18 753.67 19.088 756.54 784.41 31.234
1.4667 569.79 718.88 16.704 629.89 754.69 19.18 763.72 786.87 31.652
1.475 576.86 720.16 16.477 636.57 755.8 19.302 770.76 789.41 32.088
1.4833 583.88 721.48 16.23 643.22 757 19.457 777.65 792.03 32.546
1.4917 590.86 722.85 15.958 649.85 758.3 19.643 784.41 794.73 33.027
1.5 597.81 724.27 15.67 656.46 759.68 19.861 791.04 797.48 33.53
1.5083 604.75 725.74 15.376 663.05 761.14 20.109 797.56 800.29 34.053
1.5167 611.7 727.27 15.086 669.62 762.66 20.387 803.98 803.16 34.591
1.525 618.66 728.86 14.824 676.17 764.23 20.695 810.3 806.08 35.141
1.5333 625.66 730.54 14.595 682.67 765.82 21.031 816.54 809.05 35.697
1.5417 632.72 732.28 14.417 689.15 767.44 21.396 822.7 812.06 36.255
1.55 639.83 734.12 14.3 695.58 769.05 21.787 828.79 815.12 36.811
1.5583 647.02 736.04 14.246 701.98 770.66 22.203 834.81 818.23 37.362
1.5667 654.29 738.05 14.26 708.34 772.28 22.645 840.76 821.38 37.907
1.575 661.65 740.12 14.34 714.69 773.89 23.11 846.63 824.58 38.446
1.5833 669.09 742.27 14.481 721.02 775.52 23.596 852.44 827.83 38.981
1.5917 676.63 744.48 14.679 727.33 777.18 24.104 858.17 831.14 39.515
1.6 684.25 746.75 14.926 733.64 778.88 24.63 863.82 834.5 40.051
1.6083 691.96 749.07 15.216 739.95 780.64 25.175 869.39 837.92 40.593
1.6167 699.75 751.45 15.548 746.25 782.48 25.738 874.87 841.42 41.145
1.625 707.62 753.88 15.919 752.53 784.4 26.319 880.26 845 41.71
1.6333 715.56 756.4 16.329 758.8 786.41 26.92 885.56 848.66 42.292
1.6417 723.54 759 16.781 765.04 788.51 27.542 890.75 852.41 42.894
1.65 731.56 761.68 17.278 771.25 790.69 28.188 895.84 856.26 43.519
1.6583 739.59 764.47 17.823 777.42 792.96 28.86 900.81 860.21 44.168
1.6667 747.64 767.36 18.416 783.54 795.3 29.564 905.66 864.25 44.845
1.675 755.68 770.36 19.059 789.63 797.7 30.303 910.38 868.38 45.551
1.6833 763.71 773.47 19.749 795.68 800.16 31.081 914.96 872.58 46.29
1.6917 771.74 776.67 20.482 801.71 802.67 31.903 919.41 876.86 47.064
1.7 779.77 779.96 21.254 807.72 805.22 32.773 923.71 881.19 47.874
1.7083 787.82 783.32 22.056 813.73 807.81 33.694 927.86 885.56 48.721
1.7167 795.9 786.74 22.882 819.74 810.45 34.669 931.88 889.98 49.608
1.725 804.04 790.2 23.722 825.77 813.15 35.697 935.77 894.42 50.532
1.7333 812.25 793.69 24.568 831.81 815.9 36.779 939.54 898.89 51.493
1.7417 820.55 797.21 25.412 837.85 818.71 37.911 943.21 903.39 52.486
1.75 828.97 800.77 26.247 843.91 821.59 39.088 946.79 907.93 53.509
1.7583 837.49 804.37 27.071 849.95 824.54 40.305 950.31 912.53 54.555
1.7667 846.14 808.03 27.879 855.97 827.55 41.554 953.78 917.18 55.619
1.775 854.88 811.79 28.673 861.96 830.64 42.826 957.21 921.91 56.694
1.7833 863.71 815.68 29.454 867.89 833.78 44.111 960.64 926.72 57.776
1.7917 872.56 819.73 30.226 873.77 836.97 45.401 964.05 931.63 58.859
1.8 881.41 823.99 30.992 879.59 840.2 46.688 967.47 936.62 59.94
1.8083 890.2 828.45 31.756 885.35 843.47 47.965 970.9 941.7 61.018
1.8167 898.86 833.13 32.519 891.07 846.76 49.227 974.33 946.85 62.093
1.825 907.34 838.01 33.281 896.76 850.08 50.471 977.75 952.05 63.166
1.8333 915.59 843.05 34.042 902.46 853.43 51.694 981.16 957.27 64.238
1.8417 923.55 848.19 34.801 908.17 856.8 52.894 984.54 962.51 65.312
1.85 931.22 853.38 35.558 913.92 860.23 54.071 987.9 967.73 66.39
1.8583 938.57 858.53 36.319 919.71 863.71 55.225 991.22 972.91 67.474
1.8667 945.64 863.58 37.09 925.57 867.26 56.354 994.48 978.05 68.562
1.875 952.45 868.47 37.883 931.46 870.9 57.456 997.7 983.12 69.656
1.8833 959.04 873.16 38.708 937.38 874.64 58.528 1000.9 988.14 70.753
1.8917 965.47 877.65 39.578 943.3 878.48 59.566 1004 993.12 71.852
1.9 971.77 881.95 40.505 949.18 882.42 60.567 1007.1 998.07 72.95
1.9083 977.98 886.09 41.498 954.98 886.45 61.527 1010.2 1003 74.045
1.9167 984.12 890.16 42.565 960.66 890.56 62.444 1013.2 1008 75.136
1.925 990.19 894.22 43.712 966.2 894.72 63.318 1016.2 1013 76.22
1.9333 996.18 898.36 44.94 971.57 898.92 64.151 1019.2 1018.1 77.297
1.9417 1002 902.62 46.245 976.77 903.14 64.95 1022.2 1023.2 78.366
1.95 1007.7 907.05 47.621 981.78 907.35 65.721 1025.2 1028.5 79.427
1.9583 1013.2 911.66 49.061 986.63 911.55 66.474 1028.1 1033.8 80.481
1.9667 1018.4 916.44 50.553 991.34 915.73 67.226 1031 1039.3 81.53
1.975 1023.4 921.38 52.09 995.92 919.9 67.984 1033.8 1044.8 82.575
1.9833 1028 926.43 53.664 1000.4 924.08 68.762 1036.5 1050.3 83.616
1.9917 1032.4 931.54 55.266 1004.8 928.28 69.577 1039.1 1055.9 84.654
2 1036.4 936.65 56.893 1009.2 932.54 70.433 1041.6 1061.5 85.69
2.0083 1040.3 941.7 58.541 1013.5 936.88 71.337 1044 1067.2 86.723
2.0167 1043.9 946.63 60.208 1017.8 941.34 72.294 1046.2 1072.8 87.752
2.025 1047.5 951.39 61.893 1022 945.95 73.302 1048.3 1078.5 88.775
2.0333 1050.9 955.99 63.596 1026.1 950.71 74.358 1050.2 1084.1 89.79
2.0417 1054.4 960.4 65.318 1030.2 955.65 75.456 1051.9 1089.8 90.796
2.05 1057.9 964.65 67.061 1034.2 960.76 76.586 1053.5 1095.4 91.792
2.0583 1061.4 968.78 68.825 1038 966.04 77.74 1054.9 1101.1 92.777
2.0667 1064.9 972.84 70.614 1041.7 971.47 78.907 1056.2 1106.8 93.749
2.075 1068.4 976.86 72.431 1045.2 977.02 80.079 1057.3 1112.6 94.708
2.0833 1071.8 980.9 74.279 1048.5 982.67 81.249 1058.3 1118.4 95.655
2.0917 1075.2 984.96 76.158 1051.6 988.39 82.413 1059.1 1124.2 96.591
2.1 1078.5 989.07 78.066 1054.6 994.15 83.567 1059.9 1130 97.517
2.1083 1081.7 993.23 79.997 1057.4 999.94 84.71 1060.5 1135.9 98.433
2.1167 1084.8 997.43 81.942 1060.1 1005.7 85.841 1060.9 1141.8 99.342
2.125 1087.8 1001.7 83.892 1062.6 1011.5 86.958 1061.3 1147.7 100.24
2.1333 1090.9 1006 85.835 1065.1 1017.3 88.063 1061.5 1153.6 101.14
2.1417 1093.9 1010.3 87.761 1067.4 1023.1 89.153 1061.6 1159.5 102.03
2.15 1096.9 1014.7 89.658 1069.6 1028.8 90.227 1061.5 1165.4 102.92
2.1583 1100 1019.1 91.518 1071.7 1034.6 91.282 1061.4 1171.3 103.8
2.1667 1103.1 1023.6 93.331 1073.6 1040.4 92.314 1061.2 1177.2 104.68
2.175 1106.3 1028.1 95.093 1075.5 1046.2 93.321 1060.9 1183.1 105.56
2.1833 1109.5 1032.8 96.796 1077.2 1052.1 94.301 1060.4 1188.9 106.44
2.1917 1112.7 1037.5 98.436 1078.9 1058 95.252 1060 1194.8 107.32
2.2 1115.9 1042.4 100.01 1080.4 1063.9 96.174 1059.4 1200.7 108.2
2.2083 1119 1047.3 101.51 1081.8 1069.8 97.07 1058.8 1206.5 109.08
2.2167 1122.1 1052.4 102.93 1083.1 1075.8 97.944 1058.1 1212.3 109.97
2.225 1125 1057.6 104.27 1083.6 1081.9 98.922 1057.5 1218.1 110.77
2.2333 1127.9 1062.9 105.53 1084.8 1087.9 99.751 1056.8 1223.8 111.7
2.2417 1130.6 1068.3 106.69 1086 1093.8 100.58 1056 1229.4 112.64
2.25 1133.2 1073.9 107.77 1087.1 1099.7 101.41 1055.1 1235 113.59
2.2583 1135.8 1079.6 108.76 1088.2 1105.7 102.25 1054.2 1240.5 114.55
2.2667 1138.2 1085.5 109.67 1089.2 1111.5 103.09 1053.2 1245.9 115.53
2.275 1140.6 1091.5 110.51 1090.1 1117.4 103.95 1052.2 1251.3 116.52
2.2833 1142.8 1097.7 111.27 1091.6 1123.1 104.71 1050.9 1256.6 117.61
2.2917 1145 1104 111.98 1092.6 1128.9 105.56 1049.7 1261.9 118.63
2.3 1147.1 1110.4 112.63 1093.5 1134.6 106.4 1048.4 1267.2 119.66
2.3083 1149.1 1117 113.24 1094.3 1140.2 107.21 1047 1272.6 120.68
2.3167 1150.9 1123.8 113.82 1095.1 1145.9 108.01 1045.5 1277.9 121.7
2.325 1152.6 1130.6 114.38 1095.9 1151.5 108.77 1043.9 1283.2 122.72
2.3333 1154.2 1137.6 114.93 1096.5 1157.1 109.5 1042.2 1288.5 123.71
2.3417 1155.5 1144.6 115.48 1097.1 1162.7 110.19 1040.4 1293.8 124.69
2.35 1156.6 1151.6 116.04 1097.7 1168.3 110.86 1038.5 1299 125.66
2.3583 1157.5 1158.6 116.62 1098.1 1173.9 111.51 1036.6 1304.2 126.61
2.3667 1158.1 1165.5 117.24 1098.5 1179.5 112.14 1034.6 1309.3 127.53
2.375 1158.5 1172.2 117.88 1098.8 1185.2 112.79 1032.6 1314.3 128.45
2.3833 1158.8 1178.9 118.58 1099 1190.9 113.45 1030.5 1319.2 129.35
2.3917 1159 1185.3 119.31 1099.1 1196.5 114.16 1028.3 1323.9 130.23
2.4 1159.2 1191.5 120.09 1099.1 1202.2 114.92 1026.1 1328.5 131.11
2.4083 1159.3 1197.5 120.9 1099 1207.9 115.74 1023.8 1332.9 131.99
2.4167 1159.5 1203.4 121.74 1098.7 1213.5 116.63 1021.5 1337.2 132.85
2.425 1159.8 1209.1 122.61 1098.2 1219.1 117.6 1019 1341.4 133.71
2.4333 1160.1 1214.6 123.49 1097.6 1224.7 118.63 1016.5 1345.4 134.56
2.4417 1160.4 1220 124.4 1096.8 1230.2 119.74 1013.8 1349.4 135.41
2.45 1160.7 1225.2 125.33 1095.7 1235.6 120.89 1010.9 1353.2 136.25
2.4583 1160.8 1230.3 126.28 1094.5 1240.9 122.09 1007.9 1357 137.07
2.4667 1160.7 1235.2 127.27 1093 1246.1 123.32 1004.7 1360.7 137.89
2.475 1155.8 1240.4 130.22 1091.3 1251.1 124.56 1001.3 1364.4 138.69
2.4833 1160 1244.5 129.32 1089.4 1256.1 125.81 997.72 1368 139.48
2.4917 1159.2 1248.9 130.39 1087.4 1260.9 127.05 993.9 1371.6 140.26
2.5 1158.2 1253.1 131.47 1085.1 1265.7 128.28 989.86 1375 141.03
2.5083 1156.9 1257.4 132.56 1082.7 1270.3 129.5 985.58 1378.4 141.81
2.5167 1155.5 1261.5 133.66 1080.2 1274.9 130.71 981.06 1381.7 142.58
2.525 1153.9 1265.7 134.74 1077.5 1279.4 131.92 976.32 1384.8 143.36
2.5333 1152.2 1269.8 135.81 1074.6 1283.7 133.13 971.34 1387.8 144.15
2.5417 1150.2 1273.8 136.86 1071.7 1288.1 134.34 966.15 1390.6 144.95
2.55 1148.2 1277.8 137.89 1068.5 1292.3 135.58 960.74 1393.2 145.77
2.5583 1146 1281.6 138.91 1065.2 1296.5 136.83 955.15 1395.7 146.6
2.5667 1143.7 1285.5 139.92 1061.7 1300.5 138.13 949.38 1398 147.44
2.575 1141.3 1289.2 140.91 1058.1 1304.5 139.44 943.47 1400.2 148.29
2.5833 1138.7 1293 141.9 1054.2 1308.5 140.77 937.42 1402.2 149.15
2.5917 1136.1 1296.7 142.89 1050.2 1312.3 142.12 931.26 1404 150
2.6 1133.3 1300.5 143.87 1045.9 1316.1 143.48 925.01 1405.7 150.85
2.6083 1130.4 1304.2 144.84 1041.5 1319.7 144.83 918.68 1407.3 151.68
2.6167 1127.3 1308 145.8 1036.9 1323.3 146.17 912.3 1408.8 152.5
2.625 1124.1 1311.8 146.75 1032 1326.8 147.48 905.88 1410.2 153.29
2.6333 1120.6 1315.7 147.69 1027.1 1330.2 148.76 899.41 1411.4 154.05
2.6417 1117.1 1319.5 148.61 1021.9 1333.5 149.99 892.9 1412.6 154.79
2.65 1113.3 1323.4 149.52 1016.8 1336.5 151.17 886.11 1415.4 154.49
2.6583 1109.4 1327.4 150.4 1011.4 1339.7 152.31 879.5 1416.4 155.2
2.6667 1105.3 1331.4 151.25 1006 1342.8 153.4 872.85 1417.4 155.88
2.675 1101.2 1335.3 152.08 1000.4 1345.8 154.44 866.14 1418.3 156.54
2.6833 1096.9 1339.4 152.89 994.71 1348.8 155.45 859.38 1419.1 157.19
2.6917 1092.5 1343.4 153.67 988.93 1351.6 156.41 852.55 1419.9 157.82
2.7 1087.9 1347.5 154.43 983.05 1354.4 157.34 845.64 1420.6 158.43
2.7083 1083.2 1351.5 155.17 977.05 1357.2 158.24 838.66 1421.3 159.03
2.7167 1078.4 1355.6 155.88 970.92 1359.8 159.12 831.6 1422 159.61
2.725 1073.4 1359.7 156.57 964.66 1362.3 159.96 824.45 1422.6 160.17
2.7333 1068.2 1363.7 157.23 958.25 1364.7 160.78 817.22 1423.2 160.72
2.7417 1062.7 1367.7 157.86 951.68 1367 161.57 809.89 1423.8 161.24
2.75 1057 1371.6 158.46 944.95 1369.2 162.32 802.48 1424.4 161.73
2.7583 1051.1 1375.5 159.01 938.06 1371.3 163.03 794.97 1424.9 162.2
2.7667 1044.9 1379.3 159.52 930.99 1373.3 163.71 787.38 1425.5 162.64
2.775 1038.5 1382.9 159.98 923.76 1375.2 164.34 779.69 1426 163.07
2.7833 1031.8 1386.5 160.38 916.36 1377 164.92 771.9 1426.5 163.47
2.7917 1024.9 1389.9 160.72 908.8 1378.7 165.47 764.03 1427 163.87
2.8 1017.8 1393.2 161.01 901.06 1380.3 165.97 756.06 1427.3 164.26
2.8083 1010.4 1396.3 161.24 893.16 1381.9 166.43 748 1427.6 164.65
2.8167 1002.9 1399.3 161.43 885.05 1383.4 166.85 739.85 1427.8 165.05
2.825 995.08 1402.1 161.57 876.73 1384.9 167.24 731.62 1427.9 165.46
2.8333 987.12 1404.7 161.69 868.18 1386.3 167.61 723.3 1427.9 165.88
2.8417 978.95 1407.1 161.78 859.37 1387.7 167.95 714.9 1427.7 166.32
2.85 970.59 1409.4 161.86 850.27 1389.1 168.27 706.4 1427.4 166.76
2.8583 962.01 1411.4 161.94 840.85 1390.4 168.58 697.81 1427 167.21
2.8667 953.2 1413.3 162.03 831.09 1391.7 168.88 689.12 1426.5 167.65
2.875 944.16 1415.1 162.13 820.98 1392.9 169.17 680.3 1425.9 168.07
2.8833 934.86 1416.7 162.25 810.51 1394 169.46 671.34 1425.2 168.48
2.8917 925.29 1418.3 162.39 799.69 1394.9 169.73 662.22 1424.4 168.86
2.9 915.43 1419.9 162.55 788.54 1395.7 169.99 652.93 1423.6 169.2
2.9083 905.29 1421.3 162.74 777.08 1396.3 170.25 643.44 1422.8 169.5
2.9167 894.85 1422.7 162.95 765.36 1396.7 170.49 633.73 1422 169.77
2.925 884.12 1424.1 163.18 753.43 1397 170.72 623.8 1421.1 170
2.9333 873.11 1425.4 163.43 741.34 1397 170.93 613.64 1420.3 170.21
2.9417 861.86 1426.6 163.7 729.16 1396.9 171.13 603.26 1419.4 170.39
2.95 850.37 1427.7 163.99 716.94 1396.6 171.31 592.68 1418.5 170.55
2.9583 838.69 1428.7 164.29 704.73 1396.2 171.47 581.92 1417.6 170.7
2.9667 826.85 1429.6 164.6 692.59 1395.7 171.61 571.02 1416.6 170.86
2.975 814.89 1430.3 164.94 680.54 1395.1 171.75 560.02 1415.6 171.01
2.9833 802.86 1430.9 165.29 668.64 1394.4 171.86 548.97 1414.6 171.17
2.9917 790.81 1431.4 165.67 656.9 1393.8 171.96 537.92 1413.6 171.34
3 778.79 1431.7 166.08 645.34 1393.2 172.05 526.93 1412.5 171.51
3.0083 766.86 1432 166.52 633.97 1392.6 172.13 516.04 1411.4 171.69
3.0167 755.07 1432.2 166.99 622.8 1392.2 172.2 505.3 1410.3 171.86
3.025 743.47 1432.3 167.49 611.83 1391.8 172.26 494.75 1409.3 172.03
3.0333 732.1 1432.5 168.02 601.06 1391.5 172.31 484.41 1408.2 172.19
3.0417 720.98 1432.7 168.58 590.49 1391.3 172.36 474.29 1407.2 172.34
3.05 710.11 1432.9 169.16 580.11 1391.1 172.4 464.41 1406.3 172.48
3.0583 699.46 1433.2 169.76 569.92 1391.1 172.44 454.75 1405.5 172.61
3.0667 689.01 1433.6 170.38 559.91 1391.1 172.47 445.31 1404.7 172.73
3.075 678.72 1434.1 171 550.08 1391.2 172.5 436.06 1404 172.84
3.0833 668.55 1434.6 171.62 540.42 1391.3 172.54 426.98 1403.4 172.94
3.0917 658.47 1435.2 172.22 530.92 1391.4 172.58 418.04 1402.9 173.03
3.1 648.44 1435.8 172.79 521.57 1391.6 172.62 409.22 1402.4 173.11
3.1083 638.45 1436.5 173.34 512.35 1391.8 172.66 400.48 1402.1 173.19
3.1167 628.48 1437.2 173.85 503.24 1392 172.71 391.8 1401.7 173.26
3.125 618.54 1437.8 174.32 494.24 1392.2 172.76 383.16 1401.5 173.33
3.1333 608.61 1438.5 174.76 485.31 1392.5 172.81 374.55 1401.4 173.39
3.1417 598.71 1439.3 175.17 476.44 1392.8 172.87 365.94 1401.3 173.44
3.15 588.85 1440 175.55 467.62 1393.1 172.92 357.34 1401.3 173.48
3.1583 579.03 1440.7 175.91 458.82 1393.4 172.97 348.72 1401.4 173.52
3.1667 569.27 1441.4 176.27 450.02 1393.8 173.02 340.1 1401.6 173.54
3.175 559.55 1442.1 176.64 441.22 1394.3 173.06 331.47 1401.8 173.56
3.1833 549.89 1442.9 177.01 432.41 1394.8 173.09 322.84 1402.2 173.58
3.1917 540.27 1443.6 177.4 423.56 1395.3 173.11 314.2 1402.6 173.59
3.2 530.68 1444.3 177.79 414.69 1395.9 173.13 305.57 1403.1 173.6
3.2083 521.11 1445 178.2 405.78 1396.5 173.13 296.94 1403.7 173.62
3.2167 511.53 1445.7 178.62 396.83 1397.2 173.13 288.32 1404.4 173.63
3.225 501.93 1446.4 179.03 387.84 1397.9 173.11 279.72 1405.1 173.65
3.2333 492.29 1447.1 179.44 378.81 1398.7 173.1 271.14 1405.8 173.67
3.2417 482.61 1447.8 179.84 369.74 1399.4 173.08 262.58 1406.6 173.69
3.25 472.88 1448.5 180.22 360.63 1400.3 173.06 254.05 1407.5 173.7
3.2583 463.09 1449.2 180.59 351.47 1401.1 173.04 245.53 1408.4 173.71
3.2667 453.26 1449.8 180.94 342.27 1402 173.03 237.04 1409.4 173.71
3.275 443.4 1450.5 181.27 333.04 1402.8 173.04 228.55 1410.4 173.69
3.2833 433.52 1451.2 181.6 323.77 1403.8 173.05 220.07 1411.5 173.67
3.2917 423.64 1451.8 181.93 314.47 1404.7 173.08 211.59 1412.7 173.64
3.3 413.75 1452.5 182.26 305.15 1405.6 173.13 203.1 1413.9 173.6
3.3083 403.88 1453.2 182.59 295.8 1406.6 173.2 194.58 1415.1 173.55
3.3167 394.01 1453.8 182.94 286.43 1407.6 173.29 186.03 1416.4 173.5
3.325 384.13 1454.4 183.3 277.05 1408.6 173.4 177.44 1417.8 173.46
3.3333 374.22 1455 183.67 267.65 1409.7 173.53 168.82 1419.1 173.42
3.3417 364.27 1455.6 184.05 258.23 1410.7 173.68 160.14 1420.5 173.39
