0.0083333 -25.776 4.732 95.332 -37.715 109.55 84.778 1.3852 185.94 76.589
0.016667 -24.935 12.025 95.49 -36.388 118.85 84.789 3.3327 195.09 76.432
0.025 -24.065 19.636 95.678 -34.975 128.28 84.778 5.3724 204.38 76.273
0.033333 -23.165 27.592 95.887 -33.468 137.83 84.741 7.5102 213.82 76.116
0.041667 -22.241 35.914 96.106 -31.861 147.48 84.677 9.7483 223.42 75.964
0.05 -21.3 44.61 96.324 -30.151 157.21 84.59 12.087 233.19 75.822
0.058333 -20.354 53.676 96.532 -28.334 167.02 84.482 14.521 243.12 75.695
0.066667 -19.413 63.099 96.721 -26.412 176.89 84.361 17.045 253.22 75.589
0.075 -18.491 72.852 96.884 -24.391 186.82 84.232 19.648 263.47 75.507
0.083333 -17.596 82.901 97.016 -22.279 196.81 84.101 22.321 273.86 75.451
0.091667 -16.732 93.204 97.114 -20.088 206.85 83.977 25.052 284.38 75.421
0.1 -15.901 103.72 97.178 -17.833 216.96 83.862 27.827 294.98 75.414
0.10833 -15.093 114.39 97.208 -15.531 227.12 83.763 30.635 305.65 75.426
0.11667 -14.295 125.18 97.203 -13.204 237.35 83.681 33.462 316.34 75.449
0.125 -13.487 136.05 97.17 -10.874 247.62 83.62 36.296 327.02 75.476
0.13333 -12.643 146.96 97.111 -8.5627 257.94 83.582 39.122 337.65 75.499
0.14167 -11.735 157.88 97.03 -6.2942 268.29 83.569 41.926 348.21 75.511
0.15 -10.73 168.79 96.929 -4.09 278.63 83.584 44.688 358.67 75.507
0.15833 -9.6062 179.67 96.81 -1.9696 288.95 83.627 47.392 369.01 75.483
0.16667 -8.3447 190.51 96.673 0.050881 299.21 83.703 50.014 379.21 75.44
0.175 -6.9413 201.32 96.516 1.9595 309.37 83.812 52.535 389.28 75.381
0.18333 -5.4039 212.08 96.339 3.75 319.4 83.955 54.931 399.22 75.313
0.19167 -3.7507 222.81 96.139 5.421 329.28 84.132 57.181 409.03 75.243
0.2 -2.0028 233.5 95.915 6.9774 338.99 84.342 59.267 418.74 75.181
0.20833 -0.18065 244.16 95.665 8.4284 348.52 84.58 61.175 428.36 75.136
0.21667 1.6989 254.8 95.389 9.7878 357.86 84.842 62.895 437.93 75.117
0.225 3.6216 265.41 95.09 11.071 367.04 85.121 64.424 447.47 75.131
0.23333 5.5749 275.99 94.769 12.294 376.08 85.409 65.765 456.99 75.18
0.24167 7.5476 286.53 94.432 13.475 385 85.699 66.924 466.53 75.267
0.25 9.5265 297.03 94.082 14.626 393.84 85.984 67.913 476.09 75.389
0.25833 11.499 307.47 93.726 15.76 402.63 86.258 68.747 485.69 75.542
0.26667 13.454 317.84 93.369 16.883 411.42 86.515 69.441 495.34 75.72
0.275 15.384 328.14 93.014 17.995 420.23 86.752 70.01 505.03 75.916
0.28333 17.275 338.37 92.669 19.104 429.09 86.975 70.467 514.77 76.123
0.29167 19.122 348.53 92.33 20.201 438.01 87.178 70.821 524.55 76.334
0.3 20.915 358.61 91.998 21.282 447.02 87.366 71.076 534.36 76.546
0.30833 22.643 368.64 91.67 22.345 456.11 87.542 71.234 544.2 76.756
0.31667 24.296 378.63 91.344 23.384 465.28 87.709 71.293 554.04 76.962
0.325 25.869 388.58 91.014 24.397 474.54 87.87 71.249 563.89 77.167
0.33333 27.356 398.52 90.677 25.384 483.87 88.027 71.1 573.72 77.372
0.34167 28.759 408.45 90.33 26.346 493.27 88.179 70.843 583.53 77.579
0.35 30.084 418.38 89.971 27.285 502.72 88.325 70.478 593.31 77.793
0.35833 31.339 428.33 89.599 28.205 512.23 88.462 70.01 603.06 78.013
0.36667 32.537 438.29 89.217 29.109 521.79 88.586 69.451 612.77 78.242
0.375 33.693 448.28 88.827 30.001 531.39 88.693 68.814 622.45 78.478
0.38333 34.818 458.29 88.432 30.884 541.06 88.781 68.118 632.09 78.718
0.39167 35.924 468.31 88.036 31.759 550.79 88.847 67.383 641.71 78.96
0.4 37.022 478.35 87.643 32.624 560.6 88.891 66.634 651.32 79.2
0.40833 38.113 488.4 87.255 33.479 570.48 88.912 65.891 660.92 79.434
0.41667 39.203 498.44 86.875 34.313 580.46 88.913 65.174 670.55 79.658
0.425 40.286 508.48 86.504 35.122 590.52 88.897 64.5 680.2 79.871
0.43333 41.359 518.51 86.144 35.898 600.67 88.866 63.878 689.91 80.071
0.44167 42.41 528.53 85.794 36.636 610.91 88.824 63.317 699.68 80.258
0.45 43.432 538.54 85.454 37.333 621.23 88.773 62.818 709.52 80.436
0.45833 44.417 548.54 85.125 37.987 631.62 88.718 62.379 719.46 80.606
0.46667 45.353 558.56 84.809 38.599 642.1 88.659 61.995 729.48 80.772
0.475 46.237 568.6 84.505 39.174 652.64 88.597 61.661 739.59 80.937
0.48333 47.065 578.71 84.215 39.716 663.27 88.534 61.368 749.79 81.103
0.49167 47.847 588.91 83.94 40.232 673.97 88.467 61.111 760.07 81.273
0.5 48.584 599.24 83.679 40.728 684.77 88.396 60.882 770.41 81.448
0.50833 49.294 609.74 83.429 41.211 695.67 88.321 60.677 780.81 81.626
0.51667 49.993 620.43 83.191 41.684 706.67 88.239 60.493 791.26 81.806
0.525 50.701 631.34 82.964 42.152 717.79 88.153 60.325 801.75 81.985
0.53333 51.432 642.47 82.748 42.613 729.02 88.063 60.171 812.28 82.16
0.54167 52.191 653.82 82.546 43.067 740.38 87.972 60.028 822.86 82.328
0.55 52.977 665.36 82.358 43.508 751.86 87.884 59.892 833.49 82.486
0.55833 53.78 677.08 82.183 43.929 763.47 87.805 59.757 844.2 82.632
0.56667 54.589 688.98 82.017 44.321 775.19 87.739 59.619 855.01 82.764
0.575 55.392 701.05 81.855 44.676 787.03 87.692 59.471 865.95 82.88
0.58333 56.174 713.29 81.689 44.983 798.97 87.668 59.31 877.03 82.98
0.59167 56.932 725.74 81.512 45.231 811.02 87.667 59.129 888.28 83.063
0.6 57.648 738.41 81.32 45.414 823.16 87.693 58.928 899.73 83.129
0.60833 58.338 751.32 81.108 45.525 835.4 87.744 58.705 911.37 83.178
0.61667 59.005 764.5 80.878 45.565 847.72 87.816 58.466 923.21 83.207
0.625 59.665 777.94 80.633 45.535 860.14 87.905 58.215 935.24 83.216
0.63333 60.336 791.65 80.384 45.446 872.64 88.004 57.959 947.43 83.203
0.64167 61.038 805.59 80.144 45.309 885.22 88.106 57.708 959.76 83.167
0.65 61.779 819.72 79.928 45.143 897.88 88.202 57.471 972.18 83.108
0.65833 62.565 834 79.752 44.97 910.6 88.284 57.257 984.66 83.027
0.66667 63.386 848.34 79.631 44.814 923.38 88.344 57.075 997.15 82.925
0.675 64.228 862.68 79.574 44.703 936.19 88.374 56.932 1009.6 82.807
0.68333 65.071 876.95 79.588 44.663 949.01 88.368 56.831 1022 82.679
0.69167 65.892 891.1 79.67 44.722 961.81 88.32 56.778 1034.3 82.546
0.7 66.673 905.06 79.815 44.904 974.57 88.225 56.774 1046.5 82.418
0.70833 67.399 918.8 80.013 45.228 987.26 88.082 56.824 1058.5 82.301
0.71667 68.058 932.29 80.247 45.71 999.84 87.887 56.932 1070.4 82.204
0.725 68.643 945.52 80.5 46.361 1012.3 87.642 57.107 1082.2 82.132
0.73333 69.153 958.47 80.757 47.182 1024.6 87.347 57.359 1093.8 82.089
0.74167 69.594 971.19 81.005 48.17 1036.7 87.006 57.704 1105.3 82.075
0.75 69.973 983.7 81.237 49.313 1048.7 86.621 58.16 1116.8 82.089
0.75833 70.313 996.05 81.446 50.597 1060.5 86.198 58.75 1128.2 82.124
0.76667 70.639 1008.3 81.63 52.004 1072.1 85.744 59.498 1139.5 82.172
0.775 70.985 1020.4 81.787 53.511 1083.5 85.266 60.427 1150.7 82.222
0.78333 71.388 1032.4 81.915 55.096 1094.7 84.77 61.56 1162 82.261
0.79167 71.884 1044.4 82.015 56.74 1105.8 84.266 62.917 1173.1 82.277
0.8 72.508 1056.3 82.091 58.423 1116.8 83.758 64.511 1184.2 82.258
0.80833 73.289 1068.1 82.148 60.134 1127.7 83.253 66.349 1195.3 82.195
0.81667 74.248 1079.9 82.192 61.863 1138.5 82.757 68.432 1206.3 82.082
0.825 75.4 1091.5 82.227 63.605 1149.3 82.271 70.751 1217.3 81.914
0.83333 76.746 1103 82.261 65.362 1160 81.798 73.293 1228.1 81.692
0.84167 78.27 1114.5 82.299 67.137 1170.7 81.336 76.038 1238.9 81.42
0.85 79.954 1125.8 82.347 68.938 1181.4 80.885 78.965 1249.6 81.105
0.85833 81.769 1137 82.411 70.772 1192.1 80.44 82.046 1260.2 80.752
0.86667 83.683 1148.2 82.496 72.65 1202.8 79.999 85.258 1270.8 80.373
0.875 85.662 1159.3 82.605 74.58 1213.5 79.558 88.578 1281.3 79.976
0.88333 87.674 1170.3 82.74 76.566 1224.3 79.115 91.984 1291.7 79.567
0.89167 89.695 1181.3 82.9 78.614 1235.1 78.67 95.46 1302 79.154
0.9 91.704 1192.3 83.083 80.724 1245.9 78.222 98.993 1312.3 78.741
0.90833 93.691 1203.3 83.285 82.896 1256.8 77.775 102.57 1322.5 78.329
0.91667 95.653 1214.3 83.5 85.128 1267.8 77.332 106.19 1332.8 77.918
0.925 97.597 1225.3 83.722 87.414 1278.9 76.897 109.85 1343 77.508
0.93333 99.536 1236.3 83.946 89.75 1290 76.477 113.55 1353.2 77.097
0.94167 101.49 1247.3 84.167 92.132 1301.1 76.077 117.27 1363.4 76.682
0.95 103.47 1258.3 84.383 94.556 1312.4 75.701 121.02 1373.6 76.263
0.95833 105.5 1269.3 84.591 97.02 1323.7 75.354 124.8 1383.8 75.838
0.96667 107.59 1280.3 84.793 99.523 1335.1 75.039 128.59 1394 75.407
0.975 109.77 1291.4 84.989 102.07 1346.6 74.757 132.41 1404.3 74.974
0.98333 112.03 1302.5 85.18 104.65 1358.2 74.51 136.24 1414.6 74.54
0.99167 114.39 1313.7 85.369 107.28 1369.8 74.297 140.08 1424.9 74.111
1 116.84 1324.9 85.555 109.96 1381.6 74.118 143.93 1435.3 73.69
1.0083 119.38 1336.2 85.74 112.7 1393.3 73.973 147.79 1445.7 73.282
1.0167 122.02 1347.6 85.922 115.5 1405.2 73.86 151.67 1456.2 72.889
1.025 124.77 1359 86.1 118.38 1417.1 73.779 155.57 1466.8 72.515
1.0333 127.63 1370.6 86.281 121.34 1429.1 73.73 159.49 1477.4 72.159
1.0417 130.6 1382.3 86.455 124.38 1441.1 73.712 163.45 1488.1 71.823
1.05 133.67 1394.1 86.625 127.53 1453.1 73.725 167.46 1498.8 71.505
1.0583 136.83 1406.1 86.784 130.79 1465.2 73.765 171.52 1509.6 71.201
1.0667 140.03 1418.2 86.93 134.16 1477.4 73.831 175.63 1520.5 70.911
1.075 143.23 1430.4 87.055 137.66 1489.6 73.919 179.8 1531.4 70.632
1.0833 146.42 1442.7 87.152 141.29 1501.9 74.02 184.04 1542.4 70.362
1.0917 149.57 1455 87.218 145.05 1514.2 74.126 188.34 1553.4 70.101
1.1 152.7 1467.4 87.253 148.95 1526.6 74.229 192.71 1564.5 69.85
1.1083 155.82 1479.8 87.261 153 1539 74.315 197.13 1575.6 69.611
1.1167 158.95 1492.3 87.248 157.2 1551.6 74.379 201.62 1586.8 69.387
1.125 162.11 1504.9 87.224 161.54 1564.2 74.41 206.16 1598 69.182
1.1333 165.34 1517.7 87.198 166.03 1576.9 74.401 210.76 1609.3 68.999
1.1417 168.65 1530.7 87.18 170.65 1589.6 74.347 215.41 1620.5 68.841
1.15 172.07 1543.9 87.176 175.4 1602.4 74.248 220.12 1631.9 68.71
1.1583 175.61 1557.4 87.188 180.26 1615.3 74.105 224.88 1643.2 68.605
1.1667 179.27 1571.1 87.21 185.2 1628.2 73.926 229.69 1654.7 68.526
1.175 183.04 1585.1 87.234 190.22 1641.1 73.718 234.54 1666.1 68.469
1.1833 186.89 1599.3 87.244 195.28 1654 73.493 239.44 1677.6 68.428
1.1917 190.82 1613.6 87.225 200.34 1666.9 73.263 244.37 1689.2 68.397
1.2 194.79 1627.9 87.161 205.39 1679.7 73.039 249.31 1700.8 68.37
1.2083 198.79 1642.2 87.042 210.38 1692.5 72.835 254.27 1712.5 68.339
1.2167 202.83 1656.4 86.86 215.29 1705.2 72.662 259.2 1724.2 68.3
1.225 206.92 1670.5 86.61 220.09 1717.9 72.526 264.1 1735.9 68.247
1.2333 211.05 1684.3 86.292 224.75 1730.4 72.436 268.94 1747.6 68.179
1.2417 215.24 1697.9 85.911 229.26 1742.9 72.393 273.69 1759.4 68.094
1.25 219.47 1711.2 85.478 233.59 1755.2 72.399 278.34 1771.2 67.997
1.2583 223.75 1724.3 85.005 237.74 1767.4 72.453 282.86 1782.9 67.889
1.2667 228.06 1737.1 84.508 241.7 1779.5 72.549 287.24 1794.6 67.778
1.275 232.41 1749.6 84.002 245.48 1791.5 72.683 291.46 1806.4 67.667
1.2833 236.79 1761.9 83.497 249.09 1803.3 72.847 295.52 1818.1 67.564
1.2917 241.22 1774.1 83.003 252.55 1815 73.032 299.42 1829.8 67.473
1.3 245.68 1786.2 82.531 255.86 1826.5 73.237 303.15 1841.5 67.399
1.3083 250.15 1798.2 82.084 259.07 1838 73.447 306.73 1853.3 67.344
1.3167 254.63 1810 81.666 262.17 1849.3 73.66 310.15 1865.1 67.309
1.325 259.09 1821.9 81.277 265.21 1860.6 73.87 313.43 1876.9 67.296
1.3333 263.51 1833.7 80.915 268.21 1871.7 74.073 316.58 1888.8 67.303
1.3417 267.87 1845.5 80.573 271.17 1882.9 74.268 319.6 1900.7 67.328
1.35 272.16 1857.2 80.246 274.11 1894 74.453 322.49 1912.7 67.37
1.3583 276.35 1868.9 79.925 277.05 1905 74.627 325.28 1924.8 67.428
1.3667 280.44 1880.5 79.603 279.98 1916.1 74.791 327.95 1936.9 67.499
1.375 284.44 1892.1 79.275 282.92 1927.2 74.944 330.52 1949.1 67.584
1.3833 288.33 1903.6 78.937 285.85 1938.3 75.089 332.98 1961.3 67.681
1.3917 292.13 1915 78.589 288.79 1949.4 75.225 335.34 1973.5 67.79
1.4 295.86 1926.4 78.233 291.71 1960.6 75.355 337.6 1985.7 67.911
1.4083 299.53 1937.8 77.873 294.64 1971.8 75.478 339.77 1997.9 68.044
1.4167 303.15 1949.1 77.514 297.55 1983.1 75.594 341.84 2010 68.189
1.425 306.74 1960.4 77.162 300.46 1994.4 75.704 343.83 2022.1 68.344
1.4333 310.32 1971.7 76.819 303.37 2005.8 75.808 345.75 2034.2 68.51
1.4417 313.88 1983 76.487 306.28 2017.2 75.903 347.61 2046.2 68.685
1.45 317.44 1994.3 76.163 309.2 2028.7 75.99 349.43 2058.2 68.865
1.4583 320.98 2005.7 75.844 312.13 2040.3 76.067 351.21 2070.2 69.051
1.4667 324.5 2017 75.522 315.07 2051.9 76.133 352.98 2082.1 69.24
1.475 328 2028.5 75.192 318.04 2063.6 76.187 354.76 2094 69.428
1.4833 331.46 2039.9 74.85 321.02 2075.4 76.229 356.55 2105.8 69.616
1.4917 334.87 2051.4 74.493 324.02 2087.3 76.26 358.37 2117.7 69.8
1.5 338.23 2062.9 74.121 327.03 2099.3 76.28 360.24 2129.5 69.979
1.5083 341.54 2074.4 73.74 330.06 2111.4 76.29 362.17 2141.4 70.15
1.5167 344.79 2086 73.357 333.1 2123.5 76.294 364.16 2153.2 70.313
1.525 347.99 2097.5 72.981 336.13 2135.8 76.292 366.21 2165.1 70.464
1.5333 351.16 2109.1 72.624 339.17 2148.1 76.287 368.34 2177 70.603
1.5417 354.3 2120.8 72.292 342.2 2160.4 76.28 370.53 2188.8 70.727
1.55 357.45 2132.5 71.99 345.22 2172.9 76.274 372.77 2200.7 70.836
1.5583 360.6 2144.4 71.72 348.24 2185.4 76.269 375.07 2212.7 70.93
1.5667 363.79 2156.4 71.48 351.26 2198 76.267 377.4 2224.6 71.009
1.575 367 2168.6 71.268 354.27 2210.7 76.268 379.76 2236.6 71.075
1.5833 370.25 2181 71.081 357.29 2223.4 76.273 382.12 2248.6 71.131
1.5917 373.52 2193.6 70.921 360.32 2236.2 76.284 384.48 2260.7 71.18
1.6 376.8 2206.4 70.786 363.36 2249.2 76.302 386.83 2272.8 71.228
1.6083 380.07 2219.3 70.677 366.41 2262.2 76.329 389.15 2285 71.278
1.6167 383.33 2232.3 70.589 369.47 2275.3 76.369 391.44 2297.3 71.336
1.625 386.55 2245.5 70.517 372.54 2288.6 76.424 393.72 2309.6 71.403
1.6333 389.76 2258.9 70.453 375.6 2301.9 76.496 395.97 2322.1 71.481
1.6417 392.95 2272.4 70.39 378.64 2315.3 76.591 398.21 2334.6 71.569
1.65 396.16 2286.1 70.324 381.66 2328.8 76.709 400.46 2347.2 71.661
1.6583 399.38 2299.9 70.253 384.64 2342.4 76.852 402.73 2360 71.754
1.6667 402.66 2314 70.177 387.57 2356 77.019 405.04 2372.8 71.838
1.675 405.99 2328.3 70.103 390.44 2369.7 77.208 407.39 2385.6 71.904
1.6833 409.4 2342.8 70.04 393.26 2383.5 77.416 409.81 2398.6 71.945
1.6917 412.87 2357.5 69.998 396.02 2397.2 77.638 412.29 2411.6 71.954
1.7 416.42 2372.3 69.995 398.74 2411 77.865 414.84 2424.7 71.927
1.7083 420 2387.2 70.045 401.45 2424.8 78.091 417.45 2437.8 71.864
1.7167 423.6 2402.2 70.16 404.15 2438.7 78.305 420.11 2450.9 71.768
1.725 427.18 2417.2 70.35 406.87 2452.5 78.501 422.82 2464.1 71.648
1.7333 430.7 2432 70.614 409.65 2466.3 78.668 425.55 2477.3 71.516
1.7417 434.15 2446.7 70.95 412.5 2480 78.801 428.3 2490.5 71.385
1.75 437.48 2461.2 71.346 415.46 2493.7 78.893 431.06 2503.8 71.272
1.7583 440.71 2475.5 71.785 418.53 2507.3 78.939 433.82 2517 71.19
1.7667 443.83 2489.4 72.245 421.74 2520.8 78.938 436.59 2530.3 71.152
1.775 446.84 2503.1 72.699 425.07 2534.1 78.889 439.38 2543.6 71.165
1.7833 449.75 2516.4 73.124 428.54 2547.3 78.794 442.21 2556.9 71.231
1.7917 452.59 2529.5 73.505 432.13 2560.3 78.655 445.11 2570.1 71.349
1.8 455.38 2542.3 73.831 435.82 2573.2 78.477 448.1 2583.4 71.507
1.8083 458.13 2554.9 74.102 439.59 2585.8 78.264 451.21 2596.6 71.693
1.8167 460.89 2567.4 74.323 443.44 2598.2 78.023 454.49 2609.7 71.89
1.825 463.64 2579.7 74.488 447.33 2610.5 77.754 457.95 2622.9 72.079
1.8333 466.45 2592 74.616 451.25 2622.5 77.464 461.62 2635.9 72.243
1.8417 469.31 2604.2 74.716 455.18 2634.4 77.155 465.52 2648.9 72.366
1.85 472.26 2616.4 74.799 459.12 2646.1 76.828 469.65 2661.9 72.437
1.8583 475.31 2628.5 74.881 463.06 2657.7 76.486 474.02 2674.7 72.451
1.8667 478.47 2640.6 74.972 467 2669.3 76.129 478.6 2687.5 72.407
1.875 481.74 2652.7 75.084 470.94 2680.7 75.756 483.39 2700.3 72.309
1.8833 485.14 2664.7 75.223 474.89 2692.2 75.37 488.36 2712.9 72.165
1.8917 488.64 2676.6 75.394 478.85 2703.6 74.971 493.49 2725.6 71.987
1.9 492.24 2688.5 75.597 482.82 2715 74.563 498.74 2738.1 71.785
1.9083 495.91 2700.2 75.83 486.82 2726.4 74.147 504.1 2750.7 71.572
1.9167 499.63 2711.9 76.088 490.84 2737.8 73.729 509.53 2763.2 71.357
1.925 503.38 2723.5 76.364 494.9 2749.3 73.315 515.01 2775.6 71.145
1.9333 507.13 2735.1 76.649 498.99 2760.8 72.909 520.54 2788 70.942
1.9417 510.89 2746.5 76.938 503.11 2772.3 72.52 526.09 2800.3 70.748
1.95 514.64 2757.9 77.219 507.27 2783.9 72.152 531.67 2812.6 70.558
1.9583 518.38 2769.2 77.49 511.47 2795.6 71.811 537.25 2824.9 70.371
1.9667 522.12 2780.4 77.745 515.71 2807.3 71.5 542.85 2837 70.182
1.975 525.88 2791.6 77.984 519.99 2819.1 71.221 548.45 2849.1 69.986
1.9833 529.68 2802.8 78.207 524.32 2830.9 70.976 554.06 2861.1 69.78
1.9917 533.54 2813.9 78.415 528.69 2842.9 70.761 559.67 2873.1 69.565
2 537.48 2825.1 78.612 533.12 2854.9 70.574 565.27 2885 69.341
2.0083 541.53 2836.3 78.802 537.61 2867 70.41 570.88 2896.8 69.112
2.0167 545.68 2847.5 78.985 542.15 2879.2 70.264 576.47 2908.7 68.882
2.025 549.95 2858.8 79.163 546.76 2891.4 70.13 582.05 2920.5 68.659
2.0333 554.34 2870.1 79.337 551.43 2903.8 70.006 587.63 2932.3 68.446
2.0417 558.84 2881.6 79.502 556.17 2916.2 69.885 593.2 2944.2 68.249
2.05 563.45 2893.1 79.657 560.97 2928.6 69.767 598.76 2956.1 68.071
2.0583 568.16 2904.7 79.799 565.85 2941.1 69.65 604.32 2967.9 67.914
2.0667 572.97 2916.5 79.929 570.81 2953.7 69.535 609.9 2979.9 67.777
2.075 577.88 2928.3 80.047 575.85 2966.3 69.426 615.48 2991.8 67.657
2.0833 582.91 2940.3 80.158 580.97 2978.9 69.324 621.1 3003.7 67.552
2.0917 588.03 2952.4 80.266 586.19 2991.5 69.233 626.75 3015.7 67.456
2.1 593.26 2964.6 80.379 591.5 3004.2 69.156 632.44 3027.6 67.368
2.1083 598.56 2977 80.497 596.92 3016.9 69.095 638.19 3039.5 67.283
2.1167 603.92 2989.5 80.622 602.45 3029.6 69.049 644 3051.4 67.201
2.125 609.32 3002 80.752 608.09 3042.4 69.018 649.88 3063.2 67.125
2.1333 614.78 3014.7 80.886 613.84 3055.2 68.996 655.83 3075.1 67.057
2.1417 620.28 3027.4 81.021 619.72 3068.1 68.978 661.85 3086.9 67.002
2.15 625.83 3040.2 81.151 625.71 3081 68.957 667.95 3098.8 66.966
2.1583 631.44 3053 81.272 631.82 3094 68.924 674.11 3110.7 66.956
2.1667 637.1 3066 81.378 638.04 3107 68.871 680.34 3122.6 66.978
2.175 642.79 3079.1 81.462 644.36 3119.9 68.794 686.63 3134.6 67.034
2.1833 648.49 3092.4 81.514 650.79 3132.9 68.686 692.97 3146.7 67.129
2.1917 654.19 3105.8 81.526 657.29 3145.9 68.549 699.35 3158.8 67.26
2.2 659.88 3119.3 81.487 663.87 3158.8 68.379 705.76 3171 67.426
2.2083 665.55 3133.1 81.388 670.5 3171.7 68.187 712.19 3183.3 67.62
2.2167 671.18 3146.9 81.219 677.15 3184.6 67.979 718.63 3195.6 67.835
2.225 676.79 3160.8 80.978 683.81 3197.4 67.765 725.07 3208 68.061
2.2333 682.38 3174.6 80.662 690.45 3210.1 67.555 731.48 3220.4 68.289
2.2417 687.96 3188.4 80.277 697.02 3222.8 67.364 737.86 3232.8 68.511
2.25 693.56 3202 79.832 703.51 3235.5 67.203 744.19 3245.3 68.716
2.2583 699.19 3215.4 79.341 709.88 3248 67.081 750.46 3257.7 68.899
2.2667 704.86 3228.6 78.817 716.1 3260.6 67.009 756.65 3270 69.055
2.275 710.59 3241.5 78.279 722.15 3273 66.989 762.76 3282.4 69.182
2.2833 716.35 3254.1 77.745 728.01 3285.4 67.025 768.76 3294.8 69.28
2.2917 722.13 3266.5 77.232 733.65 3297.6 67.113 774.66 3307.2 69.351
2.3 727.94 3278.7 76.753 739.08 3309.7 67.248 780.44 3319.5 69.4
2.3083 733.76 3290.6 76.313 744.3 3321.7 67.422 786.09 3331.9 69.433
2.3167 739.6 3302.4 75.915 749.31 3333.6 67.624 791.59 3344.4 69.455
2.325 745.46 3314.1 75.557 754.13 3345.3 67.844 796.95 3356.9 69.475
2.3333 751.31 3325.7 75.233 758.78 3356.8 68.069 802.15 3369.4 69.497
2.3417 757.13 3337.2 74.939 763.29 3368.1 68.29 807.19 3382 69.529
2.35 762.9 3348.7 74.669 767.69 3379.3 68.507 812.05 3394.7 69.575
2.3583 768.59 3360.1 74.412 772 3390.4 68.706 816.75 3407.4 69.638
2.3667 774.18 3371.4 74.162 776.24 3401.4 68.891 821.28 3420.1 69.721
2.375 779.65 3382.7 73.912 780.44 3412.3 69.061 825.65 3432.9 69.822
2.3833 784.98 3393.9 73.656 784.61 3423.2 69.222 829.86 3445.7 69.941
2.3917 790.19 3405 73.389 788.76 3434.1 69.375 833.93 3458.4 70.076
2.4 795.25 3416.1 73.111 792.9 3445 69.525 837.86 3471.2 70.221
2.4083 800.2 3427.1 72.821 797.01 3455.9 69.679 841.69 3484 70.374
2.4167 805.04 3438.1 72.519 801.11 3466.9 69.838 845.42 3496.7 70.528
2.425 809.8 3449.1 72.209 805.19 3478 70.003 849.07 3509.3 70.68
2.4333 814.49 3460 71.893 809.25 3489.1 70.173 852.66 3521.9 70.826
2.4417 819.12 3470.9 71.575 813.28 3500.3 70.346 856.22 3534.5 70.963
2.45 823.72 3481.8 71.257 817.3 3511.6 70.516 859.73 3547 71.091
2.4583 828.28 3492.7 70.94 821.29 3522.9 70.678 863.23 3559.4 71.21
2.4667 832.82 3503.6 70.625 825.28 3534.3 70.827 866.71 3571.8 71.32
2.475 837.33 3514.6 70.306 829.27 3545.7 70.956 870.18 3584.1 71.426
2.4833 841.81 3525.6 69.982 833.26 3557.2 71.062 873.64 3596.4 71.53
2.4917 846.26 3536.6 69.647 837.26 3568.7 71.144 877.09 3608.6 71.636
2.5 850.66 3547.6 69.299 841.28 3580.3 71.202 880.53 3620.8 71.748
2.5083 855.01 3558.7 68.935 845.31 3591.9 71.238 883.96 3632.9 71.867
2.5167 859.31 3569.8 68.559 849.37 3603.6 71.257 887.38 3645 71.998
2.525 863.56 3581 68.177 853.44 3615.3 71.265 890.8 3657.1 72.14
2.5333 867.77 3592.1 67.796 857.52 3627.1 71.268 894.21 3669.2 72.295
2.5417 871.93 3603.3 67.43 861.61 3639 71.272 897.63 3681.2 72.46
2.55 876.08 3614.5 67.091 865.7 3651 71.282 901.05 3693.3 72.633
2.5583 880.21 3625.7 66.79 869.79 3663 71.301 904.48 3705.3 72.811
2.5667 884.35 3637 66.534 873.87 3675.1 71.331 907.93 3717.4 72.992
2.575 888.5 3648.4 66.329 877.94 3687.2 71.371 911.4 3729.5 73.17
2.5833 892.69 3659.9 66.171 882 3699.4 71.42 914.89 3741.5 73.344
2.5917 896.92 3671.6 66.055 886.06 3711.7 71.476 918.39 3753.6 73.512
2.6 901.2 3683.4 65.973 890.12 3724 71.536 921.92 3765.7 73.671
2.6083 905.51 3695.5 65.919 894.17 3736.3 71.599 925.46 3777.8 73.821
2.6167 909.86 3707.8 65.892 898.23 3748.8 71.662 929 3790 73.963
2.625 914.21 3720.2 65.886 902.3 3761.3 71.727 932.56 3802.1 74.097
2.6333 918.55 3732.8 65.896 906.36 3773.8 71.796 936.11 3814.3 74.224
2.6417 922.87 3745.4 65.924 910.42 3786.5 71.871 939.67 3826.5 74.346
2.65 927.15 3758.2 65.961 914.45 3799.2 71.957 943.22 3838.8 74.461
2.6583 931.4 3771.1 65.999 918.45 3812 72.056 946.76 3851.2 74.57
2.6667 935.64 3784.1 66.031 922.41 3824.9 72.177 950.3 3863.6 74.673
2.675 939.87 3797.3 66.052 926.32 3837.9 72.321 953.84 3876.1 74.769
2.6833 944.12 3810.6 66.059 930.16 3850.9 72.491 957.38 3888.6 74.855
2.6917 948.42 3824.1 66.054 933.93 3864.1 72.687 960.92 3901.3 74.93
2.7 952.76 3837.8 66.04 937.63 3877.2 72.909 964.46 3914 74.993
2.7083 957.17 3851.8 66.026 941.27 3890.4 73.153 968 3926.8 75.045
2.7167 961.66 3865.9 66.023 944.86 3903.6 73.415 971.54 3939.7 75.085
2.725 966.19 3880.2 66.045 948.41 3916.8 73.688 975.08 3952.7 75.119
2.7333 970.74 3894.7 66.103 951.96 3930.1 73.963 978.61 3965.7 75.149
2.7417 975.3 3909.2 66.214 955.52 3943.3 74.233 982.12 3978.7 75.182
2.75 979.82 3923.7 66.385 959.12 3956.5 74.487 985.61 3991.8 75.224
2.7583 984.27 3938.2 66.62 962.78 3969.7 74.719 989.08 4005 75.284
2.7667 988.62 3952.5 66.917 966.53 3982.8 74.92 992.52 4018.1 75.368
2.775 992.84 3966.8 67.269 970.37 3995.9 75.084 995.94 4031.3 75.483
2.7833 996.93 3980.8 67.662 974.32 4008.9 75.208 999.34 4044.6 75.634
2.7917 1000.9 3994.5 68.08 978.37 4021.8 75.29 1002.7 4057.8 75.822
2.8 1004.7 4008 68.501 982.52 4034.6 75.327 1006.2 4071.1 76.048
2.8083 1008.4 4021.3 68.904 986.75 4047.2 75.322 1009.6 4084.4 76.309
2.8167 1012 4034.3 69.276 991.06 4059.7 75.277 1013.1 4097.7 76.598
2.825 1015.5 4047.1 69.608 995.41 4071.9 75.194 1016.6 4111.1 76.906
2.8333 1018.9 4059.7 69.897 999.8 4084 75.078 1020.3 4124.3 77.225
2.8417 1022.3 4072.1 70.144 1004.2 4095.8 74.931 1024.1 4137.6 77.543
2.85 1025.7 4084.5 70.352 1008.6 4107.4 74.757 1028 4150.8 77.848
2.8583 1029.1 4096.7 70.529 1013 4118.8 74.558 1032 4164 78.131
2.8667 1032.6 4108.9 70.682 1017.4 4130.1 74.338 1036.2 4177.1 78.383
2.875 1036.1 4121 70.823 1021.8 4141.1 74.098 1040.5 4190 78.596
2.8833 1039.7 4133.1 70.963 1026.2 4152.1 73.839 1045 4202.9 78.769
2.8917 1043.3 4145 71.114 1030.5 4163 73.564 1049.7 4215.7 78.897
2.9 1047.1 4156.9 71.287 1034.9 4173.9 73.273 1054.4 4228.3 78.981
2.9083 1051 4168.7 71.489 1039.3 4184.8 72.97 1059.3 4240.8 79.026
2.9167 1054.9 4180.4 71.728 1043.7 4195.6 72.656 1064.3 4253.2 79.034
2.925 1059 4192 72.005 1048.3 4206.7 72.325 1068.2 4265 80.018
2.9333 1063.1 4203.5 72.321 1052.8 4217.7 71.999 1073.3 4277.1 79.991
2.9417 1067.4 4214.9 72.674 1057.3 4228.7 71.672 1078.5 4289.1 79.944
2.95 1071.6 4226.3 73.057 1061.9 4239.9 71.349 1083.7 4301 79.882
2.9583 1075.9 4237.5 73.463 1066.4 4251.1 71.034 1089 4312.8 79.811
2.9667 1080.3 4248.7 73.883 1071 4262.4 70.731 1094.3 4324.4 79.734
2.975 1084.6 4259.8 74.308 1075.7 4273.7 70.443 1099.6 4336 79.653
2.9833 1088.9 4270.8 74.727 1080.3 4285.1 70.174 1104.9 4347.5 79.57
2.9917 1093.3 4281.8 75.135 1085 4296.6 69.925 1110.3 4358.9 79.485
3 1097.6 4292.6 75.525 1089.7 4308.1 69.699 1115.6 4370.2 79.398
3.0083 1102 4303.4 75.895 1094.4 4319.7 69.494 1121 4381.5 79.31
3.0167 1106.4 4314.1 76.243 1099.2 4331.4 69.311 1126.4 4392.7 79.219
3.025 1110.8 4324.8 76.57 1104.1 4343.2 69.149 1131.8 4403.9 79.128
3.0333 1115.4 4335.5 76.878 1109 4355 69.007 1137.3 4415 79.036
3.0417 1120 4346.3 77.169 1113.9 4366.9 68.883 1142.7 4426.2 78.944
3.05 1124.8 4357 77.446 1118.9 4378.9 68.777 1148.2 4437.3 78.855
3.0583 1129.7 4367.9 77.708 1124 4391 68.685 1153.7 4448.5 78.769
3.0667 1134.7 4378.8 77.956 1129.1 4403.1 68.608 1159.3 4459.7 78.689
3.075 1139.9 4389.9 78.19 1134.3 4415.3 68.544 1164.9 4470.9 78.614
3.0833 1145.2 4401.1 78.408 1139.5 4427.6 68.493 1170.5 4482.2 78.546
3.0917 1150.6 4412.4 78.613 1144.8 4440 68.454 1176.2 4493.5 78.484
3.1 1156.1 4423.8 78.805 1150.1 4452.3 68.43 1182 4504.8 78.427
3.1083 1161.7 4435.3 78.993 1155.5 4464.7 68.42 1187.8 4516.2 78.371
3.1167 1167.4 4447 79.174 1160.9 4477.2 68.425 1193.7 4527.6 78.316
3.125 1173.2 4458.9 79.355 1166.4 4489.6 68.446 1199.6 4539 78.258
3.1333 1179 4470.8 79.533 1171.9 4502 68.484 1205.6 4550.5 78.195
3.1417 1184.8 4482.8 79.706 1177.5 4514.5 68.536 1211.7 4562 78.13
3.15 1190.6 4494.8 79.872 1183.2 4527 68.602 1217.8 4573.5 78.061
3.1583 1196.3 4506.9 80.024 1189 4539.5 68.679 1223.9 4585.1 77.994
3.1667 1202 4519.1 80.159 1194.9 4552 68.76 1230.1 4596.7 77.933
3.175 1207.8 4531.2 80.273 1200.9 4564.6 68.84 1236.3 4608.4 77.885
3.1833 1213.5 4543.5 80.362 1207.1 4577.1 68.91 1242.5 4620.2 77.859
3.1917 1219.2 4555.8 80.425 1213.4 4589.7 68.964 1248.8 4632.1 77.86
3.2 1225 4568.3 80.46 1219.8 4602.3 68.993 1255 4644.1 77.896
3.2083 1230.7 4580.9 80.465 1226.4 4614.9 68.99 1261.3 4656.2 77.969
3.2167 1236.5 4593.7 80.436 1233.1 4627.6 68.952 1267.5 4668.4 78.079
3.225 1242.4 4606.6 80.37 1239.9 4640.2 68.875 1273.9 4680.6 78.221
3.2333 1248.2 4619.7 80.265 1246.7 4652.8 68.758 1280.2 4692.9 78.388
3.2417 1254.1 4632.9 80.117 1253.6 4665.4 68.605 1286.7 4705.3 78.566
3.25 1260 4646.2 79.925 1260.5 4678 68.422 1293.3 4717.8 78.74
3.2583 1265.9 4659.5 79.689 1267.4 4690.5 68.215 1299.9 4730.2 78.893
3.2667 1271.9 4672.8 79.416 1274.2 4703 68 1306.7 4742.7 79.009
3.275 1277.8 4685.8 79.112 1280.9 4715.5 67.786 1313.5 4755.2 79.074
3.2833 1283.8 4698.7 78.785 1287.4 4728 67.59 1320.5 4767.7 79.076
3.2917 1289.7 4711.4 78.447 1293.8 4740.4 67.422 1327.5 4780.1 79.01
3.3 1295.8 4723.8 78.105 1300 4752.7 67.297 1334.5 4792.6 78.879
3.3083 1301.8 4735.9 77.769 1306 4765 67.222 1341.6 4805 78.69
3.3167 1307.8 4747.8 77.447 1311.7 4777.1 67.206 1348.5 4817.5 78.457
3.325 1313.9 4759.6 77.141 1317.3 4789.2 67.25 1355.3 4830 78.198
3.3333 1320 4771.1 76.853 1322.6 4801.1 67.354 1361.9 4842.5 77.937
3.3417 1326.1 4782.6 76.577 1327.7 4812.8 67.512 1368.3 4855 77.695
3.35 1332.2 4793.9 76.308 1332.7 4824.4 67.717 1374.4 4867.5 77.493
3.3583 1338.3 4805.3 76.038 1337.5 4835.8 67.958 1380.2 4880.1 77.349
3.3667 1344.5 4816.5 75.763 1342.1 4847 68.222 1385.7 4892.8 77.274
3.375 1350.6 4827.8 75.475 1346.7 4858.1 68.495 1390.8 4905.5 77.273
3.3833 1356.6 4839.1 75.175 1351.2 4869 68.775 1395.7 4918.3 77.342
3.3917 1362.5 4850.3 74.856 1355.6 4879.9 69.044 1400.2 4931.1 77.475
3.4 1368.3 4861.5 74.518 1360 4890.6 69.299 1404.5 4943.9 77.656
3.4083 1374 4872.7 74.161 1364.4 4901.3 69.537 1408.5 4956.8 77.868
3.4167 1379.5 4883.9 73.787 1368.7 4911.9 69.755 1412.4 4969.6 78.094
3.425 1384.8 4895 73.398 1373 4922.6 69.956 1416.1 4982.5 78.315
3.4333 1390.1 4906.1 72.998 1377.3 4933.3 70.141 1419.7 4995.3 78.517
3.4417 1395.1 4917.1 72.591 1381.6 4944 70.313 1423.2 5008.1 78.691
3.45 1400.1 4928.1 72.181 1385.9 4954.8 70.475 1426.6 5020.9 78.832
3.4583 1405 4939.1 71.774 1390.1 4965.7 70.629 1429.9 5033.6 78.944
3.4667 1409.8 4950.1 71.37 1394.3 4976.6 70.775 1433.2 5046.2 79.033
3.475 1414.6 4961.1 70.973 1398.4 4987.5 70.913 1436.4 5058.7 79.111
3.4833 1419.4 4972.1 70.585 1402.5 4998.6 71.041 1439.5 5071.2 79.19
3.4917 1424.1 4983.1 70.205 1406.6 5009.6 71.155 1442.6 5083.5 79.286
3.5 1428.9 4994.1 69.831 1410.6 5020.8 71.253 1445.6 5095.7 79.411
3.5083 1433.6 5005.2 69.46 1414.7 5032 71.33 1448.5 5107.8 79.575
3.5167 1438.2 5016.2 69.085 1418.8 5043.3 71.384 1451.3 5119.8 79.781
3.525 1442.9 5027.3 68.704 1422.9 5054.7 71.414 1454.1 5131.7 80.03
3.5333 1447.5 5038.4 68.31 1427 5066.2 71.42 1457 5143.5 80.317
3.5417 1452 5049.5 67.903 1431.1 5077.8 71.404 1459.8 5155.2 80.631
3.55 1456.4 5060.7 67.483 1435.3 5089.5 71.371 1462.6 5166.8 80.959
3.5583 1460.8 5071.9 67.055 1439.5 5101.3 71.326 1465.6 5178.4 81.287
3.5667 1465.2 5083.1 66.628 1443.8 5113.3 71.273 1468.6 5189.9 81.598
3.575 1469.4 5094.3 66.212 1448.1 5125.4 71.219 1471.7 5201.5 81.881
3.5833 1473.7 5105.6 65.82 1452.4 5137.6 71.169 1474.9 5213 82.125
3.5917 1478 5116.9 65.464 1456.8 5149.8 71.128 1478.2 5224.6 82.322
3.6 1482.2 5128.3 65.154 1461.1 5162.2 71.096 1481.6 5236.2 82.474
3.6083 1486.6 5139.8 64.897 1465.4 5174.6 71.076 1485.1 5247.9 82.582
3.6167 1490.9 5151.5 64.696 1469.7 5187 71.065 1488.7 5259.7 82.653
3.625 1495.3 5163.3 64.547 1474 5199.6 71.064 1492.3 5271.5 82.698
3.6333 1499.8 5175.4 64.447 1478.3 5212.1 71.071 1495.9 5283.3 82.726
3.6417 1504.2 5187.7 64.39 1482.5 5224.7 71.082 1499.5 5295.3 82.75
3.65 1508.7 5200.2 64.372 1486.7 5237.4 71.1 1503 5307.3 82.778
3.6583 1513.2 5212.8 64.388 1490.8 5250.2 71.122 1506.6 5319.4 82.817
3.6667 1517.6 5225.7 64.429 1494.9 5263 71.151 1510.1 5331.7 82.87
3.675 1521.9 5238.7 64.487 1498.9 5275.9 71.19 1513.5 5344 82.936
3.6833 1526.2 5251.8 64.552 1502.9 5289 71.245 1516.9 5356.4 83.01
3.6917 1530.5 5265 64.603 1506.8 5302.1 71.32 1520.3 5368.9 83.086
3.7 1534.7 5278.3 64.638 1510.7 5315.4 71.419 1523.7 5381.6 83.156
3.7083 1538.9 5291.8 64.645 1514.5 5328.8 71.549 1527.1 5394.4 83.212
3.7167 1543.2 5305.5 64.627 1518.3 5342.2 71.71 1530.5 5407.3 83.248
3.725 1547.5 5319.3 64.589 1522 5355.7 71.904 1534 5420.3 83.258
3.7333 1551.9 5333.3 64.543 1525.7 5369.4 72.13 1537.4 5433.5 83.242
3.7417 1556.4 5347.5 64.508 1529.3 5383 72.385 1540.9 5446.8 83.204
3.75 1561 5361.9 64.504 1532.9 5396.8 72.662 1544.4 5460.2 83.147
3.7583 1565.6 5376.5 64.548 1536.5 5410.5 72.954 1547.8 5473.7 83.082
3.7667 1570.4 5391.1 64.667 1540 5424.3 73.254 1551.3 5487.3 83.018
3.775 1575.2 5405.8 64.874 1543.5 5438.2 73.554 1554.7 5500.9 82.966
3.7833 1579.9 5420.5 65.175 1547 5452.1 73.845 1558 5514.6 82.938
3.7917 1584.6 5435.1 65.57 1550.6 5466 74.121 1561.3 5528.4 82.942
3.8 1589.3 5449.7 66.053 1554.1 5480 74.374 1564.5 5542.1 82.984
3.8083 1593.7 5464.1 66.608 1557.7 5493.9 74.6 1567.6 5555.9 83.069
3.8167 1598 5478.3 67.211 1561.3 5507.8 74.807 1571.8 5570.1 82.24
3.825 1602.1 5492.3 67.839 1565 5521.6 74.97 1574.8 5583.9 82.401
3.8333 1606 5506 68.46 1568.8 5535.4 75.101 1577.8 5597.6 82.596
3.8417 1609.7 5519.5 69.049 1572.6 5549.1 75.2 1580.8 5611.3 82.815
3.85 1613.3 5532.8 69.584 1576.5 5562.6 75.268 1583.8 5625 83.05
3.8583 1616.7 5545.9 70.055 1580.5 5575.8 75.311 1586.9 5638.6 83.293
3.8667 1620 5558.8 70.461 1584.5 5588.8 75.329 1590 5652.1 83.534
3.875 1623.2 5571.6 70.81 1588.5 5601.5 75.328 1593.3 5665.6 83.766
3.8833 1626.4 5584.4 71.111 1592.4 5614 75.309 1596.7 5679 83.984
3.8917 1629.5 5597 71.381 1596.4 5626.1 75.277 1600.3 5692.4 84.183
3.9 1632.6 5609.7 71.64 1600.3 5637.9 75.236 1604 5705.6 84.361
3.9083 1635.8 5622.3 71.907 1604.2 5649.5 75.189 1607.8 5718.8 84.515
3.9167 1639 5634.8 72.194 1608.2 5661.1 75.124 1610.5 5731.3 85.675
3.925 1642.3 5647.3 72.517 1612 5672.3 75.066 1614.5 5744.3 85.798
3.9333 1645.6 5659.7 72.883 1615.8 5683.5 75.006 1618.6 5757.1 85.897
3.9417 1649 5672.1 73.294 1619.5 5694.5 74.945 1622.8 5769.8 85.973
3.95 1652.5 5684.3 73.748 1623.2 5705.6 74.882 1627.1 5782.4 86.025
3.9583 1656.1 5696.3 74.237 1626.8 5716.7 74.819 1631.4 5794.9 86.055
3.9667 1659.7 5708.3 74.754 1630.5 5727.9 74.756 1635.7 5807.3 86.064
3.975 1663.4 5720.2 75.286 1634.2 5739.2 74.694 1640.1 5819.5 86.057
3.9833 1667.1 5732 75.826 1637.9 5750.6 74.634 1644.4 5831.7 86.037
3.9917 1670.9 5743.6 76.367 1641.6 5762 74.576 1648.8 5843.8 86.012
4 1674.6 5755.2 76.901 1645.3 5773.6 74.523 1653.2 5855.9 85.988
4.0083 1678.4 5766.7 77.431 1649.1 5785.3 74.476 1657.5 5867.8 85.972
4.0167 1682.1 5778.2 77.957 1653 5797.1 74.437 1661.9 5879.7 85.971
4.025 1685.9 5789.6 78.484 1656.9 5808.9 74.408 1666.2 5891.6 85.99
4.0333 1689.6 5801 79.019 1660.8 5820.8 74.393 1670.5 5903.3 86.031
4.0417 1693.3 5812.3 79.567 1664.7 5832.8 74.391 1674.8 5915.1 86.095
4.05 1697 5823.6 80.133 1668.7 5844.9 74.405 1679.2 5926.8 86.18
4.0583 1700.7 5834.9 80.721 1672.8 5857 74.436 1683.5 5938.5 86.281
4.0667 1704.5 5846.1 81.33 1676.8 5869.2 74.483 1687.8 5950.1 86.392
4.075 1708.3 5857.4 81.956 1680.9 5881.5 74.545 1692.2 5961.8 86.505
4.0833 1712.1 5868.8 82.593 1685 5893.8 74.62 1696.6 5973.4 86.613
4.0917 1716.1 5880.2 83.227 1689.1 5906.2 74.707 1701 5985.1 86.71
4.1 1720.1 5891.7 83.846 1693.2 5918.6 74.803 1705.4 5996.8 86.789
4.1083 1724.3 5903.3 84.435 1697.4 5931.1 74.906 1709.9 6008.5 86.847
4.1167 1728.5 5915 84.979 1701.5 5943.6 75.014 1714.5 6020.3 86.884
4.125 1732.9 5926.9 85.469 1705.7 5956.1 75.125 1719.1 6032.2 86.901
4.1333 1737.4 5938.8 85.895 1709.8 5968.7 75.239 1723.7 6044.1 86.902
4.1417 1741.9 5950.9 86.253 1714 5981.3 75.354 1728.3 6056.1 86.892
4.15 1746.6 5963.2 86.558 1718.2 5993.9 75.475 1733 6068.1 86.878
4.1583 1751.3 5975.5 86.805 1722.4 6006.6 75.595 1737.8 6080.2 86.865
4.1667 1756.1 5988 87.015 1726.7 6019.3 75.72 1742.5 6092.4 86.859
4.175 1760.9 6000.6 87.197 1731 6032 75.85 1747.3 6104.5 86.864
4.1833 1765.7 6013.3 87.357 1735.3 6044.8 75.975 1752.1 6116.8 86.884
4.1917 1770.5 6026.1 87.507 1739.7 6057.7 76.103 1756.9 6129 86.919
4.2 1775.3 6039 87.644 1744.1 6070.6 76.218 1761.8 6141.3 86.97
4.2083 1780 6052 87.776 1748.7 6083.6 76.325 1766.7 6153.6 87.035
4.2167 1784.6 6065.1 87.898 1753.3 6096.6 76.409 1771.5 6166 87.114
4.225 1789.3 6078.3 88.012 1757.9 6109.8 76.471 1776.5 6178.4 87.204
4.2333 1794.1 6091.7 88.117 1762.7 6122.9 76.499 1781.4 6190.9 87.306
4.2417 1798.8 6105.2 88.211 1767.6 6136.2 76.494 1786.3 6203.5 87.419
4.25 1803.6 6119 88.291 1772.5 6149.5 76.452 1791.2 6216.2 87.544
4.2583 1808.5 6133.1 88.355 1777.5 6162.8 76.372 1796.2 6229 87.682
4.2667 1813.4 6147.4 88.397 1782.6 6176.1 76.26 1801.1 6241.9 87.835
4.275 1818.4 6161.9 88.412 1787.8 6189.4 76.12 1806 6254.9 88.004
4.2833 1823.3 6176.6 88.392 1793 6202.8 75.96 1810.8 6267.9 88.188
4.2917 1828.1 6191.4 88.33 1798.2 6216.1 75.791 1815.7 6281 88.387
4.3 1832.9 6206.3 88.223 1803.4 6229.5 75.623 1820.4 6294.1 88.597
4.3083 1837.6 6221.1 88.066 1808.6 6242.8 75.469 1825.2 6307.2 88.814
4.3167 1842.2 6235.8 87.867 1813.7 6256.2 75.332 1829.8 6320.2 89.033
4.325 1846.7 6250.3 87.624 1818.8 6269.6 75.227 1834.4 6333.2 89.247
4.3333 1851.1 6264.5 87.347 1823.7 6283 75.157 1838.9 6346.1 89.448
4.3417 1855.4 6278.4 87.044 1828.5 6296.3 75.127 1843.4 6358.9 89.63
4.35 1859.7 6292.1 86.725 1833.1 6309.7 75.137 1847.8 6371.6 89.79
4.3583 1863.9 6305.4 86.398 1837.4 6323 75.188 1852 6384.2 89.922
4.3667 1868.2 6318.4 86.077 1841.6 6336.2 75.277 1856.2 6396.8 90.025
4.375 1872.4 6331.3 85.768 1845.5 6349.3 75.401 1860.3 6409.3 90.102
4.3833 1876.7 6343.9 85.474 1849.2 6362.2 75.557 1864.2 6421.9 90.154
4.3917 1881 6356.5 85.195 1852.7 6375 75.739 1868 6434.5 90.189
4.4 1885.3 6368.9 84.929 1855.9 6387.5 75.942 1871.6 6447.1 90.212
4.4083 1889.7 6381.4 84.678 1858.9 6399.9 76.169 1875 6459.8 90.233
4.4167 1894.1 6393.8 84.436 1861.7 6412 76.408 1878.1 6472.7 90.26
4.425 1898.4 6406.2 84.206 1864.4 6423.9 76.667 1881.1 6485.5 90.302
4.4333 1902.7 6418.5 83.983 1867 6435.6 76.937 1883.9 6498.5 90.368
4.4417 1906.8 6430.9 83.766 1869.5 6447.2 77.218 1886.4 6511.5 90.464
4.45 1910.6 6443.2 83.554 1871.9 6458.7 77.51 1888.6 6524.6 90.596
4.4583 1914.3 6455.4 83.347 1874.2 6470.1 77.812 1890.6 6537.6 90.766
4.4667 1917.6 6467.5 83.143 1876.6 6481.5 78.123 1892.5 6550.6 90.977
4.475 1920.6 6479.5 82.945 1878.9 6492.9 78.44 1894.1 6563.6 91.226
4.4833 1923.4 6491.4 82.752 1881.1 6504.3 78.761 1895.5 6576.5 91.511
4.4917 1925.9 6503.2 82.566 1883.4 6515.8 79.084 1896.7 6589.3 91.826
4.5 1928.1 6514.8 82.388 1885.6 6527.4 79.404 1897.9 6602 92.166
4.5083 1930.2 6526.4 82.217 1887.8 6539.2 79.719 1898.9 6614.7 92.524
4.5167 1932.1 6538 82.057 1889.9 6550.9 80.025 1899.8 6627.2 92.891
4.525 1934 6549.5 81.909 1892 6562.8 80.322 1900.7 6639.7 93.261
4.5333 1935.8 6560.9 81.769 1893.9 6574.7 80.607 1901.6 6652.1 93.627
4.5417 1937.7 6572.4 81.638 1895.8 6586.7 80.878 1902.4 6664.4 93.983
4.55 1939.6 6583.9 81.513 1897.6 6598.7 81.137 1903.3 6676.7 94.325
4.5583 1941.6 6595.5 81.39 1899.4 6610.7 81.383 1904.2 6688.9 94.652
4.5667 1943.7 6607 81.261 1901.1 6622.7 81.616 1905 6701.2 94.963
4.575 1945.8 6618.6 81.123 1902.7 6634.8 81.836 1906 6713.4 95.261
4.5833 1948 6630.2 80.972 1904.3 6646.9 82.044 1906.9 6725.6 95.549
4.5917 1950.2 6641.8 80.806 1905.9 6658.9 82.24 1907.8 6737.7 95.831
4.6 1952.4 6653.5 80.626 1907.4 6671.1 82.423 1908.8 6749.9 96.112
4.6083 1954.5 6665.1 80.439 1908.9 6683.2 82.593 1909.7 6762 96.396
4.6167 1956.6 6676.8 80.252 1910.4 6695.5 82.748 1910.7 6774.2 96.686
4.625 1958.6 6688.6 80.075 1911.9 6707.7 82.89 1911.6 6786.3 96.984
4.6333 1960.5 6700.3 79.917 1913.3 6720 83.018 1912.4 6798.4 97.289
4.6417 1962.2 6712.1 79.787 1914.7 6732.3 83.132 1913.3 6810.6 97.598
4.65 1963.8 6724 79.688 1916.1 6744.6 83.232 1914 6822.7 97.908
4.6583 1965.4 6735.9 79.62 1917.4 6757 83.321 1914.8 6834.8 98.214
4.6667 1966.8 6748 79.582 1918.7 6769.3 83.4 1915.4 6847 98.509
4.675 1968.2 6760.2 79.565 1919.9 6781.7 83.471 1916 6859.2 98.791
4.6833 1969.5 6772.6 79.565 1921 6794 83.537 1916.6 6871.5 99.055
4.6917 1970.8 6785.1 79.576 1922.1 6806.4 83.6 1917 6883.7 99.298
4.7 1972 6797.8 79.597 1923.1 6818.8 83.664 1917.4 6896 99.523
4.7083 1973.2 6810.6 79.626 1924 6831.2 83.73 1917.7 6908.3 99.731
4.7167 1974.3 6823.5 79.664 1924.8 6843.6 83.802 1918 6920.7 99.926
4.725 1975.3 6836.6 79.702 1925.6 6856.1 83.882 1918.1 6933.1 100.11
4.7333 1976.2 6849.8 79.745 1926.3 6868.6 83.974 1918.2 6945.5 100.3
4.7417 1977 6863.1 79.785 1926.9 6881.2 84.079 1918.3 6958 100.49
4.75 1977.7 6876.6 79.82 1927.4 6893.8 84.202 1918.3 6970.5 100.69
4.7583 1978.3 6890.3 79.85 1927.8 6906.5 84.344 1918.2 6983 100.91
4.7667 1978.8 6904.2 79.874 1928.1 6919.3 84.508 1918.1 6995.6 101.13
4.775 1979.3 6918.3 79.898 1928.4 6932 84.696 1917.9 7008.3 101.37
4.7833 1979.7 6932.6 79.928 1928.6 6944.8 84.91 1917.7 7020.9 101.62
4.7917 1980.1 6947.1 79.977 1928.6 6957.5 85.151 1917.5 7033.6 101.87
4.8 1980.5 6961.6 80.053 1928.6 6970.3 85.417 1917.2 7046.2 102.13
4.8083 1980.9 6976.3 80.175 1928.6 6983 85.708 1916.9 7058.8 102.38
4.8167 1981.2 6990.9 80.343 1928.4 6995.7 86.021 1916.5 7071.3 102.63
4.825 1981.5 7005.4 80.58 1928.3 7008.4 86.349 1916.1 7083.7 102.88
4.8333 1981.8 7019.8 80.87 1928.1 7021 86.689 1915.7 7096.1 103.13
4.8417 1981.9 7033.9 81.225 1927.9 7033.6 87.03 1915.3 7108.3 103.37
4.85 1982.1 7047.9 81.631 1927.7 7046.2 87.364 1914.8 7120.4 103.62
4.8583 1982.1 7061.5 82.072 1927.5 7058.7 87.681 1914.2 7132.4 103.88
4.8667 1982 7074.8 82.532 1927.4 7071.2 87.973 1913.6 7144.3 104.15
4.875 1981.9 7087.9 82.991 1927.3 7083.6 88.231 1913 7156.1 104.43
4.8833 1981.6 7100.7 83.435 1927.3 7096 88.447 1912.3 7167.8 104.73
4.8917 1981.3 7113.2 83.852 1927.4 7108.2 88.62 1911.6 7179.4 105.05
4.9 1980.9 7125.6 84.239 1927.4 7120.3 88.746 1910.9 7191 105.38
4.9083 1980.3 7137.9 84.599 1927.6 7132.2 88.83 1910.2 7202.6 105.73
4.9167 1979.7 7150 84.939 1927.8 7143.8 88.875 1909.5 7214.1 106.08
4.925 1978.9 7162.1 85.267 1928.1 7155.3 88.891 1908.8 7225.6 106.43
4.9333 1978.1 7174.2 85.594 1928.3 7166.4 88.887 1908.1 7237.1 106.78
4.9417 1977.1 7186.2 85.934 1928.7 7177.3 88.878 1907.5 7248.6 107.13
4.95 1976.1 7198.2 86.294 1929 7188 88.872 1906.9 7260 107.47
4.9583 1975.1 7210 86.688 1929.3 7198.4 88.884 1906.3 7271.3 107.81
4.9667 1974 7221.8 87.12 1929.6 7208.6 88.919 1905.8 7282.6 108.13
4.975 1973 7233.4 87.596 1929.9 7218.6 88.989 1905.3 7293.8 108.46
4.9833 1972 7244.9 88.117 1930.2 7228.5 89.095 1904.9 7304.9 108.78
4.9917 1971.1 7256.2 88.68 1930.4 7238.3 89.242 1904.5 7315.9 109.1
5 1970.4 7267.4 89.278 1930.6 7248.1 89.427 1904.1 7326.9 109.43
5.0083 1969.8 7278.4 89.904 1930.9 7257.9 89.648 1903.7 7337.7 109.76
5.0167 1969.3 7289.3 90.549 1931 7267.8 89.903 1903.4 7348.6 110.1
5.025 1969 7300 91.205 1931.2 7277.7 90.185 1903 7359.3 110.43
5.0333 1968.7 7310.6 91.865 1931.4 7287.6 90.49 1902.6 7370 110.77
5.0417 1968.5 7321.2 92.525 1931.6 7297.6 90.812 1902.2 7380.7 111.1
5.05 1968.3 7331.7 93.183 1931.8 7307.6 91.146 1901.8 7391.3 111.43
5.0583 1968.1 7342.1 93.842 1931.9 7317.7 91.488 1901.4 7401.9 111.75
5.0667 1967.9 7352.6 94.503 1932.1 7327.9 91.834 1901 7412.4 112.07
5.075 1967.6 7362.9 95.172 1932.2 7338 92.182 1900.5 7422.9 112.39
5.0833 1967.2 7373.3 95.859 1932.3 7348.2 92.531 1900.1 7433.2 112.7
5.0917 1966.8 7383.6 96.569 1932.4 7358.5 92.88 1899.6 7443.5 113.03
5.1 1966.2 7393.9 97.308 1932.5 7368.8 93.229 1899.2 7453.8 113.36
5.1083 1965.6 7404.1 98.083 1932.5 7379.2 93.581 1898.8 7463.9 113.71
5.1167 1965 7414.4 98.897 1932.5 7389.6 93.935 1898.4 7474 114.07
5.125 1964.3 7424.6 99.746 1932.4 7400.1 94.293 1898 7484.1 114.46
5.1333 1963.7 7434.9 100.63 1932.3 7410.7 94.657 1897.6 7494.2 114.86
5.1417 1963.1 7445.1 101.53 1932.2 7421.4 95.029 1897.3 7504.3 115.29
5.15 1962.6 7455.4 102.45 1932 7432.1 95.407 1896.9 7514.3 115.73
5.1583 1962.2 7465.7 103.37 1931.8 7442.9 95.793 1896.5 7524.5 116.18
5.1667 1961.9 7476.1 104.27 1931.6 7453.8 96.185 1896.1 7534.6 116.63
5.175 1961.7 7486.6 105.14 1931.4 7464.6 96.586 1895.6 7544.9 117.08
5.1833 1961.5 7497.1 105.97 1931.1 7475.5 96.991 1895.2 7555.2 117.52
5.1917 1961.5 7507.8 106.75 1930.9 7486.4 97.4 1894.7 7565.5 117.95
5.2 1961.5 7518.5 107.49 1930.7 7497.2 97.813 1894.1 7575.8 118.37
5.2083 1961.5 7529.4 108.18 1930.5 7508.1 98.226 1893.6 7586.2 118.77
5.2167 1961.5 7540.5 108.84 1930.4 7519 98.638 1893 7596.6 119.17
5.225 1961.4 7551.7 109.48 1930.2 7529.8 99.046 1892.4 7606.9 119.57
5.2333 1961.3 7563.1 110.13 1930.1 7540.7 99.448 1891.7 7617.3 119.98
5.2417 1961 7574.8 110.8 1930.1 7551.7 99.841 1891.1 7627.7 120.41
5.25 1960.5 7586.6 111.49 1930 7562.6 100.22 1890.4 7638 120.86
5.2583 1960 7598.6 112.22 1930 7573.7 100.59 1889.7 7648.4 121.35
5.2667 1959.3 7610.8 112.98 1930 7584.8 100.95 1888.9 7658.8 121.88
5.275 1958.5 7623 113.76 1930.1 7595.9 101.29 1888 7669.3 122.46
5.2833 1957.7 7635.3 114.55 1930.3 7607.1 101.61 1887.1 7679.8 123.1
5.2917 1956.8 7647.6 115.33 1930.5 7618.2 101.91 1886.1 7690.3 123.79
5.3 1955.9 7659.7 116.07 1930.7 7629.4 102.19 1884.9 7700.9 124.53
5.3083 1955 7671.7 116.76 1931 7640.6 102.46 1883.7 7711.4 125.32
5.3167 1954.1 7683.3 117.38 1931.3 7651.7 102.71 1882.3 7722 126.15
5.325 1953.1 7694.6 117.91 1931.5 7662.9 102.94 1880.9 7732.6 127.03
5.3333 1952.2 7705.6 118.35 1931.8 7674.1 103.15 1879.4 7743.1 127.94
5.3417 1951.3 7716.1 118.7 1932 7685.3 103.36 1877.9 7753.5 128.87
5.35 1950.4 7726.2 118.95 1932 7696.6 103.56 1876.4 7763.9 129.84
5.3583 1949.5 7736 119.13 1931.9 7708 103.75 1874.9 7774.1 130.82
5.3667 1948.7 7745.4 119.25 1931.6 7719.6 103.94 1873.5 7784.3 131.83
5.375 1947.8 7754.5 119.32 1931 7731.2 104.13 1872.1 7794.4 132.86
5.3833 1947 7763.3 119.37 1930.1 7743 104.33 1870.8 7804.4 133.9
5.3917 1946.1 7771.8 119.43 1929 7754.9 104.53 1869.6 7814.4 134.96
5.4 1945.2 7780.1 119.49 1927.6 7766.8 104.76 1868.4 7824.4 136.03
5.4083 1944.3 7788.2 119.59 1925.9 7778.6 105 1867.2 7834.3 137.1
5.4167 1943.4 7796 119.72 1924 7790.3 105.26 1866 7844.3 138.18
5.425 1942.5 7803.7 119.89 1921.8 7801.8 105.54 1864.6 7854.2 139.25
5.4333 1941.6 7811.2 120.09 1919.4 7812.9 105.85 1863.1 7864.1 140.31
5.4417 1940.6 7818.6 120.31 1916.9 7823.6 106.19 1861.4 7873.9 141.35
5.45 1939.5 7825.8 120.52 1914.3 7833.8 106.56 1859.4 7883.7 142.36
5.4583 1938.1 7832.7 120.73 1911.6 7843.5 106.97 1857.1 7893.4 143.33
5.4667 1936.5 7839.4 120.93 1908.8 7852.8 107.41 1854.5 7902.9 144.27
5.475 1934.6 7845.7 121.12 1906 7861.5 107.88 1851.4 7912.2 145.18
5.4833 1932.4 7851.7 121.31 1903.1 7869.8 108.39 1848.1 7921.4 146.04
5.4917 1930 7857.3 121.51 1900.1 7877.7 108.95 1844.3 7930.2 146.88
5.5 1927.4 7862.7 121.72 1897.1 7885.4 109.54 1840.3 7938.9 147.69
5.5083 1924.7 7867.8 121.95 1894 7892.9 110.17 1836 7947.2 148.49
5.5167 1921.8 7872.7 122.23 1890.7 7900.2 110.85 1831.4 7955.2 149.27
5.525 1918.9 7877.4 122.57 1887.2 7907.5 111.56 1826.6 7962.9 150.04
5.5333 1916 7881.9 122.98 1883.6 7914.7 112.32 1821.6 7970.3 150.81
5.5417 1913 7886.3 123.48 1879.7 7921.8 113.11 1816.4 7977.3 151.58
5.55 1910 7890.5 124.06 1875.7 7928.8 113.95 1811.1 7984.1 152.36
5.5583 1907 7894.7 124.72 1871.4 7935.7 114.82 1805.7 7990.4 153.14
5.5667 1904.1 7898.8 125.45 1866.9 7942.3 115.73 1800 7996.5 153.92
5.575 1901.3 7902.8 126.26 1862.3 7948.8 116.67 1794.3 8002.2 154.71
5.5833 1898.4 7906.8 127.11 1857.5 7954.9 117.64 1788.4 8007.6 155.49
5.5917 1895.6 7910.8 127.99 1852.5 7960.7 118.63 1782.3 8012.7 156.27
5.6 1892.8 7914.7 128.89 1847.4 7966.2 119.64 1776.1 8017.5 157.04
5.6083 1890 7918.5 129.8 1842.2 7971.3 120.67 1769.7 8022 157.81
5.6167 1887.1 7922.3 130.7 1837 7976.2 121.7 1763.2 8026.3 158.57
5.625 1884.1 7926.2 131.6 1831.6 7980.9 122.74 1756.5 8030.3 159.33
5.6333 1880.9 7930 132.5 1826.1 7985.3 123.78 1749.7 8034.1 160.09
5.6417 1877.8 7933.8 133.38 1820.5 7989.6 124.83 1742.8 8037.6 160.85
5.65 1874.5 7937.7 134.26 1814.7 7993.7 125.88 1735.8 8041 161.62
5.6583 1871.1 7941.6 135.14 1808.9 7997.7 126.93 1728.6 8044 162.41
5.6667 1867.6 7945.5 136.02 1802.9 8001.5 127.99 1721.4 8046.8 163.22
5.675 1864.1 7949.4 136.9 1796.9 8005.2 129.06 1714.2 8049.3 164.05
5.6833 1860.5 7953.4 137.79 1790.7 8008.6 130.13 1706.9 8051.4 164.9
5.6917 1856.8 7957.2 138.68 1784.5 8011.8 131.22 1699.5 8053.1 165.78
5.7 1853 7960.9 139.58 1778.1 8014.7 132.31 1692.1 8054.5 166.68
5.7083 1849.2 7964.4 140.47 1771.7 8017.3 133.41 1684.6 8055.5 167.59
5.7167 1845.2 7967.8 141.35 1765.3 8019.6 134.51 1677.1 8056.2 168.52
5.725 1841.1 7971 142.23 1758.8 8021.7 135.61 1669.5 8056.5 169.44
5.7333 1836.9 7974.1 143.08 1752.2 8023.4 136.71 1661.9 8056.6 170.36
5.7417 1832.6 7977.1 143.91 1745.6 8025 137.8 1654.3 8056.6 171.27
5.75 1828.1 7980 144.72 1738.9 8026.4 138.87 1646.6 8056.4 172.17
5.7583 1823.4 7983 145.51 1732.2 8027.8 139.92 1638.9 8056 173.04
5.7667 1818.5 7986 146.27 1725.4 8029.1 140.95 1631.2 8055.7 173.9
5.775 1813.4 7989 147.01 1718.5 8030.3 141.95 1623.4 8055.3 174.74
5.7833 1808.1 7992.1 147.72 1711.4 8031.6 142.92 1615.6 8054.8 175.56
5.7917 1802.5 7995.3 148.41 1704.3 8032.7 143.88 1607.8 8054.1 176.37
5.8 1796.8 7998.4 149.09 1697 8033.7 144.8 1600 8053.3 177.17
5.8083 1790.8 8001.5 149.75 1689.6 8034.6 145.71 1592.2 8052.3 177.97
5.8167 1784.6 8004.4 150.4 1682.1 8035.2 146.61 1584.4 8050.9 178.77
5.825 1778.2 8007.2 151.04 1674.4 8035.5 147.5 1576.6 8049.2 179.57
5.8333 1771.6 8009.6 151.68 1666.6 8035.4 148.39 1568.8 8047.2 180.38
5.8417 1764.7 8011.8 152.32 1658.7 8035.1 149.28 1560.9 8044.8 181.18
5.85 1757.6 8013.6 152.97 1650.6 8034.5 150.17 1553.1 8042.1 181.99
5.8583 1750.3 8015.2 153.63 1642.4 8033.6 151.08 1545.2 8039.2 182.78
5.8667 1742.8 8016.6 154.3 1634.1 8032.6 152 1537.2 8036.1 183.57
5.875 1734.9 8017.7 154.98 1625.6 8031.5 152.93 1529.2 8033 184.33
5.8833 1726.9 8018.8 155.68 1616.9 8030.4 153.86 1521.2 8029.9 185.07
5.8917 1718.6 8019.8 156.38 1608.1 8029.3 154.81 1513 8026.9 185.77
5.9 1710 8020.8 157.08 1599.1 8028.2 155.76 1504.8 8024.1 186.44
5.9083 1701.1 8021.7 157.78 1589.9 8027.1 156.71 1496.4 8021.3 187.07
5.9167 1691.9 8022.6 158.48 1580.6 8026.1 157.67 1488 8018.7 187.65
5.925 1682.5 8023.3 159.17 1571.1 8024.9 158.63 1479.4 8016 188.2
5.9333 1672.9 8023.8 159.85 1561.4 8023.4 159.59 1470.7 8013.4 188.71
5.9417 1663 8024 160.52 1551.5 8021.7 160.55 1461.9 8010.5 189.18
5.95 1652.9 8023.8 161.19 1541.5 8019.6 161.5 1453 8007.5 189.63
5.9583 1642.6 8023.2 161.85 1531.3 8017.1 162.45 1444 8004.1 190.05
5.9667 1632.2 8022.2 162.53 1521 8014.2 163.39 1435 8000.6 190.46
5.975 1621.6 8020.8 163.22 1510.7 8010.8 164.34 1425.8 7996.8 190.85
5.9833 1610.8 8019 163.95 1500.2 8007.2 165.27 1416.6 7992.8 191.25
5.9917 1600 8017 164.71 1489.8 8003.4 166.18 1407.3 7988.8 191.64
6 1589.1 8014.9 165.52 1479.3 7999.6 167.08 1398 7984.8 192.03
6.0083 1578.2 8012.7 166.38 1468.9 7995.8 167.96 1388.6 7981 192.43
6.0167 1567.4 8010.6 167.29 1458.6 7992.2 168.82 1379.3 7977.4 192.83
6.025 1556.7 8008.6 168.25 1448.5 7988.9 169.65 1370 7974 193.23
6.0333 1546.2 8006.9 169.25 1438.5 7985.7 170.45 1360.8 7970.9 193.62
6.0417 1535.9 8005.3 170.28 1428.8 7982.8 171.22 1351.7 7967.9 194.02
6.05 1526 8003.8 171.34 1419.2 7980 171.96 1342.6 7965 194.41
6.0583 1516.4 8002.5 172.41 1409.9 7977.3 172.69 1333.7 7962 194.78
6.0667 1507.1 8001.2 173.51 1400.9 7974.4 173.4 1324.9 7958.9 195.15
6.075 1498.1 7999.9 174.65 1392.1 7971.4 174.08 1316.3 7955.6 195.49
6.0833 1489.3 7998.5 175.82 1383.5 7968.1 174.76 1307.8 7952 195.83
6.0917 1480.7 7996.8 177.03 1375.2 7964.6 175.44 1299.4 7948 196.15
6.1 1472.1 7995.1 178.27 1367.1 7960.9 176.11 1291.2 7943.9 196.46
6.1083 1463.6 7993.2 179.53 1359.2 7957 176.81 1283.1 7939.6 196.76
6.1167 1455.2 7991.3 180.82 1351.4 7953.2 177.52 1275.2 7935.4 197.05
6.125 1446.7 7989.4 182.1 1343.7 7949.4 178.25 1267.3 7931.3 197.34
6.1333 1438.1 7987.8 183.39 1336.2 7946 179 1259.5 7927.5 197.63
6.1417 1429.6 7986.4 184.63 1328.8 7942.8 179.77 1251.8 7924 197.92
6.15 1421 7985.2 185.87 1321.4 7940 180.56 1244.1 7920.9 198.22
6.1583 1412.3 7984.2 187.09 1314.1 7937.6 181.38 1236.5 7918.2 198.52
6.1667 1403.6 7983.3 188.28 1306.9 7935.4 182.21 1228.9 7915.8 198.83
6.175 1394.9 7982.4 189.45 1299.7 7933.3 183.07 1221.4 7913.5 199.14
6.1833 1386.1 7981.3 190.6 1292.5 7931.1 183.94 1213.9 7911.1 199.44
6.1917 1377.5 7979.8 191.72 1285.3 7928.7 184.82 1206.4 7908.4 199.75
6.2 1368.8 7977.8 192.84 1278.2 7926 185.72 1198.9 7905.5 200.04
6.2083 1360.3 7975.4 193.94 1271.1 7922.8 186.63 1191.5 7902 200.33
6.2167 1351.8 7972.4 195.03 1264 7919.2 187.55 1184.1 7898.2 200.6
6.225 1343.3 7969.1 196.11 1256.9 7915.3 188.47 1176.7 7894 200.85
6.2333 1334.9 7965.5 197.19 1249.7 7911.1 189.38 1169.3 7889.5 201.08
6.2417 1326.6 7961.9 198.27 1242.5 7906.8 190.3 1161.8 7885 201.3
6.25 1318.2 7958.4 199.36 1235.3 7902.7 191.21 1154.4 7880.7 201.5
6.2583 1309.9 7955.2 200.45 1227.9 7899 192.11 1146.9 7876.7 201.68
6.2667 1301.4 7952.5 201.53 1220.6 7895.6 193 1139.3 7873.2 201.84
6.275 1292.9 7950.2 202.62 1213.1 7892.7 193.87 1131.7 7870.2 201.99
6.2833 1284.3 7948.4 203.71 1205.6 7890.2 194.72 1124.1 7867.7 202.13
6.2917 1275.6 7946.9 204.79 1198 7888 195.55 1116.3 7865.4 202.25
6.3 1266.8 7945.4 205.86 1190.4 7885.8 196.37 1108.5 7863.3 202.37
6.3083 1257.9 7943.8 206.9 1182.7 7883.5 197.17 1100.7 7861.1 202.48
6.3167 1248.9 7941.9 207.92 1175.2 7880.8 197.95 1092.2 7859.2 201.89
6.325 1239.9 7939.4 208.9 1167.4 7877.6 198.73 1084.3 7856.2 201.98
6.3333 1230.8 7936.3 209.83 1159.7 7873.7 199.5 1076.4 7852.6 202.06
6.3417 1221.8 7932.7 210.71 1151.9 7869.3 200.26 1068.4 7848.4 202.13
6.35 1212.7 7928.5 211.53 1144 7864.3 201.01 1060.5 7843.7 202.19
6.3583 1203.6 7924 212.3 1136.1 7859 201.75 1052.4 7838.8 202.23
6.3667 1194.5 7919.5 213.01 1128.1 7853.7 202.48 1044.4 7833.8 202.27
6.375 1185.3 7915.2 213.66 1120 7848.6 203.19 1036.2 7829 202.3
6.3833 1176.1 7911.4 214.27 1111.8 7843.9 203.89 1028.1 7824.6 202.32
6.3917 1166.7 7908.2 214.83 1103.5 7839.8 204.56 1019.8 7820.9 202.34
6.4 1157.3 7905.6 215.37 1095.1 7836.4 205.21 1011.4 7817.7 202.36
6.4083 1147.7 7903.5 215.87 1086.6 7833.5 205.82 1003 7815.2 202.39
6.4167 1138.1 7901.8 216.36 1078 7831 206.41 994.48 7813 202.42
6.425 1128.3 7900.1 216.84 1069.3 7828.7 206.96 985.91 7811 202.47
6.4333 1118.4 7898.3 217.31 1060.5 7826.1 207.48 977.28 7808.8 202.53
6.4417 1108.4 7895.8 217.78 1051.6 7823.1 207.98 968.6 7806.2 202.6
6.45 1098.4 7892.7 218.25 1042.6 7819.4 208.45 959.89 7802.9 202.69
6.4583 1088.2 7888.6 218.73 1033.5 7815 208.9 951.13 7798.8 202.77
6.4667 1078 7883.7 219.22 1024.4 7809.7 209.32 942.32 7794 202.86
6.475 1067.6 7878.1 219.73 1015 7803.8 209.72 933.45 7788.5 202.93
6.4833 1057.2 7872.1 220.25 1005.6 7797.5 210.1 924.5 7782.8 203
