0.0083333 5.1564 0.9906 99.161 -16.878 77.637 88.797 4.6958 233.69 85.884
0.016667 6.021 9.8386 99.409 -15.493 85.714 88.879 6.1835 241.7 85.9
0.025 6.9546 18.962 99.655 -14.071 93.945 88.962 7.6868 249.77 85.919
0.033333 7.9671 28.364 99.896 -12.609 102.33 89.042 9.197 257.89 85.943
0.041667 9.061 38.033 100.13 -11.103 110.88 89.117 10.704 266.09 85.977
0.05 10.228 47.945 100.35 -9.55 119.57 89.186 12.196 274.38 86.028
0.058333 11.446 58.055 100.55 -7.9498 128.41 89.25 13.665 282.79 86.099
0.066667 12.696 68.312 100.73 -6.3054 137.38 89.307 15.1 291.32 86.198
0.075 13.95 78.654 100.88 -4.6223 146.47 89.356 16.492 299.99 86.327
0.083333 15.185 89.016 100.99 -2.9104 155.67 89.398 17.835 308.81 86.489
0.091667 16.377 99.323 101.06 -1.1827 164.97 89.434 19.122 317.78 86.685
0.1 17.523 109.52 101.08 0.54107 174.35 89.461 20.349 326.89 86.914
0.10833 18.626 119.56 101.06 2.2394 183.81 89.479 21.512 336.13 87.173
0.11667 19.698 129.39 101 3.887 193.32 89.49 22.608 345.46 87.457
0.125 20.763 138.98 100.91 5.4573 202.88 89.493 23.633 354.88 87.76
0.13333 21.847 148.33 100.79 6.9238 212.47 89.493 24.583 364.33 88.075
0.14167 22.974 157.43 100.66 8.2618 222.06 89.493 25.451 373.8 88.397
0.15 24.164 166.29 100.52 9.4507 231.63 89.498 26.228 383.26 88.72
0.15833 25.432 174.95 100.4 10.475 241.16 89.515 26.9 392.68 89.042
0.16667 26.778 183.43 100.3 11.325 250.62 89.552 27.453 402.04 89.359
0.175 28.194 191.78 100.22 11.999 259.97 89.617 27.866 411.33 89.674
0.18333 29.657 200.03 100.17 12.5 269.19 89.718 28.119 420.55 89.988
0.19167 31.128 208.23 100.15 12.838 278.24 89.86 28.189 429.68 90.308
0.2 32.554 216.39 100.15 13.027 287.11 90.048 28.053 438.74 90.639
0.20833 33.869 224.51 100.16 13.083 295.76 90.286 27.691 447.72 90.987
0.21667 35.005 232.59 100.18 13.025 304.19 90.574 27.086 456.64 91.359
0.225 35.907 240.6 100.2 12.871 312.4 90.908 26.226 465.49 91.76
0.23333 36.531 248.5 100.2 12.636 320.38 91.285 25.104 474.26 92.194
0.24167 36.859 256.25 100.19 12.333 328.15 91.698 23.722 482.97 92.663
0.25 36.894 263.83 100.16 11.968 335.72 92.14 22.085 491.59 93.167
0.25833 36.646 271.2 100.11 11.544 343.14 92.605 20.206 500.11 93.705
0.26667 36.155 278.34 100.05 11.06 350.41 93.085 18.104 508.53 94.273
0.275 35.462 285.26 99.99 10.51 357.58 93.576 15.799 516.83 94.866
0.28333 34.618 291.97 99.935 9.8869 364.68 94.073 13.313 524.99 95.479
0.29167 33.655 298.47 99.903 9.1819 371.72 94.573 10.671 533 96.108
0.3 32.623 304.8 99.905 8.3884 378.74 95.078 7.8932 540.86 96.747
0.30833 31.545 311 99.957 7.6849 386.03 95.591 3.7241 547.34 98.372
0.31667 30.444 317.1 100.06 6.7008 393.03 96.112 0.72988 554.86 99.025
0.325 29.332 323.14 100.22 5.6199 400.03 96.645 -2.3524 562.23 99.676
0.33333 28.206 329.16 100.43 4.4437 407.01 97.195 -5.5182 569.47 100.32
0.34167 27.054 335.17 100.69 3.1752 413.98 97.766 -8.7637 576.56 100.97
0.35 25.872 341.2 100.98 1.8221 420.91 98.358 -12.091 583.54 101.61
0.35833 24.617 347.23 101.3 0.38828 427.8 98.971 -15.502 590.41 102.25
0.36667 23.278 353.28 101.64 -1.1205 434.63 99.604 -19.002 597.17 102.88
0.375 21.833 359.32 101.97 -2.7004 441.39 100.25 -22.593 603.84 103.51
0.38333 20.259 365.34 102.31 -4.3505 448.06 100.92 -26.279 610.41 104.15
0.39167 18.551 371.32 102.65 -6.0724 454.65 101.58 -30.061 616.89 104.78
0.4 16.704 377.26 102.98 -7.8705 461.16 102.26 -33.941 623.29 105.41
0.40833 14.733 383.16 103.31 -9.7518 467.59 102.93 -37.917 629.58 106.05
0.41667 12.655 389 103.66 -11.726 473.93 103.59 -41.991 635.78 106.68
0.425 10.487 394.8 104.04 -13.8 480.19 104.24 -46.161 641.87 107.32
0.43333 8.2588 400.57 104.44 -15.982 486.38 104.88 -50.428 647.85 107.97
0.44167 5.9937 406.33 104.88 -18.279 492.49 105.51 -54.794 653.73 108.61
0.45 3.707 412.09 105.37 -20.694 498.52 106.13 -59.263 659.48 109.26
0.45833 1.4086 417.87 105.9 -23.227 504.48 106.73 -63.837 665.12 109.91
0.46667 -0.88912 423.69 106.46 -25.877 510.36 107.32 -68.522 670.65 110.56
0.475 -3.1977 429.53 107.04 -28.64 516.16 107.89 -73.322 676.06 111.22
0.48333 -5.5193 435.41 107.64 -31.513 521.88 108.46 -78.239 681.36 111.87
0.49167 -7.8669 441.32 108.23 -34.492 527.53 109.01 -83.276 686.55 112.52
0.5 -10.255 447.24 108.81 -37.573 533.11 109.56 -88.433 691.64 113.16
0.50833 -12.695 453.17 109.37 -40.758 538.63 110.09 -93.709 696.64 113.78
0.51667 -15.198 459.1 109.88 -44.048 544.11 110.61 -99.099 701.54 114.4
0.525 -17.77 465.01 110.36 -47.451 549.56 111.13 -104.6 706.37 115
0.53333 -20.416 470.92 110.8 -50.972 555 111.63 -110.21 711.12 115.58
0.54167 -23.136 476.81 111.2 -54.622 560.43 112.11 -115.91 715.8 116.15
0.55 -25.927 482.71 111.58 -58.415 565.89 112.59 -121.71 720.42 116.71
0.55833 -28.793 488.63 111.95 -62.352 571.36 113.05 -127.6 724.99 117.26
0.56667 -31.721 494.58 112.31 -66.452 576.86 113.5 -133.59 729.51 117.8
0.575 -34.715 500.57 112.68 -70.714 582.39 113.94 -139.67 734 118.33
0.58333 -37.776 506.63 113.06 -75.142 587.95 114.38 -145.84 738.46 118.86
0.59167 -40.898 512.75 113.46 -79.741 593.53 114.81 -152.11 742.89 119.39
0.6 -44.087 518.95 113.89 -84.509 599.13 115.24 -158.49 747.31 119.93
0.60833 -47.352 525.22 114.33 -89.438 604.72 115.68 -164.98 751.72 120.45
0.61667 -50.699 531.56 114.78 -94.526 610.31 116.11 -171.58 756.14 120.98
0.625 -54.139 537.95 115.23 -99.767 615.87 116.56 -178.3 760.56 121.5
0.63333 -57.686 544.39 115.67 -105.16 621.42 117.01 -185.14 764.99 122
0.64167 -61.35 550.86 116.08 -110.69 626.96 117.46 -192.11 769.44 122.49
0.65 -65.153 557.36 116.48 -116.36 632.46 117.92 -199.19 773.9 122.95
0.65833 -69.109 563.88 116.84 -122.17 637.97 118.39 -206.39 778.39 123.39
0.66667 -73.233 570.41 117.18 -128.12 643.47 118.87 -213.71 782.9 123.81
0.675 -77.547 576.97 117.49 -134.22 649 119.34 -221.15 787.43 124.2
0.68333 -82.068 583.55 117.78 -140.45 654.55 119.82 -228.72 791.98 124.58
0.69167 -86.816 590.16 118.07 -146.84 660.15 120.3 -236.41 796.55 124.95
0.7 -91.809 596.82 118.36 -153.39 665.8 120.79 -244.24 801.14 125.31
0.70833 -97.072 603.52 118.67 -160.08 671.51 121.27 -252.22 805.76 125.68
0.71667 -102.61 610.28 119.01 -166.93 677.28 121.76 -260.35 810.4 126.05
0.725 -108.46 617.09 119.39 -173.94 683.11 122.26 -268.65 815.08 126.44
0.73333 -114.61 623.95 119.81 -181.11 689 122.76 -277.13 819.8 126.84
0.74167 -121.09 630.84 120.27 -188.43 694.93 123.27 -285.78 824.59 127.26
0.75 -127.9 637.75 120.79 -195.92 700.9 123.8 -294.61 829.44 127.68
0.75833 -135.03 644.65 121.34 -203.56 706.88 124.35 -303.61 834.39 128.12
0.76667 -142.49 651.54 121.94 -211.36 712.88 124.93 -312.77 839.42 128.55
0.775 -150.25 658.38 122.57 -219.31 718.89 125.53 -322.07 844.57 128.96
0.78333 -158.29 665.19 123.25 -227.41 724.9 126.15 -331.48 849.82 129.36
0.79167 -166.57 671.94 123.95 -235.64 730.91 126.8 -340.98 855.17 129.73
0.8 -175.07 678.64 124.7 -244.01 736.92 127.49 -350.52 860.63 130.06
0.80833 -183.73 685.3 125.49 -252.49 742.93 128.19 -360.09 866.17 130.34
0.81667 -192.52 691.91 126.33 -261.06 748.95 128.92 -369.64 871.78 130.59
0.825 -201.39 698.48 127.21 -269.71 754.98 129.67 -379.15 877.43 130.79
0.83333 -210.29 705.01 128.15 -278.4 761.02 130.43 -388.6 883.1 130.96
0.84167 -219.18 711.49 129.13 -287.11 767.08 131.2 -397.96 888.77 131.1
0.85 -227.99 717.9 130.14 -295.8 773.16 131.97 -407.21 894.41 131.22
0.85833 -236.67 724.23 131.18 -304.45 779.24 132.73 -416.36 900.01 131.32
0.86667 -245.14 730.44 132.21 -313.02 784.99 133.47 -425.2 906.97 130.6
0.875 -253.31 736.5 133.2 -321.49 791.05 134.19 -434.14 912.44 130.71
0.88333 -261.09 742.4 134.14 -329.84 797.08 134.88 -442.97 917.85 130.82
0.89167 -268.42 748.14 134.99 -338.04 803.06 135.54 -451.69 923.21 130.93
0.9 -275.29 753.72 135.75 -346.09 808.98 136.17 -460.3 928.53 131.06
0.90833 -281.78 759.18 136.42 -353.97 814.82 136.76 -468.81 933.84 131.19
0.91667 -287.94 764.53 137.03 -361.69 820.59 137.32 -477.21 939.14 131.32
0.925 -293.85 769.81 137.57 -369.25 826.26 137.84 -485.51 944.47 131.46
0.93333 -299.53 775.08 138.06 -376.66 831.86 138.34 -493.7 949.83 131.59
0.94167 -305.02 780.39 138.53 -383.93 837.38 138.8 -501.77 955.25 131.72
0.95 -310.38 785.8 138.98 -391.08 842.84 139.25 -509.72 960.71 131.84
0.95833 -315.66 791.36 139.43 -398.12 848.26 139.67 -517.54 966.24 131.96
0.96667 -320.92 797.1 139.91 -405.07 853.64 140.07 -525.23 971.82 132.06
0.975 -326.23 803.03 140.43 -411.95 859.02 140.45 -532.76 977.45 132.14
0.98333 -331.65 809.12 140.99 -418.77 864.39 140.81 -540.15 983.13 132.21
0.99167 -337.21 815.32 141.61 -425.54 869.78 141.15 -547.37 988.84 132.26
1 -342.94 821.59 142.26 -432.27 875.2 141.47 -554.44 994.57 132.29
1.0083 -348.83 827.86 142.95 -438.98 880.64 141.77 -561.34 1000.3 132.29
1.0167 -354.85 834.07 143.65 -445.67 886.11 142.04 -568.08 1006.1 132.28
1.025 -360.96 840.2 144.35 -452.35 891.62 142.28 -574.67 1011.8 132.24
1.0333 -367.12 846.17 145.03 -459.02 897.14 142.5 -581.1 1017.6 132.17
1.0417 -373.3 852.01 145.68 -465.68 902.69 142.7 -587.4 1023.3 132.09
1.05 -379.46 857.7 146.29 -472.34 908.25 142.89 -593.57 1029 131.98
1.0583 -385.58 863.27 146.86 -479.01 913.83 143.06 -599.62 1034.8 131.85
1.0667 -391.65 868.74 147.36 -485.68 919.41 143.22 -605.57 1040.5 131.7
1.075 -397.66 874.17 147.82 -492.36 925.01 143.38 -611.45 1046.3 131.54
1.0833 -403.63 879.59 148.22 -499.04 930.62 143.55 -617.26 1052.1 131.36
1.0917 -409.58 885.06 148.57 -505.73 936.24 143.72 -623.02 1057.9 131.18
1.1 -415.53 890.61 148.88 -512.42 941.89 143.9 -628.75 1063.8 130.98
1.1083 -421.51 896.27 149.16 -519.12 947.56 144.08 -634.48 1069.7 130.78
1.1167 -427.55 902.05 149.41 -525.83 953.27 144.28 -640.2 1075.6 130.57
1.125 -433.66 907.96 149.64 -532.53 959.02 144.47 -645.93 1081.7 130.36
1.1333 -439.86 913.99 149.84 -539.24 964.81 144.67 -651.69 1087.8 130.14
1.1417 -446.18 920.12 150.04 -545.93 970.65 144.87 -657.46 1094 129.91
1.15 -452.61 926.33 150.21 -552.61 976.53 145.06 -663.25 1100.2 129.68
1.1583 -459.15 932.61 150.37 -559.27 982.46 145.24 -669.05 1106.5 129.45
1.1667 -465.81 938.93 150.51 -565.9 988.44 145.41 -674.86 1112.9 129.21
1.175 -472.58 945.29 150.62 -572.51 994.47 145.57 -680.66 1119.4 128.98
1.1833 -479.45 951.69 150.71 -579.07 1000.6 145.72 -686.45 1126 128.74
1.1917 -486.41 958.14 150.77 -585.59 1006.7 145.86 -692.2 1132.6 128.51
1.2 -493.45 964.64 150.78 -592.06 1012.9 146.01 -697.9 1139.3 128.28
1.2083 -500.55 971.23 150.76 -598.49 1019.2 146.15 -703.55 1146 128.06
1.2167 -507.73 977.92 150.71 -604.87 1025.5 146.3 -709.13 1152.9 127.84
1.225 -514.98 984.75 150.62 -611.19 1032 146.45 -714.64 1159.7 127.63
1.2333 -522.29 991.75 150.51 -617.48 1038.5 146.61 -720.07 1166.6 127.42
1.2417 -529.68 998.92 150.39 -623.73 1045.1 146.78 -725.42 1173.6 127.22
1.25 -537.16 1006.3 150.28 -629.96 1051.9 146.95 -730.69 1180.6 127.02
1.2583 -544.73 1013.9 150.19 -636.18 1058.8 147.11 -735.88 1187.6 126.81
1.2667 -552.41 1021.6 150.14 -642.39 1065.8 147.27 -741 1194.7 126.59
1.275 -560.2 1029.6 150.14 -648.62 1072.9 147.43 -746.06 1201.9 126.36
1.2833 -568.1 1037.6 150.2 -654.88 1080.1 147.57 -751.05 1209.1 126.12
1.2917 -576.1 1045.8 150.33 -661.18 1087.5 147.69 -756 1216.4 125.87
1.3 -584.19 1054.2 150.51 -667.54 1095.1 147.8 -760.92 1223.8 125.6
1.3083 -592.36 1062.5 150.75 -673.95 1102.8 147.9 -765.82 1231.3 125.31
1.3167 -600.6 1071 151.04 -680.43 1110.6 147.99 -770.72 1238.9 125.01
1.325 -608.89 1079.6 151.35 -686.99 1118.7 148.07 -775.66 1246.7 124.71
1.3333 -617.23 1088.3 151.68 -693.62 1127 148.15 -780.63 1254.6 124.41
1.3417 -625.61 1097.1 151.99 -700.33 1135.5 148.24 -785.68 1262.7 124.11
1.35 -634.04 1106 152.29 -707.12 1144.2 148.34 -790.82 1271 123.82
1.3583 -642.52 1115.1 152.55 -713.98 1153.2 148.45 -796.09 1279.5 123.55
1.3667 -651.04 1124.4 152.76 -720.91 1162.4 148.56 -801.48 1288.2 123.3
1.375 -659.62 1133.8 152.91 -727.91 1171.9 148.69 -807.03 1297.1 123.07
1.3833 -668.24 1143.3 152.99 -734.98 1181.7 148.81 -812.75 1306.2 122.86
1.3917 -676.89 1152.9 153 -742.11 1191.6 148.93 -818.62 1315.5 122.68
1.4 -685.57 1162.6 152.95 -749.31 1201.7 149.03 -824.67 1325 122.53
1.4083 -694.26 1172.3 152.82 -756.56 1211.9 149.12 -830.86 1334.6 122.4
1.4167 -702.92 1182.1 152.64 -763.87 1222.3 149.17 -837.2 1344.4 122.3
1.425 -711.53 1191.8 152.4 -771.23 1232.6 149.2 -843.65 1354.2 122.21
1.4333 -720.06 1201.5 152.12 -778.63 1243 149.19 -850.21 1364.1 122.14
1.4417 -728.47 1211.2 151.8 -786.06 1253.3 149.14 -856.83 1374 122.07
1.45 -736.73 1220.9 151.44 -793.52 1263.4 149.07 -863.51 1383.9 122.01
1.4583 -744.8 1230.6 151.07 -800.99 1273.4 148.97 -870.21 1393.7 121.95
1.4667 -752.67 1240.3 150.67 -808.44 1283.3 148.84 -876.93 1403.5 121.89
1.475 -760.31 1250 150.27 -815.86 1293 148.71 -883.64 1413.2 121.82
1.4833 -767.72 1259.6 149.86 -823.22 1302.4 148.57 -890.35 1422.7 121.74
1.4917 -774.91 1269.3 149.44 -830.51 1311.7 148.44 -897.05 1432.1 121.65
1.5 -781.91 1279 149.01 -837.7 1320.8 148.32 -903.74 1441.4 121.56
1.5083 -788.75 1288.5 148.57 -844.78 1329.7 148.2 -910.42 1450.5 121.45
1.5167 -795.47 1298 148.11 -851.73 1338.5 148.1 -917.11 1459.4 121.33
