0.0083333 -0.092989 2.5096 99.075 -30.026 103.11 89.983 -6.8697 194.6 81.361
0.016667 0.44484 9.2702 99.188 -29.365 111.65 90.013 -5.5972 204.61 81.265
0.025 1.0198 16.23 99.318 -28.629 120.35 90.034 -4.3087 214.66 81.191
0.033333 1.642 23.422 99.458 -27.815 129.23 90.046 -3.0008 224.75 81.138
0.041667 2.3174 30.883 99.6 -26.92 138.29 90.044 -1.6678 234.88 81.106
0.05 3.0453 38.643 99.735 -25.94 147.54 90.025 -0.29962 245.07 81.088
0.058333 3.82 46.728 99.855 -24.873 156.96 89.988 1.1132 255.32 81.082
0.066667 4.6301 55.155 99.956 -23.715 166.56 89.929 2.5809 265.65 81.083
0.075 5.4595 63.932 100.03 -22.465 176.32 89.848 4.1107 276.08 81.086
0.083333 6.29 73.055 100.09 -21.119 186.25 89.741 5.7069 286.6 81.089
0.091667 7.1042 82.511 100.12 -19.677 196.32 89.611 7.3689 297.24 81.091
0.1 7.887 92.278 100.14 -18.141 206.55 89.458 9.0924 307.98 81.093
0.10833 8.6294 102.33 100.13 -16.514 216.92 89.283 10.868 318.82 81.097
0.11667 9.3292 112.63 100.12 -14.803 227.42 89.091 12.685 329.75 81.107
0.125 9.9917 123.16 100.09 -13.021 238.05 88.888 14.524 340.74 81.126
0.13333 10.63 133.87 100.05 -11.179 248.78 88.679 16.37 351.76 81.157
0.14167 11.261 144.74 99.989 -9.3033 259.61 88.468 18.206 362.78 81.2
0.15 11.907 155.73 99.916 -7.4096 270.51 88.266 20.016 373.77 81.258
0.15833 12.593 166.82 99.823 -5.524 281.43 88.079 21.783 384.68 81.328
0.16667 13.342 177.99 99.707 -3.671 292.37 87.916 23.494 395.49 81.407
0.175 14.173 189.2 99.562 -1.8758 303.26 87.783 25.137 406.16 81.492
0.18333 15.099 200.42 99.388 -0.16062 314.08 87.686 26.701 416.69 81.578
0.19167 16.121 211.65 99.181 1.4547 324.78 87.63 28.178 427.06 81.66
0.2 17.229 222.84 98.942 2.9551 335.33 87.62 29.557 437.26 81.736
0.20833 18.402 234 98.672 4.3303 345.71 87.656 30.831 447.32 81.803
0.21667 19.609 245.09 98.375 5.5753 355.9 87.738 31.989 457.23 81.86
0.225 20.814 256.1 98.053 6.6909 365.9 87.864 33.025 467.03 81.909
0.23333 21.987 267.04 97.708 7.6817 375.7 88.031 33.927 476.74 81.953
0.24167 23.104 277.89 97.343 8.5573 385.33 88.235 34.688 486.38 81.996
0.25 24.153 288.68 96.961 9.3291 394.81 88.47 35.303 495.97 82.042
0.25833 25.128 299.4 96.566 10.01 404.16 88.73 35.764 505.52 82.095
0.26667 26.035 310.06 96.164 10.614 413.43 89.013 36.068 515.06 82.161
0.275 26.88 320.67 95.76 11.152 422.65 89.312 36.216 524.6 82.24
0.28333 27.675 331.23 95.36 11.633 431.85 89.626 36.207 534.12 82.335
0.29167 28.432 341.74 94.97 12.065 441.04 89.952 36.047 543.65 82.447
0.3 29.157 352.21 94.597 12.452 450.26 90.287 35.74 553.16 82.574
0.30833 29.857 362.64 94.246 12.795 459.51 90.631 35.295 562.66 82.713
0.31667 30.524 373.03 93.92 13.094 468.81 90.983 34.717 572.13 82.863
0.325 31.148 383.37 93.624 13.349 478.14 91.341 34.016 581.58 83.019
0.33333 31.711 393.66 93.36 13.557 487.52 91.704 33.2 590.99 83.18
0.34167 32.193 403.89 93.128 13.717 496.92 92.068 32.275 600.36 83.343
0.35 32.574 414.04 92.928 13.825 506.36 92.432 31.249 609.69 83.505
0.35833 32.838 424.13 92.756 13.881 515.82 92.791 30.129 618.98 83.668
0.36667 32.977 434.15 92.607 13.881 525.31 93.142 28.923 628.23 83.828
0.375 32.988 444.1 92.473 13.827 534.82 93.482 27.639 637.44 83.988
0.38333 32.88 453.98 92.348 13.716 544.37 93.805 26.286 646.61 84.146
0.39167 32.666 463.8 92.224 13.551 553.95 94.111 24.871 655.74 84.305
0.4 32.371 473.59 92.092 13.331 563.59 94.397 23.407 664.84 84.463
0.40833 32.021 483.34 91.948 13.058 573.29 94.662 21.904 673.9 84.621
0.41667 31.648 493.07 91.785 12.735 583.07 94.907 20.373 682.93 84.78
0.425 31.28 502.79 91.603 12.362 592.92 95.134 18.825 691.93 84.94
0.43333 30.942 512.52 91.401 11.942 602.86 95.342 17.27 700.9 85.1
0.44167 30.65 522.27 91.182 11.477 612.88 95.532 15.716 709.85 85.261
0.45 30.411 532.04 90.952 10.967 622.97 95.707 14.17 718.78 85.42
0.45833 30.223 541.85 90.719 10.419 633.14 95.866 12.638 727.7 85.579
0.46667 30.073 551.7 90.495 9.8327 643.36 96.01 11.123 736.61 85.735
0.475 29.942 561.62 90.29 9.2139 653.64 96.139 9.6251 745.54 85.888
0.48333 29.808 571.6 90.115 8.5662 663.97 96.254 8.1454 754.5 86.037
0.49167 29.645 581.66 89.979 7.8928 674.35 96.356 6.6825 763.49 86.179
0.5 29.434 591.81 89.889 7.1962 684.79 96.445 5.2342 772.54 86.314
0.50833 29.151 602.07 89.846 6.4797 695.29 96.523 3.7982 781.65 86.44
0.51667 28.794 612.46 89.847 5.7433 705.85 96.592 2.3727 790.85 86.555
0.525 28.348 622.98 89.886 4.9884 716.5 96.655 0.95421 800.15 86.658
0.53333 27.828 633.65 89.953 4.2141 727.23 96.715 -0.45934 809.56 86.75
0.54167 27.233 644.49 90.035 3.4197 738.06 96.776 -1.8703 819.09 86.83
0.55 26.578 655.48 90.118 2.6033 748.99 96.841 -3.282 828.75 86.898
0.55833 25.881 666.62 90.194 1.7617 760.03 96.915 -4.6984 838.55 86.957
0.56667 25.148 677.91 90.251 0.89172 771.18 97.001 -6.1229 848.49 87.007
0.575 24.39 689.34 90.282 -0.012131 782.43 97.103 -7.5613 858.59 87.052
0.58333 23.609 700.92 90.284 -0.95644 793.77 97.219 -9.0172 868.84 87.091
0.59167 22.808 712.64 90.25 -1.9478 805.21 97.353 -10.495 879.25 87.126
0.6 21.978 724.52 90.185 -2.9968 816.74 97.503 -11.999 889.82 87.157
0.60833 21.113 736.58 90.092 -4.1128 828.36 97.666 -13.533 900.54 87.183
0.61667 20.207 748.85 89.975 -5.3059 840.07 97.841 -15.095 911.43 87.199
0.625 19.253 761.35 89.846 -6.5854 851.87 98.022 -16.688 922.47 87.203
0.63333 18.245 774.11 89.712 -7.959 863.78 98.207 -18.307 933.66 87.191
0.64167 17.188 787.13 89.587 -9.4306 875.8 98.39 -19.951 944.98 87.159
0.65 16.088 800.44 89.481 -11.001 887.95 98.569 -21.614 956.43 87.106
0.65833 14.959 814 89.405 -12.663 900.23 98.74 -23.292 967.99 87.031
0.66667 13.815 827.8 89.369 -14.406 912.65 98.9 -24.982 979.64 86.936
0.675 12.67 841.79 89.38 -16.213 925.22 99.047 -26.677 991.36 86.826
0.68333 11.53 855.9 89.444 -18.057 937.92 99.178 -28.379 1003.1 86.709
0.69167 10.399 870.1 89.561 -19.912 950.74 99.292 -30.083 1015 86.594
0.7 9.268 884.29 89.73 -21.742 963.66 99.387 -31.791 1026.8 86.493
0.70833 8.1275 898.43 89.943 -23.514 976.63 99.459 -33.501 1038.6 86.418
0.71667 6.9679 912.45 90.194 -25.193 989.62 99.507 -35.211 1050.5 86.378
0.725 5.7785 926.31 90.473 -26.748 1002.6 99.527 -36.918 1062.3 86.381
0.73333 4.5518 939.98 90.769 -28.154 1015.5 99.515 -38.614 1074 86.433
0.74167 3.2803 953.44 91.071 -29.39 1028.2 99.469 -40.289 1085.7 86.533
0.75 1.9612 966.66 91.368 -30.446 1040.8 99.384 -41.926 1097.4 86.678
0.75833 0.5918 979.66 91.653 -31.319 1053.2 99.258 -43.506 1109 86.859
0.76667 -0.82909 992.47 91.922 -32.016 1065.4 99.09 -45.003 1120.6 87.065
0.775 -2.2988 1005.1 92.176 -32.549 1077.3 98.876 -46.393 1132.2 87.281
0.78333 -3.8037 1017.6 92.416 -32.94 1089.1 98.619 -47.645 1143.6 87.493
0.79167 -5.3249 1030 92.644 -33.211 1100.6 98.318 -48.735 1155.1 87.684
0.8 -6.8304 1042.3 92.859 -33.389 1111.9 97.975 -49.638 1166.5 87.843
0.80833 -8.2871 1054.5 93.062 -33.499 1123.1 97.593 -50.335 1177.9 87.958
0.81667 -9.6584 1066.6 93.253 -33.561 1134.2 97.177 -50.814 1189.2 88.023
0.825 -10.911 1078.6 93.432 -33.596 1145.1 96.731 -51.071 1200.6 88.035
0.83333 -12.018 1090.6 93.6 -33.613 1156.1 96.262 -51.108 1211.9 87.996
0.84167 -12.959 1102.4 93.759 -33.62 1167 95.774 -50.938 1223.2 87.907
0.85 -13.726 1114.2 93.911 -33.618 1178 95.273 -50.578 1234.4 87.775
0.85833 -14.316 1125.9 94.057 -33.606 1188.9 94.76 -50.049 1245.7 87.608
0.86667 -14.744 1137.5 94.201 -33.579 1199.9 94.24 -49.377 1256.9 87.411
0.875 -15.032 1149.1 94.347 -33.531 1211 93.713 -48.588 1268.1 87.192
0.88333 -15.204 1160.6 94.497 -33.456 1222.1 93.183 -47.705 1279.2 86.956
0.89167 -15.296 1172.1 94.655 -33.351 1233.2 92.651 -46.747 1290.3 86.704
0.9 -15.337 1183.5 94.825 -33.213 1244.4 92.121 -45.731 1301.4 86.439
0.90833 -15.355 1195 95.009 -33.039 1255.6 91.596 -44.665 1312.5 86.161
0.91667 -15.372 1206.4 95.207 -32.833 1266.9 91.08 -43.557 1323.5 85.869
0.925 -15.399 1217.9 95.418 -32.598 1278.1 90.578 -42.405 1334.5 85.561
0.93333 -15.442 1229.3 95.642 -32.339 1289.5 90.097 -41.208 1345.5 85.236
0.94167 -15.492 1240.7 95.874 -32.064 1300.9 89.639 -39.961 1356.5 84.892
0.95 -15.538 1252.1 96.114 -31.781 1312.3 89.211 -38.662 1367.5 84.529
0.95833 -15.56 1263.4 96.355 -31.497 1323.8 88.815 -37.307 1378.5 84.148
0.96667 -15.536 1274.8 96.595 -31.218 1335.3 88.457 -35.897 1389.5 83.75
0.975 -15.446 1286.1 96.83 -30.946 1346.9 88.136 -34.436 1400.5 83.337
0.98333 -15.27 1297.4 97.058 -30.682 1358.6 87.855 -32.928 1411.5 82.911
0.99167 -14.999 1308.7 97.279 -30.421 1370.4 87.612 -31.384 1422.5 82.474
1 -14.63 1320 97.49 -30.156 1382.3 87.405 -29.814 1433.5 82.03
1.0083 -14.163 1331.4 97.691 -29.877 1394.2 87.232 -28.23 1444.6 81.58
1.0167 -13.605 1342.9 97.882 -29.572 1406.2 87.091 -26.642 1455.7 81.127
1.025 -12.969 1354.4 98.062 -29.229 1418.4 86.977 -25.058 1466.8 80.673
1.0333 -12.266 1366.1 98.23 -28.834 1430.6 86.889 -23.483 1478 80.22
1.0417 -11.51 1377.9 98.385 -28.377 1442.9 86.823 -21.921 1489.2 79.77
1.05 -10.709 1389.8 98.528 -27.848 1455.4 86.779 -20.368 1500.4 79.326
1.0583 -9.8711 1401.8 98.659 -27.241 1467.9 86.754 -18.819 1511.7 78.89
1.0667 -9.0012 1414 98.779 -26.552 1480.5 86.749 -17.266 1523 78.464
1.075 -8.1062 1426.3 98.89 -25.779 1493.2 86.763 -15.698 1534.3 78.052
1.0833 -7.1963 1438.8 98.99 -24.923 1506 86.793 -14.107 1545.8 77.656
1.0917 -6.2789 1451.3 99.084 -23.988 1518.8 86.842 -12.483 1557.2 77.279
1.1 -5.3677 1464 99.165 -22.976 1531.7 86.902 -10.818 1568.8 76.925
1.1083 -4.4668 1476.7 99.239 -21.889 1544.7 86.976 -9.1073 1580.4 76.594
1.1167 -3.5788 1489.5 99.303 -20.729 1557.7 87.053 -7.3483 1592.1 76.29
1.125 -2.7058 1502.3 99.361 -19.493 1570.8 87.133 -5.5415 1603.9 76.012
1.1333 -1.8509 1515.2 99.414 -18.176 1583.9 87.208 -3.6895 1615.7 75.763
1.1417 -1.0167 1528.3 99.466 -16.775 1597.2 87.268 -1.7969 1627.7 75.543
1.15 -0.21348 1541.4 99.516 -15.281 1610.4 87.309 0.13181 1639.7 75.354
1.1583 0.55137 1554.7 99.565 -13.684 1623.8 87.326 2.0925 1651.9 75.195
1.1667 1.2722 1568.2 99.608 -11.979 1637.2 87.31 4.0825 1664.1 75.065
1.175 1.9495 1581.9 99.638 -10.164 1650.8 87.261 6.1015 1676.5 74.963
1.1833 2.5913 1595.9 99.644 -8.2378 1664.4 87.177 8.1512 1689 74.886
1.1917 3.2118 1610 99.613 -6.2091 1678 87.061 10.236 1701.6 74.828
1.2 3.8312 1624.4 99.528 -4.0944 1691.8 86.915 12.361 1714.3 74.781
1.2083 4.4701 1638.9 99.377 -1.916 1705.5 86.743 14.531 1727.1 74.738
1.2167 5.1491 1653.4 99.15 0.29978 1719.3 86.557 16.752 1740 74.687
1.225 5.8922 1668.1 98.844 2.5175 1733 86.364 19.024 1752.9 74.618
1.2333 6.7249 1682.7 98.463 4.7012 1746.8 86.176 21.344 1766 74.521
1.2417 7.6735 1697.1 98.016 6.8129 1760.4 86.001 23.704 1779.1 74.388
1.25 8.7599 1711.5 97.518 8.8181 1773.9 85.85 26.09 1792.2 74.211
1.2583 9.9967 1725.7 96.987 10.686 1787.4 85.73 28.48 1805.3 73.988
1.2667 11.382 1739.7 96.442 12.395 1800.6 85.648 30.85 1818.3 73.719
1.275 12.901 1753.5 95.902 13.93 1813.7 85.608 33.169 1831.3 73.41
1.2833 14.528 1767 95.386 15.287 1826.6 85.611 35.406 1844.3 73.067
1.2917 16.239 1780.4 94.905 16.471 1839.2 85.657 37.53 1857.1 72.703
1.3 18.011 1793.6 94.465 17.497 1851.7 85.742 39.512 1869.9 72.33
1.3083 19.831 1806.7 94.067 18.386 1864 85.861 41.327 1882.6 71.962
1.3167 21.684 1819.6 93.707 19.165 1876 86.007 42.959 1895.3 71.612
1.325 23.557 1832.4 93.379 19.862 1887.9 86.175 44.397 1907.9 71.292
1.3333 25.43 1845.2 93.074 20.506 1899.6 86.357 45.639 1920.5 71.011
1.3417 27.286 1857.9 92.786 21.125 1911.1 86.549 46.691 1933 70.774
1.35 29.107 1870.6 92.504 21.738 1922.6 86.746 47.567 1945.6 70.582
1.3583 30.878 1883.2 92.222 22.359 1933.9 86.943 48.285 1958.3 70.435
1.3667 32.583 1895.8 91.936 23.002 1945.2 87.146 48.868 1970.9 70.326
1.375 34.21 1908.3 91.641 23.664 1956.5 87.348 49.338 1983.6 70.25
1.3833 35.748 1920.8 91.338 24.342 1967.8 87.552 49.718 1996.4 70.196
1.3917 37.189 1933.1 91.027 25.027 1979 87.758 50.028 2009.2 70.158
1.4 38.527 1945.5 90.711 25.709 1990.3 87.966 50.286 2022 70.127
1.4083 39.761 1957.7 90.394 26.375 2001.7 88.176 50.502 2034.8 70.1
1.4167 40.895 1969.9 90.079 27.015 2013 88.386 50.684 2047.6 70.073
1.425 41.939 1981.9 89.769 27.62 2024.4 88.594 50.835 2060.4 70.046
1.4333 42.902 1994 89.465 28.185 2035.9 88.796 50.955 2073.1 70.021
1.4417 43.803 2005.9 89.166 28.708 2047.4 88.989 51.043 2085.8 70.001
1.45 44.66 2017.8 88.87 29.191 2058.9 89.167 51.097 2098.4 69.991
1.4583 45.486 2029.7 88.571 29.64 2070.5 89.327 51.114 2111 69.994
1.4667 46.297 2041.5 88.266 30.06 2082.2 89.466 51.098 2123.4 70.012
1.475 47.103 2053.3 87.95 30.46 2093.9 89.581 51.051 2135.9 70.047
1.4833 47.91 2065.1 87.618 30.848 2105.7 89.673 50.981 2148.2 70.098
1.4917 48.715 2076.9 87.268 31.228 2117.6 89.74 50.897 2160.5 70.161
1.5 49.513 2088.6 86.901 31.606 2129.5 89.787 50.811 2172.8 70.232
1.5083 50.293 2100.4 86.521 31.983 2141.6 89.815 50.737 2185 70.305
1.5167 51.041 2112.2 86.132 32.36 2153.7 89.829 50.685 2197.2 70.374
1.525 51.75 2124 85.746 32.735 2165.9 89.831 50.668 2209.4 70.432
1.5333 52.402 2135.9 85.371 33.105 2178.2 89.825 50.692 2221.6 70.474
1.5417 52.999 2147.8 85.019 33.468 2190.6 89.813 50.763 2233.7 70.497
1.55 53.54 2159.7 84.698 33.82 2203.1 89.795 50.879 2245.9 70.498
1.5583 54.019 2171.6 84.414 34.159 2215.6 89.772 51.039 2258.1 70.476
1.5667 54.45 2183.6 84.169 34.483 2228.2 89.743 51.235 2270.4 70.433
1.575 54.843 2195.7 83.959 34.794 2240.9 89.707 51.457 2282.6 70.373
1.5833 55.21 2207.9 83.777 35.092 2253.7 89.661 51.695 2294.9 70.298
1.5917 55.565 2220.2 83.615 35.378 2266.6 89.606 51.936 2307.2 70.214
1.6 55.911 2232.7 83.463 35.654 2279.5 89.541 52.17 2319.5 70.125
1.6083 56.257 2245.3 83.32 35.922 2292.5 89.469 52.388 2331.9 70.034
1.6167 56.582 2258 83.183 36.182 2305.6 89.391 52.584 2344.3 69.945
1.625 56.876 2271 83.052 36.432 2318.8 89.315 52.754 2356.7 69.86
1.6333 57.127 2284 82.935 36.668 2332.1 89.245 52.898 2369.1 69.78
1.6417 57.32 2297.1 82.829 36.884 2345.4 89.189 53.017 2381.6 69.707
1.65 57.445 2310.4 82.735 37.072 2358.9 89.152 53.118 2394.2 69.638
1.6583 57.508 2323.7 82.644 37.226 2372.4 89.142 53.207 2406.8 69.572
1.6667 57.511 2337.3 82.554 37.335 2385.9 89.158 53.289 2419.5 69.507
1.675 57.468 2351.1 82.462 37.394 2399.6 89.205 53.371 2432.4 69.441
1.6833 57.394 2365.1 82.362 37.396 2413.2 89.281 53.459 2445.3 69.369
1.6917 57.306 2379.3 82.256 37.339 2426.9 89.385 53.555 2458.3 69.287
1.7 57.221 2393.9 82.146 37.222 2440.6 89.513 53.658 2471.5 69.194
1.7083 57.151 2408.7 82.042 37.051 2454.3 89.658 53.767 2484.8 69.085
1.7167 57.106 2423.7 81.955 36.834 2468.1 89.815 53.876 2498.2 68.959
1.725 57.085 2438.9 81.902 36.584 2481.8 89.975 53.978 2511.6 68.816
1.7333 57.087 2454.3 81.9 36.317 2495.6 90.13 54.065 2525.2 68.656
1.7417 57.1 2469.7 81.963 36.054 2509.4 90.274 54.129 2538.8 68.483
1.75 57.112 2485.1 82.101 35.819 2523.2 90.398 54.164 2552.3 68.302
1.7583 57.111 2500.4 82.32 35.634 2537.1 90.499 54.165 2565.9 68.12
1.7667 57.088 2515.5 82.618 35.524 2551 90.572 54.132 2579.5 67.944
1.775 57.036 2530.4 82.984 35.51 2564.9 90.613 54.072 2593 67.784
1.7833 56.959 2545 83.404 35.613 2578.8 90.621 53.994 2606.4 67.649
1.7917 56.861 2559.4 83.855 35.846 2592.6 90.595 53.915 2619.8 67.546
1.8 56.751 2573.4 84.312 36.221 2606.4 90.534 53.858 2633.1 67.483
1.8083 56.639 2587.1 84.752 36.74 2620.1 90.438 53.848 2646.4 67.464
1.8167 56.526 2600.5 85.159 37.401 2633.7 90.307 53.916 2659.7 67.487
1.825 56.412 2613.6 85.523 38.196 2647 90.142 54.091 2673 67.551
1.8333 56.301 2626.6 85.839 39.112 2660.2 89.942 54.406 2686.3 67.648
1.8417 56.196 2639.4 86.106 40.132 2673.2 89.708 54.886 2699.6 67.768
1.85 56.11 2652.1 86.323 41.236 2685.9 89.439 55.556 2712.9 67.898
1.8583 56.062 2664.7 86.496 42.405 2698.5 89.136 56.43 2726.3 68.026
1.8667 56.074 2677.2 86.633 43.622 2710.8 88.801 57.519 2739.8 68.139
1.875 56.175 2689.7 86.743 44.87 2723 88.432 58.823 2753.3 68.226
1.8833 56.392 2702.2 86.839 46.139 2735 88.034 60.335 2766.8 68.277
1.8917 56.753 2714.5 86.934 47.419 2746.9 87.608 62.041 2780.3 68.29
1.9 57.277 2726.9 87.039 48.709 2758.7 87.158 63.92 2793.8 68.263
1.9083 57.976 2739.1 87.163 50.007 2770.5 86.688 65.951 2807.2 68.2
1.9167 58.846 2751.3 87.311 51.317 2782.2 86.202 68.105 2820.6 68.107
1.925 59.878 2763.3 87.485 52.646 2794 85.706 70.357 2834 67.992
1.9333 61.052 2775.4 87.683 54 2805.8 85.203 72.683 2847.3 67.862
1.9417 62.333 2787.3 87.902 55.389 2817.7 84.7 75.062 2860.6 67.728
1.95 63.693 2799.1 88.135 56.819 2829.6 84.2 77.477 2873.8 67.593
1.9583 65.098 2810.9 88.374 58.298 2841.6 83.71 79.919 2886.9 67.463
1.9667 66.516 2822.7 88.614 59.832 2853.7 83.233 82.379 2899.9 67.337
1.975 67.925 2834.4 88.848 61.423 2865.8 82.773 84.856 2912.8 67.214
1.9833 69.311 2846 89.073 63.072 2878.1 82.334 87.349 2925.7 67.09
1.9917 70.67 2857.7 89.286 64.777 2890.4 81.92 89.861 2938.5 66.957
2 72.007 2869.2 89.489 66.535 2902.8 81.533 92.393 2951.3 66.812
2.0083 73.344 2880.8 89.684 68.341 2915.3 81.174 94.947 2964 66.648
2.0167 74.705 2892.3 89.874 70.188 2927.9 80.844 97.525 2976.6 66.46
2.025 76.116 2903.9 90.066 72.07 2940.5 80.546 100.12 2989.2 66.247
2.0333 77.608 2915.4 90.261 73.983 2953.3 80.278 102.74 3001.7 66.011
2.0417 79.204 2927 90.463 75.921 2966.1 80.04 105.37 3014.2 65.755
2.05 80.919 2938.6 90.672 77.882 2978.9 79.834 108 3026.7 65.487
2.0583 82.756 2950.3 90.886 79.864 2991.8 79.657 110.64 3039.1 65.213
2.0667 84.713 2962.1 91.102 81.869 3004.8 79.511 113.28 3051.6 64.943
2.075 86.776 2974 91.315 83.9 3017.8 79.394 115.92 3064.1 64.685
2.0833 88.925 2986 91.517 85.965 3030.8 79.306 118.56 3076.7 64.445
2.0917 91.141 2998.1 91.713 88.069 3043.8 79.246 121.21 3089.3 64.228
2.1 93.402 3010.3 91.893 90.225 3056.9 79.216 123.88 3102 64.033
2.1083 95.692 3022.7 92.06 92.443 3070.1 79.215 126.58 3114.7 63.859
2.1167 97.993 3035.2 92.216 94.734 3083.3 79.239 129.33 3127.4 63.7
2.125 100.3 3047.8 92.365 97.11 3096.6 79.291 132.13 3140.2 63.551
2.1333 102.59 3060.6 92.508 99.581 3109.9 79.37 135.01 3153 63.404
2.1417 104.87 3073.5 92.642 102.16 3123.3 79.465 137.97 3165.9 63.251
2.15 107.16 3086.4 92.774 104.85 3136.9 79.582 141.03 3178.7 63.088
2.1583 109.45 3099.5 92.898 107.66 3150.5 79.707 144.18 3191.6 62.912
2.1667 111.78 3112.6 93.016 110.59 3164.3 79.833 147.43 3204.5 62.723
2.175 114.16 3125.8 93.13 113.66 3178.1 79.961 150.78 3217.5 62.525
2.1833 116.6 3139.2 93.235 116.85 3192.1 80.075 154.22 3230.4 62.324
2.1917 119.12 3152.7 93.329 120.18 3206.2 80.17 157.74 3243.5 62.128
2.2 121.7 3166.4 93.404 123.63 3220.3 80.238 161.35 3256.6 61.946
2.2083 124.33 3180.2 93.45 127.22 3234.5 80.272 165.02 3269.7 61.788
2.2167 127.01 3194.3 93.458 130.92 3248.8 80.271 168.77 3283 61.659
2.225 129.71 3208.6 93.412 134.73 3263.1 80.23 172.57 3296.3 61.564
2.2333 132.42 3223.1 93.3 138.64 3277.4 80.15 176.42 3309.7 61.502
2.2417 135.12 3237.7 93.111 142.63 3291.8 80.029 180.33 3323.2 61.471
2.25 137.82 3252.4 92.837 146.66 3306.1 79.873 184.28 3336.8 61.463
2.2583 140.5 3267.2 92.475 150.72 3320.4 79.687 188.27 3350.3 61.468
2.2667 143.18 3281.9 92.027 154.77 3334.6 79.476 192.29 3363.9 61.474
2.275 145.87 3296.5 91.505 158.78 3348.8 79.248 196.33 3377.5 61.469
2.2833 148.61 3310.9 90.922 162.7 3362.9 79.007 200.38 3391 61.441
2.2917 151.44 3325.1 90.297 166.52 3377 78.764 204.43 3404.5 61.383
2.3 154.37 3339.1 89.649 170.19 3390.9 78.525 208.44 3418 61.287
2.3083 157.44 3352.9 88.997 173.69 3404.7 78.297 212.41 3431.3 61.153
2.3167 160.64 3366.4 88.359 177.01 3418.4 78.085 216.31 3444.6 60.983
2.325 163.97 3379.6 87.75 180.14 3431.8 77.897 220.12 3457.8 60.783
2.3333 167.4 3392.7 87.178 183.06 3445.1 77.736 223.82 3471 60.562
2.3417 170.93 3405.6 86.643 185.8 3458.1 77.604 227.38 3484 60.33
2.35 174.57 3418.5 86.141 188.36 3470.9 77.505 230.8 3497.1 60.099
2.3583 178.3 3431.2 85.663 190.77 3483.5 77.437 234.05 3510 59.879
2.3667 182.12 3444 85.2 193.05 3495.8 77.399 237.15 3522.9 59.679
2.375 186.02 3456.7 84.742 195.24 3507.8 77.388 240.07 3535.8 59.507
2.3833 189.95 3469.5 84.283 197.35 3519.7 77.402 242.83 3548.7 59.368
2.3917 193.89 3482.2 83.815 199.43 3531.4 77.434 245.42 3561.5 59.263
2.4 197.81 3494.9 83.344 201.49 3543 77.485 247.87 3574.3 59.194
2.4083 201.68 3507.6 82.862 203.55 3554.5 77.547 250.18 3587.1 59.16
2.4167 205.47 3520.2 82.379 205.63 3565.9 77.621 252.36 3599.9 59.156
2.425 209.15 3532.7 81.898 207.74 3577.4 77.701 254.44 3612.7 59.18
2.4333 212.73 3545.1 81.428 209.88 3588.8 77.786 256.43 3625.4 59.228
2.4417 216.18 3557.3 80.977 212.05 3600.3 77.874 258.33 3638.2 59.296
2.45 219.53 3569.5 80.552 214.24 3611.9 77.963 260.17 3650.9 59.38
2.4583 222.78 3581.7 80.16 216.46 3623.5 78.053 261.96 3663.6 59.477
2.4667 225.95 3593.7 79.802 218.69 3635.2 78.142 263.7 3676.2 59.583
2.475 229.05 3605.7 79.476 220.93 3646.9 78.228 265.42 3688.9 59.695
2.4833 232.12 3617.7 79.181 223.19 3658.7 78.313 267.11 3701.5 59.811
2.4917 235.16 3629.7 78.906 225.45 3670.5 78.394 268.78 3714 59.928
2.5 238.18 3641.6 78.644 227.73 3682.4 78.47 270.45 3726.5 60.045
2.5083 241.2 3653.5 78.383 230.03 3694.3 78.538 272.11 3739 60.159
2.5167 244.2 3665.5 78.113 232.36 3706.3 78.599 273.77 3751.3 60.269
2.525 247.18 3677.4 77.822 234.71 3718.3 78.649 275.44 3763.6 60.374
2.5333 250.13 3689.4 77.505 237.1 3730.5 78.689 277.12 3775.9 60.473
2.5417 253.04 3701.4 77.157 239.52 3742.6 78.717 278.83 3788 60.566
2.55 255.89 3713.5 76.779 241.98 3754.9 78.733 280.56 3800.1 60.655
2.5583 258.67 3725.6 76.376 244.47 3767.3 78.739 282.32 3812.2 60.739
2.5667 261.4 3737.7 75.957 247 3779.8 78.736 284.13 3824.3 60.819
2.575 264.07 3749.9 75.537 249.55 3792.4 78.724 285.98 3836.3 60.897
2.5833 266.69 3762.2 75.129 252.14 3805.1 78.706 287.88 3848.4 60.97
2.5917 269.28 3774.5 74.748 254.74 3817.9 78.683 289.84 3860.5 61.039
2.6 271.86 3786.9 74.406 257.36 3830.7 78.656 291.85 3872.6 61.102
2.6083 274.46 3799.3 74.108 260 3843.7 78.626 293.93 3884.8 61.156
2.6167 277.09 3811.9 73.854 262.65 3856.7 78.591 296.05 3897.1 61.198
2.625 279.77 3824.5 73.638 265.32 3869.7 78.55 298.23 3909.4 61.226
2.6333 282.51 3837.3 73.448 268 3882.8 78.507 300.44 3921.8 61.236
2.6417 285.31 3850.2 73.27 270.69 3895.9 78.45 302.7 3934.3 61.226
2.65 288.17 3863.3 73.088 273.39 3909.1 78.435 304.98 3946.8 61.197
2.6583 291.02 3876.6 72.915 276.15 3922.4 78.424 307.27 3959.4 61.151
2.6667 293.86 3889.9 72.724 278.89 3935.8 78.421 309.58 3972 61.088
2.675 296.65 3903.4 72.519 281.59 3949.2 78.422 311.89 3984.7 61.014
2.6833 299.38 3917.1 72.294 284.33 3962.8 78.439 314.2 3997.4 60.935
2.6917 302.04 3930.9 72.051 287.03 3976.4 78.456 316.51 4010.2 60.854
2.7 304.61 3944.7 71.798 289.71 3990 78.475 318.82 4023.1 60.778
2.7083 307.21 3958.8 71.515 292.34 4003.8 78.497 321.14 4036 60.707
2.7167 309.76 3973 71.232 294.93 4017.5 78.514 323.47 4049.1 60.644
2.725 312.33 3987.4 70.953 297.51 4031.4 78.533 325.83 4062.2 60.591
2.7333 314.95 4002 70.692 300.02 4045.3 78.56 328.22 4075.4 60.542
2.7417 317.61 4016.8 70.462 302.51 4059.2 78.575 330.65 4088.8 60.494
2.75 320.35 4031.9 70.283 304.95 4073.2 78.595 333.12 4102.2 60.439
2.7583 323.16 4047 70.168 307.37 4087.2 78.608 335.64 4115.6 60.373
2.7667 326.03 4062.3 70.129 309.78 4101.3 78.615 338.21 4129.2 60.289
2.775 328.95 4077.7 70.175 312.2 4115.4 78.614 340.82 4142.7 60.183
2.7833 331.88 4093 70.305 314.66 4129.5 78.603 343.47 4156.4 60.053
2.7917 334.8 4108.3 70.514 317.18 4143.7 78.579 346.16 4170 59.901
2.8 337.67 4123.4 70.788 319.78 4157.8 78.539 348.88 4183.6 59.731
2.8083 340.48 4138.3 71.107 322.49 4171.9 78.481 351.63 4197.3 59.551
2.8167 343.21 4152.9 71.446 325.32 4185.9 78.401 354.42 4210.9 59.368
2.825 345.86 4167.2 71.773 328.28 4199.8 78.297 357.25 4224.4 59.194
2.8333 348.42 4181.2 72.06 331.38 4213.5 78.166 360.15 4237.9 59.036
2.8417 350.91 4194.9 72.28 334.62 4227.1 78.004 363.13 4251.4 58.903
2.85 353.34 4208.2 72.418 337.98 4240.6 77.809 366.2 4264.9 58.799
2.8583 355.72 4221.3 72.469 341.45 4253.8 77.578 369.4 4278.2 58.725
2.8667 358.06 4234.2 72.441 345.01 4266.8 77.312 372.75 4291.6 58.68
2.875 360.4 4247 72.346 348.63 4279.6 77.008 376.27 4304.8 58.655
2.8833 362.77 4259.7 72.203 352.31 4292.1 76.668 379.98 4318 58.643
2.8917 365.19 4272.3 72.029 356.01 4304.5 76.294 383.87 4331.1 58.631
2.9 367.7 4284.8 71.847 359.74 4316.7 75.887 387.96 4344.1 58.608
2.9083 370.34 4297.3 71.677 363.48 4328.8 75.451 392.24 4356.9 58.564
2.9167 373.14 4309.7 71.535 367.23 4340.8 74.989 396.69 4369.7 58.489
2.925 376.11 4322 71.434 370.99 4352.7 74.505 401.29 4382.3 58.379
2.9333 379.27 4334.2 71.379 374.78 4364.6 74.003 406 4394.8 58.235
2.9417 382.61 4346.3 71.371 378.6 4376.5 73.489 410.81 4407.2 58.057
2.95 386.12 4358.2 71.406 382.46 4388.3 72.966 415.67 4419.5 57.854
2.9583 389.77 4369.9 71.475 386.39 4400.2 72.439 420.56 4431.6 57.632
2.9667 393.53 4381.5 71.57 390.38 4412.1 71.912 425.45 4443.6 57.402
2.975 397.37 4393 71.683 394.44 4424 71.388 430.33 4455.5 57.173
2.9833 401.27 4404.4 71.808 398.59 4435.9 70.871 435.19 4467.3 56.955
2.9917 405.21 4415.7 71.938 402.8 4447.8 70.364 440.01 4479 56.752
3 409.15 4427 72.076 407.09 4459.7 69.87 444.8 4490.7 56.567
3.0083 413.07 4438.2 72.219 411.44 4471.6 69.391 449.57 4502.3 56.4
3.0167 416.98 4449.3 72.371 415.85 4483.5 68.929 454.33 4513.9 56.248
3.025 420.86 4460.5 72.534 420.31 4495.5 68.487 459.09 4525.5 56.105
3.0333 424.73 4471.5 72.713 424.81 4507.4 68.067 463.87 4537.1 55.965
3.0417 428.61 4482.6 72.91 429.35 4519.4 67.672 468.68 4548.6 55.819
3.05 432.51 4493.5 73.125 433.93 4531.4 67.301 473.52 4560.2 55.663
3.0583 436.47 4504.5 73.358 438.55 4543.4 66.959 478.41 4571.7 55.492
3.0667 440.5 4515.4 73.608 443.21 4555.4 66.646 483.35 4583.3 55.305
3.075 444.62 4526.4 73.869 447.92 4567.5 66.362 488.34 4594.9 55.104
3.0833 448.86 4537.4 74.134 452.67 4579.7 66.108 493.38 4606.5 54.893
3.0917 453.21 4548.4 74.399 457.48 4591.8 65.884 498.47 4618.2 54.679
3.1 457.69 4559.5 74.656 462.34 4604 65.69 503.61 4629.9 54.469
3.1083 462.29 4570.6 74.897 467.25 4616.2 65.524 508.79 4641.6 54.271
3.1167 467 4581.9 75.12 472.23 4628.4 65.386 514.03 4653.4 54.093
3.125 471.83 4593.3 75.323 477.26 4640.6 65.275 519.31 4665.3 53.938
3.1333 476.77 4604.8 75.506 482.36 4652.8 65.188 524.65 4677.1 53.809
3.1417 481.81 4616.5 75.679 487.53 4665 65.125 530.04 4689 53.704
3.15 486.98 4628.3 75.849 492.77 4677.3 65.085 535.5 4701 53.618
3.1583 492.25 4640.2 76.019 498.09 4689.6 65.064 541.02 4712.9 53.545
3.1667 497.62 4652.3 76.197 503.5 4701.9 65.059 546.63 4724.9 53.477
3.175 503.07 4664.5 76.384 509.01 4714.4 65.065 552.31 4736.8 53.407
3.1833 508.58 4676.7 76.581 514.62 4726.8 65.082 558.08 4748.7 53.327
3.1917 514.15 4689.1 76.785 520.36 4739.4 65.106 563.93 4760.6 53.234
3.2 519.77 4701.5 76.986 526.22 4752 65.127 569.87 4772.5 53.126
3.2083 525.47 4714 77.179 532.23 4764.7 65.14 575.9 4784.3 53.006
3.2167 531.25 4726.6 77.356 538.37 4777.4 65.14 582.02 4796.2 52.88
3.225 537.15 4739.2 77.509 544.67 4790.2 65.121 588.21 4808.1 52.756
3.2333 543.17 4752 77.63 551.11 4802.9 65.08 594.49 4820 52.646
3.2417 549.33 4764.9 77.713 557.69 4815.7 65.013 600.84 4832 52.559
3.25 555.62 4778 77.75 564.4 4828.4 64.918 607.25 4844 52.506
3.2583 562.04 4791.3 77.735 571.23 4841.1 64.796 613.73 4856.1 52.494
3.2667 568.56 4804.8 77.662 578.16 4853.8 64.649 620.26 4868.4 52.525
3.275 575.14 4818.5 77.527 585.16 4866.4 64.482 626.85 4880.7 52.597
3.2833 581.75 4832.4 77.323 592.22 4879 64.302 633.47 4893 52.703
3.2917 588.33 4846.3 77.048 599.3 4891.5 64.116 640.12 4905.5 52.833
3.3 594.86 4860.2 76.703 606.38 4904 63.932 646.8 4917.9 52.972
3.3083 601.3 4874.1 76.293 613.43 4916.4 63.759 653.5 4930.4 53.103
3.3167 607.67 4887.8 75.829 620.41 4928.9 63.605 660.19 4942.8 53.211
3.325 613.96 4901.3 75.321 627.3 4941.3 63.479 666.88 4955.2 53.281
3.3333 620.2 4914.5 74.785 634.06 4953.7 63.387 673.55 4967.6 53.303
3.3417 626.4 4927.3 74.238 640.68 4966.1 63.335 680.19 4979.8 53.271
3.35 632.59 4939.8 73.696 647.12 4978.5 63.328 686.79 4992 53.184
3.3583 638.76 4951.9 73.174 653.38 4990.8 63.368 693.33 5004.1 53.048
3.3667 644.93 4963.7 72.679 659.43 5003.1 63.455 699.8 5016.1 52.871
3.375 651.13 4975.2 72.214 665.27 5015.2 63.589 706.18 5028.1 52.668
3.3833 657.37 4986.5 71.777 670.91 5027.2 63.765 712.47 5040.1 52.453
3.3917 663.68 4997.7 71.365 676.35 5039 63.979 718.64 5052.2 52.244
3.4 670.07 5008.7 70.972 681.6 5050.6 64.225 724.7 5064.2 52.056
3.4083 676.51 5019.7 70.596 686.69 5062 64.496 730.64 5076.4 51.9
3.4167 682.96 5030.7 70.236 691.65 5073.2 64.784 736.44 5088.6 51.787
3.425 689.4 5041.7 69.888 696.5 5084.3 65.085 742.1 5100.9 51.721
3.4333 695.76 5052.7 69.553 701.28 5095.1 65.386 747.62 5113.3 51.702
3.4417 702 5063.7 69.233 706.01 5105.8 65.689 753 5125.8 51.727
3.45 708.08 5074.6 68.926 710.72 5116.3 65.989 758.25 5138.3 51.79
3.4583 713.97 5085.6 68.635 715.43 5126.8 66.276 763.37 5150.9 51.882
3.4667 719.66 5096.5 68.362 720.15 5137.2 66.552 768.37 5163.4 51.995
3.475 725.14 5107.3 68.11 724.89 5147.6 66.814 773.26 5175.9 52.12
3.4833 730.43 5118.1 67.879 729.65 5158 67.062 778.06 5188.3 52.25
3.4917 735.56 5128.9 67.667 734.43 5168.4 67.296 782.78 5200.7 52.379
3.5 740.58 5139.6 67.476 739.22 5178.9 67.516 787.43 5212.9 52.505
3.5083 745.53 5150.2 67.299 744.01 5189.5 67.724 792.02 5225.1 52.625
3.5167 750.45 5160.8 67.131 748.8 5200.2 67.919 796.57 5237.2 52.739
3.525 755.37 5171.5 66.964 753.57 5210.9 68.103 801.08 5249.2 52.848
3.5333 760.33 5182.1 66.792 758.34 5221.7 68.275 805.57 5261.1 52.952
3.5417 765.35 5192.7 66.603 763.09 5232.6 68.433 810.05 5272.9 53.054
3.55 770.41 5203.3 66.392 767.83 5243.5 68.578 814.52 5284.7 53.151
3.5583 775.52 5213.9 66.149 772.56 5254.5 68.708 818.99 5296.3 53.246
3.5667 780.66 5224.5 65.871 777.3 5265.6 68.819 823.46 5308 53.336
3.575 785.8 5235.1 65.559 782.05 5276.7 68.911 827.96 5319.5 53.418
3.5833 790.92 5245.8 65.217 786.83 5287.9 68.98 832.47 5331.1 53.492
3.5917 795.98 5256.5 64.852 791.63 5299.1 69.025 837.01 5342.6 53.553
3.6 800.98 5267.2 64.479 796.46 5310.4 69.045 841.59 5354.1 53.6
3.6083 805.9 5278 64.108 801.32 5321.8 69.039 846.22 5365.6 53.631
3.6167 810.75 5288.8 63.754 806.21 5333.2 69.007 850.88 5377 53.644
3.625 815.54 5299.7 63.426 811.12 5344.6 68.949 855.6 5388.5 53.641
3.6333 820.29 5310.7 63.13 816.06 5356.2 68.868 860.36 5400 53.619
3.6417 825 5321.8 62.863 821 5367.7 68.765 865.17 5411.5 53.583
3.65 829.73 5332.9 62.62 825.96 5379.4 68.645 870.02 5423 53.532
3.6583 834.49 5344.2 62.388 830.91 5391 68.509 874.91 5434.6 53.471
3.6667 839.31 5355.7 62.15 835.85 5402.8 68.362 879.83 5446.2 53.401
3.675 844.22 5367.3 61.892 840.78 5414.6 68.209 884.76 5457.8 53.326
3.6833 849.23 5379.1 61.601 845.7 5426.4 68.05 889.7 5469.5 53.248
3.6917 854.33 5391 61.269 850.6 5438.3 67.892 894.64 5481.2 53.169
3.7 859.52 5403 60.893 855.49 5450.3 67.734 899.58 5493 53.089
3.7083 864.75 5415.1 60.48 860.35 5462.3 67.58 904.5 5504.8 53.009
3.7167 870.02 5427.3 60.035 865.2 5474.3 67.431 909.41 5516.7 52.929
3.725 875.31 5439.7 59.572 870.02 5486.5 67.288 914.31 5528.7 52.844
3.7333 880.6 5452.1 59.103 874.83 5498.7 67.152 919.19 5540.7 52.755
3.7417 885.89 5464.7 58.646 879.62 5510.9 67.024 924.06 5552.8 52.656
3.75 891.19 5477.5 58.216 884.39 5523.3 66.906 928.92 5565 52.545
3.7583 896.51 5490.5 57.829 889.15 5535.7 66.8 933.78 5577.2 52.416
3.7667 901.87 5503.7 57.504 893.9 5548.3 66.706 938.63 5589.5 52.269
3.775 907.29 5517.1 57.255 898.65 5560.9 66.628 943.48 5601.8 52.098
3.7833 912.77 5530.7 57.092 903.4 5573.7 66.566 948.32 5614.2 51.905
3.7917 918.33 5544.6 57.026 908.17 5586.6 66.525 953.15 5626.5 51.69
3.8 923.95 5558.6 57.062 912.96 5599.6 66.503 957.96 5638.9 51.457
3.8083 929.63 5572.8 57.202 917.8 5612.7 66.502 962.74 5651.2 51.211
3.8167 935.34 5587 57.442 922.69 5625.9 66.522 967.49 5663.5 50.962
3.825 941.04 5601.1 57.772 927.66 5639.2 66.561 972.2 5675.8 50.718
3.8333 946.7 5615.2 58.18 932.71 5652.6 66.617 976.89 5688 50.489
3.8417 952.26 5629.2 58.651 937.85 5665.9 66.686 981.54 5700.1 50.286
3.85 957.7 5643 59.167 943.08 5679.2 66.761 986.19 5712.2 50.119
3.8583 962.98 5656.6 59.707 948.4 5692.5 66.836 990.83 5724.2 49.994
3.8667 968.07 5669.8 60.253 953.79 5705.5 66.903 995.51 5736.3 49.915
3.875 972.96 5682.8 60.784 959.25 5718.4 66.954 1000.2 5748.2 49.883
3.8833 977.66 5695.4 61.288 964.76 5731.1 66.981 1005 5760.2 49.896
3.8917 982.19 5707.7 61.754 970.28 5743.5 66.979 1009.9 5772.1 49.947
3.9 986.56 5719.8 62.179 975.8 5755.5 66.941 1015 5784 50.025
3.9083 990.82 5731.7 62.568 981.31 5767.2 66.865 1020.2 5795.9 50.118
3.9167 995.01 5743.4 62.922 986.77 5778.6 66.749 1025.5 5807.7 50.215
3.925 999.18 5755 63.251 992.18 5789.7 66.595 1031.1 5819.5 50.302
3.9333 1003.3 5766.6 63.541 997.52 5800.4 66.403 1036.8 5831.2 50.371
3.9417 1007.6 5778.1 63.807 1002.8 5810.9 66.18 1042.7 5842.9 50.414
3.95 1011.8 5789.5 64.044 1008 5821.1 65.931 1048.7 5854.4 50.428
3.9583 1016.2 5800.9 64.253 1013.2 5831.1 65.664 1054.8 5865.8 50.413
3.9667 1020.7 5812.2 64.434 1018.4 5840.9 65.386 1061.1 5877.1 50.374
3.975 1025.3 5823.4 64.588 1023.6 5850.7 65.105 1067.4 5888.2 50.314
3.9833 1029.9 5834.5 64.715 1028.7 5860.4 64.827 1073.7 5899.2 50.24
3.9917 1034.7 5845.5 64.82 1033.9 5870 64.558 1080.1 5910 50.158
4 1039.6 5856.3 64.909 1039.2 5879.7 64.3 1086.6 5920.7 50.071
4.0083 1044.6 5866.9 64.986 1044.6 5889.4 64.057 1093 5931.3 49.981
4.0167 1049.6 5877.4 65.065 1050 5899.2 63.828 1099.4 5941.7 49.888
4.025 1054.8 5887.7 65.153 1055.5 5909.1 63.61 1105.8 5952 49.786
4.0333 1059.9 5897.9 65.259 1061.1 5919 63.401 1112.2 5962.2 49.672
4.0417 1065.2 5908 65.394 1066.8 5929.1 63.196 1118.6 5972.4 49.535
4.05 1070.5 5918.1 65.563 1072.6 5939.2 62.993 1125 5982.4 49.371
4.0583 1075.8 5928.1 65.767 1078.4 5949.3 62.787 1131.5 5992.4 49.171
4.0667 1081.1 5938 66.009 1084.3 5959.5 62.575 1137.9 6002.3 48.93
4.075 1086.5 5948 66.281 1090.2 5969.8 62.356 1144.4 6012.2 48.648
4.0833 1091.9 5957.9 66.585 1096.2 5980.1 62.13 1150.9 6021.9 48.327
4.0917 1097.2 5967.9 66.911 1102.1 5990.4 61.892 1157.4 6031.7 47.972
4.1 1102.6 5977.8 67.247 1108.1 6000.7 61.655 1164 6041.4 47.591
4.1083 1108 5987.8 67.585 1114.1 6011.1 61.417 1170.6 6051 47.196
4.1167 1113.4 5997.8 67.918 1120.1 6021.5 61.184 1177.1 6060.7 46.797
