0.0083333 -31.881 3.5637 96.794 -56.072 113.39 86.088 -29.644 135.24 74.45
0.016667 -30.895 12.44 97.016 -55.135 123 86.066 -28.341 145.57 74.426
0.025 -29.875 21.638 97.245 -54.105 132.74 86.032 -27.014 155.95 74.421
0.033333 -28.855 31.163 97.48 -52.984 142.6 85.986 -25.659 166.39 74.438
0.041667 -27.865 41.011 97.711 -51.773 152.58 85.927 -24.275 176.87 74.472
0.05 -26.935 51.173 97.935 -50.479 162.67 85.856 -22.856 187.41 74.524
0.058333 -26.086 61.628 98.142 -49.111 172.87 85.772 -21.399 198 74.588
0.066667 -25.325 72.352 98.328 -47.681 183.2 85.677 -19.9 208.65 74.66
0.075 -24.65 83.312 98.484 -46.208 193.65 85.569 -18.357 219.34 74.736
0.083333 -24.044 94.474 98.605 -44.705 204.22 85.451 -16.773 230.08 74.811
0.091667 -23.482 105.8 98.686 -43.193 214.92 85.327 -15.15 240.87 74.881
0.1 -22.935 117.25 98.725 -41.689 225.72 85.202 -13.5 251.7 74.946
0.10833 -22.363 128.77 98.719 -40.213 236.6 85.08 -11.835 262.55 75.003
0.11667 -21.731 140.33 98.669 -38.779 247.53 84.971 -10.173 273.42 75.054
0.125 -21.007 151.88 98.576 -37.403 258.47 84.881 -8.536 284.29 75.1
0.13333 -20.167 163.38 98.446 -36.093 269.39 84.823 -6.9486 295.16 75.144
0.14167 -19.197 174.82 98.282 -34.856 280.23 84.803 -5.4364 306.01 75.19
0.15 -18.097 186.18 98.09 -33.698 290.95 84.83 -4.0252 316.81 75.243
0.15833 -16.884 197.44 97.874 -32.62 301.52 84.911 -2.7395 327.57 75.307
0.16667 -15.591 208.61 97.638 -31.622 311.91 85.048 -1.601 338.28 75.387
0.175 -14.26 219.68 97.384 -30.703 322.1 85.243 -0.62779 348.92 75.487
0.18333 -12.937 230.68 97.115 -29.86 332.09 85.494 0.16723 359.48 75.611
0.19167 -11.662 241.61 96.83 -29.09 341.89 85.796 0.77482 369.98 75.762
0.2 -10.47 252.48 96.529 -28.391 351.53 86.141 1.1928 380.41 75.943
0.20833 -9.3836 263.31 96.214 -27.761 361.02 86.52 1.422 390.79 76.156
0.21667 -8.4152 274.1 95.887 -27.198 370.42 86.925 1.4683 401.1 76.402
0.225 -7.5666 284.85 95.55 -26.706 379.75 87.343 1.3403 411.38 76.682
0.23333 -6.8339 295.55 95.214 -26.281 389.05 87.773 1.0504 421.63 76.995
0.24167 -6.2019 306.19 94.884 -25.924 398.35 88.208 0.6114 431.87 77.341
0.25 -5.6461 316.77 94.568 -25.64 407.67 88.636 0.037144 442.11 77.718
0.25833 -5.1436 327.27 94.274 -25.428 417.03 89.062 -0.658 452.35 78.123
0.26667 -4.6779 337.7 94.008 -25.289 426.43 89.482 -1.4604 462.62 78.55
0.275 -4.2327 348.05 93.775 -25.218 435.87 89.9 -2.357 472.93 78.996
0.28333 -3.8053 358.33 93.577 -25.212 445.34 90.319 -3.3357 483.26 79.454
0.29167 -3.401 368.52 93.413 -25.267 454.85 90.739 -4.3853 493.64 79.917
0.3 -3.0342 378.65 93.282 -25.378 464.37 91.165 -5.4958 504.05 80.378
0.30833 -2.7246 388.71 93.177 -25.538 473.9 91.596 -6.6581 514.49 80.83
0.31667 -2.4968 398.72 93.093 -25.742 483.45 92.032 -7.8646 524.95 81.269
0.325 -2.3709 408.68 93.021 -25.986 492.99 92.471 -9.1089 535.44 81.688
0.33333 -2.363 418.61 92.955 -26.269 502.55 92.909 -10.385 545.93 82.087
0.34167 -2.486 428.51 92.888 -26.589 512.12 93.339 -11.688 556.42 82.464
0.35 -2.7338 438.4 92.818 -26.947 521.71 93.755 -13.016 566.9 82.82
0.35833 -3.0979 448.28 92.741 -27.345 531.33 94.151 -14.365 577.37 83.158
0.36667 -3.5542 458.16 92.655 -27.785 541 94.52 -15.733 587.82 83.48
0.375 -4.0753 468.03 92.561 -28.272 550.72 94.859 -17.118 598.25 83.79
0.38333 -4.6315 477.89 92.46 -28.806 560.5 95.162 -18.518 608.65 84.092
0.39167 -5.1928 487.75 92.354 -29.39 570.36 95.43 -19.932 619.04 84.388
0.4 -5.7347 497.59 92.245 -30.025 580.29 95.663 -21.357 629.41 84.679
0.40833 -6.2411 507.44 92.137 -30.711 590.3 95.866 -22.791 639.78 84.966
0.41667 -6.705 517.29 92.034 -31.447 600.4 96.041 -24.232 650.14 85.248
0.425 -7.1346 527.16 91.94 -32.232 610.57 96.193 -25.675 660.51 85.521
0.43333 -7.5409 537.06 91.859 -33.068 620.84 96.327 -27.117 670.9 85.782
0.44167 -7.9456 547.01 91.795 -33.953 631.19 96.447 -28.555 681.31 86.026
0.45 -8.3706 557.04 91.752 -34.889 641.64 96.554 -29.987 691.75 86.25
0.45833 -8.8409 567.17 91.73 -35.876 652.18 96.65 -31.41 702.22 86.449
0.46667 -9.3724 577.43 91.729 -36.917 662.81 96.736 -32.825 712.73 86.621
0.475 -9.9797 587.85 91.746 -38.013 673.56 96.809 -34.232 723.27 86.763
0.48333 -10.66 598.44 91.773 -39.165 684.42 96.868 -35.636 733.85 86.876
0.49167 -11.415 609.22 91.803 -40.377 695.39 96.913 -37.043 744.47 86.963
0.5 -12.235 620.21 91.826 -41.648 706.48 96.944 -38.461 755.12 87.026
0.50833 -13.107 631.4 91.837 -42.982 717.69 96.961 -39.9 765.82 87.071
0.51667 -14.017 642.77 91.829 -44.38 729.02 96.969 -41.372 776.56 87.102
0.525 -14.96 654.32 91.8 -45.843 740.47 96.972 -42.889 787.34 87.125
0.53333 -15.932 666.02 91.747 -47.374 752.03 96.977 -44.464 798.19 87.144
0.54167 -16.941 677.86 91.672 -48.974 763.71 96.991 -46.108 809.11 87.164
0.55 -17.991 689.85 91.571 -50.648 775.49 97.021 -47.83 820.11 87.186
0.55833 -19.091 702.01 91.445 -52.401 787.37 97.072 -49.638 831.21 87.212
0.56667 -20.252 714.37 91.294 -54.238 799.35 97.148 -51.535 842.43 87.239
0.575 -21.484 726.97 91.117 -56.163 811.42 97.25 -53.522 853.78 87.266
0.58333 -22.798 739.86 90.917 -58.183 823.56 97.374 -55.596 865.27 87.287
0.59167 -24.195 753.08 90.7 -60.3 835.79 97.518 -57.751 876.91 87.299
0.6 -25.672 766.66 90.472 -62.514 848.09 97.674 -59.98 888.7 87.296
0.60833 -27.229 780.6 90.245 -64.821 860.48 97.834 -62.273 900.64 87.274
0.61667 -28.851 794.87 90.033 -67.212 872.94 97.989 -64.621 912.7 87.231
0.625 -30.528 809.43 89.851 -69.673 885.49 98.134 -67.014 924.88 87.166
0.63333 -32.248 824.22 89.715 -72.186 898.12 98.26 -69.443 937.15 87.082
0.64167 -34 839.14 89.639 -74.727 910.83 98.362 -71.901 949.49 86.982
0.65 -35.779 854.1 89.634 -77.268 923.61 98.438 -74.381 961.86 86.872
0.65833 -37.585 868.99 89.705 -79.781 936.46 98.487 -76.878 974.23 86.761
0.66667 -39.418 883.74 89.853 -82.235 949.35 98.507 -79.387 986.59 86.657
0.675 -41.28 898.25 90.072 -84.603 962.26 98.501 -81.9 998.91 86.569
0.68333 -43.175 912.49 90.353 -86.861 975.17 98.469 -84.412 1011.2 86.504
0.69167 -45.099 926.4 90.68 -88.989 988.03 98.415 -86.911 1023.4 86.471
0.7 -47.048 939.98 91.036 -90.975 1000.8 98.34 -89.385 1035.6 86.472
0.70833 -49.014 953.22 91.402 -92.813 1013.5 98.246 -91.816 1047.7 86.51
0.71667 -50.992 966.17 91.767 -94.505 1026.1 98.133 -94.186 1059.8 86.582
0.725 -52.984 978.89 92.122 -96.058 1038.5 98.003 -96.471 1071.9 86.683
0.73333 -54.99 991.44 92.463 -97.483 1050.7 97.854 -98.648 1084 86.806
0.74167 -57.011 1003.9 92.787 -98.797 1062.8 97.684 -100.69 1096.1 86.939
0.75 -59.04 1016.2 93.091 -100.02 1074.6 97.493 -102.59 1108.3 87.073
0.75833 -61.065 1028.6 93.376 -101.16 1086.3 97.28 -104.31 1120.5 87.194
0.76667 -63.066 1040.9 93.639 -102.24 1097.8 97.044 -105.85 1132.8 87.291
0.775 -65.02 1053.2 93.884 -103.28 1109.2 96.787 -107.2 1145.2 87.356
0.78333 -66.903 1065.5 94.112 -104.28 1120.5 96.51 -108.36 1157.6 87.382
0.79167 -68.688 1077.7 94.326 -105.26 1131.7 96.219 -109.33 1170.1 87.364
0.8 -70.361 1089.9 94.532 -106.22 1142.9 95.918 -110.14 1182.6 87.302
0.80833 -71.908 1102 94.733 -107.16 1154 95.611 -110.8 1195.1 87.196
0.81667 -73.326 1113.9 94.933 -108.09 1165.1 95.305 -111.32 1207.5 87.051
0.825 -74.622 1125.8 95.139 -109.01 1176.3 95.002 -111.74 1220 86.872
0.83333 -75.817 1137.6 95.354 -109.92 1187.5 94.707 -112.08 1232.3 86.666
0.84167 -76.934 1149.4 95.583 -110.81 1198.7 94.421 -112.35 1244.6 86.44
0.85 -78.001 1161 95.83 -111.69 1210 94.145 -112.58 1256.8 86.2
0.85833 -79.05 1172.7 96.099 -112.56 1221.4 93.879 -112.78 1268.9 85.952
0.86667 -80.108 1184.3 96.393 -113.42 1232.8 93.622 -112.95 1281 85.7
0.875 -81.197 1195.8 96.714 -114.26 1244.2 93.375 -113.11 1292.9 85.447
0.88333 -82.329 1207.4 97.061 -115.1 1255.7 93.136 -113.25 1304.8 85.194
0.89167 -83.507 1218.9 97.433 -115.93 1267.2 92.907 -113.38 1316.6 84.944
0.9 -84.727 1230.4 97.828 -116.75 1278.8 92.691 -113.51 1328.4 84.695
0.90833 -85.969 1241.9 98.241 -117.57 1290.4 92.489 -113.62 1340.1 84.448
0.91667 -87.212 1253.3 98.668 -118.38 1302 92.305 -113.73 1351.8 84.203
0.925 -88.427 1264.7 99.105 -119.19 1313.7 92.143 -113.83 1363.5 83.96
0.93333 -89.579 1276 99.544 -119.99 1325.6 92.006 -113.93 1375.1 83.719
0.94167 -90.641 1287.4 99.982 -120.8 1337.5 91.896 -114.04 1386.8 83.483
0.95 -91.585 1298.9 100.41 -121.61 1349.5 91.814 -114.16 1398.5 83.253
0.95833 -92.393 1310.4 100.84 -122.42 1361.6 91.76 -114.3 1410.2 83.03
0.96667 -93.057 1322 101.24 -123.23 1373.9 91.732 -114.45 1421.9 82.817
0.975 -93.578 1333.7 101.64 -124.05 1386.2 91.727 -114.62 1433.7 82.614
0.98333 -93.965 1345.6 102.01 -124.87 1398.7 91.741 -114.81 1445.5 82.423
0.99167 -94.238 1357.7 102.37 -125.69 1411.2 91.772 -115 1457.3 82.243
1 -94.42 1370 102.72 -126.51 1423.8 91.814 -115.2 1469.2 82.074
1.0083 -94.542 1382.4 103.06 -127.32 1436.4 91.865 -115.39 1481.1 81.913
1.0167 -94.638 1395.1 103.39 -128.11 1449.1 91.924 -115.56 1493.1 81.76
1.025 -94.742 1407.9 103.73 -128.88 1461.8 91.992 -115.71 1505.2 81.612
1.0333 -94.901 1420.8 104.06 -129.62 1474.5 92.066 -115.83 1517.3 81.466
1.0417 -95.15 1433.9 104.38 -130.32 1487.1 92.148 -115.91 1529.5 81.322
1.05 -95.508 1447 104.69 -130.97 1499.8 92.24 -115.97 1541.8 81.178
1.0583 -95.981 1460.1 104.97 -131.58 1512.5 92.34 -115.99 1554.2 81.034
1.0667 -96.555 1473.1 105.22 -132.12 1525.2 92.445 -115.99 1566.7 80.893
1.075 -97.21 1486.2 105.43 -132.62 1538 92.558 -115.98 1579.2 80.756
1.0833 -97.921 1499.2 105.59 -133.05 1550.8 92.671 -115.96 1591.9 80.626
1.0917 -98.664 1512.2 105.7 -133.43 1563.7 92.775 -115.94 1604.6 80.507
1.1 -99.42 1525.4 105.77 -133.75 1576.6 92.864 -115.94 1617.4 80.403
1.1083 -100.18 1538.7 105.81 -134.03 1589.7 92.933 -115.96 1630.3 80.316
1.1167 -100.93 1552.3 105.83 -134.25 1602.9 92.969 -116.01 1643.3 80.248
1.125 -101.68 1566.1 105.84 -134.44 1616.1 92.969 -116.09 1656.4 80.2
1.1333 -102.43 1580.3 105.84 -134.6 1629.5 92.93 -116.2 1669.5 80.171
1.1417 -103.19 1594.8 105.83 -134.73 1642.9 92.849 -116.34 1682.8 80.159
1.15 -103.98 1609.6 105.82 -134.85 1656.4 92.728 -116.52 1696 80.158
1.1583 -104.79 1624.5 105.8 -134.97 1669.9 92.579 -116.73 1709.3 80.163
1.1667 -105.66 1639.5 105.76 -135.11 1683.5 92.406 -116.97 1722.6 80.169
1.175 -106.58 1654.6 105.7 -135.29 1697 92.228 -117.25 1735.9 80.167
1.1833 -107.55 1669.5 105.62 -135.52 1710.6 92.056 -117.57 1749.2 80.151
1.1917 -108.55 1684.3 105.52 -135.82 1724 91.91 -117.94 1762.4 80.116
1.2 -109.56 1698.8 105.4 -136.23 1737.4 91.804 -118.37 1775.5 80.056
1.2083 -110.55 1713.1 105.27 -136.74 1750.7 91.752 -118.86 1788.6 79.968
1.2167 -111.51 1727 105.14 -137.39 1764 91.764 -119.43 1801.6 79.852
1.225 -112.43 1740.6 105 -138.18 1777.1 91.847 -120.09 1814.4 79.71
1.2333 -113.29 1754 104.87 -139.12 1790 92.003 -120.86 1827.3 79.543
1.2417 -114.09 1767.1 104.75 -140.23 1802.9 92.228 -121.75 1840 79.359
1.25 -114.83 1780 104.64 -141.49 1815.6 92.516 -122.78 1852.7 79.164
1.2583 -115.5 1792.8 104.53 -142.9 1828.1 92.858 -123.96 1865.4 78.966
1.2667 -116.1 1805.6 104.42 -144.46 1840.5 93.241 -125.3 1878.1 78.774
1.275 -116.66 1818.3 104.3 -146.14 1852.8 93.651 -126.81 1890.8 78.596
1.2833 -117.2 1831 104.19 -147.92 1864.9 94.088 -128.52 1903.6 78.44
1.2917 -117.76 1843.7 104.08 -149.8 1876.8 94.533 -130.42 1916.4 78.315
1.3 -118.38 1856.4 103.96 -151.75 1888.7 94.983 -132.52 1929.2 78.224
1.3083 -119.11 1869 103.84 -153.76 1900.4 95.433 -134.83 1942.1 78.174
1.3167 -119.98 1881.4 103.72 -155.8 1912.1 95.884 -137.35 1955.1 78.166
1.325 -121.02 1893.8 103.61 -157.88 1923.6 96.338 -140.09 1968.1 78.201
1.3333 -122.26 1906 103.5 -159.99 1935.2 96.798 -143.03 1981.2 78.28
1.3417 -123.7 1917.9 103.39 -162.12 1946.6 97.269 -146.17 1994.2 78.4
1.35 -125.35 1929.7 103.3 -164.29 1958.1 97.754 -149.49 2007.3 78.557
1.3583 -127.2 1941.3 103.21 -166.5 1969.6 98.258 -152.98 2020.3 78.748
1.3667 -129.24 1952.8 103.13 -168.76 1981.1 98.78 -156.61 2033.3 78.967
1.375 -131.42 1964.1 103.06 -171.07 1992.6 99.32 -160.37 2046.3 79.208
1.3833 -133.73 1975.3 103 -173.44 2004.1 99.874 -164.24 2059.2 79.466
1.3917 -136.12 1986.4 102.95 -175.88 2015.6 100.44 -168.17 2072 79.734
1.4 -138.57 1997.6 102.91 -178.38 2027.2 101 -172.17 2084.7 80.006
1.4083 -141.05 2008.7 102.86 -180.96 2038.7 101.55 -176.2 2097.4 80.277
1.4167 -143.54 2019.8 102.82 -183.6 2050.3 102.09 -180.25 2109.9 80.542
1.425 -146.03 2031 102.77 -186.3 2061.9 102.61 -184.3 2122.4 80.798
1.4333 -148.49 2042.2 102.71 -189.06 2073.5 103.1 -188.35 2134.8 81.04
1.4417 -150.94 2053.5 102.63 -191.87 2085.2 103.55 -192.4 2147.1 81.267
1.45 -153.38 2064.8 102.54 -194.73 2096.9 103.97 -196.43 2159.3 81.476
1.4583 -155.79 2076.2 102.42 -197.63 2108.6 104.36 -200.46 2171.5 81.667
1.4667 -158.21 2087.6 102.28 -200.59 2120.4 104.71 -204.48 2183.6 81.838
1.475 -160.62 2099.1 102.13 -203.59 2132.2 105.03 -208.49 2195.7 81.99
1.4833 -163.05 2110.6 101.97 -206.64 2144.1 105.32 -212.5 2207.8 82.121
1.4917 -165.51 2122.1 101.81 -209.75 2156 105.59 -216.52 2219.8 82.232
1.5 -168.02 2133.7 101.66 -212.93 2168 105.83 -220.53 2231.9 82.325
1.5083 -170.59 2145.2 101.53 -216.17 2180.1 106.04 -224.55 2243.9 82.399
1.5167 -173.23 2156.9 101.41 -219.49 2192.2 106.24 -228.57 2256 82.455
1.525 -175.97 2168.6 101.31 -222.89 2204.4 106.41 -232.6 2268.1 82.495
1.5333 -178.82 2180.4 101.22 -226.38 2216.7 106.56 -236.64 2280.3 82.521
1.5417 -181.79 2192.4 101.14 -229.95 2229 106.69 -240.7 2292.4 82.535
1.55 -184.89 2204.4 101.06 -233.61 2241.3 106.79 -244.77 2304.6 82.539
1.5583 -188.12 2216.6 100.98 -237.36 2253.7 106.88 -248.88 2316.8 82.535
1.5667 -191.48 2229 100.89 -241.19 2266.2 106.94 -253.01 2329 82.525
1.575 -194.97 2241.3 100.8 -245.12 2278.7 106.99 -257.2 2341.3 82.511
1.5833 -198.6 2253.8 100.72 -249.13 2291.2 107.03 -261.43 2353.5 82.491
1.5917 -202.38 2266.3 100.63 -253.22 2303.9 107.06 -265.72 2365.8 82.467
1.6 -206.32 2278.9 100.56 -257.4 2316.5 107.08 -270.08 2378.2 82.434
1.6083 -210.41 2291.5 100.48 -261.66 2329.2 107.1 -274.49 2390.6 82.391
1.6167 -214.68 2304.3 100.42 -266.01 2342 107.13 -278.96 2403.1 82.333
1.625 -219.12 2317.2 100.36 -270.45 2354.7 107.17 -283.48 2415.6 82.255
1.6333 -223.72 2330.3 100.32 -274.98 2367.5 107.23 -288.05 2428.3 82.153
1.6417 -228.49 2343.6 100.3 -279.61 2380.3 107.31 -292.65 2441.1 82.023
1.65 -233.42 2357.2 100.3 -284.33 2393.1 107.4 -297.28 2453.9 81.862
1.6583 -238.48 2371 100.33 -289.15 2405.9 107.52 -301.93 2466.9 81.67
1.6667 -243.68 2385.1 100.39 -294.05 2418.7 107.65 -306.59 2479.9 81.45
1.675 -248.98 2399.3 100.51 -299.03 2431.6 107.8 -311.27 2492.9 81.205
1.6833 -254.37 2413.6 100.69 -304.07 2444.5 107.96 -315.96 2506 80.944
1.6917 -259.84 2428 100.93 -309.14 2457.5 108.13 -320.67 2519.1 80.677
1.7 -265.36 2442.2 101.24 -314.22 2470.5 108.29 -325.39 2532.1 80.414
1.7083 -270.92 2456.4 101.6 -319.27 2483.5 108.45 -330.14 2545 80.168
1.7167 -276.48 2470.3 102.02 -324.27 2496.6 108.59 -334.92 2557.8 79.951
1.725 -282.03 2483.9 102.46 -329.17 2509.8 108.72 -339.73 2570.6 79.774
1.7333 -287.52 2497.2 102.93 -333.95 2523 108.81 -344.55 2583.2 79.644
1.7417 -292.94 2510.2 103.4 -338.58 2536.2 108.87 -349.39 2595.7 79.567
1.75 -298.25 2522.9 103.84 -343.05 2549.3 108.89 -354.21 2608.1 79.545
1.7583 -303.45 2535.3 104.25 -347.32 2562.3 108.87 -359 2620.5 79.573
1.7667 -308.54 2547.5 104.62 -351.41 2575.2 108.81 -363.71 2632.9 79.644
1.775 -313.54 2559.5 104.95 -355.32 2588 108.71 -368.33 2645.3 79.749
1.7833 -318.47 2571.4 105.25 -359.05 2600.5 108.58 -372.81 2657.7 79.873
1.7917 -323.34 2583.2 105.52 -362.63 2612.8 108.41 -377.11 2670.2 80
1.8 -328.14 2595 105.77 -366.08 2624.9 108.21 -381.21 2682.8 80.115
1.8083 -332.86 2606.7 105.99 -369.43 2636.7 107.99 -385.09 2695.4 80.204
1.8167 -337.49 2618.4 106.19 -372.7 2648.2 107.75 -388.71 2708.2 80.252
1.825 -342.02 2630 106.38 -375.92 2659.6 107.49 -392.08 2720.9 80.251
1.8333 -346.42 2641.6 106.57 -379.12 2670.8 107.22 -395.19 2733.8 80.195
1.8417 -350.68 2653.2 106.75 -382.31 2681.9 106.95 -398.06 2746.6 80.081
1.85 -354.79 2664.7 106.93 -385.51 2692.9 106.67 -400.7 2759.4 79.912
1.8583 -358.74 2676.1 107.12 -388.72 2703.8 106.37 -403.14 2772.2 79.692
1.8667 -362.54 2687.5 107.32 -391.94 2714.8 106.07 -405.41 2784.9 79.428
1.875 -366.19 2698.8 107.53 -395.17 2725.9 105.75 -407.55 2797.5 79.128
1.8833 -369.7 2710 107.75 -398.4 2737 105.42 -409.57 2810.1 78.801
1.8917 -373.09 2721.2 108 -401.63 2748.2 105.08 -411.52 2822.5 78.456
1.9 -376.38 2732.4 108.27 -404.85 2759.4 104.72 -413.42 2834.8 78.099
1.9083 -379.6 2743.5 108.57 -408.04 2770.8 104.35 -415.28 2846.9 77.738
1.9167 -382.77 2754.7 108.9 -411.2 2782.2 103.98 -417.14 2859 77.378
1.925 -385.9 2765.8 109.26 -414.33 2793.8 103.6 -419 2871 77.022
1.9333 -389.02 2776.9 109.64 -417.43 2805.3 103.23 -420.88 2882.9 76.672
1.9417 -392.14 2788 110.04 -420.49 2817 102.88 -422.76 2894.7 76.329
1.95 -395.25 2799 110.46 -423.53 2828.7 102.56 -424.67 2906.4 75.992
1.9583 -398.35 2810.1 110.88 -426.55 2840.4 102.26 -426.59 2918 75.66
1.9667 -401.44 2821.1 111.31 -429.55 2852.2 102 -428.52 2929.6 75.332
1.975 -404.49 2832.1 111.73 -432.54 2864 101.78 -430.46 2941.1 75.004
1.9833 -407.5 2843.1 112.14 -435.54 2875.9 101.6 -432.41 2952.6 74.676
1.9917 -410.45 2854.1 112.53 -438.53 2887.8 101.45 -434.35 2964 74.345
2 -413.32 2865.2 112.9 -441.52 2899.8 101.35 -436.28 2975.4 74.009
2.0083 -416.12 2876.4 113.24 -444.52 2911.9 101.27 -438.2 2986.8 73.668
2.0167 -418.83 2887.7 113.55 -447.51 2924 101.23 -440.11 2998.2 73.32
2.025 -421.47 2899.1 113.84 -450.5 2936.2 101.21 -441.99 3009.5 72.967
2.0333 -424.03 2910.7 114.1 -453.48 2948.5 101.2 -443.86 3020.9 72.608
2.0417 -426.54 2922.5 114.33 -456.46 2960.8 101.22 -445.71 3032.4 72.247
2.05 -429.02 2934.5 114.54 -459.41 2973.2 101.25 -447.54 3043.8 71.885
2.0583 -431.49 2946.7 114.74 -462.34 2985.6 101.3 -449.35 3055.4 71.524
2.0667 -433.97 2959 114.93 -465.24 2998.2 101.37 -451.16 3066.9 71.169
2.075 -436.49 2971.4 115.13 -468.11 3010.8 101.45 -452.96 3078.6 70.822
2.0833 -439.05 2984 115.33 -470.94 3023.5 101.56 -454.75 3090.3 70.484
2.0917 -441.69 2996.7 115.53 -473.74 3036.3 101.69 -456.55 3102 70.157
2.1 -444.4 3009.5 115.74 -476.48 3049.1 101.84 -458.35 3113.8 69.842
2.1083 -447.19 3022.3 115.95 -479.17 3062.1 102 -460.15 3125.7 69.537
2.1167 -450.04 3035.1 116.15 -481.81 3075.2 102.16 -461.95 3137.6 69.241
2.125 -452.95 3047.8 116.34 -484.39 3088.4 102.33 -463.75 3149.6 68.951
2.1333 -455.9 3060.6 116.52 -486.89 3101.6 102.49 -465.54 3161.6 68.666
2.1417 -458.9 3073.5 116.68 -489.32 3115 102.62 -467.32 3173.7 68.382
2.15 -461.95 3086.4 116.83 -491.67 3128.5 102.72 -469.09 3185.9 68.098
2.1583 -465.07 3099.5 116.96 -493.93 3142.1 102.79 -470.83 3198.1 67.813
2.1667 -468.24 3112.7 117.08 -496.1 3155.7 102.8 -472.54 3210.5 67.528
2.175 -471.48 3126.3 117.18 -498.17 3169.4 102.77 -474.23 3222.9 67.245
2.1833 -474.79 3140.1 117.26 -500.16 3183.2 102.69 -475.88 3235.5 66.966
2.1917 -478.17 3154.1 117.3 -502.05 3197.1 102.57 -477.51 3248.1 66.698
2.2 -481.6 3168.4 117.3 -503.87 3211 102.41 -479.1 3260.9 66.444
2.2083 -485.06 3182.9 117.24 -505.63 3225 102.22 -480.67 3273.7 66.21
2.2167 -488.56 3197.5 117.12 -507.34 3239 102.01 -482.2 3286.6 66
2.225 -492.06 3212.2 116.94 -509.02 3253 101.79 -483.72 3299.6 65.814
2.2333 -495.54 3226.8 116.69 -510.71 3267 101.57 -485.21 3312.7 65.654
2.2417 -498.95 3241.2 116.39 -512.43 3281 101.37 -486.67 3325.7 65.516
2.25 -502.25 3255.5 116.04 -514.19 3294.9 101.18 -488.1 3338.8 65.394
2.2583 -505.37 3269.6 115.65 -516.02 3308.7 101.01 -489.51 3351.9 65.281
2.2667 -508.29 3283.5 115.23 -517.95 3322.4 100.87 -490.88 3365 65.166
2.275 -511 3297.1 114.78 -519.97 3335.9 100.75 -492.22 3378 65.039
2.2833 -513.48 3310.5 114.32 -522.11 3349.3 100.65 -493.54 3391 64.891
2.2917 -515.77 3323.7 113.85 -524.35 3362.5 100.57 -494.84 3404 64.714
2.3 -517.88 3336.7 113.38 -526.69 3375.4 100.49 -496.14 3416.9 64.502
2.3083 -519.84 3349.6 112.9 -529.12 3388.1 100.43 -497.44 3429.8 64.254
2.3167 -521.64 3362.4 112.42 -531.61 3400.6 100.37 -498.77 3442.6 63.972
2.325 -523.31 3375.2 111.92 -534.15 3412.8 100.31 -500.16 3455.4 63.661
2.3333 -524.83 3388 111.41 -536.71 3424.8 100.25 -501.63 3468.2 63.329
2.3417 -526.22 3400.8 110.88 -539.26 3436.7 100.18 -503.2 3480.9 62.988
2.35 -527.51 3413.6 110.34 -541.79 3448.4 100.11 -504.89 3493.6 62.649
2.3583 -528.72 3426.5 109.77 -544.27 3460 100.04 -506.72 3506.2 62.326
2.3667 -529.9 3439.2 109.19 -546.7 3471.6 99.957 -508.7 3518.9 62.03
2.375 -531.07 3452 108.59 -549.07 3483 99.875 -510.82 3531.5 61.771
2.3833 -532.27 3464.6 107.98 -551.38 3494.5 99.791 -513.09 3544.1 61.556
2.3917 -533.54 3477 107.37 -553.64 3505.9 99.707 -515.49 3556.6 61.388
2.4 -534.88 3489.4 106.76 -555.84 3517.4 99.624 -517.99 3569.2 61.268
2.4083 -536.32 3501.6 106.15 -558 3528.9 99.544 -520.58 3581.7 61.192
2.4167 -537.87 3513.6 105.56 -560.14 3540.4 99.467 -523.23 3594.1 61.153
2.425 -539.52 3525.6 104.98 -562.25 3552 99.394 -525.91 3606.6 61.142
2.4333 -541.27 3537.4 104.41 -564.35 3563.5 99.327 -528.6 3618.9 61.15
2.4417 -543.1 3549.2 103.85 -566.44 3575.1 99.266 -531.28 3631.3 61.167
2.45 -544.99 3560.9 103.29 -568.52 3586.7 99.209 -533.93 3643.5 61.183
2.4583 -546.91 3572.6 102.74 -570.6 3598.4 99.157 -536.55 3655.7 61.191
2.4667 -548.86 3584.2 102.19 -572.68 3610.1 99.107 -539.13 3667.8 61.185
2.475 -550.82 3595.9 101.62 -574.74 3621.7 99.058 -541.69 3679.8 61.163
2.4833 -552.78 3607.5 101.04 -576.79 3633.5 99.006 -544.22 3691.7 61.121
2.4917 -554.73 3619.2 100.45 -578.82 3645.2 98.949 -546.74 3703.5 61.062
2.5 -556.68 3630.9 99.831 -580.83 3657 98.882 -549.25 3715.2 60.985
2.5083 -558.63 3642.6 99.191 -582.81 3668.8 98.802 -551.75 3726.8 60.893
2.5167 -560.59 3654.3 98.529 -584.78 3680.7 98.708 -554.26 3738.4 60.787
2.525 -562.56 3666 97.849 -586.73 3692.6 98.597 -556.76 3749.9 60.67
2.5333 -564.56 3677.8 97.155 -588.66 3704.6 98.469 -559.24 3761.3 60.542
2.5417 -566.58 3689.6 96.457 -590.58 3716.6 98.324 -561.69 3772.7 60.402
2.55 -568.62 3701.5 95.764 -592.49 3728.6 98.165 -564.11 3784.1 60.249
2.5583 -570.68 3713.4 95.088 -594.4 3740.6 97.991 -566.46 3795.4 60.084
2.5667 -572.75 3725.4 94.439 -596.31 3752.7 97.801 -568.76 3806.8 59.905
2.575 -574.84 3737.4 93.825 -598.23 3764.7 97.595 -570.97 3818.1 59.711
2.5833 -576.93 3749.4 93.252 -600.12 3776.7 97.348 -573.11 3829.5 59.504
2.5917 -579.05 3761.6 92.722 -602.04 3788.8 97.126 -575.18 3841 59.284
2.6 -581.18 3773.8 92.234 -603.93 3801 96.927 -577.19 3852.5 59.057
2.6083 -583.34 3786.2 91.785 -605.88 3813.2 96.741 -579.15 3864 58.824
2.6167 -585.55 3798.7 91.366 -607.79 3825.5 96.587 -581.07 3875.6 58.593
2.625 -587.78 3811.2 90.985 -609.67 3838 96.45 -583 3887.3 58.365
2.6333 -590.06 3823.9 90.628 -611.62 3850.5 96.31 -584.92 3899 58.144
2.6417 -592.37 3836.8 90.295 -613.58 3863.1 96.168 -586.87 3910.7 57.932
2.65 -594.71 3849.7 89.989 -615.54 3875.8 96.024 -588.85 3922.4 57.728
2.6583 -597.09 3862.7 89.698 -617.53 3888.5 95.868 -590.85 3934.2 57.531
2.6667 -599.48 3875.7 89.427 -619.53 3901.2 95.689 -592.87 3946 57.335
2.675 -601.93 3889 89.145 -621.53 3914 95.519 -594.89 3957.9 57.13
2.6833 -604.38 3902.4 88.876 -623.54 3926.9 95.341 -596.9 3969.8 56.912
2.6917 -606.85 3915.9 88.62 -625.59 3939.8 95.138 -598.88 3981.7 56.673
2.7 -609.33 3929.8 88.355 -627.68 3952.7 94.959 -600.79 3993.7 56.402
2.7083 -611.83 3943.8 88.114 -629.72 3965.8 94.798 -602.64 4005.8 56.097
2.7167 -614.36 3957.8 87.916 -631.82 3978.9 94.633 -604.4 4018 55.756
2.725 -616.85 3972.3 87.738 -633.92 3991.9 94.501 -606.05 4030.2 55.376
2.7333 -619.35 3986.8 87.63 -636.02 4005.1 94.389 -607.62 4042.6 54.968
2.7417 -621.8 4001.3 87.587 -638.08 4018.4 94.31 -609.11 4055.1 54.536
2.75 -624.21 4015.8 87.62 -640.11 4031.7 94.25 -610.53 4067.7 54.093
2.7583 -626.54 4030.3 87.73 -642.05 4045.1 94.203 -611.89 4080.4 53.652
2.7667 -628.8 4044.6 87.913 -643.87 4058.5 94.144 -613.23 4093.1 53.228
2.775 -630.97 4058.7 88.16 -645.55 4071.9 94.068 -614.55 4105.9 52.833
2.7833 -633.06 4072.5 88.448 -647.08 4085.2 93.963 -615.87 4118.7 52.478
2.7917 -635.06 4086 88.755 -648.43 4098.6 93.826 -617.18 4131.5 52.173
2.8 -636.98 4099.2 89.049 -649.58 4111.9 93.65 -618.49 4144.3 51.919
2.8083 -638.81 4112.1 89.299 -650.54 4125.2 93.427 -619.76 4157.1 51.719
2.8167 -640.57 4124.6 89.475 -651.29 4138.4 93.154 -620.98 4169.9 51.566
2.825 -642.26 4136.9 89.553 -651.84 4151.5 92.825 -622.11 4182.6 51.454
2.8333 -643.89 4149 89.519 -652.19 4164.5 92.441 -623.11 4195.3 51.37
2.8417 -645.46 4160.8 89.371 -652.36 4177.3 92.001 -623.94 4207.9 51.3
2.85 -646.94 4172.5 89.118 -652.37 4190 91.508 -624.55 4220.5 51.231
2.8583 -648.28 4184.2 88.774 -652.24 4202.5 90.967 -624.91 4233.1 51.148
2.8667 -649.45 4195.7 88.359 -651.99 4214.8 90.382 -624.99 4245.7 51.039
2.875 -650.39 4207.1 87.897 -651.64 4226.9 89.758 -624.76 4258.2 50.891
2.8833 -651.06 4218.4 87.413 -651.21 4238.9 89.099 -624.21 4270.7 50.699
2.8917 -651.42 4229.6 86.93 -650.7 4250.7 88.409 -623.35 4283.3 50.457
2.9 -651.45 4240.6 86.468 -650.12 4262.4 87.689 -622.18 4295.7 50.166
2.9083 -651.16 4251.6 86.041 -649.48 4274.1 86.941 -620.72 4308.2 49.83
2.9167 -650.59 4262.3 85.658 -648.75 4285.6 86.163 -619 4320.6 49.454
2.925 -649.77 4273 85.32 -647.95 4297.2 85.356 -617.04 4332.9 49.047
2.9333 -648.73 4283.5 85.024 -647.04 4308.6 84.52 -614.89 4345.2 48.618
2.9417 -647.5 4294 84.762 -646.03 4320.1 83.657 -612.58 4357.4 48.178
2.95 -646.13 4304.4 84.524 -644.89 4331.6 82.768 -610.13 4369.6 47.736
2.9583 -644.66 4314.7 84.3 -643.63 4343 81.858 -607.58 4381.6 47.299
2.9667 -643.12 4325 84.08 -642.24 4354.4 80.933 -604.95 4393.5 46.874
2.975 -641.56 4335.3 83.859 -640.71 4365.8 80.004 -602.26 4405.4 46.465
2.9833 -640.02 4345.6 83.631 -639.05 4377.2 79.079 -599.52 4417.1 46.073
2.9917 -638.5 4355.9 83.394 -637.26 4388.6 78.166 -596.74 4428.8 45.696
3 -637.04 4366.2 83.15 -635.34 4399.9 77.28 -593.92 4440.4 45.331
3.0083 -635.62 4376.6 82.9 -633.32 4411.2 76.427 -591.06 4451.9 44.972
3.0167 -634.23 4386.9 82.647 -631.18 4422.5 75.617 -588.15 4463.3 44.611
3.025 -632.87 4397.2 82.396 -628.94 4433.7 74.855 -585.18 4474.6 44.243
3.0333 -631.5 4407.6 82.151 -626.61 4445 74.144 -582.15 4485.9 43.859
3.0417 -630.11 4417.9 81.916 -624.17 4456.2 73.486 -579.03 4497 43.454
3.05 -628.66 4428.2 81.694 -621.65 4467.5 72.877 -575.84 4508 43.023
3.0583 -627.13 4438.6 81.487 -619.02 4478.8 72.316 -572.55 4519 42.566
3.0667 -625.49 4449 81.299 -616.3 4490.1 71.796 -569.17 4529.9 42.082
3.075 -623.73 4459.5 81.127 -613.48 4501.4 71.313 -565.7 4540.7 41.576
3.0833 -621.81 4470 80.972 -610.55 4512.8 70.861 -562.13 4551.4 41.052
3.0917 -619.73 4480.5 80.832 -607.52 4524.1 70.438 -558.48 4562.1 40.518
3.1 -617.46 4491.1 80.705 -604.39 4535.5 70.04 -554.76 4572.7 39.981
3.1083 -615 4501.8 80.591 -601.14 4546.8 69.669 -550.97 4583.2 39.448
3.1167 -612.35 4512.6 80.488 -597.79 4558.2 69.324 -547.13 4593.8 38.922
3.125 -609.5 4523.4 80.399 -594.32 4569.5 69.008 -543.24 4604.2 38.407
3.1333 -606.45 4534.3 80.327 -590.74 4580.8 68.725 -539.31 4614.7 37.903
3.1417 -603.23 4545.3 80.28 -587.03 4592.1 68.476 -535.34 4625.1 37.405
3.15 -599.86 4556.4 80.262 -583.19 4603.4 68.262 -531.33 4635.4 36.909
3.1583 -596.36 4567.6 80.271 -579.21 4614.8 68.085 -527.27 4645.8 36.407
3.1667 -592.76 4579 80.312 -575.08 4626.1 67.942 -523.15 4656 35.889
3.175 -589.07 4590.4 80.376 -570.8 4637.5 67.829 -518.95 4666.3 35.347
3.1833 -585.31 4602.1 80.453 -566.35 4648.9 67.737 -514.66 4676.4 34.773
3.1917 -581.47 4613.8 80.538 -561.73 4660.4 67.659 -510.25 4686.6 34.161
3.2 -577.53 4625.7 80.618 -556.92 4671.8 67.582 -505.71 4696.7 33.512
3.2083 -573.48 4637.8 80.685 -551.93 4683.3 67.498 -501.02 4706.7 32.826
3.2167 -569.3 4650 80.734 -546.75 4694.9 67.394 -496.18 4716.7 32.11
3.225 -564.98 4662.4 80.756 -541.39 4706.4 67.262 -491.17 4726.7 31.376
3.2333 -560.52 4675 80.747 -535.84 4717.9 67.094 -485.99 4736.7 30.634
3.2417 -555.9 4687.8 80.7 -530.11 4729.3 66.888 -480.65 4746.7 29.9
3.25 -551.13 4700.8 80.604 -524.21 4740.8 66.639 -475.15 4756.7 29.184
3.2583 -546.2 4713.8 80.451 -518.17 4752.2 66.35 -469.49 4766.7 28.499
3.2667 -541.09 4726.9 80.224 -511.99 4763.5 66.023 -463.69 4776.7 27.851
3.275 -535.82 4740 79.919 -505.7 4774.8 65.661 -457.75 4786.8 27.243
3.2833 -530.36 4753.1 79.519 -499.33 4786.1 65.272 -451.67 4796.8 26.674
3.2917 -524.74 4765.9 79.028 -492.91 4797.4 64.857 -445.47 4806.9 26.136
3.3 -518.95 4778.6 78.448 -486.46 4808.6 64.422 -439.15 4816.9 25.619
3.3083 -513.01 4790.9 77.782 -480.02 4819.8 63.971 -432.72 4826.9 25.112
3.3167 -506.93 4803 77.048 -473.61 4831.1 63.506 -426.17 4836.8 24.602
3.325 -500.71 4814.7 76.262 -467.27 4842.2 63.026 -419.53 4846.7 24.076
3.3333 -494.39 4826 75.44 -461.02 4853.4 62.534 -412.8 4856.5 23.527
3.3417 -487.96 4837 74.601 -454.89 4864.5 62.029 -406.01 4866.3 22.949
3.35 -481.46 4847.8 73.76 -448.87 4875.5 61.511 -399.17 4876 22.343
3.3583 -474.9 4858.2 72.931 -442.99 4886.3 60.98 -392.32 4885.6 21.715
3.3667 -468.31 4868.5 72.12 -437.24 4897 60.438 -385.48 4895.2 21.076
3.375 -461.67 4878.7 71.328 -431.61 4907.5 59.89 -378.7 4904.8 20.44
3.3833 -454.99 4888.7 70.556 -426.09 4917.7 59.326 -372 4914.4 19.824
3.3917 -448.28 4898.6 69.798 -420.66 4927.7 58.761 -365.42 4924 19.245
3.4 -441.52 4908.5 69.044 -415.29 4937.4 58.193 -358.97 4933.7 18.718
3.4083 -434.73 4918.4 68.285 -409.97 4946.9 57.626 -352.67 4943.3 18.256
3.4167 -427.93 4928.2 67.508 -404.66 4956 57.059 -346.52 4953 17.868
3.425 -421.13 4937.9 66.703 -399.33 4965 56.499 -340.52 4962.7 17.555
3.4333 -414.33 4947.5 65.863 -393.96 4973.8 55.934 -334.64 4972.4 17.32
3.4417 -407.57 4957.1 64.98 -388.54 4982.4 55.382 -328.88 4982.1 17.154
3.45 -400.84 4966.5 64.052 -383.04 4990.8 54.822 -323.19 4991.7 17.048
3.4583 -394.15 4975.8 63.081 -377.46 4999.2 54.267 -317.54 5001.3 16.988
3.4667 -387.49 4984.9 62.07 -371.8 5007.5 53.714 -311.91 5010.9 16.958
3.475 -380.87 4994 61.028 -366.05 5015.8 53.152 -306.26 5020.3 16.942
3.4833 -374.28 5002.9 59.964 -360.21 5024 52.578 -300.57 5029.5 16.925
3.4917 -367.68 5011.7 58.885 -354.31 5032.3 51.997 -294.82 5038.7 16.893
3.5 -361.08 5020.4 57.798 -348.33 5040.5 51.402 -289.01 5047.7 16.836
3.5083 -354.46 5029 56.709 -342.3 5048.8 50.795 -283.14 5056.6 16.745
3.5167 -347.81 5037.5 55.623 -336.21 5057 50.169 -277.2 5065.3 16.62
3.525 -341.14 5046.1 54.538 -330.08 5065.3 49.522 -271.22 5073.9 16.456
3.5333 -334.43 5054.6 53.452 -323.89 5073.5 48.864 -265.2 5082.3 16.258
3.5417 -327.69 5063.1 52.363 -317.65 5081.7 48.182 -259.15 5090.7 16.028
3.55 -320.94 5071.6 51.264 -311.36 5090 47.492 -253.09 5098.9 15.771
3.5583 -314.18 5080.1 50.155 -305 5098.2 46.783 -247.01 5107 15.491
3.5667 -307.43 5088.6 49.033 -298.58 5106.4 46.061 -240.92 5115.1 15.194
3.575 -300.71 5097 47.898 -292.08 5114.7 45.325 -234.8 5123.1 14.883
3.5833 -294.01 5105.5 46.756 -285.5 5122.9 44.584 -228.65 5131 14.561
3.5917 -287.34 5113.9 45.613 -278.83 5131.2 43.838 -222.46 5138.9 14.232
3.6 -280.72 5122.3 44.478 -272.06 5139.4 43.092 -216.21 5146.7 13.899
3.6083 -274.13 5130.6 43.362 -265.19 5147.7 42.352 -209.88 5154.5 13.562
3.6167 -267.57 5138.8 42.277 -258.23 5156 41.619 -203.46 5162.2 13.224
3.625 -261.03 5147 41.233 -251.18 5164.3 40.899 -196.96 5170 12.886
3.6333 -254.49 5155.1 40.24 -244.03 5172.6 40.201 -190.35 5177.7 12.552
3.6417 -247.94 5163.2 39.306 -236.84 5180.9 39.516 -183.64 5185.5 12.222
3.65 -241.36 5171.4 38.435 -229.55 5189.2 38.865 -176.82 5193.2 11.898
3.6583 -234.74 5179.5 37.628 -222.15 5197.5 38.259 -169.91 5201 11.581
3.6667 -228.08 5187.8 36.883 -214.65 5205.8 37.694 -162.9 5208.8 11.269
3.675 -221.35 5196.1 36.2 -207.07 5214.1 37.169 -155.8 5216.7 10.962
3.6833 -214.54 5204.4 35.572 -199.42 5222.4 36.68 -148.6 5224.6 10.658
3.6917 -207.63 5212.9 34.99 -191.72 5230.8 36.221 -141.31 5232.5 10.352
3.7 -200.61 5221.4 34.446 -183.95 5239.2 35.785 -133.92 5240.4 10.041
3.7083 -193.48 5230.1 33.922 -176.15 5247.6 35.372 -126.44 5248.4 9.7213
3.7167 -186.22 5238.7 33.415 -168.23 5256.1 35.002 -118.84 5256.4 9.3878
3.725 -178.8 5247.4 32.91 -160.3 5264.6 34.629 -111.14 5264.3 9.0398
3.7333 -171.22 5256.1 32.403 -152.23 5273.2 34.293 -103.33 5272.3 8.6745
3.7417 -163.48 5264.9 31.884 -144.1 5281.9 33.964 -95.404 5280.4 8.2938
3.75 -155.58 5273.6 31.354 -135.85 5290.5 33.658 -87.367 5288.4 7.9005
3.7583 -147.51 5282.4 30.81 -127.48 5299.2 33.366 -79.225 5296.5 7.4985
3.7667 -139.26 5291.2 30.254 -118.93 5308 33.123 -70.977 5304.5 7.086
3.775 -130.84 5300 29.684 -110.25 5316.8 32.901 -62.641 5312.6 6.6733
3.7833 -122.24 5308.8 29.095 -101.47 5325.7 32.689 -54.224 5320.8 6.2594
3.7917 -113.43 5317.8 28.488 -92.66 5334.6 32.461 -45.737 5328.9 5.8465
3.8 -104.42 5326.9 27.86 -83.82 5343.5 32.21 -37.189 5337.2 5.4318
3.8083 -95.19 5336.1 27.213 -74.913 5352.3 31.953 -28.586 5345.4 5.012
3.8167 -85.725 5345.6 26.553 -65.935 5361.2 31.694 -19.936 5353.7 4.5805
3.825 -76.063 5355.2 25.883 -56.896 5370.1 31.429 -11.24 5362 4.1291
3.8333 -66.183 5365 25.221 -47.802 5378.9 31.161 -2.499 5370.3 3.6483
3.8417 -56.118 5374.9 24.58 -38.657 5387.8 30.886 6.2873 5378.5 3.1306
3.85 -45.904 5384.8 23.979 -29.466 5396.7 30.602 15.122 5386.8 2.5684
3.8583 -35.587 5394.7 23.433 -20.224 5405.6 30.305 24.007 5394.9 1.9576
3.8667 -25.216 5404.5 22.958 -10.921 5414.5 29.993 32.946 5403 1.2981
3.875 -14.859 5414.2 22.56 -1.5445 5423.3 29.66 41.942 5411 0.59405
3.8833 -4.5721 5423.6 22.243 7.9247 5432.1 29.302 50.994 5418.9 359.85
3.8917 5.5831 5432.8 21.999 17.506 5440.7 28.914 60.105 5426.7 359.09
3.9 15.548 5441.7 21.812 27.217 5449.3 28.489 69.276 5434.4 358.31
3.9083 25.277 5450.2 21.66 37.071 5457.7 28.02 78.506 5442 357.54
3.9167 34.739 5458.5 21.514 47.077 5465.9 27.5 87.8 5449.5 356.79
3.925 43.907 5466.4 21.346 57.231 5474 26.925 97.16 5456.9 356.08
3.9333 52.774 5474 21.129 67.522 5481.8 26.288 106.59 5464.1 355.41
3.9417 61.347 5481.3 20.843 77.926 5489.3 25.586 116.11 5471.2 354.79
3.95 69.661 5488.3 20.474 88.408 5496.6 24.816 125.71 5478.2 354.22
3.9583 77.767 5495.1 20.018 98.929 5503.7 23.982 135.42 5485 353.71
3.9667 85.731 5501.6 19.48 109.44 5510.4 23.083 145.24 5491.7 353.24
3.975 93.618 5507.8 18.867 119.9 5516.9 22.125 155.19 5498.1 352.8
3.9833 101.49 5513.6 18.192 130.26 5523 21.116 165.29 5504.3 352.39
3.9917 109.39 5519.2 17.469 140.5 5528.9 20.06 175.52 5510.2 351.97
4 117.35 5524.3 16.716 150.57 5534.6 18.968 185.92 5515.9 351.55
4.0083 125.39 5529 15.949 160.49 5539.9 17.846 196.46 5521.2 351.1
4.0167 133.48 5533.4 15.181 170.24 5545.1 16.698 207.15 5526.3 350.63
4.025 141.61 5537.3 14.422 179.84 5550 15.53 217.97 5531 350.11
4.0333 149.76 5541 13.681 189.34 5554.6 14.345 228.91 5535.4 349.56
4.0417 157.89 5544.3 12.958 198.75 5559.1 13.144 239.94 5539.5 348.96
4.05 165.98 5547.4 12.253 208.12 5563.4 11.926 251.02 5543.2 348.33
4.0583 174.02 5550.3 11.56 217.48 5567.5 10.695 262.13 5546.7 347.68
4.0667 181.98 5553.1 10.874 226.87 5571.4 9.4513 273.24 5549.9 347
4.075 189.86 5555.9 10.185 236.31 5575.1 8.1937 284.3 5552.8 346.31
4.0833 197.66 5558.6 9.4871 245.81 5578.6 6.9247 295.29 5555.5 345.62
4.0917 205.39 5561.4 8.7731 255.39 5581.9 5.6507 306.17 5557.9 344.93
4.1 213.05 5564.3 8.0396 265.03 5585 4.3767 316.92 5560.1 344.24
4.1083 220.66 5567.2 7.2838 274.72 5587.9 3.1065 327.53 5562.1 343.57
4.1167 228.25 5570.3 6.507 284.47 5590.6 1.8461 337.97 5563.9 342.9
4.125 235.82 5573.5 5.7139 294.25 5593.2 0.6057 348.26 5565.5 342.24
4.1333 243.4 5576.7 4.9112 304.04 5595.5 359.39 358.39 5566.9 341.59
4.1417 251.01 5580 4.107 313.83 5597.7 358.21 368.36 5568.1 340.94
4.15 258.66 5583.2 3.3122 323.63 5599.8 357.06 378.19 5569.2 340.3
4.1583 266.35 5586.4 2.5364 333.41 5601.7 355.94 387.9 5570 339.66
4.1667 274.1 5589.5 1.7908 343.18 5603.4 354.87 397.5 5570.6 339.02
4.175 281.9 5592.5 1.0825 352.95 5605 353.83 407.01 5571.1 338.37
4.1833 289.76 5595.4 0.41862 362.71 5606.5 352.83 416.45 5571.5 337.73
4.1917 297.67 5598.1 359.8 372.47 5607.9 351.86 425.83 5571.6 337.09
4.2 305.64 5600.6 359.24 382.24 5609.2 350.93 435.16 5571.6 336.45
4.2083 313.67 5602.9 358.72 392.03 5610.3 350.04 444.47 5571.5 335.82
4.2167 321.77 5605.1 358.25 401.84 5611.3 349.17 453.75 5571.3 335.2
4.225 329.95 5607.1 357.82 411.68 5612.1 348.34 463.01 5570.9 334.59
4.2333 338.22 5608.9 357.43 421.55 5612.8 347.54 472.27 5570.4 334
4.2417 346.6 5610.5 357.08 431.46 5613.4 346.78 481.52 5569.8 333.43
4.25 355.11 5611.9 356.78 441.42 5613.8 346.06 490.77 5569.1 332.89
4.2583 363.78 5613.1 356.51 451.42 5614 345.39 500.02 5568.3 332.38
4.2667 372.63 5614.1 356.29 461.47 5614.1 344.75 509.28 5567.4 331.91
4.275 381.68 5614.9 356.11 471.55 5614 344.16 518.55 5566.4 331.47
4.2833 390.94 5615.5 355.98 481.67 5613.8 343.62 527.83 5565.3 331.07
4.2917 400.43 5615.9 355.89 491.81 5613.4 343.12 537.11 5564.1 330.69
4.3 410.15 5616.2 355.85 501.95 5612.8 342.67 546.41 5562.8 330.35
4.3083 420.1 5616.4 355.84 512.11 5612.1 342.26 555.71 5561.4 330.03
4.3167 430.27 5616.3 355.87 522.27 5611.2 341.89 565.01 5559.9 329.74
4.325 440.66 5616.1 355.91 532.41 5610.1 341.56 574.3 5558.3 329.45
4.3333 451.28 5615.8 355.97 542.54 5608.9 341.26 583.59 5556.5 329.18
4.3417 462.11 5615.2 356.03 552.68 5607.5 340.99 592.86 5554.5 328.91
4.35 473.14 5614.4 356.09 562.83 5606 340.75 602.11 5552.4 328.64
4.3583 484.37 5613.4 356.12 573.03 5604.3 340.52 611.36 5550.2 328.37
4.3667 495.8 5612.2 356.14 583.3 5602.3 340.31 620.59 5547.8 328.11
4.375 507.4 5610.8 356.13 593.67 5600.2 340.11 629.82 5545.2 327.84
4.3833 519.18 5609.1 356.09 604.18 5597.8 339.92 639.07 5542.5 327.57
4.3917 531.12 5607.1 356.01 614.86 5595.3 339.74 648.33 5539.6 327.31
4.4 543.17 5605 355.91 625.73 5592.5 339.55 657.63 5536.6 327.05
4.4083 555.35 5602.7 355.77 636.8 5589.5 339.36 666.98 5533.5 326.81
4.4167 567.62 5600.2 355.6 648.06 5586.2 339.16 676.39 5530.3 326.57
4.425 579.95 5597.5 355.41 659.51 5582.8 338.96 685.86 5527 326.34
4.4333 592.31 5594.7 355.18 671.1 5579.2 338.76 695.41 5523.6 326.13
4.4417 604.67 5591.7 354.92 682.79 5575.4 338.55 705.03 5520.1 325.92
4.45 616.99 5588.6 354.63 694.52 5571.5 338.34 714.72 5516.5 325.73
4.4583 629.25 5585.3 354.31 706.23 5567.5 338.14 724.48 5512.9 325.54
4.4667 641.38 5581.9 353.97 717.86 5563.5 337.96 734.29 5509.2 325.36
4.475 653.36 5578.3 353.59 729.34 5559.4 337.79 744.16 5505.5 325.19
4.4833 665.15 5574.6 353.18 740.63 5555.3 337.64 754.08 5501.6 325.04
4.4917 676.72 5570.9 352.75 751.68 5551.3 337.52 764.03 5497.8 324.9
4.5 688.04 5567.1 352.3 762.48 5547.3 337.44 774.03 5493.9 324.77
4.5083 699.12 5563.3 351.82 773.02 5543.5 337.38 784.06 5490 324.67
4.5167 709.96 5559.6 351.31 783.31 5539.7 337.36 794.13 5486.1 324.6
4.525 720.58 5556.1 350.77 793.36 5536.1 337.36 804.24 5482.3 324.55
4.5333 731.01 5552.6 350.2 803.23 5532.7 337.38 814.38 5478.4 324.54
4.5417 741.28 5549.3 349.6 812.93 5529.3 337.41 824.55 5474.7 324.55
4.55 751.44 5546.2 348.96 822.52 5526.1 337.45 834.76 5471 324.59
4.5583 761.48 5543.1 348.31 832.01 5523 337.49 844.98 5467.4 324.64
4.5667 771.45 5540.2 347.64 841.44 5520 337.52 855.2 5463.9 324.71
4.575 781.36 5537.3 346.97 850.83 5517 337.54 865.41 5460.5 324.77
4.5833 791.22 5534.4 346.29 860.18 5514 337.54 875.6 5457.2 324.82
4.5917 801.05 5531.6 345.63 869.49 5511.1 337.52 885.73 5453.9 324.85
4.6 810.85 5528.6 344.97 878.76 5508.1 337.48 895.81 5450.6 324.85
4.6083 820.61 5525.6 344.34 887.98 5505.1 337.43 905.82 5447.3 324.81
4.6167 830.33 5522.4 343.73 897.15 5502.1 337.37 915.75 5444 324.72
4.625 840 5519.2 343.14 906.26 5499.1 337.29 925.62 5440.7 324.59
4.6333 849.62 5515.8 342.58 915.32 5496 337.21 935.42 5437.3 324.41
4.6417 859.18 5512.3 342.05 924.35 5492.9 337.14 945.18 5434 324.19
4.65 868.68 5508.7 341.55 933.34 5489.8 337.06 954.91 5430.6 323.94
4.6583 878.11 5505.2 341.06 942.33 5486.7 336.99 964.64 5427.2 323.66
4.6667 887.49 5501.6 340.6 951.33 5483.6 336.93 974.36 5423.9 323.37
4.675 896.84 5498.1 340.14 960.35 5480.5 336.87 984.11 5420.6 323.08
4.6833 906.16 5494.6 339.69 969.43 5477.5 336.82 993.89 5417.3 322.79
4.6917 915.49 5491.2 339.24 978.56 5474.4 336.77 1003.7 5414.2 322.51
4.7 924.84 5487.9 338.77 987.74 5471.3 336.72 1013.5 5411 322.26
4.7083 934.22 5484.5 338.29 996.98 5468.2 336.67 1023.3 5408 322.04
4.7167 943.64 5481.2 337.78 1006.3 5465.1 336.61 1033.2 5405 321.84
4.725 953.11 5477.9 337.25 1015.6 5461.9 336.55 1043 5402 321.68
4.7333 962.6 5474.5 336.7 1024.9 5458.5 336.48 1052.7 5399.1 321.55
4.7417 972.11 5471 336.13 1034.2 5455.1 336.4 1062.5 5396.1 321.45
4.75 981.63 5467.5 335.55 1043.5 5451.6 336.32 1072.1 5393.2 321.38
4.7583 991.13 5463.9 334.97 1052.9 5448.1 336.23 1081.8 5390.2 321.32
4.7667 1000.6 5460.2 334.39 1062.2 5444.4 336.14 1091.4 5387.1 321.27
4.775 1010.1 5456.5 333.83 1071.5 5440.8 336.04 1101 5384.1 321.22
4.7833 1019.5 5452.8 333.3 1080.9 5437.1 335.95 1110.7 5381 321.16
4.7917 1029 5449.1 332.8 1090.3 5433.4 335.85 1120.3 5377.9 321.1
4.8 1038.5 5445.4 332.32 1099.7 5429.7 335.76 1130 5374.8 321.01
4.8083 1048.1 5441.9 331.89 1109.3 5426.1 335.66 1139.7 5371.6 320.91
4.8167 1057.9 5438.4 331.49 1118.9 5422.5 335.56 1149.5 5368.5 320.79
4.825 1067.7 5435 331.12 1128.6 5418.9 335.46 1159.3 5365.3 320.65
4.8333 1077.7 5431.7 330.78 1138.3 5415.3 335.36 1169.2 5362.2 320.5
4.8417 1087.9 5428.4 330.47 1148.1 5411.6 335.24 1179 5359 320.35
4.85 1098.2 5425.1 330.17 1157.9 5407.9 335.12 1188.9 5355.7 320.2
4.8583 1108.6 5421.7 329.88 1167.7 5404.2 334.98 1198.7 5352.4 320.05
4.8667 1119.1 5418.1 329.58 1177.5 5400.4 334.82 1208.6 5349.1 319.92
4.875 1129.7 5414.4 329.25 1187.2 5396.5 334.66 1218.4 5345.7 319.8
4.8833 1140.4 5410.4 328.9 1197 5392.6 334.48 1228.3 5342.2 319.7
4.8917 1151.1 5406.3 328.52 1206.8 5388.6 334.29 1238.2 5338.7 319.6
4.9 1162 5402 328.1 1216.6 5384.6 334.11 1248.2 5335.2 319.5
