0.0083333 -7.2331 5.7807 99.053 -27.662 122.3 89.747 17.638 260.23 79.851
0.016667 -6.4733 13.492 99.183 -26.313 131.82 89.775 19.807 268.88 79.585
0.025 -5.7162 21.503 99.338 -24.856 141.49 89.769 22.033 277.68 79.332
0.033333 -4.9613 29.836 99.516 -23.286 151.3 89.727 24.321 286.66 79.097
0.041667 -4.211 38.51 99.71 -21.602 161.26 89.647 26.673 295.84 78.883
0.05 -3.4699 47.536 99.918 -19.801 171.38 89.532 29.094 305.23 78.69
0.058333 -2.7455 56.919 100.13 -17.883 181.67 89.382 31.589 314.84 78.521
0.066667 -2.0459 66.661 100.35 -15.839 192.12 89.207 34.158 324.67 78.377
0.075 -1.3775 76.751 100.55 -13.669 202.72 89.014 36.805 334.72 78.255
0.083333 -0.74267 87.167 100.74 -11.376 213.47 88.81 39.53 344.96 78.156
0.091667 -0.13936 97.88 100.91 -8.9634 224.36 88.602 42.329 355.37 78.078
0.1 0.4405 108.85 101.04 -6.4433 235.37 88.396 45.199 365.91 78.016
0.10833 1.0114 120.04 101.13 -3.8318 246.48 88.198 48.136 376.55 77.966
0.11667 1.5939 131.4 101.17 -1.1511 257.67 88.012 51.131 387.24 77.924
0.125 2.2142 142.88 101.17 1.5719 268.89 87.84 54.177 397.93 77.883
0.13333 2.9033 154.44 101.11 4.3058 280.12 87.684 57.262 408.59 77.838
0.14167 3.6936 166.04 101.01 7.0183 291.32 87.546 60.377 419.19 77.782
0.15 4.6184 177.66 100.87 9.676 302.45 87.425 63.508 429.68 77.71
0.15833 5.7068 189.26 100.69 12.248 313.47 87.323 66.639 440.06 77.616
0.16667 6.9761 200.84 100.48 14.709 324.36 87.24 69.753 450.31 77.499
0.175 8.4316 212.38 100.23 17.039 335.06 87.178 72.831 460.42 77.357
0.18333 10.06 223.89 99.961 19.226 345.56 87.137 75.852 470.39 77.191
0.19167 11.836 235.35 99.662 21.266 355.83 87.118 78.794 480.24 77.004
0.2 13.725 246.78 99.336 23.165 365.86 87.122 81.635 489.95 76.801
0.20833 15.693 258.17 98.982 24.936 375.63 87.147 84.351 499.56 76.586
0.21667 17.72 269.51 98.597 26.596 385.16 87.193 86.922 509.05 76.367
0.225 19.794 280.83 98.183 28.168 394.45 87.256 89.332 518.46 76.152
0.23333 21.919 292.11 97.737 29.679 403.51 87.335 91.567 527.79 75.947
0.24167 24.104 303.35 97.262 31.152 412.38 87.424 93.62 537.04 75.757
0.25 26.359 314.55 96.759 32.609 421.09 87.521 95.49 546.22 75.59
0.25833 28.698 325.7 96.231 34.071 429.66 87.621 97.183 555.35 75.447
0.26667 31.13 336.78 95.682 35.552 438.14 87.721 98.71 564.43 75.331
0.275 33.65 347.77 95.118 37.06 446.55 87.818 100.09 573.46 75.243
0.28333 36.25 358.67 94.544 38.602 454.94 87.911 101.34 582.46 75.182
0.29167 38.911 369.47 93.964 40.18 463.32 87.998 102.49 591.43 75.146
0.3 41.602 380.16 93.383 41.791 471.74 88.079 103.57 600.38 75.132
0.30833 44.289 390.74 92.804 43.432 480.19 88.152 104.59 609.31 75.138
0.31667 46.932 401.22 92.229 45.098 488.71 88.219 105.59 618.22 75.158
0.325 49.495 411.62 91.658 46.787 497.29 88.277 106.57 627.12 75.191
0.33333 51.95 421.95 91.089 48.493 505.96 88.326 107.56 636.01 75.232
0.34167 54.279 432.22 90.521 50.214 514.7 88.364 108.56 644.87 75.278
0.35 56.478 442.46 89.952 51.947 523.51 88.389 109.58 653.7 75.327
0.35833 58.559 452.69 89.379 53.691 532.4 88.398 110.61 662.49 75.377
0.36667 60.549 462.91 88.801 55.447 541.37 88.388 111.65 671.25 75.425
0.375 62.477 473.12 88.218 57.214 550.41 88.356 112.71 679.96 75.473
0.38333 64.381 483.34 87.629 58.993 559.52 88.298 113.76 688.62 75.521
0.39167 66.295 493.54 87.035 60.786 568.7 88.213 114.8 697.23 75.57
0.4 68.246 503.73 86.436 62.594 577.95 88.098 115.83 705.8 75.622
0.40833 70.247 513.88 85.835 64.421 587.28 87.954 116.85 714.34 75.681
0.41667 72.305 523.99 85.235 66.27 596.69 87.781 117.85 722.88 75.749
0.425 74.407 534.06 84.638 68.143 606.18 87.582 118.84 731.41 75.832
0.43333 76.534 544.08 84.048 70.044 615.75 87.359 119.83 739.98 75.931
0.44167 78.659 554.05 83.471 71.976 625.41 87.115 120.81 748.6 76.05
0.45 80.759 564 82.911 73.943 635.16 86.854 121.8 757.29 76.189
0.45833 82.799 573.92 82.374 75.946 644.99 86.579 122.82 766.07 76.35
0.46667 84.77 583.85 81.866 77.987 654.91 86.295 123.86 774.94 76.529
0.475 86.651 593.81 81.391 80.069 664.91 86.003 124.94 783.92 76.723
0.48333 88.448 603.81 80.955 82.191 675.01 85.708 126.07 793 76.928
0.49167 90.174 613.89 80.558 84.353 685.19 85.41 127.25 802.18 77.136
0.5 91.849 624.07 80.202 86.555 695.46 85.113 128.49 811.44 77.343
0.50833 93.503 634.38 79.884 88.797 705.83 84.819 129.79 820.78 77.542
0.51667 95.177 644.83 79.601 91.079 716.29 84.531 131.15 830.18 77.727
0.525 96.909 655.43 79.35 93.395 726.85 84.254 132.57 839.63 77.895
0.53333 98.731 666.19 79.12 95.752 737.5 83.987 134.06 849.14 78.045
0.54167 100.67 677.1 78.905 98.152 748.23 83.736 135.6 858.71 78.177
0.55 102.74 688.17 78.704 100.58 759.04 83.503 137.19 868.34 78.293
0.55833 104.93 699.38 78.508 103.04 769.96 83.308 138.82 878.05 78.398
0.56667 107.23 710.75 78.312 105.52 780.91 83.13 140.49 887.87 78.494
0.575 109.61 722.28 78.101 107.98 791.97 83 142.2 897.82 78.588
0.58333 112.07 733.96 77.888 110.48 803.11 82.918 143.94 907.92 78.682
0.59167 114.58 745.81 77.654 112.93 814.28 82.863 145.71 918.2 78.781
0.6 117.12 757.86 77.404 115.35 825.5 82.84 147.5 928.66 78.885
0.60833 119.68 770.11 77.137 117.73 836.7 82.828 149.33 939.31 78.99
0.61667 122.25 782.56 76.859 120.08 847.96 82.849 151.19 950.16 79.099
0.625 124.82 795.21 76.576 122.4 859.25 82.884 153.08 961.16 79.208
0.63333 127.41 808.05 76.297 124.71 870.55 82.923 155.01 972.31 79.315
0.64167 130.03 821.04 76.029 126.99 881.89 82.964 156.98 983.57 79.418
0.65 132.7 834.12 75.78 129.29 893.27 82.996 159 994.88 79.517
0.65833 135.43 847.24 75.554 131.62 904.69 83.011 161.07 1006.2 79.615
0.66667 138.22 860.32 75.353 134 916.15 83.002 163.19 1017.5 79.717
0.675 141.08 873.29 75.174 136.47 927.65 82.962 165.36 1028.8 79.831
0.68333 143.98 886.08 75.01 139.04 939.2 82.883 167.6 1040 79.968
0.69167 146.91 898.65 74.848 141.75 950.78 82.759 169.91 1051 80.136
0.7 149.85 910.94 74.678 144.62 962.38 82.58 172.29 1062 80.347
0.70833 152.76 922.95 74.484 147.66 973.97 82.34 174.76 1072.9 80.608
0.71667 155.64 934.66 74.252 150.89 985.53 82.031 177.33 1083.8 80.926
0.725 158.46 946.08 73.972 154.31 997.03 81.649 180 1094.5 81.301
0.73333 161.23 957.23 73.636 157.93 1008.4 81.188 182.8 1105.3 81.732
0.74167 163.93 968.15 73.244 161.73 1019.7 80.65 185.75 1116.2 82.209
0.75 166.6 978.88 72.805 165.7 1030.9 80.032 188.86 1127 82.721
0.75833 169.24 989.48 72.332 169.83 1041.9 79.341 192.15 1138 83.252
0.76667 171.9 999.97 71.844 174.09 1052.7 78.58 195.65 1149 83.784
0.775 174.62 1010.4 71.363 178.48 1063.4 77.76 199.37 1160 84.299
0.78333 177.43 1020.8 70.909 183.16 1074.1 76.881 201.93 1170.5 85.787
0.79167 180.4 1031.1 70.5 187.73 1084.4 75.973 206.07 1181.7 86.251
0.8 183.56 1041.4 70.149 192.38 1094.6 75.036 210.45 1192.8 86.659
0.80833 186.95 1051.6 69.865 197.1 1104.7 74.086 215.06 1203.9 87.006
0.81667 190.59 1061.7 69.643 201.88 1114.7 73.129 219.89 1214.9 87.293
0.825 194.5 1071.7 69.475 206.72 1124.6 72.174 224.94 1225.8 87.521
0.83333 198.67 1081.6 69.341 211.63 1134.4 71.225 230.18 1236.5 87.697
0.84167 203.07 1091.4 69.223 216.61 1144.3 70.286 235.6 1247 87.829
0.85 207.66 1101 69.098 221.66 1154.1 69.357 241.18 1257.3 87.925
0.85833 212.4 1110.6 68.948 226.78 1164 68.437 246.89 1267.4 87.993
0.86667 217.23 1120.1 68.762 231.97 1173.8 67.528 252.73 1277.3 88.04
0.875 222.11 1129.5 68.533 237.24 1183.7 66.625 258.68 1287 88.072
0.88333 227 1138.9 68.262 242.59 1193.6 65.73 264.71 1296.5 88.091
0.89167 231.87 1148.4 67.956 248.01 1203.5 64.843 270.83 1305.8 88.099
0.9 236.7 1157.8 67.627 253.5 1213.4 63.969 277.02 1315 88.095
0.90833 241.47 1167.3 67.288 259.06 1223.3 63.111 283.28 1324 88.079
0.91667 246.19 1176.8 66.954 264.69 1233.2 62.273 289.6 1333 88.049
0.925 250.87 1186.3 66.638 270.39 1243.2 61.463 295.98 1341.9 88.005
0.93333 255.53 1195.9 66.351 276.17 1253.1 60.686 302.43 1350.8 87.946
0.94167 260.19 1205.4 66.1 282.02 1263 59.946 308.93 1359.6 87.875
0.95 264.9 1215 65.888 287.94 1272.8 59.25 315.48 1368.5 87.793
0.95833 269.67 1224.5 65.713 293.94 1282.7 58.598 322.09 1377.4 87.704
0.96667 274.53 1234.1 65.569 300.02 1292.6 57.993 328.76 1386.3 87.612
0.975 279.52 1243.6 65.449 306.18 1302.5 57.433 335.47 1395.3 87.522
0.98333 284.65 1253.2 65.342 312.41 1312.3 56.919 342.24 1404.3 87.436
0.99167 289.94 1262.8 65.237 318.72 1322.2 56.449 349.06 1413.4 87.356
1 295.4 1272.4 65.127 325.1 1332.1 56.019 355.95 1422.5 87.284
1.0083 301.04 1282.1 65.005 331.55 1342 55.633 362.89 1431.7 87.217
1.0167 306.87 1291.8 64.874 338.08 1352 55.279 369.92 1441 87.153
1.025 312.91 1301.6 64.734 344.7 1361.9 54.967 377.02 1450.2 87.088
1.0333 319.15 1311.4 64.597 351.39 1371.9 54.687 384.22 1459.5 87.016
1.0417 325.6 1321.3 64.472 358.19 1382 54.446 391.52 1468.9 86.934
1.05 332.26 1331.3 64.373 365.09 1392.1 54.241 398.93 1478.2 86.837
1.0583 339.1 1341.3 64.305 372.12 1402.2 54.069 406.46 1487.5 86.723
1.0667 346.09 1351.3 64.274 379.29 1412.4 53.928 414.11 1496.8 86.592
1.075 353.2 1361.5 64.279 386.62 1422.6 53.815 421.88 1506.1 86.446
1.0833 360.4 1371.6 64.309 394.12 1432.9 53.722 429.77 1515.4 86.291
1.0917 367.69 1381.8 64.355 401.8 1443.3 53.641 437.78 1524.7 86.134
1.1 375.06 1392 64.406 409.69 1453.7 53.563 445.88 1534 85.984
1.1083 382.56 1402.3 64.45 417.78 1464.2 53.478 454.07 1543.3 85.85
1.1167 390.2 1412.6 64.478 426.08 1474.7 53.374 462.34 1552.7 85.742
1.125 398.03 1423.1 64.483 434.59 1485.2 53.239 470.67 1562.1 85.669
1.1333 406.1 1433.7 64.459 443.29 1495.8 53.069 479.08 1571.6 85.637
1.1417 414.44 1444.4 64.404 452.16 1506.4 52.861 487.54 1581.1 85.65
1.15 423.07 1455.3 64.318 461.21 1517 52.601 496.06 1590.7 85.707
1.1583 432 1466.5 64.2 470.39 1527.5 52.301 504.66 1600.5 85.805
1.1667 441.19 1477.8 64.051 479.68 1538.1 51.961 513.33 1610.2 85.935
1.175 450.62 1489.4 63.866 489.05 1548.6 51.595 522.1 1620.1 86.086
1.1833 460.22 1501.1 63.645 498.46 1559 51.205 530.98 1629.9 86.246
1.1917 469.94 1512.8 63.383 507.89 1569.5 50.803 539.97 1639.7 86.398
1.2 479.7 1524.6 63.075 517.28 1579.9 50.408 549.09 1649.5 86.527
1.2083 489.45 1536.4 62.719 526.61 1590.3 50.03 558.32 1659.3 86.62
1.2167 499.14 1548 62.317 535.84 1600.6 49.68 567.67 1669 86.665
1.225 508.74 1559.5 61.867 544.94 1611 49.364 577.12 1678.6 86.652
1.2333 518.22 1570.8 61.374 553.86 1621.4 49.09 586.64 1688.1 86.575
1.2417 527.58 1581.8 60.842 562.59 1631.7 48.861 596.18 1697.5 86.434
1.25 536.79 1592.5 60.278 571.1 1642.1 48.678 605.72 1706.8 86.231
1.2583 545.86 1602.9 59.69 579.37 1652.5 48.542 615.2 1716.2 85.972
1.2667 554.8 1613.1 59.086 587.38 1662.8 48.45 624.57 1725.5 85.668
1.275 563.62 1623.1 58.474 595.14 1673.2 48.4 633.79 1734.8 85.332
1.2833 572.36 1632.9 57.861 602.64 1683.4 48.388 642.81 1744.2 84.978
1.2917 581.05 1642.6 57.253 609.9 1693.6 48.41 651.59 1753.7 84.623
1.3 589.71 1652.1 56.662 616.93 1703.7 48.462 660.11 1763.3 84.28
1.3083 598.36 1661.6 56.094 623.77 1713.7 48.542 668.34 1773 83.963
1.3167 606.97 1671 55.557 630.45 1723.5 48.643 676.28 1783 83.686
1.325 615.53 1680.3 55.059 636.99 1733.3 48.768 683.93 1793.1 83.453
1.3333 624 1689.7 54.6 643.43 1742.9 48.908 691.3 1803.3 83.272
1.3417 632.35 1699 54.181 649.81 1752.3 49.065 698.4 1813.8 83.143
1.35 640.54 1708.3 53.797 656.15 1761.7 49.234 705.25 1824.4 83.065
1.3583 648.53 1717.6 53.442 662.48 1771.1 49.415 711.87 1835.1 83.034
1.3667 656.29 1726.9 53.108 668.81 1780.4 49.606 718.3 1845.9 83.044
1.375 663.83 1736.1 52.79 675.16 1789.7 49.805 724.55 1856.9 83.09
1.3833 671.15 1745.4 52.48 681.53 1799.1 50.011 730.63 1867.8 83.166
1.3917 678.28 1754.8 52.175 687.91 1808.5 50.224 736.57 1878.8 83.266
1.4 685.26 1764.1 51.871 694.31 1818 50.44 742.38 1889.9 83.386
1.4083 692.14 1773.5 51.572 700.72 1827.5 50.66 748.07 1900.9 83.523
1.4167 698.97 1782.9 51.277 707.12 1837.2 50.882 753.65 1911.9 83.676
1.425 705.8 1792.3 50.99 713.52 1847 51.105 759.11 1922.9 83.843
1.4333 712.67 1801.9 50.712 719.91 1856.8 51.328 764.48 1933.9 84.026
1.4417 719.61 1811.4 50.443 726.28 1866.7 51.547 769.76 1944.8 84.225
1.45 726.64 1821 50.179 732.65 1876.7 51.762 774.95 1955.7 84.442
1.4583 733.76 1830.7 49.915 739.01 1886.7 51.97 780.06 1966.6 84.676
1.4667 740.95 1840.3 49.644 745.38 1896.7 52.168 785.11 1977.5 84.93
1.475 748.2 1850 49.358 751.75 1906.8 52.354 790.12 1988.3 85.2
1.4833 755.47 1859.8 49.052 758.14 1917 52.526 795.09 1999.1 85.486
1.4917 762.74 1869.5 48.725 764.55 1927.2 52.681 800.05 2009.8 85.785
1.5 769.98 1879.3 48.381 770.97 1937.4 52.82 805.02 2020.6 86.094
1.5083 777.17 1889.1 48.028 777.41 1947.7 52.942 809.99 2031.3 86.406
1.5167 784.3 1898.9 47.679 783.85 1958 53.048 815 2042.1 86.719
1.525 791.36 1908.8 47.351 790.29 1968.4 53.139 820.04 2052.8 87.025
1.5333 798.36 1918.8 47.06 796.72 1978.9 53.218 825.13 2063.5 87.322
1.5417 805.32 1928.8 46.823 803.13 1989.3 53.286 830.27 2074.3 87.606
1.55 812.25 1939 46.647 809.51 1999.9 53.347 835.45 2085.1 87.873
1.5583 819.17 1949.2 46.537 815.85 2010.4 53.403 840.67 2095.9 88.125
1.5667 826.12 1959.7 46.488 822.16 2021 53.454 845.92 2106.7 88.36
1.575 833.09 1970.3 46.489 828.42 2031.7 53.502 851.19 2117.5 88.583
1.5833 840.11 1981.2 46.526 834.64 2042.4 53.548 856.45 2128.4 88.796
1.5917 847.18 1992.2 46.581 840.82 2053.2 53.591 861.7 2139.3 89.004
1.6 854.27 2003.4 46.637 846.98 2064.1 53.63 866.92 2150.2 89.213
1.6083 861.37 2014.8 46.681 853.1 2075 53.666 872.09 2161.2 89.425
1.6167 868.47 2026.3 46.701 859.21 2086.1 53.698 877.21 2172.2 89.646
1.625 875.55 2038 46.685 865.3 2097.3 53.728 882.26 2183.3 89.879
1.6333 882.62 2049.7 46.632 871.37 2108.7 53.759 887.24 2194.5 90.123
1.6417 889.67 2061.6 46.542 877.42 2120.1 53.795 892.15 2205.7 90.38
1.65 896.74 2073.5 46.427 883.46 2131.8 53.842 897 2217 90.647
1.6583 903.84 2085.6 46.302 889.47 2143.6 53.905 901.79 2228.5 90.921
1.6667 910.98 2097.8 46.19 895.45 2155.5 53.992 906.53 2240 91.198
1.675 918.19 2110.1 46.114 901.39 2167.5 54.109 911.22 2251.7 91.474
1.6833 925.49 2122.5 46.1 907.31 2179.6 54.261 915.88 2263.6 91.745
1.6917 932.86 2134.9 46.169 913.18 2191.8 54.453 920.5 2275.6 92.009
1.7 940.29 2147.5 46.339 919.03 2204.1 54.685 925.08 2287.7 92.266
1.7083 947.74 2160.2 46.62 924.85 2216.3 54.96 929.62 2300 92.517
1.7167 955.15 2172.9 47.016 930.64 2228.6 55.273 934.11 2312.4 92.766
1.725 962.47 2185.7 47.522 936.42 2240.7 55.621 938.54 2324.9 93.02
1.7333 969.63 2198.5 48.125 942.2 2252.8 55.999 942.89 2337.5 93.284
1.7417 976.58 2211.3 48.807 947.98 2264.8 56.399 947.16 2350.1 93.568
1.75 983.3 2224.1 49.544 953.77 2276.7 56.815 951.33 2362.8 93.877
1.7583 989.76 2236.8 50.311 959.57 2288.4 57.238 955.4 2375.4 94.217
1.7667 995.96 2249.3 51.08 965.38 2299.9 57.663 959.38 2387.9 94.591
1.775 1001.9 2261.7 51.825 971.18 2311.3 58.084 963.28 2400.3 95.001
1.7833 1007.6 2274 52.529 976.95 2322.4 58.496 967.12 2412.6 95.442
1.7917 1013.1 2286.1 53.182 982.68 2333.3 58.897 970.92 2424.7 95.909
1.8 1018.4 2298.2 53.788 988.34 2344 59.286 974.73 2436.7 96.393
1.8083 1023.6 2310.1 54.353 993.91 2354.5 59.663 978.56 2448.4 96.884
1.8167 1028.7 2322.1 54.894 999.36 2364.8 60.031 982.47 2459.8 97.369
1.825 1033.7 2334 55.425 1004.7 2374.9 60.39 986.48 2471.1 97.838
1.8333 1038.6 2345.8 55.964 1009.9 2384.7 60.744 990.63 2482.1 98.279
1.8417 1043.4 2357.7 56.523 1014.9 2394.5 61.098 994.92 2493 98.686
1.85 1048.3 2369.5 57.117 1019.8 2404.1 61.449 999.38 2503.6 99.051
1.8583 1053.1 2381.2 57.75 1024.6 2413.5 61.803 1004 2514 99.373
1.8667 1057.8 2392.8 58.426 1029.3 2423 62.161 1008.8 2524.3 99.652
1.875 1062.6 2404.3 59.143 1033.9 2432.4 62.519 1013.7 2534.4 99.891
1.8833 1067.4 2415.7 59.895 1038.4 2441.8 62.876 1018.7 2544.5 100.1
1.8917 1072.2 2426.9 60.675 1042.9 2451.2 63.23 1023.8 2554.4 100.28
1.9 1077 2438 61.476 1047.3 2460.7 63.581 1028.9 2564.3 100.44
1.9083 1081.8 2448.9 62.29 1051.8 2470.3 63.925 1034 2574.1 100.6
1.9167 1086.6 2459.8 63.113 1056.3 2480 64.261 1039.1 2583.9 100.76
1.925 1091.4 2470.5 63.944 1060.8 2489.8 64.587 1044.2 2593.6 100.93
1.9333 1096.2 2481.1 64.782 1065.4 2499.7 64.906 1049.2 2603.3 101.12
1.9417 1100.9 2491.6 65.632 1070 2509.7 65.217 1054.2 2613 101.33
1.95 1105.6 2502.2 66.495 1074.6 2519.8 65.525 1059.1 2622.7 101.56
1.9583 1110.3 2512.7 67.381 1079.2 2530 65.832 1063.9 2632.3 101.82
1.9667 1114.9 2523.2 68.293 1083.9 2540.4 66.143 1068.6 2641.8 102.1
1.975 1119.4 2533.7 69.236 1088.6 2550.7 66.461 1073.3 2651.4 102.41
1.9833 1123.9 2544.2 70.214 1093.2 2561.2 66.791 1077.9 2660.8 102.73
1.9917 1128.5 2554.8 71.228 1097.9 2571.7 67.135 1082.4 2670.2 103.08
2 1133 2565.5 72.276 1102.5 2582.3 67.495 1086.9 2679.6 103.43
2.0083 1137.6 2576.1 73.355 1107.1 2593 67.873 1091.4 2689 103.79
2.0167 1142.3 2586.8 74.459 1111.7 2603.7 68.268 1095.8 2698.3 104.16
2.025 1147.1 2597.6 75.578 1116.2 2614.5 68.678 1100.2 2707.7 104.53
2.0333 1152 2608.5 76.704 1120.7 2625.4 69.102 1104.5 2717 104.9
2.0417 1157.1 2619.4 77.823 1125.2 2636.3 69.536 1108.8 2726.4 105.26
2.05 1162.3 2630.3 78.925 1129.7 2647.3 69.979 1113 2735.7 105.63
2.0583 1167.7 2641.4 79.997 1134.1 2658.4 70.427 1117.2 2745.2 105.99
2.0667 1173.2 2652.5 81.027 1138.5 2669.6 70.878 1121.4 2754.7 106.34
2.075 1178.8 2663.6 82.004 1142.9 2680.8 71.333 1125.6 2764.2 106.7
2.0833 1184.5 2674.8 82.921 1147.2 2692 71.79 1129.7 2773.7 107.06
2.0917 1190.2 2686.2 83.771 1151.6 2703.3 72.25 1133.8 2783.3 107.42
2.1 1196 2697.5 84.55 1155.9 2714.6 72.714 1137.9 2793 107.79
2.1083 1201.8 2709 85.257 1160.3 2725.9 73.183 1141.9 2802.7 108.17
2.1167 1207.6 2720.7 85.889 1164.6 2737.2 73.657 1145.9 2812.4 108.55
2.125 1213.3 2732.4 86.445 1168.9 2748.6 74.134 1149.9 2822.2 108.96
2.1333 1219 2744.3 86.92 1173.2 2760 74.614 1153.7 2832 109.37
2.1417 1224.6 2756.2 87.312 1177.6 2771.3 75.088 1157.6 2841.9 109.81
2.15 1230.3 2768.3 87.621 1181.9 2782.7 75.567 1161.3 2851.8 110.26
2.1583 1235.9 2780.5 87.849 1186.3 2794 76.028 1164.9 2861.9 110.72
2.1667 1241.5 2792.8 88.003 1190.7 2805.3 76.471 1168.5 2872 111.2
2.175 1247.1 2805.2 88.091 1195 2816.6 76.889 1171.9 2882.2 111.69
2.1833 1252.6 2817.8 88.13 1199.4 2827.9 77.267 1175.3 2892.5 112.19
2.1917 1258.2 2830.5 88.129 1203.7 2839.1 77.614 1178.5 2902.9 112.7
2.2 1263.7 2843.2 88.104 1208 2850.3 77.922 1181.7 2913.4 113.21
2.2083 1269.1 2856.1 88.073 1212.3 2861.5 78.185 1184.8 2924.1 113.72
2.2167 1274.3 2869.1 88.05 1216.6 2872.7 78.405 1187.8 2934.8 114.23
2.225 1279.4 2882 88.046 1220.7 2883.9 78.589 1190.7 2945.6 114.73
2.2333 1284.3 2894.9 88.067 1224.8 2895.1 78.75 1193.5 2956.4 115.21
2.2417 1288.9 2907.7 88.121 1228.7 2906.3 78.893 1196.3 2967.3 115.69
2.25 1293.4 2920.4 88.211 1232.5 2917.5 79.033 1199 2978.3 116.16
2.2583 1297.6 2932.8 88.334 1236.1 2928.8 79.186 1201.7 2989.2 116.61
2.2667 1301.6 2945.1 88.491 1239.6 2940.2 79.365 1204.2 3000.1 117.05
2.275 1305.4 2957.1 88.678 1242.8 2951.6 79.588 1206.7 3011 117.49
2.2833 1309 2968.8 88.896 1245.8 2962.9 79.868 1209.1 3021.8 117.91
2.2917 1312.4 2980.4 89.146 1248.6 2974.3 80.214 1211.3 3032.6 118.33
2.3 1315.7 2991.7 89.427 1251.2 2985.6 80.638 1213.3 3043.4 118.74
2.3083 1318.9 3002.8 89.742 1253.5 2996.9 81.142 1215.1 3054.2 119.15
2.3167 1321.9 3013.8 90.085 1255.6 3008 81.731 1216.7 3064.9 119.57
2.325 1324.9 3024.6 90.45 1257.5 3019 82.39 1218.1 3075.7 119.98
2.3333 1327.8 3035.3 90.831 1259.2 3029.8 83.14 1219.2 3086.5 120.41
2.3417 1330.5 3046 91.214 1260.7 3040.4 83.95 1220 3097.4 120.84
2.35 1333.1 3056.5 91.591 1262 3050.9 84.815 1220.5 3108.3 121.27
2.3583 1335.4 3067 91.95 1263.2 3061.1 85.728 1220.6 3119.2 121.71
2.3667 1337.3 3077.4 92.281 1264.3 3071.3 86.679 1220.5 3130.2 122.16
2.375 1338.8 3087.8 92.585 1265.2 3081.2 87.657 1220 3141.3 122.62
2.3833 1339.8 3098 92.87 1265.9 3091.1 88.657 1219.3 3152.4 123.08
2.3917 1340.3 3108 93.132 1266.6 3101 89.669 1218.2 3163.4 123.56
2.4 1340.3 3117.9 93.408 1267 3110.7 90.692 1216.9 3174.5 124.04
2.4083 1340 3127.6 93.697 1267.3 3120.5 91.72 1215.3 3185.4 124.54
2.4167 1339.3 3137.2 94.007 1267.4 3130.2 92.748 1213.5 3196.3 125.05
2.425 1338.3 3146.5 94.344 1267.3 3139.9 93.775 1211.5 3207 125.57
2.4333 1337.1 3155.7 94.708 1267 3149.7 94.805 1209.3 3217.5 126.11
2.4417 1335.7 3164.8 95.1 1266.5 3159.4 95.822 1206.9 3227.8 126.66
2.45 1334.1 3173.7 95.513 1265.8 3169.1 96.828 1204.3 3238 127.23
2.4583 1332.6 3182.6 95.943 1264.9 3178.7 97.817 1201.7 3247.9 127.82
2.4667 1331.1 3191.5 96.383 1263.9 3188.3 98.783 1199 3257.6 128.41
2.475 1329.6 3200.3 96.826 1262.8 3197.9 99.72 1196.1 3267 129.01
2.4833 1328.3 3209.1 97.264 1261.5 3207.4 100.62 1193.2 3276.3 129.61
2.4917 1327.1 3218 97.691 1260.1 3216.9 101.48 1190.3 3285.4 130.22
2.5 1326 3227 98.1 1258.6 3226.4 102.3 1187.3 3294.4 130.82
2.5083 1325 3236 98.487 1257 3235.9 103.07 1184.3 3303.2 131.42
2.5167 1324 3245.1 98.851 1255.3 3245.3 103.78 1181.2 3312 132.01
2.525 1323.1 3254.2 99.192 1253.4 3254.8 104.43 1178.1 3320.7 132.6
2.5333 1322.1 3263.4 99.515 1251.5 3264.4 105.04 1175.1 3329.3 133.19
2.5417 1320.9 3272.7 99.827 1249.4 3273.9 105.58 1171.9 3337.9 133.77
2.55 1319.7 3281.9 100.14 1247.2 3283.6 106.08 1168.8 3346.5 134.35
2.5583 1318.3 3291.2 100.45 1244.8 3293.2 106.53 1165.6 3355.1 134.93
2.5667 1316.7 3300.4 100.78 1242.2 3302.9 106.93 1162.4 3363.6 135.51
2.575 1315 3309.6 101.13 1239.5 3312.5 107.3 1159.2 3372.1 136.09
2.5833 1313.1 3318.7 101.49 1236.6 3322.2 107.63 1156 3380.5 136.67
2.5917 1311 3327.9 101.86 1233.5 3331.8 107.94 1152.7 3388.9 137.25
2.6 1308.7 3337 102.24 1230.3 3341.4 108.23 1149.3 3397.3 137.82
2.6083 1306.2 3346.2 102.62 1227 3350.9 108.51 1145.9 3405.6 138.39
2.6167 1303.6 3355.5 102.99 1223.5 3360.4 108.78 1142.5 3413.9 138.95
2.625 1300.7 3364.8 103.37 1219.9 3369.8 109.06 1138.9 3422.1 139.5
2.6333 1297.6 3374.2 103.74 1216.2 3379.1 109.34 1135.3 3430.2 140.03
2.6417 1294.3 3383.7 104.11 1212.3 3388.3 109.63 1131.6 3438.4 140.55
2.65 1290.8 3393.3 104.49 1208.3 3397.5 109.95 1127.8 3446.5 141.05
2.6583 1287 3403 104.87 1204.1 3406.6 110.29 1123.8 3454.5 141.54
2.6667 1283 3412.8 105.27 1199.8 3415.7 110.66 1119.6 3462.6 142.02
2.675 1278.7 3422.7 105.68 1195.3 3424.6 111.06 1115.3 3470.7 142.48
2.6833 1274.2 3432.8 106.12 1190.6 3433.5 111.5 1110.7 3478.8 142.93
2.6917 1269.4 3443.1 106.58 1185.6 3442.2 111.98 1105.9 3486.9 143.37
2.7 1264.4 3453.5 107.07 1180.5 3450.9 112.49 1101 3494.9 143.8
2.7083 1259.2 3464.2 107.61 1175.1 3459.4 113.03 1095.8 3503 144.22
2.7167 1253.7 3475 108.22 1169.6 3467.8 113.61 1090.4 3511.1 144.64
2.725 1248.1 3485.8 108.9 1163.9 3476.1 114.22 1084.8 3519.1 145.05
2.7333 1242.3 3496.7 109.67 1158.1 3484.2 114.86 1079.1 3527 145.47
2.7417 1236.3 3507.6 110.54 1152.1 3492.3 115.54 1073.2 3534.8 145.89
2.75 1230.2 3518.3 111.5 1146.2 3500.4 116.26 1067.2 3542.5 146.31
2.7583 1223.9 3528.7 112.55 1140.2 3508.4 117.01 1061.2 3550 146.76
2.7667 1217.5 3538.9 113.68 1134.2 3516.4 117.8 1055 3557.4 147.22
2.775 1211.1 3548.8 114.87 1128.3 3524.4 118.63 1048.8 3564.6 147.71
2.7833 1204.6 3558.2 116.11 1122.6 3532.4 119.51 1042.6 3571.6 148.23
2.7917 1198.2 3567.3 117.37 1116.9 3540.5 120.44 1036.3 3578.4 148.78
2.8 1191.8 3576 118.65 1111.3 3548.5 121.42 1030 3585.1 149.38
2.8083 1185.5 3584.4 119.94 1105.9 3556.6 122.44 1023.6 3591.7 150.02
2.8167 1179.2 3592.5 121.25 1100.6 3564.6 123.5 1017.2 3598.2 150.69
2.825 1173 3600.4 122.57 1095.4 3572.6 124.61 1010.7 3604.6 151.39
2.8333 1166.7 3608.1 123.91 1090.3 3580.5 125.75 1004.2 3610.9 152.11
2.8417 1160.3 3615.6 125.29 1085.3 3588.2 126.93 997.69 3617.2 152.84
2.85 1153.9 3623 126.69 1080.3 3595.7 128.13 991.15 3623.5 153.57
2.8583 1147.3 3630.4 128.14 1075.3 3603.1 129.35 984.63 3629.8 154.28
2.8667 1140.7 3637.6 129.64 1070.4 3610.2 130.59 978.13 3636.2 154.97
2.875 1133.9 3644.8 131.19 1065.4 3617.2 131.85 971.69 3642.5 155.63
2.8833 1127.1 3651.9 132.79 1060.4 3623.9 133.13 965.31 3648.9 156.25
2.8917 1120.3 3658.9 134.44 1055.3 3630.5 134.42 959.02 3655.3 156.84
2.9 1113.5 3665.9 136.13 1050.1 3637 135.73 952.82 3661.6 157.41
2.9083 1106.7 3672.7 137.87 1044.9 3643.3 137.05 946.71 3667.9 157.95
2.9167 1100 3679.4 139.64 1039.5 3649.6 138.4 940.66 3674.2 158.48
2.925 1093.4 3686 141.44 1034 3655.8 139.77 934.65 3680.3 159.01
2.9333 1086.9 3692.5 143.26 1028.3 3662.1 141.16 928.66 3686.4 159.55
2.9417 1080.4 3698.9 145.1 1022.4 3668.3 142.57 922.63 3692.4 160.1
2.95 1074 3705.2 146.96 1016.4 3674.5 144 916.55 3698.3 160.67
2.9583 1067.7 3711.4 148.83 1010.2 3680.8 145.45 910.36 3704.1 161.25
2.9667 1061.4 3717.5 150.71 1003.7 3687 146.91 904.04 3709.9 161.84
2.975 1055.1 3723.4 152.6 997.15 3693.2 148.4 897.57 3715.6 162.42
2.9833 1048.8 3729.3 154.49 990.37 3699.3 149.89 890.92 3721.2 162.98
2.9917 1042.5 3735.1 156.38 983.41 3705.4 151.4 884.1 3726.9 163.5
3 1036.2 3740.8 158.25 976.31 3711.4 152.91 877.12 3732.6 163.98
3.0083 1029.8 3746.4 160.09 969.04 3717.3 154.43 869.97 3738.2 164.4
3.0167 1023.5 3752.1 161.88 961.64 3723.1 155.95 862.68 3743.8 164.75
3.025 1017.2 3757.7 163.6 954.12 3728.8 157.46 855.27 3749.5 165.04
3.0333 1010.8 3763.3 165.24 946.48 3734.4 158.97 847.76 3755.1 165.27
3.0417 1004.5 3769 166.78 938.72 3739.9 160.45 840.15 3760.6 165.45
3.05 998.05 3774.7 168.2 930.87 3745.3 161.91 832.47 3766.1 165.6
3.0583 991.58 3780.4 169.49 922.91 3750.6 163.32 824.71 3771.5 165.75
3.0667 985.04 3786.1 170.64 915.02 3755.7 164.68 816.46 3777.9 165.07
3.075 978.39 3791.8 171.67 906.85 3760.9 165.98 808.52 3783 165.29
3.0833 971.63 3797.5 172.59 898.59 3766 167.21 800.48 3788 165.55
3.0917 964.75 3803.2 173.4 890.22 3771.1 168.36 792.35 3792.8 165.86
3.1 957.73 3808.9 174.12 881.74 3776.1 169.41 784.11 3797.6 166.23
3.1083 950.58 3814.5 174.78 873.15 3781 170.37 775.76 3802.2 166.65
3.1167 943.31 3820.1 175.39 864.43 3785.9 171.24 767.31 3806.7 167.11
3.125 935.92 3825.7 175.97 855.58 3790.7 172.01 758.77 3811.1 167.6
3.1333 928.41 3831.3 176.53 846.59 3795.5 172.68 750.16 3815.6 168.08
3.1417 920.8 3836.8 177.1 837.44 3800.2 173.27 741.49 3820 168.55
3.15 913.06 3842.4 177.67 828.13 3804.9 173.78 732.78 3824.5 168.98
3.1583 905.2 3848 178.25 818.66 3809.5 174.22 724.04 3828.9 169.36
3.1667 897.19 3853.6 178.83 809 3814.1 174.6 715.28 3833.5 169.67
3.175 889.01 3859.2 179.43 799.16 3818.7 174.92 706.49 3838.1 169.93
3.1833 880.63 3864.8 180.01 789.14 3823.3 175.2 697.65 3842.7 170.12
3.1917 872 3870.4 180.57 778.95 3827.9 175.44 688.75 3847.4 170.25
3.2 863.1 3875.8 181.11 768.59 3832.6 175.65 679.74 3852.1 170.35
3.2083 853.87 3881.2 181.6 758.07 3837.2 175.83 670.6 3856.8 170.43
3.2167 844.3 3886.4 182.05 747.41 3841.9 175.99 661.28 3861.6 170.51
3.225 834.34 3891.5 182.46 736.63 3846.7 176.13 651.74 3866.3 170.6
3.2333 823.99 3896.4 182.81 725.73 3851.5 176.25 641.95 3871 170.73
3.2417 813.24 3901.1 183.11 714.73 3856.4 176.36 631.91 3875.7 170.89
3.25 802.1 3905.7 183.37 703.65 3861.4 176.45 621.61 3880.4 171.1
3.2583 790.61 3910 183.59 692.5 3866.4 176.54 611.07 3885 171.36
3.2667 778.83 3914.1 183.77 681.29 3871.4 176.63 600.33 3889.5 171.66
3.275 766.8 3918 183.9 670.02 3876.5 176.71 589.42 3894 171.99
3.2833 754.61 3921.8 184 658.71 3881.6 176.8 578.43 3898.5 172.33
3.2917 742.34 3925.3 184.06 647.36 3886.6 176.9 567.4 3903 172.67
3.3 730.06 3928.7 184.09 636 3891.6 177.01 556.4 3907.4 173
3.3083 717.85 3932 184.09 624.64 3896.5 177.15 545.49 3911.8 173.29
3.3167 705.79 3935.2 184.07 613.3 3901.2 177.31 534.71 3916.2 173.55
3.325 693.94 3938.4 184.04 602.01 3905.8 177.5 524.09 3920.6 173.77
3.3333 682.35 3941.5 184.02 590.8 3910.3 177.72 513.63 3924.9 173.93
3.3417 671.02 3944.7 184 579.69 3914.5 177.98 503.34 3929.2 174.06
3.35 659.95 3948 184 568.72 3918.5 178.28 493.18 3933.5 174.14
3.3583 649.11 3951.4 184.02 557.9 3922.3 178.62 483.12 3937.6 174.19
3.3667 638.46 3954.9 184.06 547.25 3925.8 178.99 473.12 3941.7 174.21
3.375 627.97 3958.3 184.1 536.8 3929.2 179.4 463.13 3945.6 174.23
3.3833 617.59 3961.7 184.14 526.53 3932.3 179.83 453.1 3949.4 174.23
3.3917 607.27 3965.1 184.19 516.45 3935.3 180.29 443 3953.1 174.25
3.4 596.97 3968.4 184.22 506.54 3938.1 180.76 432.81 3956.5 174.27
3.4083 586.64 3971.7 184.23 496.77 3940.8 181.24 422.51 3959.8 174.31
3.4167 576.26 3974.9 184.21 487.14 3943.4 181.72 412.11 3962.9 174.36
3.425 565.81 3977.9 184.16 477.6 3945.9 182.2 401.61 3965.7 174.43
3.4333 555.32 3980.9 184.06 468.13 3948.3 182.66 391.04 3968.4 174.52
3.4417 544.81 3983.6 183.94 458.71 3950.6 183.1 380.42 3970.9 174.62
3.45 534.29 3986.3 183.8 449.29 3952.8 183.52 369.78 3973.1 174.74
3.4583 523.79 3988.7 183.63 439.86 3955 183.93 359.14 3975.3 174.87
3.4667 513.32 3991.1 183.46 430.39 3957.1 184.3 348.53 3977.3 175
3.475 502.9 3993.2 183.3 420.88 3959.1 184.66 337.96 3979.1 175.14
3.4833 492.54 3995.3 183.16 411.29 3961.1 184.99 327.44 3980.9 175.29
3.4917 482.23 3997.2 183.04 401.63 3962.9 185.31 316.97 3982.6 175.44
3.5 471.97 3999.1 182.95 391.9 3964.7 185.6 306.54 3984.2 175.59
3.5083 461.72 4000.8 182.89 382.08 3966.3 185.88 296.14 3985.7 175.75
3.5167 451.47 4002.5 182.85 372.2 3967.9 186.15 285.78 3987.1 175.91
3.525 441.2 4004.1 182.82 362.24 3969.4 186.4 275.42 3988.4 176.07
3.5333 430.89 4005.6 182.8 352.22 3970.9 186.63 265.08 3989.7 176.23
3.5417 420.52 4007 182.76 342.15 3972.3 186.85 254.75 3990.8 176.4
3.55 410.1 4008.4 182.7 332.02 3973.6 187.05 244.42 3991.8 176.57
3.5583 399.62 4009.7 182.62 321.86 3974.9 187.22 234.11 3992.6 176.74
3.5667 389.08 4011 182.5 311.65 3976.1 187.37 223.8 3993.4 176.92
3.575 378.49 4012.2 182.35 301.39 3977.3 187.5 213.52 3994.1 177.11
3.5833 367.85 4013.4 182.17 291.09 3978.5 187.59 203.26 3994.6 177.31
3.5917 357.15 4014.6 181.95 280.73 3979.6 187.64 193.02 3995.1 177.53
3.6 346.4 4015.7 181.71 270.31 3980.7 187.67 182.79 3995.6 177.77
