0.0083333 -17.082 5.3481 98.15 -48.72 80.089 89.257 -30.698 212.28 91.504
0.016667 -16.652 12.488 98.224 -48.098 87.53 89.148 -30.122 220.02 91.695
0.025 -16.2 19.815 98.306 -47.4 95.148 89.046 -29.524 227.81 91.89
0.033333 -15.71 27.35 98.393 -46.624 102.95 88.949 -28.895 235.65 92.085
0.041667 -15.167 35.113 98.478 -45.774 110.93 88.854 -28.232 243.56 92.277
0.05 -14.563 43.127 98.557 -44.854 119.09 88.759 -27.53 251.55 92.466
0.058333 -13.894 51.408 98.626 -43.871 127.43 88.66 -26.795 259.64 92.653
0.066667 -13.165 59.965 98.681 -42.831 135.91 88.555 -26.031 267.85 92.842
0.075 -12.388 68.801 98.719 -41.743 144.54 88.442 -25.249 276.21 93.037
0.083333 -11.581 77.908 98.739 -40.614 153.28 88.321 -24.463 284.72 93.243
0.091667 -10.767 87.269 98.742 -39.454 162.13 88.189 -23.685 293.41 93.466
0.1 -9.9709 96.853 98.731 -38.132 171.28 88.056 -24.134 301.35 94.651
0.10833 -9.2126 106.63 98.706 -36.934 180.3 87.909 -23.422 310.36 94.929
0.11667 -8.5094 116.57 98.671 -35.731 189.38 87.757 -22.754 319.49 95.233
0.125 -7.87 126.62 98.631 -34.533 198.52 87.608 -22.132 328.74 95.56
0.13333 -7.2912 136.73 98.587 -33.355 207.72 87.462 -21.559 338.06 95.906
0.14167 -6.7623 146.86 98.544 -32.208 216.98 87.329 -21.031 347.43 96.263
0.15 -6.2613 156.98 98.506 -31.107 226.28 87.214 -20.543 356.79 96.621
0.15833 -5.76 167.05 98.473 -30.068 235.63 87.125 -20.088 366.12 96.971
0.16667 -5.2273 177.03 98.449 -29.106 245.01 87.067 -19.661 375.38 97.304
0.175 -4.6356 186.91 98.433 -28.235 254.4 87.048 -19.259 384.55 97.611
0.18333 -3.9641 196.67 98.423 -27.467 263.79 87.073 -18.882 393.61 97.887
0.19167 -3.203 206.3 98.416 -26.813 273.15 87.148 -18.535 402.55 98.129
0.2 -2.3542 215.8 98.41 -26.28 282.46 87.273 -18.232 411.39 98.338
0.20833 -1.4304 225.17 98.4 -25.872 291.69 87.451 -17.988 420.12 98.518
0.21667 -0.45134 234.42 98.382 -25.591 300.81 87.68 -17.828 428.76 98.677
0.225 0.56017 243.57 98.353 -25.434 309.81 87.957 -17.778 437.35 98.824
0.23333 1.5787 252.65 98.309 -25.399 318.67 88.277 -17.868 445.9 98.972
0.24167 2.5766 261.67 98.247 -25.476 327.38 88.631 -18.127 454.43 99.131
0.25 3.5208 270.65 98.166 -25.659 335.94 89.013 -18.585 462.98 99.313
0.25833 4.3736 279.62 98.067 -25.938 344.35 89.416 -19.265 471.55 99.527
0.26667 5.0961 288.57 97.953 -26.305 352.64 89.831 -20.188 480.17 99.78
0.275 5.6572 297.5 97.829 -26.752 360.81 90.252 -21.364 488.82 100.07
0.28333 6.0346 306.4 97.701 -27.273 368.88 90.674 -22.8 497.52 100.41
0.29167 6.2194 315.27 97.576 -27.864 376.89 91.094 -24.494 506.25 100.79
0.3 6.2139 324.09 97.461 -28.52 384.84 91.512 -26.437 515 101.2
0.30833 6.0354 332.85 97.361 -29.242 392.77 91.928 -28.615 523.74 101.65
0.31667 5.7 341.54 97.281 -30.027 400.68 92.343 -31.011 532.45 102.12
0.325 5.2386 350.14 97.22 -30.875 408.59 92.761 -33.605 541.1 102.61
0.33333 4.6749 358.67 97.177 -31.785 416.51 93.183 -36.374 549.68 103.12
0.34167 4.0325 367.11 97.148 -32.758 424.43 93.612 -39.298 558.15 103.63
0.35 3.3297 375.48 97.125 -33.792 432.37 94.049 -42.358 566.5 104.16
0.35833 2.5814 383.81 97.101 -34.887 440.3 94.495 -45.534 574.72 104.69
0.36667 1.7981 392.1 97.068 -36.044 448.25 94.946 -48.811 582.8 105.24
0.375 0.98371 400.39 97.02 -37.263 456.2 95.403 -52.177 590.73 105.79
0.38333 0.14391 408.7 96.95 -38.545 464.16 95.86 -55.617 598.54 106.35
0.39167 -0.72132 417.04 96.86 -39.893 472.13 96.314 -59.123 606.21 106.91
0.4 -1.6131 425.43 96.752 -41.313 480.13 96.761 -62.683 613.78 107.49
0.40833 -2.5311 433.88 96.63 -42.808 488.16 97.195 -66.287 621.25 108.07
0.41667 -3.4771 442.38 96.501 -44.387 496.22 97.613 -69.924 628.65 108.65
0.425 -4.451 450.92 96.376 -46.054 504.32 98.01 -73.583 636 109.23
0.43333 -5.4546 459.49 96.262 -47.813 512.47 98.382 -77.253 643.3 109.8
0.44167 -6.488 468.09 96.17 -49.666 520.65 98.73 -80.922 650.57 110.37
0.45 -7.5556 476.68 96.104 -51.611 528.88 99.051 -84.583 657.82 110.93
0.45833 -8.6589 485.27 96.071 -53.644 537.15 99.348 -88.227 665.05 111.47
0.46667 -9.8148 493.86 96.072 -55.76 545.44 99.622 -91.85 672.28 112
0.475 -11.024 502.44 96.106 -57.952 553.76 99.878 -95.452 679.49 112.51
0.48333 -12.307 511.03 96.171 -60.211 562.09 100.12 -99.035 686.7 113.01
0.49167 -13.676 519.64 96.266 -62.533 570.42 100.35 -102.61 693.9 113.49
0.5 -15.164 528.29 96.387 -64.913 578.75 100.57 -106.18 701.1 113.96
0.50833 -16.792 537 96.533 -67.348 587.06 100.79 -109.77 708.3 114.42
0.51667 -18.577 545.77 96.702 -69.842 595.35 100.99 -113.4 715.51 114.88
0.525 -20.53 554.64 96.893 -72.398 603.62 101.2 -117.07 722.73 115.33
0.53333 -22.664 563.6 97.107 -75.024 611.87 101.4 -120.8 729.98 115.79
0.54167 -24.972 572.67 97.343 -77.727 620.1 101.59 -124.6 737.25 116.24
0.55 -27.443 581.87 97.595 -80.515 628.3 101.77 -128.49 744.55 116.69
0.55833 -30.055 591.18 97.861 -83.397 636.49 101.96 -132.47 751.89 117.14
0.56667 -32.781 600.63 98.133 -86.38 644.69 102.13 -136.54 759.26 117.59
0.575 -35.59 610.21 98.404 -89.469 652.89 102.31 -140.7 766.65 118.04
0.58333 -38.459 619.92 98.665 -92.666 661.13 102.49 -144.94 774.06 118.49
0.59167 -41.37 629.74 98.91 -95.973 669.41 102.67 -149.26 781.47 118.94
0.6 -44.307 639.68 99.132 -99.39 677.75 102.88 -153.65 788.88 119.39
0.60833 -47.27 649.72 99.327 -102.92 686.16 103.1 -158.12 796.28 119.85
0.61667 -50.272 659.84 99.49 -106.55 694.67 103.34 -162.66 803.66 120.31
0.625 -53.329 670.06 99.617 -110.29 703.28 103.62 -167.27 811.03 120.77
0.63333 -56.466 680.38 99.707 -114.15 712 103.93 -171.96 818.39 121.24
0.64167 -59.701 690.82 99.757 -118.12 720.84 104.27 -176.75 825.75 121.72
0.65 -63.068 701.4 99.771 -122.22 729.8 104.64 -181.64 833.14 122.21
0.65833 -66.589 712.14 99.753 -126.45 738.86 105.04 -186.64 840.58 122.71
0.66667 -70.273 723.06 99.713 -130.81 748.03 105.45 -191.76 848.08 123.21
0.675 -74.128 734.17 99.664 -135.32 757.28 105.88 -197.02 855.67 123.71
0.68333 -78.164 745.46 99.624 -139.97 766.61 106.32 -202.41 863.36 124.22
0.69167 -82.359 756.91 99.612 -144.77 776 106.76 -207.93 871.16 124.72
0.7 -86.699 768.49 99.649 -149.71 785.44 107.2 -213.58 879.06 125.21
0.70833 -91.163 780.14 99.755 -154.77 794.9 107.63 -219.35 887.05 125.7
0.71667 -95.72 791.81 99.949 -159.94 804.39 108.06 -225.21 895.1 126.18
0.725 -100.35 803.44 100.24 -165.2 813.89 108.49 -231.16 903.2 126.66
0.73333 -105.02 814.96 100.64 -170.52 823.41 108.91 -237.17 911.3 127.14
0.74167 -109.72 826.32 101.14 -175.88 832.92 109.34 -243.23 919.37 127.63
0.75 -114.44 837.46 101.74 -181.23 842.44 109.79 -249.31 927.37 128.13
0.75833 -119.17 848.34 102.43 -186.56 851.95 110.25 -255.42 935.29 128.64
0.76667 -123.9 858.93 103.18 -191.83 861.44 110.73 -261.53 943.11 129.19
0.775 -128.63 869.22 103.97 -197.04 870.91 111.23 -267.63 950.83 129.76
0.78333 -133.38 879.21 104.79 -202.15 880.32 111.77 -273.74 958.45 130.35
0.79167 -138.15 888.91 105.61 -207.18 889.66 112.33 -279.82 965.98 130.98
0.8 -142.96 898.34 106.44 -212.1 898.9 112.92 -285.9 973.46 131.63
0.80833 -147.85 907.54 107.26 -216.94 908 113.53 -291.96 980.9 132.29
0.81667 -152.83 916.56 108.09 -221.69 916.94 114.16 -297.99 988.34 132.97
0.825 -157.94 925.43 108.93 -226.38 925.69 114.81 -304 995.8 133.65
0.83333 -163.2 934.18 109.79 -231 934.21 115.48 -309.97 1003.3 134.33
0.84167 -168.63 942.84 110.68 -235.57 942.51 116.17 -315.91 1010.8 135
0.85 -174.22 951.41 111.62 -240.1 950.56 116.87 -321.79 1018.4 135.65
0.85833 -179.94 959.89 112.61 -244.61 958.39 117.59 -327.62 1025.9 136.29
0.86667 -185.76 968.27 113.65 -249.09 965.99 118.34 -333.39 1033.4 136.91
0.875 -191.64 976.55 114.76 -253.56 973.4 119.11 -339.1 1040.9 137.52
0.88333 -197.53 984.7 115.92 -258.02 980.64 119.91 -344.74 1048.3 138.12
0.89167 -203.38 992.73 117.13 -262.47 987.75 120.74 -350.32 1055.6 138.72
0.9 -209.14 1000.6 118.4 -266.93 994.76 121.62 -355.85 1062.6 139.32
0.90833 -214.78 1008.4 119.71 -271.39 1001.7 122.53 -361.34 1069.5 139.93
0.91667 -220.27 1016 121.06 -275.88 1008.6 123.49 -366.81 1076.2 140.56
0.925 -225.61 1023.5 122.44 -280.39 1015.5 124.5 -372.25 1082.7 141.19
0.93333 -230.79 1030.9 123.86 -284.94 1022.4 125.56 -377.69 1089 141.84
0.94167 -235.84 1038.2 125.3 -289.55 1029.3 126.66 -383.15 1095.1 142.5
0.95 -240.77 1045.5 126.78 -294.21 1036.1 127.82 -388.63 1101.1 143.17
0.95833 -245.63 1052.7 128.29 -298.95 1043 129.03 -394.15 1106.9 143.83
0.96667 -250.43 1059.8 129.84 -303.77 1049.8 130.29 -399.71 1112.6 144.49
0.975 -255.21 1067 131.42 -308.68 1056.6 131.61 -405.33 1118.3 145.13
0.98333 -259.98 1074.1 133.03 -313.67 1063.3 132.97 -411.02 1123.8 145.75
0.99167 -264.76 1081.2 134.68 -318.76 1069.9 134.38 -416.78 1129.4 146.35
1 -269.55 1088.2 136.37 -323.92 1076.4 135.85 -422.63 1134.9 146.93
1.0083 -274.34 1095.2 138.08 -329.16 1082.7 137.35 -428.56 1140.4 147.48
1.0167 -279.12 1102.1 139.81 -334.47 1089 138.88 -434.58 1145.8 148.01
1.025 -283.88 1109 141.55 -339.84 1095.1 140.45 -440.7 1151.2 148.52
1.0333 -288.62 1115.7 143.29 -345.26 1101.1 142.03 -446.91 1156.5 149.03
1.0417 -293.34 1122.5 145.04 -350.74 1107.1 143.61 -453.22 1161.7 149.53
1.05 -298.04 1129.2 146.76 -356.25 1113 145.19 -459.62 1166.9 150.04
1.0583 -302.75 1135.8 148.47 -361.81 1118.8 146.76 -466.1 1172 150.56
1.0667 -307.5 1142.3 150.15 -367.42 1124.6 148.31 -472.66 1176.9 151.1
1.075 -312.3 1148.9 151.79 -373.08 1130.3 149.83 -479.28 1181.8 151.66
1.0833 -317.2 1155.4 153.39 -378.79 1136.1 151.31 -485.94 1186.6 152.25
1.0917 -322.21 1161.9 154.94 -384.42 1141.6 152.76 -492.91 1192.8 151.94
1.1 -327.36 1168.3 156.43 -390.26 1147.3 154.18 -499.67 1197.3 152.6
1.1083 -332.67 1174.8 157.86 -396.18 1153.1 155.57 -506.45 1201.9 153.28
1.1167 -338.14 1181.4 159.22 -402.17 1158.9 156.94 -513.24 1206.3 153.97
1.125 -343.78 1188 160.51 -408.25 1164.7 158.28 -520.05 1210.8 154.67
1.1333 -349.57 1194.7 161.71 -414.4 1170.5 159.6 -526.86 1215.2 155.36
1.1417 -355.54 1201.5 162.84 -420.64 1176.2 160.91 -533.69 1219.6 156.04
1.15 -361.65 1208.3 163.9 -426.95 1182 162.19 -540.55 1224 156.71
1.1583 -367.92 1215.3 164.9 -433.32 1187.7 163.44 -547.45 1228.5 157.35
1.1667 -374.34 1222.2 165.85 -439.76 1193.4 164.66 -554.38 1232.9 157.97
1.175 -380.9 1229.2 166.77 -446.26 1199.1 165.83 -561.36 1237.4 158.57
1.1833 -387.58 1236.1 167.66 -452.82 1204.7 166.96 -568.39 1241.9 159.14
1.1917 -394.39 1243 168.55 -459.44 1210.3 168.02 -575.47 1246.4 159.69
1.2 -401.3 1249.9 169.43 -466.12 1215.9 169.02 -582.59 1251 160.23
1.2083 -408.32 1256.6 170.31 -472.88 1221.4 169.95 -589.74 1255.6 160.76
1.2167 -415.45 1263.2 171.18 -479.71 1227 170.81 -596.92 1260.2 161.29
1.225 -422.68 1269.8 172.05 -486.65 1232.5 171.6 -604.13 1264.8 161.83
1.2333 -430.05 1276.2 172.9 -493.69 1238 172.34 -611.36 1269.4 162.38
1.2417 -437.56 1282.5 173.73 -500.86 1243.6 173.01 -618.63 1274.1 162.95
1.25 -445.25 1288.8 174.53 -508.16 1249.2 173.64 -625.94 1278.8 163.53
1.2583 -453.16 1295 175.3 -515.6 1254.9 174.22 -633.31 1283.5 164.13
1.2667 -461.3 1301.1 176.01 -523.18 1260.6 174.77 -640.76 1288.2 164.74
1.275 -469.71 1307.3 176.67 -530.91 1266.4 175.3 -648.31 1292.9 165.37
1.2833 -478.41 1313.4 177.28 -538.79 1272.3 175.79 -655.99 1297.6 165.99
1.2917 -487.41 1319.5 177.83 -546.8 1278.3 176.26 -663.81 1302.4 166.61
1.3 -496.71 1325.5 178.33 -554.95 1284.3 176.69 -671.79 1307.1 167.22
1.3083 -506.29 1331.6 178.78 -563.21 1290.4 177.09 -679.93 1311.9 167.82
1.3167 -516.12 1337.6 179.18 -571.6 1296.6 177.46 -688.23 1316.7 168.39
1.325 -526.16 1343.5 179.54 -580.1 1302.8 177.78 -696.66 1321.4 168.94
1.3333 -536.36 1349.3 179.87 -588.72 1309 178.05 -705.2 1326.3 169.46
1.3417 -546.65 1355 180.17 -597.44 1315.3 178.28 -713.81 1331.1 169.96
1.35 -556.98 1360.6 180.45 -606.28 1321.4 178.47 -722.46 1335.9 170.44
1.3583 -567.29 1366.1 180.72 -615.23 1327.5 178.63 -731.11 1340.7 170.9
1.3667 -577.49 1371.3 181 -624.29 1333.5 178.78 -739.73 1345.5 171.34
1.375 -587.54 1376.5 181.28 -633.45 1339.4 178.92 -748.3 1350.2 171.76
1.3833 -597.36 1381.5 181.58 -642.7 1345 179.07 -756.79 1355 172.16
1.3917 -606.92 1386.4 181.9 -652.02 1350.6 179.25 -765.21 1359.7 172.55
1.4 -616.2 1391.3 182.24 -661.38 1355.9 179.48 -773.57 1364.4 172.91
1.4083 -625.24 1396.3 182.58 -670.74 1361 179.76 -781.89 1369 173.26
1.4167 -634.07 1401.3 182.92 -680.06 1365.9 180.1 -790.2 1373.6 173.57
1.425 -642.72 1406.2 183.24 -689.3 1370.6 180.51 -798.53 1378.1 173.86
1.4333 -651.22 1411 183.53 -698.42 1375.1 180.98 -806.92 1382.5 174.12
1.4417 -659.59 1415.7 183.78 -707.38 1379.4 181.5 -815.4 1386.9 174.35
1.45 -667.85 1420.2 183.99 -716.14 1383.5 182.06 -823.98 1391.2 174.55
1.4583 -676.03 1424.4 184.15 -724.68 1387.5 182.64 -832.68 1395.3 174.73
1.4667 -684.17 1428.5 184.26 -733 1391.3 183.24 -841.49 1399.3 174.9
1.475 -692.3 1432.4 184.33 -741.09 1395 183.83 -850.39 1403.2 175.07
1.4833 -700.46 1436.2 184.36 -748.97 1398.6 184.41 -859.37 1407 175.24
1.4917 -708.66 1439.9 184.35 -756.66 1402.1 184.96 -868.4 1410.5 175.43
1.5 -716.92 1443.6 184.31 -764.2 1405.5 185.47 -877.43 1413.9 175.63
1.5083 -725.25 1447.2 184.25 -771.63 1408.8 185.95 -886.42 1417.1 175.86
1.5167 -733.65 1450.8 184.17 -778.98 1412.1 186.38 -895.36 1420 176.12
1.525 -742.09 1454.3 184.07 -786.31 1415.2 186.79 -904.2 1422.8 176.4
1.5333 -750.53 1457.6 183.96 -793.66 1418.3 187.15 -912.92 1425.4 176.71
1.5417 -758.96 1460.8 183.85 -801.05 1421.4 187.49 -921.52 1427.9 177.03
1.55 -767.33 1463.8 183.74 -808.51 1424.3 187.8 -929.99 1430.1 177.35
1.5583 -775.64 1466.7 183.63 -816.05 1427.1 188.1 -938.34 1432.3 177.67
1.5667 -783.87 1469.4 183.53 -823.68 1429.9 188.37 -946.58 1434.3 177.98
1.575 -792.02 1471.9 183.43 -831.41 1432.6 188.62 -954.71 1436.3 178.27
1.5833 -800.09 1474.3 183.33 -839.21 1435.1 188.86 -962.77 1438.2 178.53
1.5917 -808.12 1476.5 183.23 -847.08 1437.6 189.07 -970.76 1440 178.76
1.6 -816.13 1478.7 183.12 -855 1440 189.26 -978.71 1441.8 178.97
1.6083 -824.15 1480.7 183.01 -862.97 1442.3 189.41 -986.63 1443.6 179.15
1.6167 -832.21 1482.6 182.89 -870.97 1444.5 189.54 -994.53 1445.3 179.31
1.625 -840.33 1484.4 182.75 -879.01 1446.6 189.63 -1002.4 1447.1 179.46
1.6333 -848.55 1486.2 182.61 -887.07 1448.6 189.68 -1010.3 1448.8 179.6
1.6417 -856.88 1488 182.46 -895.17 1450.6 189.7 -1018.2 1450.5 179.74
1.65 -865.32 1489.7 182.3 -903.31 1452.5 189.69 -1026.2 1452.2 179.89
1.6583 -873.87 1491.4 182.14 -911.48 1454.3 189.64 -1034.2 1453.8 180.04
1.6667 -882.5 1493.1 181.96 -919.7 1456.1 189.57 -1042.2 1455.4 180.2
1.675 -891.21 1494.7 181.77 -927.97 1457.8 189.47 -1050.4 1457 180.35
1.6833 -899.97 1496.3 181.58 -936.28 1459.5 189.35 -1058.6 1458.5 180.5
1.6917 -908.77 1497.8 181.37 -944.64 1461.1 189.21 -1066.9 1460.1 180.65
1.7 -917.58 1499.3 181.15 -953.04 1462.6 189.05 -1075.2 1461.5 180.78
1.7083 -926.39 1500.8 180.91 -961.47 1464.1 188.88 -1083.7 1463 180.88
1.7167 -935.2 1502.1 180.66 -969.94 1465.4 188.68 -1092.3 1464.4 180.96
1.725 -944.02 1503.4 180.4 -978.44 1466.8 188.47 -1101 1465.7 181.02
1.7333 -952.86 1504.6 180.13 -986.98 1468 188.24 -1109.7 1467.1 181.05
1.7417 -961.73 1505.7 179.87 -995.56 1469.1 187.99 -1118.6 1468.4 181.06
1.75 -970.65 1506.8 179.61 -1004.2 1470.2 187.71 -1127.5 1469.6 181.06
1.7583 -979.65 1507.8 179.35 -1012.9 1471.2 187.42 -1136.5 1470.8 181.05
1.7667 -988.76 1508.7 179.11 -1021.6 1472.1 187.12 -1145.5 1472 181.05
1.775 -998.01 1509.6 178.89 -1030.5 1473 186.8 -1154.6 1473 181.05
1.7833 -1007.4 1510.5 178.67 -1039.5 1473.7 186.46 -1163.8 1474 181.07
1.7917 -1017 1511.3 178.46 -1048.6 1474.4 186.13 -1173 1475 181.1
1.8 -1026.8 1512 178.26 -1057.8 1475.1 185.79 -1182.3 1475.8 181.15
1.8083 -1036.8 1512.8 178.04 -1067.1 1475.6 185.46 -1191.6 1476.5 181.22
1.8167 -1046.9 1513.5 177.82 -1076.6 1476.1 185.13 -1201.1 1477 181.3
1.825 -1057.2 1514.2 177.58 -1086.2 1476.5 184.82 -1210.6 1477.5 181.39
1.8333 -1067.5 1514.8 177.32 -1096 1476.9 184.53 -1220.2 1477.8 181.48
