0.0083333 -22.177 5.9819 102.35 -45.679 95.239 91.513 0.91678 243.72 79.563
0.016667 -21.334 13.277 102.49 -44.696 103.41 91.613 2.6245 251.53 79.364
0.025 -20.476 20.832 102.58 -43.606 111.76 91.703 4.3836 259.45 79.168
0.033333 -19.605 28.668 102.64 -42.406 120.28 91.777 6.1921 267.5 78.984
0.041667 -18.729 36.803 102.66 -41.094 128.96 91.829 8.0495 275.69 78.816
0.05 -17.86 45.245 102.65 -39.671 137.78 91.853 9.9569 284.05 78.67
0.058333 -17.012 53.991 102.62 -38.137 146.73 91.844 11.916 292.59 78.547
0.066667 -16.198 63.029 102.57 -36.494 155.78 91.799 13.931 301.33 78.449
0.075 -15.431 72.328 102.5 -34.751 164.92 91.716 16.004 310.24 78.373
0.083333 -14.718 81.858 102.44 -32.911 174.14 91.597 18.139 319.32 78.316
0.091667 -14.061 91.578 102.39 -30.987 183.43 91.444 20.337 328.53 78.269
0.1 -13.455 101.43 102.35 -28.993 192.79 91.259 22.599 337.84 78.226
0.10833 -12.887 111.39 102.32 -26.942 202.21 91.052 24.923 347.21 78.177
0.11667 -12.33 121.39 102.3 -24.857 211.69 90.826 27.303 356.58 78.114
0.125 -11.76 131.4 102.3 -22.756 221.23 90.594 29.731 365.9 78.028
0.13333 -11.14 141.4 102.29 -20.662 230.82 90.362 32.197 375.12 77.914
0.14167 -10.434 151.34 102.29 -18.595 240.45 90.141 34.688 384.22 77.769
0.15 -9.6035 161.22 102.27 -16.574 250.12 89.938 37.189 393.16 77.59
0.15833 -8.6187 171.04 102.25 -14.616 259.78 89.763 39.683 401.92 77.379
0.16667 -7.4601 180.8 102.19 -12.731 269.42 89.622 42.152 410.5 77.139
0.175 -6.1177 190.51 102.12 -10.927 278.99 89.521 44.58 418.92 76.875
0.18333 -4.6034 200.19 102.01 -9.2035 288.45 89.463 46.95 427.18 76.595
0.19167 -2.9421 209.85 101.87 -7.5576 297.77 89.452 49.243 435.33 76.307
0.2 -1.1741 219.49 101.69 -5.9807 306.9 89.486 51.446 443.38 76.018
0.20833 0.65301 229.13 101.48 -4.4609 315.83 89.564 53.544 451.37 75.738
0.21667 2.4919 238.77 101.24 -2.9841 324.52 89.684 55.527 459.32 75.475
0.225 4.3014 248.4 100.97 -1.535 332.97 89.839 57.386 467.27 75.234
0.23333 6.0515 258.02 100.66 -0.098923 341.18 90.025 59.119 475.22 75.021
0.24167 7.725 267.61 100.32 1.337 349.16 90.236 60.723 483.18 74.84
0.25 9.3178 277.16 99.948 2.7831 356.93 90.463 62.205 491.14 74.69
0.25833 10.839 286.67 99.539 4.2457 364.53 90.703 63.572 499.11 74.57
0.26667 12.307 296.12 99.097 5.7271 371.97 90.947 64.838 507.06 74.478
0.275 13.744 305.5 98.623 7.2258 379.29 91.192 66.022 514.98 74.409
0.28333 15.183 314.8 98.121 8.7371 386.52 91.431 67.142 522.84 74.357
0.29167 16.651 324.03 97.597 10.254 393.68 91.661 68.221 530.63 74.316
0.3 18.175 333.17 97.058 11.769 400.79 91.877 69.281 538.33 74.278
0.30833 19.775 342.22 96.513 13.274 407.87 92.076 70.345 545.93 74.236
0.31667 21.462 351.2 95.969 14.763 414.94 92.253 71.43 553.41 74.185
0.325 23.237 360.12 95.433 16.233 422.01 92.406 72.552 560.77 74.118
0.33333 25.088 368.97 94.911 17.683 429.07 92.531 73.722 568.02 74.03
0.34167 26.995 377.77 94.406 19.114 436.15 92.629 74.944 575.14 73.92
0.35 28.93 386.54 93.915 20.529 443.24 92.698 76.221 582.16 73.785
0.35833 30.863 395.26 93.437 21.931 450.36 92.736 77.548 589.07 73.625
0.36667 32.764 403.95 92.967 23.324 457.52 92.744 78.921 595.89 73.441
0.375 34.607 412.6 92.499 24.712 464.72 92.723 80.331 602.63 73.236
0.38333 36.374 421.21 92.028 26.096 471.97 92.672 81.77 609.3 73.011
0.39167 38.054 429.78 91.55 27.48 479.3 92.594 83.231 615.91 72.771
0.4 39.648 438.29 91.062 28.861 486.69 92.49 84.711 622.48 72.519
0.40833 41.162 446.74 90.564 30.24 494.17 92.36 86.207 629.02 72.259
0.41667 42.609 455.11 90.06 31.616 501.73 92.207 87.721 635.56 71.993
0.425 44.005 463.4 89.553 32.989 509.38 92.031 89.257 642.1 71.723
0.43333 45.366 471.61 89.05 34.358 517.1 91.834 90.82 648.66 71.45
0.44167 46.711 479.73 88.559 35.724 524.9 91.617 92.417 655.26 71.176
0.45 48.044 487.79 88.082 37.092 532.76 91.381 94.055 661.92 70.9
0.45833 49.369 495.8 87.627 38.463 540.68 91.128 95.741 668.63 70.622
0.46667 50.686 503.77 87.197 39.844 548.65 90.859 97.476 675.42 70.341
0.475 51.99 511.73 86.792 41.241 556.67 90.575 99.262 682.28 70.056
0.48333 53.27 519.71 86.413 42.66 564.74 90.277 101.1 689.23 69.767
0.49167 54.51 527.72 86.055 44.105 572.85 89.968 102.98 696.25 69.473
0.5 55.701 535.79 85.715 45.583 581.01 89.647 104.9 703.35 69.174
0.50833 56.844 543.93 85.391 47.096 589.23 89.315 106.85 710.54 68.872
0.51667 57.936 552.17 85.078 48.648 597.51 88.975 108.83 717.79 68.567
0.525 58.993 560.5 84.773 50.239 605.85 88.628 110.82 725.13 68.263
0.53333 60.023 568.95 84.472 51.869 614.26 88.275 112.84 732.53 67.959
0.54167 61.061 577.52 84.175 53.537 622.73 87.918 114.86 740.02 67.659
0.55 62.126 586.22 83.878 55.242 631.27 87.56 116.9 747.58 67.363
0.55833 63.25 595.05 83.581 56.981 639.86 87.201 118.96 755.22 67.075
0.56667 64.454 604.02 83.285 58.755 648.5 86.847 121.03 762.95 66.794
0.575 65.754 613.12 82.992 60.558 657.17 86.498 123.11 770.76 66.523
0.58333 67.151 622.35 82.705 62.389 665.87 86.158 125.21 778.65 66.262
0.59167 68.638 631.68 82.427 64.249 674.59 85.826 127.33 786.64 66.011
0.6 70.2 641.12 82.158 66.127 683.35 85.514 129.47 794.71 65.771
0.60833 71.82 650.65 81.895 68.029 692.12 85.214 131.62 802.86 65.541
0.61667 73.479 660.27 81.632 69.946 700.89 84.919 133.79 811.09 65.319
0.625 75.163 669.99 81.356 71.873 709.74 84.653 135.96 819.4 65.105
0.63333 76.862 679.81 81.06 73.806 718.6 84.389 138.15 827.79 64.895
0.64167 78.568 689.76 80.731 75.743 727.53 84.137 140.36 836.24 64.688
0.65 80.277 699.83 80.363 77.689 736.51 83.881 142.59 844.77 64.48
0.65833 81.998 710.05 79.952 79.634 745.56 83.631 144.85 853.36 64.267
0.66667 83.737 720.41 79.499 81.569 754.69 83.376 147.16 862.02 64.046
0.675 85.505 730.91 79.011 83.499 763.9 83.113 149.52 870.75 63.814
0.68333 87.316 741.54 78.498 85.425 773.17 82.828 151.95 879.54 63.567
0.69167 89.182 752.28 77.977 87.351 782.55 82.547 154.46 888.4 63.304
0.7 91.106 763.1 77.461 89.273 791.99 82.239 157.06 897.31 63.024
0.70833 93.096 773.96 76.969 91.242 801.49 81.909 159.75 906.28 62.727
0.71667 95.151 784.83 76.511 93.242 811.08 81.564 162.53 915.28 62.414
0.725 97.265 795.67 76.095 95.303 820.72 81.192 165.4 924.32 62.088
0.73333 99.432 806.42 75.719 97.447 830.4 80.786 168.34 933.35 61.752
0.74167 101.64 817.06 75.373 99.69 840.13 80.342 171.35 942.38 61.41
0.75 103.89 827.53 75.04 102.05 849.91 79.857 174.41 951.36 61.066
0.75833 106.16 837.81 74.7 104.54 859.74 79.326 177.52 960.3 60.724
0.76667 108.46 847.88 74.329 107.17 869.61 78.745 180.67 969.15 60.385
0.775 110.79 857.72 73.905 109.95 879.52 78.106 183.86 977.92 60.05
0.78333 113.13 867.32 73.408 112.87 889.46 77.404 187.09 986.6 59.719
0.79167 115.48 876.71 72.826 115.93 899.4 76.635 190.4 995.17 59.391
0.8 117.83 885.88 72.153 119.11 909.33 75.795 193.79 1003.6 59.062
0.80833 120.16 894.89 71.392 122.4 919.21 74.884 197.3 1012 58.728
0.81667 122.46 903.75 70.555 125.78 929 73.903 200.96 1020.3 58.386
0.825 124.73 912.51 69.662 129.22 938.67 72.856 204.8 1028.5 58.031
0.83333 126.97 921.2 68.739 132.7 948.18 71.751 208.85 1036.7 57.659
0.84167 129.21 929.85 67.811 136.22 957.5 70.597 213.13 1044.8 57.269
0.85 131.48 938.45 66.904 139.76 966.62 69.403 217.66 1052.9 56.859
0.85833 133.81 947.01 66.042 143.31 975.51 68.185 222.45 1060.9 56.429
0.86667 136.25 955.51 65.238 146.88 984.17 66.951 227.5 1068.9 55.981
0.875 138.84 963.91 64.502 150.48 992.6 65.714 232.79 1076.9 55.517
0.88333 141.62 972.18 63.832 154.13 1000.8 64.483 238.31 1084.7 55.04
0.89167 144.6 980.29 63.218 157.83 1008.9 63.265 244.03 1092.5 54.552
0.9 147.79 988.22 62.646 161.63 1016.8 62.066 249.92 1100.2 54.058
0.90833 151.18 995.95 62.094 165.53 1024.5 60.888 255.96 1107.8 53.558
0.91667 154.74 1003.5 61.545 169.57 1032.2 59.733 262.12 1115.3 53.055
0.925 158.47 1010.8 60.98 173.75 1039.8 58.601 268.38 1122.6 52.551
0.93333 162.35 1017.9 60.388 178.09 1047.4 57.494 274.72 1129.8 52.046
0.94167 166.36 1024.9 59.762 182.6 1054.9 56.411 281.11 1136.8 51.542
0.95 170.49 1031.7 59.104 187.27 1062.4 55.353 287.56 1143.7 51.041
0.95833 174.7 1038.4 58.42 192.09 1069.8 54.323 294.05 1150.4 50.544
0.96667 178.97 1045 57.724 197.05 1077.2 53.325 300.58 1157.1 50.055
0.975 183.26 1051.6 57.029 202.14 1084.6 52.365 307.14 1163.6 49.578
0.98333 187.56 1058.2 56.349 207.34 1091.9 51.449 313.74 1170 49.116
0.99167 191.85 1064.7 55.697 212.65 1099.2 50.58 320.38 1176.3 48.675
1 196.11 1071.3 55.081 218.04 1106.4 49.766 327.05 1182.6 48.258
1.0083 200.35 1077.9 54.508 223.52 1113.5 49.009 333.75 1188.9 47.869
1.0167 204.57 1084.5 53.98 229.09 1120.6 48.31 340.47 1195 47.51
1.025 208.79 1091.1 53.495 234.74 1127.6 47.671 347.21 1201.2 47.183
1.0333 213.03 1097.8 53.05 240.48 1134.5 47.084 353.98 1207.3 46.887
1.0417 217.31 1104.5 52.641 246.33 1141.5 46.547 360.75 1213.3 46.621
1.05 221.65 1111.1 52.262 252.28 1148.4 46.05 367.53 1219.3 46.382
1.0583 226.1 1117.8 51.911 258.35 1155.4 45.587 374.33 1225.3 46.165
1.0667 230.66 1124.5 51.585 264.55 1162.3 45.15 381.13 1231.2 45.969
1.075 235.37 1131.1 51.286 270.88 1169.3 44.732 387.94 1237 45.789
1.0833 240.25 1137.7 51.017 277.34 1176.3 44.329 394.76 1242.8 45.624
1.0917 245.3 1144.2 50.785 283.94 1183.3 43.937 401.58 1248.6 45.472
1.1 250.55 1150.6 50.597 290.67 1190.3 43.556 408.4 1254.3 45.335
1.1083 256.01 1157 50.461 297.53 1197.4 43.188 415.22 1259.9 45.212
1.1167 261.67 1163.2 50.386 304.5 1204.4 42.836 422.04 1265.5 45.107
1.125 267.56 1169.4 50.375 311.59 1211.5 42.505 428.84 1271 45.022
1.1333 273.65 1175.5 50.428 318.79 1218.5 42.199 435.62 1276.5 44.959
1.1417 279.93 1181.6 50.54 326.09 1225.5 41.922 442.38 1282 44.921
1.15 286.38 1187.7 50.699 333.5 1232.5 41.676 449.12 1287.4 44.909
1.1583 292.96 1193.8 50.885 341.02 1239.5 41.46 455.83 1292.7 44.922
1.1667 299.66 1199.9 51.077 348.65 1246.4 41.271 462.52 1298.1 44.959
1.175 306.45 1206.1 51.248 356.39 1253.3 41.103 469.21 1303.3 45.018
1.1833 313.34 1212.4 51.374 364.26 1260.1 40.946 475.91 1308.5 45.093
1.1917 320.34 1218.8 51.436 372.26 1266.9 40.79 482.64 1313.7 45.182
1.2 327.48 1225.2 51.418 380.39 1273.6 40.624 489.43 1318.9 45.281
1.2083 334.78 1231.7 51.319 388.87 1280.4 40.439 495.07 1324.3 46.228
1.2167 342.28 1238.2 51.14 397.28 1287 40.215 502.07 1329.5 46.325
1.225 350.03 1244.8 50.893 405.82 1293.6 39.95 509.19 1334.8 46.427
1.2333 358.05 1251.5 50.595 414.49 1300.1 39.639 516.45 1340 46.534
1.2417 366.36 1258.2 50.267 423.28 1306.6 39.281 523.84 1345.4 46.648
1.25 374.98 1264.9 49.927 432.18 1313 38.876 531.37 1350.8 46.77
1.2583 383.88 1271.7 49.593 441.16 1319.3 38.433 539.03 1356.2 46.902
1.2667 393.05 1278.5 49.271 450.21 1325.5 37.96 546.8 1361.7 47.045
1.275 402.43 1285.3 48.966 459.3 1331.7 37.469 554.64 1367.3 47.197
1.2833 411.99 1292.2 48.674 468.4 1337.8 36.973 562.55 1372.9 47.356
1.2917 421.66 1299 48.388 477.49 1343.9 36.486 570.47 1378.5 47.517
1.3 431.42 1305.7 48.097 486.54 1349.9 36.021 578.39 1384 47.674
1.3083 441.21 1312.4 47.789 495.52 1355.9 35.587 586.26 1389.5 47.82
1.3167 451.01 1319.1 47.452 504.41 1361.9 35.192 594.06 1394.9 47.948
1.325 460.78 1325.6 47.073 513.18 1367.9 34.843 601.78 1400.2 48.05
1.3333 470.5 1332 46.645 521.8 1373.9 34.541 609.38 1405.4 48.122
1.3417 480.15 1338.3 46.163 530.26 1380 34.286 616.88 1410.6 48.163
1.35 489.71 1344.5 45.624 538.54 1386 34.074 624.26 1415.6 48.171
1.3583 499.17 1350.6 45.032 546.62 1392 33.902 631.52 1420.7 48.153
1.3667 508.52 1356.6 44.392 554.51 1398.1 33.764 638.67 1425.7 48.113
1.375 519.41 1362.4 42.985 562.2 1404.1 33.651 645.73 1430.8 48.062
1.3833 528.38 1368.2 42.381 569.69 1410.1 33.56 652.71 1435.9 48.01
1.3917 537.23 1374 41.766 577.01 1416.1 33.482 659.62 1441.2 47.969
1.4 544.78 1380.4 41.589 584.16 1422 33.413 666.47 1446.6 47.95
1.4083 553.59 1386.4 40.892 591.16 1427.8 33.349 673.27 1452.2 47.961
1.4167 562.29 1392.3 40.216 598.04 1433.5 33.286 680.04 1457.9 48.01
1.425 570.91 1398.3 39.566 604.83 1439.2 33.224 686.76 1463.9 48.101
1.4333 579.44 1404.4 38.942 611.55 1444.8 33.163 693.46 1470 48.234
1.4417 587.88 1410.4 38.345 618.23 1450.4 33.103 700.12 1476.3 48.41
1.45 596.24 1416.6 37.772 624.88 1455.9 33.048 706.74 1482.7 48.626
1.4583 604.52 1422.7 37.219 631.53 1461.3 33.001 713.31 1489.3 48.877
1.4667 612.71 1428.8 36.688 638.19 1466.8 32.965 719.83 1496 49.16
1.475 620.84 1435 36.171 644.88 1472.3 32.944 726.28 1502.7 49.471
1.4833 628.91 1441.1 35.669 651.6 1477.8 32.94 732.66 1509.5 49.808
1.4917 636.91 1447.2 35.183 658.36 1483.3 32.955 738.96 1516.3 50.168
1.5 644.86 1453.3 34.712 665.15 1488.9 32.991 745.17 1523.2 50.552
1.5083 652.76 1459.3 34.261 672 1494.5 33.047 751.29 1530 50.959
1.5167 660.62 1465.3 33.828 678.89 1500.2 33.122 757.31 1536.9 51.389
1.525 668.43 1471.2 33.416 685.82 1506 33.213 763.26 1543.7 51.844
1.5333 676.21 1477.2 33.026 692.8 1511.8 33.316 769.12 1550.5 52.322
1.5417 683.97 1483.2 32.655 699.83 1517.7 33.426 774.92 1557.3 52.821
1.55 691.7 1489.1 32.302 706.92 1523.7 33.54 780.67 1564.1 53.34
1.5583 699.42 1495.1 31.964 714.06 1529.7 33.651 786.39 1570.8 53.874
1.5667 707.13 1501.1 31.639 721.26 1535.8 33.757 792.09 1577.6 54.418
1.575 714.85 1507.1 31.322 728.53 1542 33.853 797.79 1584.3 54.967
1.5833 722.58 1513.2 31.015 735.87 1548.2 33.94 803.51 1590.9 55.516
1.5917 730.33 1519.3 30.717 743.28 1554.5 34.016 809.25 1597.6 56.06
1.6 738.1 1525.4 30.433 750.77 1560.9 34.082 815.04 1604.2 56.596
1.6083 745.89 1531.6 30.169 758.32 1567.3 34.142 820.87 1610.8 57.122
1.6167 753.7 1537.8 29.935 765.94 1573.9 34.197 826.76 1617.4 57.637
1.625 761.52 1544 29.738 773.62 1580.5 34.252 832.7 1624 58.14
1.6333 769.34 1550.3 29.588 781.35 1587.2 34.308 838.68 1630.6 58.634
1.6417 777.16 1556.7 29.492 789.14 1594 34.368 844.72 1637.2 59.12
1.65 784.96 1563.1 29.453 796.96 1600.9 34.434 850.8 1643.8 59.599
1.6583 792.75 1569.6 29.468 804.82 1607.9 34.505 856.93 1650.5 60.072
1.6667 800.55 1576.2 29.529 812.71 1614.9 34.581 863.11 1657.1 60.539
1.675 808.37 1582.9 29.624 820.61 1622.1 34.66 869.34 1663.8 61
1.6833 816.25 1589.7 29.733 828.53 1629.3 34.74 875.62 1670.6 61.451
1.6917 824.22 1596.6 29.839 836.46 1636.5 34.819 881.96 1677.4 61.89
1.7 832.31 1603.6 29.93 844.39 1643.8 34.895 888.37 1684.3 62.314
1.7083 840.51 1610.8 29.996 852.33 1651.2 34.969 894.85 1691.2 62.719
1.7167 848.82 1618 30.041 860.26 1658.7 35.04 901.41 1698.3 63.103
1.725 857.21 1625.4 30.069 868.2 1666.2 35.111 908.03 1705.4 63.465
1.7333 865.66 1632.8 30.088 876.13 1673.8 35.187 914.73 1712.7 63.805
1.7417 874.16 1640.3 30.101 884.07 1681.4 35.272 921.49 1720.1 64.125
1.75 882.71 1647.9 30.114 892 1689.2 35.37 928.31 1727.6 64.428
1.7583 891.31 1655.6 30.126 899.93 1697 35.489 935.17 1735.2 64.717
1.7667 899.99 1663.4 30.137 907.87 1704.9 35.633 942.08 1743 64.996
1.775 908.77 1671.2 30.144 915.8 1712.8 35.804 949 1750.9 65.269
1.7833 917.68 1679.2 30.146 923.74 1720.9 36.007 955.95 1758.9 65.54
1.7917 926.75 1687.4 30.14 931.67 1729 36.239 962.92 1767.1 65.81
1.8 935.98 1695.6 30.127 939.61 1737.2 36.498 969.89 1775.4 66.079
1.8083 945.39 1704 30.108 947.54 1745.5 36.781 976.88 1783.8 66.349
1.8167 954.97 1712.5 30.091 955.47 1753.8 37.08 983.88 1792.4 66.618
1.825 964.68 1721.1 30.086 963.39 1762.2 37.39 990.91 1801.1 66.884
1.8333 974.48 1729.9 30.103 971.31 1770.6 37.703 997.96 1809.9 67.147
1.8417 984.33 1738.7 30.154 979.22 1779 38.011 1005 1818.9 67.404
1.85 994.18 1747.6 30.249 987.13 1787.4 38.31 1012.1 1828 67.656
1.8583 1004 1756.5 30.391 995.04 1795.8 38.595 1019.3 1837.2 67.905
1.8667 1013.6 1765.4 30.581 1003 1804.1 38.863 1026.4 1846.4 68.152
1.875 1023.2 1774.3 30.814 1010.9 1812.3 39.111 1033.6 1855.8 68.401
1.8833 1032.5 1783.3 31.081 1018.8 1820.5 39.34 1040.7 1865.1 68.655
1.8917 1041.7 1792.1 31.372 1026.7 1828.6 39.551 1047.9 1874.5 68.919
1.9 1050.6 1800.9 31.673 1034.6 1836.5 39.743 1055 1883.9 69.194
1.9083 1059.2 1809.6 31.971 1042.5 1844.3 39.918 1062.2 1893.2 69.483
1.9167 1067.7 1818.2 32.254 1050.4 1852 40.077 1069.3 1902.4 69.785
1.925 1075.9 1826.6 32.52 1058.3 1859.5 40.219 1076.4 1911.5 70.099
1.9333 1083.9 1835 32.764 1066.1 1866.9 40.345 1083.5 1920.5 70.422
1.9417 1091.7 1843.2 32.991 1073.9 1874.1 40.451 1090.6 1929.3 70.749
1.95 1099.4 1851.3 33.211 1081.6 1881.3 40.536 1097.8 1937.9 71.076
1.9583 1107.1 1859.3 33.431 1089.2 1888.2 40.598 1105 1946.4 71.397
1.9667 1114.7 1867.2 33.661 1096.7 1895.1 40.633 1112.4 1954.7 71.709
1.975 1122.3 1875 33.913 1104.2 1901.8 40.642 1119.8 1962.9 72.005
1.9833 1129.8 1882.7 34.195 1111.5 1908.5 40.621 1127.3 1970.9 72.284
1.9917 1137.4 1890.4 34.517 1118.8 1915 40.574 1135 1978.8 72.543
2 1145 1897.9 34.885 1125.9 1921.5 40.499 1142.8 1986.6 72.783
2.0083 1152.7 1905.4 35.302 1133 1927.9 40.403 1150.7 1994.3 73.004
2.0167 1160.3 1912.7 35.768 1140 1934.3 40.286 1158.7 2001.9 73.208
2.025 1167.9 1919.9 36.281 1147 1940.6 40.156 1166.8 2009.5 73.398
2.0333 1175.5 1927.1 36.834 1153.9 1946.9 40.017 1175 2016.9 73.575
2.0417 1183 1934.1 37.421 1160.8 1953.2 39.874 1183.2 2024.3 73.744
2.05 1190.5 1941.1 38.034 1167.8 1959.5 39.732 1191.5 2031.7 73.907
2.0583 1197.9 1948 38.663 1174.7 1965.8 39.597 1199.7 2038.9 74.066
2.0667 1205.3 1954.8 39.301 1181.7 1972.1 39.471 1207.9 2046 74.223
2.075 1212.6 1961.5 39.942 1188.7 1978.4 39.359 1216.1 2053.1 74.379
2.0833 1219.9 1968.2 40.58 1195.8 1984.8 39.263 1224.2 2060 74.537
2.0917 1227.2 1974.8 41.211 1203 1991.2 39.183 1232.2 2066.8 74.698
2.1 1234.4 1981.5 41.834 1210.2 1997.6 39.122 1240.2 2073.4 74.862
2.1083 1241.7 1988 42.447 1217.5 2004.1 39.08 1248.2 2079.9 75.032
2.1167 1248.9 1994.6 43.05 1224.8 2010.6 39.056 1256.1 2086.3 75.211
2.125 1256 2001.1 43.644 1232.3 2017.1 39.049 1263.9 2092.7 75.399
2.1333 1263.2 2007.5 44.227 1239.7 2023.7 39.059 1271.8 2098.9 75.6
2.1417 1270.4 2014 44.799 1247.2 2030.3 39.084 1279.6 2105.1 75.814
2.15 1277.6 2020.3 45.358 1254.8 2037 39.125 1287.3 2111.2 76.044
2.1583 1284.9 2026.7 45.901 1262.4 2043.7 39.179 1295.1 2117.3 76.29
2.1667 1292.1 2033 46.426 1270 2050.5 39.247 1302.8 2123.4 76.553
2.175 1299.5 2039.2 46.927 1277.7 2057.3 39.328 1310.5 2129.6 76.832
2.1833 1303.9 2044.1 48.9 1285.4 2064.1 39.423 1318.1 2135.7 77.126
2.1917 1311.3 2050.3 49.398 1293.2 2071 39.531 1325.8 2141.8 77.434
2.2 1318.9 2056.4 49.846 1301 2077.8 39.655 1333.4 2148 77.755
2.2083 1326.6 2062.5 50.236 1308.8 2084.7 39.795 1341 2154.1 78.085
2.2167 1334.5 2068.6 50.561 1316.7 2091.7 39.954 1348.6 2160.3 78.424
2.225 1342.6 2074.8 50.817 1324.7 2098.6 40.134 1356.2 2166.6 78.77
2.2333 1351 2081 51.005 1332.7 2105.4 40.337 1363.8 2172.8 79.122
2.2417 1359.6 2087.2 51.131 1340.8 2112.3 40.563 1371.3 2179.1 79.482
2.25 1370.5 2095.1 50.054 1348.9 2119.1 40.813 1378.9 2185.4 79.849
2.2583 1379.1 2101.5 50.276 1357.1 2125.8 41.086 1386.5 2191.7 80.225
2.2667 1387.8 2108 50.487 1365.3 2132.5 41.38 1394.1 2198.1 80.611
2.275 1396.6 2114.7 50.688 1373.5 2139.2 41.691 1401.7 2204.6 81.008
2.2833 1405.3 2121.5 50.873 1381.8 2145.7 42.014 1409.4 2211.1 81.419
2.2917 1414.1 2128.3 51.035 1390.1 2152.3 42.341 1417.1 2217.7 81.844
2.3 1422.7 2135.3 51.167 1398.4 2158.7 42.664 1424.8 2224.4 82.283
2.3083 1431.4 2142.3 51.265 1406.7 2165.1 42.984 1432.5 2231.2 82.737
2.3167 1440 2149.3 51.325 1415 2171.5 43.284 1440.2 2238.1 83.203
2.325 1448.6 2156.3 51.351 1423.3 2177.9 43.561 1448 2245.1 83.679
2.3333 1457.3 2163.4 51.351 1431.6 2184.2 43.808 1455.7 2252.2 84.162
2.3417 1466.1 2170.5 51.331 1439.9 2190.6 44.03 1463.5 2259.4 84.648
2.35 1474.9 2177.6 51.307 1448.2 2196.9 44.218 1471.3 2266.6 85.131
2.3583 1483.8 2184.8 51.29 1456.5 2203.2 44.376 1479.1 2273.9 85.605
2.3667 1492.8 2192.1 51.293 1464.8 2209.5 44.507 1486.9 2281.2 86.065
2.375 1501.8 2199.5 51.323 1473 2215.9 44.62 1494.7 2288.4 86.503
2.3833 1510.9 2207 51.388 1481.3 2222.2 44.719 1502.5 2295.7 86.915
2.3917 1519.9 2214.5 51.491 1489.5 2228.7 44.814 1510.3 2302.9 87.295
2.4 1528.9 2222.1 51.633 1497.7 2235.1 44.916 1518.2 2310.1 87.639
2.4083 1537.7 2229.7 51.813 1505.9 2241.7 45.036 1526 2317.3 87.946
2.4167 1546.4 2237.3 52.031 1514 2248.3 45.18 1533.9 2324.3 88.215
2.425 1554.8 2244.7 52.286 1522 2255 45.356 1541.7 2331.3 88.447
2.4333 1563.1 2252.1 52.575 1529.9 2261.8 45.578 1549.5 2338.2 88.645
2.4417 1571.1 2259.2 52.896 1537.6 2268.7 45.845 1557.3 2345 88.815
2.45 1578.9 2266.2 53.246 1545.3 2275.6 46.164 1565 2351.9 88.961
2.4583 1586.5 2273 53.621 1552.7 2282.7 46.536 1572.7 2358.6 89.091
2.4667 1593.9 2279.6 54.019 1560 2289.7 46.961 1580.3 2365.4 89.213
2.475 1601.1 2286.1 54.433 1567.2 2296.8 47.437 1587.8 2372.2 89.333
2.4833 1608.1 2292.4 54.855 1574.1 2303.9 47.96 1595.2 2379.1 89.458
2.4917 1615 2298.6 55.277 1580.8 2310.9 48.524 1602.4 2386.1 89.596
2.5 1621.8 2304.7 55.688 1587.4 2317.9 49.122 1609.4 2393.1 89.751
2.5083 1628.5 2310.8 56.077 1593.7 2324.8 49.748 1616.3 2400.3 89.926
2.5167 1635.1 2316.9 56.435 1599.9 2331.7 50.385 1623 2407.7 90.126
2.525 1641.6 2323.1 56.755 1606 2338.5 51.043 1629.5 2415.2 90.349
2.5333 1648 2329.4 57.029 1611.9 2345.3 51.7 1635.8 2422.9 90.598
2.5417 1654.2 2335.8 57.255 1617.7 2352 52.352 1641.9 2430.8 90.871
2.55 1660.2 2342.3 57.434 1623.3 2358.7 52.997 1647.7 2438.9 91.166
2.5583 1666.1 2348.9 57.569 1628.9 2365.4 53.632 1653.3 2447.2 91.483
2.5667 1671.6 2355.7 57.667 1634.4 2372.1 54.257 1658.7 2455.6 91.82
2.575 1677 2362.5 57.739 1639.8 2378.9 54.873 1663.9 2464.1 92.177
2.5833 1682 2369.3 57.798 1645.2 2385.7 55.481 1668.9 2472.8 92.554
2.5917 1686.8 2376.2 57.855 1650.5 2392.5 56.084 1673.7 2481.5 92.949
2.6 1691.3 2383.1 57.924 1655.7 2399.5 56.686 1678.2 2490.3 93.363
2.6083 1695.5 2390 58.004 1660.8 2406.5 57.289 1682.6 2499.1 93.796
2.6167 1699.6 2396.9 58.11 1665.9 2413.6 57.893 1686.7 2508 94.248
2.625 1703.5 2403.7 58.233 1670.8 2420.7 58.498 1690.7 2516.8 94.716
2.6333 1707.4 2410.5 58.378 1675.7 2427.9 59.103 1694.5 2525.6 95.2
2.6417 1711.2 2417.4 58.54 1680.5 2435.1 59.704 1698.2 2534.3 95.697
2.65 1715 2424.2 58.712 1685.1 2442.3 60.295 1701.7 2542.9 96.204
2.6583 1718.9 2431.1 58.888 1689.7 2449.5 60.871 1705.1 2551.5 96.718
2.6667 1722.8 2438 59.061 1694.1 2456.8 61.424 1708.4 2559.9 97.235
2.675 1726.8 2445 59.227 1698.4 2464 61.95 1711.5 2568.3 97.753
2.6833 1730.9 2451.9 59.381 1702.7 2471.3 62.443 1714.6 2576.5 98.267
2.6917 1735 2459 59.526 1706.8 2478.7 62.9 1717.6 2584.7 98.775
2.7 1739.3 2466.1 59.663 1710.9 2486.1 63.32 1720.5 2592.7 99.276
2.7083 1743.5 2473.2 59.801 1714.8 2493.7 63.703 1723.4 2600.7 99.767
2.7167 1747.7 2480.3 59.949 1718.7 2501.3 64.051 1726.2 2608.6 100.25
2.725 1751.9 2487.5 60.12 1722.6 2509 64.37 1729 2616.5 100.71
2.7333 1756 2494.8 60.327 1726.3 2516.8 64.662 1731.7 2624.3 101.17
2.7417 1760.1 2502.1 60.583 1730 2524.8 64.933 1734.4 2632.1 101.6
2.75 1764 2509.5 60.896 1733.7 2532.8 65.19 1737.1 2639.9 102.02
2.7583 1767.9 2517 61.273 1737.3 2541 65.435 1739.7 2647.7 102.42
2.7667 1771.6 2524.5 61.712 1740.8 2549.2 65.674 1742.2 2655.5 102.79
2.775 1775.3 2532.3 62.206 1744.2 2557.4 65.909 1744.8 2663.3 103.14
2.7833 1778.8 2540.1 62.747 1747.5 2565.7 66.141 1747.2 2671.2 103.46
2.7917 1782.3 2548.2 63.318 1750.7 2574 66.374 1749.6 2679.2 103.76
2.8 1785.8 2556.4 63.905 1753.7 2582.3 66.606 1751.9 2687.2 104.04
2.8083 1789.3 2564.7 64.494 1756.6 2590.6 66.839 1754.2 2695.3 104.29
2.8167 1792.7 2573.2 65.076 1759.3 2598.9 67.075 1756.3 2703.4 104.52
2.825 1796.1 2581.8 65.645 1761.9 2607.2 67.315 1758.3 2711.5 104.75
2.8333 1799.5 2590.4 66.199 1764.3 2615.6 67.563 1760.2 2719.7 104.97
2.8417 1802.9 2599 66.735 1766.5 2623.9 67.823 1761.9 2728 105.19
2.85 1806.2 2607.7 67.254 1768.6 2632.3 68.099 1763.5 2736.3 105.43
2.8583 1809.4 2616.4 67.752 1770.6 2640.8 68.397 1764.8 2744.7 105.68
2.8667 1812.5 2625.3 68.231 1772.5 2649.3 68.719 1766 2753.1 105.95
2.875 1815.5 2634.2 68.69 1774.2 2658 69.069 1767 2761.6 106.26
2.8833 1818.4 2643.3 69.13 1775.8 2666.6 69.449 1767.7 2770.2 106.59
2.8917 1821.2 2652.5 69.551 1777.4 2675.4 69.859 1768.3 2778.9 106.94
2.9 1823.8 2662 69.957 1778.9 2684.2 70.299 1768.6 2787.7 107.33
2.9083 1824.4 2673.9 71.476 1780.3 2693.1 70.768 1768.7 2796.6 107.74
2.9167 1826.8 2683.9 71.874 1781.6 2702 71.263 1768.7 2805.5 108.17
2.925 1829.1 2694 72.287 1782.9 2710.9 71.779 1768.4 2814.6 108.63
2.9333 1831.3 2704.4 72.723 1784.1 2719.7 72.313 1767.9 2823.7 109.11
2.9417 1833.3 2714.8 73.193 1785.2 2728.6 72.86 1767.3 2832.9 109.6
2.95 1835.2 2725.3 73.703 1786.3 2737.4 73.414 1766.5 2842 110.12
2.9583 1838.8 2733.2 72.98 1787.4 2746.2 73.972 1765.6 2851.2 110.66
2.9667 1840.4 2743.4 73.521 1788.4 2754.9 74.529 1764.5 2860.2 111.24
2.975 1841.9 2753.5 74.097 1789.4 2763.5 75.084 1763.3 2869.2 111.84
2.9833 1843.2 2763.3 74.704 1790.3 2772.1 75.633 1761.9 2878 112.48
2.9917 1844.5 2772.9 75.338 1791.3 2780.7 76.176 1760.5 2886.6 113.15
3 1845.7 2782.2 75.991 1792.3 2789.2 76.712 1759 2895 113.86
3.0083 1846.7 2791.2 76.656 1793.2 2797.6 77.243 1757.4 2903.2 114.6
3.0167 1847.7 2800 77.329 1794.2 2806.1 77.771 1755.7 2911.3 115.37
3.025 1848.5 2808.5 78.006 1795.2 2814.4 78.298 1754 2919.2 116.17
3.0333 1849.3 2816.9 78.689 1796.2 2822.7 78.827 1752.3 2926.9 116.98
3.0417 1849.9 2825.1 79.381 1797.2 2831 79.362 1750.6 2934.5 117.79
3.05 1850.4 2833.2 80.087 1798.2 2839.1 79.907 1748.9 2942.1 118.6
3.0583 1850.8 2841.3 80.81 1799.1 2847.2 80.466 1747.2 2949.6 119.4
3.0667 1851.1 2849.3 81.556 1800 2855.1 81.041 1745.6 2957.2 120.17
3.075 1851.2 2857.4 82.329 1800.9 2862.8 81.637 1744 2964.7 120.93
3.0833 1851.2 2865.4 83.135 1801.6 2870.5 82.253 1742.5 2972.3 121.65
3.0917 1851.1 2873.3 83.972 1802.3 2877.9 82.903 1741.1 2980 122.35
3.1 1850.9 2881.3 84.848 1802.8 2885.3 83.573 1739.7 2987.7 123.03
3.1083 1850.6 2889.2 85.761 1803.3 2892.4 84.267 1738.4 2995.4 123.68
3.1167 1850.2 2897 86.714 1803.6 2899.5 84.979 1737.1 3003 124.32
3.125 1849.8 2904.7 87.705 1803.8 2906.4 85.703 1735.9 3010.7 124.96
3.1333 1849.4 2912.3 88.734 1803.8 2913.2 86.43 1734.7 3018.2 125.59
3.1417 1849 2919.9 89.799 1803.8 2920 87.156 1733.5 3025.6 126.22
3.15 1848.6 2927.4 90.898 1803.7 2926.8 87.877 1732.3 3032.9 126.86
3.1583 1848.2 2934.8 92.028 1803.4 2933.5 88.593 1731.1 3040 127.5
3.1667 1847.8 2942.2 93.183 1803.1 2940.3 89.303 1729.9 3046.9 128.16
3.175 1847.3 2949.6 94.359 1802.7 2947.2 90.015 1728.7 3053.6 128.81
3.1833 1846.9 2956.9 95.551 1802.1 2954.1 90.736 1727.4 3060.1 129.47
3.1917 1846.3 2964.3 96.755 1801.5 2961.2 91.471 1726.1 3066.5 130.13
3.2 1845.7 2971.5 97.967 1800.8 2968.3 92.231 1724.7 3072.7 130.8
3.2083 1845.1 2978.8 99.184 1799.9 2975.6 93.02 1723.4 3078.8 131.46
3.2167 1844.3 2986 100.4 1799 2983 93.844 1722 3084.8 132.13
3.225 1843.5 2993.1 101.63 1798 2990.4 94.704 1720.5 3090.7 132.79
3.2333 1842.7 3000.1 102.86 1796.8 2997.8 95.603 1719.1 3096.6 133.45
3.2417 1841.8 3007.1 104.09 1795.5 3005.3 96.539 1717.6 3102.4 134.11
3.25 1840.9 3014.1 105.33 1794.1 3012.7 97.509 1716.1 3108.3 134.77
3.2583 1839.9 3021 106.58 1792.6 3020.2 98.509 1714.5 3114.1 135.42
3.2667 1839 3028 107.85 1791 3027.6 99.532 1712.9 3120 136.07
3.275 1838.1 3035 109.12 1789.3 3034.9 100.57 1711.3 3125.9 136.72
3.2833 1837.1 3042.2 110.4 1787.5 3042.3 101.62 1709.6 3131.8 137.35
3.2917 1836.2 3049.5 111.68 1785.6 3049.6 102.67 1707.9 3137.9 137.98
3.3 1835.3 3056.9 112.95 1783.6 3057 103.71 1706.1 3143.9 138.59
3.3083 1834.4 3064.6 114.2 1781.6 3064.3 104.75 1704.2 3150 139.19
3.3167 1833.5 3072.4 115.4 1779.5 3071.7 105.77 1702.3 3156.2 139.78
3.325 1832.8 3080.4 116.53 1777.4 3079.1 106.79 1700.2 3162.4 140.35
3.3333 1832.1 3088.5 117.59 1775.2 3086.5 107.8 1698 3168.7 140.92
3.3417 1831.4 3096.8 118.55 1772.9 3094 108.79 1695.7 3175 141.48
3.35 1830.8 3105.2 119.43 1770.6 3101.4 109.77 1693.2 3181.3 142.05
3.3583 1830.1 3113.5 120.23 1768.3 3108.9 110.74 1690.6 3187.6 142.62
3.3667 1829.3 3121.9 120.96 1766 3116.4 111.7 1687.7 3194 143.21
3.375 1828.4 3130.4 121.63 1763.6 3123.8 112.64 1684.7 3200.3 143.81
3.3833 1827.3 3138.8 122.24 1761.2 3131.1 113.56 1681.5 3206.7 144.43
3.3917 1826.1 3147.3 122.83 1758.8 3138.4 114.46 1678.1 3213 145.07
3.4 1824.6 3155.8 123.39 1756.4 3145.6 115.33 1674.4 3219.4 145.73
3.4083 1823 3164.4 123.94 1754.1 3152.8 116.17 1670.6 3225.8 146.4
3.4167 1821.2 3173.1 124.49 1751.7 3159.9 116.97 1666.6 3232.2 147.09
3.425 1819.1 3181.8 125.05 1749.3 3166.9 117.75 1662.4 3238.6 147.79
3.4333 1816.8 3190.6 125.64 1747 3173.9 118.49 1658 3244.9 148.5
3.4417 1814.3 3199.4 126.27 1744.7 3180.8 119.21 1653.4 3251.3 149.21
3.45 1811.5 3208.2 126.93 1742.3 3187.7 119.91 1648.7 3257.6 149.92
3.4583 1808.5 3216.9 127.65 1740 3194.6 120.61 1643.9 3263.9 150.64
3.4667 1805.2 3225.4 128.42 1737.6 3201.5 121.31 1639 3270.2 151.35
3.475 1801.7 3233.7 129.25 1735.1 3208.3 122.03 1634 3276.4 152.06
3.4833 1798.1 3241.7 130.13 1732.6 3215.2 122.77 1629 3282.4 152.77
3.4917 1794.4 3249.3 131.06 1730 3222 123.54 1624 3288.4 153.48
3.5 1790.6 3256.7 132.05 1727.2 3228.8 124.35 1619.1 3294.2 154.18
3.5083 1786.8 3263.8 133.08 1724.3 3235.4 125.21 1614.2 3299.8 154.86
3.5167 1783.1 3270.6 134.15 1721.3 3242 126.12 1609.3 3305.3 155.53
3.525 1779.4 3277.3 135.24 1718.2 3248.5 127.08 1604.5 3310.7 156.19
3.5333 1775.9 3283.8 136.36 1714.8 3254.8 128.1 1599.8 3315.8 156.82
3.5417 1772.5 3290.3 137.48 1711.4 3261.1 129.16 1595.2 3320.8 157.43
3.55 1769.2 3296.8 138.6 1707.8 3267.2 130.28 1590.6 3325.6 158.01
3.5583 1765.9 3303.2 139.7 1704 3273.1 131.44 1586 3330.2 158.57
3.5667 1762.7 3309.7 140.77 1700.1 3279 132.63 1581.4 3334.7 159.11
3.575 1759.5 3316.1 141.8 1696.1 3284.7 133.89 1576.8 3339.1 159.64
3.5833 1756.2 3322.5 142.77 1692 3290.3 135.18 1572 3343.2 160.16
3.5917 1752.9 3328.8 143.69 1687.9 3295.8 136.5 1567 3347.3 160.68
3.6 1749.5 3334.9 144.54 1683.6 3301.1 137.85 1561.9 3351.2 161.21
3.6083 1745.9 3341 145.34 1679.4 3306.4 139.22 1556.6 3355 161.76
3.6167 1742.3 3347 146.07 1675 3311.6 140.61 1551 3358.6 162.33
3.625 1738.5 3352.8 146.76 1670.7 3316.6 142.02 1545.1 3362.1 162.93
3.6333 1734.5 3358.3 147.4 1666.3 3321.5 143.41 1539 3365.4 163.56
3.6417 1730.4 3363.6 148.02 1661.9 3326.3 144.82 1532.7 3368.5 164.21
3.65 1726 3368.6 148.62 1657.4 3331 146.22 1526.2 3371.5 164.87
3.6583 1721.6 3373.3 149.22 1652.9 3335.5 147.59 1519.5 3374.3 165.56
3.6667 1716.9 3377.6 149.84 1648.3 3339.9 148.93 1512.6 3377 166.24
3.675 1712.2 3381.7 150.46 1643.6 3344.2 150.25 1505.6 3379.5 166.92
3.6833 1707.5 3385.6 151.1 1638.7 3348.4 151.52 1498.6 3381.9 167.59
3.6917 1702.6 3389.3 151.76 1633.7 3352.5 152.76 1491.5 3384.1 168.24
3.7 1697.7 3392.9 152.43 1628.6 3356.5 153.95 1484.5 3386.2 168.86
3.7083 1692.9 3396.4 153.1 1623.4 3360.4 155.1 1477.5 3388.2 169.46
3.7167 1687.9 3399.9 153.77 1617.9 3364.2 156.2 1470.5 3390.1 170.03
3.725 1683 3403.3 154.44 1612.3 3367.9 157.25 1463.5 3392 170.58
3.7333 1678 3406.8 155.1 1606.5 3371.6 158.26 1456.6 3393.8 171.11
3.7417 1673 3410.2 155.77 1600.6 3375.1 159.21 1449.8 3395.5 171.63
3.75 1668 3413.6 156.42 1594.6 3378.7 160.13 1443 3397.2 172.13
3.7583 1662.9 3416.9 157.08 1588.4 3382.1 161.01 1436.3 3398.8 172.64
3.7667 1657.7 3420.1 157.74 1582 3385.5 161.86 1429.6 3400.4 173.14
3.775 1652.4 3423.3 158.39 1575.6 3388.8 162.67 1422.9 3401.9 173.63
3.7833 1647.1 3426.5 159.04 1569 3392 163.46 1416.2 3403.5 174.13
3.7917 1641.7 3429.5 159.68 1562.3 3395.2 164.24 1409.5 3405 174.62
3.8 1636.2 3432.5 160.33 1555.5 3398.2 165.01 1402.8 3406.4 175.1
3.8083 1630.6 3435.4 160.96 1548.5 3401.2 165.76 1396.2 3407.9 175.57
3.8167 1625 3438.2 161.58 1541.4 3404.1 166.51 1389.5 3409.4 176.02
3.825 1619.3 3441 162.19 1534.1 3407 167.25 1382.7 3410.9 176.45
3.8333 1613.5 3443.8 162.77 1526.7 3409.7 167.98 1376 3412.4 176.85
3.8417 1607.6 3446.6 163.33 1519.2 3412.4 168.69 1369.2 3414 177.22
3.85 1601.6 3449.3 163.86 1511.6 3415 169.38 1362.3 3415.5 177.56
3.8583 1595.5 3452 164.36 1503.8 3417.6 170.05 1355.4 3417.1 177.87
3.8667 1589.2 3454.6 164.81 1495.9 3420.1 170.69 1348.4 3418.8 178.16
3.875 1582.8 3457.1 165.22 1487.9 3422.5 171.29 1341.4 3420.4 178.43
3.8833 1576.2 3459.6 165.58 1479.9 3424.8 171.86 1334.2 3422.1 178.68
3.8917 1569.4 3461.9 165.89 1471.7 3427.1 172.38 1326.9 3423.9 178.91
3.9 1562.5 3464.1 166.16 1463.4 3429.2 172.86 1319.5 3425.6 179.14
3.9083 1555.3 3466.1 166.39 1455 3431.3 173.3 1312.1 3427.3 179.35
3.9167 1548 3468 166.59 1446.4 3433.3 173.7 1304.5 3429 179.55
3.925 1540.5 3469.8 166.76 1437.7 3435.2 174.07 1296.9 3430.6 179.74
3.9333 1532.9 3471.5 166.9 1428.9 3436.9 174.41 1289.2 3432.2 179.92
3.9417 1525.1 3473.1 167.04 1419.9 3438.6 174.72 1281.4 3433.8 180.08
3.95 1517.1 3474.6 167.17 1410.7 3440.1 175.02 1273.5 3435.2 180.23
3.9583 1508.9 3476 167.3 1401.3 3441.5 175.31 1265.6 3436.6 180.35
3.9667 1500.6 3477.4 167.44 1391.9 3442.7 175.61 1257 3438.8 179.7
3.975 1492 3478.7 167.59 1382.1 3443.8 175.89 1248.9 3440 179.79
3.9833 1483.1 3480 167.76 1372.1 3444.8 176.18 1240.6 3441 179.84
3.9917 1474 3481.2 167.94 1361.9 3445.7 176.48 1232.1 3442 179.86
4 1464.7 3482.5 168.15 1351.5 3446.5 176.79 1223.5 3442.8 179.85
4.0083 1455 3483.6 168.36 1341 3447.1 177.1 1214.7 3443.6 179.81
4.0167 1445 3484.7 168.59 1330.3 3447.7 177.43 1205.6 3444.2 179.74
4.025 1434.8 3485.7 168.82 1319.5 3448.1 177.76 1196.3 3444.8 179.65
4.0333 1424.3 3486.5 169.06 1308.6 3448.5 178.11 1186.7 3445.2 179.54
4.0417 1413.5 3487.3 169.31 1297.6 3448.7 178.45 1177 3445.6 179.43
4.05 1402.5 3488 169.55 1286.5 3448.9 178.8 1167.1 3445.9 179.31
4.0583 1391.4 3488.6 169.8 1275.4 3449 179.15 1157 3446.1 179.2
4.0667 1380.1 3489.1 170.06 1264.4 3449 179.48 1146.9 3446.2 179.11
4.075 1368.8 3489.5 170.33 1253.3 3449 179.8 1136.8 3446.3 179.03
4.0833 1357.3 3489.8 170.61 1242.4 3449 180.09 1126.7 3446.4 178.97
4.0917 1345.9 3490 170.91 1231.6 3449 180.36 1116.7 3446.4 178.93
4.1 1334.5 3490.2 171.22 1220.8 3449 180.59 1106.8 3446.4 178.92
4.1083 1323.3 3490.2 171.55 1210.3 3449 180.77 1097.1 3446.4 178.93
4.1167 1312.1 3490.2 171.9 1199.9 3449 180.92 1087.6 3446.4 178.96
4.125 1301.2 3490.2 172.26 1189.8 3449.1 181.02 1078.3 3446.5 179
4.1333 1290.4 3490.1 172.64 1179.9 3449.3 181.07 1069.3 3446.7 179.04
4.1417 1279.8 3490 173.05 1170.3 3449.6 181.1 1060.4 3446.9 179.09
4.15 1269.5 3489.8 173.48 1160.9 3449.9 181.08 1051.7 3447.2 179.13
4.1583 1259.3 3489.7 173.93 1151.8 3450.3 181.05 1043.1 3447.6 179.15
4.1667 1249.2 3489.6 174.41 1142.9 3450.8 181 1034.7 3448.1 179.16
4.175 1239.2 3489.5 174.9 1134.2 3451.4 180.95 1026.4 3448.7 179.16
4.1833 1229.4 3489.4 175.39 1125.7 3452 180.9 1018.2 3449.5 179.14
4.1917 1219.6 3489.4 175.88 1117.4 3452.6 180.87 1010.1 3450.3 179.11
