0.0083333 -11.275 2.1526 98.886 -40.62 111.59 88.311 -24.944 121.91 82.788
0.016667 -11.026 9.0357 98.972 -40.288 119.75 88.428 -24.1 129.93 82.616
0.025 -10.734 16.14 99.076 -39.899 128.04 88.538 -23.203 138.02 82.438
0.033333 -10.391 23.498 99.195 -39.451 136.46 88.636 -22.253 146.18 82.256
0.041667 -9.991 31.14 99.323 -38.937 145.02 88.722 -21.256 154.43 82.073
0.05 -9.5339 39.093 99.455 -38.356 153.72 88.79 -20.215 162.78 81.894
0.058333 -9.0257 47.377 99.585 -37.703 162.56 88.84 -19.134 171.23 81.722
0.066667 -8.4779 56.005 99.705 -36.974 171.54 88.872 -18.015 179.79 81.563
0.075 -7.906 64.978 99.814 -36.166 180.67 88.885 -16.861 188.44 81.42
0.083333 -7.3289 74.293 99.906 -35.277 189.94 88.88 -15.673 197.18 81.294
0.091667 -6.7643 83.932 99.982 -34.307 199.36 88.858 -14.451 205.98 81.188
0.1 -6.2324 93.873 100.04 -33.256 208.94 88.819 -13.195 214.85 81.1
0.10833 -5.7414 104.09 100.09 -32.13 218.66 88.765 -11.905 223.76 81.027
0.11667 -5.3005 114.55 100.12 -30.937 228.54 88.696 -10.581 232.71 80.965
0.125 -4.9054 125.23 100.14 -29.687 238.56 88.614 -9.2236 241.68 80.91
0.13333 -4.5482 136.11 100.15 -28.395 248.72 88.519 -7.8362 250.69 80.855
0.14167 -4.214 147.14 100.16 -27.078 258.98 88.413 -6.4233 259.73 80.795
0.15 -3.8839 158.32 100.17 -25.756 269.33 88.297 -4.9925 268.82 80.727
0.15833 -3.5366 169.61 100.17 -24.449 279.74 88.175 -3.5536 277.97 80.647
0.16667 -3.1498 180.98 100.17 -23.177 290.16 88.05 -2.1193 287.18 80.554
0.175 -2.7012 192.41 100.18 -21.959 300.56 87.927 -0.70439 296.46 80.45
0.18333 -2.1719 203.87 100.17 -20.812 310.88 87.814 0.67496 305.83 80.338
0.19167 -1.547 215.33 100.17 -19.749 321.09 87.717 2.0018 315.27 80.221
0.2 -0.81943 226.76 100.16 -18.78 331.15 87.647 3.2596 324.78 80.104
0.20833 0.0080415 238.13 100.15 -17.911 341.02 87.611 4.4328 334.35 79.993
0.21667 0.92154 249.44 100.12 -17.143 350.68 87.618 5.5082 343.95 79.892
0.225 1.8993 260.65 100.08 -16.475 360.12 87.674 6.475 353.57 79.805
0.23333 2.915 271.76 100.03 -15.902 369.34 87.784 7.3259 363.16 79.735
0.24167 3.9441 282.75 99.963 -15.415 378.34 87.951 8.0569 372.72 79.684
0.25 4.9682 293.64 99.869 -15.006 387.14 88.172 8.6676 382.22 79.652
0.25833 5.9759 304.43 99.745 -14.665 395.77 88.445 9.1603 391.64 79.639
0.26667 6.9598 315.12 99.591 -14.381 404.25 88.763 9.5397 400.99 79.644
0.275 7.9156 325.72 99.404 -14.145 412.61 89.12 9.8122 410.26 79.668
0.28333 8.8404 336.23 99.186 -13.947 420.88 89.506 9.9845 419.47 79.711
0.29167 9.7337 346.67 98.939 -13.786 429.09 89.907 10.064 428.62 79.774
0.3 10.582 357.02 98.671 -13.646 437.25 90.327 10.056 437.75 79.859
0.30833 11.391 367.29 98.383 -13.533 445.4 90.745 9.9663 446.88 79.968
0.31667 12.152 377.47 98.083 -13.44 453.53 91.16 9.7995 456.02 80.103
0.325 12.853 387.55 97.779 -13.366 461.68 91.567 9.5583 465.2 80.266
0.33333 13.482 397.53 97.478 -13.31 469.83 91.962 9.2456 474.42 80.458
0.34167 14.022 407.4 97.185 -13.273 478 92.344 8.8639 483.71 80.678
0.35 14.458 417.15 96.904 -13.252 486.18 92.713 8.4161 493.06 80.923
0.35833 14.775 426.78 96.641 -13.248 494.38 93.068 7.906 502.46 81.189
0.36667 14.962 436.3 96.394 -13.26 502.6 93.413 7.3385 511.91 81.47
0.375 15.017 445.71 96.161 -13.289 510.84 93.746 6.7199 521.39 81.761
0.38333 14.943 455.05 95.94 -13.335 519.09 94.068 6.0573 530.89 82.054
0.39167 14.752 464.31 95.726 -13.399 527.37 94.377 5.3588 540.4 82.343
0.4 14.465 473.52 95.513 -13.481 535.67 94.673 4.6325 549.91 82.621
0.40833 14.107 482.7 95.297 -13.584 544 94.951 3.8865 559.42 82.885
0.41667 13.71 491.87 95.073 -13.708 552.37 95.208 3.1278 568.92 83.131
0.425 13.306 501.03 94.839 -13.853 560.77 95.442 2.3618 578.41 83.359
0.43333 12.924 510.18 94.593 -14.021 569.21 95.65 1.5928 587.9 83.57
0.44167 12.589 519.34 94.336 -14.208 577.7 95.829 0.82353 597.4 83.766
0.45 12.318 528.48 94.067 -14.415 586.26 95.981 0.05533 606.92 83.95
0.45833 12.115 537.62 93.791 -14.637 594.87 96.104 -0.71116 616.47 84.124
0.46667 11.977 546.74 93.509 -14.872 603.56 96.203 -1.4754 626.04 84.293
0.475 11.885 555.85 93.225 -15.117 612.32 96.28 -2.237 635.64 84.457
0.48333 11.821 564.95 92.944 -15.371 621.15 96.34 -2.9941 645.28 84.618
0.49167 11.751 574.04 92.669 -15.631 630.08 96.387 -3.7442 654.95 84.774
0.5 11.649 583.14 92.406 -15.899 639.09 96.424 -4.4836 664.64 84.924
0.50833 11.483 592.26 92.16 -16.174 648.19 96.454 -5.2077 674.34 85.063
0.51667 11.234 601.42 91.928 -16.462 657.38 96.478 -5.9118 684.06 85.188
0.525 10.887 610.65 91.717 -16.763 666.68 96.498 -6.5906 693.78 85.295
0.53333 10.44 619.97 91.526 -17.081 676.07 96.512 -7.2406 703.5 85.379
0.54167 9.9004 629.41 91.351 -17.421 685.58 96.52 -7.8594 713.21 85.44
0.55 9.2891 638.98 91.189 -17.786 695.19 96.52 -8.4468 722.92 85.474
0.55833 8.6343 648.69 91.036 -18.179 704.92 96.509 -9.005 732.63 85.484
0.56667 7.9625 658.57 90.889 -18.602 714.78 96.489 -9.5386 742.34 85.472
0.575 7.2967 668.61 90.743 -19.057 724.75 96.457 -10.054 752.06 85.44
0.58333 6.6544 678.79 90.599 -19.541 734.84 96.415 -10.56 761.8 85.394
0.59167 6.0295 689.11 90.451 -20.056 745.05 96.365 -11.065 771.57 85.338
0.6 5.418 699.56 90.296 -20.598 755.38 96.308 -11.577 781.38 85.277
0.60833 4.8079 710.14 90.134 -21.168 765.82 96.247 -12.105 791.24 85.213
0.61667 4.1766 720.85 89.959 -21.764 776.37 96.185 -12.656 801.16 85.148
0.625 3.5025 731.7 89.765 -22.386 787.01 96.124 -13.233 811.14 85.082
0.63333 2.7632 742.71 89.55 -23.037 797.74 96.063 -13.839 821.21 85.012
0.64167 1.9414 753.93 89.311 -23.719 808.54 96.003 -14.474 831.35 84.934
0.65 1.0245 765.36 89.048 -24.435 819.42 95.941 -15.137 841.59 84.844
0.65833 0.0057585 777.03 88.763 -25.188 830.37 95.874 -15.824 851.92 84.735
0.66667 -1.1052 788.96 88.465 -25.982 841.39 95.799 -16.533 862.34 84.605
0.675 -2.296 801.16 88.163 -26.816 852.47 95.712 -17.259 872.86 84.447
0.68333 -3.5444 813.61 87.872 -27.689 863.61 95.61 -17.998 883.47 84.261
0.69167 -4.8247 826.27 87.606 -28.593 874.81 95.488 -18.747 894.17 84.046
0.7 -6.1103 839.12 87.382 -29.519 886.08 95.345 -19.501 904.95 83.802
0.70833 -7.3774 852.07 87.216 -30.452 897.42 95.179 -20.256 915.8 83.534
0.71667 -8.6069 865.07 87.117 -31.373 908.83 94.99 -21.005 926.71 83.246
0.725 -9.7865 878.04 87.09 -32.26 920.29 94.778 -21.744 937.67 82.943
0.73333 -10.91 890.92 87.131 -33.087 931.82 94.543 -22.462 948.65 82.631
0.74167 -11.978 903.63 87.227 -33.829 943.38 94.286 -23.152 959.65 82.316
0.75 -12.995 916.13 87.362 -34.461 954.98 94.008 -23.801 970.65 82.003
0.75833 -13.968 928.38 87.511 -34.96 966.58 93.708 -24.395 981.64 81.697
0.76667 -14.908 940.38 87.651 -35.307 978.18 93.384 -24.922 992.62 81.401
0.775 -15.822 952.1 87.757 -35.492 989.74 93.036 -25.365 1003.6 81.12
0.78333 -16.719 963.59 87.81 -35.508 1001.2 92.659 -25.708 1014.5 80.853
0.79167 -17.603 974.86 87.797 -35.356 1012.7 92.253 -25.934 1025.4 80.604
0.8 -18.471 985.96 87.715 -35.044 1024 91.814 -26.029 1036.3 80.373
0.80833 -19.308 996.93 87.564 -34.584 1035.2 91.342 -25.976 1047.2 80.159
0.81667 -20.088 1007.8 87.351 -33.992 1046.3 90.835 -25.762 1058.1 79.964
0.825 -20.772 1018.6 87.087 -33.286 1057.2 90.295 -25.371 1069.1 79.784
0.83333 -21.316 1029.4 86.784 -32.484 1068.1 89.724 -24.793 1080 79.619
0.84167 -21.671 1040.2 86.457 -31.603 1078.8 89.125 -24.016 1091 79.463
0.85 -21.798 1050.8 86.123 -30.655 1089.3 88.502 -23.028 1102.1 79.313
0.85833 -21.666 1061.4 85.795 -29.651 1099.8 87.86 -21.823 1113.2 79.16
0.86667 -21.268 1072 85.484 -28.596 1110.1 87.203 -20.394 1124.4 78.999
0.875 -20.612 1082.4 85.2 -27.489 1120.4 86.533 -18.735 1135.6 78.819
0.88333 -19.72 1092.7 84.946 -26.327 1130.7 85.853 -16.846 1146.8 78.611
0.89167 -18.622 1102.8 84.719 -25.104 1140.8 85.162 -14.729 1158.1 78.369
0.9 -17.341 1112.8 84.516 -23.809 1151 84.461 -12.389 1169.3 78.084
0.90833 -15.905 1122.7 84.328 -22.433 1161.1 83.748 -9.8335 1180.5 77.751
0.91667 -14.352 1132.5 84.146 -20.964 1171.3 83.022 -7.0766 1191.7 77.368
0.925 -12.711 1142.1 83.963 -19.392 1181.5 82.281 -4.1326 1202.9 76.937
0.93333 -11.02 1151.7 83.772 -17.712 1191.6 81.526 -1.019 1214 76.459
0.94167 -9.3129 1161.2 83.569 -15.919 1201.8 80.759 2.2459 1225 75.942
0.95 -7.6132 1170.7 83.352 -14.012 1212.1 79.983 5.644 1235.9 75.393
0.95833 -5.9442 1180.2 83.124 -11.995 1222.3 79.208 9.1581 1246.8 74.822
0.96667 -4.3051 1189.7 82.889 -9.8721 1232.5 78.438 12.773 1257.6 74.237
0.975 -2.6935 1199.2 82.651 -7.6524 1242.8 77.683 16.476 1268.4 73.647
0.98333 -1.1009 1208.7 82.42 -5.3435 1253.1 76.953 20.258 1279.1 73.061
0.99167 0.49479 1218.1 82.203 -2.9542 1263.4 76.257 24.11 1289.8 72.483
1 2.1127 1227.6 82.008 -0.49141 1273.8 75.602 28.029 1300.4 71.917
1.0083 3.7753 1237.1 81.839 2.0401 1284.1 74.992 32.01 1311.1 71.365
1.0167 5.5029 1246.5 81.701 4.6381 1294.5 74.432 36.051 1321.6 70.827
1.025 7.3137 1256 81.595 7.3033 1304.9 73.922 40.149 1332.2 70.302
1.0333 9.2228 1265.5 81.516 10.039 1315.4 73.46 44.301 1342.7 69.79
1.0417 11.246 1275 81.461 12.851 1325.9 73.042 48.505 1353.2 69.288
1.05 13.395 1284.5 81.422 15.747 1336.5 72.666 52.757 1363.7 68.796
1.0583 15.684 1294.1 81.39 18.735 1347.2 72.326 57.054 1374.2 68.315
1.0667 18.127 1303.7 81.357 21.823 1357.8 72.018 61.394 1384.7 67.843
1.075 20.737 1313.5 81.317 25.021 1368.6 71.738 65.775 1395.1 67.384
1.0833 23.529 1323.3 81.266 28.334 1379.3 71.484 70.197 1405.6 66.938
1.0917 26.512 1333.2 81.206 31.768 1390.1 71.257 74.663 1416 66.509
1.1 29.688 1343.2 81.138 35.326 1400.9 71.055 79.178 1426.4 66.098
1.1083 33.04 1353.4 81.069 39.009 1411.7 70.88 83.747 1436.8 65.707
1.1167 36.54 1363.7 81.003 42.819 1422.5 70.734 88.378 1447.2 65.336
1.125 40.145 1374.1 80.948 46.755 1433.3 70.616 93.078 1457.6 64.985
1.1333 43.813 1384.7 80.903 50.818 1444.1 70.524 97.855 1468 64.652
1.1417 47.511 1395.3 80.868 55.011 1454.8 70.457 102.72 1478.4 64.337
1.15 51.216 1406.1 80.843 59.336 1465.6 70.411 107.66 1488.8 64.037
1.1583 54.928 1417 80.822 63.798 1476.4 70.376 112.7 1499.1 63.751
1.1667 58.647 1427.9 80.803 68.403 1487.1 70.347 117.82 1509.4 63.478
1.175 62.387 1439 80.783 73.158 1497.9 70.312 123.02 1519.7 63.217
1.1833 66.169 1450.2 80.76 78.069 1508.8 70.261 128.3 1529.9 62.971
1.1917 70.02 1461.6 80.731 83.142 1519.6 70.185 133.66 1540.1 62.74
1.2 73.97 1473.1 80.695 88.38 1530.6 70.075 139.08 1550.3 62.528
1.2083 78.054 1484.9 80.65 93.781 1541.5 69.927 144.57 1560.5 62.336
1.2167 82.307 1496.9 80.589 99.34 1552.6 69.737 150.11 1570.7 62.167
1.225 86.757 1509 80.507 105.04 1563.7 69.506 155.72 1580.8 62.022
1.2333 91.421 1521.4 80.395 110.88 1574.8 69.237 161.38 1591 61.9
1.2417 96.296 1533.9 80.244 116.81 1585.9 68.937 167.11 1601.1 61.799
1.25 101.37 1546.5 80.041 122.82 1597.1 68.614 172.9 1611.3 61.714
1.2583 106.64 1559.1 79.784 128.88 1608.3 68.276 178.76 1621.4 61.639
1.2667 112.06 1571.6 79.466 134.94 1619.4 67.935 184.68 1631.6 61.569
1.275 117.61 1584.1 79.09 140.98 1630.6 67.6 190.66 1641.8 61.493
1.2833 123.29 1596.4 78.658 146.95 1641.7 67.278 196.69 1652 61.406
1.2917 129.06 1608.5 78.176 152.83 1652.7 66.976 202.76 1662.2 61.302
1.3 134.91 1620.4 77.654 158.59 1663.7 66.698 208.84 1672.4 61.175
1.3083 140.8 1631.9 77.102 164.2 1674.7 66.448 214.92 1682.5 61.025
1.3167 146.72 1643.3 76.529 169.65 1685.5 66.225 220.96 1692.7 60.853
1.325 152.62 1654.4 75.945 174.92 1696.3 66.028 226.95 1702.8 60.662
1.3333 158.5 1665.2 75.354 180.03 1706.9 65.855 232.86 1713 60.459
1.3417 164.35 1675.9 74.763 184.96 1717.4 65.703 238.66 1723.1 60.253
1.35 170.15 1686.4 74.174 189.73 1727.7 65.567 244.35 1733.2 60.051
1.3583 175.92 1696.7 73.591 194.36 1737.9 65.444 249.9 1743.4 59.863
1.3667 181.64 1707 73.02 198.86 1747.9 65.33 255.31 1753.5 59.698
1.375 187.34 1717.3 72.463 203.27 1757.8 65.222 260.59 1763.7 59.563
1.3833 192.99 1727.5 71.924 207.6 1767.5 65.116 265.73 1774 59.463
1.3917 198.6 1737.6 71.402 211.88 1777.1 65.011 270.74 1784.2 59.403
1.4 204.16 1747.7 70.894 216.13 1786.6 64.905 275.64 1794.6 59.384
1.4083 209.67 1757.9 70.396 220.37 1796 64.797 280.44 1805 59.406
1.4167 215.11 1768 69.902 224.62 1805.4 64.688 285.15 1815.4 59.469
1.425 220.47 1778 69.405 228.89 1814.7 64.577 289.78 1826 59.571
1.4333 225.77 1788.1 68.897 233.19 1824 64.464 294.34 1836.7 59.708
1.4417 230.99 1798 68.373 237.52 1833.4 64.35 298.84 1847.4 59.878
1.45 236.14 1808 67.827 241.89 1842.7 64.234 303.28 1858.2 60.078
1.4583 241.24 1817.9 67.258 246.29 1852.1 64.119 307.66 1869.1 60.307
1.4667 246.3 1827.7 66.663 250.73 1861.6 64.003 311.98 1880.1 60.561
1.475 251.33 1837.4 66.045 255.2 1871.1 63.887 316.23 1891.1 60.84
1.4833 256.35 1847.1 65.405 259.69 1880.7 63.772 320.42 1902.3 61.143
1.4917 261.38 1856.7 64.748 264.23 1890.3 63.656 324.54 1913.4 61.469
1.5 266.42 1866.2 64.075 268.79 1899.9 63.538 328.6 1924.6 61.818
1.5083 271.49 1875.8 63.389 273.39 1909.6 63.417 332.59 1935.8 62.188
1.5167 276.58 1885.2 62.689 278.03 1919.3 63.292 336.52 1947 62.58
1.525 281.7 1894.7 61.974 282.72 1929.1 63.159 340.39 1958.1 62.99
1.5333 286.82 1904.2 61.245 287.46 1938.9 63.016 344.23 1969.3 63.418
1.5417 291.94 1913.7 60.498 292.25 1948.8 62.861 348.03 1980.5 63.861
1.55 297.02 1923.2 59.735 297.1 1958.7 62.692 351.8 1991.6 64.316
1.5583 302.05 1932.7 58.96 302.01 1968.7 62.508 355.58 2002.7 64.779
1.5667 307.01 1942.4 58.181 306.98 1978.8 62.311 359.36 2013.8 65.246
1.575 311.87 1952 57.409 312.01 1989 62.1 363.16 2024.9 65.711
1.5833 316.65 1961.8 56.658 317.09 1999.3 61.878 366.99 2036.1 66.17
1.5917 321.33 1971.6 55.946 322.21 2009.7 61.649 370.88 2047.2 66.617
1.6 325.93 1981.4 55.287 327.37 2020.1 61.416 374.81 2058.4 67.048
1.6083 330.46 1991.3 54.694 332.56 2030.6 61.184 378.81 2069.6 67.457
1.6167 334.95 2001.3 54.176 337.77 2041.2 60.956 382.88 2080.8 67.841
1.625 339.45 2011.3 53.736 343 2051.9 60.738 387.01 2092 68.197
1.6333 343.97 2021.4 53.372 348.36 2062.6 60.524 390.29 2103.2 69.333
1.6417 348.55 2031.6 53.077 353.61 2073.3 60.334 394.55 2114.5 69.631
1.65 353.22 2041.9 52.843 358.87 2084.1 60.162 398.88 2125.8 69.903
1.6583 357.99 2052.4 52.661 364.14 2094.9 60.009 403.25 2137.1 70.154
1.6667 362.85 2062.9 52.521 369.41 2105.7 59.874 407.66 2148.4 70.389
1.675 367.8 2073.6 52.419 374.69 2116.6 59.756 412.11 2159.7 70.612
1.6833 372.81 2084.4 52.347 379.96 2127.5 59.651 416.6 2171 70.829
1.6917 377.88 2095.3 52.294 385.24 2138.5 59.568 421.11 2182.4 71.043
1.7 383.01 2106.3 52.252 390.53 2149.6 59.526 425.65 2193.8 71.258
1.7083 388.21 2117.5 52.213 395.83 2160.7 59.519 430.23 2205.3 71.472
1.7167 393.51 2128.8 52.169 401.13 2172 59.552 434.85 2216.8 71.685
1.725 398.91 2140.3 52.118 406.4 2183.3 59.625 439.51 2228.4 71.892
1.7333 404.45 2151.9 52.058 411.65 2194.8 59.74 444.24 2240.2 72.086
1.7417 410.05 2163.7 52.001 416.87 2206.3 59.893 449.03 2252 72.262
1.75 415.99 2175.7 51.934 421.99 2218 60.065 453.89 2263.9 72.412
1.7583 422 2187.9 51.887 427.11 2229.6 60.274 458.83 2275.9 72.533
1.7667 428.18 2200.3 51.866 432.16 2241.4 60.501 463.84 2287.9 72.617
1.775 434.48 2212.8 51.884 437.19 2253.2 60.73 468.91 2300.1 72.666
1.7833 440.9 2225.5 51.955 442.2 2265.1 60.959 474.03 2312.2 72.682
1.7917 447.37 2238.2 52.087 447.22 2277 61.177 479.2 2324.3 72.671
1.8 453.86 2250.9 52.285 452.26 2288.9 61.38 484.38 2336.4 72.64
1.8083 460.32 2263.6 52.55 457.34 2300.9 61.562 489.56 2348.5 72.601
1.8167 466.71 2276.2 52.876 462.5 2312.9 61.716 494.73 2360.5 72.566
1.825 472.99 2288.8 53.252 467.75 2325 61.838 499.87 2372.5 72.547
1.8333 479.14 2301.3 53.666 473.09 2337.1 61.923 504.96 2384.4 72.556
1.8417 485.14 2313.6 54.101 478.53 2349.1 61.968 510 2396.3 72.6
1.85 490.99 2325.7 54.54 484.07 2361 61.97 515 2408.1 72.686
1.8583 496.67 2337.6 54.966 489.69 2372.9 61.929 519.97 2419.8 72.814
1.8667 502.19 2349.4 55.364 495.37 2384.5 61.847 524.91 2431.5 72.982
1.875 507.57 2360.9 55.727 501.09 2396 61.724 529.86 2443.2 73.182
1.8833 512.81 2372.3 56.055 506.82 2407.3 61.566 534.83 2454.8 73.404
1.8917 517.94 2383.5 56.349 512.56 2418.3 61.376 539.85 2466.4 73.635
1.9 523 2394.7 56.616 518.27 2429.1 61.16 544.96 2477.9 73.861
1.9083 528.01 2405.7 56.86 523.94 2439.7 60.922 550.16 2489.3 74.068
1.9167 532.99 2416.6 57.088 529.56 2450 60.668 555.49 2500.6 74.246
1.925 537.99 2427.5 57.311 535.14 2460.2 60.404 560.95 2511.8 74.386
1.9333 543.01 2438.2 57.526 540.68 2470.3 60.128 566.55 2522.9 74.485
1.9417 548.09 2448.8 57.748 546.19 2480.3 59.849 572.3 2533.9 74.54
1.95 553.24 2459.3 57.979 551.69 2490.2 59.569 578.17 2544.7 74.557
1.9583 558.49 2469.7 58.225 557.19 2500.1 59.288 584.17 2555.5 74.54
1.9667 563.82 2480 58.489 562.71 2510 59.011 590.27 2566.2 74.498
1.975 569.24 2490.2 58.771 568.26 2520 58.737 596.46 2576.7 74.439
1.9833 574.75 2500.2 59.074 573.85 2530 58.468 602.73 2587.2 74.373
1.9917 580.33 2510.2 59.398 579.49 2540.1 58.204 609.05 2597.6 74.307
2 585.97 2520.1 59.741 585.18 2550.2 57.947 615.41 2607.9 74.248
2.0083 591.64 2529.9 60.104 590.93 2560.3 57.696 621.79 2618.2 74.2
2.0167 597.34 2539.7 60.484 596.73 2570.5 57.453 628.2 2628.4 74.166
2.025 603.04 2549.5 60.879 602.58 2580.7 57.219 634.63 2638.6 74.144
2.0333 608.72 2559.2 61.288 608.47 2590.9 56.995 641.07 2648.7 74.134
2.0417 614.38 2568.9 61.709 614.41 2601.1 56.783 647.52 2658.8 74.132
2.05 620.01 2578.6 62.139 620.39 2611.4 56.585 653.98 2668.8 74.133
2.0583 625.62 2588.3 62.579 626.41 2621.6 56.402 660.45 2678.7 74.136
2.0667 631.22 2597.9 63.029 632.48 2631.9 56.235 666.94 2688.6 74.138
2.075 636.83 2607.6 63.486 638.59 2642.2 56.087 673.44 2698.5 74.137
2.0833 642.47 2617.2 63.951 644.74 2652.6 55.959 679.96 2708.3 74.132
2.0917 648.17 2626.8 64.421 650.94 2663 55.851 686.49 2718.1 74.124
2.1 653.97 2636.5 64.894 657.18 2673.5 55.766 693.04 2727.9 74.115
2.1083 659.88 2646.1 65.364 663.47 2684 55.705 699.6 2737.8 74.107
2.1167 665.93 2655.8 65.825 669.78 2694.6 55.668 706.17 2747.7 74.104
2.125 672.13 2665.6 66.27 676.13 2705.3 55.656 712.76 2757.6 74.106
2.1333 678.48 2675.4 66.692 682.51 2716 55.671 719.37 2767.6 74.116
2.1417 685 2685.3 67.084 688.91 2726.7 55.712 725.99 2777.6 74.134
2.15 691.66 2695.3 67.442 695.34 2737.4 55.779 732.63 2787.7 74.159
2.1583 698.48 2705.4 67.764 701.8 2748.2 55.87 739.31 2797.9 74.189
2.1667 705.43 2715.6 68.048 708.28 2758.9 55.983 746.01 2808 74.222
2.175 712.5 2725.9 68.294 714.8 2769.7 56.114 752.75 2818.3 74.255
2.1833 719.67 2736.3 68.503 721.38 2780.5 56.257 759.54 2828.5 74.287
2.1917 726.9 2746.9 68.671 728 2791.3 56.409 766.37 2838.8 74.316
2.2 734.17 2757.5 68.793 734.69 2802.1 56.559 773.26 2849.1 74.341
2.2083 741.45 2768.2 68.87 741.46 2813 56.706 780.19 2859.4 74.364
2.2167 748.73 2779 68.898 748.3 2823.8 56.843 787.18 2869.8 74.389
2.225 756 2789.8 68.877 755.24 2834.7 56.959 794.21 2880.3 74.42
2.2333 763.28 2800.6 68.809 762.27 2845.5 57.059 801.28 2890.8 74.463
2.2417 770.57 2811.5 68.7 769.4 2856.4 57.13 808.38 2901.5 74.523
2.25 777.88 2822.5 68.552 776.63 2867.2 57.181 815.51 2912.3 74.608
2.2583 785.21 2833.6 68.374 783.95 2878.1 57.207 822.65 2923.2 74.721
2.2667 792.58 2844.8 68.168 791.37 2888.9 57.216 829.8 2934.3 74.867
2.275 799.96 2856.3 67.937 798.88 2899.7 57.211 836.95 2945.4 75.045
2.2833 807.37 2867.9 67.683 806.47 2910.4 57.2 844.09 2956.7 75.256
2.2917 814.77 2879.8 67.405 814.13 2921.2 57.191 851.21 2968.1 75.494
2.3 822.17 2891.8 67.101 821.84 2932 57.191 858.32 2979.4 75.755
2.3083 829.53 2904 66.769 829.59 2942.8 57.209 865.4 2990.8 76.03
2.3167 836.84 2916.2 66.409 837.33 2953.6 57.25 872.45 3002.2 76.311
2.325 844.07 2928.4 66.026 845.06 2964.4 57.32 879.48 3013.6 76.588
2.3333 851.23 2940.5 65.629 852.72 2975.3 57.424 886.47 3024.8 76.852
2.3417 858.33 2952.4 65.228 860.28 2986.3 57.563 893.43 3036 77.098
2.35 865.37 2964.2 64.834 867.7 2997.3 57.739 900.36 3047.1 77.317
2.3583 872.37 2975.8 64.459 874.95 3008.3 57.951 907.23 3058.2 77.508
2.3667 879.34 2987.1 64.117 881.99 3019.4 58.197 914.06 3069.1 77.667
2.375 886.27 2998.1 63.819 888.8 3030.4 58.474 920.83 3080.1 77.796
2.3833 893.16 3008.9 63.574 895.36 3041.4 58.78 927.52 3091 77.897
2.3917 900.01 3019.5 63.387 901.66 3052.3 59.109 934.12 3101.8 77.973
2.4 906.82 3029.9 63.257 907.72 3063.1 59.46 940.62 3112.8 78.031
2.4083 913.62 3040.2 63.179 913.55 3073.9 59.826 947.01 3123.7 78.075
2.4167 920.43 3050.4 63.147 919.17 3084.4 60.205 953.27 3134.7 78.11
2.425 927.25 3060.5 63.15 924.63 3094.9 60.593 959.39 3145.8 78.143
2.4333 934.08 3070.6 63.179 929.95 3105.2 60.989 965.35 3157 78.178
2.4417 940.93 3080.6 63.222 935.17 3115.5 61.392 971.15 3168.3 78.219
2.45 947.75 3090.7 63.273 940.33 3125.6 61.797 976.77 3179.7 78.269
2.4583 954.53 3100.7 63.321 945.46 3135.8 62.207 982.22 3191.1 78.331
2.4667 961.23 3110.7 63.362 950.58 3145.9 62.617 987.49 3202.6 78.407
2.475 967.82 3120.7 63.394 955.69 3156.1 63.04 992.58 3214.2 78.5
2.4833 974.27 3130.8 63.416 960.81 3166.3 63.458 997.49 3225.8 78.611
2.4917 980.58 3140.8 63.428 965.93 3176.6 63.889 1002.2 3237.5 78.742
2.5 986.72 3150.9 63.435 971.04 3186.9 64.318 1006.8 3249.1 78.896
2.5083 992.69 3161 63.44 976.14 3197.3 64.748 1011.2 3260.7 79.074
2.5167 998.52 3171.1 63.444 981.21 3207.7 65.178 1015.5 3272.4 79.277
2.525 1004.2 3181.3 63.452 986.24 3218.2 65.604 1019.6 3283.9 79.506
2.5333 1009.8 3191.4 63.461 991.24 3228.7 66.024 1023.6 3295.4 79.761
2.5417 1015.3 3201.5 63.471 996.18 3239.3 66.435 1027.5 3306.9 80.041
2.55 1020.7 3211.6 63.477 1001.1 3249.8 66.832 1031.3 3318.3 80.344
2.5583 1026.1 3221.8 63.473 1006 3260.4 67.212 1035 3329.6 80.665
2.5667 1031.4 3231.9 63.453 1010.8 3271 67.572 1038.6 3340.8 81.001
2.575 1036.8 3242.1 63.411 1015.7 3281.6 67.91 1042.3 3352 81.346
2.5833 1042.1 3252.2 63.341 1020.5 3292.2 68.225 1045.9 3363.1 81.694
2.5917 1047.3 3262.4 63.244 1025.4 3302.9 68.516 1049.5 3374.2 82.04
2.6 1052.5 3272.7 63.121 1030.2 3313.7 68.784 1053.1 3385.3 82.378
2.6083 1057.7 3283 62.979 1035.1 3324.5 69.031 1056.8 3396.3 82.704
2.6167 1062.8 3293.3 62.827 1040 3335.4 69.259 1060.5 3407.3 83.015
2.625 1067.9 3303.8 62.676 1044.9 3346.4 69.471 1064.3 3418.3 83.31
2.6333 1072.9 3314.2 62.535 1049.8 3357.4 69.67 1068.1 3429.3 83.589
2.6417 1077.9 3324.8 62.415 1054.6 3368.5 69.859 1071.9 3440.3 83.854
2.65 1082.8 3335.4 62.321 1059.5 3379.7 70.041 1075.8 3451.3 84.108
2.6583 1087.7 3346.2 62.255 1064.3 3390.9 70.219 1079.7 3462.3 84.354
2.6667 1092.5 3357 62.215 1069.2 3402.2 70.395 1083.6 3473.4 84.597
2.675 1097.4 3368 62.2 1073.9 3413.5 70.569 1087.5 3484.4 84.839
2.6833 1102.3 3379.2 62.206 1078.7 3424.8 70.742 1091.4 3495.5 85.085
2.6917 1107.2 3390.5 62.232 1083.4 3436.2 70.916 1095.3 3506.5 85.335
2.7 1112 3402 62.279 1088.1 3447.7 71.09 1099.2 3517.7 85.59
2.7083 1116.9 3413.7 62.35 1092.8 3459.2 71.265 1103.1 3528.8 85.849
2.7167 1121.6 3425.4 62.439 1097.5 3470.7 71.441 1106.9 3540.1 86.109
2.725 1126.4 3437.3 62.549 1102.1 3482.3 71.618 1110.7 3551.4 86.368
2.7333 1131.1 3449.3 62.668 1106.6 3494 71.797 1114.5 3562.8 86.62
2.7417 1135.8 3461.4 62.796 1111.1 3505.7 71.978 1118.3 3574.3 86.863
2.75 1140.4 3473.7 62.929 1115.5 3517.4 72.163 1122 3585.8 87.092
2.7583 1145.1 3486.1 63.063 1119.9 3529.2 72.351 1125.8 3597.5 87.307
2.7667 1149.8 3498.7 63.2 1124.1 3541.1 72.543 1129.6 3609.2 87.506
2.775 1154.5 3511.4 63.343 1128.3 3553 72.737 1133.3 3621 87.69
2.7833 1159.3 3524.3 63.497 1132.3 3564.9 72.935 1137 3632.8 87.863
2.7917 1164.1 3537.3 63.669 1136.3 3576.8 73.135 1140.8 3644.7 88.028
2.8 1169 3550.4 63.867 1140.2 3588.8 73.336 1144.4 3656.6 88.193
2.8083 1173.9 3563.5 64.1 1144.1 3600.8 73.538 1148 3668.4 88.364
2.8167 1178.7 3576.6 64.371 1147.9 3612.8 73.74 1151.6 3680.2 88.549
2.825 1183.5 3589.6 64.685 1151.8 3624.9 73.941 1155.1 3692 88.756
2.8333 1188.2 3602.6 65.037 1155.6 3636.9 74.137 1158.5 3703.8 88.99
2.8417 1192.7 3615.4 65.421 1159.5 3649 74.326 1161.8 3715.5 89.256
2.85 1197.1 3627.9 65.827 1163.5 3661 74.503 1165 3727.2 89.556
2.8583 1201.3 3640.3 66.239 1167.5 3672.9 74.666 1168.2 3738.8 89.888
2.8667 1205.3 3652.4 66.645 1171.6 3684.8 74.813 1171.3 3750.5 90.251
2.875 1209.2 3664.2 67.029 1175.7 3696.5 74.94 1174.4 3762.1 90.638
2.8833 1213 3675.8 67.385 1179.8 3708 75.047 1177.4 3773.7 91.04
2.8917 1216.7 3687.3 67.708 1184 3719.4 75.131 1180.5 3785.4 91.448
2.9 1220.2 3698.6 68.004 1188.2 3730.6 75.192 1183.6 3797 91.851
2.9083 1223.7 3709.9 68.281 1192.3 3741.6 75.228 1186.8 3808.6 92.242
2.9167 1227.1 3721.1 68.547 1196.5 3752.3 75.239 1190 3820.2 92.61
2.925 1230.4 3732.3 68.816 1200.5 3762.9 75.226 1193.3 3831.8 92.949
2.9333 1233.6 3743.6 69.095 1204.5 3773.3 75.187 1196.7 3843.3 93.254
2.9417 1236.9 3754.9 69.397 1208.4 3783.5 75.123 1200.2 3854.8 93.523
2.95 1240.1 3766.2 69.732 1212.2 3793.6 75.038 1203.7 3866.2 93.755
2.9583 1243.3 3777.4 70.107 1215.9 3803.7 74.934 1207.2 3877.5 93.953
2.9667 1246.6 3788.6 70.524 1219.6 3813.7 74.815 1210.9 3888.8 94.122
2.975 1250 3799.8 70.983 1223.3 3823.6 74.685 1214.5 3900.1 94.267
2.9833 1253.4 3810.8 71.481 1226.9 3833.6 74.55 1218.1 3911.2 94.394
2.9917 1256.9 3821.8 72.008 1230.4 3843.6 74.416 1221.8 3922.3 94.512
3 1260.4 3832.6 72.558 1234 3853.6 74.288 1225.5 3933.4 94.627
3.0083 1264.1 3843.3 73.121 1237.6 3863.7 74.172 1229.1 3944.4 94.746
3.0167 1267.7 3853.9 73.689 1241.2 3873.8 74.073 1232.8 3955.3 94.874
3.025 1271.4 3864.4 74.254 1244.8 3883.9 73.997 1236.4 3966.2 95.015
3.0333 1275.1 3874.8 74.813 1248.4 3894.1 73.947 1240 3977 95.17
3.0417 1278.7 3885.2 75.364 1252.1 3904.3 73.925 1243.7 3987.7 95.339
3.05 1282.3 3895.5 75.907 1255.8 3914.5 73.931 1247.3 3998.4 95.519
3.0583 1285.9 3905.8 76.445 1259.4 3924.8 73.964 1251 4009 95.707
3.0667 1289.4 3916.1 76.982 1263.1 3935.2 74.023 1254.7 4019.6 95.899
3.075 1293 3926.3 77.522 1266.8 3945.6 74.102 1258.3 4030.1 96.09
3.0833 1296.5 3936.5 78.068 1270.5 3956.1 74.198 1262 4040.5 96.275
3.0917 1300.1 3946.7 78.624 1274.2 3966.6 74.305 1265.7 4050.9 96.451
3.1 1303.8 3956.9 79.188 1277.8 3977.3 74.42 1269.4 4061.2 96.614
3.1083 1307.6 3967.2 79.758 1281.5 3988.1 74.539 1273.1 4071.6 96.763
3.1167 1311.6 3977.4 80.332 1285.1 3999 74.658 1276.8 4081.9 96.898
3.125 1315.7 3987.6 80.904 1288.7 4010 74.776 1280.6 4092.3 97.021
3.1333 1320 3997.9 81.469 1292.4 4021.1 74.894 1284.3 4102.6 97.133
3.1417 1324.4 4008.2 82.022 1296 4032.3 75.012 1288 4113.1 97.237
3.15 1329 4018.6 82.561 1299.7 4043.5 75.133 1291.8 4123.5 97.336
3.1583 1333.6 4029.1 83.084 1303.4 4054.9 75.261 1295.5 4134 97.433
3.1667 1338.4 4039.8 83.592 1307.1 4066.2 75.4 1299.3 4144.5 97.53
3.175 1343.1 4050.7 84.088 1310.8 4077.5 75.552 1303.1 4155.1 97.628
3.1833 1347.8 4061.7 84.572 1314.6 4088.9 75.722 1306.9 4165.7 97.727
3.1917 1352.5 4072.9 85.044 1318.4 4100.3 75.909 1310.7 4176.3 97.827
3.2 1357.1 4084.3 85.501 1322.2 4111.6 76.124 1314.6 4186.9 97.927
3.2083 1361.6 4095.8 85.935 1326 4123 76.359 1318.4 4197.6 98.027
3.2167 1366 4107.4 86.334 1329.9 4134.3 76.615 1322.2 4208.4 98.127
3.225 1370.3 4119.2 86.692 1333.8 4145.6 76.886 1326.1 4219.2 98.228
3.2333 1374.7 4130.9 86.996 1337.8 4157 77.178 1329.9 4230.1 98.332
3.2417 1379.1 4142.7 87.242 1341.7 4168.3 77.475 1333.6 4241.2 98.442
3.25 1383.5 4154.5 87.425 1345.7 4179.6 77.774 1337.4 4252.3 98.563
3.2583 1388.1 4166.4 87.544 1349.7 4190.9 78.067 1341.1 4263.6 98.7
3.2667 1392.6 4178.3 87.602 1353.7 4202.2 78.345 1344.8 4275 98.856
3.275 1397.3 4190.2 87.601 1357.8 4213.5 78.612 1348.4 4286.5 99.037
3.2833 1401.9 4202.2 87.554 1361.8 4224.8 78.85 1352 4298.2 99.243
3.2917 1406.5 4214.3 87.468 1365.9 4236.1 79.067 1355.6 4309.9 99.474
3.3 1411.1 4226.5 87.358 1369.9 4247.4 79.254 1359.1 4321.7 99.727
3.3083 1415.6 4238.8 87.235 1374 4258.8 79.413 1362.6 4333.5 99.997
3.3167 1420 4251.2 87.112 1378 4270.1 79.548 1366 4345.3 100.27
3.325 1424.3 4263.6 87.002 1382 4281.5 79.665 1369.5 4357.1 100.55
3.3333 1428.4 4276 86.914 1385.9 4293 79.775 1372.9 4368.7 100.82
3.3417 1432.3 4288.3 86.864 1389.7 4304.4 79.887 1376.3 4380.3 101.06
3.35 1436.2 4300.6 86.865 1393.4 4315.9 80.012 1379.7 4391.8 101.28
3.3583 1439.9 4312.8 86.927 1397 4327.5 80.169 1383 4403.2 101.46
3.3667 1443.5 4324.9 87.059 1400.4 4339 80.365 1386.3 4414.5 101.6
3.375 1447.1 4336.8 87.265 1403.7 4350.6 80.616 1389.5 4425.7 101.7
3.3833 1450.6 4348.6 87.547 1406.9 4362.1 80.93 1392.6 4436.8 101.77
3.3917 1454 4360.2 87.9 1409.8 4373.6 81.315 1395.6 4447.9 101.81
3.4 1457.4 4371.7 88.314 1412.6 4385 81.774 1398.5 4459 101.83
3.4083 1460.8 4383 88.775 1415.2 4396.3 82.308 1401.2 4470.1 101.86
3.4167 1464.1 4394.2 89.263 1417.6 4407.5 82.912 1403.6 4481.3 101.88
3.425 1467.3 4405.2 89.755 1419.9 4418.5 83.577 1405.9 4492.5 101.93
3.4333 1470.5 4416.1 90.231 1422 4429.5 84.298 1408 4503.8 102
3.4417 1473.6 4426.9 90.668 1423.9 4440.2 85.052 1409.8 4515.1 102.1
3.45 1476.5 4437.6 91.054 1425.7 4450.9 85.856 1411.3 4526.5 102.24
3.4583 1479.2 4448.1 91.374 1427.4 4461.4 86.671 1412.6 4537.9 102.4
3.4667 1481.6 4458.5 91.626 1429 4471.9 87.496 1413.7 4549.4 102.6
3.475 1483.8 4468.9 91.814 1430.5 4482.3 88.324 1414.5 4560.8 102.81
3.4833 1485.6 4479.1 91.942 1431.9 4492.7 89.143 1415 4572.3 103.04
3.4917 1487.1 4489.2 92.032 1433.1 4503 89.953 1415.4 4583.8 103.29
3.5 1488.3 4499.2 92.103 1434.2 4513.3 90.749 1415.6 4595.2 103.54
3.5083 1489.2 4509.1 92.175 1435.3 4523.7 91.528 1415.6 4606.6 103.79
3.5167 1489.8 4518.8 92.266 1436.2 4534.1 92.291 1415.5 4617.9 104.04
3.525 1490.2 4528.5 92.392 1437 4544.5 93.038 1415.2 4629.3 104.29
3.5333 1490.3 4538.1 92.561 1437.7 4554.9 93.769 1414.8 4640.5 104.55
3.5417 1490.3 4547.6 92.775 1438.2 4565.3 94.484 1414.4 4651.7 104.81
3.55 1490.1 4557 93.031 1438.7 4575.8 95.184 1413.8 4662.9 105.08
3.5583 1489.9 4566.4 93.322 1439 4586.3 95.869 1413.2 4674 105.36
3.5667 1489.6 4575.8 93.637 1439.3 4596.8 96.538 1412.5 4685 105.64
3.575 1489.3 4585.2 93.963 1439.4 4607.4 97.189 1411.7 4695.9 105.93
3.5833 1488.9 4594.5 94.288 1439.4 4617.9 97.82 1410.9 4706.8 106.23
3.5917 1488.5 4603.9 94.603 1439.3 4628.5 98.43 1410.1 4717.6 106.52
3.6 1488.2 4613.4 94.898 1439.1 4639.2 99.017 1409.3 4728.4 106.81
3.6083 1487.9 4622.9 95.169 1438.8 4649.9 99.58 1408.4 4739 107.08
3.6167 1487.7 4632.4 95.413 1438.3 4660.6 100.12 1407.6 4749.7 107.34
3.625 1487.4 4642 95.634 1437.8 4671.3 100.63 1406.7 4760.3 107.56
3.6333 1487.2 4651.6 95.835 1437.1 4682.2 101.11 1405.8 4770.8 107.76
3.6417 1487 4661.3 96.022 1436.4 4693 101.57 1405 4781.4 107.93
3.65 1486.8 4671.1 96.206 1435.6 4703.9 102 1404.1 4791.9 108.07
3.6583 1486.6 4680.8 96.389 1434.7 4714.8 102.4 1403.2 4802.5 108.17
3.6667 1486.3 4690.6 96.582 1433.7 4725.7 102.79 1402.3 4813.1 108.26
3.675 1485.9 4700.5 96.787 1432.7 4736.7 103.15 1401.3 4823.7 108.32
3.6833 1485.4 4710.4 97.005 1431.6 4747.8 103.49 1400.4 4834.3 108.38
3.6917 1484.8 4720.4 97.236 1430.5 4758.9 103.81 1399.4 4845 108.42
3.7 1484 4730.4 97.475 1429.3 4770.1 104.12 1398.4 4855.6 108.46
3.7083 1483.1 4740.6 97.722 1427.9 4781.2 104.42 1398 4867.1 107.69
3.7167 1482.1 4750.8 97.966 1426.5 4792.5 104.7 1396.9 4877.7 107.75
3.725 1480.9 4761.1 98.211 1425.1 4803.9 104.97 1395.7 4888.3 107.81
3.7333 1479.7 4771.5 98.45 1423.5 4815.4 105.23 1394.5 4898.9 107.86
3.7417 1478.3 4782.1 98.679 1421.9 4826.9 105.5 1393.2 4909.5 107.92
3.75 1476.9 4792.7 98.904 1420.1 4838.5 105.76 1391.8 4920.2 107.97
3.7583 1475.4 4803.5 99.118 1418.2 4850 106.02 1390.2 4930.8 108.01
3.7667 1473.7 4814.5 99.323 1416.2 4861.5 106.29 1388.6 4941.5 108.05
3.775 1472 4825.6 99.524 1414.1 4873.1 106.57 1386.9 4952.3 108.07
3.7833 1470.2 4836.9 99.724 1411.9 4884.5 106.85 1385 4963.2 108.07
3.7917 1468.3 4848.4 99.927 1409.5 4895.9 107.15 1383 4974.1 108.06
3.8 1466.2 4860.2 100.14 1407 4907.2 107.45 1380.9 4985.2 108.04
3.8083 1464.1 4872.2 100.38 1404.4 4918.5 107.76 1378.6 4996.3 108
3.8167 1461.8 4884.3 100.64 1401.7 4929.8 108.07 1376.2 5007.5 107.96
3.825 1459.4 4896.7 100.94 1398.9 4941 108.38 1373.7 5018.7 107.91
3.8333 1456.9 4909.2 101.29 1395.9 4952.3 108.69 1371 5029.9 107.87
3.8417 1454.3 4921.7 101.69 1392.9 4963.6 109 1368.3 5041.1 107.83
3.85 1451.5 4934.2 102.14 1389.8 4975 109.3 1365.5 5052.2 107.81
3.8583 1448.7 4946.7 102.65 1386.7 4986.4 109.58 1362.6 5063.3 107.8
3.8667 1445.7 4959.1 103.2 1383.5 4997.9 109.83 1359.7 5074.2 107.81
3.875 1442.7 4971.4 103.78 1380.3 5009.5 110.06 1356.8 5085.1 107.83
3.8833 1439.6 4983.5 104.39 1377.1 5021.1 110.26 1353.8 5095.8 107.87
3.8917 1436.5 4995.4 104.99 1374 5032.6 110.42 1350.9 5106.5 107.93
3.9 1433.4 5007 105.58 1370.9 5044.1 110.54 1348 5117.2 108.01
3.9083 1430.3 5018.5 106.14 1367.9 5055.5 110.61 1345.1 5127.8 108.08
3.9167 1427.2 5029.8 106.67 1365 5066.7 110.64 1342.2 5138.3 108.17
3.925 1424.1 5040.9 107.16 1362.2 5077.7 110.62 1339.4 5149 108.24
3.9333 1420.9 5051.9 107.62 1359.6 5088.5 110.56 1336.6 5159.6 108.31
3.9417 1417.6 5062.7 108.04 1357 5099 110.46 1333.8 5170.3 108.37
3.95 1414.3 5073.4 108.43 1354.5 5109.4 110.33 1331.1 5181.1 108.41
3.9583 1410.9 5084.1 108.81 1352.1 5119.5 110.17 1328.5 5191.9 108.44
3.9667 1407.5 5094.6 109.18 1349.8 5129.4 109.98 1325.8 5202.7 108.46
3.975 1404.1 5104.9 109.54 1347.4 5139.2 109.78 1323.2 5213.5 108.47
3.9833 1400.6 5115.2 109.92 1345.1 5148.9 109.58 1320.5 5224.3 108.47
3.9917 1397.1 5125.3 110.32 1342.7 5158.6 109.38 1317.9 5235.1 108.47
4 1393.8 5135.4 110.74 1340.3 5168.2 109.2 1315.3 5245.7 108.48
4.0083 1390.4 5145.3 111.18 1337.9 5178 109.02 1312.7 5256.3 108.5
4.0167 1387.3 5155.1 111.65 1335.4 5187.8 108.88 1310.1 5266.7 108.54
4.025 1384.2 5164.9 112.15 1332.8 5197.6 108.76 1307.5 5277.1 108.59
4.0333 1381.3 5174.6 112.66 1330.3 5207.6 108.67 1304.8 5287.4 108.65
4.0417 1378.5 5184.2 113.19 1327.7 5217.6 108.62 1302.2 5297.5 108.73
4.05 1375.9 5193.8 113.72 1325 5227.7 108.6 1299.5 5307.7 108.81
4.0583 1373.4 5203.4 114.25 1322.3 5237.8 108.62 1296.9 5317.8 108.9
4.0667 1370.9 5212.9 114.78 1319.6 5248 108.68 1294.3 5327.8 108.98
4.075 1368.6 5222.5 115.3 1316.9 5258.2 108.76 1291.6 5337.9 109.05
4.0833 1366.3 5232 115.82 1314.2 5268.5 108.88 1289 5348.1 109.1
4.0917 1363.9 5241.5 116.34 1311.5 5278.7 109.02 1286.4 5358.2 109.13
4.1 1361.6 5251 116.85 1308.7 5289 109.19 1283.8 5368.5 109.13
4.1083 1359.3 5260.5 117.37 1305.9 5299.3 109.38 1281.2 5378.7 109.11
4.1167 1356.9 5269.9 117.9 1303 5309.6 109.58 1278.6 5389.1 109.07
4.125 1354.5 5279.4 118.43 1300.1 5320 109.8 1276 5399.4 109.02
4.1333 1352 5288.8 118.97 1297.1 5330.5 110.03 1273.4 5409.9 108.95
4.1417 1349.6 5298.3 119.5 1294.1 5341 110.28 1270.7 5420.4 108.88
4.15 1347.1 5307.8 120.03 1291 5351.6 110.54 1268.1 5430.9 108.82
4.1583 1344.6 5317.4 120.55 1287.8 5362.2 110.81 1265.3 5441.5 108.78
4.1667 1342.1 5327.1 121.04 1284.6 5372.9 111.09 1262.6 5452.2 108.75
4.175 1339.5 5336.9 121.5 1281.3 5383.6 111.38 1259.7 5462.9 108.74
4.1833 1337 5346.9 121.93 1277.9 5394.4 111.68 1256.8 5473.6 108.76
4.1917 1334.4 5357 122.32 1274.5 5405.2 111.99 1253.9 5484.5 108.79
4.2 1331.9 5367.3 122.66 1271.1 5416 112.3 1250.9 5495.3 108.83
4.2083 1329.3 5377.8 122.97 1267.6 5426.8 112.61 1247.9 5506.2 108.88
4.2167 1326.7 5388.4 123.25 1264.2 5437.7 112.92 1244.9 5517.2 108.92
4.225 1324.1 5399.2 123.51 1260.7 5448.5 113.22 1241.9 5528.2 108.95
4.2333 1321.5 5410.1 123.75 1257.2 5459.4 113.52 1238.9 5539.2 108.97
4.2417 1318.8 5421.1 123.98 1253.8 5470.3 113.8 1235.9 5550.2 108.96
4.25 1316 5432.2 124.21 1250.3 5481.3 114.06 1233 5561.2 108.93
4.2583 1313.2 5443.3 124.45 1246.9 5492.4 114.31 1230.2 5572.2 108.87
4.2667 1310.4 5454.5 124.7 1243.5 5503.5 114.53 1227.3 5583.2 108.8
4.275 1307.4 5465.8 124.96 1240.1 5514.8 114.73 1224.5 5594.2 108.73
4.2833 1304.3 5477.1 125.23 1236.7 5526.1 114.9 1221.7 5605.2 108.65
4.2917 1301 5488.5 125.51 1233.3 5537.5 115.04 1219 5616.2 108.59
4.3 1297.6 5499.9 125.79 1229.9 5549.1 115.15 1216.1 5627.3 108.55
4.3083 1294 5511.5 126.06 1226.5 5560.9 115.23 1213.3 5638.5 108.55
4.3167 1290.2 5523.2 126.32 1223.1 5572.7 115.28 1210.4 5649.8 108.58
4.325 1286.2 5535 126.56 1219.7 5584.8 115.31 1207.4 5661.2 108.66
4.3333 1282 5546.9 126.76 1216.3 5597 115.3 1204.3 5672.8 108.78
4.3417 1277.6 5559 126.92 1212.9 5609.4 115.28 1201.2 5684.4 108.93
4.35 1273 5571.1 127.02 1209.5 5621.9 115.24 1197.9 5696.2 109.1
4.3583 1268.2 5583.4 127.07 1206 5634.5 115.19 1194.6 5708.2 109.29
4.3667 1263.4 5595.8 127.05 1202.6 5647.2 115.14 1191.3 5720.2 109.47
4.375 1258.4 5608.2 126.97 1199.1 5660 115.09 1187.9 5732.3 109.64
4.3833 1253.5 5620.6 126.83 1195.6 5672.8 115.04 1184.6 5744.5 109.78
4.3917 1248.6 5633.1 126.63 1192 5685.5 115.01 1181.2 5756.7 109.88
4.4 1243.8 5645.5 126.37 1188.4 5698.2 115 1177.9 5768.8 109.93
4.4083 1239.2 5657.8 126.08 1184.8 5710.8 115.02 1174.5 5781 109.93
4.4167 1234.7 5670.1 125.77 1181.1 5723.1 115.06 1171.2 5793 109.88
4.425 1230.4 5682.3 125.45 1177.3 5735.3 115.14 1167.9 5804.9 109.79
4.4333 1226.4 5694.4 125.13 1173.5 5747.2 115.26 1164.5 5816.7 109.68
4.4417 1222.4 5706.3 124.82 1169.6 5758.9 115.41 1161.1 5828.3 109.55
4.45 1218.7 5718.2 124.53 1165.7 5770.2 115.6 1157.7 5839.8 109.42
4.4583 1215 5729.9 124.27 1161.8 5781.3 115.83 1154.2 5851 109.3
4.4667 1211.3 5741.5 124.02 1157.8 5792.1 116.08 1150.5 5862.1 109.21
4.475 1207.7 5753 123.8 1153.8 5802.6 116.36 1146.7 5872.9 109.15
4.4833 1204 5764.5 123.59 1149.8 5812.9 116.66 1142.8 5883.6 109.14
4.4917 1200.2 5775.8 123.39 1145.9 5823 116.97 1138.8 5894.1 109.16
4.5 1196.4 5787 123.21 1141.9 5832.9 117.3 1134.6 5904.4 109.22
4.5083 1192.4 5798.2 123.03 1138 5842.6 117.63 1130.3 5914.6 109.31
4.5167 1188.4 5809.3 122.87 1134.1 5852.2 117.96 1125.9 5924.6 109.43
4.525 1184.3 5820.3 122.71 1130.2 5861.7 118.3 1121.4 5934.4 109.56
4.5333 1180.1 5831.2 122.57 1126.3 5871.1 118.63 1116.9 5944.1 109.7
4.5417 1175.9 5842 122.43 1122.4 5880.5 118.97 1112.2 5953.7 109.84
4.55 1171.7 5852.7 122.3 1118.5 5889.8 119.31 1107.6 5963.2 109.98
4.5583 1167.5 5863.3 122.19 1114.6 5899.1 119.65 1102.9 5972.6 110.1
4.5667 1163.3 5873.8 122.07 1110.6 5908.4 120 1098.2 5981.8 110.23
4.575 1159.2 5884.1 121.97 1106.6 5917.6 120.36 1093.5 5990.9 110.34
4.5833 1155 5894.2 121.87 1102.5 5926.9 120.72 1088.8 6000 110.46
4.5917 1150.8 5904.2 121.77 1098.3 5936.1 121.08 1084.2 6008.9 110.58
4.6 1146.6 5914 121.65 1094.1 5945.4 121.45 1079.5 6017.8 110.71
4.6083 1142.3 5923.7 121.53 1089.8 5954.7 121.82 1074.8 6026.5 110.85
4.6167 1137.9 5933.2 121.4 1085.4 5964 122.18 1070.1 6035.2 111
4.625 1133.5 5942.7 121.24 1081 5973.4 122.53 1065.4 6043.8 111.15
4.6333 1128.9 5952 121.07 1076.5 5982.8 122.86 1060.7 6052.4 111.31
4.6417 1124.2 5961.3 120.87 1072 5992.2 123.17 1056 6061 111.46
4.65 1119.5 5970.6 120.67 1067.3 6001.6 123.45 1051.3 6069.5 111.61
4.6583 1114.7 5979.9 120.45 1062.7 6011.1 123.71 1046.6 6078.1 111.74
