0.0083333 -19.867 0.26402 100.19 -43.639 115.99 90.509 -8.0041 283.9 83.382
0.016667 -19.191 7.7041 100.29 -42.756 124.05 90.518 -6.27 292.46 83.252
0.025 -18.512 15.389 100.4 -41.79 132.25 90.503 -4.5133 301.07 83.13
0.033333 -17.813 23.328 100.5 -40.734 140.6 90.457 -2.7349 309.74 83.016
0.041667 -17.082 31.528 100.58 -39.583 149.11 90.375 -0.93282 318.49 82.909
0.05 -16.317 39.994 100.65 -38.329 157.78 90.254 0.89423 327.34 82.809
0.058333 -15.526 48.728 100.7 -36.964 166.6 90.097 2.748 336.31 82.717
0.066667 -14.723 57.727 100.72 -35.49 175.57 89.904 4.6306 345.43 82.635
0.075 -13.931 66.983 100.72 -33.901 184.68 89.685 6.5436 354.69 82.566
0.083333 -13.177 76.481 100.71 -32.204 193.93 89.446 8.4882 364.12 82.511
0.091667 -12.486 86.204 100.67 -30.406 203.31 89.197 10.465 373.7 82.473
0.1 -11.874 96.125 100.62 -28.523 212.81 88.943 12.474 383.43 82.452
0.10833 -11.354 106.21 100.55 -26.575 222.41 88.692 14.515 393.26 82.446
0.11667 -10.922 116.44 100.45 -24.582 232.11 88.453 16.588 403.16 82.453
0.125 -10.565 126.78 100.34 -22.573 241.87 88.228 18.691 413.09 82.467
0.13333 -10.253 137.19 100.2 -20.576 251.7 88.02 20.82 423 82.479
0.14167 -9.946 147.64 100.04 -18.618 261.56 87.83 22.972 432.83 82.482
0.15 -9.5977 158.1 99.85 -16.727 271.44 87.657 25.14 442.54 82.464
0.15833 -9.1594 168.55 99.635 -14.925 281.3 87.502 27.312 452.09 82.417
0.16667 -8.5814 178.96 99.4 -13.229 291.13 87.364 29.476 461.45 82.335
0.175 -7.8305 189.31 99.143 -11.651 300.9 87.244 31.616 470.62 82.213
0.18333 -6.8883 199.59 98.869 -10.195 310.57 87.144 33.709 479.57 82.051
0.19167 -5.754 209.79 98.581 -8.859 320.13 87.066 35.733 488.34 81.852
0.2 -4.4527 219.9 98.282 -7.6346 329.55 87.014 37.663 496.93 81.623
0.20833 -3.025 229.93 97.975 -6.5085 338.81 86.992 39.474 505.39 81.375
0.21667 -1.5195 239.87 97.66 -5.464 347.9 87.001 41.143 513.74 81.121
0.225 0.015719 249.73 97.341 -4.4829 356.8 87.045 42.648 522.01 80.873
0.23333 1.5427 259.52 97.016 -3.5471 365.53 87.123 43.975 530.25 80.647
0.24167 3.0332 269.26 96.682 -2.6408 374.09 87.235 45.112 538.47 80.452
0.25 4.4751 278.97 96.337 -1.7506 382.49 87.377 46.058 546.7 80.298
0.25833 5.8667 288.64 95.978 -0.86742 390.76 87.543 46.815 554.95 80.189
0.26667 7.2146 298.3 95.601 0.013748 398.93 87.728 47.394 563.23 80.126
0.275 8.5308 307.93 95.203 0.89409 407.02 87.923 47.809 571.53 80.108
0.28333 9.8335 317.55 94.782 1.7712 415.07 88.123 48.079 579.85 80.127
0.29167 11.138 327.14 94.34 2.6396 423.1 88.321 48.226 588.18 80.178
0.3 12.463 336.7 93.878 3.493 431.13 88.511 48.273 596.5 80.25
0.30833 13.819 346.22 93.401 4.3247 439.19 88.69 48.238 604.81 80.335
0.31667 15.211 355.69 92.913 5.1282 447.31 88.855 48.14 613.09 80.426
0.325 16.636 365.11 92.422 5.9018 455.47 89.011 47.993 621.32 80.518
0.33333 18.083 374.49 91.935 6.642 463.7 89.153 47.809 629.51 80.607
0.34167 19.532 383.82 91.457 7.35 472 89.286 47.593 637.66 80.691
0.35 20.962 393.12 90.995 8.0296 480.36 89.413 47.351 645.74 80.772
0.35833 22.349 402.4 90.553 8.6848 488.8 89.533 47.086 653.78 80.85
0.36667 23.674 411.68 90.132 9.3217 497.31 89.65 46.798 661.77 80.926
0.375 24.921 420.97 89.734 9.9455 505.89 89.763 46.492 669.72 81.004
0.38333 26.084 430.28 89.358 10.561 514.55 89.871 46.169 677.62 81.085
0.39167 27.166 439.64 89.002 11.172 523.28 89.972 45.834 685.5 81.166
0.4 28.172 449.03 88.662 11.779 532.09 90.062 45.496 693.36 81.248
0.40833 29.117 458.47 88.336 12.385 541 90.14 45.16 701.21 81.327
0.41667 30.016 467.95 88.022 12.988 549.99 90.203 44.837 709.07 81.401
0.425 30.885 477.47 87.719 13.587 559.09 90.249 44.534 716.96 81.466
0.43333 31.738 487.01 87.425 14.181 568.3 90.277 44.259 724.89 81.52
0.44167 32.586 496.56 87.14 14.768 577.61 90.289 44.016 732.88 81.562
0.45 33.434 506.12 86.867 15.347 587.03 90.286 43.809 740.95 81.592
0.45833 34.279 515.68 86.606 15.918 596.56 90.273 43.638 749.11 81.61
0.46667 35.117 525.24 86.361 16.482 606.19 90.252 43.502 757.38 81.62
0.475 35.935 534.81 86.138 17.04 615.92 90.229 43.396 765.77 81.625
0.48333 36.721 544.39 85.941 17.592 625.74 90.206 43.318 774.29 81.629
0.49167 37.461 554 85.774 18.139 635.65 90.186 43.262 782.95 81.638
0.5 38.149 563.66 85.64 18.68 645.63 90.17 43.226 791.74 81.652
0.50833 38.779 573.4 85.54 19.215 655.69 90.158 43.209 800.68 81.676
0.51667 39.36 583.25 85.469 19.741 665.82 90.148 43.211 809.75 81.708
0.525 39.899 593.26 85.42 20.255 676.01 90.138 43.235 818.97 81.747
0.53333 40.421 603.48 85.382 20.753 686.25 90.124 43.283 828.32 81.792
0.54167 40.947 613.93 85.341 21.23 696.56 90.103 43.36 837.8 81.839
0.55 41.5 624.66 85.285 21.683 706.92 90.075 43.47 847.43 81.882
0.55833 42.09 635.65 85.209 22.107 717.34 90.037 43.615 857.19 81.92
0.56667 42.718 646.88 85.11 22.501 727.81 89.992 43.793 867.09 81.947
0.575 43.37 658.34 84.99 22.863 738.33 89.941 44.003 877.13 81.962
0.58333 44.027 669.97 84.852 23.193 748.9 89.889 44.238 887.3 81.964
0.59167 44.672 681.73 84.7 23.494 759.54 89.843 44.488 897.61 81.952
0.6 45.291 693.61 84.535 23.767 770.24 89.808 44.743 908.05 81.929
0.60833 45.871 705.58 84.361 24.015 781.01 89.791 44.992 918.62 81.896
0.61667 46.408 717.64 84.177 24.244 791.87 89.797 45.222 929.31 81.855
0.625 46.899 729.8 83.989 24.456 802.83 89.829 45.426 940.11 81.809
0.63333 47.346 742.07 83.8 24.654 813.89 89.889 45.594 951.01 81.76
0.64167 47.76 754.48 83.615 24.84 825.08 89.975 45.726 962 81.709
0.65 48.159 767.05 83.443 25.018 836.4 90.08 45.821 973.08 81.658
0.65833 48.568 779.8 83.289 25.195 847.85 90.198 45.884 984.23 81.606
0.66667 49.005 792.72 83.164 25.377 859.44 90.319 45.925 995.44 81.555
0.675 49.483 805.8 83.078 25.575 871.17 90.433 45.953 1006.7 81.504
0.68333 50.011 819.02 83.041 25.798 883.02 90.527 45.981 1018 81.454
0.69167 50.58 832.31 83.059 26.06 894.99 90.593 46.023 1029.4 81.407
0.7 51.181 845.65 83.14 26.379 907.04 90.621 46.091 1040.7 81.365
0.70833 51.793 858.95 83.277 26.773 919.16 90.607 46.198 1052.1 81.331
0.71667 52.397 872.16 83.466 27.262 931.32 90.545 46.356 1063.5 81.31
0.725 52.974 885.23 83.693 27.865 943.5 90.435 46.578 1074.9 81.303
0.73333 53.515 898.09 83.943 28.6 955.66 90.278 46.874 1086.3 81.316
0.74167 54.011 910.69 84.194 29.48 967.77 90.077 47.259 1097.6 81.348
0.75 54.469 923.01 84.427 30.517 979.82 89.835 47.748 1109 81.402
0.75833 54.895 935.02 84.623 31.712 991.76 89.558 48.361 1120.3 81.475
0.76667 55.304 946.7 84.765 33.065 1003.6 89.248 49.118 1131.5 81.563
0.775 55.711 958.08 84.844 34.566 1015.3 88.907 50.045 1142.7 81.662
0.78333 56.136 969.19 84.857 36.2 1026.9 88.539 51.17 1153.9 81.761
0.79167 56.601 980.09 84.81 37.95 1038.3 88.142 52.519 1165 81.853
0.8 57.134 990.81 84.709 39.795 1049.5 87.716 54.122 1176.1 81.928
0.80833 57.761 1001.4 84.566 41.715 1060.7 87.259 56.001 1187.2 81.975
0.81667 58.511 1011.9 84.392 43.69 1071.6 86.769 58.176 1198.2 81.986
0.825 59.405 1022.4 84.2 45.707 1082.5 86.244 60.659 1209.2 81.955
0.83333 60.464 1032.8 84.001 47.755 1093.3 85.683 63.456 1220.1 81.876
0.84167 61.702 1043.2 83.805 49.83 1104 85.086 66.562 1231 81.748
0.85 63.12 1053.6 83.623 51.932 1114.7 84.453 69.962 1241.8 81.571
0.85833 64.713 1063.9 83.46 54.069 1125.3 83.787 73.637 1252.5 81.348
0.86667 66.468 1074.1 83.319 56.248 1135.8 83.091 77.558 1263.1 81.084
0.875 68.364 1084.4 83.201 58.483 1146.4 82.37 81.694 1273.5 80.786
0.88333 70.379 1094.5 83.105 60.785 1157 81.629 86.012 1283.8 80.459
0.89167 72.498 1104.6 83.029 63.167 1167.6 80.873 90.477 1294 80.109
0.9 74.701 1114.6 82.969 65.637 1178.2 80.107 95.06 1304 79.745
0.90833 76.969 1124.6 82.921 68.202 1188.8 79.338 99.733 1313.9 79.369
0.91667 79.284 1134.5 82.882 70.864 1199.4 78.57 104.47 1323.6 78.987
0.925 81.631 1144.5 82.849 73.623 1210 77.809 109.27 1333.2 78.6
0.93333 83.998 1154.5 82.816 76.473 1220.7 77.059 114.1 1342.6 78.213
0.94167 86.375 1164.5 82.782 79.41 1231.3 76.326 118.97 1352 77.826
0.95 88.757 1174.5 82.743 82.426 1241.8 75.614 123.87 1361.4 77.439
0.95833 91.139 1184.6 82.696 85.515 1252.4 74.926 128.79 1370.7 77.055
0.96667 93.524 1194.8 82.642 88.673 1263 74.269 133.75 1380 76.674
0.975 95.916 1205 82.576 91.895 1273.5 73.645 138.73 1389.4 76.299
0.98333 98.326 1215.2 82.499 95.183 1284.1 73.06 143.75 1398.8 75.931
0.99167 100.76 1225.5 82.408 98.538 1294.6 72.515 148.79 1408.2 75.573
1 103.25 1235.9 82.3 101.97 1305.2 72.013 153.86 1417.6 75.228
1.0083 105.79 1246.3 82.172 105.47 1315.7 71.556 158.95 1427.1 74.9
1.0167 108.42 1256.7 82.022 109.06 1326.3 71.144 164.07 1436.7 74.589
1.025 111.15 1267.2 81.846 112.74 1337 70.774 169.21 1446.3 74.299
1.0333 113.99 1277.8 81.643 116.52 1347.7 70.443 174.37 1455.9 74.031
1.0417 116.99 1288.5 81.411 120.4 1358.4 70.148 179.56 1465.7 73.784
1.05 120.14 1299.2 81.153 124.38 1369.1 69.884 184.78 1475.4 73.557
1.0583 123.48 1310.1 80.877 128.48 1379.9 69.644 190.03 1485.2 73.349
1.0667 127.03 1321.1 80.591 132.7 1390.8 69.424 195.33 1495.1 73.157
1.075 130.8 1332.2 80.31 137.03 1401.7 69.218 200.67 1505 72.976
1.0833 134.79 1343.5 80.046 141.48 1412.6 69.024 206.07 1514.9 72.804
1.0917 138.99 1354.9 79.811 146.05 1423.5 68.838 211.53 1524.8 72.637
1.1 143.37 1366.4 79.614 150.75 1434.5 68.656 217.06 1534.8 72.473
1.1083 147.87 1378.1 79.455 155.57 1445.5 68.481 222.65 1544.8 72.308
1.1167 152.47 1389.8 79.336 160.53 1456.6 68.306 228.31 1554.7 72.144
1.125 157.12 1401.6 79.249 165.63 1467.6 68.136 234.03 1564.7 71.98
1.1333 161.83 1413.4 79.191 170.87 1478.8 67.969 239.83 1574.7 71.818
1.1417 166.58 1425.2 79.152 176.25 1489.9 67.804 245.69 1584.7 71.662
1.15 171.39 1437.1 79.125 181.78 1501.1 67.639 251.62 1594.7 71.517
1.1583 176.25 1449 79.101 187.46 1512.4 67.473 257.61 1604.8 71.386
1.1667 181.2 1461 79.071 193.28 1523.6 67.302 263.67 1614.9 71.273
1.175 186.22 1473.2 79.025 199.25 1534.9 67.124 269.8 1625 71.184
1.1833 191.36 1485.4 78.955 205.36 1546.2 66.937 275.99 1635.3 71.119
1.1917 196.6 1497.8 78.851 211.59 1557.5 66.738 282.26 1645.7 71.078
1.2 201.97 1510.3 78.706 217.93 1568.9 66.526 288.59 1656.2 71.06
1.2083 207.47 1523 78.511 224.35 1580.2 66.3 294.99 1666.8 71.059
1.2167 213.09 1535.8 78.263 230.83 1591.5 66.062 301.46 1677.5 71.07
1.225 218.81 1548.6 77.958 237.34 1602.8 65.814 307.97 1688.3 71.084
1.2333 224.61 1561.5 77.598 243.85 1614.1 65.56 314.53 1699.2 71.092
1.2417 230.49 1574.2 77.188 250.34 1625.4 65.306 321.11 1710 71.083
1.25 236.42 1586.8 76.733 256.75 1636.6 65.058 327.7 1720.9 71.049
1.2583 242.4 1599.3 76.243 263.07 1647.9 64.823 334.28 1731.7 70.983
1.2667 248.43 1611.5 75.728 269.27 1659 64.607 340.83 1742.3 70.879
1.275 254.49 1623.5 75.198 275.32 1670.2 64.414 347.32 1752.9 70.738
1.2833 260.56 1635.2 74.666 281.21 1681.3 64.25 353.74 1763.3 70.559
1.2917 266.62 1646.7 74.141 286.92 1692.3 64.117 360.06 1773.6 70.348
1.3 272.68 1658 73.63 292.45 1703.2 64.015 366.27 1783.8 70.112
1.3083 278.71 1669.1 73.136 297.8 1714.1 63.944 372.36 1793.9 69.861
1.3167 284.73 1680 72.659 302.98 1724.8 63.899 378.3 1803.8 69.606
1.325 290.74 1690.8 72.197 308 1735.4 63.877 384.1 1813.8 69.357
1.3333 296.75 1701.6 71.747 312.9 1745.9 63.873 389.76 1823.8 69.125
1.3417 302.73 1712.3 71.305 317.67 1756.2 63.88 395.26 1833.8 68.919
1.35 308.69 1722.9 70.871 322.36 1766.4 63.895 400.61 1843.8 68.745
1.3583 314.61 1733.6 70.438 326.98 1776.6 63.913 405.81 1854 68.607
1.3667 320.48 1744.3 70.005 331.57 1786.6 63.932 410.88 1864.2 68.505
1.375 326.28 1755 69.567 336.12 1796.6 63.953 415.8 1874.6 68.437
1.3833 332.01 1765.6 69.122 340.68 1806.6 63.975 420.6 1885 68.4
1.3917 337.66 1776.2 68.667 345.23 1816.5 64.001 425.28 1895.4 68.388
1.4 343.22 1786.8 68.202 349.81 1826.5 64.034 429.85 1905.9 68.395
1.4083 348.69 1797.3 67.727 354.4 1836.5 64.076 434.32 1916.4 68.414
1.4167 354.08 1807.7 67.244 359.01 1846.5 64.13 438.69 1926.9 68.44
1.425 359.4 1818.1 66.756 363.64 1856.7 64.197 442.99 1937.3 68.47
1.4333 364.67 1828.4 66.267 368.29 1866.8 64.275 447.21 1947.7 68.499
1.4417 369.9 1838.6 65.781 372.96 1877.1 64.364 451.36 1958 68.529
1.45 375.1 1848.7 65.303 377.65 1887.4 64.459 455.46 1968.2 68.559
1.4583 380.29 1858.9 64.835 382.35 1897.8 64.555 459.51 1978.4 68.592
1.4667 385.48 1869 64.378 387.07 1908.3 64.648 463.52 1988.5 68.629
1.475 390.67 1879.1 63.931 391.8 1918.8 64.732 467.49 1998.6 68.675
1.4833 395.86 1889.2 63.491 396.55 1929.4 64.801 471.43 2008.6 68.73
1.4917 401.05 1899.3 63.054 401.32 1940 64.852 475.34 2018.6 68.799
1.5 406.23 1909.5 62.615 406.11 1950.7 64.883 479.23 2028.7 68.88
1.5083 411.39 1919.7 62.174 410.92 1961.4 64.892 483.11 2038.7 68.975
1.5167 416.54 1930 61.73 415.76 1972.2 64.882 486.99 2048.8 69.082
1.525 421.66 1940.4 61.288 420.63 1983.1 64.852 490.87 2058.8 69.198
1.5333 426.75 1950.9 60.856 425.53 1994 64.808 494.76 2068.9 69.32
1.5417 431.82 1961.4 60.445 430.45 2005 64.752 498.68 2079.1 69.444
1.55 436.86 1972 60.069 435.41 2016.1 64.688 502.65 2089.3 69.567
1.5583 441.9 1982.6 59.741 440.4 2027.3 64.619 506.66 2099.5 69.683
1.5667 446.93 1993.3 59.468 445.41 2038.5 64.549 510.74 2109.9 69.791
1.575 451.99 2004.1 59.257 450.45 2049.8 64.479 514.88 2120.3 69.887
1.5833 457.07 2015 59.104 455.51 2061.2 64.412 519.1 2130.8 69.971
1.5917 462.2 2025.9 59.002 460.59 2072.5 64.35 523.41 2141.5 70.04
1.6 467.4 2037 58.938 465.69 2084 64.292 527.78 2152.3 70.097
1.6083 472.68 2048.3 58.899 470.79 2095.4 64.241 532.23 2163.2 70.143
1.6167 478.04 2059.7 58.871 475.9 2106.9 64.198 536.74 2174.3 70.18
1.625 483.46 2071.2 58.849 481.01 2118.3 64.165 541.3 2185.5 70.212
1.6333 488.93 2082.9 58.823 486.11 2129.9 64.143 545.91 2196.9 70.242
1.6417 494.41 2094.7 58.791 491.2 2141.4 64.135 550.53 2208.4 70.273
1.65 499.9 2106.6 58.749 496.27 2153 64.144 555.18 2220.1 70.308
1.6583 505.36 2118.6 58.69 501.32 2164.6 64.171 559.83 2231.9 70.348
1.6667 510.82 2130.6 58.612 506.35 2176.3 64.217 564.47 2243.9 70.396
1.675 516.29 2142.9 58.514 511.35 2188.1 64.283 569.11 2255.9 70.451
1.6833 521.78 2155.2 58.396 516.32 2199.9 64.367 573.74 2268.1 70.511
1.6917 527.32 2167.7 58.266 521.26 2211.9 64.468 578.36 2280.4 70.577
1.7 532.92 2180.4 58.132 526.19 2223.9 64.581 582.98 2292.8 70.645
1.7083 538.62 2193.2 58.003 531.1 2236 64.701 587.59 2305.3 70.714
1.7167 544.42 2206.2 57.896 536 2248.2 64.824 592.19 2317.9 70.782
1.725 550.32 2219.2 57.824 540.9 2260.5 64.942 596.79 2330.6 70.849
1.7333 556.28 2232.4 57.801 545.82 2272.9 65.052 601.39 2343.4 70.915
1.7417 562.29 2245.6 57.843 550.77 2285.3 65.147 605.98 2356.3 70.984
1.75 568.28 2258.8 57.956 555.77 2297.7 65.225 610.56 2369.3 71.057
1.7583 574.21 2272 58.144 560.83 2310.1 65.283 615.12 2382.3 71.14
1.7667 580.04 2285 58.402 565.96 2322.5 65.321 619.67 2395.3 71.238
1.775 585.74 2298 58.719 571.18 2334.9 65.338 624.2 2408.3 71.357
1.7833 591.28 2310.8 59.079 576.49 2347.2 65.336 628.71 2421.3 71.503
1.7917 596.66 2323.4 59.457 581.9 2359.3 65.317 633.21 2434.2 71.677
1.8 601.89 2335.9 59.829 587.39 2371.4 65.284 637.71 2447 71.884
1.8083 606.97 2348 60.169 592.97 2383.3 65.236 642.23 2459.7 72.12
1.8167 611.95 2360 60.461 598.62 2395 65.176 646.8 2472.2 72.383
1.825 616.85 2371.7 60.694 604.33 2406.5 65.104 651.44 2484.6 72.666
1.8333 621.72 2383.3 60.866 610.08 2417.9 65.018 656.2 2496.8 72.96
1.8417 626.59 2394.6 60.984 615.86 2429 64.918 661.1 2508.9 73.252
1.85 631.5 2405.8 61.056 621.64 2440 64.801 666.17 2520.9 73.531
1.8583 636.47 2416.8 61.099 627.42 2450.8 64.665 671.45 2532.7 73.783
1.8667 641.52 2427.7 61.13 633.19 2461.4 64.507 676.95 2544.4 73.997
1.875 646.65 2438.4 61.166 638.94 2472 64.326 682.69 2555.9 74.161
1.8833 651.87 2449 61.229 644.68 2482.4 64.12 688.68 2567.3 74.271
1.8917 657.18 2459.5 61.332 650.41 2492.7 63.891 694.9 2578.7 74.321
1.9 662.57 2470 61.49 656.14 2503 63.638 701.35 2589.9 74.314
1.9083 668.04 2480.3 61.709 662.11 2513.4 63.359 706.13 2600.5 75.528
1.9167 673.57 2490.5 61.991 667.88 2523.6 63.067 712.9 2611.5 75.437
1.925 679.16 2500.7 62.334 673.68 2533.9 62.762 719.79 2622.4 75.312
1.9333 684.8 2510.9 62.731 679.54 2544.1 62.447 726.79 2633.1 75.163
1.9417 690.48 2521 63.17 685.44 2554.3 62.127 733.84 2643.8 75
1.95 696.18 2531.2 63.64 691.41 2564.6 61.809 740.93 2654.3 74.833
1.9583 701.89 2541.3 64.125 697.43 2574.8 61.497 748.03 2664.7 74.669
1.9667 707.62 2551.4 64.612 703.5 2585.1 61.196 755.12 2675 74.514
1.975 713.33 2561.5 65.087 709.62 2595.4 60.912 762.22 2685.2 74.368
1.9833 719.04 2571.6 65.541 715.79 2605.8 60.649 769.3 2695.3 74.231
1.9917 724.74 2581.7 65.967 721.99 2616.1 60.411 776.39 2705.3 74.1
2 730.42 2591.8 66.362 728.22 2626.5 60.2 783.49 2715.3 73.971
2.0083 736.1 2601.8 66.725 734.48 2636.8 60.019 790.61 2725.1 73.84
2.0167 741.79 2611.8 67.06 740.77 2647.2 59.868 797.77 2735 73.701
2.025 747.5 2621.8 67.368 747.09 2657.7 59.748 804.97 2744.8 73.551
2.0333 753.24 2631.7 67.656 753.45 2668.2 59.655 812.22 2754.5 73.388
2.0417 759.05 2641.6 67.925 759.84 2678.7 59.589 819.53 2764.3 73.214
2.05 764.92 2651.6 68.179 766.29 2689.3 59.546 826.89 2774.2 73.031
2.0583 770.9 2661.6 68.414 772.8 2699.9 59.522 834.3 2784 72.845
2.0667 776.98 2671.6 68.628 779.36 2710.5 59.512 841.75 2794 72.661
2.075 783.19 2681.7 68.817 786 2721.3 59.513 849.23 2804 72.487
2.0833 789.54 2691.8 68.974 792.71 2732 59.519 856.73 2814.1 72.328
2.0917 796.03 2702 69.095 799.49 2742.8 59.527 864.25 2824.3 72.191
2.1 802.69 2712.3 69.18 806.36 2753.5 59.534 871.78 2834.6 72.081
2.1083 809.52 2722.7 69.23 813.3 2764.3 59.536 879.32 2845 71.998
2.1167 816.55 2733.1 69.251 820.32 2775.1 59.533 886.86 2855.5 71.944
2.125 823.76 2743.7 69.253 827.42 2785.9 59.524 894.41 2866 71.918
2.1333 831.14 2754.3 69.244 834.61 2796.6 59.508 901.96 2876.6 71.917
2.1417 838.65 2765.1 69.234 841.88 2807.4 59.486 909.53 2887.2 71.938
2.15 846.24 2776 69.23 849.25 2818.1 59.457 917.11 2897.9 71.98
2.1583 853.87 2786.9 69.235 856.72 2828.9 59.421 924.71 2908.5 72.038
2.1667 861.54 2798 69.247 864.3 2839.6 59.378 932.33 2919.1 72.112
2.175 869.23 2809 69.267 871.99 2850.4 59.325 939.98 2929.6 72.203
2.1833 876.95 2820.2 69.287 879.79 2861.1 59.262 947.66 2940.2 72.311
2.1917 884.73 2831.4 69.302 887.71 2871.9 59.185 955.36 2950.8 72.438
2.2 892.58 2842.7 69.305 895.74 2882.7 59.093 963.1 2961.3 72.585
2.2083 900.51 2854 69.291 903.87 2893.6 58.981 970.87 2971.9 72.755
2.2167 908.53 2865.5 69.253 912.11 2904.4 58.849 978.68 2982.6 72.945
2.225 916.62 2877.1 69.184 920.42 2915.3 58.695 986.53 2993.3 73.156
2.2333 924.79 2888.8 69.079 928.8 2926.2 58.52 994.43 3004.1 73.383
2.2417 933.01 2900.6 68.935 937.21 2937.1 58.328 1002.4 3014.9 73.619
2.25 941.26 2912.5 68.749 945.65 2948 58.116 1010.4 3025.8 73.856
2.2583 949.52 2924.5 68.518 954.07 2959 57.897 1018.4 3036.7 74.085
2.2667 957.76 2936.5 68.245 962.45 2969.9 57.673 1026.5 3047.7 74.296
2.275 965.95 2948.3 67.936 970.77 2981 57.449 1034.6 3058.6 74.481
2.2833 974.09 2960.1 67.597 978.98 2992 57.241 1042.6 3069.5 74.631
2.2917 982.17 2971.6 67.239 987.07 3003.1 57.053 1050.7 3080.3 74.742
2.3 990.2 2982.9 66.875 995.01 3014.2 56.894 1058.7 3091.1 74.811
2.3083 998.17 2994 66.517 1002.8 3025.3 56.771 1066.6 3101.8 74.841
2.3167 1006.1 3004.8 66.176 1010.3 3036.4 56.692 1074.4 3112.3 74.835
2.325 1014 3015.4 65.865 1017.7 3047.5 56.66 1082 3122.8 74.803
2.3333 1021.8 3025.8 65.588 1024.9 3058.6 56.68 1089.4 3133.3 74.754
2.3417 1029.6 3036 65.346 1031.8 3069.5 56.751 1096.6 3143.7 74.7
2.35 1037.3 3046.1 65.138 1038.5 3080.4 56.874 1103.6 3154.2 74.654
2.3583 1045 3056.1 64.957 1045 3091.2 57.046 1110.3 3164.7 74.629
2.3667 1052.7 3066.1 64.797 1051.3 3101.8 57.263 1116.8 3175.3 74.635
2.375 1060.3 3076 64.651 1057.5 3112.2 57.521 1123 3186.1 74.683
2.3833 1067.7 3086 64.514 1063.4 3122.5 57.815 1128.9 3197 74.778
2.3917 1075 3096 64.38 1069.3 3132.7 58.139 1134.7 3208.1 74.927
2.4 1082.2 3106 64.244 1075 3142.8 58.49 1140.2 3219.4 75.131
2.4083 1089.1 3116.1 64.104 1080.6 3152.8 58.865 1145.5 3230.8 75.391
2.4167 1095.8 3126.1 63.961 1086.2 3162.7 59.261 1150.6 3242.4 75.705
2.425 1102.3 3136.1 63.813 1091.7 3172.5 59.676 1155.4 3254.1 76.07
2.4333 1108.5 3146.1 63.664 1097.2 3182.4 60.109 1160.2 3265.8 76.484
2.4417 1114.5 3156.1 63.516 1102.6 3192.3 60.559 1164.7 3277.6 76.941
2.45 1120.4 3166.1 63.37 1108.1 3202.2 61.023 1169.1 3289.4 77.437
2.4583 1126.1 3176 63.23 1113.5 3212.2 61.5 1173.3 3301.1 77.967
2.4667 1131.7 3185.9 63.101 1118.9 3222.2 61.987 1177.3 3312.8 78.525
2.475 1137.2 3195.8 62.983 1124.2 3232.3 62.479 1181.3 3324.4 79.106
2.4833 1142.6 3205.6 62.878 1129.6 3242.4 62.973 1185.1 3335.9 79.704
2.4917 1148.1 3215.5 62.786 1134.9 3252.6 63.461 1188.8 3347.3 80.312
2.5 1153.5 3225.4 62.706 1140.2 3262.9 63.94 1192.4 3358.7 80.925
2.5083 1158.9 3235.3 62.635 1145.4 3273.2 64.402 1195.9 3369.9 81.537
2.5167 1164.3 3245.3 62.566 1150.6 3283.5 64.845 1199.4 3381.1 82.142
2.525 1169.8 3255.3 62.497 1155.8 3293.9 65.263 1202.9 3392.1 82.738
2.5333 1175.2 3265.4 62.42 1161 3304.2 65.654 1206.4 3403.2 83.32
2.5417 1180.7 3275.5 62.332 1166.1 3314.7 66.017 1209.8 3414.2 83.889
2.55 1186.2 3285.7 62.233 1171.1 3325.2 66.352 1213.3 3425.1 84.443
2.5583 1191.6 3296 62.124 1176.1 3335.7 66.659 1216.8 3436 84.984
2.5667 1197.1 3306.3 62.012 1181.1 3346.3 66.939 1220.3 3446.9 85.513
2.575 1202.5 3316.7 61.905 1186.1 3357 67.193 1223.9 3457.7 86.031
2.5833 1207.9 3327.1 61.815 1191 3367.8 67.423 1227.4 3468.5 86.541
2.5917 1213.3 3337.6 61.747 1195.8 3378.6 67.629 1231 3479.4 87.043
2.6 1218.6 3348.1 61.712 1200.6 3389.5 67.811 1234.6 3490.2 87.537
2.6083 1224 3358.8 61.711 1205.4 3400.5 67.97 1238.2 3501.1 88.022
2.6167 1229.3 3369.5 61.742 1210.1 3411.5 68.106 1241.8 3511.9 88.496
2.625 1234.5 3380.3 61.801 1214.8 3422.5 68.219 1245.5 3522.8 88.958
2.6333 1239.8 3391.3 61.877 1219.4 3433.6 68.311 1249.1 3533.8 89.406
2.6417 1245 3402.4 61.963 1223.9 3444.8 68.384 1252.7 3544.8 89.838
2.65 1250.1 3413.7 62.054 1228.4 3455.9 68.443 1256.3 3555.9 90.256
2.6583 1255.3 3425.1 62.147 1232.9 3467.2 68.491 1259.9 3567 90.662
2.6667 1260.4 3436.6 62.245 1237.3 3478.5 68.537 1263.4 3578.1 91.06
2.675 1265.4 3448.2 62.339 1241.7 3489.8 68.585 1266.8 3589.3 91.453
2.6833 1270.4 3459.8 62.425 1246 3501.3 68.643 1270.2 3600.5 91.849
2.6917 1275.3 3471.5 62.505 1250.3 3512.9 68.719 1273.4 3611.8 92.252
2.7 1280.2 3483.3 62.563 1254.5 3524.6 68.817 1276.6 3623.1 92.668
2.7083 1285 3495.3 62.598 1258.6 3536.4 68.941 1279.6 3634.4 93.098
2.7167 1289.9 3507.4 62.602 1262.7 3548.3 69.091 1282.6 3645.8 93.544
2.725 1294.8 3519.7 62.574 1266.6 3560.3 69.268 1285.4 3657.3 94.003
2.7333 1299.8 3532.3 62.515 1270.4 3572.3 69.466 1288.2 3668.9 94.471
2.7417 1304.9 3545.1 62.435 1274.2 3584.5 69.681 1290.8 3680.7 94.941
2.75 1310 3558.3 62.349 1277.9 3596.7 69.904 1293.4 3692.5 95.407
2.7583 1315.2 3571.7 62.275 1281.4 3608.9 70.13 1295.9 3704.5 95.86
2.7667 1320.5 3585.3 62.237 1284.9 3621.1 70.35 1298.4 3716.7 96.296
2.775 1325.7 3599 62.258 1288.4 3633.3 70.56 1300.8 3729 96.71
2.7833 1330.9 3612.9 62.354 1291.8 3645.5 70.755 1303.1 3741.4 97.103
2.7917 1336 3626.7 62.539 1295.1 3657.7 70.936 1305.4 3753.8 97.478
2.8 1341 3640.5 62.819 1298.5 3669.8 71.104 1307.6 3766.3 97.845
2.8083 1345.8 3654.1 63.191 1301.9 3681.9 71.263 1309.7 3778.8 98.212
2.8167 1350.4 3667.4 63.651 1305.4 3694 71.42 1311.7 3791.3 98.593
2.825 1354.8 3680.6 64.186 1308.9 3706 71.583 1313.7 3803.6 98.998
2.8333 1358.9 3693.4 64.777 1312.4 3718 71.759 1315.5 3815.8 99.439
2.8417 1362.9 3705.9 65.405 1316 3729.9 71.957 1317.3 3827.9 99.921
2.85 1366.6 3718.1 66.052 1319.7 3741.7 72.18 1319 3839.8 100.45
2.8583 1370.2 3730 66.706 1323.4 3753.5 72.434 1320.7 3851.6 101.02
2.8667 1373.6 3741.8 67.36 1327.1 3765.1 72.717 1322.4 3863.3 101.62
2.875 1376.9 3753.4 68.014 1330.9 3776.7 73.029 1324.1 3874.8 102.25
2.8833 1380.1 3764.9 68.669 1334.6 3788.1 73.364 1325.9 3886.3 102.9
2.8917 1383.1 3776.4 69.331 1338.2 3799.3 73.716 1327.7 3897.8 103.54
2.9 1386 3787.9 70.004 1341.8 3810.3 74.078 1329.7 3909.2 104.16
2.9083 1388.9 3799.5 70.698 1345.3 3821.2 74.444 1331.8 3920.6 104.74
2.9167 1391.7 3811.2 71.414 1348.7 3831.9 74.808 1334 3932.1 105.29
2.925 1394.4 3822.8 72.162 1352.1 3842.5 75.166 1336.3 3943.6 105.79
2.9333 1397.1 3834.5 72.947 1355.3 3852.9 75.514 1338.8 3955.1 106.25
2.9417 1399.7 3846.1 73.768 1358.5 3863.3 75.855 1341.4 3966.6 106.67
2.95 1402.4 3857.7 74.628 1361.5 3873.5 76.189 1344 3978 107.06
2.9583 1405.1 3869.1 75.524 1364.6 3883.8 76.523 1346.7 3989.4 107.43
2.9667 1407.8 3880.5 76.451 1367.5 3894 76.858 1349.4 4000.7 107.8
2.975 1410.5 3891.7 77.402 1370.5 3904.4 77.199 1352 4011.8 108.18
2.9833 1413.3 3902.7 78.369 1373.4 3914.8 77.553 1354.6 4022.8 108.58
2.9917 1416 3913.6 79.343 1376.4 3925.3 77.922 1357.2 4033.6 109
3 1418.8 3924.5 80.314 1379.3 3935.9 78.31 1359.7 4044.3 109.44
3.0083 1421.6 3935.2 81.276 1382.3 3946.6 78.718 1362.1 4054.8 109.91
3.0167 1424.3 3945.9 82.224 1385.2 3957.5 79.146 1364.5 4065.2 110.4
3.025 1427.1 3956.6 83.156 1388.2 3968.4 79.593 1366.9 4075.5 110.9
3.0333 1429.7 3967.2 84.071 1391.1 3979.5 80.055 1369.3 4085.7 111.41
3.0417 1432.4 3977.9 84.972 1394.1 3990.6 80.529 1371.7 4095.9 111.91
3.05 1434.9 3988.5 85.865 1397 4001.8 81.011 1374.1 4106 112.39
3.0583 1437.5 3999.2 86.753 1400 4013 81.497 1376.5 4116.2 112.87
3.0667 1440 4009.9 87.639 1402.8 4024.2 81.982 1379 4126.4 113.33
3.075 1442.5 4020.5 88.529 1405.7 4035.4 82.462 1381.5 4136.7 113.77
3.0833 1445.1 4031.3 89.419 1408.5 4046.6 82.934 1384 4147 114.21
3.0917 1447.6 4042 90.307 1411.3 4057.8 83.394 1386.5 4157.4 114.65
3.1 1450.3 4052.8 91.186 1414 4069 83.838 1389 4167.8 115.1
3.1083 1453 4063.7 92.046 1416.7 4080.2 84.264 1391.4 4178.3 115.56
3.1167 1455.7 4074.7 92.872 1419.4 4091.4 84.67 1393.7 4188.9 116.04
3.125 1458.6 4085.8 93.654 1422 4102.7 85.051 1395.9 4199.5 116.54
3.1333 1461.4 4097 94.375 1424.6 4113.9 85.408 1398 4210.1 117.06
3.1417 1464.4 4108.4 95.023 1427.2 4125.2 85.742 1400.1 4220.8 117.61
3.15 1467.3 4119.9 95.595 1429.8 4136.6 86.051 1402 4231.6 118.16
3.1583 1470.4 4131.6 96.085 1432.3 4148 86.341 1403.9 4242.4 118.72
3.1667 1473.5 4143.5 96.5 1434.9 4159.4 86.612 1405.8 4253.2 119.28
3.175 1476.6 4155.5 96.85 1437.4 4170.9 86.871 1407.6 4264.1 119.83
3.1833 1479.8 4167.7 97.155 1439.9 4182.4 87.119 1409.4 4275.1 120.37
3.1917 1483.1 4180 97.435 1442.4 4193.9 87.362 1411.2 4286.1 120.89
3.2 1486.3 4192.6 97.709 1444.9 4205.5 87.603 1413 4297.2 121.38
3.2083 1489.6 4205.3 97.992 1447.3 4217.1 87.843 1414.8 4308.3 121.86
3.2167 1492.7 4218.1 98.293 1449.8 4228.7 88.08 1416.6 4319.5 122.31
3.225 1495.9 4231.2 98.613 1452.2 4240.4 88.322 1418.4 4330.7 122.75
3.2333 1499 4244.3 98.947 1454.5 4252 88.56 1420.1 4342 123.17
3.2417 1502 4257.6 99.29 1456.9 4263.7 88.792 1421.8 4353.4 123.59
3.25 1505 4270.9 99.625 1459.2 4275.4 89.023 1423.3 4364.8 124.01
3.2583 1508 4284.4 99.945 1461.5 4287.1 89.243 1424.8 4376.2 124.42
3.2667 1510.9 4297.9 100.24 1463.8 4298.8 89.453 1426.1 4387.6 124.84
3.275 1513.7 4311.5 100.48 1466.1 4310.6 89.654 1427.3 4399.1 125.25
3.2833 1516.3 4325.1 100.68 1468.3 4322.3 89.845 1428.3 4410.6 125.66
3.2917 1518.9 4338.7 100.83 1470.5 4334.1 90.035 1429.3 4422.2 126.07
3.3 1521.3 4352.3 100.92 1472.6 4345.9 90.227 1430.1 4433.7 126.47
3.3083 1523.5 4365.7 100.97 1474.7 4357.7 90.431 1430.8 4445.3 126.86
3.3167 1525.7 4379 100.98 1476.6 4369.6 90.65 1431.4 4456.9 127.24
3.325 1527.6 4392 100.96 1478.4 4381.5 90.894 1431.9 4468.5 127.6
3.3333 1529.4 4404.8 100.93 1480.1 4393.4 91.173 1432.4 4480 127.94
3.3417 1531.1 4417.2 100.91 1481.6 4405.4 91.492 1432.8 4491.5 128.27
3.35 1532.7 4429.3 100.9 1482.9 4417.4 91.859 1433.1 4503 128.57
3.3583 1534.1 4441.1 100.93 1483.9 4429.5 92.275 1433.3 4514.4 128.85
3.3667 1535.4 4452.5 101 1484.8 4441.5 92.745 1433.5 4525.8 129.11
3.375 1536.6 4463.7 101.14 1485.3 4453.5 93.263 1433.5 4537.2 129.35
3.3833 1537.7 4474.6 101.33 1485.7 4465.5 93.83 1433.5 4548.5 129.59
3.3917 1538.8 4485.2 101.59 1485.8 4477.4 94.439 1433.2 4559.8 129.81
3.4 1539.8 4495.7 101.91 1485.7 4489.1 95.079 1432.8 4571.1 130.03
3.4083 1540.7 4506.1 102.28 1485.4 4500.8 95.76 1432.1 4582.4 130.25
3.4167 1541.6 4516.4 102.68 1484.9 4512.2 96.458 1431.1 4593.6 130.48
3.425 1542.3 4526.7 103.08 1484.3 4523.4 97.173 1429.9 4604.9 130.73
3.4333 1542.8 4536.8 103.48 1483.5 4534.4 97.903 1428.4 4616.1 131
3.4417 1542.9 4546.9 103.86 1482.7 4545.2 98.642 1426.5 4627.3 131.3
3.45 1542.7 4556.9 104.21 1481.7 4555.8 99.392 1424.3 4638.6 131.63
3.4583 1542.1 4566.7 104.55 1480.6 4566.2 100.15 1421.8 4649.8 131.99
3.4667 1541 4576.3 104.87 1479.3 4576.4 100.92 1418.9 4660.9 132.38
3.475 1539.6 4585.6 105.2 1478 4586.5 101.71 1415.8 4672 132.81
3.4833 1537.9 4594.8 105.55 1476.4 4596.5 102.52 1412.3 4683 133.26
3.4917 1535.9 4603.8 105.91 1474.8 4606.5 103.34 1408.7 4694 133.72
3.5 1533.7 4612.7 106.3 1472.9 4616.4 104.19 1404.8 4704.8 134.19
3.5083 1531.3 4621.4 106.72 1470.9 4626.3 105.07 1400.7 4715.5 134.66
3.5167 1528.8 4630.1 107.17 1468.7 4636.2 105.96 1396.4 4726.1 135.12
3.525 1526.2 4638.7 107.63 1466.3 4646.1 106.87 1392 4736.5 135.57
3.5333 1523.5 4647.3 108.1 1463.7 4656 107.8 1387.5 4746.7 135.99
3.5417 1520.9 4656 108.58 1461 4665.9 108.74 1382.8 4756.9 136.38
3.55 1518.4 4664.7 109.06 1458.1 4675.8 109.67 1378.1 4766.8 136.74
3.5583 1515.9 4673.6 109.51 1455.1 4685.7 110.59 1373.4 4776.6 137.09
3.5667 1513.6 4682.5 109.95 1451.9 4695.5 111.49 1368.6 4786.3 137.42
3.575 1511.3 4691.5 110.35 1448.7 4705.2 112.36 1363.7 4795.8 137.74
3.5833 1509 4700.6 110.72 1445.3 4714.9 113.19 1358.7 4805.2 138.07
3.5917 1506.7 4709.7 111.05 1441.8 4724.5 113.99 1353.7 4814.5 138.41
3.6 1504.4 4718.9 111.35 1438.2 4734.1 114.74 1348.7 4823.6 138.78
3.6083 1501.9 4728.2 111.64 1434.5 4743.6 115.44 1343.5 4832.7 139.17
3.6167 1499.3 4737.4 111.93 1430.7 4753.1 116.09 1338.3 4841.7 139.6
3.625 1496.6 4746.7 112.24 1426.7 4762.6 116.71 1333 4850.6 140.06
3.6333 1493.7 4755.9 112.58 1422.6 4772.1 117.29 1327.5 4859.5 140.54
3.6417 1490.7 4765.1 112.96 1418.3 4781.6 117.84 1322 4868.3 141.04
3.65 1487.6 4774.3 113.39 1413.9 4791.1 118.36 1316.4 4877.1 141.55
3.6583 1484.3 4783.6 113.87 1409.3 4800.6 118.88 1310.7 4885.8 142.05
3.6667 1480.8 4792.8 114.41 1404.5 4810 119.38 1304.8 4894.6 142.54
3.675 1477.2 4802.1 114.98 1399.6 4819.5 119.89 1298.9 4903.3 143
3.6833 1473.4 4811.5 115.58 1394.6 4828.9 120.4 1292.8 4911.9 143.44
3.6917 1469.5 4820.9 116.19 1389.4 4838.2 120.92 1286.6 4920.5 143.83
3.7 1465.3 4830.4 116.78 1384.1 4847.6 121.45 1280.3 4929.1 144.2
3.7083 1460.9 4840 117.36 1378.6 4856.8 121.99 1273.9 4937.7 144.54
3.7167 1456.3 4849.7 117.9 1372.9 4866 122.53 1267.3 4946.1 144.86
3.725 1451.4 4859.5 118.4 1367.1 4875.1 123.07 1260.5 4954.5 145.19
3.7333 1446.3 4869.3 118.86 1361.2 4884.1 123.62 1253.6 4962.9 145.52
3.7417 1441 4879.2 119.28 1355 4893 124.16 1246.4 4971.1 145.88
3.75 1435.3 4889.1 119.66 1348.7 4901.8 124.7 1239 4979.4 146.28
3.7583 1429.4 4899 120.02 1342.2 4910.6 125.24 1231.4 4987.5 146.74
3.7667 1423.2 4908.9 120.37 1335.5 4919.3 125.78 1223.5 4995.7 147.24
3.775 1416.8 4918.8 120.72 1328.6 4927.9 126.33 1215.3 5003.8 147.81
3.7833 1410.1 4928.7 121.09 1321.5 4936.5 126.88 1206.8 5012 148.43
3.7917 1403.3 4938.7 121.51 1314.2 4945.1 127.45 1198.1 5020.1 149.1
3.8 1396.2 4948.6 121.99 1306.7 4953.7 128.04 1189.1 5028.2 149.81
3.8083 1389 4958.4 122.54 1299.1 4962.3 128.66 1179.9 5036.3 150.55
3.8167 1381.7 4968.2 123.2 1291.3 4970.9 129.31 1170.4 5044.4 151.31
3.825 1374.1 4977.9 123.96 1283.4 4979.5 130 1160.7 5052.5 152.07
3.8333 1366.5 4987.4 124.83 1275.4 4988.1 130.74 1150.9 5060.5 152.84
3.8417 1358.7 4996.6 125.81 1267.3 4996.7 131.51 1141 5068.5 153.59
3.85 1350.9 5005.6 126.9 1259.2 5005.3 132.32 1131 5076.4 154.33
3.8583 1343 5014.3 128.05 1251.1 5013.9 133.17 1120.9 5084.2 155.06
3.8667 1335.1 5022.6 129.26 1243.1 5022.4 134.03 1110.8 5091.9 155.78
3.875 1327.3 5030.7 130.47 1235.1 5030.8 134.9 1100.8 5099.4 156.49
3.8833 1319.5 5038.5 131.67 1227.2 5039.1 135.78 1090.8 5106.8 157.2
3.8917 1311.9 5046.1 132.84 1219.5 5047.2 136.64 1080.9 5114.1 157.91
3.9 1304.4 5053.5 133.95 1211.8 5055.1 137.49 1071.1 5121.3 158.62
3.9083 1297 5060.7 135 1204.4 5062.9 138.32 1061.4 5128.4 159.33
3.9167 1289.7 5067.9 136 1197 5070.3 139.13 1051.9 5135.3 160.03
3.925 1282.4 5074.9 136.96 1189.8 5077.6 139.91 1042.6 5142.1 160.73
3.9333 1275.1 5081.9 137.9 1182.8 5084.6 140.68 1033.4 5148.8 161.42
3.9417 1267.9 5088.9 138.82 1175.8 5091.4 141.44 1024.5 5155.4 162.08
3.95 1260.6 5095.7 139.76 1168.9 5098.1 142.19 1015.6 5161.9 162.72
3.9583 1253.3 5102.5 140.73 1162.1 5104.5 142.95 1006.9 5168.2 163.32
3.9667 1246 5109.1 141.73 1155.3 5110.8 143.72 998.35 5174.5 163.88
3.975 1238.7 5115.7 142.78 1148.5 5116.9 144.5 989.88 5180.5 164.4
3.9833 1231.4 5122.2 143.89 1141.7 5123 145.3 981.48 5186.5 164.88
3.9917 1224.1 5128.6 145.05 1134.8 5129 146.12 973.14 5192.2 165.32
4 1216.9 5134.9 146.26 1127.8 5134.9 146.95 964.81 5197.8 165.72
4.0083 1209.7 5141.1 147.52 1120.8 5140.7 147.79 956.48 5203.2 166.1
4.0167 1202.5 5147.3 148.81 1113.6 5146.5 148.64 948.11 5208.5 166.46
4.025 1195.3 5153.5 150.13 1106.5 5152.2 149.49 939.69 5213.5 166.82
4.0333 1188.1 5159.6 151.47 1099.2 5157.9 150.33 931.2 5218.5 167.16
4.0417 1181 5165.8 152.81 1091.9 5163.5 151.18 922.62 5223.3 167.52
4.05 1173.8 5171.9 154.14 1084.5 5169.1 152.02 913.96 5228 167.88
4.0583 1166.6 5178 155.46 1077.2 5174.6 152.85 905.21 5232.6 168.25
4.0667 1159.3 5184.1 156.77 1069.7 5180 153.68 896.38 5237 168.63
4.075 1152.1 5190.2 158.06 1062.3 5185.3 154.52 887.47 5241.4 169.03
4.0833 1144.8 5196.2 159.32 1054.8 5190.6 155.36 878.5 5245.7 169.42
4.0917 1137.4 5202.2 160.55 1047.2 5195.8 156.2 869.47 5250 169.82
4.1 1130.1 5208.2 161.75 1039.7 5200.9 157.06 860.4 5254.2 170.22
4.1083 1122.8 5214.1 162.9 1032 5206 157.92 851.3 5258.3 170.61
4.1167 1115.4 5220 164.01 1024.3 5211 158.79 842.19 5262.3 170.99
4.125 1108.1 5225.8 165.07 1016.5 5216 159.65 833.05 5266.3 171.35
4.1333 1100.8 5231.6 166.06 1008.6 5220.9 160.5 823.91 5270.3 171.7
4.1417 1093.4 5237.4 167 1000.6 5225.8 161.33 814.75 5274.3 172.04
4.15 1086.1 5243.2 167.88 992.49 5230.7 162.13 805.59 5278.2 172.36
4.1583 1078.6 5249 168.7 984.26 5235.5 162.88 796.4 5282.1 172.67
4.1667 1071.2 5254.9 169.47 975.9 5240.3 163.6 787.2 5286.1 172.97
4.175 1063.6 5260.8 170.19 967.44 5245.1 164.26 777.96 5290 173.26
4.1833 1055.9 5266.9 170.87 958.86 5249.8 164.87 768.69 5294 173.54
4.1917 1048.1 5273 171.52 950.18 5254.6 165.42 759.37 5298.1 173.82
4.2 1040.1 5279.3 172.14 941.41 5259.3 165.93 750.01 5302.1 174.1
4.2083 1031.9 5285.5 172.73 932.56 5264.1 166.4 740.6 5306.2 174.37
4.2167 1023.5 5291.9 173.32 923.63 5268.9 166.84 731.14 5310.4 174.65
4.225 1015 5298.1 173.89 914.64 5273.7 167.26 721.63 5314.5 174.93
4.2333 1006.2 5304.4 174.47 905.6 5278.5 167.66 712.08 5318.8 175.2
4.2417 997.23 5310.5 175.04 896.51 5283.4 168.05 702.49 5323 175.47
4.25 988.06 5316.5 175.61 887.38 5288.3 168.43 692.86 5327.3 175.74
4.2583 978.7 5322.4 176.18 878.21 5293.2 168.82 683.2 5331.6 176.01
4.2667 969.17 5328 176.74 869 5298.1 169.2 673.51 5335.9 176.26
4.275 959.5 5333.5 177.27 859.75 5303.1 169.58 663.77 5340.3 176.51
4.2833 949.69 5338.8 177.77 850.43 5308.1 169.96 654 5344.8 176.75
4.2917 939.75 5344 178.24 841.04 5313.1 170.32 644.17 5349.3 176.97
4.3 929.66 5349.1 178.68 831.59 5318.2 170.68 634.28 5353.8 177.18
4.3083 919.4 5354 179.09 822.05 5323.3 171.02 624.31 5358.5 177.38
4.3167 908.96 5358.9 179.47 812.39 5328.4 171.33 614.26 5363.2 177.56
4.325 898.3 5363.8 179.84 802.63 5333.6 171.64 604.12 5367.9 177.74
4.3333 887.39 5368.6 180.19 792.74 5338.9 171.92 593.88 5372.7 177.91
4.3417 876.24 5373.4 180.53 782.73 5344.3 172.2 583.54 5377.4 178.09
4.35 864.82 5378.2 180.85 772.57 5349.7 172.46 573.12 5382.2 178.26
4.3583 853.17 5382.9 181.16 762.3 5355.1 172.73 562.62 5386.9 178.44
4.3667 841.31 5387.6 181.45 751.9 5360.6 172.99 552.08 5391.6 178.63
4.375 829.28 5392.2 181.7 741.38 5366.1 173.26 541.52 5396.2 178.82
4.3833 817.14 5396.7 181.9 730.75 5371.7 173.54 530.98 5400.7 179.03
4.3917 804.96 5401.1 182.05 720.02 5377.2 173.84 520.49 5405.1 179.24
4.4 792.81 5405.3 182.15 709.21 5382.6 174.16 510.1 5409.4 179.45
4.4083 780.75 5409.4 182.18 698.34 5387.9 174.51 499.83 5413.6 179.66
4.4167 768.86 5413.4 182.16 687.41 5393.1 174.87 489.71 5417.7 179.85
4.425 757.18 5417.2 182.1 676.45 5398.2 175.27 479.76 5421.7 180.03
4.4333 745.76 5421 182.03 665.48 5403 175.7 469.99 5425.6 180.17
4.4417 734.63 5424.7 181.95 654.52 5407.6 176.16 460.38 5429.4 180.28
4.45 723.78 5428.6 181.88 643.6 5412 176.65 450.92 5433.1 180.35
4.4583 713.2 5432.5 181.84 632.73 5416.2 177.18 441.6 5436.7 180.37
4.4667 702.86 5436.5 181.83 621.94 5420.2 177.74 432.37 5440.3 180.36
4.475 692.71 5440.6 181.88 611.26 5424 178.34 423.2 5443.7 180.32
4.4833 682.72 5444.8 181.96 600.71 5427.5 178.96 414.06 5447 180.25
4.4917 672.83 5449 182.08 590.65 5430.6 179.61 403.55 5452 178.92
4.5 662.98 5453.2 182.24 580.39 5433.9 180.28 394.38 5454.9 178.88
4.5083 653.11 5457.5 182.4 570.31 5437 180.96 385.16 5457.5 178.84
4.5167 643.16 5461.8 182.56 560.38 5440 181.64 375.88 5460 178.81
4.525 633.12 5466 182.7 550.62 5442.9 182.31 366.53 5462.3 178.8
4.5333 622.99 5470.1 182.8 541.01 5445.7 182.97 357.13 5464.4 178.81
4.5417 612.77 5473.9 182.87 531.52 5448.4 183.61 347.69 5466.3 178.84
4.55 602.5 5477.6 182.89 522.14 5451.1 184.22 338.22 5468 178.9
4.5583 592.21 5481 182.87 512.83 5453.7 184.81 328.77 5469.5 178.98
4.5667 581.95 5484 182.82 503.56 5456.2 185.37 319.34 5470.9 179.08
4.575 571.75 5486.9 182.75 494.31 5458.6 185.91 309.97 5472.2 179.2
4.5833 561.65 5489.5 182.67 485.05 5461 186.42 300.67 5473.4 179.32
4.5917 551.65 5491.9 182.6 475.74 5463.3 186.92 291.46 5474.5 179.46
4.6 541.76 5494.3 182.54 466.38 5465.5 187.39 282.35 5475.6 179.6
4.6083 531.96 5496.5 182.51 456.96 5467.7 187.86 273.33 5476.6 179.74
4.6167 522.2 5498.6 182.48 447.47 5469.7 188.31 264.4 5477.6 179.88
4.625 512.46 5500.7 182.47 437.92 5471.8 188.74 255.54 5478.6 180.03
4.6333 502.71 5502.6 182.47 428.3 5473.7 189.15 246.75 5479.6 180.17
4.6417 492.91 5504.6 182.47 418.62 5475.6 189.53 238 5480.6 180.31
4.65 483.03 5506.5 182.45 408.89 5477.5 189.88 229.27 5481.5 180.46
4.6583 473.07 5508.3 182.41 399.12 5479.2 190.2 220.54 5482.5 180.6
4.6667 463 5510.1 182.35 389.31 5480.9 190.46 211.78 5483.5 180.73
4.675 452.83 5511.8 182.26 379.46 5482.5 190.67 203 5484.4 180.86
4.6833 442.57 5513.5 182.14 369.57 5484.1 190.83 194.15 5485.4 180.98
4.6917 432.21 5515.2 182.01 359.62 5485.6 190.94 185.25 5486.4 181.09
4.7 421.77 5516.8 181.85 349.62 5487 190.99 176.27 5487.4 181.18
4.7083 411.25 5518.4 181.68 339.54 5488.3 191 167.21 5488.5 181.26
4.7167 400.65 5520 181.52 329.38 5489.6 190.98 158.06 5489.5 181.32
4.725 389.97 5521.6 181.35 319.14 5490.8 190.92 148.83 5490.5 181.36
4.7333 379.2 5523.1 181.2 308.8 5492 190.84 139.51 5491.6 181.4
4.7417 368.34 5524.5 181.06 298.38 5493.1 190.75 130.1 5492.6 181.44
4.75 357.39 5526 180.94 287.89 5494.1 190.65 120.6 5493.5 181.47
4.7583 346.35 5527.3 180.84 277.32 5495.1 190.54 111.02 5494.5 181.5
