0.0083333 -49.247 5.191 98.699 -76.399 114.14 85.881 -48.478 303.6 83.498
0.016667 -48.682 11.902 98.778 -75.552 122.18 85.918 -47.272 312.12 83.481
0.025 -48.112 18.788 98.864 -74.651 130.37 85.967 -46.032 320.68 83.473
0.033333 -47.538 25.876 98.959 -73.7 138.74 86.025 -44.754 329.29 83.472
0.041667 -46.952 33.191 99.067 -72.7 147.29 86.087 -43.436 337.94 83.476
0.05 -46.348 40.759 99.188 -71.652 156.02 86.147 -42.076 346.64 83.483
0.058333 -45.722 48.602 99.322 -70.553 164.93 86.198 -40.671 355.4 83.493
0.066667 -45.068 56.738 99.468 -69.398 174.02 86.237 -39.22 364.23 83.506
0.075 -44.384 65.173 99.622 -68.179 183.28 86.256 -37.725 373.17 83.525
0.083333 -43.675 73.907 99.778 -66.889 192.7 86.255 -36.187 382.24 83.552
0.091667 -42.948 82.931 99.93 -65.518 202.3 86.23 -34.609 391.47 83.592
0.1 -42.217 92.227 100.07 -64.056 212.06 86.182 -32.997 400.88 83.647
0.10833 -41.497 101.77 100.19 -62.498 221.99 86.112 -31.356 410.49 83.724
0.11667 -40.808 111.53 100.29 -60.839 232.09 86.025 -29.692 420.31 83.824
0.125 -40.164 121.48 100.35 -59.081 242.35 85.921 -28.014 430.33 83.95
0.13333 -39.578 131.59 100.38 -57.231 252.79 85.806 -26.326 440.52 84.1
0.14167 -39.056 141.84 100.37 -55.302 263.4 85.684 -24.634 450.87 84.272
0.15 -38.587 152.21 100.32 -53.315 274.17 85.554 -22.947 461.33 84.46
0.15833 -38.16 162.69 100.24 -51.292 285.08 85.422 -21.269 471.84 84.658
0.16667 -37.748 173.26 100.13 -49.265 296.12 85.289 -19.607 482.36 84.855
0.175 -37.318 183.91 100 -47.264 307.24 85.157 -17.97 492.83 85.043
0.18333 -36.833 194.63 99.856 -45.324 318.42 85.029 -16.368 503.2 85.212
0.19167 -36.256 205.41 99.7 -43.475 329.61 84.907 -14.812 513.42 85.356
0.2 -35.559 216.21 99.538 -41.747 340.76 84.796 -13.316 523.47 85.468
0.20833 -34.718 227.03 99.373 -40.165 351.83 84.7 -11.896 533.33 85.546
0.21667 -33.726 237.83 99.207 -38.747 362.78 84.625 -10.57 542.97 85.589
0.225 -32.592 248.58 99.037 -37.505 373.57 84.577 -9.3567 552.42 85.6
0.23333 -31.336 259.27 98.861 -36.445 384.17 84.561 -8.2749 561.67 85.585
0.24167 -29.996 269.87 98.677 -35.563 394.58 84.582 -7.3428 570.75 85.55
0.25 -28.611 280.36 98.478 -34.854 404.78 84.643 -6.5764 579.68 85.504
0.25833 -27.224 290.73 98.263 -34.304 414.78 84.748 -5.9889 588.49 85.456
0.26667 -25.869 300.98 98.025 -33.898 424.6 84.894 -5.5896 597.21 85.413
0.275 -24.576 311.12 97.764 -33.619 434.26 85.079 -5.3853 605.85 85.383
0.28333 -23.371 321.16 97.48 -33.449 443.78 85.299 -5.3766 614.44 85.37
0.29167 -22.271 331.12 97.174 -33.372 453.19 85.549 -5.5608 622.99 85.377
0.3 -21.287 341.01 96.851 -33.374 462.51 85.822 -5.9319 631.52 85.406
0.30833 -20.422 350.85 96.518 -33.443 471.77 86.111 -6.4802 640.03 85.455
0.31667 -19.666 360.67 96.188 -33.572 480.97 86.414 -7.1948 648.53 85.521
0.325 -19.004 370.48 95.868 -33.754 490.13 86.724 -8.0614 657.02 85.602
0.33333 -18.42 380.29 95.568 -33.985 499.24 87.042 -9.068 665.51 85.694
0.34167 -17.897 390.12 95.294 -34.264 508.33 87.364 -10.2 674 85.793
0.35 -17.419 399.97 95.052 -34.589 517.39 87.692 -11.447 682.48 85.898
0.35833 -16.977 409.84 94.842 -34.959 526.43 88.028 -12.794 690.96 86.005
0.36667 -16.564 419.72 94.662 -35.374 535.44 88.375 -14.233 699.42 86.115
0.375 -16.177 429.61 94.508 -35.831 544.44 88.734 -15.753 707.88 86.226
0.38333 -15.819 439.51 94.37 -36.331 553.43 89.107 -17.344 716.33 86.339
0.39167 -15.497 449.41 94.242 -36.872 562.43 89.493 -18.997 724.75 86.454
0.4 -15.212 459.32 94.114 -37.453 571.45 89.891 -20.703 733.14 86.573
0.40833 -14.973 469.22 93.98 -38.074 580.5 90.295 -22.451 741.5 86.694
0.41667 -14.78 479.14 93.836 -38.734 589.58 90.702 -24.233 749.82 86.82
0.425 -14.632 489.07 93.681 -39.432 598.71 91.106 -26.04 758.09 86.948
0.43333 -14.524 499.02 93.516 -40.168 607.89 91.501 -27.862 766.31 87.08
0.44167 -14.448 509 93.346 -40.942 617.13 91.881 -29.692 774.49 87.214
0.45 -14.395 519.01 93.175 -41.751 626.42 92.243 -31.523 782.62 87.351
0.45833 -14.357 529.06 93.01 -42.594 635.76 92.584 -33.352 790.73 87.49
0.46667 -14.325 539.15 92.856 -43.47 645.15 92.903 -35.174 798.83 87.631
0.475 -14.299 549.26 92.716 -44.374 654.56 93.201 -36.99 806.92 87.775
0.48333 -14.283 559.41 92.594 -45.304 664.01 93.482 -38.801 815.04 87.923
0.49167 -14.285 569.6 92.489 -46.255 673.47 93.748 -40.612 823.2 88.077
0.5 -14.319 579.81 92.402 -47.224 682.96 94.005 -42.427 831.41 88.236
0.50833 -14.407 590.06 92.333 -48.21 692.46 94.256 -44.25 839.7 88.401
0.51667 -14.569 600.35 92.281 -49.211 701.97 94.504 -46.089 848.07 88.573
0.525 -14.826 610.68 92.247 -50.229 711.5 94.75 -47.949 856.54 88.75
0.53333 -15.194 621.08 92.232 -51.267 721.06 94.994 -49.834 865.1 88.932
0.54167 -15.689 631.56 92.238 -52.329 730.65 95.234 -51.748 873.74 89.115
0.55 -16.311 642.14 92.267 -53.422 740.29 95.465 -53.693 882.48 89.296
0.55833 -17.06 652.85 92.32 -54.556 749.97 95.685 -55.67 891.29 89.474
0.56667 -17.922 663.71 92.394 -55.736 759.71 95.888 -57.68 900.17 89.644
0.575 -18.876 674.75 92.487 -56.973 769.51 96.07 -59.722 909.12 89.805
0.58333 -19.896 685.99 92.592 -58.273 779.39 96.23 -61.795 918.13 89.953
0.59167 -20.949 697.44 92.703 -59.643 789.35 96.366 -63.899 927.19 90.087
0.6 -22.012 709.08 92.813 -61.085 799.4 96.48 -66.035 936.31 90.208
0.60833 -23.071 720.9 92.917 -62.603 809.54 96.576 -68.203 945.49 90.316
0.61667 -24.119 732.86 93.01 -64.195 819.79 96.658 -70.406 954.76 90.412
0.625 -25.163 744.92 93.085 -65.862 830.14 96.734 -72.647 964.11 90.497
0.63333 -26.221 757.06 93.137 -67.599 840.63 96.812 -74.93 973.57 90.573
0.64167 -27.313 769.26 93.156 -69.406 851.24 96.898 -77.256 983.15 90.641
0.65 -28.464 781.51 93.137 -71.278 861.99 96.999 -79.631 992.88 90.701
0.65833 -29.697 793.82 93.074 -73.216 872.89 97.118 -82.055 1002.8 90.754
0.66667 -31.029 806.24 92.964 -75.221 883.94 97.256 -84.529 1012.8 90.799
0.675 -32.473 818.77 92.809 -77.293 895.15 97.414 -87.05 1023 90.834
0.68333 -34.035 831.48 92.614 -79.434 906.53 97.589 -89.614 1033.4 90.858
0.69167 -35.709 844.39 92.388 -81.65 918.06 97.771 -92.213 1044 90.868
0.7 -37.49 857.53 92.147 -83.938 929.74 97.955 -94.84 1054.7 90.863
0.70833 -39.367 870.91 91.912 -86.299 941.56 98.128 -97.483 1065.6 90.842
0.71667 -41.342 884.51 91.704 -88.723 953.51 98.287 -100.13 1076.6 90.804
0.725 -43.4 898.32 91.55 -91.207 965.57 98.417 -102.76 1087.7 90.751
0.73333 -45.546 912.26 91.467 -93.73 977.73 98.516 -105.37 1098.8 90.685
0.74167 -47.775 926.31 91.473 -96.275 989.97 98.573 -107.95 1110 90.609
0.75 -50.086 940.37 91.578 -98.819 1002.3 98.586 -110.48 1121.2 90.529
0.75833 -52.477 954.37 91.781 -101.33 1014.6 98.553 -112.95 1132.5 90.447
0.76667 -54.939 968.25 92.075 -103.79 1027 98.475 -115.35 1143.6 90.371
0.775 -57.464 981.93 92.445 -106.15 1039.4 98.354 -117.69 1154.8 90.303
0.78333 -60.031 995.36 92.869 -108.4 1051.7 98.193 -119.95 1165.9 90.249
0.79167 -62.619 1008.5 93.322 -110.5 1064.1 97.996 -122.13 1177 90.211
0.8 -65.2 1021.3 93.779 -112.45 1076.4 97.767 -124.23 1188 90.19
0.80833 -67.748 1033.8 94.218 -114.23 1088.7 97.511 -126.24 1199 90.186
0.81667 -70.239 1045.9 94.624 -115.85 1100.9 97.231 -128.16 1210.1 90.197
0.825 -72.655 1057.8 94.986 -117.29 1113 96.93 -129.98 1221.1 90.219
0.83333 -74.987 1069.5 95.299 -118.59 1125 96.61 -131.69 1232.2 90.248
0.84167 -77.225 1081 95.562 -119.76 1136.9 96.272 -133.29 1243.3 90.279
0.85 -79.361 1092.4 95.772 -120.81 1148.6 95.915 -134.75 1254.5 90.305
0.85833 -81.39 1103.7 95.931 -121.79 1160.2 95.54 -136.06 1265.7 90.322
0.86667 -83.308 1115 96.045 -122.7 1171.7 95.148 -137.22 1277 90.323
0.875 -85.11 1126.2 96.121 -123.57 1183 94.737 -138.22 1288.4 90.306
0.88333 -86.792 1137.5 96.168 -124.41 1194.2 94.309 -139.04 1299.8 90.266
0.89167 -88.348 1148.7 96.198 -125.24 1205.3 93.867 -139.68 1311.2 90.204
0.9 -89.774 1159.9 96.223 -126.06 1216.3 93.413 -140.14 1322.7 90.116
0.90833 -91.074 1171 96.253 -126.86 1227.3 92.951 -140.44 1334.1 90.005
0.91667 -92.239 1182.1 96.3 -127.65 1238.2 92.483 -140.56 1345.4 89.872
0.925 -93.284 1193.2 96.37 -128.41 1249.1 92.016 -140.53 1356.7 89.718
0.93333 -94.216 1204.2 96.473 -129.14 1260 91.551 -140.36 1367.9 89.546
0.94167 -95.051 1215.1 96.611 -129.82 1271 91.094 -140.07 1378.9 89.356
0.95 -95.812 1226 96.785 -130.46 1282 90.649 -139.67 1389.9 89.151
0.95833 -96.52 1236.8 96.993 -131.04 1293 90.217 -139.19 1400.6 88.932
0.96667 -97.202 1247.6 97.234 -131.56 1304.1 89.802 -138.63 1411.3 88.7
0.975 -97.877 1258.4 97.498 -132.04 1315.2 89.406 -138.01 1421.8 88.454
0.98333 -98.57 1269.2 97.782 -132.47 1326.4 89.03 -137.35 1432.2 88.196
0.99167 -99.29 1280 98.076 -132.87 1337.6 88.677 -136.64 1442.5 87.925
1 -100.05 1290.7 98.376 -133.25 1348.8 88.347 -135.9 1452.7 87.642
1.0083 -100.84 1301.5 98.675 -133.61 1360.1 88.042 -135.13 1462.9 87.346
1.0167 -101.67 1312.3 98.972 -133.97 1371.4 87.764 -134.34 1473 87.038
1.025 -102.51 1323 99.265 -134.31 1382.8 87.516 -133.54 1483.1 86.722
1.0333 -103.35 1333.8 99.554 -134.65 1394.2 87.297 -132.72 1493.2 86.4
1.0417 -104.17 1344.7 99.84 -134.98 1405.6 87.111 -131.89 1503.3 86.074
1.05 -104.95 1355.6 100.12 -135.28 1417.1 86.957 -131.06 1513.4 85.748
1.0583 -105.67 1366.5 100.4 -135.57 1428.7 86.836 -130.24 1523.6 85.427
1.0667 -106.3 1377.5 100.68 -135.82 1440.4 86.747 -129.43 1533.9 85.114
1.075 -106.84 1388.6 100.95 -136.04 1452.1 86.689 -128.63 1544.2 84.811
1.0833 -107.27 1399.8 101.21 -136.21 1463.8 86.66 -127.85 1554.6 84.522
1.0917 -107.59 1411.2 101.45 -136.35 1475.7 86.658 -127.08 1565 84.247
1.1 -107.8 1422.6 101.67 -136.44 1487.5 86.681 -126.32 1575.6 83.987
1.1083 -107.9 1434.2 101.87 -136.49 1499.4 86.724 -125.56 1586.3 83.74
1.1167 -107.88 1446 102.04 -136.51 1511.3 86.785 -124.8 1597 83.506
1.125 -107.76 1457.9 102.18 -136.49 1523.2 86.861 -124.02 1607.9 83.281
1.1333 -107.55 1470 102.29 -136.43 1535.2 86.947 -123.22 1618.8 83.064
1.1417 -107.27 1482.2 102.39 -136.33 1547.2 87.041 -122.38 1629.9 82.853
1.15 -106.97 1494.6 102.46 -136.2 1559.2 87.138 -121.51 1641 82.646
1.1583 -106.69 1507 102.51 -136 1571.2 87.236 -120.59 1652.2 82.444
1.1667 -106.44 1519.6 102.55 -135.75 1583.4 87.329 -119.63 1663.5 82.25
1.175 -106.24 1532.2 102.57 -135.41 1595.6 87.415 -118.65 1674.9 82.066
1.1833 -106.1 1544.8 102.59 -134.99 1607.8 87.488 -117.64 1686.3 81.897
1.1917 -105.99 1557.5 102.61 -134.46 1620.3 87.546 -116.63 1697.9 81.748
1.2 -105.91 1570.3 102.62 -133.82 1632.8 87.584 -115.61 1709.5 81.625
1.2083 -105.83 1583.1 102.65 -133.05 1645.5 87.6 -114.61 1721.2 81.531
1.2167 -105.73 1596.2 102.68 -132.17 1658.3 87.592 -113.63 1732.9 81.47
1.225 -105.61 1609.4 102.71 -131.16 1671.2 87.559 -112.67 1744.8 81.442
1.2333 -105.44 1622.8 102.75 -130.03 1684.2 87.503 -111.74 1756.9 81.446
1.2417 -105.24 1636.5 102.79 -128.81 1697.4 87.425 -110.81 1769 81.475
1.25 -104.99 1650.4 102.82 -127.5 1710.6 87.329 -109.89 1781.3 81.523
1.2583 -104.71 1664.5 102.84 -126.13 1724 87.219 -108.96 1793.7 81.579
1.2667 -104.41 1678.8 102.82 -124.73 1737.3 87.102 -107.99 1806.3 81.632
1.275 -104.1 1693.3 102.76 -123.32 1750.7 86.981 -106.99 1819 81.671
1.2833 -103.78 1707.8 102.65 -121.94 1764.2 86.865 -105.93 1831.8 81.683
1.2917 -103.47 1722.4 102.49 -120.6 1777.6 86.757 -104.82 1844.7 81.66
1.3 -103.14 1736.8 102.29 -119.34 1791 86.664 -103.65 1857.6 81.597
1.3083 -102.78 1751.2 102.03 -118.17 1804.4 86.59 -102.43 1870.6 81.49
1.3167 -102.35 1765.4 101.74 -117.11 1817.7 86.539 -101.19 1883.6 81.342
1.325 -101.84 1779.4 101.43 -116.18 1831 86.514 -99.955 1896.5 81.157
1.3333 -101.23 1793.2 101.1 -115.38 1844.1 86.518 -98.746 1909.4 80.944
1.3417 -100.53 1806.8 100.77 -114.72 1857.2 86.552 -97.598 1922.3 80.714
1.35 -99.748 1820.1 100.45 -114.18 1870.1 86.616 -96.544 1935 80.476
1.3583 -98.917 1833.3 100.14 -113.78 1882.9 86.711 -95.612 1947.7 80.242
1.3667 -98.054 1846.3 99.849 -113.49 1895.5 86.835 -94.825 1960.3 80.021
1.375 -97.173 1859.2 99.578 -113.3 1907.9 86.987 -94.201 1972.8 79.819
1.3833 -96.286 1872 99.32 -113.2 1920.2 87.164 -93.748 1985.3 79.64
1.3917 -95.406 1884.8 99.071 -113.17 1932.3 87.364 -93.466 1997.8 79.486
1.4 -94.546 1897.5 98.824 -113.2 1944.2 87.583 -93.349 2010.2 79.354
1.4083 -93.718 1910.2 98.575 -113.28 1956 87.819 -93.385 2022.6 79.241
1.4167 -92.932 1922.9 98.319 -113.39 1967.7 88.069 -93.556 2035 79.14
1.425 -92.194 1935.5 98.052 -113.52 1979.4 88.33 -93.846 2047.4 79.046
1.4333 -91.509 1948 97.77 -113.68 1990.9 88.6 -94.236 2059.9 78.954
1.4417 -90.879 1960.5 97.478 -113.85 2002.5 88.88 -94.708 2072.3 78.858
1.45 -90.31 1973 97.173 -114.04 2014 89.165 -95.251 2084.8 78.756
1.4583 -89.805 1985.3 96.858 -114.25 2025.6 89.454 -95.855 2097.3 78.647
1.4667 -89.367 1997.5 96.54 -114.48 2037.1 89.744 -96.512 2109.7 78.531
1.475 -88.998 2009.7 96.222 -114.75 2048.8 90.035 -97.22 2122.2 78.41
1.4833 -88.699 2021.8 95.909 -115.04 2060.4 90.323 -97.977 2134.5 78.286
1.4917 -88.468 2033.8 95.606 -115.37 2072.1 90.607 -98.785 2146.9 78.16
1.5 -88.301 2045.7 95.316 -115.74 2083.8 90.883 -99.642 2159.1 78.034
1.5083 -88.192 2057.6 95.038 -116.13 2095.6 91.149 -100.55 2171.3 77.907
1.5167 -88.135 2069.5 94.771 -116.56 2107.4 91.403 -101.51 2183.4 77.778
1.525 -88.12 2081.3 94.511 -117 2119.3 91.641 -102.51 2195.4 77.644
1.5333 -88.139 2093.1 94.251 -117.46 2131.2 91.861 -103.55 2207.3 77.501
1.5417 -88.184 2105 93.987 -117.93 2143.1 92.062 -104.63 2219.2 77.344
1.55 -88.249 2116.8 93.71 -118.4 2155.1 92.242 -105.74 2231 77.167
1.5583 -88.329 2128.7 93.418 -118.86 2167.2 92.402 -106.87 2242.8 76.968
1.5667 -88.423 2140.6 93.107 -119.33 2179.3 92.542 -108.02 2254.5 76.741
1.575 -88.53 2152.6 92.78 -119.79 2191.5 92.663 -109.18 2266.2 76.487
1.5833 -88.656 2164.5 92.442 -120.25 2203.8 92.769 -110.34 2278 76.204
1.5917 -88.797 2176.6 92.1 -120.71 2216.1 92.86 -111.51 2289.7 75.893
1.6 -88.971 2188.7 91.767 -121.17 2228.5 92.938 -112.67 2301.5 75.559
1.6083 -89.172 2200.8 91.451 -121.65 2241 93.005 -113.83 2313.4 75.204
1.6167 -89.407 2212.9 91.163 -122.15 2253.5 93.061 -114.98 2325.3 74.834
1.625 -89.685 2225.2 90.91 -122.68 2266.1 93.107 -116.13 2337.3 74.451
1.6333 -90.008 2237.5 90.692 -123.23 2278.7 93.142 -117.26 2349.4 74.06
1.6417 -90.382 2249.9 90.508 -123.82 2291.3 93.164 -118.38 2361.5 73.662
1.65 -90.81 2262.4 90.352 -124.45 2303.9 93.173 -119.48 2373.7 73.26
1.6583 -91.297 2275 90.215 -125.11 2316.6 93.166 -120.56 2386 72.855
1.6667 -91.838 2287.8 90.092 -125.81 2329.3 93.144 -121.63 2398.3 72.447
1.675 -92.441 2300.7 89.979 -126.55 2342.1 93.107 -122.67 2410.8 72.037
1.6833 -93.11 2313.7 89.874 -127.32 2354.9 93.055 -123.69 2423.2 71.627
1.6917 -93.849 2326.8 89.776 -128.13 2367.8 92.99 -124.69 2435.8 71.219
1.7 -94.657 2340 89.683 -128.97 2380.8 92.916 -125.68 2448.3 70.815
1.7083 -95.531 2353.3 89.594 -129.85 2393.9 92.838 -126.65 2461 70.42
1.7167 -96.459 2366.6 89.499 -130.76 2407 92.758 -127.6 2473.7 70.037
1.725 -97.435 2380.1 89.4 -131.72 2420.3 92.684 -128.54 2486.6 69.672
1.7333 -98.446 2393.7 89.289 -132.72 2433.6 92.619 -129.46 2499.5 69.327
1.7417 -99.482 2407.5 89.166 -133.78 2447.1 92.567 -130.37 2512.6 69.007
1.75 -100.54 2421.5 89.034 -134.9 2460.5 92.532 -131.26 2525.8 68.712
1.7583 -101.62 2435.7 88.895 -136.09 2474.1 92.513 -132.12 2539.1 68.443
1.7667 -102.72 2450.2 88.757 -137.35 2487.7 92.51 -132.95 2552.6 68.199
1.775 -103.84 2464.9 88.63 -138.66 2501.3 92.521 -133.74 2566.2 67.977
1.7833 -104.98 2479.8 88.529 -140.03 2515 92.54 -134.5 2579.9 67.772
1.7917 -106.15 2494.8 88.466 -141.43 2528.6 92.561 -135.21 2593.7 67.582
1.8 -107.36 2509.9 88.452 -142.85 2542.3 92.578 -135.88 2607.6 67.403
1.8083 -108.61 2525 88.498 -144.25 2556.1 92.583 -136.51 2621.6 67.234
1.8167 -109.91 2540.1 88.605 -145.62 2569.8 92.568 -137.1 2635.5 67.076
1.825 -111.25 2555 88.773 -146.91 2583.5 92.528 -137.67 2649.5 66.929
1.8333 -112.62 2569.7 88.993 -148.1 2597.3 92.456 -138.21 2663.4 66.798
1.8417 -113.99 2584.2 89.25 -149.17 2611 92.35 -138.74 2677.2 66.689
1.85 -115.37 2598.4 89.524 -150.08 2624.8 92.207 -139.25 2690.9 66.609
1.8583 -116.71 2612.3 89.794 -150.82 2638.5 92.027 -139.76 2704.6 66.564
1.8667 -118.03 2625.9 90.041 -151.39 2652.1 91.813 -140.26 2718.2 66.561
1.875 -119.3 2639.3 90.252 -151.78 2665.6 91.566 -140.74 2731.7 66.605
1.8833 -120.52 2652.3 90.42 -152 2679.1 91.291 -141.19 2745.1 66.698
1.8917 -121.71 2665.2 90.541 -152.08 2692.4 90.992 -141.59 2758.6 66.84
1.9 -122.85 2678 90.616 -152.02 2705.5 90.672 -141.94 2772 67.028
1.9083 -123.94 2690.6 90.652 -151.86 2718.5 90.335 -142.21 2785.4 67.256
1.9167 -124.98 2703.2 90.647 -151.62 2731.4 89.983 -142.38 2798.8 67.516
1.925 -125.93 2715.7 90.62 -151.32 2744 89.62 -142.44 2812.2 67.796
1.9333 -126.8 2728.1 90.58 -150.99 2756.5 89.248 -142.37 2825.7 68.087
1.9417 -127.54 2740.5 90.543 -150.63 2768.8 88.867 -142.18 2839.2 68.376
1.95 -128.14 2752.9 90.521 -150.26 2781.1 88.48 -141.85 2852.7 68.653
1.9583 -128.59 2765.2 90.529 -149.88 2793.3 88.088 -141.39 2866.1 68.911
1.9667 -128.88 2777.4 90.573 -149.49 2805.4 87.695 -140.82 2879.5 69.144
1.975 -129.02 2789.6 90.66 -149.08 2817.5 87.302 -140.13 2892.9 69.349
1.9833 -129 2801.8 90.791 -148.65 2829.6 86.913 -139.36 2906.1 69.525
1.9917 -128.87 2813.9 90.962 -148.18 2841.7 86.532 -138.51 2919.2 69.673
2 -128.63 2826 91.17 -147.67 2853.9 86.164 -137.6 2932.2 69.797
2.0083 -128.33 2838 91.406 -147.12 2866.1 85.812 -136.64 2945 69.899
2.0167 -128 2850 91.663 -146.52 2878.5 85.48 -135.66 2957.7 69.982
2.025 -127.66 2861.9 91.934 -145.88 2890.9 85.171 -134.64 2970.3 70.05
2.0333 -127.33 2873.8 92.212 -145.19 2903.3 84.889 -133.6 2982.7 70.104
2.0417 -127.03 2885.6 92.492 -144.47 2915.8 84.634 -132.55 2995 70.145
2.05 -126.74 2897.4 92.774 -143.71 2928.4 84.407 -131.47 3007.2 70.172
2.0583 -126.47 2909.1 93.058 -142.94 2941 84.209 -130.36 3019.4 70.187
2.0667 -126.2 2920.8 93.346 -142.16 2953.7 84.038 -129.23 3031.5 70.188
2.075 -125.91 2932.6 93.64 -141.38 2966.4 83.894 -128.07 3043.6 70.175
2.0833 -125.56 2944.3 93.944 -140.59 2979.2 83.775 -126.89 3055.7 70.151
2.0917 -125.14 2956 94.258 -139.81 2992.1 83.679 -125.68 3067.8 70.118
2.1 -124.64 2967.8 94.583 -139.02 3004.9 83.606 -124.45 3079.9 70.081
2.1083 -124.03 2979.6 94.917 -138.22 3017.9 83.555 -123.2 3092.1 70.043
2.1167 -123.31 2991.5 95.253 -137.41 3030.8 83.525 -121.95 3104.3 70.01
2.125 -122.49 3003.4 95.585 -136.58 3043.9 83.515 -120.69 3116.6 69.988
2.1333 -121.58 3015.5 95.906 -135.72 3057 83.525 -119.42 3128.9 69.98
2.1417 -120.57 3027.5 96.209 -134.81 3070.1 83.554 -118.15 3141.3 69.988
2.15 -119.49 3039.7 96.485 -133.86 3083.4 83.602 -116.86 3153.7 70.014
2.1583 -118.32 3051.9 96.734 -132.84 3096.6 83.667 -115.55 3166.2 70.055
2.1667 -117.08 3064.3 96.95 -131.76 3110 83.749 -114.21 3178.7 70.108
2.175 -115.76 3076.8 97.146 -130.6 3123.4 83.847 -112.82 3191.2 70.167
2.1833 -114.37 3089.4 97.319 -129.35 3136.9 83.955 -111.37 3203.8 70.225
2.1917 -112.93 3102.2 97.478 -128.02 3150.4 84.072 -109.85 3216.4 70.277
2.2 -111.44 3115.1 97.627 -126.6 3164 84.193 -108.25 3229.1 70.317
2.2083 -109.92 3128.2 97.778 -125.07 3177.7 84.316 -106.56 3241.8 70.341
2.2167 -108.4 3141.4 97.931 -123.44 3191.4 84.433 -104.77 3254.6 70.35
2.225 -106.86 3154.8 98.092 -121.71 3205.2 84.541 -102.89 3267.4 70.344
2.2333 -105.31 3168.4 98.261 -119.87 3219.1 84.632 -100.92 3280.4 70.33
2.2417 -103.76 3182.1 98.437 -117.91 3233.1 84.704 -98.874 3293.4 70.312
2.25 -102.2 3196 98.616 -115.84 3247.1 84.751 -96.747 3306.5 70.299
2.2583 -100.64 3210 98.789 -113.66 3261.2 84.77 -94.552 3319.8 70.299
2.2667 -99.107 3224.3 98.947 -111.37 3275.4 84.76 -92.293 3333.3 70.318
2.275 -97.612 3238.6 99.077 -108.97 3289.6 84.72 -89.974 3346.9 70.359
2.2833 -96.176 3253.1 99.167 -106.49 3303.9 84.651 -87.596 3360.6 70.424
2.2917 -94.8 3267.7 99.204 -103.92 3318.3 84.555 -85.157 3374.5 70.51
2.3 -93.486 3282.4 99.176 -101.29 3332.6 84.436 -82.654 3388.5 70.609
2.3083 -92.218 3297.2 99.076 -98.627 3347 84.3 -80.085 3402.7 70.713
2.3167 -90.974 3311.9 98.899 -95.954 3361.5 84.151 -77.447 3416.9 70.809
2.325 -89.722 3326.6 98.649 -93.302 3375.9 83.994 -74.742 3431.2 70.886
2.3333 -88.425 3341.2 98.332 -90.706 3390.2 83.836 -71.977 3445.6 70.933
2.3417 -87.047 3355.7 97.958 -88.196 3404.6 83.683 -69.164 3459.9 70.941
2.35 -85.548 3369.9 97.543 -85.803 3418.8 83.541 -66.321 3474.3 70.905
2.3583 -83.896 3384 97.098 -83.555 3432.9 83.416 -63.473 3488.6 70.825
2.3667 -82.075 3397.9 96.638 -81.473 3446.9 83.314 -60.649 3502.9 70.705
2.375 -80.085 3411.6 96.175 -79.571 3460.7 83.241 -57.881 3517.1 70.554
2.3833 -77.944 3425.1 95.719 -77.855 3474.3 83.201 -55.202 3531.2 70.383
2.3917 -75.677 3438.4 95.28 -76.322 3487.7 83.2 -52.642 3545.3 70.207
2.4 -73.313 3451.6 94.862 -74.962 3500.7 83.238 -50.229 3559.3 70.037
2.4083 -70.878 3464.7 94.467 -73.755 3513.5 83.318 -47.983 3573.3 69.888
2.4167 -68.397 3477.7 94.098 -72.678 3526.1 83.438 -45.918 3587.2 69.768
2.425 -65.903 3490.7 93.754 -71.7 3538.3 83.594 -44.037 3601 69.682
2.4333 -63.429 3503.6 93.432 -70.792 3550.3 83.783 -42.337 3614.8 69.633
2.4417 -61.004 3516.5 93.133 -69.921 3562.1 83.998 -40.809 3628.5 69.617
2.45 -58.654 3529.3 92.853 -69.063 3573.7 84.233 -39.435 3642.1 69.629
2.4583 -56.393 3542 92.592 -68.192 3585.2 84.482 -38.197 3655.6 69.661
2.4667 -54.23 3554.7 92.345 -67.294 3596.6 84.74 -37.072 3669 69.705
2.475 -52.163 3567.3 92.111 -66.36 3607.9 85.002 -36.039 3682.2 69.75
2.4833 -50.188 3579.7 91.884 -65.39 3619.2 85.264 -35.08 3695.3 69.79
2.4917 -48.298 3592.1 91.66 -64.387 3630.5 85.523 -34.177 3708.3 69.82
2.5 -46.484 3604.4 91.433 -63.363 3641.9 85.775 -33.319 3721.1 69.836
2.5083 -44.741 3616.6 91.199 -62.328 3653.3 86.024 -32.496 3733.7 69.841
2.5167 -43.065 3628.7 90.95 -61.298 3664.7 86.269 -31.701 3746.3 69.835
2.525 -41.454 3640.7 90.681 -60.283 3676.2 86.504 -30.933 3758.7 69.824
2.5333 -39.909 3652.7 90.389 -59.293 3687.7 86.731 -30.187 3771 69.813
2.5417 -38.433 3664.5 90.072 -58.335 3699.3 86.948 -29.462 3783.2 69.809
2.55 -37.027 3676.4 89.728 -57.41 3710.9 87.152 -28.756 3795.4 69.815
2.5583 -35.689 3688.2 89.361 -56.515 3722.5 87.339 -28.065 3807.4 69.836
2.5667 -34.421 3699.9 88.971 -55.644 3734.2 87.508 -27.384 3819.5 69.872
2.575 -33.215 3711.7 88.561 -54.789 3745.9 87.656 -26.709 3831.5 69.923
2.5833 -32.061 3723.4 88.138 -53.941 3757.6 87.776 -26.035 3843.4 69.985
2.5917 -30.949 3735.1 87.704 -53.088 3769.4 87.867 -25.355 3855.3 70.056
2.6 -29.868 3746.8 87.265 -52.223 3781.3 87.928 -24.666 3867.2 70.13
2.6083 -28.809 3758.6 86.823 -51.341 3793.1 87.961 -23.964 3879.1 70.202
2.6167 -27.761 3770.4 86.386 -50.435 3805.1 87.965 -23.247 3890.9 70.268
2.625 -26.721 3782.3 85.956 -49.51 3817.1 87.945 -22.514 3902.8 70.325
2.6333 -25.682 3794.2 85.541 -48.565 3829.2 87.905 -21.765 3914.6 70.37
2.6417 -24.646 3806.2 85.145 -47.607 3841.3 87.849 -21.003 3926.5 70.403
2.65 -23.61 3818.2 84.776 -46.646 3853.4 87.785 -20.227 3938.3 70.423
2.6583 -22.598 3830.3 84.436 -45.689 3865.7 87.714 -19.439 3950.2 70.432
2.6667 -21.599 3842.4 84.132 -44.748 3878 87.644 -18.64 3962.2 70.431
2.675 -20.629 3854.6 83.865 -43.832 3890.3 87.576 -17.83 3974.1 70.42
2.6833 -19.703 3866.9 83.636 -42.946 3902.8 87.514 -17.009 3986.2 70.401
2.6917 -18.826 3879.2 83.443 -42.098 3915.3 87.457 -16.178 3998.2 70.374
2.7 -17.999 3891.7 83.28 -41.286 3927.9 87.407 -15.339 4010.3 70.338
2.7083 -17.238 3904.4 83.143 -40.513 3940.6 87.362 -14.493 4022.4 70.293
2.7167 -16.532 3917.2 83.026 -39.774 3953.4 87.322 -13.643 4034.6 70.238
2.725 -15.885 3930.2 82.926 -39.068 3966.4 87.286 -12.797 4046.7 70.17
2.7333 -15.283 3943.4 82.841 -38.387 3979.5 87.255 -11.96 4058.9 70.092
2.7417 -14.72 3956.7 82.767 -37.73 3992.7 87.23 -11.139 4071.1 70
2.75 -14.182 3970.1 82.701 -37.094 4006 87.212 -10.343 4083.3 69.897
2.7583 -13.653 3983.6 82.635 -36.482 4019.4 87.203 -9.576 4095.5 69.782
2.7667 -13.118 3997.2 82.563 -35.895 4032.9 87.205 -8.8439 4107.8 69.657
2.775 -12.563 4011 82.477 -35.342 4046.4 87.221 -8.1469 4120.2 69.523
2.7833 -11.977 4024.9 82.37 -34.83 4060 87.251 -7.4829 4132.7 69.38
2.7917 -11.352 4039 82.24 -34.37 4073.6 87.297 -6.8463 4145.4 69.228
2.8 -10.685 4053.3 82.088 -33.97 4087.2 87.358 -6.2283 4158.1 69.067
2.8083 -9.9735 4067.8 81.921 -33.636 4100.9 87.432 -5.6184 4171 68.895
2.8167 -9.2376 4082.5 81.748 -33.369 4114.5 87.516 -5.0039 4184.1 68.711
2.825 -8.4676 4097.4 81.584 -33.164 4128.2 87.606 -4.3744 4197.3 68.512
2.8333 -7.6762 4112.5 81.444 -33.012 4142 87.698 -3.7206 4210.5 68.296
2.8417 -6.8735 4127.8 81.346 -32.895 4155.8 87.786 -3.0362 4223.9 68.064
2.85 -6.0737 4143.1 81.3 -32.79 4169.7 87.865 -2.3183 4237.3 67.816
2.8583 -5.2906 4158.4 81.319 -32.667 4183.6 87.931 -1.5678 4250.7 67.554
2.8667 -4.5338 4173.6 81.407 -32.498 4197.6 87.977 -0.78829 4264.2 67.283
2.875 -3.8173 4188.7 81.56 -32.248 4211.7 88 0.015684 4277.5 67.007
2.8833 -3.1433 4203.5 81.772 -31.89 4225.8 87.996 0.83798 4290.8 66.736
2.8917 -2.5206 4218.1 82.027 -31.396 4240 87.962 1.676 4304 66.475
2.9 -1.9491 4232.4 82.302 -30.747 4254 87.896 2.5289 4317.2 66.233
2.9083 -1.4301 4246.3 82.575 -29.928 4268 87.797 3.4025 4330.3 66.018
2.9167 -0.95753 4259.9 82.824 -28.938 4281.9 87.665 4.3055 4343.3 65.836
2.925 -0.52477 4273.3 83.034 -27.779 4295.6 87.5 5.2535 4356.3 65.691
2.9333 -0.1206 4286.3 83.198 -26.461 4309.1 87.304 6.2671 4369.3 65.584
2.9417 0.27362 4299.2 83.311 -25 4322.4 87.079 7.3688 4382.3 65.515
2.95 0.68005 4312 83.377 -23.416 4335.3 86.827 8.5834 4395.3 65.478
2.9583 1.1238 4324.6 83.402 -21.729 4348.1 86.55 9.9344 4408.3 65.467
2.9667 1.6329 4337.1 83.394 -19.96 4360.6 86.249 11.442 4421.4 65.473
2.975 2.231 4349.7 83.366 -18.127 4372.8 85.927 13.119 4434.5 65.486
2.9833 2.9478 4362.1 83.332 -16.247 4384.9 85.583 14.977 4447.5 65.495
2.9917 3.8068 4374.6 83.306 -14.328 4396.8 85.221 17.014 4460.6 65.491
3 4.8137 4387 83.3 -12.38 4408.5 84.838 19.224 4473.6 65.467
3.0083 5.9924 4399.3 83.322 -10.404 4420.3 84.439 21.596 4486.5 65.416
3.0167 7.3287 4411.6 83.376 -8.4034 4431.9 84.022 24.111 4499.3 65.335
3.025 8.8163 4423.8 83.465 -6.3761 4443.6 83.591 26.75 4512 65.224
3.0333 10.44 4435.9 83.587 -4.3205 4455.3 83.149 29.494 4524.5 65.082
3.0417 12.177 4447.9 83.736 -2.2349 4467 82.697 32.325 4536.9 64.912
3.05 14 4459.8 83.908 -0.11851 4478.7 82.241 35.226 4549.2 64.716
3.0583 15.884 4471.5 84.096 2.0287 4490.5 81.784 38.187 4561.3 64.499
3.0667 17.808 4483.2 84.295 4.2055 4502.3 81.332 41.202 4573.3 64.261
3.075 19.753 4494.8 84.502 6.4103 4514.2 80.892 44.267 4585.3 64.007
3.0833 21.706 4506.3 84.712 8.6403 4526.1 80.466 47.383 4597.2 63.739
3.0917 23.667 4517.7 84.925 10.893 4538 80.062 50.549 4609 63.457
3.1 25.636 4529.1 85.14 13.168 4550 79.683 53.768 4620.8 63.163
3.1083 27.621 4540.4 85.36 15.465 4562 79.334 57.037 4632.7 62.859
3.1167 29.635 4551.7 85.587 17.784 4574 79.015 60.355 4644.5 62.546
3.125 31.695 4562.9 85.823 20.13 4586.1 78.729 63.714 4656.4 62.225
3.1333 33.814 4574.1 86.071 22.506 4598.3 78.474 67.106 4668.3 61.898
3.1417 35.999 4585.4 86.333 24.918 4610.5 78.25 70.522 4680.3 61.569
3.15 38.262 4596.6 86.607 27.372 4622.8 78.055 73.951 4692.2 61.241
3.1583 40.605 4607.9 86.892 29.877 4635.2 77.887 77.382 4704.2 60.917
3.1667 43.026 4619.2 87.186 32.437 4647.7 77.742 80.808 4716.3 60.603
3.175 45.52 4630.6 87.484 35.061 4660.2 77.62 84.225 4728.3 60.302
3.1833 48.085 4642 87.782 37.755 4672.8 77.517 87.632 4740.4 60.017
3.1917 50.718 4653.6 88.075 40.524 4685.4 77.432 91.034 4752.6 59.75
3.2 53.417 4665.2 88.362 43.374 4698.2 77.366 94.439 4764.7 59.504
3.2083 56.19 4677 88.64 46.31 4710.9 77.318 97.857 4776.9 59.279
3.2167 59.045 4688.8 88.919 49.336 4723.7 77.287 101.3 4789.2 59.073
3.225 61.995 4700.9 89.193 52.454 4736.5 77.277 104.79 4801.4 58.884
3.2333 65.041 4713.1 89.47 55.668 4749.4 77.286 108.32 4813.7 58.71
3.2417 68.176 4725.4 89.75 58.979 4762.3 77.314 111.93 4826.1 58.548
3.25 71.38 4737.9 90.031 62.387 4775.2 77.36 115.6 4838.4 58.393
3.2583 74.63 4750.5 90.308 65.892 4788.2 77.421 119.35 4850.8 58.243
3.2667 77.913 4763.3 90.577 69.494 4801.2 77.492 123.18 4863.1 58.096
3.275 81.225 4776.1 90.831 73.192 4814.2 77.567 127.09 4875.5 57.951
3.2833 84.573 4789 91.063 76.984 4827.3 77.638 131.08 4887.9 57.808
3.2917 87.964 4802 91.269 80.868 4840.4 77.697 135.16 4900.3 57.667
3.3 91.404 4815 91.445 84.844 4853.5 77.737 139.32 4912.7 57.529
3.3083 94.898 4828.2 91.588 88.912 4866.7 77.748 143.57 4925.2 57.397
3.3167 98.448 4841.5 91.696 93.07 4879.9 77.723 147.9 4937.7 57.273
3.325 102.04 4855 91.769 97.32 4893.2 77.659 152.33 4950.3 57.158
3.3333 105.68 4868.6 91.807 101.66 4906.5 77.551 156.84 4962.9 57.055
3.3417 109.34 4882.3 91.809 106.09 4919.8 77.4 161.46 4975.7 56.961
3.35 113.02 4896.2 91.774 110.6 4933.1 77.208 166.16 4988.5 56.877
3.3583 116.7 4910.2 91.7 115.18 4946.4 76.98 170.96 5001.5 56.799
3.3667 120.39 4924.4 91.583 119.83 4959.7 76.723 175.83 5014.5 56.725
3.375 124.07 4938.5 91.419 124.52 4972.9 76.447 180.76 5027.6 56.649
3.3833 127.76 4952.7 91.209 129.24 4986.2 76.16 185.73 5040.8 56.567
3.3917 131.48 4966.8 90.951 133.96 4999.4 75.875 190.72 5053.9 56.472
3.4 135.24 4980.8 90.651 138.65 5012.6 75.602 195.69 5067.1 56.363
3.4083 139.08 4994.6 90.316 143.28 5025.8 75.353 200.64 5080.2 56.233
3.4167 143.01 5008.2 89.953 147.83 5038.9 75.136 205.53 5093.2 56.082
3.425 147.07 5021.6 89.571 152.26 5051.9 74.96 210.33 5106.1 55.908
3.4333 151.24 5034.8 89.177 156.55 5064.9 74.831 215.03 5118.9 55.715
3.4417 155.53 5047.7 88.78 160.69 5077.7 74.753 219.62 5131.6 55.504
3.45 159.91 5060.5 88.384 164.65 5090.3 74.728 224.08 5144.2 55.281
3.4583 164.36 5073.2 87.993 168.44 5102.8 74.755 228.42 5156.7 55.054
3.4667 168.86 5085.7 87.608 172.05 5115.1 74.83 232.63 5169.1 54.827
3.475 173.39 5098.1 87.23 175.5 5127.2 74.947 236.73 5181.4 54.611
3.4833 177.91 5110.5 86.859 178.8 5139.1 75.099 240.71 5193.6 54.41
3.4917 182.4 5122.8 86.495 181.98 5150.7 75.276 244.58 5205.8 54.233
3.5 186.83 5135 86.138 185.07 5162.2 75.469 248.35 5218 54.082
3.5083 191.17 5147.2 85.789 188.09 5173.5 75.669 252.03 5230.2 53.961
3.5167 195.41 5159.3 85.444 191.08 5184.6 75.869 255.62 5242.4 53.87
3.525 199.54 5171.3 85.1 194.05 5195.6 76.058 259.13 5254.5 53.808
3.5333 203.57 5183.2 84.759 197.03 5206.5 76.238 262.56 5266.7 53.772
3.5417 207.5 5195 84.416 200.03 5217.4 76.406 265.91 5278.9 53.758
3.55 211.33 5206.6 84.065 203.05 5228.2 76.554 269.18 5291 53.758
3.5583 215.1 5218.2 83.707 206.11 5239.1 76.689 272.39 5303.2 53.77
3.5667 218.79 5229.6 83.339 209.19 5250 76.811 275.52 5315.3 53.787
3.575 222.44 5241 82.957 212.3 5260.9 76.917 278.6 5327.3 53.806
3.5833 226.03 5252.3 82.561 215.4 5272 77.014 281.62 5339.4 53.824
3.5917 229.57 5263.5 82.148 218.51 5283.1 77.099 284.59 5351.3 53.842
3.6 233.06 5274.8 81.717 221.6 5294.2 77.176 287.52 5363.2 53.858
3.6083 236.5 5286 81.269 224.68 5305.4 77.241 290.41 5375.1 53.874
3.6167 239.87 5297.2 80.804 227.74 5316.7 77.292 293.28 5386.9 53.894
3.625 243.18 5308.5 80.321 230.77 5328 77.328 296.12 5398.7 53.918
3.6333 246.43 5319.8 79.822 233.79 5339.3 77.345 298.95 5410.5 53.949
3.6417 249.63 5331.1 79.307 236.79 5350.6 77.34 301.77 5422.2 53.987
3.65 252.78 5342.4 78.778 239.8 5362 77.309 304.59 5434 54.033
3.6583 255.89 5353.8 78.238 242.81 5373.4 77.254 307.41 5445.7 54.083
3.6667 259 5365.1 77.69 245.83 5384.8 77.172 310.23 5457.5 54.134
3.675 262.09 5376.4 77.139 248.88 5396.2 77.065 313.07 5469.3 54.182
3.6833 265.2 5387.8 76.59 251.96 5407.7 76.936 315.93 5481.1 54.222
3.6917 268.32 5399.1 76.05 255.07 5419.3 76.788 318.81 5492.9 54.247
3.7 271.47 5410.4 75.526 258.2 5430.9 76.627 321.73 5504.8 54.253
3.7083 274.64 5421.7 75.023 261.37 5442.6 76.456 324.7 5516.6 54.237
3.7167 277.82 5433 74.55 264.55 5454.4 76.28 327.71 5528.5 54.197
3.725 280.99 5444.4 74.111 267.75 5466.2 76.104 330.78 5540.5 54.132
3.7333 284.17 5455.8 73.711 270.94 5478.1 75.93 333.9 5552.4 54.045
3.7417 287.3 5467.3 73.349 274.14 5490.1 75.759 337.07 5564.4 53.941
3.75 290.41 5478.9 73.025 277.32 5502.1 75.594 340.29 5576.4 53.823
3.7583 293.47 5490.5 72.734 280.48 5514.2 75.433 343.56 5588.5 53.699
3.7667 296.48 5502.3 72.466 283.63 5526.4 75.277 346.86 5600.5 53.574
3.775 299.44 5514.2 72.211 286.77 5538.7 75.126 350.18 5612.6 53.453
3.7833 302.38 5526.2 71.961 289.89 5551.1 74.98 353.51 5624.7 53.341
3.7917 305.29 5538.4 71.709 293.02 5563.5 74.841 356.84 5636.9 53.238
3.8 308.21 5550.8 71.452 296.16 5576.1 74.711 360.15 5649 53.144
3.8083 311.14 5563.3 71.191 299.31 5588.8 74.594 363.45 5661.3 53.056
3.8167 314.12 5576 70.932 302.49 5601.6 74.494 366.72 5673.6 52.971
3.825 317.16 5588.8 70.668 305.7 5614.5 74.415 369.96 5685.9 52.883
3.8333 320.28 5601.7 70.407 308.93 5627.6 74.359 373.18 5698.3 52.787
3.8417 323.49 5614.8 70.145 312.2 5640.7 74.33 376.39 5710.9 52.677
3.85 326.8 5628.1 69.873 315.48 5654 74.328 379.59 5723.5 52.549
3.8583 330.21 5641.6 69.585 318.76 5667.4 74.35 382.79 5736.3 52.401
3.8667 333.7 5655.4 69.278 322.05 5680.8 74.393 386.01 5749.3 52.231
3.875 337.28 5669.5 68.942 325.31 5694.3 74.449 389.25 5762.3 52.041
3.8833 340.93 5683.9 68.58 328.53 5707.9 74.509 392.54 5775.5 51.831
3.8917 344.64 5698.5 68.194 331.72 5721.5 74.564 395.88 5788.8 51.606
3.9 348.41 5713.5 67.796 334.86 5735.1 74.602 399.27 5802.3 51.37
3.9083 352.21 5728.6 67.398 337.96 5748.7 74.615 402.71 5815.8 51.128
3.9167 356.06 5743.9 67.025 341.03 5762.4 74.592 406.21 5829.4 50.883
3.925 359.94 5759.2 66.695 344.09 5776.1 74.527 409.75 5843 50.638
3.9333 363.85 5774.4 66.431 347.17 5789.9 74.416 413.33 5856.7 50.396
3.9417 367.77 5789.5 66.252 350.3 5803.7 74.255 416.94 5870.3 50.158
3.95 371.69 5804.3 66.168 353.52 5817.6 74.047 420.58 5883.8 49.924
3.9583 375.59 5818.8 66.18 356.86 5831.5 73.793 424.23 5897.3 49.694
3.9667 379.44 5833 66.282 360.35 5845.5 73.498 427.91 5910.6 49.467
3.975 383.21 5846.8 66.455 364.02 5859.5 73.165 431.61 5923.9 49.242
3.9833 386.9 5860.2 66.674 367.89 5873.5 72.8 435.35 5937 49.019
3.9917 390.48 5873.2 66.911 371.95 5887.5 72.405 439.16 5950.1 48.798
4 393.95 5885.8 67.138 376.21 5901.3 71.984 443.06 5963.1 48.58
4.0083 397.31 5898 67.335 380.64 5915.1 71.537 447.08 5975.9 48.366
4.0167 400.59 5910 67.486 385.22 5928.5 71.064 451.27 5988.8 48.158
4.025 403.82 5921.8 67.576 389.92 5941.8 70.561 455.66 6001.6 47.957
4.0333 407.03 5933.4 67.602 394.69 5954.7 70.029 460.28 6014.4 47.764
4.0417 410.28 5944.8 67.562 399.49 5967.4 69.464 465.17 6027.2 47.579
4.05 413.61 5956.1 67.46 404.31 5979.7 68.862 470.33 6039.9 47.403
4.0583 417.06 5967.2 67.305 409.12 5991.6 68.223 475.78 6052.7 47.231
4.0667 420.7 5978.3 67.113 413.89 6003.3 67.546 481.51 6065.5 47.061
4.075 424.53 5989.2 66.899 418.64 6014.7 66.833 487.5 6078.1 46.888
4.0833 428.59 5999.9 66.681 423.35 6025.9 66.089 493.73 6090.8 46.708
4.0917 432.86 6010.5 66.472 428.06 6037 65.317 500.15 6103.2 46.515
4.1 437.34 6021 66.287 432.77 6047.9 64.528 506.72 6115.6 46.305
4.1083 441.98 6031.3 66.133 437.51 6058.8 63.728 513.4 6127.7 46.073
4.1167 446.75 6041.4 66.013 442.31 6069.6 62.926 520.14 6139.7 45.819
4.125 451.6 6051.4 65.925 447.19 6080.4 62.134 526.9 6151.4 45.541
4.1333 456.48 6061.2 65.864 452.17 6091.2 61.356 533.66 6162.8 45.242
4.1417 461.34 6070.9 65.822 457.26 6102 60.602 540.38 6174 44.923
4.15 466.16 6080.5 65.786 462.47 6112.9 59.88 547.07 6185 44.587
4.1583 470.91 6090.1 65.752 467.81 6123.8 59.182 553.72 6195.7 44.241
4.1667 475.59 6099.7 65.705 473.26 6134.6 58.523 560.34 6206.3 43.887
4.175 480.19 6109.2 65.639 478.83 6145.5 57.899 566.95 6216.6 43.533
4.1833 484.73 6118.8 65.552 484.51 6156.3 57.31 573.55 6226.9 43.18
4.1917 489.24 6128.3 65.443 490.28 6167.1 56.757 580.17 6237 42.834
4.2 493.73 6137.9 65.314 496.13 6177.9 56.237 586.84 6247 42.496
4.2083 498.23 6147.4 65.174 502.06 6188.7 55.75 593.55 6257 42.166
4.2167 502.78 6156.9 65.028 508.07 6199.4 55.294 600.33 6267 41.846
4.225 507.39 6166.4 64.885 514.13 6210.1 54.87 607.18 6276.9 41.535
4.2333 512.09 6175.9 64.752 520.26 6220.7 54.477 614.09 6286.9 41.231
4.2417 516.87 6185.3 64.634 526.44 6231.4 54.116 621.08 6296.8 40.931
4.25 521.76 6194.7 64.532 532.67 6242 53.786 628.12 6306.7 40.635
4.2583 526.77 6204.1 64.449 538.96 6252.7 53.486 635.23 6316.5 40.341
4.2667 531.89 6213.4 64.383 545.29 6263.2 53.217 642.4 6326.4 40.049
4.275 537.13 6222.8 64.332 551.66 6273.8 52.977 649.63 6336.2 39.758
4.2833 542.51 6232.2 64.292 558.08 6284.3 52.762 656.91 6346.1 39.471
4.2917 548.04 6241.7 64.266 564.55 6294.7 52.57 664.26 6355.8 39.186
4.3 553.73 6251.2 64.256 571.06 6305.1 52.398 671.67 6365.6 38.906
4.3083 559.59 6260.9 64.268 577.63 6315.3 52.24 679.16 6375.3 38.632
4.3167 565.64 6270.6 64.313 584.26 6325.5 52.092 686.72 6385 38.364
4.325 571.87 6280.4 64.401 590.97 6335.6 51.949 694.35 6394.6 38.104
4.3333 578.28 6290.4 64.542 597.77 6345.7 51.81 702.07 6404.1 37.849
4.3417 584.85 6300.5 64.752 604.67 6355.6 51.666 709.86 6413.7 37.599
4.35 591.55 6310.7 65.03 611.69 6365.5 51.517 717.74 6423.1 37.353
4.3583 598.38 6321.1 65.379 618.82 6375.4 51.361 725.69 6432.5 37.107
4.3667 605.31 6331.6 65.792 626.1 6385.3 51.194 733.72 6441.8 36.86
4.375 612.34 6342.3 66.257 633.51 6395.2 51.017 741.85 6451 36.61
4.3833 619.48 6353 66.76 641.07 6405 50.825 750.08 6460.2 36.357
4.3917 626.73 6363.8 67.28 648.78 6415 50.614 758.42 6469.3 36.099
4.4 634.12 6374.8 67.793 656.65 6425 50.388 766.9 6478.3 35.839
4.4083 641.68 6385.8 68.277 664.67 6435 50.144 775.53 6487.4 35.578
4.4167 649.42 6396.9 68.709 672.87 6445.1 49.879 784.33 6496.4 35.319
4.425 657.36 6408.1 69.068 681.24 6455.2 49.591 793.31 6505.5 35.064
4.4333 665.52 6419.4 69.337 689.8 6465.4 49.284 802.49 6514.6 34.819
4.4417 673.88 6430.8 69.507 698.57 6475.7 48.949 811.85 6523.7 34.586
4.45 682.45 6442.2 69.567 707.54 6486 48.592 821.4 6532.8 34.366
4.4583 691.19 6453.7 69.513 716.74 6496.4 48.214 831.1 6542.1 34.164
4.4667 700.08 6465.2 69.349 726.16 6506.8 47.814 840.93 6551.4 33.977
4.475 709.08 6476.7 69.077 735.81 6517.3 47.397 850.84 6560.7 33.805
4.4833 718.16 6488.2 68.706 745.65 6527.8 46.968 860.8 6570.1 33.647
4.4917 727.27 6499.6 68.248 755.68 6538.4 46.526 870.75 6579.5 33.5
4.5 736.38 6510.9 67.715 765.84 6549 46.083 880.67 6589 33.36
4.5083 745.47 6522 67.12 776.1 6559.6 45.645 890.51 6598.4 33.224
4.5167 754.53 6533 66.48 786.38 6570.2 45.221 900.24 6607.9 33.092
4.525 763.54 6543.8 65.808 796.63 6580.8 44.819 909.86 6617.5 32.96
4.5333 772.51 6554.4 65.12 806.78 6591.3 44.45 919.36 6627 32.828
4.5417 781.43 6564.8 64.426 816.76 6601.8 44.122 928.75 6636.6 32.698
4.55 790.31 6574.9 63.737 826.51 6612.1 43.843 938.03 6646.3 32.572
4.5583 799.14 6584.8 63.059 836 6622.4 43.62 947.23 6656.1 32.452
4.5667 807.94 6594.5 62.393 845.19 6632.5 43.455 956.36 6665.9 32.342
4.575 816.72 6604 61.737 854.07 6642.4 43.349 965.43 6675.8 32.247
4.5833 825.49 6613.3 61.092 862.65 6652.3 43.298 974.44 6685.7 32.166
4.5917 834.26 6622.5 60.454 870.95 6661.9 43.295 983.41 6695.8 32.102
4.6 843.03 6631.6 59.823 879 6671.4 43.331 992.31 6705.9 32.056
4.6083 851.79 6640.6 59.199 886.85 6680.8 43.399 1001.1 6716 32.026
4.6167 860.53 6649.6 58.575 894.54 6690 43.483 1009.8 6726.1 32.009
4.625 869.25 6658.5 57.959 902.13 6699.2 43.578 1018.4 6736.2 32.003
