0.0083333 59.095 1.1979 89.804 46.705 68.177 91.579 74.335 126.38 85.47
0.016667 57.553 9.07 89.769 44.754 74.825 91.67 72.252 133.38 85.529
0.025 55.949 17.124 89.734 42.76 81.541 91.764 70.124 140.35 85.58
0.033333 54.274 25.339 89.705 40.734 88.334 91.854 67.952 147.27 85.623
0.041667 52.515 33.682 89.687 38.691 95.213 91.936 65.734 154.15 85.659
0.05 50.67 42.117 89.687 36.642 102.19 92.005 63.47 160.96 85.691
0.058333 48.742 50.601 89.707 34.598 109.26 92.056 61.161 167.72 85.724
0.066667 46.742 59.093 89.752 32.565 116.43 92.086 58.807 174.42 85.761
0.075 44.686 67.552 89.822 30.548 123.71 92.091 56.412 181.07 85.806
0.083333 42.595 75.944 89.917 28.551 131.08 92.069 53.979 187.68 85.864
0.091667 40.489 84.243 90.033 26.575 138.54 92.021 51.517 194.27 85.936
0.1 38.392 92.432 90.165 24.619 146.07 91.945 49.032 200.85 86.023
0.10833 36.326 100.5 90.309 22.685 153.66 91.844 46.537 207.44 86.126
0.11667 34.31 108.46 90.457 20.771 161.29 91.72 44.042 214.06 86.241
0.125 32.362 116.31 90.605 18.881 168.95 91.576 41.56 220.72 86.365
0.13333 30.497 124.06 90.748 17.015 176.61 91.415 39.104 227.47 86.493
0.14167 28.72 131.74 90.885 15.179 184.25 91.242 36.687 234.31 86.618
0.15 27.044 139.35 91.016 13.374 191.87 91.06 34.319 241.27 86.734
0.15833 25.465 146.92 91.146 11.608 199.45 90.872 32.013 248.37 86.836
0.16667 23.98 154.47 91.28 9.8841 206.98 90.682 29.774 255.63 86.919
0.175 22.587 162 91.423 8.2086 214.48 90.495 27.611 263.07 86.979
0.18333 21.276 169.52 91.581 6.5855 221.93 90.312 25.526 270.71 87.017
0.19167 20.039 177.04 91.763 5.0177 229.36 90.136 23.522 278.54 87.032
0.2 18.871 184.54 91.971 3.5066 236.76 89.97 21.6 286.57 87.026
0.20833 17.765 192.02 92.208 2.0521 244.16 89.815 19.757 294.79 87.004
0.21667 16.719 199.48 92.475 0.65197 251.56 89.672 17.991 303.18 86.969
0.225 15.73 206.91 92.769 -0.6973 258.99 89.542 16.297 311.72 86.926
0.23333 14.797 214.29 93.086 -2.0006 266.45 89.426 14.673 320.39 86.88
0.24167 13.923 221.63 93.421 -3.2634 273.97 89.322 13.112 329.15 86.835
0.25 13.103 228.92 93.767 -4.4915 281.55 89.231 11.61 337.97 86.795
0.25833 12.347 236.17 94.118 -5.6902 289.19 89.152 10.162 346.82 86.761
0.26667 11.65 243.39 94.469 -6.8635 296.92 89.084 8.7618 355.68 86.736
0.275 11.011 250.58 94.813 -8.0147 304.71 89.028 7.4062 364.52 86.719
0.28333 10.434 257.77 95.15 -9.1454 312.59 88.984 6.0908 373.35 86.71
0.29167 9.9141 264.95 95.477 -10.256 320.53 88.953 4.8119 382.15 86.709
0.3 9.4448 272.16 95.796 -11.345 328.54 88.935 3.5664 390.94 86.715
0.30833 9.0259 279.4 96.109 -12.413 336.61 88.933 2.3519 399.73 86.727
0.31667 8.6506 286.67 96.416 -13.458 344.74 88.949 1.1663 408.54 86.744
0.325 8.3181 293.98 96.719 -14.479 352.94 88.986 0.008368 417.39 86.767
0.33333 8.0218 301.34 97.022 -15.478 361.19 89.044 -1.1227 426.3 86.796
0.34167 7.7621 308.75 97.323 -16.457 369.51 89.125 -2.2273 435.29 86.831
0.35 7.5354 316.21 97.622 -17.418 377.9 89.229 -3.3054 444.35 86.872
0.35833 7.3363 323.72 97.917 -18.368 386.37 89.357 -4.3568 453.49 86.921
0.36667 7.1625 331.29 98.209 -19.31 394.92 89.506 -5.3816 462.71 86.979
0.375 7.0102 338.93 98.494 -20.25 403.56 89.674 -6.3802 471.99 87.044
0.38333 6.8781 346.66 98.773 -21.194 412.29 89.859 -7.3535 481.31 87.118
0.39167 6.768 354.48 99.046 -22.144 421.11 90.057 -8.3034 490.66 87.201
0.4 6.6845 362.42 99.315 -23.1 430.01 90.266 -9.2326 500.02 87.292
0.40833 6.6379 370.52 99.58 -24.062 438.97 90.48 -10.145 509.37 87.391
0.41667 6.6329 378.8 99.853 -25.024 447.98 90.707 -11.044 518.72 87.498
0.425 6.6834 387.29 100.13 -25.979 457.02 90.939 -11.937 528.05 87.613
0.43333 6.7911 396.02 100.42 -26.918 466.05 91.178 -12.829 537.39 87.737
0.44167 6.952 404.99 100.72 -27.829 475.06 91.427 -13.725 546.75 87.872
0.45 7.15 414.21 101.03 -28.703 484.02 91.683 -14.632 556.14 88.018
0.45833 7.3608 423.67 101.35 -29.526 492.91 91.954 -15.554 565.58 88.177
0.46667 7.5517 433.33 101.68 -30.293 501.72 92.237 -16.494 575.1 88.352
0.475 7.688 443.15 102 -30.997 510.45 92.536 -17.456 584.71 88.544
0.48333 7.7407 453.09 102.31 -31.637 519.1 92.843 -18.438 594.41 88.754
0.49167 7.6867 463.09 102.6 -32.218 527.68 93.158 -19.441 604.21 88.982
0.5 7.5123 473.09 102.86 -32.749 536.2 93.476 -20.46 614.09 89.227
0.50833 7.2123 483.07 103.08 -33.245 544.71 93.79 -21.493 624.05 89.486
0.51667 6.7874 492.97 103.26 -33.72 553.21 94.101 -22.535 634.06 89.756
0.525 6.2469 502.78 103.41 -34.196 561.73 94.408 -23.582 644.09 90.031
0.53333 5.6028 512.49 103.54 -34.701 570.29 94.695 -24.632 654.13 90.306
0.54167 4.8751 522.09 103.65 -35.252 578.89 94.978 -25.685 664.17 90.574
0.55 4.0814 531.61 103.77 -35.876 587.54 95.249 -26.744 674.18 90.828
0.55833 3.2446 541.07 103.92 -36.59 596.23 95.516 -27.816 684.18 91.064
0.56667 2.3869 550.48 104.11 -37.408 604.94 95.788 -28.912 694.15 91.277
0.575 1.5268 559.86 104.35 -38.341 613.65 96.076 -30.05 704.12 91.467
0.58333 0.67759 569.22 104.65 -39.392 622.33 96.391 -31.248 714.1 91.635
0.59167 -0.15701 578.57 105.02 -40.559 630.94 96.745 -32.53 724.1 91.784
0.6 -0.98257 587.9 105.45 -41.837 639.46 97.148 -33.921 734.15 91.921
0.60833 -1.8142 597.21 105.93 -43.215 647.86 97.61 -35.448 744.26 92.055
0.61667 -2.6753 606.49 106.46 -44.682 656.14 98.137 -37.134 754.44 92.197
0.625 -3.5952 615.72 107.03 -46.227 664.28 98.731 -39.003 764.69 92.355
0.63333 -4.6042 624.89 107.61 -47.837 672.28 99.389 -41.071 775.01 92.539
0.64167 -5.7331 633.99 108.18 -49.506 680.16 100.1 -43.352 785.39 92.757
0.65 -7.0046 643.01 108.73 -51.227 687.95 100.87 -45.85 795.81 93.014
0.65833 -8.445 651.91 109.25 -53.003 695.65 101.67 -48.564 806.26 93.312
0.66667 -10.067 660.69 109.72 -54.834 703.31 102.49 -51.488 816.73 93.649
0.675 -11.884 669.33 110.13 -56.731 710.94 103.33 -54.607 827.19 94.02
0.68333 -13.903 677.81 110.47 -58.704 718.57 104.16 -57.904 837.64 94.418
0.69167 -16.121 686.11 110.76 -60.767 726.21 104.97 -61.357 848.08 94.831
0.7 -18.529 694.22 111.01 -62.933 733.87 105.77 -64.945 858.49 95.25
0.70833 -21.111 702.13 111.21 -65.213 741.57 106.53 -68.647 868.9 95.663
0.71667 -23.842 709.85 111.39 -67.62 749.3 107.26 -72.442 879.29 96.06
0.725 -26.694 717.4 111.56 -70.15 757.05 107.98 -76.316 889.69 96.433
0.73333 -29.64 724.79 111.72 -72.815 764.84 108.66 -80.258 900.08 96.777
0.74167 -32.655 732.05 111.89 -75.612 772.65 109.31 -84.261 910.47 97.088
0.75 -35.721 739.22 112.07 -78.536 780.48 109.93 -88.323 920.86 97.367
0.75833 -38.826 746.34 112.26 -81.581 788.33 110.54 -92.444 931.24 97.616
0.76667 -41.964 753.44 112.46 -84.743 796.21 111.11 -96.627 941.6 97.839
0.775 -45.133 760.57 112.66 -88.012 804.1 111.67 -100.88 951.92 98.041
0.78333 -48.337 767.74 112.86 -91.385 812.02 112.19 -105.2 962.19 98.227
0.79167 -51.576 774.99 113.04 -94.855 819.97 112.69 -109.59 972.38 98.4
0.8 -54.851 782.32 113.22 -98.421 827.95 113.15 -114.06 982.49 98.563
0.80833 -58.16 789.74 113.37 -102.08 835.97 113.56 -118.6 992.51 98.716
0.81667 -61.502 797.23 113.51 -105.83 844.03 113.95 -123.2 1002.4 98.86
0.825 -64.874 804.78 113.64 -109.67 852.15 114.29 -127.85 1012.2 98.992
0.83333 -68.273 812.36 113.75 -113.6 860.31 114.6 -132.56 1021.9 99.11
0.84167 -71.704 819.94 113.85 -117.61 868.53 114.88 -137.3 1031.5 99.211
0.85 -75.171 827.5 113.95 -121.71 876.8 115.12 -142.08 1041 99.295
0.85833 -78.686 835.03 114.04 -125.89 885.13 115.33 -146.88 1050.4 99.361
0.86667 -82.269 842.51 114.11 -130.13 893.52 115.53 -151.7 1059.7 99.409
0.875 -85.939 849.95 114.18 -134.45 901.97 115.71 -156.54 1069 99.443
0.88333 -89.725 857.37 114.22 -138.84 910.48 115.87 -161.4 1078.1 99.467
0.89167 -93.648 864.78 114.24 -143.29 919.04 116.02 -166.29 1087.2 99.485
0.9 -97.72 872.22 114.22 -147.8 927.66 116.16 -171.19 1096.1 99.5
0.90833 -101.95 879.7 114.17 -152.38 936.32 116.28 -176.13 1105 99.516
0.91667 -106.36 887.25 114.09 -157.02 945.01 116.38 -181.09 1113.9 99.533
0.925 -110.95 894.85 113.97 -161.75 953.72 116.46 -186.08 1122.7 99.549
0.93333 -115.73 902.53 113.83 -166.55 962.41 116.5 -191.1 1131.4 99.562
0.94167 -120.71 910.26 113.67 -171.44 971.08 116.52 -196.13 1140.1 99.565
0.95 -125.88 918.02 113.5 -176.41 979.69 116.49 -201.17 1148.8 99.549
0.95833 -131.25 925.81 113.33 -181.48 988.23 116.44 -206.21 1157.4 99.506
0.96667 -136.79 933.59 113.17 -186.63 996.7 116.35 -211.23 1166.1 99.429
0.975 -142.48 941.34 113.02 -191.85 1005.1 116.24 -216.23 1174.8 99.311
0.98333 -148.28 949.02 112.9 -197.12 1013.3 116.11 -221.2 1183.5 99.15
0.99167 -154.15 956.62 112.8 -202.43 1021.5 115.96 -226.13 1192.3 98.946
1 -160.02 964.11 112.74 -207.75 1029.6 115.81 -231.02 1201 98.704
1.0083 -165.85 971.5 112.69 -213.05 1037.7 115.66 -235.87 1209.8 98.433
1.0167 -171.57 978.78 112.66 -218.29 1045.7 115.51 -240.69 1218.5 98.145
1.025 -177.14 985.96 112.64 -223.45 1053.7 115.35 -245.48 1227.3 97.853
1.0333 -182.52 993.06 112.61 -228.49 1061.7 115.19 -250.24 1236 97.571
1.0417 -187.71 1000.1 112.56 -233.4 1069.7 115.03 -254.97 1244.7 97.313
1.05 -192.72 1007.2 112.5 -238.15 1077.7 114.84 -259.67 1253.3 97.086
1.0583 -197.55 1014.3 112.4 -242.73 1085.8 114.63 -264.32 1262 96.898
1.0667 -202.26 1021.4 112.28 -247.14 1093.9 114.38 -268.89 1270.6 96.748
1.075 -206.87 1028.6 112.13 -251.37 1102 114.09 -273.37 1279.2 96.633
1.0833 -211.39 1035.9 111.95 -255.43 1110.1 113.74 -277.72 1287.9 96.545
1.0917 -215.85 1043.3 111.76 -259.34 1118.3 113.34 -281.91 1296.6 96.47
1.1 -220.22 1050.9 111.54 -263.09 1126.3 112.89 -285.88 1305.3 96.395
1.1083 -224.49 1058.6 111.32 -266.72 1134.3 112.37 -289.61 1314.1 96.304
1.1167 -228.63 1066.4 111.09 -270.22 1142.3 111.81 -293.06 1322.9 96.181
1.125 -232.62 1074.4 110.85 -273.61 1150.1 111.2 -296.21 1331.8 96.016
1.1333 -236.44 1082.3 110.63 -276.89 1157.9 110.56 -299.04 1340.7 95.799
1.1417 -240.05 1090.4 110.4 -280.07 1165.7 109.89 -301.53 1349.6 95.525
1.15 -243.44 1098.4 110.18 -283.15 1173.4 109.2 -303.71 1358.6 95.196
1.1583 -246.6 1106.4 109.97 -286.12 1181.2 108.49 -305.57 1367.5 94.815
1.1667 -249.55 1114.4 109.76 -288.99 1189 107.78 -307.15 1376.3 94.391
1.175 -252.28 1122.4 109.55 -291.75 1196.9 107.06 -308.47 1385.1 93.933
1.1833 -254.83 1130.3 109.34 -294.39 1204.9 106.34 -309.57 1393.8 93.452
1.1917 -257.21 1138.2 109.11 -296.91 1213 105.62 -310.49 1402.4 92.96
1.2 -259.46 1146.1 108.88 -299.31 1221.3 104.89 -311.25 1410.9 92.465
1.2083 -261.62 1154 108.62 -301.59 1229.7 104.17 -311.9 1419.3 91.976
1.2167 -263.71 1161.8 108.36 -303.76 1238.3 103.44 -312.46 1427.7 91.498
1.225 -265.77 1169.6 108.07 -305.82 1247 102.72 -312.95 1436.1 91.035
1.2333 -267.8 1177.4 107.78 -307.77 1255.8 102.01 -313.38 1444.4 90.589
1.2417 -269.83 1185.1 107.47 -309.62 1264.6 101.31 -313.78 1452.8 90.161
1.25 -271.86 1192.8 107.15 -311.39 1273.6 100.62 -314.14 1461.2 89.752
1.2583 -273.86 1200.5 106.82 -313.06 1282.6 99.956 -314.46 1469.6 89.362
1.2667 -275.83 1208.1 106.49 -314.64 1291.6 99.316 -314.76 1478.1 88.993
1.275 -277.76 1215.7 106.16 -316.14 1300.6 98.706 -315.03 1486.7 88.644
1.2833 -279.64 1223.2 105.84 -317.54 1309.7 98.127 -315.27 1495.3 88.319
1.2917 -281.45 1230.8 105.51 -318.84 1318.7 97.58 -315.47 1504 88.019
1.3 -283.19 1238.3 105.19 -320.04 1327.8 97.066 -315.63 1512.6 87.745
1.3083 -284.87 1245.8 104.87 -321.13 1336.9 96.584 -315.75 1521.4 87.498
1.3167 -286.49 1253.4 104.55 -322.1 1346 96.131 -315.82 1530.1 87.278
1.325 -288.05 1261 104.23 -322.97 1355.2 95.704 -315.85 1538.8 87.082
1.3333 -289.57 1268.6 103.92 -323.73 1364.5 95.3 -315.82 1547.5 86.907
1.3417 -291.03 1276.3 103.6 -324.39 1373.7 94.921 -315.73 1556.2 86.749
1.35 -292.45 1284.1 103.29 -324.97 1383.1 94.562 -315.58 1564.9 86.602
1.3583 -293.82 1292 102.99 -325.47 1392.4 94.228 -315.36 1573.7 86.46
1.3667 -295.12 1300 102.7 -325.9 1401.8 93.916 -315.07 1582.4 86.318
1.375 -296.36 1308.1 102.43 -326.29 1411.3 93.63 -314.71 1591.1 86.173
1.3833 -297.52 1316.4 102.17 -326.64 1420.8 93.374 -314.27 1599.9 86.02
1.3917 -298.59 1324.8 101.95 -326.94 1430.3 93.145 -313.76 1608.7 85.86
1.4 -299.59 1333.3 101.75 -327.22 1439.8 92.947 -313.18 1617.6 85.692
1.4083 -300.51 1341.9 101.58 -327.46 1449.4 92.777 -312.53 1626.4 85.519
1.4167 -301.36 1350.7 101.44 -327.67 1459 92.635 -311.82 1635.3 85.345
1.425 -302.16 1359.6 101.34 -327.84 1468.6 92.514 -311.04 1644.3 85.173
1.4333 -302.91 1368.6 101.28 -327.97 1478.3 92.41 -310.19 1653.2 85.007
1.4417 -303.61 1377.8 101.26 -328.06 1488.1 92.317 -309.29 1662.2 84.851
1.45 -304.27 1387.1 101.26 -328.1 1498 92.227 -308.31 1671.2 84.706
1.4583 -304.89 1396.5 101.29 -328.09 1508 92.133 -307.26 1680.2 84.573
1.4667 -305.44 1406 101.34 -328.02 1518.1 92.029 -306.14 1689.3 84.452
1.475 -305.92 1415.7 101.39 -327.89 1528.4 91.909 -304.94 1698.4 84.341
1.4833 -306.32 1425.5 101.44 -327.69 1538.7 91.767 -303.67 1707.6 84.237
1.4917 -306.62 1435.5 101.48 -327.4 1549.3 91.6 -302.31 1716.9 84.137
1.5 -306.83 1445.7 101.49 -327.02 1560 91.405 -300.87 1726.3 84.037
1.5083 -306.94 1456 101.47 -326.53 1570.9 91.182 -299.34 1735.9 83.934
1.5167 -306.97 1466.5 101.41 -325.92 1582.1 90.93 -297.75 1745.7 83.827
1.525 -306.93 1477.1 101.31 -325.18 1593.4 90.651 -296.08 1755.6 83.713
1.5333 -306.83 1487.8 101.16 -324.29 1605 90.353 -294.34 1765.8 83.593
1.5417 -306.69 1498.8 100.97 -323.26 1616.8 90.027 -292.55 1776.2 83.466
1.55 -306.51 1509.8 100.74 -322.1 1628.8 89.675 -290.71 1786.7 83.333
1.5583 -306.3 1521 100.47 -320.8 1641.1 89.312 -288.83 1797.4 83.194
1.5667 -306.04 1532.4 100.17 -319.4 1653.4 88.941 -286.92 1808.2 83.05
1.575 -305.74 1543.8 99.852 -317.93 1666 88.56 -284.99 1819 82.9
1.5833 -305.37 1555.3 99.518 -316.43 1678.5 88.183 -283.05 1830 82.744
1.5917 -304.91 1566.9 99.177 -314.92 1691.1 87.809 -281.12 1840.8 82.581
1.6 -304.35 1578.6 98.835 -313.44 1703.6 87.452 -279.2 1851.7 82.411
1.6083 -303.67 1590.3 98.498 -312.04 1716 87.117 -277.33 1862.4 82.231
1.6167 -302.84 1602 98.171 -310.73 1728.1 86.811 -275.51 1872.9 82.043
1.625 -301.88 1613.7 97.854 -309.52 1740.1 86.544 -273.77 1883.3 81.847
1.6333 -300.79 1625.4 97.548 -308.43 1751.7 86.321 -272.13 1893.5 81.644
1.6417 -299.59 1637 97.249 -307.44 1762.9 86.149 -270.61 1903.4 81.439
1.65 -298.32 1648.5 96.951 -306.55 1773.9 86.029 -269.23 1913.1 81.236
1.6583 -297.02 1659.9 96.644 -305.75 1784.4 85.964 -268.03 1922.6 81.041
1.6667 -295.73 1671.3 96.319 -305.02 1794.7 85.95 -267 1931.9 80.859
1.675 -294.49 1682.5 95.967 -304.35 1804.7 85.984 -266.17 1940.9 80.698
1.6833 -293.31 1693.6 95.583 -303.75 1814.4 86.059 -265.53 1949.8 80.562
1.6917 -292.22 1704.6 95.163 -303.2 1823.8 86.167 -265.1 1958.6 80.457
1.7 -291.23 1715.5 94.712 -302.72 1833.2 86.3 -264.85 1967.2 80.385
1.7083 -290.33 1726.3 94.232 -302.32 1842.3 86.45 -264.77 1975.7 80.349
1.7167 -289.51 1737 93.734 -302.01 1851.4 86.611 -264.86 1984.1 80.348
1.725 -288.76 1747.7 93.228 -301.79 1860.4 86.778 -265.08 1992.5 80.379
1.7333 -288.06 1758.4 92.727 -301.66 1869.4 86.948 -265.41 2000.8 80.439
1.7417 -287.41 1769 92.25 -302.73 1878.3 87.253 -265.82 2009.1 80.514
1.75 -286.75 1779.6 91.8 -302.79 1887.1 87.434 -266.32 2017.4 80.617
1.7583 -286.09 1790.1 91.392 -302.88 1896 87.621 -266.87 2025.7 80.732
1.7667 -285.4 1800.6 91.031 -301.72 1904.9 87.665 -267.47 2034 80.864
1.775 -284.72 1811.1 90.733 -301.71 1913.6 87.863 -268.09 2042.3 80.99
1.7833 -284.04 1821.5 90.492 -301.59 1922.4 88.073 -268.73 2050.6 81.115
1.7917 -283.37 1831.8 90.304 -301.36 1931.2 88.297 -269.39 2058.8 81.238
1.8 -282.72 1842 90.16 -300.97 1939.9 88.534 -270.08 2067 81.357
1.8083 -282.13 1852.2 90.051 -300.44 1948.6 88.782 -270.8 2075.2 81.474
1.8167 -281.61 1862.4 89.962 -299.78 1957.4 89.039 -271.55 2083.3 81.588
1.825 -281.18 1872.5 89.881 -299.03 1966.2 89.302 -272.33 2091.4 81.701
1.8333 -280.83 1882.5 89.796 -298.24 1975 89.567 -273.15 2099.3 81.816
1.8417 -280.58 1892.6 89.696 -297.5 1983.9 89.829 -274 2107.2 81.935
1.85 -280.41 1902.7 89.576 -296.86 1992.9 90.084 -274.89 2115 82.059
1.8583 -280.31 1912.8 89.432 -296.4 2001.9 90.331 -275.81 2122.7 82.19
1.8667 -280.26 1922.9 89.267 -296.17 2011 90.565 -276.76 2130.3 82.33
1.875 -280.24 1933.1 89.083 -296.22 2020.1 90.786 -277.73 2137.9 82.478
1.8833 -280.23 1943.3 88.888 -296.54 2029.2 90.994 -278.72 2145.5 82.634
1.8917 -280.21 1953.5 88.687 -297.13 2038.4 91.189 -279.71 2153 82.799
1.9 -280.2 1963.7 88.489 -297.93 2047.7 91.37 -280.71 2160.5 82.969
1.9083 -280.17 1973.9 88.299 -298.89 2056.9 91.54 -281.71 2168 83.145
1.9167 -280.15 1984.1 88.124 -299.94 2066.2 91.697 -282.69 2175.6 83.324
