0.0083333 -27.609 1.5209 98.795 -59.892 122.72 87.596 -33.609 283.4 84.433
0.016667 -26.938 8.6743 98.787 -59.977 131.64 87.737 -33.495 291.48 84.406
0.025 -26.253 16.022 98.798 -60.01 140.71 87.88 -33.373 299.64 84.388
0.033333 -25.556 23.59 98.833 -59.982 149.94 88.017 -33.242 307.9 84.38
0.041667 -24.85 31.405 98.895 -59.886 159.34 88.14 -33.094 316.27 84.384
0.05 -24.138 39.496 98.983 -59.716 168.92 88.241 -32.923 324.74 84.397
0.058333 -23.425 47.89 99.095 -59.465 178.67 88.314 -32.719 333.34 84.419
0.066667 -22.717 56.606 99.225 -59.125 188.61 88.354 -32.473 342.09 84.448
0.075 -22.025 65.659 99.367 -58.692 198.72 88.358 -32.181 350.99 84.481
0.083333 -21.364 75.056 99.511 -58.159 209 88.326 -31.836 360.07 84.52
0.091667 -20.75 84.791 99.652 -57.523 219.46 88.259 -31.439 369.36 84.562
0.1 -20.201 94.851 99.781 -56.78 230.09 88.158 -30.992 378.86 84.611
0.10833 -19.734 105.21 99.894 -55.931 240.89 88.028 -30.5 388.58 84.668
0.11667 -19.362 115.86 99.983 -54.976 251.85 87.874 -29.971 398.52 84.737
0.125 -19.088 126.74 100.05 -53.923 262.98 87.701 -29.411 408.67 84.82
0.13333 -18.91 137.85 100.08 -52.78 274.25 87.516 -28.829 419.01 84.92
0.14167 -18.816 149.14 100.09 -51.563 285.66 87.327 -28.233 429.5 85.039
0.15 -18.784 160.58 100.07 -50.288 297.2 87.14 -27.626 440.11 85.177
0.15833 -18.788 172.15 100.02 -48.98 308.84 86.962 -27.014 450.78 85.333
0.16667 -18.801 183.81 99.951 -47.664 320.53 86.799 -26.396 461.47 85.502
0.175 -18.793 195.55 99.852 -46.368 332.26 86.661 -25.774 472.14 85.68
0.18333 -18.735 207.32 99.73 -45.121 343.97 86.553 -25.147 482.75 85.858
0.19167 -18.607 219.11 99.585 -43.95 355.61 86.482 -24.517 493.26 86.031
0.2 -18.394 230.9 99.416 -42.877 367.15 86.455 -23.886 503.65 86.192
0.20833 -18.09 242.65 99.221 -41.925 378.53 86.475 -23.26 513.92 86.334
0.21667 -17.704 254.37 98.999 -41.107 389.72 86.546 -22.647 524.06 86.454
0.225 -17.256 266.02 98.745 -40.431 400.7 86.671 -22.058 534.09 86.549
0.23333 -16.775 277.6 98.456 -39.898 411.43 86.848 -21.509 544.02 86.621
0.24167 -16.291 289.1 98.132 -39.505 421.93 87.075 -21.015 553.89 86.672
0.25 -15.825 300.52 97.769 -39.242 432.2 87.349 -20.594 563.71 86.708
0.25833 -15.39 311.86 97.371 -39.095 442.26 87.664 -20.262 573.52 86.736
0.26667 -14.99 323.12 96.941 -39.05 452.14 88.012 -20.035 583.33 86.763
0.275 -14.621 334.32 96.488 -39.09 461.87 88.386 -19.925 593.17 86.797
0.28333 -14.273 345.44 96.022 -39.201 471.51 88.777 -19.94 603.03 86.844
0.29167 -13.938 356.5 95.561 -39.369 481.07 89.182 -20.085 612.93 86.908
0.3 -13.601 367.49 95.117 -39.583 490.6 89.589 -20.36 622.86 86.994
0.30833 -13.252 378.44 94.708 -39.836 500.13 89.997 -20.762 632.81 87.101
0.31667 -12.887 389.35 94.344 -40.124 509.68 90.401 -21.287 642.78 87.23
0.325 -12.502 400.23 94.033 -40.446 519.27 90.798 -21.926 652.75 87.377
0.33333 -12.108 411.1 93.781 -40.801 528.91 91.186 -22.672 662.72 87.539
0.34167 -11.723 421.98 93.585 -41.195 538.6 91.564 -23.517 672.66 87.711
0.35 -11.367 432.86 93.441 -41.629 548.35 91.932 -24.454 682.57 87.889
0.35833 -11.066 443.76 93.341 -42.108 558.16 92.29 -25.477 692.45 88.069
0.36667 -10.846 454.67 93.271 -42.635 568.02 92.637 -26.582 702.28 88.248
0.375 -10.731 465.59 93.217 -43.213 577.93 92.974 -27.765 712.05 88.425
0.38333 -10.734 476.51 93.168 -43.842 587.9 93.299 -29.025 721.77 88.598
0.39167 -10.862 487.41 93.11 -44.523 597.92 93.61 -30.357 731.44 88.768
0.4 -11.113 498.3 93.035 -45.252 608 93.908 -31.758 741.05 88.937
0.40833 -11.473 509.16 92.938 -46.027 618.15 94.191 -33.223 750.6 89.106
0.41667 -11.928 520 92.814 -46.845 628.36 94.457 -34.746 760.09 89.278
0.425 -12.449 530.83 92.667 -47.7 638.64 94.706 -36.317 769.53 89.453
0.43333 -13.012 541.64 92.501 -48.588 648.98 94.939 -37.928 778.93 89.633
0.44167 -13.593 552.47 92.321 -49.506 659.38 95.156 -39.568 788.28 89.818
0.45 -14.172 563.32 92.138 -50.451 669.83 95.358 -41.224 797.62 90.006
0.45833 -14.738 574.21 91.958 -51.421 680.33 95.546 -42.886 806.94 90.197
0.46667 -15.287 585.16 91.793 -52.415 690.86 95.723 -44.545 816.26 90.388
0.475 -15.823 596.18 91.651 -53.435 701.43 95.889 -46.191 825.59 90.577
0.48333 -16.362 607.28 91.539 -54.484 712.03 96.045 -47.819 834.96 90.759
0.49167 -16.924 618.49 91.463 -55.563 722.66 96.192 -49.426 844.36 90.932
0.5 -17.532 629.81 91.426 -56.677 733.33 96.328 -51.01 853.82 91.095
0.50833 -18.212 641.24 91.426 -57.83 744.04 96.453 -52.575 863.32 91.244
0.51667 -18.99 652.8 91.46 -59.023 754.81 96.567 -54.124 872.87 91.38
0.525 -19.876 664.5 91.521 -60.259 765.65 96.668 -55.666 882.48 91.503
0.53333 -20.878 676.35 91.599 -61.54 776.58 96.757 -57.211 892.13 91.615
0.54167 -21.992 688.34 91.684 -62.868 787.61 96.834 -58.768 901.82 91.718
0.55 -23.208 700.49 91.764 -64.242 798.77 96.901 -60.351 911.55 91.815
0.55833 -24.505 712.8 91.832 -65.667 810.06 96.96 -61.972 921.31 91.911
0.56667 -25.869 725.24 91.883 -67.144 821.49 97.015 -63.644 931.12 92.009
0.575 -27.278 737.8 91.916 -68.679 833.05 97.072 -65.379 940.97 92.112
0.58333 -28.735 750.5 91.926 -70.281 844.76 97.133 -67.188 950.89 92.222
0.59167 -30.234 763.32 91.916 -71.957 856.6 97.206 -69.083 960.88 92.342
0.6 -31.776 776.27 91.888 -73.72 868.57 97.295 -71.07 970.98 92.47
0.60833 -33.365 789.37 91.845 -75.581 880.66 97.404 -73.157 981.19 92.605
0.61667 -35.008 802.65 91.793 -77.55 892.87 97.536 -75.345 991.55 92.744
0.625 -36.706 816.12 91.739 -79.638 905.2 97.692 -77.635 1002.1 92.883
0.63333 -38.459 829.8 91.69 -81.85 917.64 97.871 -80.024 1012.7 93.018
0.64167 -40.268 843.7 91.656 -84.189 930.2 98.072 -82.506 1023.6 93.144
0.65 -42.124 857.82 91.648 -86.651 942.89 98.289 -85.075 1034.6 93.256
0.65833 -44.018 872.15 91.675 -89.225 955.69 98.519 -87.721 1045.7 93.353
0.66667 -45.939 886.64 91.751 -91.894 968.61 98.756 -90.432 1057 93.432
0.675 -47.883 901.26 91.884 -94.635 981.64 98.994 -93.2 1068.4 93.495
0.68333 -49.848 915.94 92.085 -97.419 994.77 99.228 -96.012 1079.8 93.546
0.69167 -51.839 930.61 92.357 -100.21 1008 99.455 -98.859 1091.4 93.588
0.7 -53.866 945.22 92.701 -102.99 1021.2 99.669 -101.73 1102.9 93.631
0.70833 -55.937 959.71 93.114 -105.7 1034.5 99.87 -104.62 1114.5 93.681
0.71667 -58.062 974.02 93.584 -108.33 1047.7 100.05 -107.52 1126 93.746
0.725 -60.249 988.12 94.097 -110.85 1060.9 100.22 -110.41 1137.6 93.834
0.73333 -62.499 1002 94.63 -113.24 1074 100.38 -113.3 1149.1 93.95
0.74167 -64.81 1015.6 95.162 -115.48 1086.8 100.51 -116.17 1160.6 94.098
0.75 -67.176 1029 95.671 -117.58 1099.5 100.63 -119 1172.2 94.276
0.75833 -69.592 1042.1 96.144 -119.53 1112 100.73 -121.79 1183.7 94.483
0.76667 -72.054 1055.1 96.576 -121.36 1124.3 100.82 -124.51 1195.3 94.71
0.775 -74.565 1067.9 96.97 -123.07 1136.3 100.89 -127.15 1206.9 94.951
0.78333 -77.122 1080.5 97.335 -124.7 1148.1 100.93 -129.7 1218.5 95.194
0.79167 -79.724 1093.2 97.68 -126.25 1159.8 100.95 -132.13 1230.1 95.43
0.8 -82.358 1105.7 98.016 -127.76 1171.2 100.95 -134.45 1241.7 95.647
0.80833 -85.013 1118.3 98.357 -129.25 1182.6 100.92 -136.63 1253.3 95.839
0.81667 -87.672 1130.7 98.704 -130.73 1193.8 100.87 -138.69 1265 95.999
0.825 -90.311 1143.2 99.071 -132.21 1205 100.78 -140.62 1276.6 96.126
0.83333 -92.907 1155.6 99.461 -133.7 1216.2 100.68 -142.42 1288.1 96.22
0.84167 -95.441 1167.9 99.875 -135.22 1227.3 100.56 -144.13 1299.6 96.284
0.85 -97.895 1180.2 100.31 -136.76 1238.5 100.42 -145.74 1311.1 96.323
0.85833 -100.26 1192.5 100.76 -138.31 1249.7 100.26 -147.29 1322.5 96.344
0.86667 -102.52 1204.6 101.23 -139.89 1260.9 100.1 -148.79 1333.9 96.352
0.875 -104.69 1216.8 101.71 -141.48 1272.1 99.944 -150.26 1345.2 96.354
0.88333 -106.77 1228.9 102.2 -143.08 1283.4 99.789 -151.72 1356.4 96.354
0.89167 -108.79 1241 102.69 -144.7 1294.6 99.642 -153.18 1367.7 96.353
0.9 -110.76 1253 103.19 -146.32 1305.9 99.509 -154.63 1378.9 96.352
0.90833 -112.7 1265 103.7 -147.95 1317.2 99.394 -156.1 1390.1 96.35
0.91667 -114.63 1277 104.21 -149.6 1328.5 99.298 -157.56 1401.3 96.342
0.925 -116.55 1288.9 104.75 -151.26 1339.9 99.225 -159.03 1412.5 96.326
0.93333 -118.49 1300.8 105.3 -152.94 1351.2 99.175 -160.48 1423.7 96.296
0.94167 -120.42 1312.6 105.87 -154.65 1362.7 99.148 -161.93 1434.9 96.25
0.95 -122.33 1324.3 106.46 -156.39 1374.2 99.146 -163.35 1446 96.186
0.95833 -124.22 1336 107.08 -158.16 1385.8 99.166 -164.76 1457.2 96.105
0.96667 -126.05 1347.7 107.7 -159.96 1397.6 99.21 -166.15 1468.3 96.01
0.975 -127.81 1359.5 108.35 -161.8 1409.4 99.275 -167.54 1479.5 95.904
0.98333 -129.46 1371.3 108.99 -163.68 1421.3 99.362 -168.93 1490.6 95.793
0.99167 -130.99 1383.2 109.62 -165.6 1433.3 99.468 -170.33 1501.8 95.684
1 -132.39 1395.2 110.24 -167.54 1445.5 99.592 -171.75 1512.9 95.582
1.0083 -133.68 1407.4 110.83 -169.52 1457.7 99.732 -173.2 1524.1 95.493
1.0167 -134.86 1419.7 111.4 -171.51 1470 99.887 -174.68 1535.3 95.419
1.025 -135.96 1432.2 111.93 -173.53 1482.4 100.05 -176.19 1546.5 95.362
1.0333 -137.01 1444.9 112.43 -175.55 1494.9 100.23 -177.72 1557.7 95.318
1.0417 -138.05 1457.8 112.9 -177.58 1507.4 100.42 -179.27 1569 95.285
1.05 -139.13 1470.8 113.35 -179.61 1520 100.61 -180.82 1580.4 95.257
1.0583 -140.27 1483.9 113.79 -181.63 1532.6 100.81 -182.35 1591.8 95.227
1.0667 -141.52 1497.1 114.24 -183.64 1545.3 101.01 -183.86 1603.3 95.19
1.075 -142.9 1510.3 114.67 -185.63 1558 101.21 -185.32 1614.9 95.141
1.0833 -144.44 1523.6 115.11 -187.6 1570.8 101.42 -186.74 1626.5 95.077
1.0917 -146.1 1536.9 115.53 -189.55 1583.6 101.63 -188.11 1638.2 94.998
1.1 -147.88 1550.2 115.93 -191.47 1596.5 101.84 -189.44 1649.9 94.907
1.1083 -149.73 1563.5 116.29 -193.35 1609.4 102.04 -190.73 1661.8 94.81
1.1167 -151.63 1576.7 116.59 -195.19 1622.5 102.25 -192.02 1673.7 94.716
1.125 -153.55 1590 116.84 -197 1635.6 102.44 -193.31 1685.6 94.634
1.1333 -155.49 1603.5 117.01 -198.76 1648.8 102.63 -194.63 1697.7 94.575
1.1417 -157.46 1617 117.11 -200.49 1662.2 102.8 -196.01 1709.8 94.548
1.15 -159.48 1630.7 117.14 -202.16 1675.7 102.94 -197.46 1722 94.561
1.1583 -161.56 1644.6 117.09 -203.8 1689.3 103.06 -198.98 1734.2 94.619
1.1667 -163.74 1658.7 116.97 -205.41 1703.1 103.15 -200.59 1746.5 94.722
1.175 -166.03 1672.9 116.79 -206.99 1717 103.2 -202.29 1758.8 94.868
1.1833 -168.42 1687.4 116.55 -208.56 1731 103.22 -204.05 1771.2 95.049
1.1917 -170.94 1702 116.25 -210.14 1745.1 103.2 -205.86 1783.7 95.255
1.2 -173.55 1716.6 115.9 -211.75 1759.3 103.14 -207.72 1796.2 95.475
1.2083 -176.25 1731.1 115.51 -213.42 1773.6 103.06 -209.59 1808.8 95.694
1.2167 -178.99 1745.6 115.1 -215.16 1787.8 102.95 -211.47 1821.4 95.899
1.225 -181.74 1760 114.67 -217 1802 102.82 -213.34 1834.1 96.076
1.2333 -184.46 1774.2 114.25 -218.97 1816.1 102.69 -215.21 1846.8 96.217
1.2417 -187.11 1788.2 113.86 -221.07 1830 102.56 -217.09 1859.6 96.313
1.25 -189.66 1802 113.5 -223.31 1843.8 102.45 -218.98 1872.4 96.364
1.2583 -192.1 1815.7 113.2 -225.7 1857.3 102.37 -220.92 1885.2 96.371
1.2667 -194.42 1829.3 112.95 -228.24 1870.6 102.34 -222.93 1898.1 96.34
1.275 -196.64 1842.7 112.77 -230.91 1883.7 102.35 -225.04 1910.9 96.282
1.2833 -198.77 1856 112.64 -233.69 1896.5 102.43 -227.3 1923.8 96.207
1.2917 -200.85 1869.2 112.57 -236.57 1909.1 102.57 -229.74 1936.6 96.13
1.3 -202.88 1882.4 112.55 -239.53 1921.4 102.78 -232.38 1949.4 96.064
1.3083 -204.89 1895.6 112.55 -242.54 1933.4 103.05 -235.24 1962.1 96.021
1.3167 -206.92 1908.7 112.57 -245.59 1945.3 103.39 -238.35 1974.8 96.012
1.325 -208.99 1921.7 112.59 -248.67 1957 103.78 -241.7 1987.4 96.043
1.3333 -211.15 1934.7 112.61 -251.76 1968.6 104.21 -245.29 1999.9 96.119
1.3417 -213.43 1947.5 112.62 -254.87 1980 104.7 -249.11 2012.4 96.242
1.35 -215.85 1960.2 112.61 -257.98 1991.4 105.21 -253.14 2024.8 96.409
1.3583 -218.42 1972.6 112.58 -261.12 2002.7 105.76 -257.36 2037.2 96.617
1.3667 -221.14 1984.9 112.53 -264.27 2014 106.32 -261.73 2049.5 96.858
1.375 -224.03 1997 112.46 -267.46 2025.2 106.9 -266.24 2061.8 97.126
1.3833 -227.06 2009 112.38 -270.69 2036.4 107.5 -270.86 2074.1 97.412
1.3917 -230.23 2020.7 112.29 -273.97 2047.7 108.1 -275.56 2086.3 97.709
1.4 -233.51 2032.3 112.21 -277.31 2058.9 108.7 -280.32 2098.6 98.007
1.4083 -236.89 2043.8 112.12 -280.72 2070.1 109.3 -285.12 2110.8 98.302
1.4167 -240.35 2055.2 112.05 -284.2 2081.3 109.9 -289.95 2122.9 98.589
1.425 -243.86 2066.5 111.98 -287.76 2092.6 110.49 -294.79 2135.1 98.865
1.4333 -247.41 2077.8 111.92 -291.39 2103.8 111.07 -299.63 2147.1 99.128
1.4417 -250.99 2089 111.87 -295.1 2115.1 111.62 -304.47 2159.1 99.378
1.45 -254.59 2100.3 111.82 -298.87 2126.4 112.15 -309.31 2171.1 99.617
1.4583 -258.22 2111.5 111.77 -302.72 2137.7 112.65 -314.13 2182.9 99.845
1.4667 -261.88 2122.7 111.71 -306.64 2149.1 113.11 -318.95 2194.7 100.07
1.475 -265.57 2134 111.64 -310.63 2160.5 113.54 -323.75 2206.5 100.28
1.4833 -269.29 2145.2 111.56 -314.68 2172 113.93 -328.55 2218.2 100.49
1.4917 -273.05 2156.4 111.46 -318.8 2183.5 114.28 -333.33 2229.8 100.69
1.5 -276.84 2167.7 111.35 -322.99 2195.1 114.6 -338.09 2241.5 100.88
1.5083 -280.66 2179 111.22 -327.24 2206.8 114.88 -342.84 2253.1 101.06
1.5167 -284.52 2190.3 111.1 -331.55 2218.6 115.12 -347.58 2264.7 101.22
1.525 -288.41 2201.6 110.98 -335.93 2230.4 115.34 -352.3 2276.4 101.37
1.5333 -292.35 2213 110.87 -340.37 2242.3 115.53 -357 2288.1 101.5
1.5417 -296.33 2224.3 110.78 -344.88 2254.2 115.69 -361.69 2299.9 101.61
1.55 -300.38 2235.8 110.7 -349.46 2266.3 115.83 -366.36 2311.6 101.69
1.5583 -304.51 2247.3 110.64 -354.1 2278.4 115.95 -371.02 2323.4 101.75
1.5667 -308.74 2259 110.58 -358.83 2290.6 116.05 -375.67 2335.2 101.78
1.575 -313.08 2270.7 110.53 -363.64 2302.8 116.13 -380.33 2347.1 101.79
1.5833 -317.54 2282.6 110.46 -368.54 2315.1 116.2 -385 2358.9 101.79
1.5917 -322.13 2294.6 110.38 -373.53 2327.5 116.24 -389.69 2370.7 101.78
1.6 -326.87 2306.7 110.29 -378.63 2339.9 116.28 -394.41 2382.6 101.76
1.6083 -331.75 2319 110.18 -383.83 2352.4 116.3 -399.18 2394.4 101.73
1.6167 -336.78 2331.2 110.05 -389.14 2364.9 116.31 -404.01 2406.2 101.71
1.625 -341.96 2343.6 109.89 -394.56 2377.4 116.33 -408.92 2418 101.68
1.6333 -347.3 2356.1 109.73 -400.09 2390 116.34 -413.91 2429.9 101.66
1.6417 -352.79 2368.7 109.55 -405.72 2402.6 116.36 -418.99 2441.8 101.62
1.65 -358.43 2381.5 109.37 -411.47 2415.1 116.39 -424.16 2453.8 101.58
1.6583 -364.22 2394.5 109.19 -417.33 2427.7 116.44 -429.44 2465.8 101.53
1.6667 -370.14 2407.6 109.02 -423.28 2440.3 116.5 -434.81 2477.8 101.45
1.675 -376.2 2421.1 108.87 -429.34 2452.9 116.58 -440.27 2489.8 101.35
1.6833 -382.38 2434.7 108.76 -435.48 2465.5 116.67 -445.83 2501.9 101.22
1.6917 -388.67 2448.6 108.7 -441.71 2478.1 116.78 -451.46 2514 101.07
1.7 -395.04 2462.7 108.7 -448.01 2490.7 116.88 -457.18 2526.1 100.89
1.7083 -401.49 2476.9 108.78 -454.36 2503.4 116.98 -462.97 2538.1 100.71
1.7167 -408 2491.2 108.93 -460.75 2516.1 117.08 -468.82 2550.1 100.52
1.725 -414.54 2505.4 109.18 -467.15 2528.8 117.15 -474.73 2562 100.34
1.7333 -421.11 2519.6 109.5 -473.52 2541.6 117.21 -480.7 2573.9 100.19
1.7417 -427.67 2533.5 109.89 -479.84 2554.4 117.23 -486.7 2585.7 100.08
1.75 -434.2 2547.3 110.34 -486.08 2567.3 117.23 -492.74 2597.5 100.01
1.7583 -440.69 2560.7 110.82 -492.2 2580.1 117.19 -498.8 2609.2 100
1.7667 -447.09 2573.8 111.3 -498.18 2593 117.13 -504.86 2621 100.06
1.775 -453.39 2586.6 111.77 -503.99 2605.8 117.03 -510.9 2632.8 100.17
1.7833 -459.58 2599 112.2 -509.6 2618.5 116.91 -516.91 2644.6 100.33
1.7917 -465.67 2611.2 112.59 -515.02 2631.1 116.77 -522.85 2656.5 100.53
1.8 -471.68 2623.1 112.94 -520.24 2643.6 116.62 -528.71 2668.5 100.75
1.8083 -477.63 2634.9 113.25 -525.27 2655.9 116.45 -534.46 2680.7 100.98
1.8167 -483.53 2646.6 113.53 -530.13 2668.1 116.27 -540.07 2692.9 101.19
1.825 -489.39 2658.2 113.78 -534.83 2680.1 116.09 -545.53 2705.3 101.37
1.8333 -495.18 2669.7 114.01 -539.41 2691.9 115.89 -550.83 2717.7 101.5
1.8417 -500.91 2681.2 114.22 -543.89 2703.5 115.69 -555.95 2730.3 101.58
1.85 -506.56 2692.6 114.44 -548.31 2715 115.48 -560.9 2742.9 101.6
1.8583 -512.1 2704.1 114.65 -552.7 2726.4 115.26 -565.67 2755.5 101.56
1.8667 -517.51 2715.6 114.87 -557.06 2737.7 115.03 -570.29 2768.1 101.47
1.875 -522.78 2727 115.09 -561.43 2749 114.79 -574.77 2780.6 101.34
1.8833 -527.91 2738.5 115.32 -565.8 2760.2 114.54 -579.12 2793.2 101.18
1.8917 -532.89 2750 115.56 -570.19 2771.5 114.27 -583.36 2805.7 100.99
1.9 -537.73 2761.5 115.81 -574.59 2782.8 114 -587.52 2818.1 100.8
1.9083 -542.47 2773.1 116.07 -579.01 2794.1 113.72 -591.6 2830.4 100.6
1.9167 -547.12 2784.6 116.34 -583.43 2805.6 113.45 -595.61 2842.8 100.41
1.925 -551.71 2796.1 116.62 -587.86 2817.1 113.18 -599.58 2855 100.21
1.9333 -556.27 2807.7 116.92 -592.29 2828.7 112.92 -603.5 2867.2 100.02
1.9417 -560.82 2819.2 117.23 -596.72 2840.4 112.67 -607.38 2879.4 99.833
1.95 -565.39 2830.6 117.57 -601.16 2852.2 112.44 -611.23 2891.6 99.64
1.9583 -569.97 2842 117.92 -605.6 2864 112.23 -615.04 2903.8 99.439
1.9667 -574.58 2853.4 118.3 -610.05 2875.9 112.04 -618.83 2915.9 99.227
1.975 -579.19 2864.7 118.68 -614.53 2887.9 111.88 -622.6 2928.1 99.004
1.9833 -583.8 2875.9 119.08 -619.03 2899.8 111.74 -626.34 2940.2 98.769
1.9917 -588.39 2887.2 119.48 -623.57 2911.9 111.61 -630.09 2952.4 98.526
2 -592.94 2898.4 119.88 -628.14 2924 111.51 -633.83 2964.5 98.279
2.0083 -597.44 2909.7 120.28 -632.75 2936.1 111.41 -637.58 2976.7 98.032
2.0167 -601.88 2921 120.66 -637.38 2948.4 111.33 -641.34 2988.9 97.793
2.025 -606.25 2932.5 121.03 -642.04 2960.7 111.25 -645.13 3001 97.565
2.0333 -610.55 2944.2 121.37 -646.71 2973.1 111.19 -648.94 3013.2 97.352
2.0417 -614.79 2956 121.67 -651.39 2985.6 111.12 -652.77 3025.4 97.156
2.05 -618.98 2968 121.94 -656.05 2998.1 111.07 -656.62 3037.6 96.978
2.0583 -623.14 2980.2 122.17 -660.7 3010.8 111.01 -660.49 3049.9 96.814
2.0667 -627.29 2992.6 122.36 -665.33 3023.6 110.97 -664.36 3062.2 96.66
2.075 -631.44 3005.2 122.52 -669.92 3036.5 110.93 -668.23 3074.5 96.513
2.0833 -635.62 3018 122.66 -674.48 3049.4 110.9 -672.1 3086.8 96.367
2.0917 -639.84 3031 122.79 -679.01 3062.4 110.89 -675.94 3099.3 96.216
2.1 -644.14 3044.1 122.91 -683.5 3075.5 110.88 -679.76 3111.8 96.059
2.1083 -648.52 3057.3 123.03 -687.97 3088.7 110.89 -683.55 3124.3 95.893
2.1167 -653 3070.6 123.15 -692.41 3101.9 110.91 -687.32 3136.9 95.718
2.125 -657.57 3083.9 123.28 -696.82 3115.2 110.93 -691.06 3149.6 95.538
2.1333 -662.21 3097.2 123.41 -701.22 3128.6 110.95 -694.78 3162.3 95.357
2.1417 -666.91 3110.5 123.54 -705.59 3142.1 110.98 -698.49 3175.1 95.18
2.15 -671.67 3123.8 123.67 -709.94 3155.8 110.99 -702.18 3187.9 95.013
2.1583 -676.47 3137.2 123.8 -714.25 3169.5 110.99 -705.87 3200.9 94.861
2.1667 -681.34 3150.8 123.93 -718.53 3183.4 110.98 -709.55 3213.9 94.73
2.175 -686.27 3164.5 124.05 -722.78 3197.3 110.94 -713.24 3226.9 94.622
2.1833 -691.28 3178.4 124.15 -726.98 3211.4 110.88 -716.93 3240.1 94.537
2.1917 -696.37 3192.5 124.23 -731.14 3225.6 110.79 -720.62 3253.3 94.475
2.2 -701.56 3206.8 124.27 -735.26 3239.9 110.68 -724.32 3266.6 94.43
2.2083 -706.83 3221.3 124.25 -739.35 3254.2 110.55 -728.01 3279.9 94.397
2.2167 -712.16 3235.9 124.16 -743.41 3268.6 110.4 -731.71 3293.3 94.369
2.225 -717.53 3250.6 123.99 -747.48 3282.9 110.24 -735.4 3306.7 94.335
2.2333 -722.9 3265.3 123.73 -751.56 3297.1 110.08 -739.09 3320.2 94.286
2.2417 -728.22 3279.9 123.39 -755.68 3311.3 109.92 -742.78 3333.6 94.213
2.25 -733.44 3294.3 122.96 -759.85 3325.3 109.78 -746.48 3347.1 94.107
2.2583 -738.52 3308.6 122.48 -764.1 3339.2 109.65 -750.19 3360.5 93.963
2.2667 -743.43 3322.6 121.96 -768.44 3352.9 109.56 -753.93 3374 93.776
2.275 -748.14 3336.4 121.41 -772.89 3366.4 109.49 -757.71 3387.3 93.545
2.2833 -752.64 3350 120.87 -777.43 3379.6 109.46 -761.55 3400.6 93.271
2.2917 -756.96 3363.4 120.36 -782.07 3392.7 109.47 -765.47 3413.9 92.961
2.3 -761.12 3376.5 119.88 -786.8 3405.5 109.52 -769.48 3427 92.621
2.3083 -765.13 3389.5 119.46 -791.61 3418.1 109.6 -773.61 3440.1 92.263
2.3167 -769.02 3402.4 119.08 -796.47 3430.5 109.71 -777.88 3453.1 91.898
2.325 -772.84 3415.2 118.76 -801.37 3442.7 109.85 -782.31 3466 91.538
2.3333 -776.6 3428 118.47 -806.28 3454.7 110.01 -786.91 3478.8 91.197
2.3417 -780.35 3440.7 118.22 -811.2 3466.5 110.19 -791.69 3491.5 90.887
2.35 -784.1 3453.4 117.99 -816.1 3478.2 110.38 -796.67 3504.1 90.616
2.3583 -787.89 3466 117.78 -820.99 3489.8 110.58 -801.84 3516.7 90.392
2.3667 -791.73 3478.6 117.57 -825.85 3501.3 110.79 -807.2 3529.3 90.222
2.375 -795.63 3491.1 117.36 -830.69 3512.6 110.99 -812.74 3541.8 90.104
2.3833 -799.6 3503.5 117.14 -835.52 3523.9 111.21 -818.44 3554.2 90.038
2.3917 -803.65 3515.7 116.9 -840.35 3535.2 111.42 -824.3 3566.6 90.02
2.4 -807.78 3527.8 116.65 -845.18 3546.4 111.64 -830.29 3579 90.043
2.4083 -811.98 3539.7 116.38 -850.04 3557.7 111.86 -836.38 3591.4 90.098
2.4167 -816.26 3551.4 116.1 -854.94 3568.9 112.08 -842.56 3603.7 90.177
2.425 -820.6 3563 115.82 -859.88 3580.2 112.31 -848.79 3616 90.27
2.4333 -825 3574.5 115.54 -864.88 3591.4 112.53 -855.06 3628.3 90.369
2.4417 -829.45 3586 115.27 -869.93 3602.8 112.76 -861.35 3640.5 90.466
2.45 -833.93 3597.4 115 -875.04 3614.1 112.98 -867.63 3652.7 90.555
2.4583 -838.44 3608.7 114.74 -880.21 3625.5 113.19 -873.91 3664.8 90.633
2.4667 -842.98 3620.1 114.49 -885.43 3637 113.39 -880.17 3676.8 90.699
2.475 -847.55 3631.4 114.23 -890.69 3648.4 113.57 -886.4 3688.8 90.75
2.4833 -852.14 3642.8 113.97 -895.99 3660 113.75 -892.6 3700.7 90.79
2.4917 -856.79 3654.2 113.71 -901.33 3671.5 113.9 -898.79 3712.6 90.821
2.5 -861.49 3665.6 113.42 -906.68 3683.2 114.04 -904.95 3724.4 90.846
2.5083 -866.26 3677 113.13 -912.07 3694.8 114.17 -911.09 3736.2 90.866
2.5167 -871.12 3688.4 112.82 -917.47 3706.5 114.29 -917.22 3748 90.885
2.525 -876.07 3699.8 112.5 -922.89 3718.3 114.4 -923.33 3759.8 90.904
2.5333 -881.11 3711.1 112.18 -928.33 3730.1 114.52 -929.43 3771.6 90.922
2.5417 -886.25 3722.5 111.88 -933.8 3741.9 114.64 -935.52 3783.5 90.938
2.55 -891.47 3733.8 111.6 -939.28 3753.9 114.76 -941.6 3795.3 90.953
2.5583 -896.76 3745.2 111.35 -944.8 3765.8 114.9 -947.66 3807.2 90.962
2.5667 -902.13 3756.5 111.14 -950.35 3777.8 115.05 -953.7 3819 90.965
2.575 -907.57 3767.9 110.96 -955.94 3789.9 115.2 -959.72 3830.9 90.96
2.5833 -913.09 3779.5 110.81 -961.57 3802 115.37 -965.73 3842.9 90.945
2.5917 -918.68 3791.2 110.69 -967.24 3814.2 115.55 -971.72 3854.8 90.92
2.6 -924.36 3803 110.57 -972.97 3826.4 115.72 -977.71 3866.8 90.887
2.6083 -930.13 3815.1 110.47 -978.75 3838.6 115.89 -983.69 3878.7 90.846
2.6167 -935.99 3827.3 110.36 -984.59 3850.8 116.06 -989.68 3890.7 90.8
2.625 -941.94 3839.6 110.26 -990.5 3863.1 116.23 -995.68 3902.8 90.751
2.6333 -948 3852.1 110.17 -996.48 3875.4 116.38 -1001.7 3914.8 90.701
2.6417 -954.19 3864.7 110.09 -1002.5 3887.8 116.53 -1007.8 3926.9 90.651
2.65 -960.51 3877.4 110.03 -1008.7 3900.1 116.67 -1013.9 3939.1 90.603
2.6583 -966.97 3890.2 109.98 -1014.9 3912.5 116.8 -1020.1 3951.3 90.553
2.6667 -973.58 3903.1 109.94 -1021.2 3924.9 116.94 -1026.3 3963.5 90.501
2.675 -980.34 3916.1 109.91 -1027.7 3937.4 117.08 -1032.6 3975.8 90.441
2.6833 -987.24 3929.3 109.9 -1034.2 3949.9 117.23 -1038.9 3988.1 90.37
2.6917 -994.27 3942.7 109.92 -1040.9 3962.4 117.39 -1045.3 4000.5 90.283
2.7 -1001.4 3956.4 109.95 -1047.6 3975 117.57 -1051.7 4012.9 90.174
2.7083 -1008.7 3970.2 110.02 -1054.4 3987.6 117.75 -1058.1 4025.3 90.042
2.7167 -1016 3984.1 110.13 -1061.4 4000.2 117.95 -1064.6 4037.7 89.883
2.725 -1023.3 3998.1 110.29 -1068.4 4013 118.15 -1071 4050 89.699
2.7333 -1030.7 4012.2 110.51 -1075.4 4025.7 118.35 -1077.5 4062.4 89.494
2.7417 -1038.1 4026.3 110.79 -1082.4 4038.5 118.54 -1084 4074.7 89.272
2.75 -1045.4 4040.2 111.13 -1089.5 4051.3 118.72 -1090.4 4086.9 89.042
2.7583 -1052.8 4053.9 111.54 -1096.4 4064.2 118.87 -1096.9 4099.1 88.814
2.7667 -1060 4067.4 111.98 -1103.3 4077 119 -1103.3 4111.2 88.597
2.775 -1067.2 4080.7 112.46 -1110.1 4089.8 119.09 -1109.8 4123.3 88.404
2.7833 -1074.3 4093.6 112.94 -1116.7 4102.6 119.13 -1116.2 4135.4 88.244
2.7917 -1081.3 4106.2 113.41 -1123.2 4115.4 119.14 -1122.6 4147.5 88.123
2.8 -1088.1 4118.6 113.83 -1129.5 4128 119.1 -1128.9 4159.7 88.045
2.8083 -1094.8 4130.6 114.21 -1135.6 4140.6 119.02 -1135.3 4171.8 88.011
2.8167 -1101.4 4142.5 114.54 -1141.5 4153.1 118.9 -1141.5 4184.1 88.017
2.825 -1108 4154.1 114.81 -1147.2 4165.5 118.75 -1147.7 4196.4 88.055
2.8333 -1114.4 4165.6 115.04 -1152.7 4177.8 118.58 -1153.8 4208.9 88.114
2.8417 -1120.8 4177.1 115.23 -1158 4189.9 118.39 -1159.8 4221.4 88.179
2.85 -1127.1 4188.4 115.39 -1163.3 4202 118.18 -1165.7 4234.1 88.238
2.8583 -1133.3 4199.7 115.53 -1168.4 4213.9 117.95 -1171.4 4246.8 88.276
2.8667 -1139.4 4211 115.66 -1173.5 4225.7 117.72 -1177 4259.7 88.282
2.875 -1145.5 4222.2 115.78 -1178.5 4237.5 117.48 -1182.4 4272.6 88.248
2.8833 -1151.4 4233.5 115.9 -1183.4 4249.1 117.23 -1187.6 4285.6 88.171
2.8917 -1157.2 4244.8 116.03 -1188.3 4260.7 116.97 -1192.7 4298.6 88.049
2.9 -1162.8 4256.1 116.17 -1193.3 4272.3 116.71 -1197.7 4311.6 87.887
2.9083 -1168.3 4267.5 116.32 -1198.2 4283.8 116.43 -1202.4 4324.6 87.692
2.9167 -1173.7 4278.9 116.49 -1203 4295.4 116.14 -1207.1 4337.5 87.473
2.925 -1179 4290.3 116.68 -1207.9 4306.9 115.84 -1211.7 4350.4 87.239
2.9333 -1184.1 4301.7 116.89 -1212.8 4318.4 115.53 -1216.1 4363.3 87
2.9417 -1189.2 4313.2 117.11 -1217.7 4330 115.21 -1220.5 4376.1 86.764
2.95 -1194.2 4324.6 117.36 -1222.6 4341.6 114.88 -1224.8 4388.9 86.535
2.9583 -1199.2 4336 117.63 -1227.5 4353.3 114.55 -1229.1 4401.6 86.316
2.9667 -1204.1 4347.4 117.92 -1232.4 4365 114.21 -1233.3 4414.3 86.105
2.975 -1209 4358.6 118.23 -1237.3 4376.8 113.89 -1237.5 4427 85.899
2.9833 -1213.9 4369.8 118.56 -1242.3 4388.7 113.58 -1241.6 4439.7 85.69
2.9917 -1218.8 4380.9 118.9 -1247.2 4400.6 113.28 -1245.7 4452.4 85.47
3 -1223.6 4392 119.26 -1252.2 4412.6 113 -1249.7 4465.1 85.233
3.0083 -1228.4 4403 119.62 -1257.2 4424.7 112.74 -1253.7 4477.9 84.972
3.0167 -1233.1 4414.1 119.98 -1262.3 4436.8 112.5 -1257.7 4490.7 84.683
3.025 -1237.8 4425.2 120.34 -1267.3 4449.1 112.29 -1261.6 4503.5 84.365
3.0333 -1242.5 4436.5 120.69 -1272.4 4461.4 112.1 -1265.5 4516.4 84.023
3.0417 -1247 4447.9 121.02 -1277.4 4473.8 111.92 -1269.3 4529.2 83.662
3.05 -1251.5 4459.5 121.34 -1282.5 4486.3 111.76 -1273.1 4542.1 83.293
3.0583 -1256 4471.3 121.63 -1287.6 4498.9 111.61 -1277 4555 82.926
3.0667 -1260.4 4483.3 121.9 -1292.6 4511.5 111.47 -1280.9 4567.8 82.573
3.075 -1264.7 4495.5 122.15 -1297.6 4524.3 111.33 -1284.8 4580.7 82.244
3.0833 -1269.1 4507.9 122.39 -1302.6 4537.1 111.2 -1288.7 4593.5 81.947
3.0917 -1273.4 4520.5 122.62 -1307.6 4550 111.06 -1292.7 4606.3 81.686
3.1 -1277.8 4533.3 122.85 -1312.5 4563 110.93 -1296.8 4619.1 81.462
3.1083 -1282.2 4546.2 123.08 -1317.4 4576 110.8 -1300.8 4632 81.27
3.1167 -1286.6 4559.2 123.32 -1322.3 4589.2 110.68 -1305 4644.8 81.103
3.125 -1291.1 4572.2 123.56 -1327.1 4602.4 110.56 -1309.1 4657.7 80.951
3.1333 -1295.7 4585.3 123.8 -1331.9 4615.6 110.45 -1313.2 4670.7 80.801
3.1417 -1300.3 4598.3 124.02 -1336.6 4628.9 110.35 -1317.4 4683.7 80.641
3.15 -1305 4611.3 124.23 -1341.3 4642.3 110.26 -1321.4 4696.8 80.463
3.1583 -1309.7 4624.4 124.41 -1345.9 4655.7 110.18 -1325.5 4710 80.258
3.1667 -1314.5 4637.4 124.57 -1350.5 4669.2 110.11 -1329.4 4723.2 80.022
3.175 -1319.4 4650.6 124.69 -1355.1 4682.7 110.03 -1333.3 4736.6 79.757
3.1833 -1324.4 4663.8 124.77 -1359.6 4696.4 109.96 -1337.1 4750.1 79.464
3.1917 -1329.4 4677.3 124.82 -1364 4710.2 109.87 -1340.7 4763.7 79.152
3.2 -1334.5 4690.9 124.82 -1368.4 4724 109.77 -1344.3 4777.4 78.828
3.2083 -1339.7 4704.7 124.78 -1372.8 4738 109.65 -1347.9 4791.1 78.501
3.2167 -1345 4718.8 124.68 -1377.1 4752.2 109.51 -1351.3 4804.9 78.18
3.225 -1350.4 4733 124.51 -1381.4 4766.4 109.34 -1354.7 4818.7 77.871
3.2333 -1355.7 4747.3 124.26 -1385.7 4780.7 109.14 -1358 4832.5 77.578
3.2417 -1361.1 4761.6 123.94 -1390 4795 108.93 -1361.4 4846.3 77.301
3.25 -1366.5 4775.9 123.55 -1394.3 4809.4 108.69 -1364.6 4860.1 77.039
3.2583 -1371.8 4790.1 123.09 -1398.6 4823.8 108.45 -1367.9 4873.9 76.785
3.2667 -1376.9 4804.2 122.57 -1402.9 4838.1 108.21 -1371.2 4887.6 76.533
3.275 -1382 4818 122.02 -1407.3 4852.3 107.99 -1374.5 4901.2 76.274
3.2833 -1386.8 4831.7 121.45 -1411.8 4866.3 107.78 -1377.9 4914.8 76.003
3.2917 -1391.6 4845.2 120.88 -1416.3 4880.1 107.62 -1381.3 4928.4 75.715
3.3 -1396.1 4858.5 120.33 -1420.9 4893.6 107.49 -1384.7 4941.9 75.408
3.3083 -1400.5 4871.7 119.83 -1425.5 4906.9 107.42 -1388.3 4955.4 75.084
3.3167 -1404.8 4884.6 119.37 -1430.2 4919.8 107.39 -1392 4968.9 74.751
3.325 -1408.9 4897.5 118.97 -1434.9 4932.4 107.42 -1395.9 4982.3 74.416
3.3333 -1413 4910.3 118.62 -1439.7 4944.8 107.49 -1399.9 4995.7 74.092
3.3417 -1417 4923 118.32 -1444.4 4956.9 107.6 -1404.1 5009 73.792
3.35 -1420.9 4935.6 118.05 -1449.1 4968.7 107.75 -1408.4 5022.4 73.531
3.3583 -1424.8 4948.3 117.82 -1453.9 4980.3 107.93 -1413 5035.6 73.32
3.3667 -1428.7 4960.9 117.61 -1458.6 4991.7 108.13 -1417.8 5048.9 73.171
3.375 -1432.6 4973.4 117.41 -1463.2 5003 108.33 -1422.7 5062 73.091
3.3833 -1436.5 4985.9 117.21 -1467.9 5014.2 108.55 -1427.9 5075.1 73.083
3.3917 -1440.5 4998.2 117.01 -1472.5 5025.4 108.77 -1433.2 5088.1 73.149
3.4 -1444.5 5010.5 116.79 -1477.1 5036.6 109 -1438.8 5101 73.283
3.4083 -1448.7 5022.6 116.56 -1481.7 5047.7 109.23 -1444.4 5113.8 73.48
3.4167 -1452.9 5034.6 116.32 -1486.2 5058.8 109.46 -1450.2 5126.5 73.729
3.425 -1457.2 5046.5 116.06 -1490.8 5070 109.69 -1456.2 5139.1 74.019
3.4333 -1461.6 5058.3 115.79 -1495.5 5081.2 109.93 -1462.2 5151.6 74.338
3.4417 -1466.1 5070 115.52 -1500.1 5092.4 110.18 -1468.3 5163.9 74.673
3.45 -1470.6 5081.6 115.25 -1504.9 5103.6 110.42 -1474.5 5176.1 75.012
3.4583 -1475.2 5093.1 114.99 -1509.6 5114.9 110.67 -1480.7 5188.2 75.346
3.4667 -1479.8 5104.6 114.73 -1514.5 5126.1 110.91 -1486.9 5200.2 75.665
3.475 -1484.3 5116.1 114.47 -1519.3 5137.4 111.15 -1493.2 5212.1 75.966
3.4833 -1488.9 5127.5 114.22 -1524.3 5148.7 111.38 -1499.6 5223.9 76.243
3.4917 -1493.5 5138.9 113.95 -1529.2 5160 111.6 -1505.9 5235.6 76.498
3.5 -1498 5150.3 113.68 -1534.3 5171.4 111.8 -1512.2 5247.2 76.73
3.5083 -1502.6 5161.7 113.37 -1539.3 5182.8 111.98 -1518.6 5258.7 76.943
3.5167 -1507.1 5173 113.04 -1544.4 5194.2 112.15 -1524.9 5270 77.14
3.525 -1511.8 5184.4 112.68 -1549.4 5205.7 112.3 -1531.2 5281.4 77.328
3.5333 -1516.5 5195.8 112.29 -1554.5 5217.2 112.44 -1537.6 5292.6 77.509
3.5417 -1521.3 5207.2 111.87 -1559.6 5228.8 112.56 -1543.9 5303.8 77.689
3.55 -1526.2 5218.6 111.44 -1564.8 5240.5 112.67 -1550.2 5315 77.871
3.5583 -1531.2 5230 111.01 -1569.9 5252.3 112.78 -1556.4 5326.2 78.057
3.5667 -1536.3 5241.5 110.58 -1575.1 5264.1 112.89 -1562.7 5337.4 78.247
3.575 -1541.4 5253 110.18 -1580.3 5276 112.99 -1568.9 5348.7 78.44
3.5833 -1546.7 5264.6 109.8 -1585.6 5287.9 113.09 -1575.1 5360 78.635
3.5917 -1552.1 5276.3 109.46 -1590.9 5300 113.18 -1581.3 5371.3 78.827
3.6 -1557.5 5288.1 109.14 -1596.3 5312.1 113.27 -1587.5 5382.8 79.014
3.6083 -1563 5300 108.84 -1601.8 5324.3 113.35 -1593.6 5394.3 79.191
3.6167 -1568.5 5312.1 108.55 -1607.4 5336.5 113.43 -1599.8 5405.9 79.354
3.625 -1574.1 5324.3 108.29 -1613 5348.9 113.49 -1605.9 5417.5 79.499
3.6333 -1579.8 5336.6 108.04 -1618.8 5361.2 113.54 -1612.1 5429.3 79.623
3.6417 -1585.5 5349 107.81 -1624.6 5373.7 113.58 -1618.2 5441.1 79.722
3.65 -1591.4 5361.5 107.59 -1630.5 5386.2 113.62 -1624.3 5452.9 79.794
3.6583 -1597.3 5374 107.38 -1636.5 5398.7 113.65 -1630.4 5464.9 79.837
3.6667 -1603.3 5386.7 107.19 -1642.6 5411.2 113.67 -1636.5 5476.8 79.849
3.675 -1609.5 5399.4 107.01 -1648.7 5423.8 113.71 -1642.6 5488.9 79.827
3.6833 -1615.8 5412.4 106.84 -1654.9 5436.3 113.74 -1648.6 5501.1 79.769
3.6917 -1622.2 5425.4 106.68 -1661.2 5448.8 113.8 -1654.6 5513.3 79.673
3.7 -1628.8 5438.7 106.54 -1667.5 5461.3 113.86 -1660.6 5525.7 79.539
3.7083 -1635.4 5452.2 106.42 -1673.9 5473.7 113.94 -1666.6 5538.1 79.367
3.7167 -1642.1 5465.9 106.34 -1680.4 5486.2 114.03 -1672.6 5550.6 79.157
3.725 -1648.9 5479.7 106.31 -1686.9 5498.6 114.13 -1678.6 5563.2 78.914
3.7333 -1655.8 5493.6 106.34 -1693.4 5510.9 114.24 -1684.5 5575.8 78.642
3.7417 -1662.6 5507.6 106.44 -1700 5523.3 114.35 -1690.5 5588.5 78.35
3.75 -1669.4 5521.5 106.62 -1706.5 5535.8 114.45 -1696.5 5601.1 78.049
3.7583 -1676.2 5535.3 106.88 -1713 5548.2 114.53 -1702.6 5613.6 77.749
3.7667 -1682.9 5548.9 107.21 -1719.5 5560.7 114.59 -1708.7 5626.1 77.465
3.775 -1689.6 5562.3 107.6 -1725.9 5573.3 114.62 -1714.8 5638.6 77.21
3.7833 -1696.2 5575.4 108.04 -1732.2 5585.9 114.62 -1721 5650.9 76.994
3.7917 -1702.6 5588.3 108.49 -1738.4 5598.5 114.57 -1727.2 5663.1 76.831
3.8 -1708.9 5600.8 108.94 -1744.4 5611.2 114.49 -1733.5 5675.2 76.726
3.8083 -1715.1 5613.1 109.35 -1750.2 5623.9 114.36 -1739.7 5687.2 76.685
3.8167 -1721.2 5625.1 109.72 -1755.9 5636.5 114.2 -1746 5699.3 76.707
3.825 -1727.2 5637 110.04 -1761.3 5649.1 114 -1752.2 5711.3 76.789
3.8333 -1733.1 5648.7 110.3 -1766.6 5661.6 113.77 -1758.4 5723.4 76.923
3.8417 -1739 5660.2 110.51 -1771.6 5673.9 113.51 -1764.4 5735.6 77.098
3.85 -1744.8 5671.7 110.68 -1776.4 5686.1 113.24 -1770.3 5747.9 77.299
3.8583 -1750.6 5683.1 110.83 -1781.1 5698.1 112.95 -1776.1 5760.3 77.513
3.8667 -1756.4 5694.5 110.96 -1785.7 5709.9 112.64 -1781.7 5772.9 77.725
3.875 -1762 5705.8 111.09 -1790.1 5721.5 112.33 -1787.1 5785.6 77.921
3.8833 -1767.6 5717.1 111.23 -1794.5 5733 112 -1792.3 5798.4 78.091
3.8917 -1773.1 5728.4 111.39 -1798.7 5744.3 111.67 -1797.3 5811.4 78.228
3.9 -1778.4 5739.6 111.58 -1802.9 5755.5 111.33 -1802.1 5824.4 78.329
3.9083 -1783.5 5750.9 111.79 -1807.1 5766.6 110.99 -1806.7 5837.4 78.393
3.9167 -1788.4 5762.1 112.04 -1811.3 5777.7 110.64 -1811.1 5850.5 78.422
3.925 -1793.1 5773.3 112.31 -1815.4 5788.8 110.28 -1815.3 5863.5 78.42
3.9333 -1797.7 5784.6 112.6 -1819.5 5799.9 109.91 -1819.3 5876.4 78.392
3.9417 -1802.1 5795.8 112.89 -1823.6 5811.1 109.54 -1823.2 5889.2 78.341
3.95 -1806.4 5807.1 113.19 -1827.6 5822.2 109.18 -1827 5901.9 78.271
3.9583 -1810.6 5818.4 113.49 -1831.7 5833.5 108.81 -1830.6 5914.5 78.184
3.9667 -1814.7 5829.7 113.77 -1835.7 5844.8 108.46 -1834.2 5927 78.083
3.975 -1818.8 5840.9 114.05 -1839.7 5856.1 108.12 -1837.7 5939.4 77.966
3.9833 -1822.8 5852.1 114.32 -1843.7 5867.5 107.79 -1841.1 5951.7 77.832
3.9917 -1826.9 5863.3 114.59 -1847.7 5878.9 107.49 -1844.4 5963.9 77.682
4 -1831 5874.3 114.85 -1851.6 5890.4 107.22 -1847.6 5976.1 77.513
4.0083 -1835 5885.3 115.11 -1855.6 5902 106.97 -1850.8 5988.1 77.325
4.0167 -1839 5896.3 115.38 -1859.7 5913.7 106.75 -1854 6000.1 77.118
4.025 -1843 5907.2 115.65 -1863.7 5925.4 106.55 -1857.1 6012.1 76.894
4.0333 -1846.9 5918.1 115.94 -1867.8 5937.2 106.37 -1860.1 6024 76.653
4.0417 -1850.8 5929 116.23 -1871.8 5949.2 106.22 -1863.1 6035.8 76.397
4.05 -1854.5 5940.1 116.54 -1875.9 5961.2 106.08 -1866 6047.6 76.127
4.0583 -1858.2 5951.3 116.86 -1880 5973.4 105.96 -1869 6059.3 75.843
4.0667 -1861.8 5962.7 117.18 -1884.2 5985.7 105.85 -1871.9 6071.1 75.545
4.075 -1865.3 5974.2 117.5 -1888.3 5998 105.76 -1874.7 6082.8 75.229
4.0833 -1868.7 5985.9 117.82 -1892.4 6010.4 105.67 -1877.6 6094.6 74.893
4.0917 -1872.1 5997.8 118.12 -1896.5 6023 105.6 -1880.4 6106.4 74.531
4.1 -1875.4 6009.9 118.41 -1900.5 6035.5 105.54 -1883.2 6118.2 74.14
4.1083 -1878.8 6022.2 118.69 -1904.5 6048.1 105.49 -1886 6130.1 73.714
4.1167 -1882.2 6034.6 118.96 -1908.5 6060.8 105.45 -1888.8 6142.1 73.249
4.125 -1885.6 6047.1 119.21 -1912.5 6073.5 105.43 -1891.5 6154.1 72.741
4.1333 -1889.1 6059.6 119.46 -1916.3 6086.2 105.43 -1894.1 6166.2 72.191
4.1417 -1892.7 6072.2 119.68 -1920.2 6099 105.43 -1896.8 6178.3 71.6
4.15 -1896.3 6084.8 119.88 -1923.9 6111.8 105.44 -1899.3 6190.4 70.976
4.1583 -1900 6097.4 120.05 -1927.7 6124.7 105.46 -1901.9 6202.6 70.324
4.1667 -1903.7 6109.9 120.19 -1931.3 6137.7 105.47 -1904.4 6214.9 69.657
4.175 -1907.5 6122.5 120.31 -1934.9 6150.8 105.47 -1906.8 6227.1 68.985
4.1833 -1911.3 6135.1 120.41 -1938.4 6164 105.45 -1909.1 6239.4 68.32
4.1917 -1915.2 6147.8 120.49 -1941.8 6177.2 105.41 -1911.5 6251.7 67.672
4.2 -1919.1 6160.6 120.55 -1945.1 6190.6 105.34 -1913.7 6264 67.052
4.2083 -1923.1 6173.7 120.59 -1948.3 6204.1 105.24 -1915.9 6276.4 66.464
4.2167 -1927.1 6187 120.61 -1951.4 6217.7 105.09 -1918.1 6288.8 65.913
4.225 -1931.2 6200.5 120.61 -1954.5 6231.4 104.91 -1920.1 6301.4 65.401
4.2333 -1935.4 6214.2 120.57 -1957.5 6245.2 104.69 -1922.2 6314 64.927
4.2417 -1939.7 6228.1 120.49 -1960.3 6259.1 104.43 -1924.1 6326.7 64.487
4.25 -1944 6242.1 120.34 -1963.2 6273 104.15 -1926 6339.5 64.075
4.2583 -1948.4 6256.2 120.12 -1966 6287 103.84 -1927.8 6352.4 63.684
4.2667 -1952.7 6270.2 119.83 -1968.7 6301 103.52 -1929.5 6365.3 63.306
4.275 -1957.1 6284.2 119.45 -1971.5 6315 103.19 -1931.2 6378.3 62.93
4.2833 -1961.4 6298 119 -1974.2 6329 102.86 -1932.8 6391.3 62.546
4.2917 -1965.6 6311.6 118.5 -1977 6343 102.54 -1934.4 6404.3 62.147
4.3 -1969.6 6325 117.96 -1979.9 6356.8 102.23 -1935.9 6417.3 61.725
4.3083 -1973.5 6338.3 117.39 -1982.8 6370.5 101.95 -1937.4 6430.2 61.276
4.3167 -1977.1 6351.4 116.82 -1985.8 6384.1 101.69 -1938.9 6443 60.797
4.325 -1980.4 6364.3 116.26 -1988.9 6397.4 101.46 -1940.4 6455.8 60.292
4.3333 -1983.6 6377.2 115.73 -1992.1 6410.5 101.26 -1942 6468.4 59.766
4.3417 -1986.5 6390 115.23 -1995.3 6423.3 101.1 -1943.7 6481 59.228
4.35 -1989.3 6402.8 114.77 -1998.6 6435.8 100.96 -1945.5 6493.4 58.691
4.3583 -1991.9 6415.7 114.35 -2001.9 6448 100.86 -1947.4 6505.8 58.167
4.3667 -1994.3 6428.6 113.96 -2005.2 6459.9 100.78 -1949.4 6518.1 57.669
4.375 -1996.6 6441.5 113.59 -2008.4 6471.6 100.73 -1951.6 6530.4 57.213
4.3833 -1998.9 6454.5 113.23 -2011.7 6482.9 100.7 -1954 6542.6 56.809
4.3917 -2001 6467.6 112.87 -2014.9 6494.1 100.68 -1956.5 6554.8 56.466
4.4 -2003.1 6480.7 112.5 -2018 6505.1 100.69 -1959.2 6566.9 56.191
4.4083 -2005.1 6493.7 112.12 -2021 6515.9 100.7 -1962 6579.1 55.987
4.4167 -2007.2 6506.6 111.73 -2023.9 6526.7 100.73 -1965 6591.2 55.852
4.425 -2009.3 6519.4 111.31 -2026.8 6537.4 100.76 -1968.2 6603.3 55.781
4.4333 -2011.4 6532 110.88 -2029.6 6548.2 100.8 -1971.4 6615.4 55.766
4.4417 -2013.6 6544.4 110.44 -2032.3 6559 100.85 -1974.8 6627.4 55.799
4.45 -2015.8 6556.6 109.99 -2035 6569.8 100.91 -1978.2 6639.5 55.865
4.4583 -2018.2 6568.6 109.55 -2037.7 6580.7 100.97 -1981.7 6651.5 55.953
4.4667 -2020.6 6580.4 109.11 -2040.4 6591.6 101.04 -1985.2 6663.4 56.052
4.475 -2023 6592.1 108.68 -2043 6602.6 101.11 -1988.7 6675.4 56.151
4.4833 -2025.6 6603.8 108.27 -2045.8 6613.7 101.19 -1992.2 6687.3 56.241
4.4917 -2028.2 6615.3 107.87 -2048.5 6624.8 101.27 -1995.8 6699.1 56.316
4.5 -2030.8 6626.9 107.47 -2051.3 6635.9 101.35 -1999.3 6710.9 56.374
4.5083 -2033.5 6638.4 107.06 -2054.1 6647 101.43 -2002.8 6722.6 56.413
4.5167 -2035.8 6649.9 106.65 -2056.9 6658.2 101.51 -2006.3 6734.3 56.434
4.525 -2039 6661.4 106.18 -2059.8 6669.4 101.57 -2009.7 6745.9 56.44
4.5333 -2041.8 6672.9 105.7 -2062.7 6680.7 101.63 -2013.2 6757.5 56.434
4.5417 -2044.6 6684.4 105.18 -2065.6 6692.1 101.68 -2016.7 6769 56.419
4.55 -2047.5 6695.9 104.61 -2068.5 6703.6 101.71 -2020.1 6780.5 56.398
4.5583 -2050.4 6707.4 104.01 -2071.4 6715.1 101.73 -2023.6 6791.9 56.375
4.5667 -2053.4 6718.8 103.38 -2074.3 6726.7 101.73 -2027.1 6803.2 56.349
4.575 -2056.4 6730.2 102.73 -2077.2 6738.5 101.72 -2030.5 6814.5 56.322
4.5833 -2059.5 6741.6 102.08 -2080.1 6750.3 101.69 -2034 6825.8 56.293
4.5917 -2062.6 6752.9 101.45 -2083 6762.1 101.64 -2037.5 6837.1 56.26
4.6 -2065.7 6764.3 100.84 -2085.9 6773.9 101.54 -2040.9 6848.4 56.221
4.6083 -2068.9 6775.7 100.27 -2088.8 6785.8 101.43 -2044.4 6859.7 56.175
4.6167 -2072.1 6787.2 99.744 -2091.7 6797.7 101.35 -2047.8 6871 56.117
4.625 -2075.2 6798.7 99.28 -2094.6 6809.8 101.28 -2051.1 6882.3 56.045
4.6333 -2076.2 6810.2 98.954 -2097.6 6821.9 101.22 -2054.4 6893.7 55.96
4.6417 -2079.5 6822 98.555 -2100.6 6834.1 101.17 -2057.6 6905.2 55.86
4.65 -2082.7 6833.9 98.169 -2103.6 6846.3 101.14 -2060.8 6916.7 55.744
4.6583 -2088 6845.9 97.823 -2106.7 6858.6 101.09 -2064 6928.2 55.615
4.6667 -2091.3 6858.1 97.507 -2109.8 6870.7 100.99 -2067.1 6939.8 55.471
4.675 -2094.5 6870.3 97.211 -2112.8 6883.1 100.95 -2070.1 6951.5 55.317
4.6833 -2097.8 6882.7 96.921 -2115.9 6895.5 100.9 -2073.2 6963.1 55.155
4.6917 -2101.2 6895.2 96.622 -2119 6908 100.83 -2076.2 6974.8 54.986
4.7 -2104.5 6907.8 96.326 -2122.1 6920.5 100.76 -2079.2 6986.6 54.812
4.7083 -2107.9 6920.4 96.022 -2125.2 6933 100.67 -2082.2 6998.3 54.631
4.7167 -2111.3 6933.3 95.712 -2128.4 6945.6 100.58 -2085.2 7010.1 54.442
4.725 -2114.7 6946.2 95.41 -2131.5 6958.3 100.47 -2088.1 7021.9 54.244
4.7333 -2118.2 6959.4 95.086 -2134.7 6971 100.38 -2091 7033.8 54.035
4.7417 -2121.7 6972.8 94.78 -2137.9 6983.7 100.27 -2093.9 7045.8 53.809
4.75 -2125.3 6986.4 94.489 -2141.1 6996.4 100.16 -2096.7 7057.8 53.565
4.7583 -2129 7000.2 94.226 -2144.3 7009.1 100.05 -2099.4 7069.9 53.301
4.7667 -2132.7 7014.1 94.01 -2147.6 7021.8 99.917 -2102.1 7082.1 53.016
4.775 -2136.5 7028.4 93.809 -2150.8 7034.6 99.808 -2104.6 7094.4 52.714
4.7833 -2140.4 7042.7 93.67 -2154.1 7047.2 99.662 -2107.1 7106.8 52.397
4.7917 -2144.3 7057 93.593 -2157.3 7060 99.519 -2109.6 7119.3 52.075
4.8 -2148.2 7071.1 93.57 -2160.5 7072.7 99.364 -2111.9 7131.8 51.751
4.8083 -2152.1 7085.2 93.601 -2163.7 7085.6 99.21 -2114.3 7144.4 51.439
4.8167 -2155.9 7099 93.67 -2166.7 7098.4 99.027 -2116.6 7157.1 51.146
4.825 -2159.5 7112.6 93.764 -2169.6 7111.3 98.825 -2118.8 7169.7 50.883
4.8333 -2163.1 7125.7 93.862 -2172.3 7124.2 98.581 -2121.1 7182.4 50.653
4.8417 -2166.5 7138.6 93.938 -2174.8 7137.2 98.305 -2123.3 7195 50.462
4.85 -2169.7 7151 93.964 -2177.1 7150.1 97.991 -2125.5 7207.6 50.308
4.8583 -2172.7 7163.2 93.918 -2179.3 7163 97.639 -2127.6 7220.2 50.187
4.8667 -2175.5 7174.9 93.782 -2181.2 7175.9 97.248 -2129.6 7232.6 50.093
4.875 -2178.1 7186.4 93.55 -2183 7188.8 96.817 -2131.5 7245.1 50.014
4.8833 -2180.6 7197.7 93.227 -2184.6 7201.6 96.344 -2133.1 7257.5 49.94
4.8917 -2183 7208.8 92.823 -2186.1 7214.2 95.827 -2134.6 7269.9 49.856
4.9 -2185.1 7219.7 92.357 -2187.4 7226.7 95.266 -2135.8 7282.2 49.751
4.9083 -2187 7230.6 91.852 -2188.5 7239.1 94.661 -2136.7 7294.5 49.615
4.9167 -2188.7 7241.4 91.332 -2189.6 7251.2 94.012 -2137.3 7306.8 49.442
4.925 -2190.1 7252.1 90.823 -2190.5 7263.3 93.323 -2137.6 7319.1 49.23
4.9333 -2191.3 7262.7 90.345 -2191.3 7275.1 92.595 -2137.7 7331.4 48.979
4.9417 -2192.1 7273.2 89.916 -2191.9 7286.8 91.833 -2137.4 7343.7 48.694
4.95 -2192.6 7283.6 89.544 -2192.5 7298.3 91.04 -2136.9 7355.9 48.384
4.9583 -2192.8 7294 89.233 -2192.9 7309.8 90.222 -2136.2 7368.1 48.057
4.9667 -2192.8 7304.2 88.975 -2193.2 7321.2 89.382 -2135.4 7380.3 47.724
4.975 -2192.6 7314.3 88.766 -2193.3 7332.4 88.526 -2134.4 7392.3 47.391
4.9833 -2192.2 7324.4 88.591 -2193.3 7343.7 87.659 -2133.2 7404.3 47.063
4.9917 -2191.6 7334.4 88.435 -2193.1 7354.9 86.787 -2132 7416.1 46.744
5 -2191 7344.3 88.284 -2192.8 7366.1 85.914 -2130.7 7427.9 46.432
5.0083 -2190.3 7354.2 88.125 -2192.3 7377.2 85.043 -2129.4 7439.5 46.123
5.0167 -2189.6 7364.1 87.952 -2191.7 7388.4 84.183 -2128 7450.9 45.813
5.025 -2188.9 7374 87.76 -2190.9 7399.5 83.336 -2126.5 7462.2 45.495
5.0333 -2188.3 7383.9 87.55 -2190.1 7410.5 82.506 -2124.9 7473.4 45.16
5.0417 -2187.7 7393.8 87.326 -2189.1 7421.6 81.699 -2123.2 7484.4 44.802
5.05 -2187.1 7403.8 87.094 -2188 7432.5 80.921 -2121.4 7495.3 44.416
5.0583 -2186.6 7413.7 86.863 -2186.9 7443.5 80.176 -2119.5 7506.1 43.999
5.0667 -2186.1 7423.6 86.641 -2185.7 7454.4 79.468 -2117.5 7516.7 43.551
5.075 -2185.5 7433.4 86.434 -2184.4 7465.3 78.804 -2115.3 7527.3 43.074
5.0833 -2184.9 7443.3 86.255 -2183 7476.1 78.175 -2113 7537.7 42.576
5.0917 -2184.2 7453.3 86.099 -2181.6 7487 77.596 -2110.7 7548.1 42.061
5.1 -2183.4 7463.2 85.97 -2180 7497.8 77.062 -2108.2 7558.3 41.536
5.1083 -2182.5 7473.2 85.862 -2178.4 7508.7 76.573 -2105.7 7568.6 41.009
5.1167 -2181.4 7483.3 85.768 -2176.6 7519.5 76.125 -2103.1 7578.8 40.485
5.125 -2180.2 7493.5 85.68 -2174.8 7530.3 75.715 -2100.4 7588.9 39.972
5.1333 -2178.9 7503.7 85.588 -2172.8 7541.1 75.337 -2097.6 7599 39.47
5.1417 -2177.4 7514.1 85.484 -2170.7 7551.9 74.986 -2094.8 7609.2 38.984
5.15 -2175.7 7524.5 85.363 -2168.5 7562.7 74.656 -2091.9 7619.3 38.511
5.1583 -2174 7535.1 85.222 -2166.2 7573.4 74.34 -2088.9 7629.4 38.055
5.1667 -2172 7545.9 85.061 -2163.8 7584 74.034 -2085.8 7639.5 37.612
5.175 -2169.9 7556.7 84.892 -2161.3 7594.6 73.728 -2082.6 7649.6 37.182
5.1833 -2167.6 7567.7 84.709 -2158.7 7605.1 73.424 -2079.4 7659.6 36.764
5.1917 -2164.9 7579.3 84.683 -2156 7615.5 73.112 -2076 7669.6 36.355
5.2 -2162.5 7590.1 84.341 -2153.2 7625.9 72.797 -2072.5 7679.5 35.956
5.2083 -2159.8 7601.4 84.166 -2150.2 7636.2 72.469 -2068.9 7689.4 35.564
5.2167 -2157.1 7612.8 83.995 -2147.1 7646.5 72.133 -2065.2 7699.2 35.179
5.225 -2154.2 7624.3 83.833 -2143.9 7656.7 71.786 -2061.3 7708.8 34.798
5.2333 -2151.2 7635.8 83.679 -2140.4 7667 71.429 -2057.4 7718.4 34.42
5.2417 -2148.2 7647.5 83.53 -2136.8 7677.2 71.062 -2053.3 7727.9 34.041
5.25 -2145 7659.2 83.386 -2133 7687.4 70.678 -2049.1 7737.2 33.661
5.2583 -2141.9 7671.1 83.238 -2129.1 7697.6 70.287 -2044.7 7746.5 33.275
5.2667 -2138.6 7683.1 83.08 -2125 7707.8 69.886 -2040.2 7755.7 32.881
5.275 -2135.3 7695.3 82.898 -2120.7 7718 69.478 -2035.6 7764.9 32.478
5.2833 -2131.9 7707.5 82.688 -2116.3 7728.1 69.052 -2030.8 7774 32.065
5.2917 -2128.5 7719.8 82.43 -2111.8 7738.2 68.623 -2025.9 7783.1 31.641
5.3 -2124.9 7732.1 82.122 -2107.2 7748.2 68.174 -2020.8 7792.1 31.209
5.3083 -2121.2 7744.4 81.747 -2102.6 7758.1 67.721 -2015.5 7801.1 30.77
5.3167 -2117.4 7756.5 81.302 -2097.9 7767.9 67.257 -2010.2 7810.1 30.327
5.325 -2113.4 7768.4 80.792 -2093.2 7777.6 66.783 -2004.7 7819.1 29.884
5.3333 -2109.3 7780.1 80.219 -2088.5 7787.2 66.301 -1999.2 7828 29.44
5.3417 -2105 7791.4 79.595 -2083.9 7796.8 65.81 -1993.7 7836.7 28.998
5.35 -2100.5 7802.3 78.93 -2079.2 7806.3 65.317 -1988.1 7845.4 28.557
5.3583 -2095.8 7812.8 78.234 -2074.7 7815.7 64.81 -1982.6 7854 28.117
5.3667 -2091 7823 77.518 -2070.2 7825.1 64.303 -1977.2 7862.5 27.671
5.375 -2086 7832.8 76.788 -2065.8 7834.5 63.794 -1971.8 7870.9 27.218
5.3833 -2081 7842.4 76.049 -2061.4 7843.9 63.284 -1966.5 7879.1 26.752
5.3917 -2075.9 7851.8 75.299 -2057.1 7853.2 62.773 -1961.3 7887.2 26.27
5.4 -2070.7 7860.9 74.535 -2052.9 7862.4 62.265 -1956.2 7895.3 25.767
5.4083 -2065.6 7870 73.754 -2048.8 7871.5 61.746 -1951.2 7903.3 25.244
5.4167 -2060.3 7878.9 72.95 -2044.8 7880.6 61.225 -1946.3 7911.2 24.703
5.425 -2056.5 7889.2 71.798 -2040.8 7889.4 60.694 -1941.4 7919.2 24.146
5.4333 -2051.1 7897.9 70.916 -2037 7898.1 60.149 -1936.5 7927.1 23.581
5.4417 -2045.5 7906.5 70.019 -2033.2 7906.6 59.584 -1931.7 7935 23.013
5.45 -2039.9 7915 69.108 -2029.4 7914.9 58.996 -1927 7942.9 22.455
5.4583 -2034.1 7923.4 68.185 -2025.7 7923 58.381 -1922.2 7950.8 21.915
5.4667 -2028.2 7931.5 67.254 -2022 7930.9 57.734 -1917.5 7958.8 21.399
5.475 -2022.2 7939.5 66.317 -2018.3 7938.7 57.064 -1912.8 7966.7 20.914
5.4833 -2016.2 7947.3 65.38 -2014.5 7946.4 56.349 -1908.1 7974.7 20.46
5.4917 -2010.1 7954.8 64.446 -2010.7 7954 55.621 -1903.5 7982.6 20.037
5.5 -2004.2 7962.2 63.515 -2006.7 7961.6 54.862 -1898.9 7990.5 19.639
5.5083 -1997.7 7969.1 62.747 -2002.7 7969.2 54.083 -1894.4 7998.4 19.259
5.5167 -1992 7976.4 61.775 -1998.5 7976.8 53.281 -1889.9 8006.2 18.887
5.525 -1986.3 7983.5 60.798 -1994.2 7984.4 52.482 -1885.4 8013.9 18.511
5.5333 -1980.8 7990.7 59.812 -1989.8 7992.1 51.669 -1881 8021.5 18.121
5.5417 -1975.3 7997.8 58.811 -1985.3 7999.9 50.843 -1876.6 8029.1 17.706
5.55 -1969.8 8004.9 57.793 -1980.7 8007.6 50.028 -1872.2 8036.5 17.261
5.5583 -1964.4 8012 56.749 -1975.9 8015.3 49.194 -1867.8 8043.9 16.781
5.5667 -1958.9 8019 55.682 -1971.1 8023 48.362 -1863.3 8051.1 16.267
5.575 -1953.5 8026 54.591 -1966.3 8030.6 47.528 -1858.8 8058.2 15.722
5.5833 -1948 8033 53.468 -1961.3 8038.2 46.675 -1854.3 8065.2 15.151
5.5917 -1942.6 8039.9 52.326 -1956.3 8045.6 45.819 -1849.6 8072.1 14.562
5.6 -1937.1 8046.8 51.166 -1951.3 8053 44.956 -1844.9 8078.9 13.963
5.6083 -1931.6 8053.6 49.996 -1946.1 8060.3 44.088 -1840.1 8085.6 13.363
5.6167 -1926 8060.5 48.828 -1940.9 8067.6 43.217 -1835.2 8092.3 12.767
5.625 -1920.5 8067.3 47.672 -1935.6 8074.9 42.351 -1830.2 8098.9 12.177
5.6333 -1914.9 8074.1 46.543 -1930.3 8082.2 41.493 -1825.2 8105.5 11.594
5.6417 -1909.4 8080.9 45.453 -1924.8 8089.5 40.65 -1820 8112.1 11.014
5.65 -1903.8 8087.8 44.41 -1919.2 8096.9 39.827 -1814.8 8118.7 10.435
5.6583 -1898.2 8094.6 43.423 -1913.5 8104.3 39.028 -1809.5 8125.2 9.8495
5.6667 -1892.5 8101.4 42.5 -1907.7 8111.7 38.257 -1804.1 8131.7 9.2509
5.675 -1886.8 8108.3 41.624 -1901.8 8119.2 37.502 -1798.7 8138.1 8.6343
5.6833 -1881.1 8115.1 40.806 -1895.8 8126.6 36.771 -1793.1 8144.5 7.9945
5.6917 -1875.3 8121.9 40.036 -1889.8 8134 36.059 -1787.4 8150.8 7.3323
5.7 -1869.4 8128.7 39.296 -1883.7 8141.3 35.35 -1781.6 8157 6.6481
5.7083 -1863.4 8135.5 38.58 -1877.5 8148.5 34.642 -1775.7 8163.1 5.9463
5.7167 -1857.2 8142.2 37.877 -1871.3 8155.6 33.927 -1769.7 8169.1 5.2335
5.725 -1851 8148.9 37.178 -1865 8162.6 33.202 -1763.6 8175 4.5165
5.7333 -1844.6 8155.6 36.475 -1858.7 8169.6 32.459 -1757.3 8180.9 3.8017
5.7417 -1838.1 8162.2 35.761 -1852.3 8176.5 31.697 -1751 8186.7 3.0952
5.75 -1831.6 8168.9 35.04 -1845.8 8183.4 30.927 -1744.6 8192.4 2.3981
5.7583 -1824.9 8175.5 34.302 -1839.2 8190.3 30.141 -1738.1 8198.2 1.7097
5.7667 -1818.2 8182.1 33.546 -1832.6 8197.2 29.342 -1731.5 8203.9 1.0254
5.775 -1811.4 8188.7 32.785 -1825.8 8204.2 28.553 -1724.9 8209.6 0.33743
5.7833 -1804.6 8195.3 32.011 -1819 8211.2 27.758 -1718.2 8215.3 359.64
5.7917 -1797.7 8201.9 31.243 -1812 8218.2 26.982 -1711.3 8220.9 358.91
5.8 -1790.9 8208.4 30.477 -1805 8225.2 26.21 -1704.4 8226.3 358.14
5.8083 -1784.1 8214.9 29.72 -1797.9 8232.2 25.44 -1697.4 8231.7 357.33
5.8167 -1777.3 8221.3 28.984 -1790.8 8239.1 24.68 -1690.3 8236.9 356.47
5.825 -1770.5 8227.5 28.268 -1783.5 8245.9 23.918 -1683 8241.9 355.55
5.8333 -1763.8 8233.6 27.571 -1776.3 8252.5 23.142 -1675.6 8246.7 354.59
5.8417 -1757.1 8239.5 26.889 -1769 8259 22.342 -1668.1 8251.3 353.59
5.85 -1750.4 8245.1 26.213 -1761.6 8265.4 21.506 -1660.4 8255.7 352.56
5.8583 -1743.9 8250.6 25.531 -1754.1 8271.5 20.619 -1652.5 8259.9 351.51
5.8667 -1737.3 8255.9 24.831 -1746.5 8277.5 19.674 -1644.5 8264 350.48
5.875 -1730.9 8261 24.099 -1738.9 8283.3 18.656 -1636.4 8268 349.46
5.8833 -1724.7 8266 23.321 -1731.1 8289 17.564 -1628.1 8271.9 348.47
5.8917 -1718.5 8270.9 22.486 -1723.2 8294.5 16.392 -1619.8 8275.7 347.51
5.9 -1712.5 8275.7 21.586 -1715.2 8299.9 15.141 -1611.4 8279.4 346.6
5.9083 -1706.7 8280.6 20.616 -1707 8305.1 13.813 -1602.9 8282.9 345.71
5.9167 -1701 8285.4 19.577 -1698.8 8310.2 12.417 -1594.5 8286.2 344.85
5.925 -1695.5 8290.1 18.472 -1690.5 8315 10.955 -1586 8289.2 344
5.9333 -1690 8294.9 17.312 -1682.2 8319.5 9.4375 -1577.5 8291.8 343.13
5.9417 -1684.7 8299.5 16.109 -1673.9 8323.8 7.8708 -1569.1 8294.1 342.25
5.95 -1679.4 8304 14.877 -1665.5 8327.8 6.2787 -1560.7 8295.9 341.32
5.9583 -1674.1 8308.3 13.628 -1657.2 8331.5 4.6251 -1552.4 8297.3 340.34
5.9667 -1668.8 8312.3 12.372 -1648.8 8334.8 2.954 -1544.1 8298.2 339.29
5.975 -1663.4 8316 11.111 -1640.5 8337.9 1.2556 -1535.9 8298.6 338.19
5.9833 -1658 8319.2 9.8456 -1632.2 8340.8 359.53 -1527.8 8298.6 337.03
5.9917 -1652.6 8322.1 8.5705 -1624 8343.4 357.79 -1519.7 8298.3 335.82
6 -1647.3 8324.7 7.2805 -1615.7 8345.9 356.02 -1511.8 8297.8 334.57
6.0083 -1641.9 8327 5.9746 -1607.4 8348.3 354.23 -1503.8 8297 333.29
6.0167 -1636.7 8329.2 4.6507 -1599.1 8350.6 352.43 -1496 8296.2 332.01
6.025 -1631.4 8331.4 3.3085 -1590.8 8352.8 350.61 -1488.2 8295.3 330.73
6.0333 -1626.2 8333.4 1.9486 -1582.4 8354.9 348.79 -1480.5 8294.4 329.47
6.0417 -1620.9 8335.5 0.5718 -1574.1 8356.8 346.97 -1472.8 8293.4 328.24
6.05 -1615.7 8337.4 359.18 -1565.7 8358.6 345.16 -1465.2 8292.3 327.05
6.0583 -1610.4 8339.1 357.78 -1557.4 8360 343.36 -1457.7 8291 325.89
6.0667 -1605.1 8340.8 356.38 -1549 8361.2 341.58 -1450.2 8289.6 324.77
6.075 -1599.7 8342.3 354.99 -1540.8 8362.1 339.84 -1442.8 8287.9 323.68
6.0833 -1594.3 8343.7 353.6 -1532.6 8362.5 338.13 -1435.4 8285.9 322.63
6.0917 -1588.7 8345 352.23 -1524.4 8362.6 336.47 -1428.1 8283.7 321.6
6.1 -1583.1 8346.3 350.88 -1516.4 8362.4 334.84 -1420.9 8281.1 320.6
6.1083 -1577.5 8347.6 349.54 -1508.4 8361.9 333.26 -1413.8 8278.4 319.62
6.1167 -1571.8 8348.9 348.22 -1500.5 8361.2 331.74 -1406.8 8275.5 318.66
6.125 -1566 8350.2 346.91 -1492.7 8360.3 330.26 -1399.8 8272.5 317.73
6.1333 -1560.2 8351.6 345.62 -1485 8359.3 328.83 -1393.1 8269.5 316.81
6.1417 -1554.4 8353 344.34 -1477.3 8358.2 327.45 -1386.4 8266.5 315.91
6.15 -1548.5 8354.5 343.06 -1469.6 8357.2 326.12 -1379.9 8263.6 315.04
6.1583 -1542.6 8356 341.8 -1462 8356.1 324.82 -1373.4 8260.7 314.18
6.1667 -1536.7 8357.5 340.56 -1454.5 8354.9 323.57 -1367.1 8257.9 313.35
6.175 -1530.7 8358.8 339.34 -1446.9 8353.5 322.35 -1360.9 8255 312.54
6.1833 -1524.6 8359.8 338.16 -1439.3 8352 321.16 -1354.7 8252 311.75
6.1917 -1518.5 8360.6 337.01 -1431.8 8350.2 320.02 -1348.6 8248.8 310.98
6.2 -1512.2 8360.9 335.92 -1424.2 8348 318.91 -1342.6 8245.3 310.22
6.2083 -1505.9 8360.8 334.88 -1416.7 8345.5 317.84 -1336.5 8241.5 309.46
6.2167 -1499.5 8360.3 333.91 -1409.2 8342.6 316.8 -1330.6 8237.3 308.72
6.225 -1493.1 8359.3 333 -1401.8 8339.4 315.81 -1324.6 8232.9 307.97
6.2333 -1486.6 8357.9 332.15 -1394.4 8335.9 314.85 -1318.8 8228.2 307.23
6.2417 -1480 8356.2 331.37 -1387.1 8332.3 313.94 -1312.9 8223.3 306.49
6.25 -1473.5 8354.4 330.64 -1379.9 8328.6 313.07 -1307.1 8218.5 305.76
6.2583 -1466.9 8352.4 329.97 -1372.7 8324.9 312.24 -1301.4 8213.7 305.03
6.2667 -1460.3 8350.4 329.35 -1365.7 8321.3 311.45 -1295.8 8209 304.3
6.275 -1453.7 8348.3 328.77 -1358.7 8317.7 310.71 -1290.3 8204.5 303.6
6.2833 -1447 8346.3 328.23 -1351.8 8314.2 310.01 -1284.8 8200.1 302.9
6.2917 -1440.2 8344.2 327.72 -1344.9 8310.7 309.35 -1279.5 8195.8 302.23
6.3 -1433.2 8341.9 327.25 -1338 8307 308.74 -1274.1 8191.5 301.59
6.3083 -1426.1 8339.2 326.8 -1331.1 8303 308.17 -1268.9 8187.1 300.96
6.3167 -1418.7 8336.2 326.39 -1324.2 8298.7 307.65 -1263.6 8182.5 300.37
6.325 -1411.1 8332.7 326 -1317.3 8294 307.17 -1258.3 8177.5 299.8
6.3333 -1403.3 8328.5 325.64 -1310.4 8288.7 306.75 -1253 8172.1 299.26
6.3417 -1395.3 8323.7 325.31 -1303.5 8282.9 306.35 -1247.7 8166.2 298.74
6.35 -1387.1 8318.4 325.01 -1296.5 8276.7 305.99 -1242.3 8160 298.25
6.3583 -1378.8 8312.5 324.74 -1289.6 8270.2 305.68 -1236.9 8153.4 297.78
6.3667 -1370.3 8306.3 324.5 -1282.7 8263.5 305.4 -1231.4 8146.7 297.34
6.375 -1361.9 8300 324.28 -1275.9 8256.7 305.15 -1225.9 8139.9 296.91
6.3833 -1353.5 8293.5 324.07 -1269.1 8250.1 304.93 -1220.3 8133.2 296.51
6.3917 -1345.2 8287.1 323.87 -1262.4 8243.6 304.73 -1214.7 8126.7 296.12
6.4 -1337 8280.8 323.66 -1255.8 8237.4 304.56 -1209.1 8120.5 295.76
6.4083 -1329 8274.7 323.44 -1249.2 8231.4 304.4 -1203.5 8114.6 295.43
6.4167 -1321.2 8268.6 323.19 -1242.7 8225.6 304.27 -1197.9 8108.9 295.11
6.425 -1313.6 8262.6 322.9 -1236.2 8219.7 304.15 -1192.3 8103.3 294.83
6.4333 -1306.2 8256.5 322.57 -1229.8 8213.6 304.05 -1186.6 8097.7 294.57
6.4417 -1299 8250.2 322.2 -1223.4 8207.2 303.96 -1181 8091.9 294.34
6.45 -1291.9 8243.6 321.78 -1217 8200.4 303.89 -1175.3 8085.9 294.14
6.4583 -1285 8236.6 321.32 -1210.6 8193.2 303.84 -1169.7 8079.5 293.96
6.4667 -1278.3 8229.4 320.82 -1204.3 8185.4 303.8 -1164 8072.7 293.8
6.475 -1271.6 8222.1 320.3 -1197.9 8177.4 303.78 -1158.3 8065.6 293.66
6.4833 -1265.1 8214.8 319.75 -1191.6 8169.1 303.77 -1152.6 8058.2 293.53
6.4917 -1258.6 8207.7 319.17 -1185.4 8161 303.77 -1146.9 8050.9 293.41
6.5 -1252.2 8201 318.57 -1179.3 8153 303.78 -1141.3 8043.6 293.29
6.5083 -1245.9 8194.8 317.94 -1173.3 8145.6 303.79 -1135.7 8036.6 293.16
6.5167 -1239.6 8189.2 317.28 -1167.5 8138.7 303.79 -1130.2 8029.9 293.04
6.525 -1233.5 8184 316.58 -1161.7 8132.4 303.78 -1124.7 8023.6 292.91
6.5333 -1227.5 8179.4 315.86 -1156.2 8126.7 303.76 -1119.3 8017.7 292.77
6.5417 -1221.6 8175 315.11 -1150.7 8121.5 303.72 -1113.9 8012 292.63
6.55 -1215.8 8170.7 314.35 -1145.3 8116.5 303.66 -1108.6 8006.3 292.49
6.5583 -1210.1 8166.2 313.58 -1140 8111.5 303.59 -1103.2 8000.5 292.35
6.5667 -1204.4 8161.4 312.82 -1134.6 8106.2 303.49 -1097.8 7994.4 292.21
6.575 -1198.7 8156 312.06 -1129.3 8100.5 303.37 -1092.4 7987.9 292.09
6.5833 -1193 8150 311.33 -1124 8094.3 303.24 -1087 7980.8 291.97
6.5917 -1187.3 8143.3 310.64 -1118.6 8087.5 303.1 -1081.6 7973.3 291.86
6.6 -1181.6 8136.1 309.98 -1113.2 8080.1 302.96 -1076.1 7965.3 291.77
6.6083 -1175.8 8128.6 309.37 -1107.8 8072.5 302.82 -1070.7 7957.2 291.68
6.6167 -1170.1 8121.1 308.81 -1102.4 8064.8 302.68 -1065.3 7949.1 291.59
6.625 -1164.4 8113.8 308.29 -1097.1 8057.3 302.56 -1059.9 7941.4 291.51
6.6333 -1158.8 8107 307.82 -1091.7 8050.2 302.44 -1054.7 7934.1 291.42
6.6417 -1153.2 8100.8 307.37 -1086.5 8043.7 302.35 -1049.6 7927.6 291.32
6.65 -1147.6 8095.3 306.95 -1081.3 8037.7 302.26 -1044.6 7921.7 291.21
6.6583 -1142.1 8090.3 306.53 -1076.2 8032.3 302.19 -1039.7 7916.4 291.08
6.6667 -1136.7 8085.7 306.11 -1071.1 8027.3 302.13 -1034.9 7911.6 290.94
6.675 -1131.2 8081.2 305.68 -1066.1 8022.4 302.07 -1030.2 7906.9 290.8
6.6833 -1125.8 8076.5 305.23 -1061 8017.3 302.01 -1025.4 7902.1 290.64
6.6917 -1120.3 8071.3 304.77 -1055.9 8011.7 301.96 -1020.7 7896.8 290.47
6.7 -1114.7 8065.3 304.28 -1050.7 8005.4 301.89 -1015.9 7890.9 290.3
6.7083 -1109.1 8058.4 303.79 -1045.4 7998.4 301.82 -1011.1 7884.2 290.14
6.7167 -1103.4 8050.8 303.29 -1040.1 7990.6 301.74 -1006.1 7876.8 289.97
6.725 -1097.6 8042.4 302.82 -1034.7 7982.2 301.65 -1001.1 7868.7 289.82
6.7333 -1091.8 8033.5 302.34 -1029.2 7973.5 301.56 -996.05 7860.3 289.67
6.7417 -1086 8024.6 301.9 -1023.8 7964.7 301.47 -990.94 7851.7 289.53
6.75 -1080.1 8015.9 301.51 -1018.3 7956.3 301.38 -985.81 7843.4 289.39
6.7583 -1074.3 8007.8 301.14 -1013 7948.4 301.3 -980.69 7835.6 289.26
6.7667 -1068.5 8000.4 300.81 -1007.6 7941.3 301.22 -975.61 7828.4 289.13
6.775 -1062.7 7993.9 300.53 -1002.4 7935.1 301.16 -970.56 7822 289
6.7833 -1056.9 7988 300.26 -997.25 7929.5 301.11 -965.56 7816.3 288.87
6.7917 -1051 7982.7 300.03 -992.12 7924.4 301.06 -960.58 7810.9 288.73
6.8 -1045.1 7977.5 299.83 -986.98 7919.5 301.03 -955.61 7805.7 288.6
6.8083 -1039 7972.1 299.64 -981.79 7914.3 301 -950.6 7800.3 288.46
6.8167 -1032.8 7966.1 299.45 -976.52 7908.5 300.97 -945.53 7794.4 288.33
6.825 -1026.5 7959.2 299.27 -971.11 7901.8 300.93 -940.38 7787.6 288.19
6.8333 -1020 7951.3 299.09 -965.55 7894.1 300.89 -935.13 7779.9 288.07
6.8417 -1013.4 7942.4 298.89 -959.84 7885.4 300.83 -929.78 7771.3 287.94
6.85 -1006.6 7932.7 298.68 -953.99 7875.9 300.76 -924.35 7762 287.82
6.8583 -999.82 7922.3 298.44 -948.02 7865.9 300.67 -918.84 7752.4 287.7
