0.0083333 -15.838 7.3074 98.47 -36.396 84.702 86.521 -12.171 88.713 81.307
0.016667 -14.122 17.475 98.54 -34.563 93.094 86.533 -10.293 97.05 81.291
0.025 -12.387 27.75 98.616 -32.723 101.56 86.557 -8.412 105.39 81.273
0.033333 -10.631 38.09 98.695 -30.895 110.07 86.595 -6.5367 113.71 81.249
0.041667 -8.8506 48.453 98.773 -29.101 118.62 86.65 -4.6746 122.02 81.216
0.05 -7.0476 58.795 98.849 -27.361 127.18 86.727 -2.8356 130.3 81.171
0.058333 -5.2197 69.08 98.919 -25.694 135.72 86.832 -1.0296 138.55 81.112
0.066667 -3.37 79.273 98.981 -24.115 144.21 86.971 0.73264 146.76 81.039
0.075 -1.5045 89.35 99.03 -22.635 152.64 87.148 2.4401 154.95 80.952
0.083333 0.36591 99.294 99.062 -21.259 160.98 87.368 4.0817 163.12 80.854
0.091667 2.226 109.1 99.072 -19.989 169.21 87.632 5.6471 171.27 80.747
0.1 4.0568 118.76 99.055 -18.822 177.34 87.941 7.1269 179.42 80.637
0.10833 5.837 128.3 99.004 -17.749 185.36 88.292 8.5129 187.58 80.528
0.11667 7.5466 137.73 98.917 -16.761 193.27 88.68 9.7983 195.76 80.425
0.125 9.1657 147.07 98.789 -15.846 201.1 89.097 10.977 203.98 80.335
0.13333 10.68 156.33 98.622 -14.993 208.86 89.535 12.045 212.25 80.262
0.14167 12.075 165.54 98.418 -14.191 216.57 89.984 13 220.57 80.211
0.15 13.344 174.71 98.183 -13.431 224.25 90.434 13.839 228.96 80.186
0.15833 14.478 183.83 97.925 -12.705 231.92 90.877 14.56 237.43 80.19
0.16667 15.474 192.9 97.653 -12.009 239.58 91.306 15.164 245.98 80.226
0.175 16.327 201.93 97.374 -11.343 247.26 91.713 15.648 254.62 80.295
0.18333 17.041 210.89 97.099 -10.708 254.94 92.096 16.013 263.34 80.398
0.19167 17.612 219.77 96.834 -10.108 262.65 92.451 16.26 272.15 80.534
0.2 18.046 228.56 96.584 -9.5469 270.37 92.778 16.39 281.03 80.702
0.20833 18.345 237.25 96.352 -9.0303 278.12 93.077 16.407 290 80.9
0.21667 18.514 245.83 96.139 -8.5656 285.88 93.347 16.313 299.03 81.125
0.225 18.569 254.31 95.944 -8.1552 293.66 93.592 16.116 308.12 81.373
0.23333 18.526 262.7 95.762 -7.804 301.48 93.81 15.824 317.26 81.639
0.24167 18.408 271.01 95.591 -7.5113 309.32 94.004 15.447 326.44 81.918
0.25 18.24 279.27 95.427 -7.2766 317.21 94.175 14.994 335.65 82.204
0.25833 18.05 287.5 95.265 -7.0966 325.16 94.323 14.479 344.87 82.49
0.26667 17.858 295.72 95.104 -6.9663 333.19 94.449 13.912 354.09 82.772
0.275 17.686 303.95 94.942 -6.8797 341.32 94.555 13.306 363.31 83.044
0.28333 17.547 312.21 94.778 -6.8303 349.56 94.643 12.671 372.51 83.3
0.29167 17.448 320.5 94.613 -6.8116 357.92 94.714 12.017 381.7 83.538
0.3 17.392 328.83 94.446 -6.8182 366.42 94.771 11.352 390.86 83.756
0.30833 17.377 337.21 94.277 -6.846 375.06 94.816 10.682 400 83.951
0.31667 17.397 345.62 94.105 -6.8925 383.84 94.852 10.011 409.12 84.125
0.325 17.441 354.06 93.93 -6.9568 392.76 94.882 9.3432 418.23 84.278
0.33333 17.5 362.51 93.751 -7.0396 401.8 94.906 8.679 427.33 84.412
0.34167 17.562 370.98 93.565 -7.1432 410.96 94.925 8.0203 436.43 84.529
0.35 17.618 379.46 93.371 -7.2703 420.22 94.94 7.3681 445.53 84.632
0.35833 17.661 387.93 93.167 -7.4241 429.57 94.949 6.7236 454.66 84.722
0.36667 17.681 396.4 92.954 -7.6072 439 94.951 6.0888 463.81 84.799
0.375 17.672 404.88 92.73 -7.8223 448.51 94.944 5.4652 472.99 84.865
0.38333 17.629 413.38 92.498 -8.0704 458.08 94.925 4.8554 482.21 84.919
0.39167 17.545 421.92 92.259 -8.3511 467.73 94.894 4.2612 491.47 84.96
0.4 17.417 430.5 92.016 -8.6631 477.44 94.849 3.6849 500.77 84.986
0.40833 17.236 439.16 91.774 -9.0034 487.25 94.791 3.1272 510.1 84.996
0.41667 17.001 447.9 91.536 -9.3688 497.14 94.721 2.5888 519.47 84.99
0.425 16.712 456.76 91.307 -9.7554 507.12 94.64 2.0681 528.88 84.966
0.43333 16.37 465.75 91.089 -10.16 517.21 94.553 1.5629 538.33 84.926
0.44167 15.966 474.89 90.88 -10.581 527.41 94.463 1.0706 547.81 84.869
0.45 15.503 484.2 90.683 -11.017 537.71 94.372 0.58687 557.33 84.798
0.45833 14.975 493.71 90.493 -11.471 548.1 94.284 0.10848 566.9 84.714
0.46667 14.378 503.43 90.305 -11.944 558.57 94.199 -0.36838 576.52 84.617
0.475 13.712 513.37 90.117 -12.443 569.09 94.112 -0.84535 586.21 84.508
0.48333 12.974 523.56 89.923 -12.97 579.66 94.031 -1.3239 595.97 84.386
0.49167 12.167 534 89.722 -13.528 590.23 93.938 -1.8028 605.83 84.247
0.5 11.294 544.68 89.514 -14.132 600.88 93.866 -2.2816 615.79 84.091
0.50833 10.357 555.62 89.301 -14.775 611.63 93.825 -2.7567 625.86 83.911
0.51667 9.3583 566.81 89.09 -15.432 622.46 93.8 -3.2257 636.06 83.704
0.525 8.3043 578.22 88.888 -16.174 633.36 93.798 -3.6855 646.39 83.468
0.53333 7.1931 589.85 88.708 -16.937 644.35 93.81 -4.1351 656.86 83.198
0.54167 6.0308 601.56 88.57 -17.757 655.42 93.831 -4.5772 667.46 82.899
0.55 4.8647 613.64 88.451 -18.634 666.61 93.874 -5.0069 678.19 82.569
0.55833 3.6592 625.72 88.393 -19.471 677.92 93.93 -5.4376 689.03 82.219
0.56667 2.453 637.9 88.385 -20.33 689.36 93.998 -5.8658 699.99 81.854
0.575 1.24 650.1 88.424 -21.124 700.96 94.079 -6.3035 711.03 81.489
0.58333 0.033104 662.29 88.503 -21.856 712.71 94.174 -6.7517 722.14 81.134
0.59167 -1.1664 674.41 88.607 -22.435 724.49 94.225 -7.215 733.31 80.804
0.6 -2.344 686.43 88.717 -22.908 736.34 94.252 -7.6921 744.51 80.51
0.60833 -3.4876 698.31 88.812 -23.259 748.16 94.215 -8.1766 755.74 80.26
0.61667 -4.5837 710.01 88.868 -23.476 759.94 94.118 -8.6566 766.97 80.061
0.625 -5.6142 721.51 88.867 -23.555 771.66 93.954 -9.1144 778.21 79.911
0.63333 -6.5684 732.79 88.789 -23.494 783.29 93.715 -9.5264 789.43 79.807
0.64167 -7.4339 743.86 88.626 -23.294 794.81 93.395 -9.8637 800.64 79.74
0.65 -8.2018 754.72 88.376 -22.959 806.17 92.989 -10.095 811.84 79.695
0.65833 -8.8636 765.4 88.05 -22.494 817.38 92.499 -10.186 823.03 79.657
0.66667 -9.4087 775.93 87.662 -21.906 828.41 91.926 -10.107 834.21 79.608
0.675 -9.823 786.34 87.234 -21.201 839.28 91.278 -9.8292 845.38 79.532
0.68333 -10.083 796.63 86.786 -20.384 849.99 90.563 -9.3306 856.54 79.414
0.69167 -10.17 806.82 86.341 -19.458 860.57 89.792 -8.5963 867.7 79.243
0.7 -10.065 816.9 85.914 -18.427 871.04 88.975 -7.6194 878.85 79.012
0.70833 -9.7502 826.88 85.519 -17.291 881.43 88.123 -6.4006 890 78.718
0.71667 -9.2235 836.74 85.162 -16.047 891.75 87.244 -4.9482 901.13 78.362
0.725 -8.4926 846.47 84.844 -14.695 902.02 86.345 -3.276 912.24 77.951
0.73333 -7.5766 856.07 84.558 -13.23 912.27 85.431 -1.4017 923.32 77.489
0.74167 -6.5029 865.53 84.296 -11.647 922.5 84.504 0.65439 934.37 76.985
0.75 -5.2857 874.86 84.043 -9.9428 932.72 83.566 2.8729 945.36 76.448
0.75833 -3.9424 884.05 83.788 -8.1139 942.91 82.619 5.2355 956.3 75.886
0.76667 -2.4806 893.11 83.518 -6.1585 953.07 81.664 7.7277 967.18 75.303
0.775 -0.90581 902.06 83.225 -4.0762 963.19 80.703 10.339 977.98 74.706
0.78333 0.76482 910.93 82.905 -1.8688 973.25 79.741 13.061 988.7 74.097
0.79167 2.5085 919.73 82.561 0.45978 983.25 78.783 15.893 999.34 73.479
0.8 4.3024 928.5 82.197 2.9043 993.17 77.837 18.835 1009.9 72.853
0.80833 6.1228 937.26 81.822 5.4582 1003 76.91 21.889 1020.4 72.219
0.81667 7.9496 946.02 81.445 8.1138 1012.8 76.011 25.059 1030.7 71.579
0.825 9.7693 954.8 81.077 10.863 1022.4 75.148 28.346 1041 70.935
0.83333 11.574 963.61 80.724 13.699 1032 74.329 31.755 1051.2 70.289
0.84167 13.367 972.46 80.394 16.614 1041.6 73.558 35.285 1061.3 69.644
0.85 15.157 981.34 80.089 19.602 1051 72.838 38.933 1071.4 69.004
0.85833 16.959 990.26 79.811 22.661 1060.5 72.17 42.698 1081.3 68.374
0.86667 18.794 999.22 79.557 25.786 1069.9 71.553 46.573 1091.2 67.757
0.875 20.686 1008.2 79.326 28.979 1079.4 70.982 50.553 1101 67.156
0.88333 22.659 1017.3 79.114 32.243 1088.8 70.458 54.631 1110.7 66.577
0.89167 24.738 1026.4 78.917 35.58 1098.3 69.973 58.802 1120.3 66.018
0.9 26.944 1035.6 78.731 38.998 1107.8 69.525 63.062 1129.9 65.483
0.90833 29.296 1044.8 78.552 42.502 1117.3 69.11 67.406 1139.3 64.97
0.91667 31.807 1054.1 78.382 46.1 1126.9 68.726 71.833 1148.7 64.477
0.925 34.487 1063.4 78.217 49.798 1136.5 68.371 76.343 1157.9 64.004
0.93333 37.34 1072.8 78.06 53.604 1146.2 68.046 80.935 1167.1 63.547
0.94167 40.365 1082.2 77.911 57.521 1155.9 67.75 85.612 1176.2 63.102
0.95 43.558 1091.8 77.775 61.553 1165.7 67.483 90.374 1185.2 62.667
0.95833 46.908 1101.4 77.653 65.703 1175.5 67.246 95.225 1194.1 62.238
0.96667 50.403 1111 77.547 69.971 1185.4 67.038 100.17 1203 61.813
0.975 54.022 1120.8 77.459 74.358 1195.3 66.859 105.2 1211.8 61.39
0.98333 57.746 1130.6 77.387 78.863 1205.2 66.706 110.32 1220.5 60.969
0.99167 61.56 1140.6 77.329 83.487 1215.2 66.577 115.54 1229.2 60.549
1 65.453 1150.6 77.28 88.231 1225.1 66.466 120.85 1237.9 60.132
1.0083 69.429 1160.7 77.233 93.097 1235.1 66.37 126.25 1246.5 59.72
1.0167 73.502 1171 77.178 98.087 1245.1 66.281 131.75 1255.1 59.317
1.025 77.69 1181.3 77.109 103.21 1255.1 66.194 137.33 1263.8 58.926
1.0333 82.016 1191.8 77.019 108.46 1265.1 66.1 143.01 1272.4 58.552
1.0417 86.495 1202.3 76.903 113.86 1275.2 65.993 148.77 1281 58.199
1.05 91.144 1213 76.758 119.4 1285.3 65.867 154.63 1289.6 57.868
1.0583 95.972 1223.9 76.584 125.1 1295.3 65.717 160.58 1298.2 57.564
1.0667 100.97 1234.8 76.382 130.94 1305.5 65.533 166.62 1306.9 57.285
1.075 106.15 1245.9 76.153 136.94 1315.7 65.316 172.75 1315.6 57.031
1.0833 111.51 1257.2 75.896 143.09 1325.9 65.063 178.98 1324.4 56.797
1.0917 117.02 1268.6 75.612 149.37 1336.2 64.773 185.31 1333.1 56.576
1.1 122.69 1280 75.296 155.76 1346.5 64.446 191.73 1342 56.36
1.1083 128.52 1291.6 74.946 162.25 1356.9 64.085 198.25 1350.8 56.138
1.1167 134.48 1303.1 74.557 168.8 1367.3 63.692 204.86 1359.7 55.901
1.125 140.58 1314.7 74.127 175.38 1377.7 63.275 211.56 1368.7 55.636
1.1333 146.82 1326.1 73.66 181.96 1388.1 62.838 218.34 1377.7 55.336
1.1417 153.19 1337.4 73.16 188.49 1398.4 62.389 225.19 1386.8 54.993
1.15 159.7 1348.5 72.636 194.95 1408.8 61.937 232.09 1395.9 54.606
1.1583 166.33 1359.4 72.098 201.29 1419 61.494 239.03 1405 54.175
1.1667 173.06 1370.1 71.555 207.49 1429.2 61.071 245.99 1414.3 53.708
1.175 179.85 1380.6 71.019 213.53 1439.2 60.676 252.92 1423.5 53.215
1.1833 186.68 1390.9 70.496 219.39 1449.1 60.32 259.81 1432.8 52.711
1.1917 193.49 1401 69.99 225.05 1458.9 60.012 266.61 1442.2 52.214
1.2 200.25 1410.9 69.5 230.53 1468.5 59.756 273.31 1451.6 51.74
1.2083 206.91 1420.7 69.025 235.83 1477.9 59.554 279.86 1461.1 51.307
1.2167 213.47 1430.5 68.562 240.96 1487.1 59.404 286.25 1470.6 50.928
1.225 219.89 1440.2 68.106 245.96 1496.2 59.302 292.45 1480.2 50.613
1.2333 226.18 1449.8 67.653 250.83 1505.2 59.24 298.44 1489.7 50.368
1.2417 232.32 1459.5 67.198 255.62 1514 59.208 304.23 1499.3 50.196
1.25 238.32 1469.1 66.736 260.36 1522.7 59.199 309.8 1508.9 50.091
1.2583 244.21 1478.7 66.261 265.06 1531.3 59.202 315.19 1518.5 50.048
1.2667 250 1488.2 65.77 269.75 1539.8 59.211 320.39 1528.1 50.056
1.275 255.72 1497.8 65.26 274.45 1548.3 59.221 325.44 1537.7 50.103
1.2833 261.41 1507.3 64.73 279.17 1556.7 59.229 330.35 1547.3 50.177
1.2917 267.09 1516.8 64.181 283.92 1565.1 59.235 335.17 1556.9 50.268
1.3 272.78 1526.2 63.614 288.7 1573.5 59.241 339.92 1566.5 50.366
1.3083 278.5 1535.5 63.032 293.52 1581.9 59.25 344.61 1576.1 50.467
1.3167 284.25 1544.8 62.439 298.36 1590.3 59.267 349.29 1585.7 50.567
1.325 290.01 1554 61.839 303.23 1598.8 59.293 353.94 1595.3 50.669
1.3333 295.77 1563.2 61.234 308.11 1607.3 59.333 358.6 1605 50.776
1.3417 301.5 1572.3 60.628 313 1615.9 59.385 363.26 1614.7 50.896
1.35 307.18 1581.3 60.022 317.9 1624.5 59.447 367.92 1624.5 51.036
1.3583 312.78 1590.3 59.416 322.8 1633.1 59.516 372.58 1634.3 51.206
1.3667 318.3 1599.3 58.813 327.7 1641.8 59.584 377.24 1644.1 51.412
1.375 323.72 1608.3 58.21 332.61 1650.5 59.645 381.88 1653.9 51.66
1.3833 329.07 1617.2 57.608 337.54 1659.3 59.691 386.51 1663.8 51.953
1.3917 334.34 1626.2 57.004 342.49 1668.1 59.716 391.14 1673.7 52.293
1.4 339.55 1635.2 56.399 347.47 1677 59.713 395.75 1683.5 52.679
1.4083 344.73 1644.1 55.791 352.5 1685.9 59.682 400.36 1693.4 53.106
1.4167 349.9 1653.1 55.183 357.58 1694.9 59.62 404.98 1703.2 53.57
1.425 355.06 1662.1 54.575 362.72 1704 59.532 409.62 1713.1 54.066
1.4333 360.23 1671.1 53.972 367.93 1713.1 59.421 414.29 1722.9 54.589
1.4417 365.42 1680.1 53.379 373.2 1722.3 59.294 419.01 1732.7 55.134
1.45 370.61 1689.1 52.806 378.55 1731.5 59.158 423.78 1742.5 55.697
1.4583 375.8 1698.1 52.262 383.96 1740.9 59.018 428.61 1752.3 56.276
1.4667 380.97 1707.2 51.757 389.42 1750.3 58.879 433.51 1762.1 56.868
1.475 386.14 1716.4 51.303 394.92 1759.8 58.746 438.46 1772 57.473
1.4833 391.28 1725.6 50.907 400.46 1769.4 58.618 443.47 1781.9 58.091
1.4917 396.4 1734.8 50.576 406.02 1779.1 58.496 448.53 1791.8 58.721
1.5 401.53 1744.2 50.309 411.59 1788.8 58.378 453.62 1801.8 59.364
1.5083 406.67 1753.7 50.103 417.17 1798.6 58.26 458.74 1811.8 60.018
1.5167 411.86 1763.3 49.95 422.75 1808.4 58.143 463.87 1821.9 60.683
1.525 417.14 1773 49.841 428.34 1818.3 58.023 469.01 1832 61.358
1.5333 422.53 1782.9 49.768 433.93 1828.3 57.904 474.13 1842.2 62.04
1.5417 428.04 1792.9 49.726 439.54 1838.3 57.787 479.25 1852.4 62.728
1.55 433.67 1803 49.713 445.17 1848.4 57.679 484.34 1862.6 63.421
1.5583 439.38 1813.3 49.725 450.82 1858.6 57.586 489.42 1872.9 64.115
1.5667 445.17 1823.6 49.758 456.49 1868.9 57.517 494.48 1883.3 64.809
1.575 451.01 1834 49.806 462.2 1879.3 57.481 499.54 1893.7 65.499
1.5833 456.9 1844.5 49.858 467.93 1889.7 57.484 504.58 1904.2 66.184
1.5917 462.85 1855.2 49.902 473.72 1900.3 57.526 509.11 1914.8 67.502
1.6 468.87 1866 49.929 479.47 1911 57.621 514.17 1925.4 68.159
1.6083 474.98 1877 49.93 485.21 1921.7 57.763 519.24 1936.2 68.798
1.6167 481.2 1888.2 49.9 490.94 1932.6 57.948 524.33 1947 69.413
1.625 487.56 1899.7 49.842 496.63 1943.5 58.168 529.44 1957.9 69.999
1.6333 494.07 1911.5 49.76 502.28 1954.5 58.413 534.57 1969 70.552
1.6417 500.76 1923.4 49.669 507.88 1965.6 58.671 539.73 1980.1 71.068
1.65 507.6 1935.6 49.582 513.44 1976.7 58.933 544.9 1991.2 71.545
1.6583 514.59 1947.9 49.521 518.96 1987.8 59.184 550.09 2002.5 71.983
1.6667 521.7 1960.3 49.504 524.45 1999 59.415 555.29 2013.7 72.383
1.675 528.9 1972.7 49.544 529.94 2010.2 59.618 560.49 2025.1 72.751
1.6833 536.13 1985.2 49.653 535.43 2021.4 59.788 565.68 2036.4 73.094
1.6917 543.34 1997.5 49.831 540.95 2032.6 59.921 570.87 2047.7 73.42
1.7 550.5 2009.8 50.075 546.52 2043.7 60.016 576.04 2059 73.738
1.7083 557.55 2021.9 50.373 552.16 2054.9 60.074 581.18 2070.3 74.06
1.7167 564.47 2033.9 50.711 557.87 2066 60.096 586.31 2081.6 74.395
1.725 571.22 2045.7 51.068 563.67 2077 60.085 591.42 2092.8 74.753
1.7333 577.78 2057.2 51.426 569.54 2087.9 60.04 596.51 2104 75.138
1.7417 584.17 2068.5 51.768 575.48 2098.7 59.965 601.59 2115.1 75.555
1.75 590.36 2079.6 52.08 581.47 2109.3 59.858 606.68 2126.2 76.005
1.7583 596.38 2090.5 52.359 587.49 2119.8 59.719 611.79 2137.3 76.485
1.7667 602.25 2101.3 52.606 593.51 2130.1 59.549 616.95 2148.3 76.988
1.775 608 2112 52.825 599.52 2140.2 59.347 622.16 2159.2 77.506
1.7833 613.64 2122.6 53.023 605.48 2150 59.113 627.45 2170.1 78.028
1.7917 619.22 2133.1 53.209 611.39 2159.7 58.849 632.84 2181 78.542
1.8 624.77 2143.6 53.391 617.24 2169.1 58.557 638.35 2191.8 79.035
1.8083 630.31 2154 53.578 623.01 2178.4 58.24 643.98 2202.5 79.498
1.8167 635.86 2164.3 53.778 628.72 2187.5 57.904 649.76 2213.2 79.92
1.825 641.45 2174.5 53.997 634.38 2196.5 57.552 655.69 2223.8 80.295
1.8333 647.1 2184.7 54.241 639.99 2205.4 57.192 661.75 2234.3 80.619
1.8417 652.8 2194.7 54.512 645.59 2214.2 56.828 667.95 2244.8 80.892
1.85 658.56 2204.5 54.809 651.18 2223.1 56.465 674.27 2255.2 81.115
1.8583 664.36 2214.2 55.132 656.78 2231.9 56.106 680.7 2265.5 81.294
1.8667 670.21 2223.8 55.476 662.42 2240.8 55.756 687.22 2275.8 81.435
1.875 676.09 2233.2 55.838 668.09 2249.8 55.416 693.79 2286 81.546
1.8833 681.98 2242.5 56.215 673.82 2258.8 55.085 700.42 2296 81.636
1.8917 687.87 2251.8 56.601 679.6 2267.8 54.765 707.06 2306.1 81.713
1.9 693.76 2260.9 56.994 685.44 2277 54.457 713.72 2316 81.784
1.9083 699.63 2270 57.39 691.34 2286.1 54.162 720.37 2325.8 81.855
1.9167 705.48 2279 57.787 697.28 2295.3 53.881 727.02 2335.6 81.929
1.925 711.3 2288.1 58.183 703.28 2304.6 53.617 733.67 2345.3 82.008
1.9333 717.09 2297 58.577 709.31 2313.8 53.373 740.31 2355 82.091
1.9417 722.86 2306 58.968 715.39 2323.1 53.153 746.96 2364.6 82.174
1.95 728.61 2314.9 59.357 721.5 2332.4 52.963 753.63 2374.1 82.254
1.9583 734.36 2323.8 59.743 727.65 2341.7 52.805 760.32 2383.6 82.325
1.9667 740.13 2332.6 60.125 733.83 2351.1 52.683 767.06 2393 82.382
1.975 745.93 2341.4 60.504 740.06 2360.5 52.599 773.85 2402.4 82.421
1.9833 751.78 2350.1 60.877 746.32 2370 52.554 780.69 2411.8 82.438
1.9917 757.72 2358.9 61.243 752.62 2379.5 52.546 787.58 2421.1 82.432
2 763.76 2367.6 61.596 758.97 2389.1 52.572 794.53 2430.5 82.404
2.0083 769.91 2376.4 61.935 765.37 2398.8 52.629 801.52 2439.9 82.357
2.0167 776.2 2385.1 62.256 771.82 2408.5 52.713 808.53 2449.2 82.295
2.025 782.63 2394 62.556 778.32 2418.3 52.816 815.57 2458.7 82.224
2.0333 789.21 2402.9 62.836 784.87 2428.1 52.935 822.61 2468.1 82.15
2.0417 795.95 2411.8 63.097 791.48 2437.9 53.065 829.65 2477.6 82.081
2.05 802.84 2420.9 63.346 798.15 2447.8 53.2 836.67 2487.1 82.023
2.0583 809.88 2430 63.59 804.88 2457.7 53.342 843.67 2496.6 81.978
2.0667 817.07 2439.3 63.832 811.66 2467.7 53.483 850.64 2506.2 81.951
2.075 824.37 2448.6 64.083 818.52 2477.6 53.634 857.6 2515.8 81.942
2.0833 831.74 2458.1 64.338 825.43 2487.6 53.779 864.53 2525.4 81.952
2.0917 839.15 2467.6 64.599 832.41 2497.7 53.934 871.44 2535 81.977
2.1 846.55 2477.3 64.856 839.46 2507.7 54.083 878.35 2544.6 82.017
2.1083 853.92 2486.9 65.103 846.56 2517.8 54.234 885.25 2554.2 82.069
2.1167 861.27 2496.7 65.33 853.72 2528 54.385 892.15 2563.8 82.132
2.125 868.61 2506.4 65.531 860.94 2538.2 54.524 899.05 2573.4 82.206
2.1333 875.96 2516.2 65.7 868.21 2548.4 54.647 905.95 2583 82.29
2.1417 883.36 2526.1 65.833 875.53 2558.7 54.756 912.85 2592.6 82.388
2.15 890.84 2536 65.93 882.89 2569 54.837 919.74 2602.4 82.502
2.1583 898.44 2546.1 65.993 890.29 2579.3 54.888 926.62 2612.1 82.635
2.1667 906.17 2556.4 66.024 897.74 2589.6 54.905 933.47 2622 82.788
2.175 914.04 2566.9 66.026 905.22 2599.9 54.885 940.3 2632 82.964
2.1833 922.05 2577.6 66.004 912.72 2610.1 54.83 947.11 2642 83.161
2.1917 930.17 2588.5 65.959 920.25 2620.4 54.743 953.88 2652.2 83.377
2.2 938.36 2599.7 65.893 927.78 2630.6 54.633 960.63 2662.5 83.608
2.2083 946.56 2610.9 65.805 935.3 2640.8 54.501 967.35 2672.8 83.845
2.2167 954.72 2622.3 65.695 942.79 2651.1 54.358 974.05 2683.1 84.082
2.225 962.78 2633.7 65.568 950.24 2661.3 54.226 980.73 2693.5 84.309
2.2333 970.71 2645.1 65.427 957.6 2671.6 54.11 987.39 2703.9 84.518
2.2417 978.49 2656.3 65.279 964.85 2682 54.027 994.01 2714.2 84.702
2.25 986.11 2667.5 65.131 971.97 2692.4 53.988 1000.6 2724.5 84.854
2.2583 993.56 2678.4 64.993 978.92 2702.9 54.002 1007.1 2734.6 84.973
2.2667 1000.9 2689.2 64.871 985.67 2713.4 54.08 1013.6 2744.7 85.058
2.275 1008 2699.7 64.775 992.21 2724 54.225 1020 2754.7 85.114
2.2833 1015.1 2710 64.711 998.52 2734.6 54.441 1026.2 2764.6 85.146
2.2917 1022 2720.2 64.683 1004.6 2745.2 54.726 1032.3 2774.4 85.163
2.3 1028.9 2730.2 64.691 1010.4 2755.7 55.077 1038.2 2784.3 85.176
2.3083 1035.7 2740 64.734 1016 2766.2 55.491 1043.9 2794.1 85.198
2.3167 1042.5 2749.7 64.805 1021.4 2776.5 55.953 1049.4 2804 85.241
2.325 1049.2 2759.4 64.904 1026.5 2786.8 56.476 1054.6 2814 85.317
2.3333 1055.8 2769 65.02 1031.5 2796.9 57.033 1059.5 2824.2 85.436
2.3417 1062.3 2778.6 65.152 1036.4 2806.9 57.624 1064.2 2834.5 85.608
2.35 1068.6 2788.3 65.296 1041.1 2816.8 58.246 1068.6 2844.9 85.841
2.3583 1074.7 2798 65.449 1045.7 2826.6 58.894 1072.7 2855.5 86.138
2.3667 1080.5 2807.7 65.611 1050.2 2836.2 59.566 1076.6 2866.4 86.503
2.375 1086 2817.4 65.784 1054.7 2845.9 60.261 1080.2 2877.3 86.936
2.3833 1091.2 2827.2 65.966 1059.1 2855.4 60.981 1083.5 2888.4 87.435
2.3917 1096.1 2836.9 66.166 1063.4 2865 61.726 1086.6 2899.6 87.999
2.4 1100.7 2846.7 66.385 1067.6 2874.6 62.498 1089.4 2910.9 88.62
2.4083 1105.1 2856.5 66.626 1071.8 2884.3 63.295 1092.1 2922.3 89.294
2.4167 1109.2 2866.3 66.89 1075.9 2893.9 64.116 1094.5 2933.7 90.013
2.425 1113.2 2876 67.18 1079.9 2903.6 64.96 1096.7 2945.1 90.768
2.4333 1117.1 2885.8 67.495 1083.8 2913.4 65.818 1098.7 2956.5 91.551
2.4417 1120.9 2895.5 67.827 1087.6 2923.2 66.686 1100.6 2967.8 92.353
2.45 1124.7 2905.3 68.183 1091.2 2933 67.554 1102.3 2979.1 93.165
2.4583 1128.4 2915.1 68.548 1094.8 2942.9 68.413 1103.9 2990.3 93.981
2.4667 1132.3 2924.9 68.926 1098.3 2952.7 69.256 1105.4 3001.5 94.792
2.475 1136.1 2934.7 69.303 1101.7 2962.6 70.075 1106.9 3012.6 95.596
2.4833 1140 2944.5 69.679 1105 2972.6 70.862 1108.2 3023.7 96.387
2.4917 1143.9 2954.4 70.043 1108.2 2982.6 71.615 1109.5 3034.8 97.164
2.5 1147.7 2964.2 70.39 1111.4 2992.6 72.331 1110.8 3045.8 97.926
2.5083 1151.6 2974.1 70.725 1114.5 3002.7 73.011 1112.1 3056.8 98.674
2.5167 1155.3 2983.9 71.042 1117.5 3012.8 73.655 1113.4 3067.7 99.407
2.525 1159 2993.8 71.347 1120.5 3023.1 74.269 1114.7 3078.7 100.13
2.5333 1162.6 3003.7 71.647 1123.4 3033.4 74.855 1115.9 3089.6 100.84
2.5417 1166.1 3013.7 71.945 1126.2 3043.8 75.418 1117.2 3100.5 101.54
2.55 1169.5 3023.6 72.249 1129 3054.3 75.961 1118.5 3111.4 102.22
2.5583 1172.7 3033.7 72.564 1131.6 3064.8 76.488 1119.8 3122.4 102.9
2.5667 1175.9 3043.8 72.891 1134.2 3075.4 76.998 1121 3133.3 103.56
2.575 1178.9 3054 73.231 1136.6 3086 77.493 1122.3 3144.2 104.2
2.5833 1181.8 3064.4 73.579 1139 3096.7 77.972 1123.5 3155.1 104.83
2.5917 1184.6 3074.9 73.929 1141.2 3107.4 78.435 1124.7 3165.9 105.45
2.6 1187.4 3085.6 74.273 1143.3 3118.1 78.878 1125.9 3176.7 106.05
2.6083 1190 3096.6 74.606 1145.4 3128.8 79.301 1127 3187.5 106.64
2.6167 1192.6 3107.7 74.914 1147.3 3139.5 79.71 1128.1 3198.2 107.22
2.625 1195.2 3118.9 75.197 1149.1 3150.3 80.1 1129.1 3208.9 107.8
2.6333 1197.6 3130.4 75.45 1150.8 3161.1 80.476 1130.1 3219.5 108.37
2.6417 1200 3142 75.67 1152.4 3171.9 80.841 1131 3230.1 108.95
2.65 1202.3 3153.7 75.854 1154 3182.8 81.201 1131.7 3240.7 109.54
2.6583 1204.4 3165.6 75.999 1155.4 3193.8 81.556 1132.4 3251.3 110.14
2.6667 1206.5 3177.7 76.104 1156.8 3204.8 81.916 1132.9 3261.9 110.76
2.675 1208.5 3189.9 76.171 1158 3215.9 82.282 1133.4 3272.5 111.39
2.6833 1210.4 3202.4 76.2 1159.2 3227 82.651 1133.6 3283.2 112.03
2.6917 1212.2 3215.1 76.2 1160.2 3238.2 83.025 1133.8 3293.9 112.67
2.7 1214 3228.1 76.179 1161.1 3249.4 83.401 1133.8 3304.8 113.33
2.7083 1215.7 3241.3 76.151 1161.9 3260.7 83.776 1133.6 3315.6 113.98
2.7167 1217.4 3254.6 76.134 1162.6 3271.9 84.143 1133.4 3326.5 114.63
2.725 1219.1 3268.2 76.146 1163.2 3283.2 84.498 1132.9 3337.5 115.28
2.7333 1220.6 3281.8 76.206 1163.7 3294.5 84.837 1132.4 3348.5 115.93
2.7417 1222.1 3295.5 76.329 1164.1 3305.8 85.155 1131.8 3359.4 116.57
2.75 1223.5 3309.2 76.525 1164.3 3317.1 85.451 1131 3370.3 117.21
2.7583 1224.7 3322.7 76.799 1164.6 3328.3 85.725 1130.1 3381.1 117.87
2.7667 1225.7 3336 77.148 1164.7 3339.6 85.979 1129.2 3391.9 118.53
2.775 1226.6 3349.1 77.562 1164.9 3350.8 86.217 1128.2 3402.5 119.21
2.7833 1227.2 3361.9 78.024 1165 3361.9 86.445 1127 3413.1 119.91
2.7917 1227.7 3374.4 78.516 1165.2 3373 86.669 1125.9 3423.5 120.63
2.8 1227.9 3386.6 79.021 1165.3 3383.9 86.897 1124.7 3433.9 121.38
2.8083 1228 3398.5 79.526 1165.6 3394.8 87.133 1123.4 3444.1 122.14
2.8167 1228 3410.1 80.026 1165.8 3405.5 87.384 1122.1 3454.3 122.92
2.825 1227.8 3421.5 80.521 1166.1 3416 87.654 1120.8 3464.5 123.71
2.8333 1227.4 3432.7 81.017 1166.4 3426.4 87.944 1119.5 3474.6 124.5
2.8417 1226.9 3444 81.523 1166.8 3436.5 88.257 1118.2 3484.7 125.28
2.85 1226.3 3455.2 82.046 1167.1 3446.4 88.591 1117 3494.7 126.05
2.8583 1225.5 3466.4 82.595 1167.4 3456.1 88.944 1115.7 3504.8 126.8
2.8667 1224.7 3477.6 83.179 1167.7 3465.6 89.312 1114.6 3514.8 127.52
2.875 1223.7 3488.8 83.801 1167.9 3475 89.698 1113.4 3524.8 128.22
2.8833 1222.7 3499.9 84.47 1168.1 3484.2 90.093 1112.3 3534.7 128.89
2.8917 1221.6 3511 85.188 1168.1 3493.2 90.495 1111.3 3544.7 129.54
2.9 1220.4 3521.9 85.954 1168 3502.2 90.905 1110.3 3554.6 130.16
2.9083 1219.3 3532.7 86.769 1167.8 3511.2 91.321 1109.3 3564.4 130.76
2.9167 1218.1 3543.3 87.631 1167.5 3520.1 91.744 1108.3 3574.2 131.36
2.925 1216.9 3553.7 88.538 1167.1 3529 92.176 1107.4 3583.9 131.94
2.9333 1215.7 3563.9 89.489 1166.5 3538 92.617 1106.4 3593.6 132.52
2.9417 1214.4 3573.9 90.483 1165.9 3547 93.072 1105.5 3603.3 133.1
2.95 1213.1 3583.8 91.52 1165.2 3556.1 93.543 1104.5 3612.9 133.69
2.9583 1211.8 3593.5 92.602 1164.4 3565.3 94.024 1103.6 3622.5 134.28
2.9667 1210.4 3603.1 93.732 1163.6 3574.6 94.542 1102.6 3632.1 134.88
2.975 1208.8 3612.6 94.911 1162.6 3583.9 95.074 1101.6 3641.6 135.5
2.9833 1207.2 3622.1 96.141 1161.7 3593.4 95.631 1100.6 3651 136.13
2.9917 1205.5 3631.6 97.425 1160.7 3602.9 96.213 1099.6 3660.4 136.77
3 1203.8 3641 98.761 1159.6 3612.6 96.82 1098.5 3669.7 137.43
3.0083 1201.9 3650.4 100.15 1158.4 3622.3 97.451 1097.5 3678.9 138.09
3.0167 1200 3659.7 101.57 1157.2 3632.1 98.104 1096.4 3688 138.75
3.025 1198.2 3669.1 103.03 1155.8 3641.9 98.776 1095.2 3697 139.41
3.0333 1196.3 3678.3 104.51 1154.3 3651.8 99.464 1094 3706 140.06
3.0417 1194.6 3687.6 105.99 1152.8 3661.8 100.16 1092.8 3714.9 140.69
3.05 1192.9 3696.7 107.46 1151.1 3671.8 100.87 1091.5 3723.8 141.29
3.0583 1191.4 3705.9 108.9 1149.3 3681.8 101.57 1090.2 3732.7 141.87
3.0667 1189.9 3715 110.3 1147.4 3691.8 102.28 1088.7 3741.6 142.41
3.075 1188.5 3724.2 111.64 1145.3 3701.9 102.97 1087.2 3750.5 142.92
3.0833 1187.2 3733.4 112.92 1143.2 3711.9 103.65 1085.6 3759.6 143.4
3.0917 1186 3742.7 114.13 1141 3721.9 104.32 1083.9 3768.7 143.87
3.1 1184.7 3752.1 115.26 1138.7 3731.9 104.97 1082.1 3777.9 144.32
3.1083 1183.5 3761.7 116.31 1136.3 3741.9 105.6 1080.1 3787.2 144.77
3.1167 1182.3 3771.4 117.27 1133.9 3751.9 106.22 1078.1 3796.5 145.23
3.125 1181.1 3781.3 118.14 1131.5 3761.9 106.82 1075.9 3805.8 145.72
3.1333 1179.8 3791.3 118.93 1129 3771.9 107.42 1073.6 3815.2 146.23
3.1417 1178.5 3801.5 119.63 1126.4 3782 107.99 1071.2 3824.6 146.77
3.15 1177.1 3811.8 120.25 1123.8 3792 108.56 1068.7 3833.9 147.34
3.1583 1175.5 3822.3 120.8 1121.1 3802.2 109.12 1066 3843.3 147.95
3.1667 1173.8 3832.9 121.29 1118.4 3812.3 109.67 1063.2 3852.6 148.57
3.175 1172 3843.5 121.73 1115.5 3822.5 110.21 1060.3 3861.8 149.2
3.1833 1170 3854.2 122.12 1112.6 3832.7 110.73 1057.2 3871.1 149.83
3.1917 1167.9 3864.9 122.49 1109.7 3842.9 111.24 1054.1 3880.3 150.46
3.2 1165.5 3875.7 122.83 1106.6 3853 111.71 1050.8 3889.5 151.07
3.2083 1163 3886.6 123.16 1103.5 3863.2 112.18 1047.3 3898.8 151.67
3.2167 1160.4 3897.6 123.48 1100.3 3873.4 112.62 1043.8 3908 152.25
3.225 1157.5 3908.8 123.81 1097.1 3883.5 113.02 1040 3917.2 152.82
3.2333 1154.5 3920.1 124.15 1093.8 3893.5 113.4 1036.2 3926.5 153.39
3.2417 1151.3 3931.6 124.51 1090.6 3903.6 113.76 1032.1 3935.7 153.97
3.25 1147.9 3943.3 124.9 1087.3 3913.6 114.1 1028 3944.8 154.58
3.2583 1144.3 3955.2 125.31 1084 3923.5 114.43 1023.7 3954 155.22
3.2667 1140.3 3967.2 125.75 1080.6 3933.5 114.76 1019.2 3963 155.9
3.275 1136.2 3979.2 126.21 1077.3 3943.4 115.09 1014.6 3972 156.61
3.2833 1131.7 3991.2 126.69 1073.9 3953.3 115.43 1009.8 3980.9 157.37
3.2917 1127 4003.1 127.18 1070.4 3963.2 115.81 1005 3989.7 158.16
3.3 1122.2 4014.8 127.68 1066.8 3973 116.21 1000 3998.5 158.96
3.3083 1117.2 4026.3 128.19 1063.1 3982.8 116.66 995.02 4007.2 159.77
3.3167 1112.1 4037.4 128.71 1059.3 3992.6 117.16 989.95 4015.8 160.56
3.325 1107 4048.2 129.23 1055.2 4002.2 117.72 984.84 4024.4 161.32
3.3333 1102 4058.7 129.76 1051.1 4011.8 118.33 979.73 4032.9 162.05
3.3417 1097.1 4068.8 130.3 1046.7 4021.3 119 974.6 4041.4 162.74
3.35 1092.2 4078.6 130.86 1042.1 4030.6 119.72 969.48 4049.9 163.39
3.3583 1087.5 4088.1 131.44 1037.4 4039.7 120.51 964.36 4058.3 164
3.3667 1082.9 4097.3 132.05 1032.5 4048.7 121.35 959.24 4066.6 164.58
3.375 1078.4 4106.3 132.7 1027.5 4057.6 122.24 954.09 4074.9 165.15
3.3833 1074 4115.1 133.39 1022.3 4066.2 123.18 948.89 4083 165.72
3.3917 1069.6 4123.7 134.13 1017.1 4074.7 124.17 943.62 4090.9 166.3
3.4 1065.3 4132.1 134.9 1011.8 4083 125.21 938.24 4098.7 166.9
3.4083 1060.9 4140.4 135.7 1006.4 4091.1 126.29 932.71 4106.3 167.53
3.4167 1056.5 4148.6 136.53 1001 4099.1 127.41 927.01 4113.7 168.19
3.425 1052.1 4156.7 137.37 995.51 4106.9 128.57 921.1 4120.9 168.88
3.4333 1047.6 4164.7 138.19 990.01 4114.5 129.77 914.97 4127.9 169.58
3.4417 1043 4172.6 138.99 984.47 4121.9 131.01 908.59 4134.7 170.3
3.45 1038.2 4180.1 139.74 978.87 4129.2 132.29 901.95 4141.3 171.01
3.4583 1033.1 4187.4 140.45 973.21 4136.3 133.6 895.06 4147.7 171.72
3.4667 1027.7 4194.2 141.1 967.48 4143.3 134.94 887.92 4154 172.41
3.475 1022.1 4200.6 141.71 961.64 4150.1 136.31 880.54 4160 173.08
3.4833 1016.3 4206.6 142.28 955.71 4156.8 137.69 872.96 4165.9 173.73
3.4917 1010.3 4212.1 142.83 949.67 4163.3 139.09 865.2 4171.6 174.36
3.5 1004.2 4217.4 143.37 943.51 4169.6 140.49 857.29 4177.1 174.98
3.5083 998.05 4222.4 143.91 937.24 4175.8 141.89 849.27 4182.4 175.6
3.5167 991.83 4227.1 144.44 930.85 4181.8 143.27 841.16 4187.5 176.23
3.525 985.59 4231.8 144.99 924.36 4187.6 144.63 833 4192.3 176.87
3.5333 979.34 4236.4 145.55 917.78 4193.3 145.95 824.83 4196.9 177.53
3.5417 973.1 4241 146.12 911.09 4198.8 147.22 816.65 4201.3 178.2
3.55 966.88 4245.6 146.7 904.33 4204.2 148.46 808.49 4205.5 178.88
3.5583 960.69 4250.2 147.29 897.48 4209.4 149.64 800.37 4209.5 179.58
3.5667 954.53 4254.9 147.88 890.54 4214.5 150.76 792.3 4213.3 180.27
3.575 948.39 4259.7 148.47 883.52 4219.5 151.83 784.27 4217 180.95
3.5833 942.25 4264.5 149.05 876.41 4224.3 152.84 776.28 4220.5 181.61
3.5917 936.08 4269.3 149.62 869.19 4228.9 153.79 768.33 4224 182.25
3.6 929.87 4274.1 150.18 861.87 4233.5 154.71 760.41 4227.3 182.86
3.6083 923.59 4278.8 150.72 854.43 4237.9 155.58 752.51 4230.6 183.44
3.6167 917.21 4283.4 151.25 846.87 4242.3 156.41 744.62 4233.8 183.99
3.625 910.75 4288 151.76 839.21 4246.5 157.22 736.72 4237 184.51
3.6333 904.16 4292.5 152.27 831.43 4250.5 157.99 728.81 4240.1 185.01
3.6417 897.45 4296.9 152.76 823.55 4254.5 158.74 720.88 4243.2 185.49
3.65 890.63 4301.2 153.25 815.58 4258.3 159.45 712.91 4246.2 185.96
3.6583 883.66 4305.5 153.73 807.53 4262.1 160.14 704.91 4249 186.42
3.6667 876.55 4309.7 154.21 799.42 4265.7 160.8 696.88 4251.8 186.87
3.675 869.3 4313.9 154.68 791.25 4269.1 161.42 688.8 4254.5 187.31
3.6833 861.89 4317.9 155.14 783.04 4272.5 162.01 680.7 4257 187.75
3.6917 854.33 4321.9 155.59 774.77 4275.7 162.57 672.57 4259.4 188.19
3.7 846.59 4325.7 156.02 766.46 4278.8 163.11 664.42 4261.7 188.62
3.7083 838.69 4329.4 156.42 758.08 4281.8 163.62 656.26 4263.9 189.04
3.7167 830.62 4333.1 156.8 749.62 4284.6 164.12 648.1 4265.9 189.45
3.725 822.36 4336.6 157.16 741.07 4287.4 164.6 639.92 4267.8 189.86
3.7333 813.92 4340 157.48 732.42 4290 165.08 631.75 4269.6 190.27
3.7417 805.28 4343.3 157.78 723.64 4292.6 165.57 623.57 4271.3 190.68
3.75 796.43 4346.5 158.06 714.74 4294.9 166.07 615.37 4272.9 191.09
3.7583 787.36 4349.6 158.33 705.71 4297.2 166.58 607.16 4274.3 191.52
3.7667 778.05 4352.5 158.58 696.54 4299.3 167.12 598.9 4275.7 191.95
3.775 768.47 4355.4 158.84 687.26 4301.3 167.67 590.59 4276.9 192.4
3.7833 758.61 4358.3 159.09 677.86 4303.1 168.23 582.21 4277.9 192.86
3.7917 748.46 4361 159.35 668.37 4304.8 168.81 573.76 4278.9 193.33
3.8 738.01 4363.8 159.63 658.79 4306.2 169.4 565.21 4279.7 193.81
3.8083 727.27 4366.5 159.93 649.14 4307.5 169.99 556.56 4280.4 194.28
3.8167 716.27 4369.1 160.28 639.43 4308.6 170.59 547.81 4281 194.75
3.825 705.04 4371.7 160.67 629.66 4309.6 171.18 538.98 4281.5 195.2
3.8333 693.65 4374.1 161.14 619.84 4310.4 171.77 530.06 4281.8 195.64
3.8417 682.15 4376.4 161.69 609.96 4311 172.37 521.08 4282.1 196.06
3.85 670.61 4378.5 162.33 600.03 4311.6 172.97 512.06 4282.3 196.46
3.8583 659.11 4380.4 163.08 590.06 4312.1 173.58 503.02 4282.4 196.86
3.8667 647.72 4382 163.92 580.05 4312.5 174.2 493.97 4282.4 197.25
3.875 636.5 4383.5 164.86 570.01 4312.8 174.85 484.94 4282.3 197.65
3.8833 625.52 4384.6 165.87 559.95 4313.2 175.52 475.93 4282.1 198.07
3.8917 614.83 4385.6 166.94 549.92 4313.5 176.21 466.96 4281.8 198.51
3.9 604.44 4386.4 168.05 539.93 4313.9 176.94 458.02 4281.5 198.99
3.9083 594.34 4387 169.19 530.01 4314.3 177.69 449.1 4281 199.51
3.9167 584.51 4387.5 170.35 520.22 4314.7 178.46 440.21 4280.4 200.06
3.925 574.86 4387.9 171.53 510.57 4315.1 179.25 431.32 4279.7 200.66
3.9333 565.36 4388.1 172.72 501.11 4315.6 180.06 422.43 4279 201.28
3.9417 555.93 4388.2 173.93 491.86 4316 180.88 413.52 4278.1 201.92
3.95 546.54 4388.2 175.16 482.83 4316.4 181.71 404.6 4277.3 202.57
3.9583 537.16 4387.9 176.4 474.02 4316.7 182.54 395.66 4276.3 203.22
3.9667 527.78 4387.5 177.66 465.43 4316.9 183.37 386.72 4275.4 203.84
3.975 518.4 4387 178.92 457.03 4317.1 184.22 377.78 4274.4 204.44
3.9833 509.04 4386.3 180.2 448.78 4317.1 185.07 368.87 4273.5 205.02
3.9917 499.72 4385.5 181.48 440.65 4317 185.93 360 4272.5 205.55
4 490.45 4384.6 182.76 432.58 4316.8 186.81 351.22 4271.5 206.06
4.0083 481.27 4383.7 184.04 424.55 4316.4 187.71 342.54 4270.5 206.54
4.0167 472.18 4382.7 185.33 416.49 4315.9 188.62 333.98 4269.5 207
4.025 463.2 4381.7 186.63 408.39 4315.2 189.56 325.56 4268.4 207.45
4.0333 454.33 4380.7 187.94 400.22 4314.4 190.51 317.28 4267.2 207.89
4.0417 445.55 4379.7 189.27 391.96 4313.4 191.48 309.15 4266 208.32
4.05 436.85 4378.8 190.62 383.61 4312.3 192.46 301.16 4264.6 208.76
4.0583 428.21 4377.8 192.01 375.18 4311 193.44 293.29 4263.2 209.21
4.0667 419.62 4376.8 193.44 366.68 4309.5 194.43 285.52 4261.6 209.66
4.075 411.07 4375.7 194.91 358.13 4307.9 195.43 277.82 4259.9 210.11
4.0833 402.53 4374.6 196.43 349.55 4306.2 196.42 270.17 4258.1 210.56
4.0917 394.01 4373.4 197.99 340.98 4304.2 197.42 262.54 4256.1 211.01
4.1 385.5 4372.1 199.6 332.41 4302.2 198.42 254.91 4253.9 211.44
4.1083 377 4370.8 201.24 323.88 4300 199.44 247.25 4251.6 211.87
4.1167 368.51 4369.4 202.9 315.38 4297.7 200.46 239.57 4249.2 212.28
4.125 360.02 4368.1 204.58 306.91 4295.2 201.49 231.84 4246.5 212.69
4.1333 351.55 4366.7 206.26 298.47 4292.6 202.53 224.07 4243.8 213.08
4.1417 343.08 4365.3 207.91 290.04 4289.8 203.59 216.26 4240.8 213.47
4.15 334.63 4364 209.53 281.61 4287 204.66 208.41 4237.8 213.86
4.1583 326.19 4362.7 211.09 273.15 4284 205.73 200.53 4234.6 214.25
4.1667 317.75 4361.5 212.59 264.65 4280.9 206.8 192.63 4231.2 214.65
4.175 309.3 4360.2 214.02 256.11 4277.7 207.87 184.71 4227.8 215.06
4.1833 300.83 4359 215.36 247.5 4274.4 208.92 176.77 4224.2 215.47
4.1917 292.32 4357.8 216.62 238.83 4270.9 209.96 168.83 4220.5 215.89
4.2 283.74 4356.5 217.79 230.1 4267.4 210.98 160.87 4216.8 216.31
4.2083 275.08 4355.1 218.87 221.32 4263.8 211.97 152.9 4213 216.73
4.2167 266.31 4353.7 219.86 212.51 4260.1 212.93 144.92 4209.1 217.14
4.225 257.44 4352.1 220.77 203.66 4256.2 213.84 136.93 4205.2 217.53
4.2333 248.47 4350.4 221.62 194.81 4252.3 214.75 128.92 4201.3 217.9
4.2417 239.41 4348.5 222.39 186 4248.3 215.61 120.45 4197.7 217.64
4.25 230.26 4346.4 223.1 177.12 4244.2 216.44 112.43 4193.8 217.98
4.2583 221.05 4344.2 223.75 168.23 4240 217.22 104.38 4189.8 218.29
4.2667 211.79 4341.7 224.37 159.33 4235.7 217.97 96.314 4185.7 218.59
4.275 202.49 4339.1 224.96 150.4 4231.3 218.67 88.22 4181.7 218.87
4.2833 193.15 4336.2 225.53 141.43 4226.9 219.32 80.094 4177.6 219.15
4.2917 183.78 4333.2 226.09 132.4 4222.3 219.94 71.932 4173.4 219.42
4.3 174.37 4330 226.65 123.3 4217.7 220.49 63.725 4169.2 219.69
4.3083 164.89 4326.7 227.21 114.1 4213 220.99 55.464 4165.1 219.96
4.3167 155.35 4323.2 227.78 104.81 4208.2 221.43 47.141 4160.8 220.23
4.325 145.71 4319.5 228.37 95.416 4203.4 221.82 38.745 4156.6 220.51
4.3333 135.97 4315.5 228.97 85.912 4198.5 222.16 30.265 4152.4 220.79
4.3417 126.11 4311.4 229.57 76.3 4193.7 222.44 21.694 4148.2 221.06
4.35 116.13 4306.9 230.17 66.581 4188.7 222.7 13.021 4143.9 221.33
4.3583 106.03 4302.1 230.76 56.758 4183.8 222.91 4.2413 4139.7 221.59
4.3667 95.815 4297 231.34 46.828 4178.8 223.11 -4.6513 4135.4 221.84
4.375 85.504 4291.6 231.9 36.793 4173.8 223.28 -13.661 4131.2 222.06
4.3833 75.116 4285.8 232.43 26.648 4168.7 223.44 -22.789 4126.9 222.27
4.3917 64.674 4279.6 232.92 16.387 4163.6 223.59 -32.035 4122.6 222.46
4.4 54.202 4273 233.36 6.0082 4158.4 223.75 -41.398 4118.2 222.64
4.4083 43.726 4266.2 233.75 -4.4937 4153.1 223.89 -50.87 4113.8 222.79
4.4167 33.26 4259.1 234.08 -15.111 4147.6 224.04 -60.443 4109.4 222.94
4.425 22.82 4251.7 234.35 -25.833 4142.1 224.18 -70.105 4104.8 223.08
4.4333 12.423 4244.2 234.56 -36.639 4136.5 224.33 -79.839 4100.2 223.21
4.4417 2.0774 4236.6 234.7 -47.497 4130.7 224.47 -89.623 4095.6 223.34
4.45 -8.2078 4229 234.78 -58.365 4124.8 224.61 -99.43 4090.8 223.47
4.4583 -18.426 4221.3 234.81 -69.194 4118.7 224.76 -109.23 4086 223.61
4.4667 -28.573 4213.7 234.79 -79.928 4112.6 224.92 -118.99 4081.2 223.75
4.475 -38.656 4206.3 234.74 -90.511 4106.5 225.1 -128.67 4076.3 223.89
4.4833 -48.688 4199 234.66 -100.89 4100.3 225.31 -138.23 4071.4 224.03
4.4917 -58.688 4191.9 234.57 -111.02 4094.1 225.55 -147.64 4066.4 224.16
4.5 -68.668 4185 234.47 -120.87 4087.9 225.85 -156.88 4061.4 224.29
4.5083 -78.612 4178.3 234.35 -130.41 4081.7 226.19 -165.91 4056.3 224.41
4.5167 -88.485 4171.7 234.22 -139.64 4075.5 226.59 -174.73 4051.1 224.52
4.525 -98.249 4165.2 234.08 -148.58 4069.5 227.05 -183.32 4046 224.63
4.5333 -107.88 4158.7 233.92 -157.25 4063.4 227.55 -191.68 4040.7 224.72
4.5417 -117.34 4152.3 233.76 -165.69 4057.5 228.1 -199.84 4035.3 224.81
4.55 -126.67 4145.8 233.61 -173.95 4051.5 228.69 -207.81 4029.9 224.91
4.5583 -135.88 4139.4 233.46 -182.07 4045.7 229.3 -215.62 4024.4 225
4.5667 -145.01 4133 233.31 -190.09 4039.8 229.91 -223.28 4018.8 225.11
4.575 -154.1 4126.6 233.18 -198.04 4033.9 230.53 -230.84 4013.1 225.23
4.5833 -163.16 4120.2 233.05 -205.96 4028 231.13 -238.32 4007.4 225.37
4.5917 -172.18 4113.7 232.94 -213.85 4022 231.7 -245.74 4001.5 225.53
4.6 -181.13 4107.3 232.85 -221.71 4016 232.25 -253.13 3995.6 225.7
4.6083 -190.01 4100.8 232.79 -229.54 4009.9 232.76 -260.5 3989.5 225.88
4.6167 -198.79 4094.4 232.74 -237.32 4003.7 233.23 -267.85 3983.4 226.07
4.625 -207.45 4087.8 232.73 -245.04 3997.5 233.68 -275.2 3977.3 226.26
4.6333 -215.99 4081.3 232.73 -252.69 3991.1 234.09 -282.55 3971.1 226.43
4.6417 -224.38 4074.7 232.75 -260.26 3984.7 234.48 -289.9 3964.8 226.58
4.65 -232.62 4068.1 232.78 -267.75 3978.1 234.85 -297.25 3958.5 226.71
4.6583 -240.72 4061.4 232.81 -275.17 3971.6 235.21 -304.6 3952.1 226.8
4.6667 -248.67 4054.6 232.84 -282.54 3964.9 235.55 -311.94 3945.7 226.85
4.675 -256.5 4047.8 232.85 -289.86 3958.2 235.88 -319.29 3939.3 226.87
4.6833 -264.23 4040.8 232.84 -297.17 3951.4 236.2 -326.62 3932.9 226.86
4.6917 -271.89 4033.8 232.81 -304.48 3944.6 236.5 -333.94 3926.4 226.82
4.7 -279.5 4026.8 232.76 -311.81 3937.7 236.78 -341.25 3919.9 226.78
4.7083 -287.08 4019.7 232.68 -319.16 3930.8 237.03 -348.52 3913.3 226.73
4.7167 -294.65 4012.5 232.59 -326.53 3923.9 237.26 -355.76 3906.7 226.69
4.725 -302.21 4005.3 232.48 -333.93 3916.9 237.45 -362.95 3900 226.67
4.7333 -309.77 3998.1 232.36 -341.32 3909.8 237.61 -370.07 3893.2 226.68
4.7417 -317.34 3990.9 232.22 -348.71 3902.7 237.73 -377.13 3886.4 226.72
4.75 -324.89 3983.6 232.07 -356.08 3895.6 237.82 -384.12 3879.4 226.79
4.7583 -332.44 3976.4 231.9 -363.41 3888.4 237.88 -391.03 3872.4 226.9
4.7667 -339.96 3969 231.72 -370.7 3881.1 237.91 -397.88 3865.3 227.02
4.775 -347.47 3961.6 231.52 -377.95 3873.8 237.92 -404.68 3858.2 227.16
4.7833 -354.96 3954 231.31 -385.16 3866.5 237.92 -411.45 3851 227.31
