0.0083333 -39.535 2.6265 101.51 -73.787 87.961 91.504 -44.689 237.59 81.524
0.016667 -39.161 9.9895 101.67 -73.39 95.862 91.618 -43.869 245.37 81.408
0.025 -38.833 17.568 101.85 -72.927 103.89 91.719 -42.969 253.19 81.283
0.033333 -38.55 25.386 102.04 -72.403 112.05 91.801 -41.981 261.07 81.147
0.041667 -38.31 33.471 102.23 -71.818 120.35 91.864 -40.9 269.01 80.996
0.05 -38.104 41.849 102.42 -71.174 128.77 91.906 -39.727 277.04 80.832
0.058333 -37.923 50.538 102.61 -70.471 137.32 91.93 -38.459 285.18 80.656
0.066667 -37.76 59.55 102.79 -69.705 146 91.937 -37.101 293.45 80.468
0.075 -37.609 68.884 102.96 -68.872 154.81 91.931 -35.657 301.88 80.272
0.083333 -37.469 78.527 103.12 -67.967 163.74 91.916 -34.135 310.48 80.071
0.091667 -37.345 88.457 103.24 -66.987 172.8 91.894 -32.543 319.29 79.87
0.1 -37.243 98.633 103.34 -65.927 181.99 91.869 -30.891 328.29 79.671
0.10833 -37.179 109.02 103.4 -64.79 191.31 91.843 -29.191 337.49 79.478
0.11667 -37.16 119.55 103.43 -63.58 200.76 91.818 -27.452 346.88 79.293
0.125 -37.2 130.18 103.41 -62.304 210.35 91.793 -25.686 356.42 79.118
0.13333 -37.303 140.87 103.36 -60.974 220.07 91.769 -23.904 366.09 78.952
0.14167 -37.466 151.55 103.27 -59.608 229.91 91.746 -22.116 375.83 78.794
0.15 -37.676 162.2 103.15 -58.225 239.86 91.724 -20.33 385.6 78.642
0.15833 -37.909 172.78 103 -56.847 249.89 91.704 -18.555 395.33 78.495
0.16667 -38.134 183.27 102.85 -55.495 259.98 91.686 -16.8 404.99 78.347
0.175 -38.307 193.66 102.69 -54.193 270.1 91.673 -15.071 414.53 78.197
0.18333 -38.391 203.96 102.54 -52.96 280.2 91.668 -13.376 423.91 78.041
0.19167 -38.359 214.15 102.41 -51.813 290.24 91.677 -11.72 433.12 77.877
0.2 -38.203 224.27 102.29 -50.763 300.19 91.702 -10.111 442.15 77.705
0.20833 -37.933 234.3 102.18 -49.817 310 91.749 -8.5521 451 77.523
0.21667 -37.576 244.25 102.09 -48.978 319.64 91.821 -7.0495 459.7 77.333
0.225 -37.166 254.11 102.02 -48.244 329.07 91.921 -5.6065 468.27 77.136
0.23333 -36.736 263.87 101.96 -47.609 338.3 92.051 -4.2259 476.74 76.933
0.24167 -36.312 273.55 101.9 -47.064 347.3 92.21 -2.9098 485.14 76.728
0.25 -35.917 283.12 101.84 -46.599 356.08 92.395 -1.6588 493.51 76.524
0.25833 -35.566 292.6 101.78 -46.201 364.66 92.604 -0.47254 501.87 76.323
0.26667 -35.267 301.99 101.71 -45.859 373.05 92.83 0.65069 510.25 76.128
0.275 -35.025 311.27 101.63 -45.562 381.3 93.069 1.7131 518.65 75.94
0.28333 -34.842 320.46 101.53 -45.3 389.42 93.315 2.7177 527.08 75.76
0.29167 -34.712 329.57 101.41 -45.065 397.45 93.564 3.6688 535.54 75.59
0.3 -34.627 338.59 101.28 -44.85 405.42 93.81 4.5703 544.02 75.428
0.30833 -34.582 347.54 101.14 -44.652 413.36 94.049 5.426 552.51 75.274
0.31667 -34.566 356.44 101.01 -44.467 421.28 94.282 6.2407 561 75.126
0.325 -34.573 365.29 100.87 -44.294 429.22 94.505 7.018 569.47 74.982
0.33333 -34.603 374.12 100.76 -44.131 437.18 94.719 7.7615 577.92 74.841
0.34167 -34.652 382.92 100.65 -43.979 445.16 94.922 8.4744 586.33 74.699
0.35 -34.727 391.71 100.57 -43.838 453.19 95.12 9.1588 594.69 74.554
0.35833 -34.824 400.5 100.51 -43.708 461.24 95.308 9.8174 603.01 74.405
0.36667 -34.945 409.28 100.46 -43.589 469.34 95.489 10.451 611.27 74.248
0.375 -35.089 418.08 100.41 -43.484 477.47 95.663 11.063 619.49 74.081
0.38333 -35.248 426.89 100.37 -43.394 485.63 95.828 11.653 627.64 73.904
0.39167 -35.419 435.73 100.31 -43.322 493.82 95.984 12.223 635.75 73.713
0.4 -35.592 444.6 100.23 -43.269 502.06 96.127 12.774 643.8 73.509
0.40833 -35.756 453.52 100.12 -43.24 510.33 96.255 13.309 651.8 73.29
0.41667 -35.905 462.5 99.958 -43.236 518.65 96.365 13.83 659.76 73.056
0.425 -36.033 471.55 99.752 -43.259 527.03 96.454 14.339 667.68 72.807
0.43333 -36.143 480.68 99.498 -43.312 535.47 96.52 14.84 675.57 72.544
0.44167 -36.239 489.9 99.199 -43.394 543.98 96.559 15.336 683.45 72.265
0.45 -36.331 499.2 98.864 -43.505 552.57 96.57 15.832 691.32 71.974
0.45833 -36.434 508.58 98.503 -43.643 561.25 96.553 16.332 699.21 71.669
0.46667 -36.564 518.03 98.128 -43.807 570.02 96.506 16.839 707.13 71.353
0.475 -36.739 527.54 97.752 -43.995 578.88 96.431 17.356 715.1 71.028
0.48333 -36.969 537.09 97.383 -44.204 587.83 96.327 17.886 723.13 70.693
0.49167 -37.262 546.66 97.029 -44.434 596.87 96.196 18.43 731.23 70.35
0.5 -37.622 556.26 96.687 -44.684 605.98 96.04 18.988 739.4 70.001
0.50833 -38.043 565.9 96.354 -44.957 615.16 95.859 19.556 747.65 69.646
0.51667 -38.514 575.58 96.019 -45.254 624.4 95.653 20.132 755.97 69.287
0.525 -39.02 585.32 95.667 -45.584 633.68 95.424 20.709 764.35 68.923
0.53333 -39.564 595.15 95.289 -45.944 643 95.168 21.284 772.79 68.555
0.54167 -40.13 605.07 94.875 -46.349 652.33 94.884 21.847 781.26 68.184
0.55 -40.727 615.11 94.421 -46.8 661.67 94.571 22.395 789.75 67.807
0.55833 -41.368 625.25 93.926 -47.305 671.01 94.225 22.921 798.25 67.425
0.56667 -42.071 635.51 93.397 -47.867 680.34 93.844 23.424 806.76 67.035
0.575 -42.851 645.89 92.84 -48.493 689.66 93.426 23.904 815.27 66.635
0.58333 -43.721 656.39 92.263 -49.174 698.96 92.969 24.363 823.78 66.222
0.59167 -44.693 667.01 91.68 -49.919 708.25 92.476 24.806 832.3 65.795
0.6 -45.778 677.75 91.103 -50.723 717.53 91.949 25.242 840.84 65.351
0.60833 -46.986 688.57 90.553 -51.573 726.8 91.394 25.679 849.41 64.888
0.61667 -48.332 699.48 90.039 -52.467 736.08 90.819 26.127 858.02 64.403
0.625 -49.822 710.42 89.573 -53.396 745.36 90.233 26.598 866.69 63.897
0.63333 -51.46 721.34 89.17 -54.342 754.66 89.643 27.099 875.42 63.369
0.64167 -53.243 732.23 88.824 -55.297 763.99 89.061 27.637 884.21 62.822
0.65 -55.154 743.02 88.533 -56.245 773.35 88.493 28.218 893.06 62.257
0.65833 -57.163 753.67 88.284 -57.171 782.75 87.946 28.845 901.95 61.678
0.66667 -59.23 764.14 88.059 -58.057 792.19 87.421 29.518 910.88 61.089
0.675 -61.307 774.37 87.835 -58.887 801.69 86.919 30.239 919.83 60.494
0.68333 -63.343 784.34 87.585 -59.644 811.26 86.438 31.007 928.78 59.898
0.69167 -65.295 794.03 87.289 -60.312 820.91 85.972 31.827 937.7 59.303
0.7 -67.13 803.45 86.926 -60.872 830.63 85.505 32.703 946.59 58.713
0.70833 -68.829 812.6 86.485 -61.302 840.41 85.016 33.647 955.44 58.129
0.71667 -70.385 821.51 85.957 -61.588 850.25 84.492 34.675 964.22 57.55
0.725 -71.798 830.23 85.341 -61.714 860.15 83.916 35.807 972.96 56.975
0.73333 -73.063 838.76 84.642 -61.667 870.1 83.272 37.07 981.65 56.399
0.74167 -74.16 847.15 83.87 -61.439 880.08 82.552 38.491 990.31 55.818
0.75 -75.054 855.4 83.036 -61.024 890.08 81.751 40.103 998.94 55.226
0.75833 -75.71 863.5 82.159 -60.419 900.09 80.87 41.936 1007.6 54.617
0.76667 -76.114 871.47 81.254 -59.625 910.09 79.916 44.016 1016.2 53.986
0.775 -76.281 879.27 80.344 -58.643 920.07 78.897 46.366 1024.9 53.329
0.78333 -76.22 886.92 79.444 -57.477 929.99 77.829 49 1033.6 52.643
0.79167 -75.932 894.38 78.572 -56.131 939.84 76.725 51.926 1042.4 51.929
0.8 -75.406 901.66 77.738 -54.61 949.6 75.602 55.141 1051.2 51.187
0.80833 -74.638 908.76 76.95 -52.919 959.25 74.472 58.635 1060.1 50.422
0.81667 -73.625 915.69 76.211 -51.06 968.79 73.347 62.392 1068.9 49.638
0.825 -72.362 922.48 75.517 -49.033 978.2 72.237 66.388 1077.8 48.842
0.83333 -70.859 929.15 74.862 -46.837 987.49 71.145 70.598 1086.7 48.042
0.84167 -69.127 935.74 74.237 -44.467 996.67 70.075 74.996 1095.6 47.243
0.85 -67.214 942.3 73.631 -41.919 1005.7 69.024 79.557 1104.4 46.453
0.85833 -65.18 948.9 73.035 -39.186 1014.7 67.992 84.258 1113.2 45.678
0.86667 -63.097 955.57 72.439 -36.265 1023.6 66.976 89.083 1121.8 44.921
0.875 -61.025 962.36 71.836 -33.152 1032.4 65.974 94.018 1130.4 44.186
0.88333 -59.006 969.29 71.22 -29.847 1041.1 64.984 99.056 1138.9 43.474
0.89167 -57.06 976.36 70.588 -26.351 1049.8 64.005 104.19 1147.3 42.784
0.9 -55.187 983.57 69.939 -22.67 1058.4 63.038 109.43 1155.5 42.117
0.90833 -53.364 990.88 69.273 -18.808 1067 62.084 114.76 1163.6 41.47
0.91667 -51.556 998.26 68.594 -14.776 1075.5 61.144 120.2 1171.6 40.841
0.925 -49.718 1005.7 67.902 -10.581 1084 60.221 125.74 1179.5 40.228
0.93333 -47.811 1013.1 67.198 -6.2332 1092.3 59.315 131.38 1187.2 39.63
0.94167 -45.797 1020.4 66.482 -1.7399 1100.6 58.426 137.12 1194.8 39.044
0.95 -43.648 1027.7 65.754 2.8918 1108.9 57.555 142.96 1202.2 38.47
0.95833 -41.345 1034.9 65.013 7.6567 1117 56.7 148.89 1209.5 37.906
0.96667 -38.873 1042 64.259 12.551 1125 55.858 154.91 1216.7 37.352
0.975 -36.225 1049.1 63.492 17.573 1133 55.028 161.01 1223.8 36.808
0.98333 -33.395 1056.1 62.711 22.722 1140.8 54.208 167.19 1230.7 36.272
0.99167 -30.386 1063.1 61.92 27.997 1148.6 53.396 173.45 1237.4 35.746
1 -27.198 1070.2 61.12 33.401 1156.4 52.594 179.8 1244.1 35.228
1.0083 -23.834 1077.2 60.315 38.935 1164 51.801 186.25 1250.7 34.72
1.0167 -20.298 1084.4 59.51 44.602 1171.6 51.022 192.79 1257.1 34.221
1.025 -16.585 1091.5 58.713 50.406 1179.2 50.259 199.42 1263.5 33.731
1.0333 -12.687 1098.8 57.932 56.353 1186.7 49.515 206.17 1269.8 33.252
1.0417 -8.59 1106.1 57.175 62.449 1194.2 48.795 213.01 1276 32.784
1.05 -4.2803 1113.4 56.455 68.701 1201.6 48.099 219.96 1282.2 32.327
1.0583 0.26026 1120.7 55.782 75.118 1209 47.43 227 1288.3 31.883
1.0667 5.0461 1128 55.167 81.708 1216.4 46.789 234.12 1294.3 31.453
1.075 10.084 1135.3 54.619 88.482 1223.7 46.172 241.31 1300.2 31.035
1.0833 15.377 1142.6 54.146 95.45 1230.9 45.58 248.56 1305.9 30.631
1.0917 20.923 1149.9 53.749 102.62 1238.1 45.009 255.87 1311.6 30.238
1.1 26.72 1157.2 53.429 110 1245.3 44.455 263.22 1317.2 29.858
1.1083 32.765 1164.4 53.181 117.59 1252.4 43.918 270.63 1322.6 29.488
1.1167 39.064 1171.7 52.995 125.41 1259.4 43.395 278.1 1328 29.127
1.125 45.631 1179 52.86 133.44 1266.4 42.885 285.66 1333.2 28.773
1.1333 52.487 1186.4 52.764 141.7 1273.3 42.388 293.34 1338.4 28.426
1.1417 59.658 1193.7 52.693 150.17 1280.2 41.905 301.16 1343.5 28.084
1.15 67.174 1201.2 52.632 158.86 1287 41.438 309.17 1348.5 27.748
1.1583 75.059 1208.6 52.572 167.76 1293.8 40.989 317.39 1353.6 27.418
1.1667 83.335 1216.2 52.5 176.87 1300.5 40.56 325.86 1358.7 27.096
1.175 92.014 1223.8 52.407 186.19 1307.2 40.153 334.59 1363.8 26.783
1.1833 101.1 1231.4 52.288 195.72 1313.9 39.768 343.57 1369 26.483
1.1917 110.57 1239 52.138 205.46 1320.6 39.406 352.81 1374.2 26.198
1.2 120.42 1246.7 51.955 215.4 1327.2 39.065 362.26 1379.5 25.93
1.2083 130.6 1254.3 51.736 225.54 1333.8 38.743 371.9 1384.9 25.681
1.2167 141.08 1261.9 51.481 235.86 1340.4 38.438 381.66 1390.3 25.45
1.225 151.8 1269.5 51.189 246.33 1347 38.146 391.49 1395.8 25.235
1.2333 162.7 1276.9 50.859 256.93 1353.6 37.865 401.33 1401.2 25.036
1.2417 173.71 1284.3 50.497 266.87 1360.6 37.648 411.12 1406.6 24.844
