0.0083333 3.6765 0.87952 95.917 -37.843 78.775 85.304 -19.587 199.85 89.265
0.016667 4.6422 8.8004 95.877 -37.327 86.977 85.219 -19.29 208.36 89.409
0.025 5.654 16.993 95.833 -36.764 95.251 85.143 -19.025 216.91 89.566
0.033333 6.711 25.465 95.788 -36.145 103.6 85.072 -18.798 225.52 89.737
0.041667 7.8052 34.218 95.742 -35.463 112.03 85.003 -18.615 234.17 89.924
0.05 8.9216 43.243 95.7 -34.714 120.55 84.932 -18.486 242.88 90.131
0.058333 10.038 52.522 95.661 -33.9 129.16 84.86 -18.419 251.64 90.361
0.066667 11.129 62.022 95.627 -33.025 137.88 84.784 -18.423 260.45 90.62
0.075 12.167 71.704 95.597 -32.101 146.7 84.707 -18.508 269.29 90.91
0.083333 13.129 81.515 95.568 -31.146 155.63 84.63 -18.679 278.16 91.234
0.091667 13.999 91.397 95.538 -30.184 164.65 84.556 -18.939 287.04 91.595
0.1 14.776 101.29 95.505 -29.242 173.77 84.488 -19.288 295.9 91.991
0.10833 15.465 111.12 95.466 -28.208 183.17 84.44 -20.92 303.94 93.363
0.11667 16.088 120.85 95.419 -27.396 192.44 84.399 -21.445 312.68 93.83
0.125 16.67 130.42 95.362 -26.698 201.76 84.378 -22.03 321.33 94.312
0.13333 17.242 139.79 95.294 -26.142 211.11 84.38 -22.662 329.87 94.795
0.14167 17.835 148.94 95.213 -25.749 220.46 84.411 -23.328 338.29 95.268
0.15 18.475 157.88 95.118 -25.534 229.8 84.474 -24.017 346.6 95.717
0.15833 19.186 166.63 95.007 -25.505 239.08 84.571 -24.726 354.8 96.133
0.16667 19.984 175.2 94.88 -25.662 248.3 84.706 -25.455 362.91 96.506
0.175 20.876 183.65 94.737 -25.997 257.42 84.881 -26.217 370.96 96.832
0.18333 21.855 192.01 94.579 -26.496 266.42 85.096 -27.029 379 97.112
0.19167 22.902 200.34 94.411 -27.141 275.27 85.353 -27.917 387.06 97.351
0.2 23.979 208.68 94.238 -27.912 283.96 85.65 -28.915 395.18 97.558
0.20833 25.031 217.05 94.066 -28.789 292.47 85.986 -30.06 403.4 97.746
0.21667 25.992 225.48 93.905 -29.751 300.78 86.357 -31.392 411.74 97.933
0.225 26.792 233.95 93.764 -30.784 308.91 86.762 -32.947 420.22 98.135
0.23333 27.367 242.47 93.654 -31.873 316.84 87.196 -34.759 428.84 98.369
0.24167 27.667 251 93.584 -33.012 324.58 87.657 -36.855 437.59 98.65
0.25 27.658 259.53 93.561 -34.196 332.16 88.142 -39.25 446.45 98.99
0.25833 27.328 268 93.592 -35.425 339.6 88.649 -41.95 455.37 99.395
0.26667 26.686 276.4 93.681 -36.704 346.91 89.176 -44.951 464.31 99.867
0.275 25.756 284.69 93.83 -38.037 354.13 89.724 -48.235 473.21 100.4
0.28333 24.583 292.86 94.036 -39.432 361.29 90.293 -51.778 482.03 101
0.29167 23.209 300.88 94.294 -40.894 368.43 90.884 -55.547 490.71 101.64
0.3 21.687 308.77 94.596 -42.426 375.56 91.5 -59.505 499.21 102.33
0.30833 20.07 316.55 94.93 -44.031 382.72 92.14 -63.611 507.49 103.03
0.31667 18.4 324.22 95.287 -45.708 389.92 92.807 -67.829 515.52 103.76
0.325 16.717 331.82 95.651 -47.454 397.19 93.501 -72.121 523.31 104.49
0.33333 15.047 339.38 96.016 -49.266 404.53 94.222 -76.459 530.84 105.22
0.34167 13.4 346.94 96.371 -51.141 411.96 94.967 -80.818 538.12 105.95
0.35 11.782 354.51 96.715 -53.077 419.48 95.732 -85.179 545.19 106.67
0.35833 10.184 362.12 97.04 -55.074 427.08 96.512 -89.533 552.05 107.38
0.36667 8.5894 369.77 97.35 -57.135 434.77 97.302 -93.873 558.76 108.09
0.375 6.9843 377.47 97.647 -59.262 442.53 98.093 -98.2 565.33 108.8
0.38333 5.3463 385.21 97.935 -61.463 450.36 98.878 -102.52 571.8 109.5
0.39167 3.6592 392.98 98.22 -63.743 458.25 99.651 -106.83 578.22 110.2
0.4 1.9115 400.77 98.509 -66.11 466.18 100.41 -111.14 584.61 110.91
0.40833 0.11206 408.56 98.809 -68.573 474.15 101.14 -115.46 590.99 111.61
0.41667 -1.7592 416.35 99.124 -71.135 482.15 101.85 -119.8 597.41 112.32
0.425 -3.6905 424.12 99.458 -73.804 490.16 102.53 -124.16 603.88 113.02
0.43333 -5.6686 431.88 99.814 -76.583 498.17 103.18 -128.54 610.41 113.71
0.44167 -7.6949 439.62 100.19 -79.474 506.17 103.8 -132.96 617.03 114.38
0.45 -9.7612 447.33 100.59 -82.477 514.16 104.4 -137.4 623.74 115.04
0.45833 -11.883 455.04 101.01 -85.591 522.12 104.98 -141.88 630.55 115.67
0.46667 -14.063 462.74 101.45 -88.815 530.04 105.52 -146.39 637.46 116.27
0.475 -16.319 470.44 101.91 -92.148 537.93 106.04 -150.94 644.47 116.84
0.48333 -18.672 478.16 102.37 -95.588 545.78 106.54 -155.52 651.57 117.38
0.49167 -21.145 485.92 102.85 -99.137 553.6 107.01 -160.15 658.75 117.89
0.5 -23.763 493.72 103.33 -102.8 561.39 107.44 -164.83 665.99 118.37
0.50833 -26.55 501.61 103.81 -106.57 569.16 107.85 -169.56 673.29 118.82
0.51667 -29.515 509.6 104.28 -110.46 576.93 108.23 -174.35 680.61 119.24
0.525 -32.675 517.72 104.74 -114.48 584.69 108.58 -179.21 687.95 119.64
0.53333 -36.028 525.98 105.18 -118.64 592.47 108.9 -184.14 695.29 120.03
0.54167 -39.575 534.39 105.6 -122.93 600.27 109.2 -189.16 702.62 120.41
0.55 -43.306 542.91 106.01 -127.37 608.11 109.49 -194.27 709.92 120.78
0.55833 -47.203 551.54 106.4 -131.96 615.98 109.76 -199.49 717.2 121.15
0.56667 -51.255 560.23 106.78 -136.7 623.9 110.03 -204.82 724.45 121.52
0.575 -55.444 568.98 107.16 -141.61 631.88 110.32 -210.27 731.68 121.89
0.58333 -59.75 577.75 107.53 -146.67 639.91 110.62 -215.86 738.91 122.27
0.59167 -64.172 586.55 107.9 -151.91 648 110.95 -221.6 746.15 122.65
0.6 -68.693 595.38 108.26 -157.31 656.17 111.31 -227.48 753.42 123.04
0.60833 -73.322 604.26 108.61 -162.88 664.4 111.71 -233.52 760.73 123.44
0.61667 -78.067 613.19 108.95 -168.62 672.71 112.15 -239.72 768.1 123.84
0.625 -82.947 622.2 109.28 -174.53 681.1 112.64 -246.09 775.56 124.24
0.63333 -87.987 631.3 109.62 -180.62 689.55 113.17 -252.62 783.11 124.64
0.64167 -93.208 640.49 109.97 -186.88 698.07 113.73 -259.32 790.76 125.03
0.65 -98.634 649.75 110.34 -193.29 706.65 114.33 -266.17 798.51 125.42
0.65833 -104.28 659.07 110.76 -199.86 715.27 114.95 -273.18 806.36 125.81
0.66667 -110.14 668.43 111.22 -206.55 723.92 115.59 -280.33 814.3 126.19
0.675 -116.21 677.8 111.75 -213.36 732.56 116.24 -287.61 822.32 126.56
0.68333 -122.47 687.15 112.34 -220.24 741.2 116.9 -295 830.39 126.93
0.69167 -128.88 696.45 113 -227.18 749.79 117.56 -302.48 838.5 127.29
0.7 -135.4 705.68 113.71 -234.12 758.32 118.21 -310.04 846.61 127.65
0.70833 -142 714.81 114.48 -241.05 766.77 118.85 -317.64 854.7 128.01
0.71667 -148.63 723.81 115.28 -247.92 775.13 119.48 -325.26 862.75 128.37
0.725 -155.25 732.65 116.11 -254.71 783.37 120.1 -332.88 870.73 128.74
0.73333 -161.83 741.3 116.95 -261.39 791.49 120.7 -340.46 878.61 129.12
0.74167 -168.34 749.76 117.78 -267.94 799.48 121.28 -347.97 886.38 129.51
0.75 -174.78 758.02 118.6 -274.35 807.34 121.84 -355.4 894.03 129.91
0.75833 -181.13 766.08 119.42 -280.62 815.07 122.38 -362.71 901.55 130.32
0.76667 -187.4 773.97 120.23 -286.74 822.67 122.91 -369.9 908.93 130.73
0.775 -193.63 781.72 121.03 -292.75 830.15 123.41 -376.94 916.17 131.14
0.78333 -199.83 789.34 121.85 -298.64 837.5 123.89 -383.83 923.29 131.55
0.79167 -206.02 796.88 122.69 -304.43 844.74 124.36 -390.57 930.27 131.95
0.8 -212.21 804.38 123.55 -310.15 851.87 124.81 -397.16 937.15 132.33
0.80833 -218.42 811.86 124.44 -315.82 858.89 125.25 -403.61 943.92 132.7
0.81667 -224.64 819.34 125.37 -321.45 865.81 125.67 -409.93 950.61 133.04
0.825 -230.87 826.85 126.33 -327.05 872.63 126.09 -416.14 957.22 133.37
0.83333 -237.1 834.39 127.32 -332.64 879.36 126.51 -422.26 963.76 133.67
0.84167 -243.32 841.95 128.34 -338.23 886.01 126.92 -428.29 970.25 133.95
0.85 -249.51 849.53 129.38 -343.83 892.58 127.33 -434.27 976.7 134.21
0.85833 -255.65 857.11 130.43 -349.43 899.09 127.74 -440.19 983.09 134.46
0.86667 -261.74 864.66 131.49 -355.05 905.55 128.15 -446.08 989.44 134.7
0.875 -267.76 872.17 132.56 -360.7 911.97 128.57 -451.94 995.74 134.95
0.88333 -273.73 879.62 133.62 -366.37 918.37 128.99 -457.78 1002 135.19
0.89167 -279.64 887 134.69 -372.09 924.75 129.4 -463.6 1008.2 135.44
0.9 -285.51 894.31 135.76 -377.85 931.13 129.82 -469.41 1014.3 135.69
0.90833 -291.37 901.56 136.82 -383.67 937.51 130.24 -475.21 1020.4 135.94
0.91667 -297.23 908.75 137.9 -389.55 943.9 130.67 -481 1026.4 136.2
0.925 -303.12 915.9 138.97 -395.51 950.3 131.09 -486.79 1032.4 136.45
0.93333 -309.05 923.03 140.05 -401.56 956.71 131.52 -492.57 1038.3 136.69
0.94167 -315.03 930.16 141.13 -407.69 963.12 131.96 -498.37 1044.2 136.92
0.95 -321.07 937.3 142.19 -413.88 969.34 132.4 -503.94 1051.2 136.33
0.95833 -327.15 944.47 143.24 -420.2 975.74 132.86 -509.78 1057 136.52
0.96667 -333.27 951.68 144.26 -426.61 982.13 133.33 -515.66 1062.8 136.7
0.975 -339.4 958.92 145.24 -433.11 988.5 133.81 -521.59 1068.6 136.85
0.98333 -345.55 966.19 146.16 -439.71 994.85 134.3 -527.57 1074.4 136.98
0.99167 -351.68 973.49 147.01 -446.4 1001.2 134.79 -533.62 1080.3 137.09
1 -357.81 980.81 147.79 -453.18 1007.5 135.3 -539.73 1086.2 137.19
1.0083 -363.92 988.13 148.49 -460.05 1013.8 135.81 -545.91 1092.1 137.27
1.0167 -370.02 995.47 149.12 -467.02 1020.1 136.32 -552.17 1098.1 137.35
1.025 -376.14 1002.8 149.68 -474.07 1026.4 136.83 -558.5 1104.1 137.43
1.0333 -382.28 1010.2 150.17 -481.21 1032.7 137.34 -564.9 1110.1 137.5
1.0417 -388.48 1017.6 150.6 -488.45 1039 137.85 -571.38 1116.2 137.57
1.05 -394.75 1025 151 -495.77 1045.4 138.36 -577.92 1122.3 137.64
1.0583 -401.12 1032.5 151.36 -503.18 1051.7 138.87 -584.53 1128.5 137.7
1.0667 -407.61 1040.1 151.7 -510.66 1058.1 139.37 -591.21 1134.7 137.75
1.075 -414.24 1047.8 152.03 -518.21 1064.6 139.87 -597.96 1141 137.79
1.0833 -421.04 1055.5 152.35 -525.82 1071.1 140.38 -604.79 1147.3 137.82
1.0917 -428 1063.3 152.67 -533.47 1077.6 140.88 -611.69 1153.6 137.84
1.1 -435.15 1071.1 153 -541.16 1084.1 141.37 -618.68 1160 137.84
1.1083 -442.47 1079 153.33 -548.89 1090.8 141.85 -625.76 1166.5 137.83
1.1167 -449.97 1087 153.66 -556.62 1097.4 142.33 -632.92 1172.9 137.82
1.125 -457.65 1095 154 -564.38 1104.2 142.79 -640.18 1179.5 137.8
1.1333 -465.49 1102.9 154.34 -572.15 1111 143.22 -647.53 1186 137.79
1.1417 -473.51 1110.9 154.69 -579.95 1117.9 143.62 -654.96 1192.7 137.78
1.15 -481.71 1118.8 155.03 -587.77 1125 143.99 -662.48 1199.3 137.79
1.1583 -490.1 1126.7 155.37 -595.62 1132.1 144.33 -670.07 1206 137.82
1.1667 -498.69 1134.5 155.72 -603.51 1139.4 144.63 -677.73 1212.7 137.88
1.175 -507.5 1142.3 156.08 -611.47 1146.7 144.9 -685.46 1219.4 137.95
1.1833 -516.53 1150.2 156.45 -619.49 1154.3 145.14 -693.23 1226.2 138.06
1.1917 -525.81 1158.1 156.83 -627.58 1161.9 145.36 -701.06 1233.1 138.18
1.2 -535.34 1166.1 157.22 -635.76 1169.8 145.56 -708.92 1240 138.33
1.2083 -545.12 1174.2 157.63 -644.02 1177.7 145.75 -716.81 1247 138.5
1.2167 -555.13 1182.5 158.04 -652.37 1185.8 145.94 -724.74 1254 138.68
1.225 -565.37 1190.7 158.44 -660.81 1194.1 146.13 -732.69 1261.2 138.88
1.2333 -575.8 1199.1 158.82 -669.33 1202.4 146.33 -740.67 1268.5 139.09
1.2417 -586.37 1207.4 159.16 -677.92 1210.9 146.54 -748.66 1275.9 139.31
1.25 -597.05 1215.6 159.44 -686.58 1219.5 146.76 -756.66 1283.5 139.54
1.2583 -607.79 1223.7 159.65 -695.32 1228.1 146.99 -764.66 1291.1 139.77
1.2667 -618.52 1231.7 159.76 -704.12 1236.7 147.21 -772.65 1298.8 140.01
1.275 -629.19 1239.5 159.77 -712.98 1245.3 147.44 -780.63 1306.6 140.23
1.2833 -639.74 1247.1 159.68 -721.91 1253.9 147.66 -788.57 1314.5 140.45
1.2917 -650.12 1254.5 159.49 -730.89 1262.3 147.88 -796.48 1322.4 140.65
1.3 -660.28 1261.9 159.2 -739.92 1270.7 148.08 -804.34 1330.3 140.83
1.3083 -670.21 1269.2 158.85 -748.99 1278.8 148.28 -812.14 1338.1 140.97
1.3167 -679.88 1276.5 158.44 -758.09 1286.8 148.48 -819.89 1345.9 141.08
1.325 -689.3 1283.8 158 -767.2 1294.4 148.67 -827.58 1353.7 141.14
1.3333 -698.49 1291.2 157.55 -776.28 1301.9 148.87 -835.23 1361.3 141.17
1.3417 -707.49 1298.6 157.11 -785.32 1309 149.07 -842.85 1368.8 141.15
1.35 -716.33 1306.1 156.69 -794.28 1315.9 149.29 -850.46 1376.1 141.1
1.3583 -725.03 1313.6 156.31 -803.14 1322.5 149.53 -858.07 1383.3 141.03
1.3667 -733.65 1321.1 155.97 -811.87 1328.9 149.78 -865.71 1390.2 140.94
1.375 -742.21 1328.6 155.67 -820.44 1335 150.05 -873.41 1397 140.85
1.3833 -750.74 1336 155.41 -828.85 1340.9 150.34 -881.18 1403.4 140.77
1.3917 -759.27 1343.5 155.18 -837.09 1346.6 150.63 -889.03 1409.7 140.71
1.4 -767.81 1350.8 154.97 -845.17 1352.1 150.92 -897 1415.7 140.69
1.4083 -776.36 1358 154.78 -853.09 1357.6 151.21 -905.07 1421.4 140.71
1.4167 -784.91 1365 154.59 -860.89 1362.9 151.48 -913.25 1426.8 140.79
1.425 -793.46 1371.9 154.4 -868.58 1368.2 151.73 -921.53 1432 140.91
1.4333 -801.99 1378.6 154.2 -876.19 1373.4 151.97 -929.9 1436.9 141.09
1.4417 -810.48 1385.1 153.99 -883.76 1378.6 152.17 -938.35 1441.6 141.3
1.45 -818.92 1391.5 153.78 -891.3 1383.8 152.36 -946.85 1446.1 141.56
1.4583 -827.3 1397.7 153.56 -898.86 1388.9 152.52 -955.38 1450.3 141.84
1.4667 -835.62 1403.8 153.33 -906.45 1393.9 152.67 -963.92 1454.4 142.13
1.475 -843.88 1409.7 153.11 -914.09 1399 152.81 -972.45 1458.3 142.43
1.4833 -852.1 1415.6 152.9 -921.78 1404 152.95 -980.95 1462.1 142.73
1.4917 -860.27 1421.5 152.69 -929.55 1408.9 153.09 -989.41 1465.8 143.01
1.5 -868.44 1427.3 152.49 -937.38 1413.8 153.24 -997.82 1469.5 143.29
1.5083 -876.6 1433.1 152.29 -945.27 1418.7 153.39 -1006.2 1473.1 143.55
1.5167 -884.78 1438.8 152.09 -953.23 1423.5 153.54 -1014.5 1476.7 143.79
1.525 -893 1444.5 151.88 -961.24 1428.3 153.69 -1022.7 1480.3 144.02
1.5333 -901.26 1450.2 151.64 -969.31 1433.1 153.83 -1030.9 1483.9 144.23
1.5417 -909.58 1455.8 151.38 -977.43 1437.9 153.95 -1039.1 1487.4 144.43
1.55 -917.94 1461.4 151.1 -985.59 1442.6 154.04 -1047.3 1491 144.62
1.5583 -926.34 1466.9 150.78 -993.8 1447.3 154.1 -1055.5 1494.6 144.8
1.5667 -934.77 1472.3 150.44 -1002.1 1452.1 154.11 -1063.7 1498.1 144.97
1.575 -943.23 1477.6 150.08 -1010.4 1456.8 154.09 -1071.9 1501.6 145.13
1.5833 -951.7 1482.9 149.71 -1018.7 1461.5 154.02 -1080.1 1505.2 145.28
1.5917 -960.19 1488.1 149.34 -1027.2 1466.2 153.92 -1088.4 1508.7 145.43
1.6 -968.69 1493.3 148.99 -1035.7 1470.9 153.79 -1096.8 1512.3 145.57
1.6083 -977.23 1498.5 148.68 -1044.2 1475.5 153.64 -1105.2 1515.8 145.7
1.6167 -985.8 1503.6 148.4 -1052.8 1480.2 153.48 -1113.6 1519.4 145.83
1.625 -994.42 1508.7 148.18 -1061.5 1484.8 153.31 -1122.1 1523 145.96
1.6333 -1003.1 1513.8 148.02 -1070.2 1489.5 153.15 -1130.6 1526.6 146.11
