0.0083333 -9.0892 0.026169 100.79 -34.674 110.08 90.142 -22.486 160.85 87.938
0.016667 -8.578 7.2406 100.88 -33.588 118.48 90.246 -20.96 168.39 87.86
0.025 -8.0357 14.698 100.97 -32.434 127.09 90.335 -19.324 176 87.766
0.033333 -7.4502 22.42 101.04 -31.206 135.91 90.402 -17.578 183.72 87.654
0.041667 -6.8141 30.43 101.1 -29.901 144.92 90.443 -15.727 191.55 87.526
0.05 -6.1266 38.75 101.15 -28.514 154.13 90.453 -13.776 199.51 87.384
0.058333 -5.3953 47.4 101.18 -27.038 163.51 90.431 -11.735 207.62 87.233
0.066667 -4.6324 56.39 101.19 -25.472 173.07 90.376 -9.6136 215.88 87.078
0.075 -3.855 65.725 101.19 -23.813 182.8 90.287 -7.4215 224.31 86.926
0.083333 -3.0826 75.398 101.17 -22.058 192.67 90.17 -5.1679 232.91 86.784
0.091667 -2.3318 85.394 101.15 -20.21 202.68 90.026 -2.8595 241.68 86.657
0.1 -1.6145 95.685 101.11 -18.274 212.84 89.861 -0.50088 250.63 86.549
0.10833 -0.93525 106.24 101.06 -16.257 223.12 89.68 1.9067 259.74 86.46
0.11667 -0.2902 117.01 101 -14.172 233.52 89.489 4.3644 269 86.389
0.125 0.3377 127.96 100.93 -12.037 244.03 89.29 6.8759 278.39 86.331
0.13333 0.97298 139.03 100.84 -9.8685 254.63 89.091 9.4457 287.9 86.278
0.14167 1.6425 150.19 100.73 -7.6886 265.29 88.896 12.079 297.5 86.219
0.15 2.3812 161.39 100.61 -5.5197 275.99 88.71 14.777 307.17 86.143
0.15833 3.2221 172.59 100.46 -3.3845 286.69 88.539 17.541 316.91 86.039
0.16667 4.1931 183.77 100.3 -1.3044 297.35 88.388 20.364 326.68 85.897
0.175 5.3148 194.89 100.12 0.7022 307.94 88.26 23.237 336.48 85.709
0.18333 6.5965 205.95 99.913 2.6201 318.4 88.162 26.141 346.31 85.472
0.19167 8.0345 216.92 99.693 4.4385 328.7 88.097 29.056 356.16 85.187
0.2 9.6115 227.81 99.458 6.152 338.8 88.068 31.954 366.03 84.861
0.20833 11.299 238.61 99.209 7.7605 348.68 88.076 34.803 375.93 84.503
0.21667 13.059 249.32 98.949 9.2693 358.33 88.122 37.571 385.87 84.13
0.225 14.855 259.95 98.679 10.688 367.73 88.202 40.227 395.85 83.757
0.23333 16.655 270.5 98.398 12.031 376.89 88.314 42.743 405.87 83.401
0.24167 18.433 280.99 98.108 13.313 385.83 88.451 45.096 415.96 83.08
0.25 20.176 291.43 97.805 14.553 394.57 88.607 47.27 426.1 82.805
0.25833 21.876 301.82 97.488 15.767 403.14 88.775 49.257 436.3 82.588
0.26667 23.533 312.18 97.156 16.969 411.57 88.947 51.056 446.55 82.432
0.275 25.15 322.51 96.806 18.171 419.89 89.115 52.677 456.86 82.337
0.28333 26.739 332.8 96.441 19.382 428.13 89.277 54.135 467.2 82.3
0.29167 28.309 343.05 96.062 20.607 436.32 89.429 55.449 477.58 82.311
0.3 29.875 353.27 95.669 21.842 444.47 89.566 56.644 487.98 82.36
0.30833 31.447 363.45 95.267 23.088 452.62 89.688 57.743 498.39 82.432
0.31667 33.029 373.57 94.861 24.339 460.76 89.796 58.771 508.79 82.516
0.325 34.617 383.64 94.456 25.589 468.92 89.891 59.747 519.18 82.599
0.33333 36.202 393.63 94.055 26.833 477.1 89.976 60.687 529.55 82.672
0.34167 37.767 403.55 93.664 28.066 485.31 90.054 61.602 539.88 82.728
0.35 39.294 413.39 93.284 29.283 493.55 90.125 62.497 550.16 82.765
0.35833 40.756 423.13 92.916 30.482 501.82 90.19 63.373 560.4 82.782
0.36667 42.14 432.8 92.561 31.662 510.14 90.25 64.227 570.58 82.782
0.375 43.426 442.38 92.213 32.822 518.5 90.303 65.052 580.69 82.768
0.38333 44.608 451.88 91.87 33.962 526.91 90.344 65.842 590.74 82.746
0.39167 45.686 461.33 91.528 35.083 535.38 90.371 66.591 600.73 82.719
0.4 46.666 470.73 91.183 36.186 543.92 90.378 67.295 610.65 82.694
0.40833 47.566 480.1 90.832 37.271 552.54 90.361 67.953 620.51 82.671
0.41667 48.405 489.45 90.472 38.338 561.24 90.315 68.566 630.32 82.652
0.425 49.208 498.77 90.104 39.386 570.04 90.238 69.143 640.08 82.636
0.43333 50 508.09 89.726 40.415 578.92 90.128 69.692 649.79 82.622
0.44167 50.803 517.38 89.341 41.424 587.91 89.985 70.226 659.46 82.606
0.45 51.633 526.65 88.95 42.41 597 89.812 70.757 669.11 82.584
0.45833 52.502 535.89 88.555 43.374 606.19 89.613 71.3 678.74 82.554
0.46667 53.41 545.1 88.158 44.316 615.48 89.394 71.868 688.35 82.511
0.475 54.351 554.28 87.759 45.235 624.86 89.16 72.469 697.95 82.455
0.48333 55.315 563.42 87.362 46.132 634.33 88.921 73.114 707.54 82.384
0.49167 56.282 572.54 86.966 47.009 643.89 88.68 73.803 717.13 82.299
0.5 57.237 581.65 86.576 47.867 653.52 88.447 74.539 726.71 82.2
0.50833 58.158 590.76 86.195 48.709 663.22 88.224 75.317 736.3 82.09
0.51667 59.032 599.9 85.826 49.538 672.99 88.015 76.13 745.89 81.969
0.525 59.851 609.09 85.475 50.356 682.82 87.824 76.971 755.48 81.842
0.53333 60.608 618.37 85.147 51.166 692.72 87.651 77.829 765.07 81.708
0.54167 61.308 627.75 84.847 51.971 702.68 87.498 78.693 774.68 81.57
0.55 61.963 637.28 84.574 52.773 712.7 87.359 79.552 784.3 81.427
0.55833 62.591 646.97 84.331 53.575 722.8 87.239 80.396 793.93 81.28
0.56667 63.206 656.86 84.113 54.379 732.98 87.133 81.214 803.6 81.131
0.575 63.842 666.96 83.918 55.183 743.24 87.041 81.999 813.29 80.979
0.58333 64.509 677.28 83.735 55.993 753.6 86.963 82.745 823.03 80.826
0.59167 65.231 687.83 83.561 56.803 764.07 86.897 83.445 832.81 80.674
0.6 66.019 698.57 83.391 57.61 774.65 86.843 84.099 842.65 80.524
0.60833 66.87 709.5 83.218 58.414 785.36 86.802 84.703 852.55 80.38
0.61667 67.785 720.57 83.043 59.206 796.19 86.773 85.26 862.52 80.244
0.625 68.755 731.77 82.864 59.977 807.17 86.755 85.772 872.58 80.118
0.63333 69.773 743.07 82.676 60.725 818.28 86.749 86.245 882.72 80.004
0.64167 70.831 754.48 82.481 61.435 829.53 86.751 86.685 892.96 79.9
0.65 71.92 766.01 82.278 62.103 840.92 86.761 87.103 903.31 79.806
0.65833 73.04 777.67 82.07 62.72 852.43 86.776 87.508 913.78 79.717
0.66667 74.191 789.52 81.857 63.282 864.07 86.793 87.911 924.38 79.629
0.675 75.378 801.57 81.645 63.786 875.82 86.807 88.326 935.11 79.534
0.68333 76.611 813.87 81.437 64.237 887.67 86.817 88.763 945.99 79.425
0.69167 77.902 826.43 81.24 64.64 899.61 86.817 89.233 957.01 79.296
0.7 79.266 839.27 81.06 65.007 911.63 86.805 89.746 968.17 79.142
0.70833 80.7 852.36 80.9 65.355 923.71 86.778 90.308 979.47 78.957
0.71667 82.21 865.67 80.769 65.703 935.84 86.732 90.926 990.9 78.739
0.725 83.784 879.16 80.672 66.074 948.01 86.664 91.601 1002.4 78.491
0.73333 85.395 892.76 80.609 66.492 960.19 86.572 92.335 1014 78.215
0.74167 87.019 906.4 80.582 66.981 972.38 86.454 93.127 1025.7 77.917
0.75 88.621 920 80.586 67.565 984.56 86.307 93.977 1037.4 77.606
0.75833 90.174 933.5 80.615 68.263 996.71 86.13 94.884 1049.1 77.291
0.76667 91.652 946.84 80.659 69.091 1008.8 85.921 95.85 1060.7 76.98
0.775 93.036 959.95 80.708 70.058 1020.8 85.681 96.877 1072.3 76.681
0.78333 94.316 972.81 80.75 71.172 1032.8 85.409 97.973 1083.8 76.401
0.79167 95.494 985.4 80.773 72.43 1044.7 85.104 99.146 1095.1 76.144
0.8 96.58 997.71 80.771 73.83 1056.4 84.766 100.41 1106.4 75.911
0.80833 97.591 1009.8 80.741 75.363 1068 84.397 101.77 1117.6 75.702
0.81667 98.552 1021.6 80.685 77.019 1079.6 83.995 103.25 1128.6 75.514
0.825 99.49 1033.3 80.609 78.782 1090.9 83.562 104.87 1139.5 75.34
0.83333 100.43 1044.9 80.52 80.641 1102.2 83.098 106.64 1150.4 75.177
0.84167 101.41 1056.4 80.425 82.584 1113.3 82.603 108.56 1161.1 75.017
0.85 102.44 1067.8 80.33 84.593 1124.3 82.076 110.66 1171.8 74.854
0.85833 103.54 1079.2 80.239 86.665 1135.2 81.52 112.93 1182.5 74.685
0.86667 104.75 1090.6 80.158 88.79 1146 80.937 115.38 1193.2 74.503
0.875 106.06 1101.9 80.088 90.966 1156.8 80.328 118 1203.8 74.308
0.88333 107.5 1113.2 80.032 93.19 1167.5 79.697 120.79 1214.4 74.099
0.89167 109.06 1124.4 79.991 95.462 1178.1 79.047 123.72 1225.1 73.876
0.9 110.76 1135.5 79.964 97.784 1188.8 78.383 126.8 1235.7 73.641
0.90833 112.59 1146.6 79.951 100.16 1199.5 77.708 129.99 1246.3 73.395
0.91667 114.54 1157.5 79.953 102.59 1210.1 77.026 133.29 1256.8 73.14
0.925 116.6 1168.4 79.971 105.07 1220.8 76.344 136.68 1267.4 72.88
0.93333 118.76 1179.1 80.004 107.6 1231.5 75.666 140.14 1277.8 72.615
0.94167 121.01 1189.9 80.056 110.19 1242.2 74.997 143.65 1288.3 72.346
0.95 123.34 1200.6 80.126 112.84 1252.9 74.344 147.21 1298.6 72.076
0.95833 125.73 1211.2 80.213 115.53 1263.6 73.712 150.81 1309 71.803
0.96667 128.18 1221.9 80.317 118.28 1274.3 73.105 154.44 1319.3 71.529
0.975 130.67 1232.6 80.436 121.07 1285.1 72.529 158.1 1329.5 71.254
0.98333 133.22 1243.2 80.565 123.92 1295.8 71.987 161.78 1339.7 70.98
0.99167 135.8 1253.9 80.701 126.83 1306.6 71.484 165.47 1349.9 70.707
1 138.44 1264.6 80.842 129.79 1317.4 71.021 169.19 1360.1 70.436
1.0083 141.12 1275.2 80.982 132.81 1328.3 70.599 172.92 1370.3 70.169
1.0167 143.84 1285.9 81.118 135.89 1339.2 70.217 176.67 1380.6 69.907
1.025 146.62 1296.6 81.248 139.04 1350.2 69.874 180.44 1390.8 69.652
1.0333 149.44 1307.3 81.37 142.26 1361.2 69.567 184.22 1401.1 69.405
1.0417 152.32 1318.1 81.483 145.56 1372.3 69.293 188.03 1411.4 69.168
1.05 155.25 1328.9 81.584 148.92 1383.6 69.047 191.86 1421.8 68.941
1.0583 158.23 1339.8 81.674 152.36 1394.8 68.826 195.72 1432.3 68.723
1.0667 161.28 1350.9 81.751 155.87 1406.2 68.626 199.62 1442.8 68.514
1.075 164.41 1362 81.817 159.46 1417.6 68.444 203.55 1453.4 68.315
1.0833 167.64 1373.2 81.874 163.12 1429.1 68.277 207.53 1464 68.123
1.0917 170.98 1384.5 81.922 166.85 1440.7 68.124 211.56 1474.7 67.937
1.1 174.47 1396 81.966 170.66 1452.2 67.985 215.65 1485.4 67.756
1.1083 178.1 1407.6 82.006 174.55 1463.8 67.861 219.8 1496.2 67.578
1.1167 181.89 1419.2 82.049 178.52 1475.5 67.749 224.02 1507.1 67.402
1.125 185.82 1431 82.088 182.57 1487.2 67.652 228.32 1518 67.226
1.1333 189.86 1442.8 82.125 186.72 1498.9 67.57 232.69 1529 67.05
1.1417 193.98 1454.7 82.157 190.97 1510.6 67.5 237.14 1540 66.874
1.15 198.17 1466.7 82.182 195.32 1522.4 67.441 241.67 1551.1 66.697
1.1583 202.41 1478.7 82.199 199.78 1534.3 67.388 246.28 1562.3 66.522
1.1667 206.71 1490.7 82.204 204.35 1546.2 67.338 250.96 1573.5 66.35
1.175 211.06 1502.8 82.199 209.05 1558.3 67.284 255.71 1584.8 66.184
1.1833 215.48 1515.1 82.18 213.87 1570.3 67.221 260.53 1596.2 66.029
1.1917 219.98 1527.5 82.149 218.82 1582.5 67.143 265.42 1607.7 65.888
1.2 224.54 1540 82.105 223.9 1594.7 67.045 270.37 1619.3 65.767
1.2083 229.18 1552.8 82.047 229.09 1606.9 66.925 275.37 1631 65.67
1.2167 233.87 1565.7 81.973 234.4 1619.2 66.781 280.42 1642.8 65.601
1.225 238.62 1578.9 81.879 239.8 1631.5 66.615 285.5 1654.7 65.562
1.2333 243.39 1592.3 81.761 245.29 1643.8 66.431 290.62 1666.8 65.555
1.2417 248.18 1605.8 81.61 250.83 1656.1 66.233 295.76 1678.9 65.577
1.25 252.96 1619.4 81.422 256.4 1668.4 66.031 300.92 1691.2 65.625
1.2583 257.73 1633 81.191 261.97 1680.7 65.834 306.07 1703.5 65.695
1.2667 262.47 1646.5 80.918 267.52 1692.9 65.652 311.2 1715.8 65.778
1.275 267.19 1659.8 80.606 273.01 1705.1 65.495 316.31 1728.2 65.867
1.2833 271.93 1673 80.26 278.41 1717.3 65.374 321.38 1740.6 65.954
1.2917 276.7 1685.9 79.888 283.69 1729.4 65.296 326.38 1752.9 66.031
1.3 281.51 1698.5 79.499 288.83 1741.5 65.268 331.32 1765.2 66.093
1.3083 286.36 1710.9 79.103 293.8 1753.6 65.294 336.16 1777.4 66.136
1.3167 291.24 1723 78.714 298.6 1765.6 65.376 340.91 1789.5 66.158
1.325 296.14 1734.9 78.342 303.2 1777.5 65.512 345.54 1801.5 66.163
1.3333 301.05 1746.6 77.996 307.61 1789.2 65.698 350.04 1813.5 66.154
1.3417 305.98 1758.1 77.681 311.84 1800.9 65.93 354.41 1825.3 66.139
1.35 310.92 1769.6 77.397 315.89 1812.5 66.2 358.64 1837.2 66.127
1.3583 315.88 1781 77.143 319.79 1823.9 66.5 362.72 1848.9 66.127
1.3667 320.86 1792.4 76.915 323.55 1835.1 66.822 366.64 1860.7 66.147
1.375 325.84 1803.7 76.705 327.2 1846.2 67.159 370.42 1872.4 66.195
1.3833 330.8 1815.1 76.507 330.77 1857.1 67.505 374.04 1884.2 66.274
1.3917 335.71 1826.4 76.309 334.27 1868 67.857 377.51 1895.9 66.388
1.4 340.56 1837.7 76.104 337.74 1878.7 68.211 380.84 1907.7 66.534
1.4083 345.33 1848.9 75.883 341.18 1889.3 68.567 384.03 1919.4 66.71
1.4167 349.99 1860.1 75.637 344.62 1899.9 68.924 387.09 1931.1 66.908
1.425 354.54 1871.2 75.364 348.06 1910.5 69.278 390.03 1942.8 67.122
1.4333 358.97 1882.3 75.06 351.49 1921 69.64 392.86 1954.5 67.343
1.4417 363.27 1893.2 74.728 354.94 1931.6 69.999 395.59 1966.1 67.566
1.45 367.46 1904.1 74.373 358.39 1942.2 70.357 398.23 1977.7 67.783
1.4583 371.54 1914.9 74.001 361.84 1952.9 70.709 400.8 1989.2 67.993
1.4667 375.52 1925.7 73.621 365.28 1963.6 71.055 403.3 2000.7 68.192
1.475 379.42 1936.5 73.241 368.72 1974.4 71.387 405.75 2012 68.382
1.4833 383.27 1947.3 72.868 372.15 1985.2 71.701 408.16 2023.3 68.565
1.4917 387.06 1958.1 72.51 375.56 1996.1 71.992 410.54 2034.6 68.744
1.5 390.83 1968.9 72.166 378.97 2006.9 72.255 412.89 2045.8 68.925
1.5083 394.57 1979.7 71.838 382.37 2017.9 72.486 415.23 2057 69.109
1.5167 398.3 1990.6 71.519 385.76 2028.8 72.685 417.57 2068.1 69.3
1.525 402.01 2001.5 71.205 389.14 2039.8 72.849 419.92 2079.2 69.498
1.5333 405.71 2012.5 70.892 392.53 2050.9 72.982 422.29 2090.3 69.703
1.5417 409.39 2023.4 70.574 395.93 2062 73.087 424.68 2101.4 69.91
1.55 413.06 2034.4 70.25 399.33 2073.1 73.169 427.12 2112.5 70.116
1.5583 416.71 2045.4 69.922 402.74 2084.4 73.235 429.6 2123.6 70.315
1.5667 420.34 2056.4 69.594 406.14 2095.7 73.285 432.15 2134.7 70.501
1.575 423.95 2067.4 69.276 409.56 2107.2 73.331 434.75 2145.8 70.668
1.5833 427.54 2078.4 68.979 412.97 2118.7 73.372 437.42 2157 70.813
1.5917 431.12 2089.5 68.713 416.38 2130.4 73.414 440.16 2168.2 70.931
1.6 434.7 2100.6 68.489 419.79 2142.1 73.456 442.97 2179.4 71.023
1.6083 438.27 2111.8 68.314 423.19 2154 73.498 445.84 2190.7 71.09
1.6167 441.85 2123.2 68.191 426.58 2165.9 73.537 448.77 2202 71.136
1.625 445.43 2134.6 68.117 429.95 2177.9 73.571 451.74 2213.3 71.165
1.6333 449.03 2146.3 68.082 433.32 2190 73.596 454.75 2224.8 71.183
1.6417 452.65 2158.1 68.075 436.67 2202.1 73.611 457.79 2236.2 71.195
1.65 456.29 2170.1 68.083 440.01 2214.4 73.612 460.84 2247.8 71.208
1.6583 459.95 2182.3 68.093 443.34 2226.7 73.6 463.9 2259.4 71.225
1.6667 463.61 2194.7 68.094 446.67 2239.1 73.575 466.95 2271.1 71.247
1.675 467.26 2207.1 68.081 449.98 2251.5 73.541 470 2282.9 71.275
1.6833 470.89 2219.7 68.049 453.28 2264.1 73.502 473.04 2294.8 71.306
1.6917 474.51 2232.4 67.986 456.57 2276.7 73.463 476.08 2306.8 71.337
1.7 478.12 2245.1 67.901 459.84 2289.4 73.43 479.11 2318.9 71.361
1.7083 481.72 2258 67.793 463.08 2302.2 73.411 482.15 2331.1 71.372
1.7167 485.34 2271 67.669 466.28 2315.1 73.409 485.2 2343.5 71.365
1.725 488.98 2284.1 67.543 469.44 2328.1 73.43 488.26 2356.1 71.333
1.7333 492.67 2297.4 67.43 472.56 2341.1 73.477 491.34 2368.8 71.272
1.7417 496.44 2310.9 67.349 475.62 2354.3 73.549 494.44 2381.6 71.182
1.75 500.29 2324.5 67.315 478.64 2367.5 73.646 497.57 2394.5 71.061
1.7583 504.24 2338.4 67.349 481.61 2380.8 73.763 500.71 2407.5 70.913
1.7667 508.27 2352.4 67.462 484.56 2394.2 73.896 503.87 2420.7 70.744
1.775 512.38 2366.5 67.666 487.48 2407.6 74.036 507.02 2433.9 70.562
1.7833 516.54 2380.7 67.963 490.42 2421.1 74.178 510.17 2447.2 70.374
1.7917 520.69 2394.9 68.352 493.39 2434.5 74.312 513.31 2460.5 70.193
1.8 524.79 2409.1 68.824 496.42 2448 74.433 516.42 2473.8 70.027
1.8083 528.81 2423.1 69.363 499.52 2461.4 74.534 519.5 2487.2 69.887
1.8167 532.7 2437 69.949 502.73 2474.8 74.608 522.55 2500.5 69.781
1.825 536.44 2450.7 70.556 506.06 2488.2 74.652 525.58 2513.8 69.716
1.8333 540.02 2464.2 71.156 509.52 2501.4 74.664 528.6 2527.1 69.695
1.8417 543.42 2477.4 71.718 513.1 2514.4 74.641 531.62 2540.3 69.72
1.85 546.65 2490.3 72.217 516.8 2527.3 74.582 534.67 2553.6 69.788
1.8583 549.74 2503 72.637 520.6 2540 74.489 537.77 2566.7 69.895
1.8667 552.7 2515.4 72.972 524.48 2552.4 74.361 540.95 2579.8 70.034
1.875 555.59 2527.7 73.226 528.42 2564.7 74.2 544.23 2592.8 70.193
1.8833 558.43 2539.8 73.405 532.37 2576.6 74.009 547.64 2605.8 70.363
1.8917 561.28 2551.8 73.524 536.33 2588.4 73.79 551.2 2618.6 70.53
1.9 564.17 2563.8 73.596 540.26 2599.9 73.544 554.93 2631.4 70.683
1.9083 567.12 2575.7 73.64 544.15 2611.3 73.276 558.83 2644 70.81
1.9167 570.16 2587.5 73.671 547.99 2622.4 72.987 562.91 2656.6 70.902
1.925 573.31 2599.2 73.705 551.79 2633.5 72.68 567.16 2669 70.952
1.9333 576.58 2610.9 73.755 555.54 2644.6 72.358 571.57 2681.2 70.957
1.9417 579.96 2622.4 73.83 559.28 2655.6 72.024 576.12 2693.4 70.916
1.95 583.44 2633.9 73.938 563.01 2666.6 71.68 580.79 2705.4 70.831
1.9583 587.02 2645.2 74.082 566.76 2677.7 71.329 585.55 2717.3 70.705
1.9667 590.67 2656.5 74.261 570.55 2688.8 70.973 590.39 2729.1 70.546
1.975 594.37 2667.6 74.474 574.39 2700 70.616 595.28 2740.9 70.361
1.9833 598.09 2678.7 74.719 578.31 2711.3 70.26 600.21 2752.5 70.157
1.9917 601.82 2689.7 74.991 582.31 2722.7 69.909 605.16 2764.1 69.943
2 605.53 2700.7 75.285 586.41 2734.1 69.566 610.12 2775.7 69.724
2.0083 609.22 2711.6 75.598 590.58 2745.6 69.236 615.09 2787.2 69.505
2.0167 612.88 2722.5 75.925 594.84 2757.1 68.921 620.07 2798.6 69.288
2.025 616.52 2733.3 76.262 599.16 2768.7 68.627 625.07 2810.1 69.076
2.0333 620.14 2744.2 76.606 603.54 2780.3 68.358 630.08 2821.5 68.867
2.0417 623.76 2755 76.953 607.95 2791.9 68.116 635.11 2832.8 68.661
2.05 627.4 2765.8 77.301 612.4 2803.5 67.906 640.17 2844.1 68.455
2.0583 631.07 2776.6 77.646 616.87 2815.2 67.728 645.26 2855.4 68.249
2.0667 634.81 2787.4 77.986 621.36 2826.8 67.584 650.38 2866.7 68.043
2.075 638.63 2798.2 78.318 625.87 2838.6 67.473 655.53 2878 67.838
2.0833 642.54 2809.1 78.64 630.39 2850.3 67.392 660.69 2889.2 67.638
2.0917 646.54 2819.9 78.948 634.93 2862.1 67.341 665.88 2900.5 67.445
2.1 650.65 2830.8 79.239 639.51 2874 67.314 671.08 2911.7 67.266
2.1083 654.87 2841.8 79.511 644.12 2885.9 67.307 676.3 2923 67.105
2.1167 659.18 2852.9 79.761 648.77 2897.9 67.317 681.52 2934.3 66.969
2.125 663.58 2864.1 79.988 653.47 2909.9 67.341 686.76 2945.7 66.859
2.1333 668.07 2875.4 80.192 658.23 2922 67.375 692.01 2957.1 66.779
2.1417 672.66 2886.8 80.371 663.05 2934.1 67.417 697.28 2968.5 66.725
2.15 677.36 2898.3 80.54 667.94 2946.3 67.469 702.59 2980.1 66.695
2.1583 682.16 2910 80.694 672.89 2958.5 67.527 707.94 2991.6 66.681
2.1667 687.09 2921.8 80.84 677.92 2970.7 67.593 713.35 3003.2 66.674
2.175 692.12 2933.8 80.98 683.02 2983 67.666 718.83 3014.9 66.666
2.1833 697.23 2945.9 81.121 688.21 2995.3 67.749 724.38 3026.5 66.649
2.1917 702.38 2958.1 81.253 693.49 3007.6 67.836 730.01 3038.3 66.614
2.2 707.56 2970.4 81.378 698.86 3020 67.924 735.73 3050 66.558
2.2083 712.76 2982.8 81.492 704.34 3032.4 68.011 741.52 3061.8 66.483
2.2167 717.96 2995.2 81.594 709.91 3044.9 68.088 747.38 3073.6 66.39
2.225 723.17 3007.7 81.68 715.6 3057.4 68.15 753.31 3085.5 66.288
2.2333 728.4 3020.3 81.749 721.4 3070 68.189 759.29 3097.5 66.189
2.2417 733.65 3033 81.799 727.31 3082.6 68.2 765.32 3109.5 66.104
2.25 738.93 3045.8 81.827 733.33 3095.3 68.177 771.37 3121.7 66.047
2.2583 744.22 3058.8 81.83 739.46 3108.1 68.119 777.45 3133.9 66.03
2.2667 749.54 3072.1 81.803 745.67 3120.8 68.025 783.55 3146.3 66.059
2.275 754.87 3085.5 81.74 751.97 3133.6 67.899 789.66 3158.9 66.14
2.2833 760.2 3099.1 81.633 758.31 3146.4 67.748 795.77 3171.5 66.271
2.2917 765.54 3112.9 81.476 764.69 3159.1 67.58 801.9 3184.2 66.445
2.3 770.86 3126.8 81.263 771.08 3171.9 67.405 808.02 3197 66.65
2.3083 776.16 3140.8 80.989 777.44 3184.6 67.236 814.15 3209.9 66.871
2.3167 781.44 3154.7 80.658 783.74 3197.2 67.084 820.28 3222.8 67.092
2.325 786.73 3168.4 80.274 789.95 3209.9 66.961 826.39 3235.7 67.295
2.3333 792.03 3182 79.846 796.04 3222.5 66.874 832.47 3248.6 67.467
2.3417 797.38 3195.3 79.383 801.97 3235.1 66.831 838.49 3261.5 67.596
2.35 802.78 3208.3 78.898 807.72 3247.6 66.836 844.45 3274.2 67.679
2.3583 808.23 3221.1 78.404 813.27 3260 66.888 850.3 3286.9 67.716
2.3667 813.7 3233.6 77.917 818.59 3272.4 66.986 856.03 3299.6 67.713
2.375 819.18 3245.8 77.455 823.68 3284.7 67.125 861.6 3312.1 67.683
2.3833 824.66 3257.8 77.027 828.54 3296.8 67.299 866.98 3324.6 67.639
2.3917 830.12 3269.6 76.644 833.17 3308.8 67.5 872.16 3337 67.599
2.4 835.57 3281.3 76.307 837.59 3320.7 67.722 877.12 3349.4 67.577
2.4083 841.02 3293 76.016 841.82 3332.4 67.958 881.85 3361.8 67.588
2.4167 846.43 3304.6 75.767 845.88 3344 68.204 886.35 3374.1 67.642
2.425 851.79 3316.1 75.555 849.8 3355.4 68.455 890.62 3386.4 67.743
2.4333 857.07 3327.7 75.371 853.62 3366.6 68.712 894.69 3398.7 67.89
2.4417 862.25 3339.3 75.208 857.37 3377.8 68.975 898.56 3411.1 68.08
2.45 867.31 3350.8 75.055 861.06 3388.8 69.244 902.26 3423.4 68.302
2.4583 872.24 3362.4 74.902 864.73 3399.8 69.518 905.81 3435.8 68.547
2.4667 877.03 3373.9 74.741 868.38 3410.7 69.81 909.23 3448.1 68.803
2.475 881.67 3385.3 74.563 872.02 3421.6 70.109 912.55 3460.5 69.059
2.4833 886.16 3396.7 74.364 875.66 3432.6 70.42 915.77 3472.8 69.307
2.4917 890.52 3408 74.141 879.29 3443.6 70.74 918.92 3485.1 69.543
2.5 894.75 3419.3 73.896 882.92 3454.6 71.065 921.99 3497.4 69.766
2.5083 898.87 3430.5 73.631 886.53 3465.7 71.39 925 3509.6 69.979
2.5167 902.89 3441.6 73.352 890.11 3476.9 71.711 927.94 3521.8 70.186
2.525 906.83 3452.7 73.067 893.66 3488.1 72.018 930.81 3534 70.397
2.5333 910.72 3463.8 72.78 897.17 3499.4 72.311 933.62 3546.1 70.617
2.5417 914.58 3474.9 72.496 900.64 3510.8 72.581 936.36 3558.1 70.855
2.55 918.4 3486 72.219 904.09 3522.2 72.824 939.04 3570.2 71.115
2.5583 922.22 3497.2 71.949 907.49 3533.6 73.041 941.67 3582.1 71.397
2.5667 926.03 3508.3 71.69 910.88 3545.1 73.228 944.25 3594.1 71.702
2.575 929.84 3519.5 71.437 914.25 3556.7 73.389 946.8 3606 72.023
2.5833 933.64 3530.6 71.19 917.6 3568.3 73.526 949.33 3617.9 72.352
2.5917 937.43 3541.9 70.947 920.95 3580 73.644 951.87 3629.8 72.679
2.6 941.21 3553.1 70.708 924.3 3591.8 73.747 954.43 3641.6 72.994
2.6083 944.96 3564.4 70.477 927.64 3603.6 73.842 957.03 3653.5 73.287
2.6167 948.68 3575.7 70.258 930.97 3615.6 73.927 959.68 3665.3 73.549
2.625 952.36 3587 70.061 934.3 3627.5 74.01 962.38 3677.2 73.777
2.6333 955.99 3598.4 69.894 937.61 3639.6 74.092 965.14 3689.2 73.967
2.6417 959.58 3609.9 69.765 940.91 3651.7 74.173 967.96 3701.1 74.122
2.65 963.13 3621.3 69.681 944.18 3663.9 74.254 970.82 3713.1 74.246
2.6583 966.64 3632.9 69.643 947.42 3676.2 74.333 973.72 3725.2 74.347
2.6667 970.12 3644.6 69.65 950.63 3688.5 74.411 976.63 3737.3 74.433
2.675 973.57 3656.4 69.692 953.8 3700.9 74.485 979.53 3749.5 74.514
2.6833 977.01 3668.4 69.759 956.95 3713.4 74.555 982.43 3761.7 74.596
2.6917 980.45 3680.6 69.835 960.06 3726 74.621 985.28 3774 74.687
2.7 983.91 3692.9 69.91 963.15 3738.6 74.684 988.09 3786.4 74.79
2.7083 987.37 3705.5 69.975 966.2 3751.4 74.745 990.84 3798.8 74.906
2.7167 990.82 3718.1 70.027 969.23 3764.3 74.806 993.54 3811.2 75.034
2.725 994.26 3731 70.062 972.22 3777.3 74.871 996.17 3823.7 75.169
2.7333 997.67 3743.9 70.084 975.18 3790.4 74.944 998.76 3836.2 75.306
2.7417 1001 3757 70.089 978.1 3803.6 75.026 1001.3 3848.9 75.439
2.75 1004.4 3770.1 70.08 980.98 3817 75.122 1003.8 3861.6 75.561
2.7583 1007.7 3783.4 70.055 983.8 3830.4 75.234 1006.3 3874.3 75.668
2.7667 1011 3796.9 70.021 986.56 3844 75.365 1008.7 3887.2 75.756
2.775 1014.4 3810.6 69.983 989.26 3857.7 75.516 1011.2 3900.2 75.823
2.7833 1017.7 3824.5 69.948 991.88 3871.4 75.687 1013.7 3913.3 75.87
2.7917 1021.2 3838.7 69.928 994.43 3885.2 75.876 1016.1 3926.5 75.899
2.8 1024.7 3853 69.934 996.92 3899.1 76.081 1018.6 3939.9 75.915
2.8083 1028.2 3867.6 69.98 999.34 3913 76.301 1021 3953.4 75.922
2.8167 1031.8 3882.4 70.079 1001.7 3927 76.531 1023.4 3967 75.927
2.825 1035.4 3897.3 70.245 1004 3940.9 76.767 1025.8 3980.6 75.936
2.8333 1039 3912.3 70.485 1006.4 3954.9 77.007 1028.2 3994.4 75.953
2.8417 1042.5 3927.2 70.808 1008.7 3968.9 77.246 1030.5 4008.2 75.983
2.85 1045.9 3942.1 71.209 1011.1 3982.9 77.48 1032.8 4022 76.03
2.8583 1049.2 3956.9 71.686 1013.5 3996.8 77.708 1035.1 4035.8 76.096
2.8667 1052.3 3971.5 72.219 1016.1 4010.7 77.925 1037.4 4049.5 76.184
2.875 1055.2 3985.8 72.793 1018.7 4024.4 78.13 1039.6 4063.2 76.294
2.8833 1058 3999.9 73.379 1021.5 4038.1 78.321 1041.9 4076.9 76.426
2.8917 1060.6 4013.7 73.956 1024.3 4051.6 78.497 1044.2 4090.4 76.579
2.9 1063 4027.2 74.501 1027.3 4064.9 78.657 1046.5 4103.9 76.753
2.9083 1065.4 4040.6 75.001 1030.3 4078 78.799 1048.9 4117.3 76.947
2.9167 1067.6 4053.7 75.451 1033.5 4090.9 78.924 1051.4 4130.7 77.156
2.925 1069.9 4066.6 75.851 1036.7 4103.6 79.029 1054 4144 77.379
2.9333 1072.1 4079.5 76.197 1039.9 4116.1 79.116 1056.7 4157.2 77.61
2.9417 1074.3 4092.3 76.502 1043.2 4128.3 79.182 1059.5 4170.4 77.844
2.95 1076.5 4105 76.773 1046.4 4140.4 79.227 1062.4 4183.5 78.075
2.9583 1078.8 4117.6 77.022 1049.6 4152.4 79.251 1065.5 4196.6 78.295
2.9667 1081.2 4130.2 77.262 1052.7 4164.3 79.253 1068.7 4209.6 78.499
2.975 1083.6 4142.7 77.507 1055.8 4176 79.235 1072 4222.6 78.68
2.9833 1086.2 4155.1 77.768 1058.9 4187.7 79.198 1075.4 4235.5 78.832
2.9917 1088.8 4167.5 78.056 1061.9 4199.4 79.144 1078.9 4248.4 78.953
3 1091.5 4179.8 78.378 1064.9 4211.1 79.075 1082.5 4261.2 79.04
3.0083 1094.3 4192 78.737 1067.8 4222.8 78.995 1086.1 4273.9 79.096
3.0167 1097.1 4204.1 79.133 1070.8 4234.5 78.907 1089.8 4286.6 79.121
3.025 1100 4216.2 79.565 1073.7 4246.2 78.817 1093.5 4299.2 79.122
3.0333 1102.8 4228.2 80.026 1076.7 4257.9 78.727 1097.2 4311.7 79.104
3.0417 1105.8 4240.1 80.51 1079.7 4269.7 78.642 1100.8 4324.2 79.075
3.05 1108.7 4252 81.01 1082.7 4281.5 78.566 1104.4 4336.7 79.04
3.0583 1111.6 4263.9 81.517 1085.8 4293.4 78.503 1108 4349.1 79.008
3.0667 1114.5 4275.7 82.025 1088.9 4305.3 78.454 1111.6 4361.4 78.982
3.075 1117.3 4287.5 82.528 1092.1 4317.2 78.422 1115.1 4373.8 78.965
3.0833 1120.1 4299.2 83.021 1095.3 4329.2 78.405 1118.5 4386 78.959
3.0917 1123 4311 83.503 1098.5 4341.3 78.405 1122 4398.3 78.962
3.1 1125.8 4322.7 83.973 1101.7 4353.5 78.418 1125.4 4410.5 78.974
3.1083 1128.6 4334.3 84.432 1105 4365.8 78.441 1128.8 4422.6 78.989
3.1167 1131.4 4346 84.88 1108.3 4378.2 78.473 1132.3 4434.7 79.006
3.125 1134.2 4357.6 85.32 1111.5 4390.6 78.51 1135.7 4446.7 79.02
3.1333 1137.2 4369.3 85.751 1114.8 4403.2 78.549 1139.2 4458.7 79.03
3.1417 1140.1 4381 86.171 1118.1 4415.8 78.588 1142.6 4470.6 79.035
3.15 1143.2 4392.7 86.578 1121.4 4428.5 78.627 1146.1 4482.5 79.036
3.1583 1146.4 4404.6 86.968 1124.7 4441.2 78.664 1149.6 4494.3 79.033
3.1667 1149.6 4416.5 87.337 1128 4454 78.701 1153.2 4506.2 79.031
3.175 1153 4428.5 87.678 1131.3 4466.7 78.738 1156.7 4518.1 79.033
3.1833 1156.5 4440.7 87.99 1134.7 4479.5 78.777 1160.3 4530 79.041
3.1917 1160 4453 88.271 1138.1 4492.2 78.821 1163.9 4542 79.059
3.2 1163.7 4465.4 88.523 1141.5 4504.9 78.87 1167.5 4554.1 79.087
3.2083 1167.4 4478 88.75 1144.9 4517.6 78.927 1171.2 4566.2 79.124
3.2167 1171.2 4490.7 88.954 1148.4 4530.4 78.989 1174.9 4578.5 79.168
3.225 1175.1 4503.5 89.15 1151.9 4543.2 79.059 1178.7 4590.8 79.216
3.2333 1179 4516.5 89.334 1155.5 4556 79.13 1182.5 4603.3 79.264
3.2417 1182.9 4529.6 89.512 1159.1 4568.8 79.2 1186.3 4615.9 79.307
3.25 1186.8 4542.7 89.683 1162.7 4581.7 79.263 1190.2 4628.6 79.341
3.2583 1190.7 4556 89.847 1166.4 4594.7 79.312 1194.2 4641.4 79.366
3.2667 1194.6 4569.3 90.003 1170.1 4607.8 79.341 1198.2 4654.2 79.381
3.275 1198.5 4582.7 90.151 1173.9 4620.9 79.344 1202.3 4667.2 79.391
3.2833 1202.4 4596.3 90.291 1177.7 4634.1 79.316 1206.3 4680.2 79.401
3.2917 1206.3 4610 90.419 1181.6 4647.4 79.253 1210.4 4693.3 79.419
3.3 1210.3 4623.8 90.537 1185.6 4660.6 79.152 1214.3 4706.5 79.454
3.3083 1214.3 4637.9 90.639 1189.6 4673.9 79.015 1218.3 4719.7 79.514
3.3167 1218.3 4652.2 90.721 1193.7 4687.3 78.843 1222.2 4733.1 79.608
3.325 1222.3 4666.7 90.776 1197.9 4700.6 78.644 1225.9 4746.5 79.742
3.3333 1226.2 4681.4 90.799 1202.1 4714 78.427 1229.6 4760 79.918
3.3417 1230.1 4696.2 90.78 1206.3 4727.4 78.199 1233.2 4773.6 80.136
3.35 1233.9 4711.1 90.713 1210.5 4740.8 77.973 1236.7 4787.2 80.392
3.3583 1237.7 4726 90.595 1214.7 4754.2 77.762 1240.2 4800.8 80.677
3.3667 1241.4 4740.9 90.426 1218.9 4767.6 77.573 1243.5 4814.5 80.982
3.375 1245 4755.6 90.209 1222.9 4781.1 77.422 1246.8 4828.2 81.294
3.3833 1248.6 4770 89.949 1226.9 4794.6 77.315 1250.1 4841.9 81.6
3.3917 1252.1 4784.3 89.657 1230.7 4808.1 77.26 1253.4 4855.5 81.889
3.4 1255.7 4798.2 89.344 1234.3 4821.6 77.261 1256.6 4869 82.152
3.4083 1259.3 4811.9 89.02 1237.6 4835.1 77.32 1259.7 4882.5 82.383
3.4167 1262.9 4825.3 88.7 1240.8 4848.5 77.438 1262.8 4895.9 82.58
3.425 1266.4 4838.4 88.396 1243.7 4861.8 77.611 1265.8 4909.3 82.746
3.4333 1270 4851.4 88.116 1246.6 4875.1 77.836 1267.7 4922.2 83.752
3.4417 1273.6 4864.1 87.866 1249 4888.1 78.108 1270.4 4935.4 83.871
3.45 1277.2 4876.7 87.647 1251.3 4900.9 78.42 1272.9 4948.6 83.983
3.4583 1280.7 4889.2 87.459 1253.4 4913.6 78.761 1275.2 4961.7 84.099
3.4667 1284.2 4901.7 87.305 1255.4 4926 79.132 1277.3 4974.9 84.231
3.475 1287.5 4914.1 87.183 1257.2 4938.3 79.525 1279.2 4988 84.389
3.4833 1290.7 4926.4 87.091 1258.9 4950.4 79.938 1280.8 5001.1 84.58
3.4917 1293.6 4938.7 87.023 1260.6 4962.5 80.361 1282.1 5014.3 84.812
3.5 1296.3 4950.9 86.973 1262.2 4974.4 80.796 1283.2 5027.4 85.084
3.5083 1298.7 4963 86.938 1263.7 4986.2 81.249 1285.1 5040.9 84.543
3.5167 1300.9 4975.1 86.911 1265.2 4998.1 81.71 1285.8 5053.9 84.892
3.525 1302.8 4987 86.888 1266.7 5010 82.186 1286.3 5067 85.274
3.5333 1304.5 4998.9 86.867 1268.2 5021.9 82.676 1286.7 5079.9 85.685
3.5417 1305.9 5010.7 86.843 1269.6 5033.9 83.182 1287 5092.8 86.119
3.55 1307.2 5022.4 86.816 1271 5045.9 83.703 1287.1 5105.5 86.571
3.5583 1308.4 5034.1 86.787 1272.3 5057.9 84.239 1287.2 5118.2 87.035
3.5667 1309.4 5045.8 86.754 1273.6 5070 84.784 1287.2 5130.8 87.507
3.575 1310.4 5057.4 86.721 1274.8 5082.1 85.337 1287.1 5143.3 87.982
3.5833 1311.4 5069.1 86.689 1275.8 5094.2 85.892 1287 5155.7 88.458
3.5917 1312.3 5080.7 86.658 1276.9 5106.4 86.441 1286.8 5168 88.931
3.6 1313.3 5092.4 86.629 1277.8 5118.5 86.979 1286.6 5180.2 89.399
3.6083 1314.3 5104 86.6 1278.7 5130.6 87.498 1286.3 5192.4 89.859
3.6167 1315.4 5115.7 86.573 1279.5 5142.7 87.994 1286 5204.5 90.311
3.625 1316.5 5127.4 86.542 1280.3 5154.9 88.463 1285.7 5216.7 90.752
3.6333 1317.6 5139.1 86.508 1281 5167.1 88.899 1285.4 5228.8 91.182
3.6417 1318.8 5150.8 86.47 1281.6 5179.3 89.301 1285.1 5240.9 91.6
3.65 1319.9 5162.6 86.434 1282.2 5191.6 89.673 1284.8 5253 92.005
3.6583 1321 5174.4 86.4 1282.8 5204 90.011 1284.6 5265.1 92.397
3.6667 1322.1 5186.3 86.374 1283.3 5216.4 90.32 1284.3 5277.3 92.775
3.675 1323.1 5198.2 86.364 1283.7 5228.9 90.605 1284 5289.5 93.138
3.6833 1324.1 5210.3 86.375 1284.1 5241.5 90.865 1283.8 5301.7 93.484
3.6917 1325 5222.4 86.413 1284.4 5254.1 91.107 1283.5 5314 93.813
3.7 1325.8 5234.6 86.482 1284.6 5266.8 91.331 1283.3 5326.3 94.121
3.7083 1326.5 5246.9 86.582 1284.7 5279.5 91.54 1283 5338.6 94.408
3.7167 1327.1 5259.3 86.709 1284.7 5292.3 91.736 1282.7 5351.1 94.671
3.725 1327.7 5271.8 86.854 1284.7 5305.1 91.92 1282.4 5363.5 94.907
3.7333 1328.2 5284.4 87.005 1284.5 5317.9 92.093 1282 5376.1 95.118
3.7417 1328.6 5297.2 87.15 1284.3 5330.8 92.257 1281.6 5388.6 95.302
3.75 1328.9 5310.2 87.276 1283.9 5343.8 92.413 1281 5401.3 95.463
3.7583 1329.2 5323.3 87.378 1283.5 5356.8 92.562 1280.4 5413.9 95.603
3.7667 1329.4 5336.6 87.457 1282.9 5369.9 92.709 1279.7 5426.6 95.727
3.775 1329.5 5350 87.505 1282.3 5383.1 92.851 1278.9 5439.4 95.84
3.7833 1329.6 5363.6 87.536 1281.5 5396.4 92.996 1278 5452.2 95.949
3.7917 1329.6 5377.3 87.553 1280.6 5409.7 93.147 1277 5465.1 96.059
3.8 1329.4 5391.1 87.562 1279.6 5423.2 93.306 1275.8 5478 96.174
3.8083 1329.1 5405.2 87.561 1278.5 5436.8 93.473 1274.6 5491 96.297
3.8167 1328.7 5419.4 87.559 1277.3 5450.4 93.652 1273.2 5504.1 96.429
3.825 1328.2 5433.8 87.558 1275.9 5464.1 93.842 1271.7 5517.3 96.569
3.8333 1327.6 5448.6 87.565 1274.4 5477.9 94.041 1270.1 5530.5 96.712
3.8417 1326.9 5463.5 87.585 1272.8 5491.7 94.249 1268.4 5543.9 96.853
3.85 1326.1 5478.8 87.629 1271 5505.5 94.461 1266.6 5557.3 96.986
3.8583 1325.2 5494.2 87.709 1269.2 5519.3 94.672 1264.8 5570.8 97.103
3.8667 1324.3 5509.8 87.833 1267.3 5533.2 94.877 1262.8 5584.3 97.198
3.875 1323.3 5525.4 88.014 1265.3 5547 95.073 1260.8 5597.8 97.266
3.8833 1322.2 5541.1 88.261 1263.3 5560.9 95.255 1258.7 5611.3 97.306
3.8917 1321.1 5556.6 88.576 1261.2 5574.8 95.42 1256.6 5624.8 97.317
3.9 1319.9 5571.9 88.962 1259.2 5588.7 95.566 1254.5 5638.3 97.305
3.9083 1318.6 5586.9 89.409 1257.2 5602.6 95.692 1252.4 5651.7 97.276
3.9167 1317.2 5601.6 89.907 1255.3 5616.4 95.796 1250.3 5665 97.24
3.925 1315.7 5615.9 90.438 1253.5 5630.2 95.882 1248.1 5678.3 97.206
3.9333 1314.2 5629.8 90.986 1251.8 5644 95.95 1246 5691.5 97.185
3.9417 1312.6 5643.3 91.539 1250.2 5657.6 96.002 1243.9 5704.6 97.188
3.95 1310.9 5656.4 92.09 1248.8 5671.1 96.043 1241.8 5717.8 97.221
3.9583 1309.3 5669.4 92.638 1247.4 5684.5 96.072 1239.7 5731 97.289
3.9667 1307.5 5682.1 93.177 1246.2 5697.6 96.099 1237.7 5744.2 97.393
3.975 1305.7 5694.7 93.71 1245 5710.5 96.12 1235.8 5757.4 97.532
3.9833 1303.9 5707.3 94.235 1244 5723.2 96.138 1233.9 5770.7 97.698
3.9917 1302 5719.8 94.753 1243 5735.6 96.156 1232 5784.1 97.884
4 1300.1 5732.3 95.26 1242 5747.7 96.177 1230.3 5797.5 98.08
4.0083 1298.2 5744.9 95.761 1241.1 5759.7 96.2 1228.6 5810.9 98.274
4.0167 1296.2 5757.4 96.254 1240.2 5771.5 96.229 1227.1 5824.4 98.456
4.025 1294.4 5769.9 96.744 1239.2 5783.1 96.265 1225.6 5837.8 98.618
4.0333 1292.6 5782.3 97.231 1238.3 5794.6 96.309 1224.2 5851.2 98.755
4.0417 1290.8 5794.7 97.719 1237.3 5806.1 96.365 1223 5864.5 98.862
4.05 1289.1 5807 98.211 1236.3 5817.5 96.435 1221.8 5877.7 98.94
4.0583 1287.5 5819.1 98.709 1235.2 5828.9 96.519 1220.7 5890.8 98.993
4.0667 1286 5831.1 99.216 1234.1 5840.4 96.62 1219.6 5903.7 99.023
4.075 1284.6 5843 99.737 1233 5852 96.738 1218.6 5916.5 99.039
4.0833 1283.3 5854.9 100.27 1231.9 5863.6 96.873 1217.7 5929.3 99.046
4.0917 1282 5866.6 100.83 1230.8 5875.3 97.026 1216.7 5941.9 99.05
4.1 1280.7 5878.3 101.4 1229.7 5887 97.193 1215.8 5954.4 99.059
4.1083 1279.4 5889.9 102 1228.6 5898.9 97.374 1214.8 5966.9 99.074
4.1167 1278.2 5901.5 102.61 1227.5 5910.8 97.567 1213.8 5979.3 99.1
4.125 1276.9 5913 103.25 1226.3 5922.8 97.769 1212.9 5991.7 99.138
4.1333 1275.7 5924.6 103.89 1225.2 5934.8 97.979 1211.9 6004.1 99.185
4.1417 1274.4 5936.2 104.54 1224 5947 98.194 1210.9 6016.6 99.242
4.15 1273.1 5947.8 105.19 1222.9 5959.2 98.413 1209.9 6029 99.306
4.1583 1271.8 5959.4 105.84 1221.6 5971.4 98.635 1208.9 6041.4 99.373
4.1667 1270.5 5971 106.47 1220.4 5983.8 98.859 1208 6053.8 99.441
4.175 1269.3 5982.7 107.08 1219.1 5996.2 99.085 1207 6066.3 99.507
4.1833 1268.1 5994.3 107.66 1217.8 6008.7 99.313 1206 6078.8 99.571
4.1917 1267 6006 108.22 1216.5 6021.3 99.544 1205 6091.2 99.631
4.2 1265.9 6017.8 108.73 1215.1 6033.9 99.776 1204.1 6103.8 99.687
4.2083 1264.8 6029.6 109.22 1213.7 6046.6 100.01 1203.1 6116.3 99.741
4.2167 1263.8 6041.4 109.68 1212.3 6059.4 100.25 1202.1 6129 99.793
4.225 1262.9 6053.3 110.11 1210.8 6072.2 100.48 1201.1 6141.6 99.845
4.2333 1261.9 6065.3 110.52 1209.4 6085 100.72 1200 6154.4 99.897
4.2417 1260.9 6077.4 110.92 1208 6097.9 100.95 1199 6167.2 99.951
4.25 1259.9 6089.6 111.33 1206.6 6110.8 101.18 1197.9 6180.1 100.01
4.2583 1258.8 6102 111.75 1205.2 6123.7 101.4 1196.9 6193.1 100.06
4.2667 1257.7 6114.4 112.19 1203.8 6136.7 101.61 1195.8 6206.1 100.11
4.275 1256.5 6127 112.66 1202.4 6149.7 101.81 1194.7 6219.2 100.17
4.2833 1255.2 6139.7 113.16 1201 6162.7 102 1193.6 6232.3 100.22
4.2917 1253.9 6152.5 113.69 1199.6 6175.8 102.18 1192.5 6245.5 100.27
4.3 1252.4 6165.5 114.26 1198.2 6188.9 102.35 1191.5 6258.8 100.31
4.3083 1250.9 6178.6 114.85 1196.8 6202.2 102.51 1190.4 6272.1 100.36
4.3167 1249.3 6191.8 115.46 1195.4 6215.5 102.66 1189.3 6285.4 100.4
4.325 1247.7 6205.3 116.07 1193.9 6228.8 102.81 1188.2 6298.9 100.45
4.3333 1245.9 6218.9 116.68 1192.5 6242.3 102.94 1187.1 6312.4 100.5
4.3417 1244.1 6232.6 117.28 1191.1 6255.9 103.09 1185.9 6326.1 100.58
4.35 1242.2 6246.6 117.87 1189.7 6269.6 103.23 1184.7 6339.9 100.67
4.3583 1240.1 6260.8 118.44 1188.3 6283.4 103.39 1183.5 6353.8 100.78
4.3667 1238 6275.3 118.97 1187 6297.4 103.55 1182.2 6367.9 100.93
4.375 1235.7 6289.9 119.46 1185.8 6311.4 103.74 1180.8 6382.2 101.11
4.3833 1233.2 6304.7 119.91 1184.6 6325.7 103.95 1179.4 6396.7 101.32
4.3917 1230.5 6319.6 120.3 1183.5 6340.1 104.17 1178 6411.3 101.57
4.4 1227.7 6334.5 120.63 1182.4 6354.6 104.42 1176.5 6426 101.84
4.4083 1224.7 6349.5 120.87 1181.4 6369.3 104.69 1175 6440.8 102.13
4.4167 1221.6 6364.5 121.04 1180.4 6384.1 104.98 1173.4 6455.7 102.44
4.425 1218.4 6379.3 121.12 1179.3 6399 105.29 1171.9 6470.6 102.74
4.4333 1215.2 6394 121.11 1178.2 6413.9 105.62 1170.3 6485.4 103.03
4.4417 1212 6408.5 121.02 1177.1 6428.9 105.96 1168.8 6500.3 103.31
4.45 1208.9 6422.8 120.86 1175.7 6443.8 106.31 1167.2 6515.1 103.55
4.4583 1206 6436.8 120.64 1174.3 6458.7 106.67 1165.6 6529.8 103.75
4.4667 1203.3 6450.6 120.37 1172.6 6473.3 107.03 1164 6544.4 103.91
4.475 1200.8 6464.1 120.08 1170.8 6487.8 107.4 1162.3 6558.9 104.03
4.4833 1198.6 6477.5 119.76 1168.7 6502 107.78 1160.5 6573.4 104.1
4.4917 1196.6 6490.6 119.45 1166.5 6515.9 108.15 1158.7 6587.8 104.13
4.5 1194.7 6503.6 119.15 1164.1 6529.5 108.52 1156.7 6602.1 104.12
4.5083 1193.1 6516.3 118.87 1161.6 6542.7 108.89 1154.5 6616.2 104.1
4.5167 1191.5 6529 118.62 1159 6555.6 109.26 1152.2 6630.3 104.06
4.525 1189.9 6541.5 118.4 1156.3 6568.3 109.62 1149.8 6644.3 104.02
4.5333 1188.3 6553.9 118.21 1153.6 6580.6 109.97 1147.1 6658.2 103.99
4.5417 1186.7 6566.3 118.05 1150.8 6592.6 110.32 1144.3 6671.8 103.98
4.55 1185 6578.6 117.92 1148 6604.5 110.66 1141.4 6685.4 103.99
4.5583 1183.2 6590.9 117.8 1145.3 6616.1 110.99 1138.3 6698.7 104.03
4.5667 1181.2 6603 117.69 1142.5 6627.6 111.32 1135 6711.8 104.1
4.575 1179 6615 117.58 1139.8 6638.9 111.63 1131.6 6724.6 104.2
4.5833 1176.7 6626.9 117.47 1137.1 6650.2 111.94 1128.1 6737.3 104.32
4.5917 1174.3 6638.7 117.35 1134.4 6661.3 112.24 1124.5 6749.7 104.47
4.6 1171.7 6650.2 117.23 1131.7 6672.4 112.53 1120.9 6761.9 104.64
4.6083 1169.2 6661.7 117.09 1128.9 6683.5 112.83 1117.1 6773.8 104.82
4.6167 1166.5 6673 116.96 1126.1 6694.5 113.12 1113.3 6785.6 105.01
4.625 1163.8 6684.1 116.82 1123.2 6705.4 113.41 1109.5 6797.2 105.21
4.6333 1161.1 6695.2 116.68 1120.3 6716.4 113.71 1105.6 6808.6 105.41
4.6417 1158.4 6706.1 116.54 1117.3 6727.4 114 1101.7 6819.9 105.61
4.65 1155.7 6717 116.41 1114.2 6738.3 114.3 1097.8 6831.1 105.81
4.6583 1152.9 6727.9 116.29 1111 6749.3 114.59 1093.9 6842.1 106.01
4.6667 1150 6738.8 116.16 1107.8 6760.3 114.87 1090 6853.1 106.21
4.675 1147.1 6749.7 116.03 1104.5 6771.4 115.14 1086.1 6864 106.41
4.6833 1144.1 6760.6 115.88 1101.2 6782.4 115.39 1082.1 6874.8 106.6
4.6917 1141 6771.6 115.71 1097.8 6793.5 115.61 1078.2 6885.6 106.79
4.7 1137.7 6782.5 115.52 1094.3 6804.6 115.81 1074.3 6896.3 106.98
4.7083 1134.5 6793.4 115.3 1090.8 6815.6 115.98 1070.3 6907.1 107.16
4.7167 1131.1 6804.4 115.04 1087.3 6826.6 116.11 1066.4 6917.8 107.34
4.725 1127.7 6815.2 114.76 1083.8 6837.6 116.22 1062.4 6928.5 107.5
4.7333 1124.3 6826.1 114.45 1080.2 6848.6 116.29 1058.4 6939.3 107.65
4.7417 1120.9 6836.9 114.12 1076.6 6859.6 116.33 1054.4 6950.1 107.8
4.75 1117.4 6847.7 113.78 1073 6870.5 116.35 1050.4 6960.9 107.93
4.7583 1114 6858.6 113.43 1069.3 6881.4 116.34 1046.4 6971.8 108.05
4.7667 1110.5 6869.4 113.1 1065.6 6892.3 116.32 1042.4 6982.7 108.17
4.775 1107 6880.3 112.78 1061.9 6903.2 116.28 1038.3 6993.7 108.27
4.7833 1103.4 6891.2 112.48 1058 6914.2 116.23 1034.2 7004.6 108.36
4.7917 1099.7 6902.2 112.22 1054.1 6925.2 116.16 1030.1 7015.6 108.44
4.8 1095.9 6913.3 111.98 1050.1 6936.3 116.08 1026 7026.6 108.51
4.8083 1092 6924.4 111.78 1045.9 6947.4 115.99 1021.9 7037.6 108.57
4.8167 1088 6935.6 111.6 1041.8 6958.6 115.87 1017.7 7048.5 108.62
4.825 1083.8 6947 111.44 1037.5 6969.8 115.74 1013.5 7059.4 108.65
4.8333 1079.5 6958.4 111.28 1033.1 6981.1 115.58 1009.2 7070.4 108.67
4.8417 1075.1 6969.9 111.12 1028.7 6992.3 115.4 1005 7081.3 108.67
4.85 1070.5 6981.5 110.95 1024.2 7003.6 115.21 1000.7 7092.2 108.66
