0.0083333 -22.585 0.23395 96.947 -51.656 91.562 89.063 -31.195 236.94 83.472
0.016667 -21.802 6.2267 96.973 -51.236 99.38 89.152 -30.236 244.9 83.4
0.025 -21.033 12.397 97.002 -50.779 107.34 89.257 -29.217 252.9 83.314
0.033333 -20.284 18.756 97.039 -50.282 115.45 89.376 -28.136 260.93 83.213
0.041667 -19.557 25.317 97.091 -49.739 123.73 89.503 -26.99 269 83.098
0.05 -18.851 32.093 97.16 -49.146 132.18 89.627 -25.778 277.13 82.967
0.058333 -18.16 39.098 97.249 -48.5 140.81 89.746 -24.497 285.34 82.822
0.066667 -17.482 46.342 97.359 -47.793 149.62 89.846 -23.147 293.63 82.663
0.075 -16.813 53.837 97.489 -47.022 158.6 89.925 -21.729 302.03 82.495
0.083333 -16.154 61.594 97.637 -46.177 167.75 89.974 -20.247 310.57 82.32
0.091667 -15.506 69.618 97.799 -45.252 177.07 89.991 -18.704 319.26 82.143
0.1 -14.874 77.911 97.974 -44.241 186.55 89.974 -17.107 328.12 81.971
0.10833 -14.267 86.475 98.156 -43.134 196.2 89.924 -15.464 337.17 81.807
0.11667 -13.691 95.303 98.343 -41.93 205.99 89.844 -13.783 346.4 81.659
0.125 -13.154 104.39 98.534 -40.624 215.94 89.741 -12.071 355.82 81.53
0.13333 -12.657 113.71 98.725 -39.223 226.04 89.618 -10.337 365.41 81.424
0.14167 -12.201 123.26 98.917 -37.728 236.26 89.483 -8.5858 375.14 81.34
0.15 -11.779 133.02 99.106 -36.154 246.6 89.342 -6.821 384.98 81.278
0.15833 -11.381 142.95 99.291 -34.516 257.04 89.202 -5.0449 394.89 81.233
0.16667 -10.988 153.05 99.468 -32.833 267.55 89.067 -3.2582 404.82 81.199
0.175 -10.585 163.28 99.635 -31.128 278.11 88.944 -1.4604 414.72 81.166
0.18333 -10.145 173.62 99.788 -29.427 288.67 88.837 0.34795 424.56 81.127
0.19167 -9.6483 184.04 99.923 -27.752 299.19 88.749 2.1661 434.29 81.072
0.2 -9.0677 194.52 100.04 -26.127 309.64 88.686 3.9897 443.87 80.993
0.20833 -8.382 205.03 100.13 -24.572 319.98 88.653 5.8116 453.29 80.883
0.21667 -7.5762 215.57 100.2 -23.101 330.16 88.653 7.6209 462.53 80.74
0.225 -6.6457 226.1 100.23 -21.727 340.17 88.691 9.4026 471.59 80.562
0.23333 -5.5995 236.63 100.24 -20.454 349.97 88.771 11.139 480.46 80.354
0.24167 -4.4627 247.12 100.22 -19.285 359.55 88.895 12.809 489.18 80.123
0.25 -3.2718 257.57 100.15 -18.213 368.9 89.064 14.393 497.75 79.876
0.25833 -2.0665 267.97 100.05 -17.234 378.03 89.278 15.871 506.2 79.626
0.26667 -0.88082 278.31 99.918 -16.335 386.95 89.534 17.227 514.55 79.382
0.275 0.26362 288.59 99.745 -15.506 395.67 89.825 18.449 522.82 79.156
0.28333 1.3578 298.83 99.538 -14.733 404.22 90.147 19.532 531.04 78.956
0.29167 2.4061 309.01 99.301 -14.005 412.61 90.49 20.475 539.21 78.788
0.3 3.4186 319.17 99.037 -13.309 420.87 90.846 21.286 547.34 78.653
0.30833 4.4048 329.28 98.752 -12.637 429.03 91.207 21.977 555.45 78.553
0.31667 5.3745 339.37 98.452 -11.981 437.09 91.563 22.563 563.53 78.482
0.325 6.3327 349.41 98.143 -11.335 445.07 91.909 23.064 571.57 78.435
0.33333 7.2808 359.4 97.833 -10.697 453 92.236 23.496 579.59 78.404
0.34167 8.2197 369.33 97.528 -10.065 460.87 92.542 23.879 587.56 78.381
0.35 9.1454 379.19 97.234 -9.4392 468.72 92.825 24.226 595.49 78.358
0.35833 10.051 388.96 96.956 -8.823 476.54 93.079 24.545 603.37 78.33
0.36667 10.922 398.65 96.695 -8.2125 484.35 93.314 24.844 611.22 78.291
0.375 11.749 408.25 96.451 -7.6158 492.17 93.523 25.123 619.03 78.241
0.38333 12.52 417.76 96.225 -7.0334 500 93.711 25.381 626.8 78.179
0.39167 13.22 427.19 96.011 -6.4686 507.87 93.879 25.615 634.55 78.108
0.4 13.846 436.56 95.808 -5.9232 515.77 94.029 25.819 642.29 78.031
0.40833 14.398 445.87 95.61 -5.3995 523.72 94.162 25.993 650.02 77.953
0.41667 14.878 455.15 95.415 -4.8992 531.74 94.276 26.134 657.74 77.877
0.425 15.302 464.4 95.219 -4.4225 539.82 94.371 26.248 665.48 77.807
0.43333 15.684 473.64 95.021 -3.9689 547.98 94.445 26.341 673.22 77.745
0.44167 16.041 482.86 94.819 -3.5364 556.22 94.497 26.423 680.98 77.691
0.45 16.392 492.07 94.613 -3.1223 564.54 94.525 26.507 688.75 77.643
0.45833 16.75 501.27 94.404 -2.7229 572.94 94.528 26.608 696.53 77.601
0.46667 17.123 510.46 94.192 -2.3342 581.42 94.507 26.739 704.34 77.56
0.475 17.516 519.62 93.979 -1.9527 589.98 94.464 26.914 712.15 77.516
0.48333 17.922 528.76 93.764 -1.5758 598.61 94.402 27.143 719.98 77.467
0.49167 18.333 537.87 93.549 -1.2023 607.3 94.324 27.433 727.82 77.408
0.5 18.736 546.97 93.333 -0.83296 616.07 94.234 27.786 735.68 77.337
0.50833 19.114 556.06 93.116 -0.46941 624.89 94.138 28.202 743.56 77.252
0.51667 19.457 565.16 92.897 -0.11564 633.77 94.036 28.678 751.45 77.153
0.525 19.746 574.27 92.676 0.22433 642.69 93.934 29.206 759.38 77.039
0.53333 19.981 583.43 92.452 0.54667 651.67 93.831 29.779 767.33 76.913
0.54167 20.162 592.65 92.227 0.84888 660.7 93.727 30.39 775.32 76.774
0.55 20.296 601.95 91.996 1.1303 669.78 93.622 31.031 783.35 76.625
0.55833 20.397 611.34 91.759 1.3938 678.92 93.513 31.697 791.42 76.466
0.56667 20.483 620.84 91.519 1.6446 688.11 93.398 32.383 799.54 76.298
0.575 20.576 630.47 91.272 1.8908 697.38 93.273 33.087 807.7 76.121
0.58333 20.693 640.24 91.018 2.1419 706.71 93.135 33.809 815.91 75.937
0.59167 20.848 650.14 90.756 2.4079 716.12 92.984 34.548 824.16 75.745
0.6 21.033 660.18 90.478 2.7001 725.61 92.817 35.306 832.47 75.546
0.60833 21.255 670.37 90.19 3.023 735.19 92.636 36.082 840.82 75.339
0.61667 21.491 680.69 89.882 3.3828 744.85 92.439 36.877 849.23 75.124
0.625 21.723 691.15 89.554 3.7787 754.58 92.231 37.692 857.7 74.902
0.63333 21.934 701.74 89.208 4.2043 764.39 92.013 38.524 866.23 74.673
0.64167 22.102 712.47 88.842 4.6493 774.27 91.789 39.373 874.84 74.435
0.65 22.207 723.34 88.454 5.1023 784.21 91.561 40.236 883.54 74.187
0.65833 22.238 734.36 88.055 5.5444 794.19 91.332 41.114 892.34 73.93
0.66667 22.182 745.53 87.65 5.9628 804.22 91.103 42.004 901.25 73.661
0.675 22.038 756.86 87.25 6.3421 814.28 90.876 42.907 910.29 73.38
0.68333 21.812 768.35 86.87 6.6748 824.37 90.653 43.824 919.47 73.085
0.69167 21.508 779.98 86.525 6.964 834.5 90.429 44.754 928.8 72.777
0.7 21.149 791.73 86.227 7.2153 844.67 90.208 45.701 938.28 72.456
0.70833 20.756 803.59 85.99 7.4483 854.89 89.987 46.666 947.9 72.124
0.71667 20.356 815.51 85.82 7.6885 865.16 89.766 47.653 957.67 71.783
0.725 19.971 827.46 85.719 7.9663 875.5 89.543 48.665 967.56 71.438
0.73333 19.623 839.39 85.678 8.3171 885.92 89.315 49.707 977.56 71.094
0.74167 19.327 851.25 85.683 8.774 896.41 89.076 50.783 987.65 70.757
0.75 19.092 863 85.713 9.3643 906.99 88.826 51.904 997.8 70.433
0.75833 18.921 874.61 85.74 10.111 917.64 88.558 53.079 1008 70.127
0.76667 18.817 886.03 85.733 11.029 928.35 88.265 54.323 1018.2 69.843
0.775 18.777 897.26 85.662 12.121 939.11 87.94 55.655 1028.4 69.584
0.78333 18.795 908.28 85.5 13.384 949.89 87.575 57.098 1038.5 69.35
0.79167 18.869 919.1 85.225 14.806 960.66 87.161 58.68 1048.7 69.137
0.8 18.996 929.73 84.824 16.367 971.38 86.69 60.429 1058.7 68.942
0.80833 19.179 940.2 84.294 18.046 982.02 86.152 62.377 1068.8 68.755
0.81667 19.429 950.54 83.645 19.822 992.56 85.542 64.556 1078.7 68.568
0.825 19.766 960.77 82.894 21.676 1003 84.853 66.996 1088.6 68.369
0.83333 20.224 970.9 82.066 23.594 1013.2 84.083 69.721 1098.4 68.146
0.84167 20.844 980.93 81.19 25.569 1023.3 83.232 72.75 1108.2 67.889
0.85 21.667 990.85 80.293 27.602 1033.2 82.303 76.094 1117.9 67.588
0.85833 22.733 1000.6 79.401 29.698 1042.9 81.3 79.753 1127.6 67.236
0.86667 24.054 1010.2 78.536 31.872 1052.5 80.233 83.721 1137.2 66.828
0.875 25.622 1019.6 77.713 34.14 1062 79.11 87.98 1146.8 66.364
0.88333 27.413 1028.8 76.942 36.519 1071.4 77.942 92.506 1156.3 65.844
0.89167 29.387 1037.7 76.223 39.025 1080.7 76.741 97.27 1165.7 65.275
0.9 31.508 1046.4 75.552 41.672 1090 75.517 102.24 1175.1 64.665
0.90833 33.749 1054.9 74.918 44.47 1099.3 74.281 107.38 1184.3 64.021
0.91667 36.107 1063.1 74.308 47.421 1108.5 73.043 112.67 1193.5 63.355
0.925 38.577 1071.1 73.71 50.526 1117.7 71.81 118.07 1202.5 62.675
0.93333 41.16 1079 73.112 53.776 1126.9 70.59 123.56 1211.5 61.993
0.94167 43.846 1086.7 72.511 57.164 1136.1 69.39 129.14 1220.4 61.316
0.95 46.615 1094.4 71.904 60.678 1145.3 68.214 134.79 1229.2 60.652
0.95833 49.44 1102.1 71.297 64.306 1154.4 67.067 140.51 1237.9 60.006
0.96667 52.306 1109.8 70.695 68.038 1163.5 65.953 146.3 1246.5 59.382
0.975 55.199 1117.5 70.107 71.868 1172.5 64.878 152.17 1255.1 58.779
0.98333 58.12 1125.3 69.538 75.792 1181.5 63.842 158.11 1263.5 58.2
0.99167 61.069 1133.1 68.998 79.811 1190.4 62.852 164.13 1271.9 57.64
1 64.053 1141 68.49 83.928 1199.3 61.908 170.22 1280.3 57.097
1.0083 67.083 1148.9 68.018 88.152 1208 61.014 176.4 1288.5 56.566
1.0167 70.175 1156.8 67.582 92.49 1216.8 60.17 182.65 1296.7 56.044
1.025 73.342 1164.8 67.177 96.95 1225.5 59.377 188.96 1304.8 55.527
1.0333 76.599 1172.8 66.802 101.54 1234.2 58.636 195.32 1312.8 55.011
1.0417 79.962 1180.8 66.449 106.26 1242.9 57.948 201.73 1320.6 54.496
1.05 83.448 1188.8 66.113 111.11 1251.6 57.309 208.18 1328.5 53.981
1.0583 87.072 1196.8 65.79 116.1 1260.3 56.719 214.67 1336.2 53.469
1.0667 90.848 1204.9 65.477 121.21 1269 56.178 221.17 1343.8 52.963
1.075 94.791 1212.9 65.174 126.43 1277.8 55.683 227.7 1351.4 52.466
1.0833 98.911 1221 64.884 131.77 1286.5 55.233 234.25 1359 51.986
1.0917 103.22 1229.1 64.612 137.21 1295.3 54.825 240.82 1366.5 51.526
1.1 107.72 1237.2 64.364 142.73 1304.1 54.457 247.41 1374 51.091
1.1083 112.41 1245.3 64.147 148.35 1312.9 54.13 254.03 1381.5 50.684
1.1167 117.29 1253.5 63.968 154.06 1321.6 53.831 260.67 1389 50.307
1.125 122.35 1261.8 63.826 159.87 1330.4 53.568 267.32 1396.5 49.961
1.1333 127.55 1270.1 63.718 165.77 1339.1 53.332 273.99 1404 49.642
1.1417 132.88 1278.4 63.635 171.8 1347.8 53.121 280.68 1411.5 49.348
1.15 138.3 1286.9 63.569 177.95 1356.4 52.925 287.37 1418.9 49.074
1.1583 143.8 1295.3 63.504 184.24 1365 52.743 294.07 1426.3 48.818
1.1667 149.39 1303.8 63.426 190.69 1373.6 52.568 300.78 1433.6 48.575
1.175 155.06 1312.4 63.327 197.32 1382.2 52.392 307.5 1440.9 48.343
1.1833 160.83 1321 63.199 204.12 1390.8 52.21 314.24 1448.2 48.123
1.1917 166.73 1329.8 63.039 211.12 1399.3 52.014 321.02 1455.4 47.916
1.2 172.77 1338.6 62.849 218.3 1407.8 51.8 327.86 1462.7 47.724
1.2083 179 1347.5 62.634 225.67 1416.2 51.56 334.78 1469.9 47.553
1.2167 185.44 1356.6 62.399 233.23 1424.6 51.292 341.8 1477.2 47.407
1.225 192.13 1365.8 62.153 240.96 1433 50.993 348.95 1484.5 47.289
1.2333 199.09 1375.2 61.899 248.85 1441.3 50.662 356.25 1491.8 47.2
1.2417 206.32 1384.7 61.639 256.89 1449.6 50.298 363.71 1499.3 47.141
1.25 213.83 1394.2 61.372 265.05 1457.8 49.905 371.33 1506.8 47.108
1.2583 221.59 1403.8 61.091 273.32 1466.1 49.485 379.11 1514.3 47.094
1.2667 229.57 1413.4 60.79 281.66 1474.2 49.044 387.03 1521.9 47.089
1.275 237.74 1423 60.46 290.06 1482.4 48.588 395.07 1529.5 47.082
1.2833 246.05 1432.5 60.093 298.47 1490.6 48.124 403.2 1537 47.061
1.2917 254.48 1441.8 59.687 306.87 1498.7 47.658 411.36 1544.5 47.014
1.3 262.97 1451 59.24 315.22 1506.9 47.2 419.53 1552 46.932
1.3083 271.52 1459.9 58.751 323.48 1515 46.756 427.65 1559.3 46.809
1.3167 280.07 1468.7 58.228 331.63 1523.2 46.335 435.69 1566.5 46.641
1.325 288.61 1477.2 57.678 339.63 1531.3 45.943 443.62 1573.6 46.43
1.3333 297.1 1485.4 57.107 347.45 1539.5 45.585 451.41 1580.6 46.182
1.3417 305.52 1493.5 56.523 355.08 1547.6 45.265 459.05 1587.6 45.907
1.35 313.84 1501.4 55.932 362.5 1555.7 44.985 466.54 1594.5 45.617
1.3583 322.05 1509.2 55.339 369.7 1563.7 44.745 473.87 1601.4 45.325
1.3667 330.15 1516.9 54.749 376.69 1571.6 44.542 481.05 1608.3 45.045
1.375 338.15 1524.6 54.166 383.48 1579.4 44.372 488.1 1615.3 44.788
1.3833 346.06 1532.2 53.595 390.09 1587.2 44.231 495.04 1622.4 44.565
1.3917 353.87 1539.8 53.036 396.55 1594.8 44.112 501.88 1629.7 44.38
1.4 361.59 1547.4 52.488 402.89 1602.3 44.009 508.63 1637.1 44.238
1.4083 369.22 1555 51.947 409.13 1609.7 43.917 515.31 1644.6 44.137
1.4167 376.77 1562.7 51.409 415.32 1617 43.834 521.91 1652.3 44.074
1.425 384.23 1570.3 50.868 421.48 1624.3 43.755 528.44 1660.1 44.043
1.4333 391.64 1578 50.317 427.64 1631.5 43.682 534.9 1668.1 44.038
1.4417 398.99 1585.6 49.755 433.82 1638.6 43.614 541.29 1676.1 44.053
1.45 406.31 1593.3 49.178 440.02 1645.8 43.556 547.6 1684.2 44.083
1.4583 413.61 1600.9 48.59 446.27 1652.9 43.51 553.83 1692.4 44.123
1.4667 420.9 1608.4 47.99 452.56 1660.1 43.479 559.99 1700.6 44.172
1.475 428.21 1616 47.384 458.88 1667.3 43.466 566.08 1708.8 44.23
1.4833 435.54 1623.4 46.779 465.24 1674.6 43.472 572.11 1717 44.299
1.4917 442.88 1630.9 46.18 471.63 1681.9 43.497 578.1 1725.3 44.38
1.5 450.22 1638.2 45.593 478.05 1689.2 43.539 584.06 1733.5 44.476
1.5083 457.56 1645.6 45.021 484.49 1696.6 43.592 590 1741.8 44.59
1.5167 464.89 1652.9 44.466 490.95 1704 43.651 595.94 1750.1 44.723
1.525 472.18 1660.2 43.925 497.43 1711.5 43.71 601.88 1758.5 44.877
1.5333 479.43 1667.6 43.394 503.94 1719 43.761 607.84 1766.9 45.052
1.5417 486.64 1674.9 42.87 510.48 1726.6 43.799 613.81 1775.3 45.247
1.55 493.8 1682.3 42.347 517.08 1734.2 43.819 619.8 1783.8 45.46
1.5583 500.91 1689.8 41.823 523.73 1741.8 43.819 625.81 1792.3 45.689
1.5667 507.97 1697.3 41.297 530.45 1749.5 43.799 631.82 1800.8 45.934
1.575 515 1704.9 40.773 537.25 1757.3 43.761 637.84 1809.3 46.192
1.5833 522.01 1712.6 40.259 544.14 1765.1 43.709 643.87 1817.8 46.462
1.5917 528.99 1720.4 39.764 551.11 1772.9 43.648 649.91 1826.4 46.744
1.6 535.96 1728.3 39.307 558.17 1780.9 43.585 655.97 1834.9 47.036
1.6083 542.92 1736.2 38.901 565.32 1788.9 43.525 662.05 1843.5 47.339
1.6167 549.89 1744.2 38.565 572.55 1797 43.474 668.17 1852.1 47.651
1.625 556.88 1752.2 38.305 579.84 1805.2 43.434 674.35 1860.8 47.971
1.6333 563.9 1760.4 38.127 587.2 1813.4 43.408 680.59 1869.5 48.298
1.6417 570.97 1768.6 38.028 594.6 1821.8 43.394 686.92 1878.3 48.628
1.65 578.11 1776.9 37.987 602.03 1830.2 43.391 693.33 1887.2 48.961
1.6583 585.37 1785.3 37.995 609.49 1838.7 43.394 699.83 1896.1 49.294
1.6667 592.77 1793.8 38.027 616.96 1847.2 43.402 706.41 1905.1 49.626
1.675 600.32 1802.4 38.065 624.43 1855.8 43.409 713.07 1914.2 49.958
1.6833 608.04 1811.1 38.094 631.91 1864.4 43.419 719.79 1923.4 50.29
1.6917 615.88 1819.9 38.109 639.42 1873.1 43.441 726.54 1932.7 50.626
1.7 623.82 1828.8 38.106 646.95 1881.9 43.477 733.32 1942 50.967
1.7083 631.83 1837.8 38.087 654.49 1890.7 43.519 740.08 1951.5 51.32
1.7167 639.88 1846.9 38.046 662.04 1899.6 43.578 746.83 1961 51.687
1.725 647.99 1856.1 37.987 669.6 1908.5 43.653 753.55 1970.6 52.071
1.7333 656.14 1865.4 37.912 677.19 1917.5 43.759 760.23 1980.3 52.474
1.7417 664.36 1874.8 37.824 684.79 1926.5 43.888 766.88 1990.1 52.896
1.75 672.67 1884.4 37.73 692.41 1935.6 44.046 773.51 2000 53.336
1.7583 681.09 1894.1 37.636 700.24 1944.9 44.227 778.83 2010.1 54.729
1.7667 689.65 1903.9 37.551 707.92 1954.2 44.442 785.46 2020.1 55.194
1.775 698.35 1913.9 37.485 715.62 1963.6 44.684 792.13 2030.2 55.661
1.7833 707.21 1924 37.449 723.37 1973 44.946 798.86 2040.4 56.123
1.7917 716.2 1934.2 37.456 731.15 1982.6 45.223 805.64 2050.7 56.574
1.8 725.3 1944.6 37.516 738.97 1992.2 45.507 812.48 2061.1 57.011
1.8083 734.48 1955.1 37.639 746.83 2001.9 45.791 819.39 2071.5 57.431
1.8167 743.69 1965.6 37.829 754.75 2011.6 46.069 826.34 2082 57.836
1.825 752.87 1976.2 38.085 762.72 2021.3 46.334 833.31 2092.4 58.228
1.8333 761.99 1986.7 38.399 770.74 2031.1 46.583 840.3 2102.9 58.613
1.8417 771 1997.3 38.758 778.81 2040.7 46.811 847.27 2113.4 58.997
1.85 779.88 2007.7 39.145 786.93 2050.4 47.017 854.21 2123.8 59.386
1.8583 788.6 2018.1 39.54 795.08 2060 47.196 861.1 2134.2 59.785
1.8667 797.14 2028.3 39.925 803.27 2069.4 47.348 867.94 2144.5 60.197
1.875 805.5 2038.4 40.282 811.46 2078.8 47.47 874.73 2154.6 60.624
1.8833 813.66 2048.3 40.599 819.65 2088 47.56 881.49 2164.6 61.065
1.8917 821.66 2058 40.871 827.82 2097.1 47.614 888.23 2174.5 61.513
1.9 829.51 2067.5 41.102 835.93 2106 47.63 894.98 2184.3 61.964
1.9083 837.24 2076.9 41.301 843.98 2114.8 47.605 901.78 2193.8 62.41
1.9167 844.88 2086.1 41.483 851.96 2123.5 47.535 908.64 2203.3 62.84
1.925 852.47 2095.2 41.66 859.84 2132 47.419 915.61 2212.6 63.249
1.9333 860.05 2104.1 41.848 867.63 2140.4 47.258 922.7 2221.7 63.628
1.9417 867.63 2112.9 42.058 875.32 2148.6 47.053 929.92 2230.7 63.972
1.95 875.24 2121.7 42.297 882.93 2156.7 46.805 937.29 2239.6 64.279
1.9583 882.9 2130.3 42.573 890.47 2164.7 46.521 944.8 2248.4 64.549
1.9667 890.61 2138.8 42.885 897.96 2172.6 46.207 952.44 2257.1 64.782
1.975 898.37 2147.2 43.23 905.41 2180.5 45.869 960.2 2265.7 64.982
1.9833 906.17 2155.4 43.605 912.85 2188.2 45.515 968.06 2274.2 65.154
1.9917 914 2163.6 44.001 920.29 2196 45.154 976.01 2282.7 65.303
2 921.84 2171.6 44.409 927.76 2203.6 44.792 984.01 2291 65.433
2.0083 929.68 2179.5 44.825 935.26 2211.3 44.437 992.07 2299.3 65.549
2.0167 937.51 2187.3 45.243 942.82 2218.9 44.092 1000.2 2307.5 65.653
2.025 945.31 2195 45.66 950.44 2226.5 43.762 1008.3 2315.6 65.748
2.0333 953.09 2202.5 46.075 958.12 2234.1 43.451 1016.4 2323.6 65.837
2.0417 960.84 2209.9 46.486 965.86 2241.7 43.162 1024.5 2331.5 65.919
2.05 968.55 2217.3 46.905 973.66 2249.2 42.891 1032.7 2339.3 65.997
2.0583 976.23 2224.6 47.324 981.5 2256.8 42.645 1040.9 2347 66.072
2.0667 983.88 2231.8 47.743 989.38 2264.3 42.426 1049.1 2354.6 66.145
2.075 991.52 2239.1 48.173 997.31 2271.9 42.229 1057.3 2362.2 66.219
2.0833 999.14 2246.2 48.602 1005.3 2279.5 42.062 1065.6 2369.7 66.294
2.0917 1006.8 2253.4 49.03 1013.2 2287 41.925 1073.8 2377.1 66.374
2.1 1014.4 2260.6 49.455 1021.3 2294.6 41.82 1082.1 2384.5 66.459
2.1083 1022 2267.8 49.872 1029.3 2302.2 41.749 1090.4 2391.9 66.551
2.1167 1029.7 2274.9 50.275 1037.4 2309.7 41.713 1098.7 2399.2 66.649
2.125 1037.4 2282.1 50.662 1045.5 2317.3 41.713 1107 2406.5 66.754
2.1333 1045.2 2289.2 51.03 1053.6 2325 41.748 1115.3 2413.8 66.864
2.1417 1053.1 2296.4 51.375 1061.8 2332.6 41.817 1123.7 2421.1 66.977
2.15 1061.1 2303.5 51.698 1070.1 2340.3 41.918 1132 2428.4 67.092
2.1583 1069.2 2310.6 51.999 1078.4 2348 42.047 1140.4 2435.6 67.205
2.1667 1077.4 2317.7 52.278 1086.7 2355.7 42.201 1148.8 2442.9 67.317
2.175 1085.7 2324.9 52.539 1095.1 2363.5 42.377 1157.3 2450.1 67.426
2.1833 1094.2 2332 52.784 1103.6 2371.2 42.57 1165.8 2457.4 67.533
2.1917 1102.8 2339.2 53.017 1112.1 2379 42.777 1174.4 2464.7 67.639
2.2 1111.5 2346.4 53.24 1120.7 2386.7 42.993 1182.9 2472 67.747
2.2083 1120.4 2353.7 53.466 1129.3 2394.5 43.222 1191.6 2479.3 67.859
2.2167 1129.5 2361 53.686 1137.9 2402.2 43.455 1200.2 2486.6 67.978
2.225 1138.6 2368.5 53.902 1146.6 2409.9 43.691 1208.9 2493.9 68.108
2.2333 1147.9 2376 54.107 1155.3 2417.5 43.926 1217.7 2501.2 68.248
2.2417 1157.2 2383.7 54.292 1164.1 2425.2 44.156 1226.4 2508.5 68.403
2.25 1166.5 2391.4 54.444 1173 2432.8 44.375 1235.1 2515.8 68.572
2.2583 1175.9 2399.3 54.554 1181.9 2440.4 44.578 1243.9 2523.1 68.756
2.2667 1185.3 2407.2 54.613 1190.9 2448 44.756 1252.6 2530.4 68.955
2.275 1194.7 2415.1 54.617 1200 2455.6 44.9 1261.4 2537.6 69.168
2.2833 1204.2 2423.1 54.57 1209.1 2463.1 45 1270.2 2544.9 69.395
2.2917 1213.8 2431.1 54.476 1218.4 2470.7 45.053 1279.1 2552.2 69.636
2.3 1223.5 2439.1 54.346 1227.7 2478.3 45.05 1287.9 2559.5 69.892
2.3083 1233.4 2447.3 54.193 1237.1 2485.9 44.983 1296.8 2566.8 70.164
2.3167 1243.5 2455.6 54.03 1246.6 2493.5 44.854 1305.7 2574.2 70.453
2.325 1253.7 2464 53.868 1256.2 2501.1 44.663 1314.7 2581.6 70.759
2.3333 1264.1 2472.5 53.714 1265.8 2508.8 44.42 1323.6 2589.1 71.082
2.3417 1274.5 2481.2 53.573 1275.5 2516.5 44.124 1332.6 2596.7 71.42
2.35 1285 2490.1 53.444 1285.2 2524.1 43.798 1341.6 2604.3 71.769
2.3583 1295.5 2499 53.325 1294.9 2531.9 43.453 1350.6 2611.9 72.123
2.3667 1305.9 2508.1 53.212 1304.6 2539.6 43.11 1359.5 2619.4 72.474
2.375 1315.5 2515.9 53.583 1314.2 2547.4 42.784 1368.4 2627 72.814
2.3833 1325.5 2525 53.508 1323.8 2555.2 42.495 1377.2 2634.4 73.131
2.3917 1335.4 2534 53.423 1333.3 2563 42.258 1386 2641.8 73.417
2.4 1346 2543.7 52.818 1342.7 2570.9 42.091 1394.7 2649 73.661
2.4083 1355.6 2552.3 52.742 1351.9 2578.8 42.004 1403.3 2656.2 73.858
2.4167 1365 2560.6 52.679 1360.9 2586.8 42.004 1411.9 2663.3 74.001
2.425 1374.3 2568.8 52.633 1369.7 2594.7 42.097 1420.4 2670.3 74.093
2.4333 1383.5 2576.7 52.603 1378.3 2602.6 42.281 1428.7 2677.3 74.137
2.4417 1392.6 2584.5 52.589 1386.7 2610.5 42.553 1437 2684.4 74.14
2.45 1401.6 2592.1 52.584 1394.8 2618.4 42.907 1445.2 2691.5 74.114
2.4583 1410.6 2599.6 52.586 1402.7 2626.2 43.331 1453.3 2698.8 74.073
2.4667 1419.5 2607 52.586 1410.3 2633.9 43.816 1461.3 2706.2 74.034
2.475 1428.3 2614.3 52.579 1417.6 2641.5 44.348 1469 2713.9 74.011
2.4833 1437.1 2621.5 52.558 1424.8 2649 44.909 1476.7 2721.9 74.019
2.4917 1445.8 2628.8 52.522 1431.8 2656.3 45.5 1484.1 2730.1 74.07
2.5 1454.4 2636.1 52.466 1438.6 2663.6 46.111 1491.3 2738.5 74.169
2.5083 1462.7 2643.4 52.386 1445.2 2670.8 46.724 1498.3 2747.2 74.324
2.5167 1470.8 2650.8 52.284 1451.7 2678 47.338 1505.1 2756.1 74.534
2.525 1478.7 2658.3 52.16 1458.1 2685 47.948 1511.5 2765.2 74.794
2.5333 1486.2 2665.8 52.02 1464.5 2692.1 48.555 1517.8 2774.4 75.098
2.5417 1493.4 2673.3 51.869 1470.7 2699.2 49.155 1523.8 2783.7 75.439
2.55 1500.4 2680.9 51.717 1477 2706.3 49.749 1529.6 2793 75.809
2.5583 1507 2688.5 51.573 1483.1 2713.4 50.335 1535.1 2802.3 76.198
2.5667 1513.4 2696.1 51.441 1489.3 2720.6 50.913 1540.5 2811.6 76.6
2.575 1519.6 2703.8 51.337 1495.4 2727.9 51.482 1545.6 2820.8 77.01
2.5833 1525.6 2711.4 51.256 1501.4 2735.3 52.039 1550.7 2830 77.424
2.5917 1531.5 2719 51.199 1507.4 2742.7 52.58 1555.5 2839.1 77.84
2.6 1537.3 2726.7 51.173 1513.4 2750.2 53.102 1560.3 2848.1 78.259
2.6083 1543 2734.3 51.167 1519.3 2757.8 53.599 1564.9 2857.1 78.682
2.6167 1548.7 2741.9 51.176 1525.1 2765.4 54.069 1569.5 2866 79.109
2.625 1554.4 2749.6 51.197 1530.9 2773.1 54.507 1574 2874.9 79.542
2.6333 1560.1 2757.2 51.22 1536.6 2780.9 54.911 1578.4 2883.7 79.982
2.6417 1565.8 2764.8 51.24 1542.3 2788.7 55.281 1582.8 2892.5 80.43
2.65 1571.5 2772.4 51.25 1547.9 2796.6 55.616 1587 2901.2 80.882
2.6583 1577.2 2779.9 51.249 1553.4 2804.5 55.919 1591.3 2909.9 81.338
2.6667 1583 2787.5 51.237 1559 2812.5 56.192 1595.5 2918.5 81.794
2.675 1588.8 2795.1 51.218 1564.5 2820.6 56.44 1599.7 2927 82.244
2.6833 1594.6 2802.7 51.198 1569.9 2828.7 56.665 1603.9 2935.5 82.685
2.6917 1600.5 2810.4 51.184 1575.4 2837 56.872 1608.1 2943.9 83.111
2.7 1606.4 2818.1 51.186 1580.8 2845.3 57.063 1612.3 2952.2 83.52
2.7083 1612.4 2825.9 51.21 1586.2 2853.7 57.24 1616.5 2960.5 83.907
2.7167 1618.3 2833.7 51.262 1591.5 2862.2 57.403 1620.7 2968.8 84.272
2.725 1624.2 2841.7 51.344 1596.7 2870.8 57.552 1625 2977.1 84.615
2.7333 1630 2849.8 51.454 1601.9 2879.4 57.684 1629.2 2985.3 84.936
2.7417 1635.7 2858.1 51.588 1607.1 2888.1 57.799 1633.5 2993.5 85.239
2.75 1641.4 2866.6 51.742 1612.1 2896.8 57.895 1637.8 3001.8 85.528
2.7583 1646.9 2875.2 51.908 1617.1 2905.6 57.972 1642 3010.1 85.807
2.7667 1652.4 2884 52.081 1621.9 2914.4 58.033 1646.1 3018.4 86.081
2.775 1657.8 2892.8 52.257 1626.7 2923.2 58.081 1650.2 3026.7 86.354
2.7833 1663.1 2901.7 52.43 1631.4 2932.1 58.121 1654.2 3035 86.631
2.7917 1668.4 2910.7 52.6 1636.1 2941 58.162 1658.1 3043.4 86.912
2.8 1673.7 2919.7 52.767 1640.7 2949.9 58.213 1662 3051.9 87.201
2.8083 1679 2928.7 52.934 1645.2 2958.9 58.282 1665.7 3060.4 87.496
2.8167 1684.3 2937.9 53.096 1649.6 2967.9 58.378 1669.3 3069 87.796
2.825 1689.7 2947.1 53.262 1654 2976.9 58.51 1672.8 3077.7 88.1
2.8333 1695.2 2956.5 53.432 1658.3 2986 58.681 1676.1 3086.6 88.404
2.8417 1700.7 2966 53.609 1662.5 2995.2 58.894 1679.4 3095.6 88.708
2.85 1706.3 2975.8 53.797 1666.6 3004.3 59.149 1682.6 3104.7 89.01
2.8583 1712 2985.8 54.001 1670.6 3013.5 59.442 1685.7 3114 89.31
2.8667 1717.7 2996.1 54.226 1674.5 3022.8 59.767 1688.7 3123.4 89.611
2.875 1723.4 3006.5 54.48 1678.3 3032 60.117 1691.6 3132.9 89.915
2.8833 1729.1 3017.1 54.77 1681.9 3041.3 60.484 1694.3 3142.5 90.229
2.8917 1734.7 3027.8 55.104 1685.5 3050.5 60.861 1696.8 3152.1 90.559
2.9 1740.1 3038.6 55.486 1689 3059.8 61.243 1699.2 3161.8 90.912
2.9083 1745.3 3049.3 55.92 1692.4 3069 61.625 1701.4 3171.5 91.295
2.9167 1750.4 3059.9 56.407 1695.8 3078.2 62.008 1703.4 3181.1 91.714
2.925 1755.3 3070.4 56.949 1699.1 3087.4 62.392 1705.3 3190.6 92.172
2.9333 1760 3080.6 57.546 1702.5 3096.5 62.784 1706.9 3200 92.672
2.9417 1764.5 3090.6 58.195 1705.9 3105.5 63.189 1708.4 3209.3 93.214
2.95 1768.8 3100.4 58.895 1709.4 3114.5 63.615 1709.8 3218.5 93.793
2.9583 1773 3109.9 59.641 1712.9 3123.4 64.072 1711.1 3227.6 94.404
2.9667 1777 3119.3 60.429 1716.5 3132.2 64.565 1712.2 3236.6 95.042
2.975 1780.8 3128.6 61.26 1720.1 3140.8 65.102 1713.3 3245.5 95.698
2.9833 1784.5 3137.8 62.136 1723.7 3149.3 65.685 1714.4 3254.3 96.365
2.9917 1787.9 3147.1 63.061 1727.3 3157.5 66.316 1715.4 3263 97.037
3 1791.2 3156.4 64.036 1730.8 3165.6 66.993 1716.5 3271.8 97.711
3.0083 1794.1 3165.8 65.064 1734.3 3173.4 67.713 1717.5 3280.4 98.384
3.0167 1796.9 3175.3 66.145 1737.6 3181.1 68.47 1718.5 3289.1 99.058
3.025 1799.3 3184.9 67.277 1740.9 3188.5 69.258 1719.5 3297.6 99.735
3.0333 1801.5 3194.5 68.458 1743.9 3195.7 70.072 1720.5 3306.1 100.42
3.0417 1803.4 3204 69.683 1746.9 3202.8 70.904 1721.5 3314.6 101.12
3.05 1805.2 3213.5 70.948 1749.6 3209.7 71.752 1722.4 3322.9 101.83
3.0583 1806.7 3222.8 72.244 1752.2 3216.5 72.613 1723.3 3331.1 102.55
3.0667 1808.1 3232 73.568 1754.7 3223.3 73.479 1724.1 3339.2 103.29
3.075 1809.4 3241 74.91 1757.1 3230 74.374 1724.8 3347.1 104.05
3.0833 1810.6 3249.8 76.265 1759.4 3236.8 75.273 1725.5 3354.9 104.8
3.0917 1811.9 3258.4 77.626 1761.6 3243.7 76.189 1726.1 3362.6 105.56
3.1 1813 3266.9 78.989 1763.7 3250.7 77.12 1726.7 3370.2 106.29
3.1083 1814.2 3275.2 80.347 1765.7 3257.8 78.071 1727.3 3377.6 107
3.1167 1815.4 3283.5 81.701 1767.7 3265 79.038 1727.9 3384.9 107.67
3.125 1816.5 3291.8 83.047 1769.6 3272.4 80.024 1728.4 3392.2 108.31
3.1333 1817.5 3300 84.386 1771.5 3279.8 81.026 1728.9 3399.4 108.9
3.1417 1818.5 3308.2 85.72 1773.3 3287.4 82.04 1729.3 3406.5 109.46
3.15 1819.4 3316.4 87.051 1774.9 3295.1 83.066 1729.7 3413.6 109.98
3.1583 1820.2 3324.5 88.382 1776.5 3302.8 84.098 1730 3420.7 110.49
3.1667 1820.9 3332.6 89.718 1778 3310.6 85.134 1730.2 3427.8 110.99
3.175 1821.7 3340.6 91.061 1779.3 3318.5 86.172 1730.4 3434.9 111.51
3.1833 1822.3 3348.5 92.414 1780.6 3326.3 87.209 1730.4 3442 112.06
3.1917 1823 3356.4 93.779 1781.7 3334.2 88.245 1730.3 3449.1 112.64
3.2 1823.7 3364.2 95.156 1782.7 3342.1 89.278 1730 3456.1 113.28
3.2083 1824.5 3371.9 96.543 1783.5 3350 90.309 1729.7 3463.2 113.96
3.2167 1825.3 3379.6 97.934 1784.2 3357.9 91.336 1729.2 3470.3 114.69
3.225 1826.2 3387.4 99.323 1784.9 3365.8 92.361 1728.7 3477.3 115.45
3.2333 1827.2 3395.2 100.7 1785.4 3373.8 93.379 1728.1 3484.4 116.24
3.2417 1828.3 3403.2 102.05 1785.8 3381.9 94.391 1727.4 3491.5 117.05
3.25 1829.4 3411.3 103.35 1786.1 3389.9 95.394 1726.7 3498.5 117.85
3.2583 1830.7 3419.5 104.61 1786.3 3398.1 96.384 1725.9 3505.6 118.63
3.2667 1832 3427.8 105.79 1786.5 3406.3 97.358 1725.1 3512.7 119.39
3.275 1833.3 3436.2 106.9 1786.5 3414.6 98.313 1724.2 3519.7 120.11
3.2833 1834.6 3444.7 107.94 1786.5 3422.9 99.244 1723.3 3526.8 120.81
3.2917 1835.8 3453.3 108.9 1786.4 3431.2 100.15 1722.3 3533.9 121.48
3.3 1836.8 3461.8 109.78 1786.2 3439.6 101.03 1721.3 3540.9 122.14
3.3083 1837.7 3470.3 110.59 1785.9 3448.1 101.88 1720.1 3548 122.79
3.3167 1838.5 3478.7 111.32 1785.5 3456.5 102.7 1718.8 3555.1 123.45
3.325 1839.1 3487 111.98 1785 3465 103.49 1717.4 3562.3 124.12
3.3333 1839.5 3495.3 112.56 1784.4 3473.4 104.26 1715.9 3569.5 124.83
3.3417 1839.8 3503.6 113.05 1783.7 3481.7 104.98 1714.2 3576.7 125.57
3.35 1840.1 3512 113.47 1783 3490 105.69 1712.4 3584 126.34
3.3583 1840.2 3520.5 113.83 1782.1 3498.3 106.37 1710.4 3591.4 127.14
3.3667 1840.3 3529.1 114.13 1781.2 3506.4 107.01 1708.3 3598.9 127.96
3.375 1840.3 3538.1 114.38 1780.3 3514.5 107.62 1706 3606.5 128.79
3.3833 1840.1 3547.2 114.62 1779.2 3522.4 108.19 1703.6 3614.2 129.63
3.3917 1839.8 3556.7 114.84 1778.2 3530.3 108.73 1701 3621.9 130.46
3.4 1839.3 3566.3 115.09 1777.1 3538 109.23 1698.3 3629.7 131.27
3.4083 1838.6 3576.1 115.37 1775.9 3545.7 109.68 1695.4 3637.6 132.07
3.4167 1837.7 3586 115.7 1774.8 3553.2 110.1 1692.4 3645.4 132.84
3.425 1836.4 3595.7 116.1 1773.5 3560.8 110.49 1689.3 3653.2 133.59
3.4333 1834.9 3605.3 116.57 1772.3 3568.2 110.85 1686 3660.9 134.33
3.4417 1833.1 3614.6 117.13 1771 3575.6 111.2 1682.6 3668.5 135.05
3.45 1831.1 3623.6 117.77 1769.5 3583 111.55 1679.1 3675.9 135.78
3.4583 1828.9 3632.2 118.49 1768 3590.4 111.92 1675.5 3683.1 136.5
3.4667 1826.6 3640.5 119.28 1766.4 3597.8 112.31 1671.9 3690.1 137.22
3.475 1824.2 3648.5 120.13 1764.6 3605.1 112.75 1668.2 3696.9 137.95
3.4833 1821.8 3656.1 121.01 1762.6 3612.5 113.26 1664.4 3703.5 138.68
3.4917 1819.4 3663.6 121.93 1760.5 3619.9 113.83 1660.6 3709.8 139.42
3.5 1816.9 3670.8 122.85 1758.1 3627.3 114.5 1656.8 3716 140.16
3.5083 1814.5 3678 123.77 1755.7 3634.6 115.25 1652.8 3721.9 140.89
3.5167 1812.1 3685.1 124.68 1753 3641.9 116.09 1648.8 3727.6 141.62
3.525 1809.7 3692.1 125.56 1750.2 3649.2 117.02 1644.7 3733.3 142.35
3.5333 1807.3 3699.1 126.41 1747.2 3656.4 118.03 1640.4 3738.7 143.07
3.5417 1804.9 3706 127.22 1744.1 3663.4 119.12 1635.9 3744.1 143.79
3.55 1802.4 3712.9 128 1740.9 3670.3 120.28 1631.1 3749.4 144.52
3.5583 1799.9 3719.7 128.73 1737.6 3677.1 121.49 1626.2 3754.6 145.25
3.5667 1797.3 3726.5 129.43 1734.2 3683.8 122.75 1620.9 3759.7 146.01
3.575 1794.6 3733.1 130.12 1730.7 3690.2 124.04 1615.4 3764.6 146.79
3.5833 1791.7 3739.5 130.78 1727.2 3696.5 125.37 1609.5 3769.4 147.59
3.5917 1788.7 3745.7 131.45 1723.5 3702.6 126.73 1603.4 3774.1 148.43
3.6 1785.4 3751.7 132.12 1719.8 3708.5 128.1 1597 3778.6 149.31
3.6083 1781.8 3757.4 132.82 1715.9 3714.3 129.48 1590.4 3782.9 150.21
3.6167 1778.1 3762.7 133.57 1712 3719.8 130.89 1583.5 3786.9 151.14
3.625 1774.1 3767.7 134.35 1707.9 3725.3 132.3 1576.5 3790.6 152.1
3.6333 1769.9 3772.4 135.19 1703.7 3730.6 133.72 1569.3 3794.1 153.06
3.6417 1765.7 3776.9 136.07 1699.3 3735.8 135.17 1562.1 3797.4 154.04
3.65 1761.3 3781.2 136.99 1694.8 3740.9 136.62 1554.7 3800.3 155.01
3.6583 1756.8 3785.4 137.94 1690.2 3745.8 138.08 1547.3 3803.1 155.97
3.6667 1752.4 3789.5 138.91 1685.3 3750.8 139.54 1539.8 3805.6 156.92
3.675 1748 3793.5 139.88 1680.3 3755.6 141 1532.3 3807.9 157.85
3.6833 1743.6 3797.5 140.86 1675.1 3760.4 142.46 1524.8 3810.1 158.75
3.6917 1739.2 3801.5 141.83 1669.8 3765 143.92 1517.3 3812.1 159.63
3.7 1734.9 3805.5 142.78 1664.3 3769.6 145.36 1509.7 3814.1 160.47
3.7083 1730.6 3809.5 143.73 1658.7 3774.1 146.79 1502.2 3816 161.28
3.7167 1726.4 3813.4 144.66 1653 3778.5 148.21 1494.6 3817.8 162.05
3.725 1722.1 3817.4 145.57 1647.1 3782.8 149.6 1487 3819.6 162.78
3.7333 1717.8 3821.3 146.47 1641.1 3787 150.98 1479.4 3821.4 163.47
3.7417 1713.4 3825.1 147.36 1635 3791.1 152.33 1471.9 3823.1 164.13
3.75 1709 3828.9 148.24 1628.8 3795 153.66 1464.3 3824.8 164.74
3.7583 1704.5 3832.7 149.12 1622.5 3798.9 154.96 1456.9 3826.5 165.31
3.7667 1699.8 3836.4 149.99 1616.1 3802.6 156.24 1449.4 3828.2 165.84
3.775 1695.1 3840 150.84 1609.6 3806.3 157.49 1442 3829.8 166.35
3.7833 1690.3 3843.6 151.7 1602.9 3809.9 158.71 1434.7 3831.4 166.82
3.7917 1685.3 3847.2 152.54 1596.2 3813.4 159.89 1427.4 3833 167.29
3.8 1680.3 3850.7 153.36 1589.2 3816.9 161.05 1420.1 3834.6 167.74
3.8083 1675.1 3854.1 154.17 1582.2 3820.4 162.17 1412.9 3836.3 168.19
3.8167 1669.8 3857.5 154.96 1574.9 3823.8 163.24 1405.7 3837.9 168.65
3.825 1664.3 3860.8 155.73 1567.5 3827.1 164.28 1398.6 3839.5 169.12
3.8333 1658.6 3864 156.47 1559.9 3830.4 165.27 1391.5 3841.2 169.6
3.8417 1652.8 3867.1 157.17 1552.2 3833.6 166.21 1384.4 3842.9 170.09
3.85 1646.8 3870 157.84 1544.3 3836.7 167.11 1377.3 3844.5 170.6
3.8583 1640.6 3872.8 158.46 1536.2 3839.8 167.97 1370.2 3846.3 171.1
3.8667 1634.2 3875.6 159.05 1528 3842.7 168.78 1363.1 3848 171.61
3.875 1627.6 3878.2 159.58 1519.7 3845.6 169.55 1356 3849.6 172.1
3.8833 1620.8 3880.8 160.08 1511.2 3848.4 170.29 1349 3851.3 172.58
3.8917 1613.8 3883.4 160.53 1502.6 3851.1 170.99 1341.9 3853 173.04
3.9 1606.5 3885.8 160.94 1494 3853.5 171.67 1334.4 3855.5 172.73
3.9083 1599 3888.3 161.32 1485.2 3856.1 172.32 1327.3 3857 173.15
3.9167 1591.3 3890.7 161.67 1476.2 3858.5 172.95 1320.2 3858.4 173.54
3.925 1583.4 3893 162 1467.2 3860.8 173.56 1313 3859.8 173.89
3.9333 1575.2 3895.4 162.32 1458 3863 174.16 1305.8 3861.1 174.22
3.9417 1566.7 3897.6 162.63 1448.8 3865.1 174.76 1298.4 3862.4 174.52
3.95 1558 3899.8 162.93 1439.4 3867 175.34 1290.8 3863.6 174.8
3.9583 1549 3901.9 163.23 1429.8 3868.9 175.92 1283.1 3864.7 175.07
3.9667 1539.7 3903.9 163.54 1420.1 3870.5 176.49 1275.1 3865.8 175.32
3.975 1530.1 3905.8 163.87 1410.3 3872.1 177.05 1267 3866.8 175.55
3.9833 1520.3 3907.6 164.21 1400.2 3873.4 177.59 1258.6 3867.7 175.78
3.9917 1510.2 3909.3 164.58 1390.1 3874.7 178.12 1250 3868.6 175.99
4 1499.8 3910.8 164.98 1379.8 3875.8 178.63 1241.2 3869.4 176.2
4.0083 1489.2 3912.2 165.41 1369.4 3876.8 179.12 1232.3 3870.1 176.4
4.0167 1478.4 3913.5 165.89 1358.9 3877.6 179.57 1223.3 3870.7 176.58
4.025 1467.4 3914.6 166.41 1348.4 3878.5 179.98 1214.3 3871.3 176.76
4.0333 1456.4 3915.7 166.97 1337.9 3879.3 180.35 1205.2 3871.8 176.94
4.0417 1445.3 3916.6 167.56 1327.5 3880.1 180.67 1196.2 3872.2 177.12
4.05 1434.2 3917.5 168.17 1317.2 3880.8 180.94 1187.2 3872.6 177.3
4.0583 1423.1 3918.3 168.79 1307 3881.7 181.15 1178.4 3873 177.49
4.0667 1412.3 3919 169.41 1296.9 3882.5 181.32 1169.7 3873.3 177.69
4.075 1401.6 3919.7 170.01 1287.1 3883.4 181.44 1161.1 3873.7 177.89
4.0833 1391.2 3920.5 170.57 1277.5 3884.4 181.52 1152.7 3874.1 178.1
4.0917 1381.1 3921.2 171.1 1268.1 3885.4 181.56 1144.4 3874.6 178.3
4.1 1371.3 3922 171.61 1258.8 3886.4 181.58 1136.3 3875.1 178.5
4.1083 1361.7 3922.7 172.1 1249.8 3887.4 181.57 1128.3 3875.7 178.69
4.1167 1352.2 3923.5 172.58 1240.9 3888.4 181.55 1120.5 3876.4 178.85
4.125 1342.9 3924.3 173.05 1232.2 3889.4 181.53 1112.7 3877.2 178.98
4.1333 1333.7 3925.1 173.53 1223.5 3890.4 181.5 1105 3878.1 179.08
4.1417 1324.6 3925.8 174.02 1215 3891.4 181.47 1097.4 3879.1 179.13
4.15 1315.5 3926.6 174.52 1206.5 3892.3 181.45 1089.9 3880.2 179.15
4.1583 1306.3 3927.4 175.03 1198.2 3893.2 181.44 1082.5 3881.4 179.13
4.1667 1297.2 3928.1 175.54 1189.8 3894.1 181.43 1075.1 3882.6 179.08
4.175 1288 3928.8 176.05 1181.5 3894.9 181.42 1067.9 3883.8 179.01
4.1833 1278.8 3929.5 176.56 1173.2 3895.7 181.41 1060.7 3885.1 178.93
4.1917 1269.6 3930.2 177.06 1165 3896.5 181.4 1053.6 3886.5 178.86
4.2 1260.4 3930.9 177.55 1156.7 3897.3 181.37 1046.6 3887.8 178.79
4.2083 1251.3 3931.6 178.01 1148.4 3898.1 181.34 1039.6 3889.2 178.75
4.2167 1242.1 3932.2 178.45 1140.2 3898.9 181.29 1032.8 3890.6 178.74
4.225 1233 3932.8 178.87 1131.9 3899.7 181.22 1025.9 3892 178.75
4.2333 1223.9 3933.4 179.26 1123.5 3900.4 181.14 1019.1 3893.4 178.79
4.2417 1214.9 3933.9 179.63 1115.1 3901.1 181.04 1012.3 3894.8 178.85
4.25 1205.8 3934.4 179.99 1106.6 3901.9 180.92 1005.5 3896.2 178.93
4.2583 1196.8 3934.9 180.35 1098.1 3902.6 180.78 998.61 3897.6 179
4.2667 1187.7 3935.4 180.69 1089.4 3903.2 180.64 991.74 3899 179.08
4.275 1178.6 3935.8 181.03 1080.7 3903.9 180.49 984.84 3900.3 179.14
