0.0083333 -33.558 4.9895 106.02 -62.548 46.596 96.298 -33.922 178.18 80.336
0.016667 -32.903 13.22 106.27 -61.425 54.201 96.456 -32.025 184.72 80.08
0.025 -32.232 21.679 106.51 -60.258 61.938 96.604 -30.053 191.3 79.813
0.033333 -31.54 30.397 106.75 -59.043 69.795 96.741 -28.008 197.94 79.534
0.041667 -30.828 39.397 106.99 -57.771 77.76 96.864 -25.894 204.67 79.242
0.05 -30.097 48.693 107.22 -56.43 85.826 96.974 -23.717 211.51 78.94
0.058333 -29.354 58.277 107.45 -55.006 93.982 97.075 -21.489 218.47 78.632
0.066667 -28.61 68.126 107.66 -53.488 102.23 97.169 -19.223 225.58 78.325
0.075 -27.881 78.195 107.85 -51.864 110.56 97.26 -16.932 232.84 78.027
0.083333 -27.19 88.422 108.01 -50.132 118.97 97.348 -14.631 240.23 77.745
0.091667 -26.556 98.728 108.12 -48.293 127.48 97.434 -12.332 247.75 77.485
0.1 -25.994 109.03 108.18 -46.358 136.08 97.52 -10.044 255.37 77.253
0.10833 -25.512 119.23 108.18 -44.346 144.78 97.603 -7.7712 263.05 77.048
0.11667 -25.104 129.25 108.12 -42.286 153.56 97.683 -5.5143 270.77 76.87
0.125 -24.748 139.02 108.01 -40.212 162.44 97.758 -3.2677 278.47 76.709
0.13333 -24.403 148.49 107.86 -38.163 171.39 97.825 -1.0232 286.12 76.557
0.14167 -24.016 157.64 107.68 -36.179 180.4 97.882 1.2303 293.68 76.399
0.15 -23.54 166.49 107.48 -34.297 189.43 97.931 3.5033 301.15 76.221
0.15833 -22.945 175.07 107.27 -32.551 198.46 97.972 5.8046 308.49 76.007
0.16667 -22.228 183.39 107.06 -30.962 207.44 98.007 8.1384 315.72 75.744
0.175 -21.399 191.49 106.85 -29.544 216.34 98.04 10.502 322.82 75.422
0.18333 -20.49 199.37 106.66 -28.297 225.11 98.076 12.887 329.83 75.035
0.19167 -19.531 207.06 106.48 -27.214 233.72 98.119 15.274 336.76 74.583
0.2 -18.543 214.58 106.33 -26.276 242.12 98.173 17.639 343.63 74.072
0.20833 -17.543 221.93 106.19 -25.456 250.29 98.243 19.951 350.45 73.51
0.21667 -16.54 229.15 106.07 -24.728 258.22 98.33 22.174 357.24 72.914
0.225 -15.539 236.22 105.95 -24.06 265.9 98.433 24.274 364 72.3
0.23333 -14.545 243.18 105.83 -23.424 273.33 98.55 26.217 370.75 71.686
0.24167 -13.555 250.01 105.7 -22.798 280.54 98.676 27.977 377.47 71.089
0.25 -12.571 256.72 105.54 -22.164 287.53 98.805 29.532 384.14 70.524
0.25833 -11.598 263.32 105.35 -21.51 294.34 98.932 30.875 390.75 69.999
0.26667 -10.66 269.79 105.13 -20.833 301 99.048 32.005 397.28 69.522
0.275 -9.792 276.13 104.87 -20.135 307.54 99.148 32.936 403.71 69.092
0.28333 -9.0216 282.31 104.58 -19.425 313.97 99.227 33.688 410.02 68.706
0.29167 -8.3631 288.35 104.27 -18.711 320.32 99.283 34.29 416.2 68.355
0.3 -7.8195 294.23 103.96 -18.007 326.6 99.314 34.778 422.22 68.031
0.30833 -7.3794 299.98 103.64 -17.324 332.82 99.321 35.186 428.1 67.721
0.31667 -7.0247 305.61 103.34 -16.673 338.99 99.307 35.55 433.82 67.417
0.325 -6.7328 311.13 103.06 -16.059 345.09 99.274 35.903 439.4 67.11
0.33333 -6.4701 316.57 102.79 -15.489 351.12 99.225 36.27 444.85 66.793
0.34167 -6.2131 321.95 102.54 -14.964 357.08 99.163 36.673 450.18 66.463
0.35 -5.9493 327.28 102.31 -14.483 362.96 99.089 37.124 455.4 66.118
0.35833 -5.6804 332.59 102.07 -14.044 368.76 99.003 37.632 460.51 65.76
0.36667 -5.4292 337.89 101.82 -13.645 374.47 98.904 38.196 465.53 65.39
0.375 -5.2322 343.17 101.55 -13.282 380.09 98.788 38.814 470.46 65.011
0.38333 -5.1281 348.43 101.25 -12.954 385.64 98.652 39.481 475.31 64.626
0.39167 -5.1543 353.68 100.91 -12.66 391.12 98.488 40.189 480.07 64.234
0.4 -5.3304 358.9 100.54 -12.397 396.52 98.293 40.93 484.74 63.835
0.40833 -5.6602 364.11 100.13 -12.165 401.86 98.06 41.698 489.32 63.428
0.41667 -6.119 369.29 99.695 -11.965 407.14 97.787 42.488 493.8 63.01
0.425 -6.6708 374.48 99.235 -11.795 412.34 97.469 43.296 498.2 62.577
0.43333 -7.2606 379.67 98.757 -11.653 417.48 97.106 44.118 502.51 62.126
0.44167 -7.8296 384.89 98.268 -11.539 422.54 96.697 44.952 506.73 61.655
0.45 -8.3229 390.13 97.772 -11.45 427.51 96.245 45.798 510.86 61.161
0.45833 -8.6988 395.39 97.271 -11.388 432.38 95.752 46.656 514.91 60.646
0.46667 -8.937 400.66 96.768 -11.352 437.13 95.221 47.523 518.88 60.111
0.475 -9.0323 405.91 96.265 -11.343 441.77 94.653 48.401 522.77 59.558
0.48333 -9.0079 411.12 95.755 -11.369 446.28 94.053 49.291 526.58 58.991
0.49167 -8.8924 416.27 95.235 -11.435 450.67 93.421 50.196 530.29 58.41
0.5 -8.7238 421.35 94.695 -11.551 454.94 92.76 51.12 533.89 57.818
0.50833 -8.533 426.35 94.129 -11.726 459.1 92.069 52.068 537.37 57.21
0.51667 -8.3487 431.26 93.535 -11.967 463.18 91.345 53.049 540.7 56.584
0.525 -8.2029 436.07 92.912 -12.281 467.18 90.592 54.072 543.87 55.929
0.53333 -8.1075 440.78 92.269 -12.669 471.14 89.808 55.147 546.85 55.238
0.54167 -8.0673 445.36 91.62 -13.127 475.06 88.993 56.285 549.62 54.499
0.55 -8.0756 449.79 90.982 -13.644 478.98 88.149 57.497 552.18 53.7
0.55833 -8.1149 454.03 90.377 -14.201 482.9 87.281 58.791 554.52 52.832
0.56667 -8.161 458.08 89.821 -14.771 486.84 86.393 60.175 556.65 51.888
0.575 -8.1829 461.89 89.329 -15.322 490.81 85.49 61.656 558.58 50.865
0.58333 -8.1569 465.47 88.911 -15.817 494.8 84.583 63.238 560.34 49.766
0.59167 -8.0573 468.79 88.568 -16.218 498.82 83.679 64.925 561.97 48.598
0.6 -7.8734 471.88 88.293 -16.486 502.84 82.786 66.72 563.49 47.376
0.60833 -7.6051 474.75 88.074 -16.587 506.85 81.914 68.629 564.96 46.116
0.61667 -7.2642 477.43 87.893 -16.493 510.84 81.07 70.658 566.4 44.839
0.625 -6.867 479.97 87.725 -16.182 514.78 80.26 72.816 567.87 43.568
0.63333 -6.4435 482.44 87.547 -15.643 518.66 79.489 75.115 569.39 42.324
0.64167 -6.0134 484.88 87.335 -14.872 522.46 78.76 77.571 570.98 41.123
0.65 -5.5911 487.36 87.068 -13.873 526.16 78.074 80.199 572.64 39.98
0.65833 -5.1792 489.93 86.73 -12.657 529.75 77.431 83.018 574.38 38.901
0.66667 -4.765 492.63 86.311 -11.24 533.23 76.828 86.044 576.18 37.888
0.675 -4.3226 495.45 85.808 -9.6376 536.58 76.26 89.289 578 36.935
0.68333 -3.8094 498.39 85.224 -7.8666 539.82 75.723 92.762 579.83 36.032
0.69167 -3.1802 501.43 84.564 -5.9394 542.94 75.21 96.465 581.61 35.167
0.7 -2.3807 504.53 83.839 -3.8658 545.95 74.716 100.4 583.33 34.326
0.70833 -1.3715 507.63 83.061 -1.649 548.86 74.231 104.54 584.93 33.496
0.71667 -0.12076 510.7 82.243 0.7121 551.68 73.751 108.89 586.41 32.666
0.725 1.3837 513.72 81.4 3.2233 554.44 73.269 113.42 587.75 31.828
0.73333 3.1311 516.67 80.545 5.8932 557.15 72.781 118.12 588.95 30.979
0.74167 5.0918 519.57 79.695 8.7312 559.81 72.281 122.95 590.01 30.12
0.75 7.2261 522.43 78.862 11.746 562.44 71.767 127.91 590.96 29.256
0.75833 9.4783 525.3 78.059 14.945 565.06 71.237 132.97 591.82 28.393
0.76667 11.798 528.21 77.296 18.331 567.68 70.689 138.13 592.63 27.541
0.775 14.13 531.2 76.583 21.904 570.3 70.125 143.39 593.41 26.708
0.78333 16.444 534.3 75.926 25.659 572.92 69.546 148.74 594.2 25.903
0.79167 18.728 537.5 75.324 29.589 575.55 68.953 154.21 595.02 25.13
0.8 20.99 540.81 74.776 33.687 578.2 68.35 159.78 595.9 24.395
0.80833 23.273 544.19 74.274 37.944 580.84 67.741 165.48 596.85 23.696
0.81667 25.635 547.6 73.804 42.353 583.49 67.13 171.31 597.88 23.033
0.825 28.15 550.98 73.353 46.909 586.12 66.521 177.29 598.99 22.402
0.83333 30.896 554.28 72.903 51.614 588.75 65.92 183.41 600.17 21.799
0.84167 33.941 557.46 72.439 56.47 591.36 65.331 189.67 601.44 21.22
0.85 37.332 560.48 71.945 61.486 593.94 64.76 196.08 602.76 20.661
0.85833 41.089 563.35 71.412 66.673 596.49 64.21 202.63 604.15 20.121
0.86667 45.196 566.08 70.835 72.042 599 63.685 209.32 605.58 19.599
0.875 49.603 568.75 70.215 77.608 601.48 63.189 216.13 607.07 19.098
0.88333 54.236 571.41 69.563 83.382 603.93 62.721 223.06 608.61 18.62
0.89167 58.997 574.15 68.897 89.373 606.35 62.281 230.12 610.2 18.169
0.9 63.795 577.04 68.237 95.588 608.73 61.869 237.29 611.84 17.751
0.90833 68.55 580.14 67.609 102.03 611.1 61.479 244.6 613.53 17.368
0.91667 73.217 583.49 67.031 108.7 613.44 61.108 252.04 615.28 17.023
0.925 77.798 587.08 66.514 115.59 615.78 60.75 259.62 617.09 16.717
0.93333 82.344 590.86 66.055 122.7 618.11 60.397 267.35 618.95 16.45
0.94167 86.955 594.76 65.635 130.03 620.43 60.044 275.25 620.87 16.219
0.95 91.762 598.65 65.226 137.57 622.75 59.683 283.3 622.82 16.02
0.95833 96.92 602.42 64.79 145.32 625.08 59.31 291.53 624.82 15.848
0.96667 102.59 605.91 64.284 153.28 627.4 58.919 299.93 626.84 15.697
0.975 108.92 609.01 63.666 161.45 629.73 58.508 308.49 628.88 15.561
0.98333 116.05 611.64 62.893 169.84 632.05 58.076 317.21 630.94 15.435
0.99167 124.07 613.73 61.923 178.47 634.37 57.623 326.09 632.99 15.314
1 133.05 615.29 60.715 187.33 636.68 57.15 335.12 635.04 15.197
1.0083 143 616.38 59.243 196.44 638.97 56.661 344.31 637.08 15.08
1.0167 153.87 617.12 57.502 205.8 641.25 56.16 353.65 639.12 14.963
1.025 165.55 617.64 55.522 215.43 643.51 55.651 363.14 641.14 14.849
1.0333 177.8 618.11 53.371 225.32 645.74 55.138 372.81 643.16 14.738
1.0417 190.31 618.67 51.169 235.47 647.95 54.624 382.65 645.18 14.633
1.05 174.94 632.49 60.511 245.91 650.12 54.116 392.7 647.21 14.538
1.0583 183.61 634.75 60.228 256.59 652.27 53.61 402.97 649.25 14.457
1.0667 192.58 636.9 59.913 267.51 654.39 53.11 413.47 651.31 14.394
1.075 201.87 638.93 59.551 278.68 656.48 52.614 424.22 653.4 14.353
1.0833 211.5 640.84 59.128 290.07 658.52 52.12 435.23 655.55 14.338
1.0917 221.47 642.63 58.64 301.67 660.53 51.629 446.5 657.75 14.354
1.1 231.8 644.31 58.088 313.46 662.48 51.137 458.02 660.03 14.402
1.1083 242.49 645.89 57.476 325.41 664.39 50.645 469.78 662.39 14.486
1.1167 253.53 647.38 56.819 337.5 666.25 50.152 481.76 664.86 14.607
1.125 264.92 648.78 56.134 349.7 668.05 49.66 493.91 667.43 14.766
1.1333 276.62 650.12 55.444 361.97 669.81 49.171 506.21 670.11 14.962
1.1417 288.58 651.4 54.766 374.28 671.52 48.69 518.6 672.91 15.195
1.15 300.77 652.63 54.113 386.58 673.21 48.221 531.04 675.83 15.459
1.1583 313.13 653.83 53.492 398.85 674.87 47.77 543.49 678.86 15.753
1.1667 325.6 654.98 52.902 411.03 676.53 47.343 555.88 681.99 16.071
1.175 338.13 656.11 52.333 423.11 678.19 46.944 568.19 685.22 16.407
1.1833 350.66 657.19 51.776 435.03 679.88 46.579 580.37 688.52 16.757
1.1917 363.13 658.23 51.215 446.78 681.62 46.25 592.38 691.88 17.116
1.2 375.45 659.21 50.651 458.33 683.41 45.957 604.2 695.29 17.48
1.2083 387.53 660.12 50.082 469.66 685.26 45.702 615.81 698.73 17.844
1.2167 399.26 660.97 49.522 480.75 687.19 45.479 627.18 702.19 18.208
1.225 410.51 661.79 48.986 491.59 689.19 45.286 638.31 705.66 18.568
1.2333 420.69 662.49 48.58 502.18 691.28 45.117 649.2 709.15 18.925
1.2417 429.79 664.01 48.49 512.52 693.44 44.964 659.84 712.65 19.278
1.25 438.57 665.58 48.313 522.61 695.67 44.82 670.24 716.16 19.629
1.2583 447.16 667.22 48.02 532.45 697.97 44.679 680.41 719.71 19.978
1.2667 455.7 668.97 47.595 542.05 700.34 44.533 690.34 723.29 20.326
1.275 464.25 670.88 47.033 551.42 702.76 44.378 700.06 726.93 20.674
1.2833 472.87 672.98 46.349 560.57 705.23 44.21 709.57 730.64 21.024
1.2917 481.6 675.29 45.561 569.52 707.75 44.026 718.89 734.42 21.377
1.3 490.41 677.84 44.703 578.28 710.32 43.827 728.01 738.3 21.734
1.3083 499.25 680.61 43.813 586.87 712.93 43.614 736.97 742.29 22.097
1.3167 508.09 683.56 42.934 595.31 715.61 43.388 745.75 746.38 22.468
1.325 516.87 686.66 42.1 603.62 718.34 43.155 754.37 750.58 22.848
1.3333 525.53 689.85 41.34 611.82 721.13 42.918 762.84 754.9 23.239
1.3417 534.05 693.09 40.665 619.93 724 42.682 771.17 759.32 23.645
1.35 542.39 696.32 40.075 627.97 726.95 42.451 779.35 763.86 24.066
1.3583 550.59 699.54 39.556 635.95 729.98 42.228 787.39 768.49 24.502
1.3667 558.67 702.73 39.088 643.89 733.12 42.016 795.31 773.22 24.956
1.375 566.69 705.87 38.646 651.8 736.35 41.818 803.1 778.04 25.423
1.3833 574.71 709 38.209 659.68 739.68 41.634 810.79 782.94 25.904
1.3917 582.79 712.11 37.757 667.56 743.13 41.465 818.36 787.92 26.393
1.4 590.99 715.24 37.282 675.42 746.68 41.31 825.84 792.97 26.887
1.4083 599.33 718.41 36.783 683.27 750.34 41.169 833.23 798.1 27.382
1.4167 607.86 721.63 36.263 691.11 754.11 41.04 840.54 803.28 27.872
1.425 616.56 724.92 35.735 698.94 757.98 40.922 847.78 808.53 28.355
1.4333 625.42 728.28 35.211 706.76 761.96 40.814 854.96 813.83 28.829
1.4417 634.4 731.73 34.705 714.56 766.03 40.715 862.08 819.19 29.292
1.45 643.46 735.27 34.227 722.36 770.19 40.623 869.13 824.6 29.746
1.4583 652.55 738.89 33.784 730.14 774.44 40.536 876.13 830.06 30.192
1.4667 661.63 742.6 33.374 737.9 778.77 40.453 883.07 835.58 30.635
1.475 670.68 746.41 32.993 745.65 783.17 40.371 889.95 841.15 31.079
1.4833 679.69 750.34 32.632 753.39 787.63 40.289 896.75 846.79 31.528
1.4917 688.66 754.39 32.278 761.1 792.16 40.204 903.49 852.5 31.988
1.5 697.63 758.59 31.923 768.78 796.76 40.114 910.14 858.28 32.46
1.5083 706.63 762.95 31.56 776.44 801.41 40.014 916.71 864.14 32.948
1.5167 715.69 767.48 31.187 784.05 806.13 39.905 923.2 870.09 33.452
1.525 724.87 772.16 30.806 791.62 810.91 39.784 929.59 876.14 33.969
1.5333 734.19 777 30.423 799.14 815.77 39.651 935.89 882.29 34.497
1.5417 743.68 781.97 30.047 806.6 820.7 39.507 942.08 888.54 35.034
1.55 753.36 787.05 29.689 814.01 825.71 39.353 948.17 894.88 35.574
1.5583 763.23 792.2 29.355 821.36 830.81 39.192 954.15 901.32 36.115
1.5667 773.28 797.41 29.055 828.65 836 39.029 960.02 907.84 36.656
1.575 783.48 802.65 28.793 835.9 841.28 38.867 965.76 914.43 37.196
1.5833 793.8 807.93 28.568 843.09 846.67 38.713 971.39 921.1 37.738
1.5917 804.2 813.26 28.378 850.25 852.17 38.571 976.89 927.82 38.284
1.6 814.66 818.64 28.217 857.38 857.78 38.446 982.26 934.61 38.84
1.6083 825.13 824.12 28.075 864.82 863.43 38.316 985.75 941.91 40.452
1.6167 835.62 829.71 27.94 871.9 869.26 38.236 990.87 948.84 41.068
1.625 846.12 835.47 27.799 878.96 875.21 38.182 995.89 955.84 41.709
1.6333 856.66 841.44 27.636 886.01 881.28 38.155 1000.8 962.94 42.377
1.6417 867.26 847.65 27.443 893.06 887.48 38.157 1005.7 970.16 43.072
1.65 877.95 854.15 27.214 900.1 893.8 38.186 1010.5 977.51 43.794
1.6583 888.75 860.95 26.951 907.15 900.26 38.243 1015.4 985.01 44.538
1.6667 899.67 868.05 26.668 914.21 906.86 38.33 1020.2 992.68 45.301
1.675 910.69 875.44 26.383 921.31 913.61 38.447 1025 1000.5 46.074
1.6833 921.76 883.06 26.123 928.46 920.49 38.597 1029.9 1008.5 46.853
1.6917 932.84 890.85 25.915 935.67 927.52 38.786 1034.8 1016.6 47.634
1.7 943.85 898.76 25.787 942.97 934.69 39.017 1039.7 1024.9 48.411
1.7083 954.69 906.69 25.763 950.37 941.99 39.296 1044.7 1033.2 49.185
1.7167 965.28 914.57 25.861 957.87 949.4 39.632 1049.7 1041.6 49.957
1.725 975.51 922.31 26.094 965.49 956.91 40.029 1054.8 1050.1 50.729
1.7333 985.29 929.82 26.469 973.22 964.49 40.493 1059.9 1058.5 51.507
1.7417 994.57 937.02 26.985 981.03 972.1 41.027 1065 1066.9 52.296
1.75 1003.3 943.91 27.633 988.91 979.72 41.633 1070.1 1075.3 53.101
1.7583 1011.6 950.46 28.398 996.8 987.31 42.309 1075.2 1083.6 53.926
1.7667 1019.3 956.73 29.259 1004.7 994.82 43.051 1080.3 1091.9 54.775
1.775 1026.7 962.81 30.195 1012.4 1002.2 43.852 1085.5 1100.1 55.648
1.7833 1033.7 968.79 31.185 1020.1 1009.5 44.704 1090.7 1108.4 56.545
1.7917 1040.5 974.8 32.213 1027.5 1016.6 45.595 1096 1116.7 57.463
1.8 1047.2 980.95 33.27 1034.8 1023.5 46.515 1101.3 1125 58.401
1.8083 1053.7 987.34 34.351 1041.8 1030.1 47.454 1106.6 1133.4 59.354
1.8167 1060.1 994.03 35.455 1048.5 1036.6 48.406 1111.9 1141.8 60.321
1.825 1066.4 1001.1 36.587 1055 1042.9 49.366 1117.2 1150.3 61.301
1.8333 1072.6 1008.4 37.752 1061.2 1049 50.334 1122.4 1158.8 62.294
1.8417 1078.7 1016 38.961 1067.2 1054.9 51.313 1127.5 1167.3 63.303
1.85 1084.5 1023.9 40.22 1073 1060.7 52.312 1132.5 1175.7 64.332
1.8583 1090 1031.7 41.538 1078.7 1066.4 53.34 1137.3 1184.1 65.385
1.8667 1095.2 1039.6 42.919 1084.3 1072.1 54.408 1141.8 1192.3 66.465
1.875 1100.1 1047.3 44.368 1089.8 1077.7 55.53 1146.1 1200.3 67.575
1.8833 1104.7 1054.9 45.882 1095.3 1083.4 56.716 1150 1208.1 68.716
1.8917 1109.1 1062.1 47.459 1100.7 1089.2 57.974 1153.6 1215.7 69.887
1.9 1113.2 1069.2 49.091 1106.1 1095 59.312 1156.9 1223.1 71.085
1.9083 1118.7 1075.3 50.126 1111.5 1100.9 60.729 1160 1230.3 72.305
1.9167 1121 1082.4 52.493 1116.7 1107 62.228 1162.7 1237.4 73.54
1.925 1124.8 1088.8 54.247 1121.9 1113.2 63.801 1165.2 1244.4 74.782
1.9333 1128.5 1095.1 56.029 1126.9 1119.5 65.441 1167.4 1251.3 76.027
1.9417 1132.2 1101.3 57.839 1131.8 1125.8 67.137 1169.4 1258.3 77.269
1.95 1135.9 1107.6 59.676 1136.5 1132.3 68.878 1171.2 1265.3 78.505
1.9583 1139.5 1113.9 61.545 1141 1138.7 70.652 1172.9 1272.5 79.737
1.9667 1143 1120.3 63.452 1145.3 1145.3 72.447 1174.4 1279.8 80.965
1.975 1146.4 1126.8 65.403 1149.4 1151.8 74.255 1175.7 1287.2 82.194
1.9833 1149.7 1133.3 67.405 1153.3 1158.4 76.067 1176.8 1294.7 83.431
1.9917 1152.8 1139.9 69.46 1157 1164.9 77.874 1177.7 1302.3 84.68
2 1155.7 1146.4 71.568 1160.5 1171.5 79.667 1178.3 1309.9 85.947
2.0083 1158.5 1152.8 73.727 1163.8 1178 81.458 1178.8 1317.6 87.235
2.0167 1161.1 1159.1 75.924 1167 1184.5 83.223 1179 1325.3 88.542
2.025 1163.8 1165.4 78.146 1170 1191.1 84.965 1178.9 1333 89.866
2.0333 1166.4 1171.6 80.378 1172.9 1197.6 86.68 1178.6 1340.5 91.203
2.0417 1169 1177.6 82.603 1175.6 1204.1 88.362 1178.1 1348 92.543
2.05 1171.8 1183.6 84.804 1178.1 1210.6 90.008 1177.4 1355.4 93.88
2.0583 1174.7 1189.7 86.968 1180.5 1217.1 91.614 1176.4 1362.7 95.206
2.0667 1177.8 1195.7 89.081 1182.6 1223.6 93.177 1175.3 1369.9 96.514
2.075 1181 1201.8 91.13 1184.7 1230.1 94.695 1174 1377 97.801
2.0833 1184.4 1208 93.107 1186.5 1236.6 96.166 1172.5 1384.1 99.067
2.0917 1187.8 1214.4 95.002 1187.1 1243.5 97.779 1171.1 1391.2 100.16
2.1 1191.2 1220.9 96.796 1188.7 1250.1 99.153 1169.4 1398.1 101.4
2.1083 1194.7 1227.7 98.48 1191.2 1256.6 100.3 1167.3 1404.7 102.79
2.1167 1198 1234.7 100.05 1192.5 1263.4 101.59 1165.3 1411.4 104.03
2.125 1201.1 1241.8 101.5 1193.8 1270.2 102.84 1163.2 1418 105.29
2.1333 1201.7 1249.6 103.03 1194.9 1277.2 104.05 1161 1424.4 106.57
2.1417 1206.6 1256.7 104.05 1195.9 1284.2 105.22 1158.6 1430.8 107.88
2.15 1209 1264.3 105.16 1196.9 1291.2 106.36 1156.1 1436.9 109.22
2.1583 1211 1272.1 106.17 1197.8 1298.3 107.47 1153.5 1443 110.6
2.1667 1212.7 1280 107.1 1198.6 1305.5 108.54 1150.9 1448.9 112
2.175 1214.2 1288 107.97 1199.3 1312.7 109.59 1148.1 1454.8 113.42
2.1833 1215.4 1296.1 108.78 1199.9 1319.8 110.6 1145.2 1460.6 114.86
2.1917 1216.4 1304.2 109.55 1200.4 1327 111.59 1142.3 1466.3 116.32
2.2 1217.3 1312.4 110.3 1200.8 1334.2 112.54 1139.3 1472.1 117.77
2.2083 1218.1 1320.8 111.02 1201 1341.3 113.47 1136.3 1477.9 119.23
2.2167 1218.9 1329.3 111.73 1201.2 1348.4 114.36 1133.3 1483.7 120.69
2.225 1219.6 1337.9 112.44 1201.4 1355.5 115.23 1130.2 1489.5 122.14
2.2333 1220.3 1346.8 113.15 1201.4 1362.6 116.06 1127 1495.4 123.6
2.2417 1220.9 1355.9 113.88 1201.4 1369.7 116.87 1123.8 1501.2 125.06
2.25 1221.4 1365.2 114.62 1201.3 1376.8 117.65 1120.6 1507.1 126.52
2.2583 1221.8 1374.6 115.38 1201.2 1384 118.41 1117.3 1513 127.98
2.2667 1221.9 1384.1 116.17 1201 1391.2 119.15 1113.9 1518.8 129.43
2.275 1221.7 1393.7 117 1200.8 1398.6 119.87 1110.5 1524.5 130.89
2.2833 1221.3 1403.2 117.87 1200.4 1406 120.59 1107.1 1530.2 132.32
2.2917 1220.6 1412.4 118.79 1200 1413.5 121.31 1103.6 1535.8 133.74
2.3 1219.7 1421.4 119.76 1199.4 1421.2 122.04 1100.1 1541.3 135.12
2.3083 1218.7 1430.1 120.79 1198.6 1428.9 122.8 1096.5 1546.7 136.47
2.3167 1217.6 1438.3 121.86 1197.6 1436.7 123.6 1093 1552.1 137.76
2.325 1216.7 1446.2 122.97 1196.4 1444.5 124.44 1089.4 1557.4 139
2.3333 1215.8 1453.8 124.1 1194.9 1452.4 125.33 1085.9 1562.7 140.17
2.3417 1215.1 1461.2 125.24 1193.2 1460.3 126.29 1082.3 1568 141.29
2.35 1214.5 1468.2 126.38 1191.1 1468.1 127.31 1078.7 1573.3 142.35
2.3583 1214 1475 127.52 1188.8 1475.9 128.4 1075.1 1578.6 143.36
2.3667 1213.5 1481.5 128.66 1186.2 1483.5 129.56 1071.3 1583.9 144.32
2.375 1213 1487.6 129.79 1183.3 1491.1 130.78 1067.5 1589.2 145.26
2.3833 1212.4 1493.5 130.91 1180.3 1498.5 132.06 1063.4 1594.4 146.18
2.3917 1211.8 1499.2 132.03 1177 1505.8 133.39 1059.2 1599.5 147.09
2.4 1211.1 1504.7 133.14 1173.6 1512.8 134.75 1054.7 1604.5 148.01
2.4083 1210.3 1510 134.23 1170.1 1519.7 136.15 1049.9 1609.3 148.95
2.4167 1209.4 1515.4 135.31 1166.5 1526.3 137.58 1044.7 1614 149.9
2.425 1208.3 1520.9 136.36 1162.8 1532.6 139.02 1039.3 1618.4 150.89
2.4333 1207 1526.3 137.39 1159.1 1538.7 140.47 1033.5 1622.6 151.91
2.4417 1205.4 1531.6 138.41 1155.2 1544.6 141.92 1027.4 1626.5 152.96
2.45 1203.3 1536.6 139.46 1151.3 1550.1 143.38 1021 1630.1 154.05
2.4583 1200.9 1541.2 140.53 1147.3 1555.4 144.83 1014.3 1633.4 155.16
2.4667 1198.2 1545.3 141.65 1143.2 1560.5 146.26 1007.4 1636.3 156.3
2.475 1195.4 1549.1 142.83 1139 1565.2 147.69 1000.3 1639 157.46
2.4833 1192.4 1552.6 144.04 1134.6 1569.7 149.11 993.11 1641.3 158.63
2.4917 1189.3 1555.8 145.28 1130.1 1574 150.5 985.8 1643.3 159.82
2.5 1186.1 1558.9 146.52 1125.5 1578 151.88 978.44 1645 161
2.5083 1182.9 1561.8 147.76 1120.8 1581.9 153.24 971.05 1646.4 162.19
2.5167 1179.7 1564.7 148.96 1115.9 1585.5 154.57 963.67 1647.4 163.36
2.525 1176.5 1567.6 150.12 1110.8 1589 155.87 956.31 1648.3 164.52
2.5333 1173.3 1570.5 151.23 1105.1 1591.7 157.24 948.96 1649 165.53
2.5417 1170 1573.4 152.26 1100.4 1595.5 158.38 941.66 1649.1 166.76
2.55 1166.7 1576.5 153.23 1095 1598.5 159.58 934.38 1649.1 167.84
2.5583 1163.3 1579.5 154.14 1089.5 1601.3 160.74 927.12 1648.9 168.88
2.5667 1159.7 1582.6 155 1083.9 1604 161.87 919.89 1648.4 169.87
2.575 1156.1 1585.6 155.81 1078.1 1606.5 162.97 912.67 1647.7 170.84
2.5833 1152.4 1588.5 156.59 1072.3 1608.8 164.03 905.47 1646.8 171.76
2.5917 1148.6 1591.4 157.36 1066.4 1610.9 165.06 898.3 1645.7 172.65
2.6 1144.6 1594.2 158.12 1060.5 1612.8 166.07 891.16 1644.4 173.52
2.6083 1140.6 1596.9 158.88 1054.4 1614.5 167.05 884.06 1642.9 174.36
2.6167 1136.5 1599.5 159.64 1048.2 1616 168.02 877 1641.3 175.19
2.625 1132.3 1602 160.41 1041.9 1617.2 168.98 869.98 1639.4 176.01
2.6333 1127.9 1604.5 161.19 1035.6 1618.3 169.92 862.99 1637.4 176.84
2.6417 1123.4 1607 161.96 1029.2 1619.2 170.86 856.04 1635.2 177.66
2.65 1118.7 1609.4 162.74 1022.7 1620 171.8 849.11 1632.9 178.49
2.6583 1113.9 1611.7 163.51 1016.1 1620.6 172.73 842.18 1630.4 179.33
2.6667 1108.8 1614 164.27 1009.5 1621 173.66 835.24 1627.8 180.18
2.675 1103.6 1616.2 165.02 1002.9 1621.3 174.58 828.26 1625 181.04
2.6833 1098.2 1618.3 165.77 996.22 1621.6 175.5 821.23 1622.1 181.9
2.6917 1092.5 1620.3 166.52 989.5 1621.7 176.41 814.13 1619 182.75
2.7 1086.7 1622.1 167.26 982.74 1621.6 177.3 806.95 1615.7 183.61
2.7083 1080.6 1623.9 168 975.92 1621.5 178.19 799.69 1612.3 184.45
2.7167 1074.3 1625.4 168.73 969.03 1621.3 179.06 792.37 1608.8 185.28
2.725 1067.9 1626.9 169.45 962.04 1620.9 179.91 784.98 1605.2 186.09
2.7333 1061.2 1628.2 170.16 954.92 1620.3 180.75 777.56 1601.4 186.88
2.7417 1054.4 1629.4 170.84 947.64 1619.6 181.57 770.12 1597.5 187.66
2.75 1047.4 1630.5 171.48 940.17 1618.6 182.38 762.69 1593.5 188.41
2.7583 1040.2 1631.6 172.09 932.49 1617.5 183.18 755.3 1589.4 189.15
2.7667 1032.9 1632.5 172.65 924.55 1616.2 183.97 747.96 1585.2 189.86
2.775 1025.4 1633.4 173.17 916.35 1614.6 184.76 740.69 1580.9 190.57
2.7833 1017.8 1634.1 173.64 907.86 1612.8 185.55 733.48 1576.6 191.25
2.7917 1009.9 1634.6 174.08 899.08 1610.8 186.35 726.32 1572.1 191.93
2.8 1001.9 1635 174.49 890.02 1608.6 187.15 719.2 1567.6 192.59
2.8083 993.68 1635.1 174.86 880.67 1606.2 187.97 712.07 1562.9 193.24
2.8167 985.18 1634.9 175.22 871.06 1603.5 188.79 704.89 1558.2 193.89
2.825 976.4 1634.4 175.57 861.19 1600.6 189.63 697.63 1553.3 194.52
2.8333 967.31 1633.6 175.92 851.1 1597.6 190.48 690.22 1548.3 195.14
2.8417 957.89 1632.4 176.28 840.8 1594.3 191.34 682.63 1543.2 195.76
2.85 948.12 1630.8 176.65 830.31 1590.9 192.21 674.81 1537.9 196.37
2.8583 938.02 1628.9 177.04 819.66 1587.3 193.09 666.73 1532.5 196.96
2.8667 927.6 1626.6 177.46 808.86 1583.5 193.97 658.37 1526.9 197.56
2.875 916.88 1623.9 177.91 797.93 1579.5 194.87 649.71 1521.2 198.14
2.8833 905.9 1620.9 178.4 786.88 1575.4 195.77 640.75 1515.4 198.71
2.8917 894.68 1617.6 178.93 775.75 1571.1 196.67 631.52 1509.5 199.28
2.9 883.28 1614.1 179.5 764.55 1566.6 197.56 622.03 1503.5 199.82
2.9083 871.74 1610.3 180.1 753.32 1562 198.45 612.31 1497.4 200.36
2.9167 860.1 1606.3 180.76 742.08 1557.2 199.33 602.41 1491.4 200.86
2.925 848.42 1602 181.45 730.88 1552.3 200.19 592.35 1485.3 201.34
2.9333 836.74 1597.6 182.18 719.75 1547.4 201.03 582.2 1479.3 201.79
2.9417 825.14 1593.1 182.94 708.74 1542.4 201.83 571.98 1473.4 202.2
2.95 813.66 1588.5 183.73 697.88 1537.3 202.59 561.75 1467.5 202.57
2.9583 802.37 1583.8 184.54 687.2 1532.3 203.31 551.53 1461.8 202.9
2.9667 791.34 1579.2 185.36 676.74 1527.2 203.97 541.38 1456.1 203.19
2.975 780.59 1574.7 186.19 666.51 1522.3 204.58 531.32 1450.5 203.44
2.9833 770.15 1570.4 187.03 656.52 1517.3 205.14 521.38 1445 203.66
2.9917 759.99 1566.3 187.88 646.77 1512.5 205.63 511.59 1439.7 203.85
3 750.07 1562.5 188.76 637.27 1507.7 206.07 501.96 1434.4 204.02
3.0083 740.31 1558.9 189.67 628 1503.1 206.46 492.51 1429.2 204.18
3.0167 730.68 1555.4 190.63 618.93 1498.5 206.8 483.25 1424.2 204.33
3.025 721.13 1552.2 191.63 610.06 1494 207.1 474.18 1419.3 204.48
3.0333 711.62 1549 192.66 601.59 1489.4 207.35 464.42 1415 203.95
3.0417 702.14 1545.9 193.7 593.04 1485 207.58 455.73 1410.2 204.11
3.05 692.68 1542.8 194.75 584.62 1480.6 207.79 447.22 1405.6 204.28
3.0583 683.22 1539.7 195.78 576.32 1476.2 207.99 438.88 1401.1 204.44
3.0667 673.78 1536.5 196.8 568.12 1471.9 208.18 430.69 1396.8 204.61
3.075 664.34 1533.3 197.78 560.02 1467.5 208.36 422.64 1392.5 204.77
3.0833 654.93 1530 198.72 552.02 1463.2 208.55 414.71 1388.3 204.92
3.0917 645.55 1526.7 199.63 544.09 1458.9 208.74 406.88 1384.1 205.05
3.1 636.2 1523.3 200.49 536.23 1454.6 208.93 399.14 1380.1 205.17
3.1083 626.91 1519.8 201.32 528.43 1450.3 209.13 391.47 1376 205.26
3.1167 617.68 1516.3 202.11 520.68 1446 209.33 383.87 1372 205.33
3.125 608.52 1512.8 202.86 512.97 1441.7 209.54 376.32 1368 205.38
3.1333 599.43 1509.3 203.59 505.28 1437.5 209.74 368.82 1364.1 205.42
3.1417 590.42 1505.8 204.29 497.59 1433.2 209.95 361.36 1360.1 205.44
3.15 581.46 1502.3 204.98 489.88 1428.9 210.15 353.93 1356 205.44
3.1583 572.57 1498.9 205.64 482.16 1424.7 210.35 346.53 1352 205.44
3.1667 563.71 1495.6 206.3 474.4 1420.3 210.53 339.17 1347.9 205.44
3.175 554.86 1492.2 206.94 466.59 1416 210.71 331.82 1343.8 205.43
3.1833 546.02 1488.9 207.58 458.74 1411.6 210.87 324.48 1339.7 205.42
3.1917 537.14 1485.5 208.23 450.84 1407.2 211.03 317.16 1335.6 205.42
3.2 528.23 1482.1 208.88 442.89 1402.8 211.17 309.83 1331.5 205.43
3.2083 519.25 1478.7 209.54 434.89 1398.3 211.3 302.49 1327.3 205.44
3.2167 510.21 1475.2 210.22 426.83 1393.8 211.42 295.14 1323.2 205.46
3.225 501.1 1471.6 210.92 418.74 1389.3 211.54 287.76 1319 205.49
3.2333 491.92 1467.9 211.63 410.59 1384.8 211.67 280.36 1314.9 205.53
3.2417 482.7 1464.2 212.37 402.39 1380.3 211.8 272.91 1310.7 205.58
3.25 473.44 1460.5 213.12 394.15 1375.8 211.94 265.43 1306.6 205.65
3.2583 464.17 1456.7 213.88 385.85 1371.3 212.1 257.91 1302.4 205.73
3.2667 454.88 1452.8 214.64 377.51 1366.8 212.28 250.35 1298.3 205.81
3.275 445.6 1449 215.39 369.13 1362.3 212.47 242.75 1294.1 205.91
3.2833 436.31 1445.1 216.14 360.71 1357.8 212.69 235.12 1290 206.01
3.2917 427 1441.3 216.86 352.25 1353.3 212.93 227.46 1285.8 206.1
3.3 417.67 1437.4 217.56 343.76 1348.8 213.19 219.77 1281.7 206.2
3.3083 408.28 1433.5 218.23 335.25 1344.3 213.48 212.06 1277.6 206.29
3.3167 398.81 1429.6 218.87 326.72 1339.8 213.78 204.32 1273.6 206.36
3.325 389.25 1425.6 219.47 318.16 1335.3 214.09 196.56 1269.6 206.42
3.3333 379.58 1421.6 220.04 309.59 1330.7 214.43 188.78 1265.6 206.47
3.3417 369.79 1417.5 220.57 300.98 1326.1 214.78 180.96 1261.7 206.5
3.35 359.88 1413.3 221.08 292.33 1321.6 215.15 173.1 1257.8 206.52
3.3583 349.84 1409 221.56 283.62 1317 215.53 165.18 1253.9 206.52
3.3667 339.68 1404.6 222.03 274.85 1312.3 215.93 157.2 1250 206.51
