0.0083333 10.767 5.1527 92.475 -2.7183 98.671 83.942 28.016 144.96 79.757
0.016667 12.537 14.08 92.398 -0.52494 107.3 83.725 30.12 152.64 79.821
0.025 14.344 23.214 92.34 1.685 116.02 83.507 32.246 160.41 79.881
0.033333 16.191 32.533 92.305 3.8915 124.8 83.287 34.397 168.27 79.933
0.041667 18.079 42.011 92.297 6.0788 133.62 83.078 36.57 176.21 79.969
0.05 20.015 51.618 92.316 8.2343 142.45 82.893 38.76 184.23 79.986
0.058333 21.998 61.312 92.358 10.342 151.28 82.743 40.959 192.31 79.979
0.066667 24.023 71.051 92.42 12.389 160.07 82.638 43.151 200.43 79.948
0.075 26.082 80.789 92.496 14.363 168.83 82.591 45.319 208.58 79.896
0.083333 28.165 90.485 92.576 16.257 177.52 82.608 47.444 216.73 79.825
0.091667 30.255 100.1 92.654 18.063 186.13 82.695 49.503 224.88 79.742
0.1 32.334 109.61 92.721 19.776 194.67 82.853 51.474 233.02 79.655
0.10833 34.384 118.98 92.77 21.396 203.11 83.081 53.334 241.14 79.572
0.11667 36.388 128.21 92.795 22.92 211.45 83.374 55.067 249.24 79.501
0.125 38.334 137.31 92.793 24.349 219.71 83.722 56.657 257.32 79.451
0.13333 40.213 146.29 92.76 25.683 227.86 84.116 58.094 265.41 79.427
0.14167 42.022 155.16 92.696 26.924 235.93 84.544 59.372 273.51 79.435
0.15 43.761 163.96 92.6 28.075 243.92 84.996 60.492 281.63 79.478
0.15833 45.429 172.69 92.475 29.137 251.83 85.46 61.455 289.79 79.558
0.16667 47.02 181.38 92.325 30.114 259.68 85.927 62.266 298.01 79.675
0.175 48.526 190.04 92.151 31.009 267.49 86.388 62.934 306.29 79.827
0.18333 49.936 198.66 91.96 31.824 275.26 86.837 63.464 314.64 80.013
0.19167 51.236 207.23 91.754 32.562 283 87.268 63.862 323.07 80.23
0.2 52.411 215.73 91.538 33.225 290.73 87.68 64.135 331.57 80.476
0.20833 53.45 224.16 91.316 33.816 298.45 88.068 64.285 340.15 80.748
0.21667 54.34 232.5 91.094 34.336 306.18 88.434 64.312 348.8 81.046
0.225 55.078 240.72 90.876 34.785 313.91 88.776 64.219 357.51 81.365
0.23333 55.653 248.82 90.669 35.163 321.66 89.096 64.005 366.27 81.704
0.24167 56.068 256.81 90.477 35.471 329.43 89.394 63.67 375.07 82.06
0.25 56.33 264.69 90.306 35.709 337.23 89.671 63.218 383.9 82.429
0.25833 56.452 272.49 90.162 35.876 345.05 89.927 62.652 392.76 82.806
0.26667 56.457 280.22 90.047 35.973 352.9 90.164 61.979 401.63 83.186
0.275 56.357 287.93 89.962 35.999 360.79 90.381 61.206 410.5 83.562
0.28333 56.19 295.64 89.911 35.956 368.73 90.58 60.344 419.38 83.93
0.29167 55.982 303.37 89.894 35.846 376.72 90.762 59.404 428.24 84.282
0.3 55.763 311.15 89.904 35.669 384.78 90.928 58.396 437.09 84.613
0.30833 55.551 318.99 89.942 35.43 392.92 91.082 57.33 445.92 84.921
0.31667 55.364 326.89 90 35.132 401.15 91.224 56.216 454.72 85.203
0.325 55.21 334.85 90.072 34.78 409.48 91.359 55.057 463.49 85.459
0.33333 55.09 342.86 90.15 34.378 417.92 91.49 53.86 472.23 85.692
0.34167 54.995 350.92 90.227 33.932 426.46 91.619 52.626 480.94 85.906
0.35 54.914 359 90.298 33.445 435.12 91.751 51.354 489.62 86.105
0.35833 54.828 367.11 90.356 32.92 443.87 91.886 50.045 498.28 86.294
0.36667 54.722 375.25 90.402 32.359 452.72 92.028 48.699 506.92 86.479
0.375 54.58 383.41 90.435 31.762 461.63 92.176 47.315 515.55 86.662
0.38333 54.386 391.6 90.457 31.128 470.61 92.329 45.897 524.19 86.847
0.39167 54.126 399.85 90.476 30.455 479.64 92.487 44.447 532.84 87.031
0.4 53.795 408.16 90.493 29.742 488.71 92.649 42.971 541.52 87.213
0.40833 53.387 416.54 90.52 28.984 497.81 92.81 41.475 550.23 87.39
0.41667 52.901 425.01 90.561 28.178 506.96 92.968 39.965 558.97 87.555
0.425 52.339 433.59 90.62 27.321 516.14 93.119 38.447 567.74 87.703
0.43333 51.703 442.27 90.699 26.41 525.4 93.262 36.924 576.56 87.83
0.44167 51.005 451.07 90.797 25.441 534.73 93.394 35.397 585.41 87.931
0.45 50.249 459.99 90.911 24.413 544.16 93.514 33.861 594.28 88.005
0.45833 49.447 469.02 91.032 23.322 553.72 93.623 32.312 603.19 88.054
0.46667 48.613 478.15 91.154 22.165 563.42 93.72 30.738 612.11 88.079
0.475 47.752 487.4 91.266 20.94 573.28 93.808 29.128 621.07 88.085
0.48333 46.876 496.75 91.358 19.641 583.3 93.889 27.467 630.05 88.081
0.49167 45.984 506.22 91.421 18.265 593.49 93.969 25.742 639.07 88.071
0.5 45.081 515.81 91.446 16.805 603.84 94.05 23.941 648.15 88.062
0.50833 44.16 525.55 91.432 15.253 614.34 94.138 22.053 657.29 88.059
0.51667 43.214 535.45 91.377 13.599 624.99 94.236 20.072 666.53 88.063
0.525 42.232 545.56 91.286 11.835 635.76 94.349 17.997 675.88 88.074
0.53333 41.195 555.88 91.165 9.9547 646.64 94.482 15.829 685.37 88.089
0.54167 40.095 566.45 91.027 7.9493 657.63 94.636 13.573 695.01 88.103
0.55 38.913 577.31 90.882 5.8157 668.72 94.813 11.24 704.83 88.109
0.55833 37.644 588.46 90.747 3.5541 679.89 95.013 8.8356 714.83 88.1
0.56667 36.279 599.93 90.634 1.1693 691.17 95.235 6.371 725.01 88.068
0.575 34.822 611.69 90.557 -1.329 702.54 95.477 3.8542 735.38 88.011
0.58333 33.28 623.75 90.525 -3.9273 714.01 95.735 1.292 745.92 87.927
0.59167 31.652 636.07 90.544 -6.6026 725.59 96.006 -1.3116 756.62 87.817
0.6 29.948 648.6 90.617 -9.3355 737.27 96.283 -3.9548 767.47 87.687
0.60833 28.17 661.31 90.744 -12.099 749.05 96.562 -6.6369 778.44 87.545
0.61667 26.318 674.13 90.917 -14.867 760.9 96.837 -9.3577 789.51 87.404
0.625 24.397 687.02 91.129 -17.612 772.81 97.102 -12.116 800.66 87.274
0.63333 22.407 699.9 91.371 -20.31 784.74 97.351 -14.909 811.88 87.168
0.64167 20.355 712.73 91.629 -22.938 796.67 97.579 -17.73 823.13 87.096
0.65 18.244 725.47 91.895 -25.478 808.54 97.782 -20.567 834.42 87.065
0.65833 16.087 738.07 92.16 -27.916 820.33 97.954 -23.407 845.72 87.076
0.66667 13.889 750.53 92.415 -30.243 831.99 98.093 -26.228 857.03 87.13
0.675 11.657 762.83 92.659 -32.455 843.5 98.195 -29.008 868.34 87.219
0.68333 9.3978 774.97 92.893 -34.553 854.82 98.26 -31.721 879.63 87.336
0.69167 7.1127 786.98 93.123 -36.542 865.96 98.285 -34.345 890.91 87.469
0.7 4.809 798.88 93.359 -38.431 876.9 98.272 -36.856 902.17 87.605
0.70833 2.4857 810.68 93.609 -40.229 887.66 98.221 -39.236 913.4 87.733
0.71667 0.15821 822.4 93.88 -41.95 898.25 98.132 -41.472 924.6 87.843
0.725 -2.1625 834.05 94.179 -43.604 908.71 98.01 -43.556 935.76 87.926
0.73333 -4.4591 845.64 94.505 -45.205 919.06 97.856 -45.488 946.89 87.977
0.74167 -6.7122 857.15 94.858 -46.762 929.33 97.674 -47.274 957.98 87.995
0.75 -8.9034 868.58 95.234 -48.286 939.55 97.468 -48.926 969.04 87.98
0.75833 -11.013 879.94 95.627 -49.782 949.75 97.244 -50.46 980.07 87.936
0.76667 -13.027 891.22 96.031 -51.259 959.94 97.006 -51.895 991.08 87.869
0.775 -14.931 902.43 96.44 -52.719 970.14 96.759 -53.25 1002.1 87.784
0.78333 -16.722 913.57 96.847 -54.165 980.36 96.51 -54.545 1013.1 87.688
0.79167 -18.396 924.64 97.249 -55.598 990.6 96.262 -55.796 1024.1 87.587
0.8 -19.962 935.66 97.644 -57.019 1000.9 96.021 -57.017 1035.1 87.485
0.80833 -21.437 946.64 98.03 -58.426 1011.2 95.791 -58.218 1046.2 87.385
0.81667 -22.838 957.59 98.412 -59.817 1021.5 95.576 -59.406 1057.2 87.289
0.825 -24.188 968.51 98.792 -61.193 1031.8 95.379 -60.581 1068.3 87.197
0.83333 -25.512 979.4 99.177 -62.551 1042.1 95.201 -61.745 1079.5 87.108
0.84167 -26.831 990.28 99.569 -63.893 1052.5 95.046 -62.896 1090.6 87.021
0.85 -28.161 1001.1 99.974 -65.218 1062.9 94.914 -64.029 1101.8 86.935
0.85833 -29.511 1011.9 100.39 -66.529 1073.3 94.806 -65.143 1112.9 86.849
0.86667 -30.885 1022.7 100.82 -67.828 1083.8 94.722 -66.236 1124.1 86.762
0.875 -32.279 1033.4 101.27 -69.118 1094.3 94.663 -67.305 1135.3 86.675
0.88333 -33.681 1044 101.71 -70.404 1104.9 94.629 -68.353 1146.5 86.586
0.89167 -35.075 1054.6 102.16 -71.69 1115.6 94.618 -69.38 1157.7 86.497
0.9 -36.442 1065.2 102.61 -72.98 1126.4 94.629 -70.388 1168.8 86.408
0.90833 -37.763 1075.7 103.03 -74.279 1137.2 94.662 -71.382 1180 86.32
0.91667 -39.021 1086.2 103.45 -75.59 1148.1 94.715 -72.363 1191.1 86.232
0.925 -40.207 1096.8 103.84 -76.916 1159.2 94.786 -73.334 1202.3 86.145
0.93333 -41.313 1107.3 104.2 -78.258 1170.3 94.871 -74.296 1213.4 86.058
0.94167 -42.339 1118 104.54 -79.618 1181.5 94.97 -75.249 1224.6 85.97
0.95 -43.289 1128.8 104.86 -80.993 1192.7 95.079 -76.193 1235.8 85.882
0.95833 -44.175 1139.7 105.16 -82.38 1204.1 95.198 -77.124 1247 85.793
0.96667 -45.011 1150.8 105.45 -83.775 1215.5 95.322 -78.041 1258.2 85.704
0.975 -45.812 1162 105.72 -85.174 1226.9 95.452 -78.939 1269.5 85.614
0.98333 -46.6 1173.4 105.99 -86.571 1238.4 95.585 -79.815 1280.8 85.527
0.99167 -47.393 1185 106.26 -87.96 1250 95.721 -80.665 1292.1 85.441
1 -48.216 1196.7 106.53 -89.337 1261.6 95.864 -81.486 1303.4 85.36
1.0083 -49.092 1208.6 106.81 -90.697 1273.2 96.01 -82.275 1314.7 85.283
1.0167 -50.043 1220.6 107.1 -92.038 1284.9 96.159 -83.031 1326.1 85.212
1.025 -51.078 1232.7 107.4 -93.357 1296.7 96.317 -83.754 1337.5 85.146
1.0333 -52.196 1244.9 107.7 -94.653 1308.5 96.478 -84.443 1349 85.085
1.0417 -53.383 1257.2 107.99 -95.921 1320.4 96.645 -85.101 1360.5 85.026
1.05 -54.618 1269.5 108.28 -97.161 1332.3 96.819 -85.733 1372.1 84.969
1.0583 -55.876 1282 108.54 -98.37 1344.3 96.993 -86.341 1383.7 84.913
1.0667 -57.14 1294.6 108.79 -99.547 1356.4 97.165 -86.933 1395.4 84.855
1.075 -58.405 1307.3 109.02 -100.68 1368.6 97.337 -87.514 1407.1 84.796
1.0833 -59.672 1320.1 109.22 -101.78 1380.9 97.499 -88.093 1419 84.735
1.0917 -60.96 1333.1 109.4 -102.84 1393.3 97.653 -88.675 1430.9 84.675
1.1 -62.288 1346.4 109.56 -103.86 1405.8 97.792 -89.27 1442.9 84.618
1.1083 -63.682 1359.8 109.71 -104.83 1418.3 97.915 -89.884 1455 84.566
1.1167 -65.164 1373.3 109.83 -105.78 1431 98.02 -90.525 1467.2 84.523
1.125 -66.75 1387 109.95 -106.71 1443.7 98.11 -91.199 1479.5 84.49
1.1333 -68.445 1400.8 110.05 -107.64 1456.5 98.185 -91.912 1491.8 84.471
1.1417 -70.243 1414.6 110.13 -108.58 1469.3 98.251 -92.67 1504.3 84.465
1.15 -72.129 1428.4 110.21 -109.56 1482.1 98.313 -93.477 1516.7 84.469
1.1583 -74.077 1442.2 110.29 -110.61 1494.9 98.379 -94.339 1529.2 84.482
1.1667 -76.056 1455.8 110.36 -111.75 1507.7 98.458 -95.263 1541.7 84.498
1.175 -78.03 1469.2 110.44 -113 1520.5 98.56 -96.256 1554.2 84.512
1.1833 -79.966 1482.5 110.54 -114.38 1533.2 98.693 -97.327 1566.6 84.518
1.1917 -81.841 1495.6 110.66 -115.9 1545.8 98.869 -98.487 1579.1 84.51
1.2 -83.639 1508.6 110.8 -117.57 1558.3 99.094 -99.749 1591.5 84.484
1.2083 -85.357 1521.3 110.98 -119.39 1570.7 99.374 -101.13 1603.8 84.438
1.2167 -87.002 1533.9 111.18 -121.35 1582.8 99.715 -102.64 1616.1 84.374
1.225 -88.586 1546.4 111.41 -123.44 1594.8 100.12 -104.29 1628.3 84.294
1.2333 -90.126 1558.7 111.67 -125.64 1606.6 100.58 -106.11 1640.4 84.204
1.2417 -91.648 1570.9 111.94 -127.94 1618.2 101.1 -108.11 1652.5 84.115
1.25 -93.187 1583.1 112.21 -130.33 1629.6 101.66 -110.29 1664.6 84.034
1.2583 -94.789 1595.1 112.48 -132.78 1640.8 102.28 -112.67 1676.6 83.973
1.2667 -96.501 1606.9 112.73 -135.29 1651.8 102.92 -115.25 1688.6 83.94
1.275 -98.37 1618.6 112.97 -137.84 1662.7 103.59 -118.03 1700.5 83.945
1.2833 -100.43 1630 113.17 -140.44 1673.3 104.29 -121.01 1712.4 83.991
1.2917 -102.7 1641.3 113.35 -143.08 1683.9 104.99 -124.18 1724.2 84.084
1.3 -105.19 1652.2 113.5 -145.77 1694.4 105.7 -127.52 1736 84.221
1.3083 -107.91 1663 113.62 -148.52 1704.9 106.41 -131.04 1747.7 84.4
1.3167 -110.83 1673.4 113.72 -151.33 1715.2 107.11 -134.7 1759.3 84.616
1.325 -113.96 1683.7 113.81 -154.22 1725.6 107.81 -138.51 1770.9 84.861
1.3333 -117.27 1693.7 113.88 -157.19 1736 108.5 -142.43 1782.4 85.128
1.3417 -120.73 1703.5 113.94 -160.26 1746.3 109.18 -146.46 1793.8 85.41
1.35 -124.32 1713.2 114.01 -163.4 1756.6 109.85 -150.59 1805.2 85.698
1.3583 -128 1722.8 114.07 -166.65 1766.9 110.5 -154.81 1816.5 85.988
1.3667 -131.75 1732.4 114.15 -169.98 1777.2 111.13 -159.09 1827.7 86.275
1.375 -135.54 1741.9 114.23 -173.39 1787.5 111.73 -163.45 1838.9 86.557
1.3833 -139.34 1751.4 114.32 -176.89 1797.7 112.31 -167.87 1850.1 86.833
1.3917 -143.15 1760.9 114.42 -180.46 1807.8 112.85 -172.35 1861.2 87.104
1.4 -146.94 1770.5 114.53 -184.1 1817.8 113.35 -176.88 1872.2 87.37
1.4083 -150.71 1780.1 114.64 -187.81 1827.9 113.81 -181.46 1883.3 87.635
1.4167 -154.44 1789.8 114.74 -191.59 1837.8 114.23 -186.08 1894.3 87.898
1.425 -158.15 1799.5 114.84 -195.44 1847.8 114.61 -190.74 1905.3 88.163
1.4333 -161.83 1809.3 114.93 -199.37 1857.7 114.94 -195.45 1916.2 88.428
1.4417 -165.5 1819.2 115 -203.38 1867.6 115.23 -200.18 1927.1 88.693
1.45 -169.17 1829.1 115.05 -207.48 1877.6 115.48 -204.95 1938 88.957
1.4583 -172.85 1839.1 115.09 -211.66 1887.6 115.7 -209.74 1948.8 89.218
1.4667 -176.56 1849.2 115.11 -215.93 1897.6 115.89 -214.55 1959.6 89.47
1.475 -180.32 1859.3 115.12 -220.28 1907.7 116.05 -219.38 1970.3 89.712
1.4833 -184.14 1869.5 115.12 -224.72 1917.8 116.19 -224.24 1981 89.938
1.4917 -188.04 1879.6 115.11 -229.24 1927.9 116.32 -229.1 1991.7 90.145
1.5 -192.04 1889.9 115.1 -233.83 1938.1 116.44 -233.98 2002.4 90.329
1.5083 -196.16 1900.1 115.09 -238.49 1948.3 116.54 -238.88 2013 90.487
1.5167 -200.41 1910.3 115.1 -243.22 1958.5 116.64 -243.79 2023.6 90.616
1.525 -204.81 1920.6 115.11 -248.02 1968.8 116.72 -248.72 2034.2 90.716
1.5333 -209.37 1930.9 115.13 -252.88 1979 116.8 -253.67 2044.8 90.786
1.5417 -214.08 1941.2 115.15 -257.82 1989.2 116.86 -258.65 2055.4 90.827
1.55 -218.95 1951.5 115.18 -262.84 1999.4 116.9 -263.67 2065.9 90.84
1.5583 -223.96 1962 115.21 -267.95 2009.6 116.93 -268.74 2076.5 90.828
1.5667 -229.1 1972.5 115.25 -273.17 2019.9 116.94 -273.86 2087 90.793
1.575 -234.37 1983.1 115.27 -278.49 2030.1 116.93 -279.05 2097.5 90.738
1.5833 -239.77 1993.7 115.29 -283.93 2040.4 116.91 -284.31 2107.9 90.666
1.5917 -245.29 2004.5 115.29 -289.49 2050.7 116.88 -289.66 2118.4 90.579
1.6 -250.94 2015.5 115.27 -295.17 2061.1 116.84 -295.1 2128.8 90.478
1.6083 -256.73 2026.5 115.23 -300.98 2071.4 116.8 -300.63 2139.3 90.362
1.6167 -262.69 2037.8 115.16 -306.91 2081.8 116.76 -306.26 2149.7 90.233
1.625 -268.82 2049.2 115.06 -312.95 2092.3 116.72 -311.98 2160.2 90.087
1.6333 -275.15 2060.7 114.94 -319.1 2102.7 116.7 -317.8 2170.8 89.924
1.6417 -281.67 2072.4 114.81 -325.35 2113.2 116.69 -323.71 2181.4 89.739
1.65 -288.4 2084.3 114.67 -331.67 2123.7 116.7 -329.7 2192.2 89.531
1.6583 -295.31 2096.3 114.53 -338.07 2134.2 116.73 -335.76 2202.9 89.298
1.6667 -302.38 2108.4 114.41 -344.52 2144.8 116.78 -341.88 2213.8 89.04
1.675 -309.58 2120.6 114.33 -351 2155.3 116.83 -348.05 2224.7 88.759
1.6833 -316.87 2132.8 114.29 -357.51 2166 116.9 -354.27 2235.6 88.457
1.6917 -324.19 2145 114.31 -364.01 2176.6 116.98 -360.5 2246.5 88.139
1.7 -331.5 2157.1 114.39 -370.49 2187.4 117.05 -366.76 2257.4 87.812
1.7083 -338.76 2169.1 114.54 -376.93 2198.2 117.12 -373.01 2268.2 87.484
1.7167 -345.92 2181 114.75 -383.3 2209.1 117.18 -379.25 2279 87.163
1.725 -352.95 2192.6 115 -389.59 2220.1 117.22 -385.45 2289.7 86.856
1.7333 -359.85 2204.1 115.29 -395.76 2231.1 117.23 -391.6 2300.4 86.571
1.7417 -366.59 2215.3 115.59 -401.79 2242.2 117.23 -397.68 2311 86.312
1.75 -373.17 2226.3 115.9 -407.67 2253.3 117.19 -403.67 2321.6 86.082
1.7583 -379.61 2237.1 116.19 -413.37 2264.3 117.12 -409.53 2332.2 85.881
1.7667 -385.91 2247.7 116.46 -418.88 2275.3 117.02 -415.26 2342.9 85.705
1.775 -392.08 2258.1 116.71 -424.19 2286.3 116.89 -420.82 2353.7 85.55
1.7833 -398.13 2268.5 116.92 -429.3 2297 116.73 -426.2 2364.5 85.408
1.7917 -404.05 2278.7 117.11 -434.22 2307.7 116.53 -431.37 2375.5 85.271
1.8 -409.8 2288.9 117.28 -438.94 2318.1 116.3 -436.33 2386.6 85.129
1.8083 -415.38 2299.1 117.42 -443.48 2328.4 116.05 -441.06 2397.9 84.976
1.8167 -420.75 2309.2 117.55 -447.87 2338.6 115.76 -445.56 2409.2 84.804
1.825 -425.9 2319.3 117.67 -452.12 2348.6 115.45 -449.82 2420.7 84.608
1.8333 -430.81 2329.4 117.78 -456.25 2358.5 115.11 -453.85 2432.3 84.383
1.8417 -435.5 2339.5 117.9 -460.29 2368.3 114.75 -457.65 2443.8 84.127
1.85 -439.96 2349.5 118.01 -464.24 2378.1 114.37 -461.23 2455.4 83.841
1.8583 -444.22 2359.6 118.13 -468.12 2387.9 113.97 -464.6 2466.9 83.526
1.8667 -448.28 2369.7 118.25 -471.94 2397.7 113.55 -467.77 2478.4 83.182
1.875 -452.17 2379.7 118.36 -475.7 2407.5 113.12 -470.74 2489.8 82.812
1.8833 -455.92 2389.8 118.46 -479.41 2417.4 112.69 -473.54 2501.1 82.416
1.8917 -459.56 2399.8 118.54 -483.06 2427.4 112.26 -476.16 2512.3 81.998
1.9 -463.12 2409.7 118.6 -486.65 2437.4 111.83 -478.62 2523.4 81.558
1.9083 -466.63 2419.7 118.64 -490.17 2447.4 111.4 -480.93 2534.4 81.098
1.9167 -470.13 2429.5 118.65 -493.62 2457.6 111 -483.11 2545.4 80.618
1.925 -473.62 2439.4 118.64 -496.99 2467.7 110.61 -485.16 2556.3 80.12
1.9333 -477.13 2449.1 118.61 -500.28 2477.9 110.24 -487.09 2567.2 79.604
1.9417 -480.66 2458.9 118.57 -503.49 2488.1 109.9 -488.92 2578 79.073
1.95 -484.19 2468.6 118.52 -506.63 2498.3 109.59 -490.65 2588.8 78.53
1.9583 -487.73 2478.2 118.47 -509.69 2508.5 109.29 -492.3 2599.7 77.976
1.9667 -491.26 2487.9 118.42 -512.69 2518.7 109.02 -493.87 2610.5 77.415
1.975 -494.76 2497.6 118.38 -515.63 2528.9 108.77 -495.36 2621.3 76.848
1.9833 -498.23 2507.3 118.36 -518.51 2539.2 108.53 -496.78 2632.1 76.279
1.9917 -501.63 2517.2 118.35 -521.34 2549.4 108.3 -498.13 2642.9 75.71
2 -504.96 2527.1 118.35 -524.12 2559.8 108.08 -499.4 2653.7 75.143
2.0083 -508.2 2537.2 118.37 -526.83 2570.1 107.87 -500.59 2664.4 74.578
2.0167 -511.35 2547.4 118.39 -529.48 2580.5 107.67 -501.7 2675.2 74.017
2.025 -514.4 2557.8 118.4 -532.06 2591 107.47 -502.72 2685.9 73.46
2.0333 -517.35 2568.4 118.4 -534.55 2601.5 107.29 -503.65 2696.6 72.909
2.0417 -520.19 2579.1 118.39 -536.95 2612.1 107.1 -504.5 2707.2 72.364
2.05 -522.93 2590.1 118.36 -539.24 2622.7 106.93 -505.25 2717.9 71.827
2.0583 -525.58 2601.2 118.31 -541.42 2633.4 106.77 -505.92 2728.5 71.3
2.0667 -528.16 2612.5 118.23 -543.48 2644 106.62 -506.51 2739.1 70.784
2.075 -530.69 2623.9 118.14 -545.41 2654.8 106.48 -507.02 2749.7 70.283
2.0833 -533.19 2635.6 118.04 -547.21 2665.5 106.34 -507.45 2760.3 69.797
2.0917 -535.69 2647.3 117.93 -548.88 2676.3 106.21 -507.81 2770.8 69.33
2.1 -538.2 2659.2 117.8 -550.41 2687.1 106.09 -508.09 2781.4 68.881
2.1083 -540.73 2671.2 117.67 -551.82 2697.9 105.96 -508.3 2791.9 68.451
2.1167 -543.26 2683.2 117.53 -553.09 2708.7 105.82 -508.42 2802.4 68.04
2.125 -545.79 2695.4 117.39 -554.22 2719.6 105.68 -508.45 2812.9 67.644
2.1333 -548.31 2707.7 117.24 -555.2 2730.5 105.52 -508.39 2823.4 67.26
2.1417 -550.82 2720 117.08 -556.05 2741.4 105.35 -508.22 2833.9 66.887
2.15 -553.32 2732.5 116.92 -556.74 2752.4 105.16 -507.93 2844.4 66.518
2.1583 -555.81 2745.1 116.75 -557.28 2763.4 104.96 -507.53 2854.9 66.15
2.1667 -558.28 2757.8 116.57 -557.66 2774.4 104.73 -507.01 2865.4 65.778
2.175 -560.72 2770.5 116.38 -557.9 2785.5 104.49 -506.36 2875.9 65.398
2.1833 -563.09 2783.2 116.17 -558.01 2796.6 104.24 -505.59 2886.4 65.007
2.1917 -565.37 2795.9 115.92 -557.99 2807.7 103.98 -504.71 2896.9 64.602
2.2 -567.52 2808.5 115.63 -557.87 2818.8 103.7 -503.73 2907.3 64.181
2.2083 -569.49 2821 115.29 -557.67 2829.9 103.41 -502.64 2917.7 63.741
2.2167 -571.23 2833.3 114.91 -557.43 2841 103.1 -501.46 2928.1 63.281
2.225 -572.7 2845.4 114.48 -557.19 2852.1 102.78 -500.2 2938.3 62.799
2.2333 -573.89 2857.2 114.01 -556.96 2863.1 102.45 -498.86 2948.5 62.293
2.2417 -574.77 2868.7 113.51 -556.77 2874.1 102.09 -497.44 2958.5 61.761
2.25 -575.34 2880 112.98 -556.66 2885 101.72 -495.96 2968.5 61.201
2.2583 -575.64 2891.1 112.43 -556.62 2895.8 101.31 -494.41 2978.3 60.613
2.2667 -575.7 2902 111.86 -556.66 2906.5 100.89 -492.8 2988.1 59.994
2.275 -575.55 2912.7 111.26 -556.78 2917.1 100.44 -491.12 2997.8 59.345
2.2833 -575.24 2923.2 110.62 -556.96 2927.4 99.955 -489.38 3007.4 58.666
2.2917 -574.77 2933.7 109.94 -557.18 2937.6 99.447 -487.58 3017 57.959
2.3 -574.15 2944.2 109.21 -557.41 2947.6 98.915 -485.72 3026.5 57.229
2.3083 -573.38 2954.6 108.42 -557.62 2957.4 98.356 -483.82 3035.9 56.478
2.3167 -572.46 2965 107.57 -557.79 2966.9 97.77 -481.86 3045.4 55.712
2.325 -571.39 2975.5 106.66 -557.9 2976.2 97.157 -479.86 3054.7 54.936
2.3333 -570.17 2985.8 105.68 -557.92 2985.4 96.516 -477.83 3064.1 54.155
2.3417 -568.79 2996.2 104.65 -557.86 2994.4 95.841 -475.77 3073.4 53.374
2.35 -567.27 3006.4 103.56 -557.69 3003.2 95.131 -473.67 3082.6 52.596
2.3583 -565.62 3016.4 102.44 -557.43 3011.9 94.383 -471.54 3091.8 51.823
2.3667 -563.85 3026.3 101.29 -557.06 3020.5 93.594 -469.39 3100.9 51.056
2.375 -561.97 3035.9 100.12 -556.6 3029.2 92.762 -467.2 3109.9 50.297
2.3833 -560.02 3045.2 98.939 -556.05 3037.8 91.887 -464.97 3118.8 49.545
2.3917 -557.99 3054.4 97.759 -555.4 3046.4 90.968 -462.71 3127.6 48.799
2.4 -555.91 3063.3 96.579 -554.66 3055.1 90.012 -460.4 3136.3 48.059
2.4083 -553.78 3072 95.395 -553.82 3063.8 89.028 -458.04 3144.9 47.326
2.4167 -551.61 3080.6 94.204 -552.87 3072.6 87.993 -455.64 3153.4 46.599
2.425 -549.39 3089.1 92.995 -551.82 3081.4 86.947 -453.19 3161.8 45.879
2.4333 -547.11 3097.5 91.759 -550.63 3090.3 85.88 -450.68 3170.1 45.168
2.4417 -544.77 3105.9 90.487 -549.32 3099.3 84.8 -448.11 3178.3 44.467
2.45 -542.37 3114.2 89.17 -547.87 3108.3 83.712 -445.48 3186.3 43.776
2.4583 -539.89 3122.6 87.803 -546.28 3117.3 82.618 -442.79 3194.3 43.096
2.4667 -537.36 3130.9 86.384 -544.55 3126.3 81.515 -440.02 3202.3 42.425
2.475 -534.78 3139.2 84.912 -542.68 3135.2 80.404 -437.17 3210.1 41.764
2.4833 -532.17 3147.4 83.394 -540.68 3144.2 79.282 -434.24 3217.9 41.109
2.4917 -529.55 3155.6 81.839 -538.55 3153.1 78.144 -431.2 3225.7 40.457
2.5 -526.95 3163.6 80.257 -536.3 3161.9 76.991 -428.06 3233.5 39.806
2.5083 -524.37 3171.5 78.66 -533.93 3170.8 75.821 -424.81 3241.2 39.151
2.5167 -521.83 3179.4 77.066 -531.46 3179.6 74.633 -421.45 3248.9 38.491
2.525 -519.34 3187.2 75.487 -528.87 3188.4 73.433 -417.98 3256.6 37.825
2.5333 -516.91 3194.9 73.937 -526.16 3197.2 72.225 -414.39 3264.3 37.152
2.5417 -514.51 3202.6 72.428 -523.34 3206 71.017 -410.7 3271.9 36.474
2.55 -512.14 3210.4 70.974 -520.38 3214.8 69.818 -406.91 3279.6 35.792
2.5583 -509.79 3218.2 69.584 -517.3 3223.6 68.636 -403.02 3287.2 35.107
2.5667 -507.44 3226.1 68.264 -514.07 3232.4 67.482 -399.04 3294.9 34.423
2.575 -505.06 3234.1 67.023 -510.71 3241.2 66.362 -394.97 3302.5 33.741
2.5833 -502.65 3242.3 65.862 -507.22 3250.1 65.281 -390.82 3310.1 33.062
2.5917 -500.19 3250.5 64.784 -503.59 3258.9 64.245 -386.59 3317.6 32.385
2.6 -497.64 3258.9 63.776 -499.86 3267.8 63.238 -382.28 3325.1 31.709
2.6083 -495.01 3267.4 62.844 -496.01 3276.6 62.278 -377.88 3332.5 31.031
2.6167 -492.27 3276 61.966 -492.08 3285.5 61.338 -373.38 3339.9 30.348
2.625 -489.39 3284.6 61.139 -488.05 3294.3 60.429 -368.79 3347.2 29.655
2.6333 -486.36 3293.3 60.348 -483.96 3303.2 59.539 -364.1 3354.5 28.948
2.6417 -483.14 3302 59.578 -479.8 3311.9 58.662 -359.29 3361.8 28.224
2.65 -479.73 3310.7 58.819 -475.58 3320.7 57.796 -354.38 3369.1 27.481
2.6583 -476.11 3319.4 58.061 -471.31 3329.4 56.94 -349.35 3376.3 26.718
2.6667 -472.27 3328.1 57.296 -466.98 3338.1 56.092 -344.21 3383.5 25.936
2.675 -468.22 3336.9 56.521 -462.59 3346.7 55.26 -338.96 3390.7 25.137
2.6833 -463.97 3345.7 55.739 -458.14 3355.3 54.448 -333.61 3397.9 24.326
2.6917 -459.55 3354.6 54.936 -453.63 3363.8 53.652 -328.14 3405.1 23.506
2.7 -454.98 3363.5 54.131 -449.07 3372.3 52.887 -322.57 3412.3 22.684
2.7083 -450.29 3372.7 53.321 -444.44 3380.8 52.152 -316.89 3419.4 21.862
2.7167 -445.5 3382 52.508 -439.76 3389.3 51.446 -311.11 3426.5 21.045
2.725 -440.64 3391.4 51.693 -435.01 3397.8 50.768 -305.22 3433.5 20.234
2.7333 -435.74 3400.9 50.874 -430.2 3406.2 50.11 -299.22 3440.4 19.43
2.7417 -430.8 3410.6 50.047 -425.32 3414.6 49.464 -293.13 3447.2 18.632
2.75 -425.84 3420.3 49.203 -420.36 3423 48.816 -286.92 3454 17.839
2.7583 -420.87 3430 48.333 -415.31 3431.4 48.153 -280.62 3460.6 17.045
2.7667 -415.9 3439.5 47.423 -410.16 3439.8 47.457 -274.21 3467 16.25
2.775 -410.95 3448.9 46.461 -404.88 3448.1 46.714 -267.7 3473.4 15.447
2.7833 -406.04 3458 45.431 -399.45 3456.3 45.908 -261.09 3479.6 14.633
2.7917 -401.19 3466.9 44.323 -393.86 3464.5 45.026 -254.37 3485.7 13.805
2.8 -396.42 3475.4 43.132 -388.08 3472.6 44.059 -247.56 3491.6 12.959
2.8083 -391.73 3483.6 41.857 -382.11 3480.5 42.999 -240.62 3497.3 12.091
2.8167 -387.12 3491.4 40.506 -375.92 3488.4 41.843 -233.57 3502.8 11.2
2.825 -382.57 3498.9 39.092 -369.53 3496.1 40.589 -226.38 3508.1 10.282
2.8333 -378.06 3506.1 37.634 -362.94 3503.5 39.242 -219.03 3513.2 9.3348
2.8417 -373.57 3513.1 36.153 -356.16 3510.9 37.806 -211.52 3518 8.3567
2.85 -369.08 3519.8 34.672 -349.22 3517.9 36.289 -203.83 3522.4 7.3455
2.8583 -364.57 3526.3 33.217 -342.14 3524.8 34.699 -195.94 3526.6 6.3
2.8667 -360.01 3532.7 31.805 -334.95 3531.4 33.051 -187.84 3530.3 5.2201
2.875 -355.36 3539.1 30.451 -327.68 3537.8 31.35 -179.54 3533.7 4.1063
2.8833 -350.56 3545.2 29.163 -320.35 3543.9 29.606 -171.04 3536.6 2.961
2.8917 -345.58 3551.2 27.938 -312.98 3549.7 27.835 -162.36 3539.2 1.7875
2.9 -340.38 3556.9 26.764 -305.59 3555.3 26.041 -153.5 3541.3 0.59136
2.9083 -334.98 3562.2 25.621 -298.18 3560.5 24.231 -144.51 3543 359.38
2.9167 -329.42 3567.1 24.486 -290.74 3565.5 22.414 -135.4 3544.4 358.16
2.925 -323.77 3571.5 23.337 -283.27 3570.2 20.595 -126.21 3545.3 356.94
2.9333 -318.09 3575.6 22.154 -275.75 3574.6 18.78 -116.98 3545.9 355.72
2.9417 -312.42 3579.3 20.923 -268.17 3578.7 16.971 -107.74 3546.2 354.53
2.95 -306.77 3582.7 19.636 -260.52 3582.5 15.174 -98.504 3546.2 353.35
2.9583 -301.17 3585.9 18.294 -252.77 3586 13.392 -89.311 3545.9 352.21
2.9667 -295.61 3588.9 16.9 -244.92 3589.2 11.628 -80.177 3545.3 351.09
2.975 -290.07 3591.7 15.467 -236.96 3592.2 9.8867 -71.118 3544.5 350.01
2.9833 -284.55 3594.5 14.008 -228.89 3594.9 8.1694 -62.147 3543.4 348.96
2.9917 -279.03 3597.2 12.538 -220.71 3597.3 6.4845 -53.269 3542.2 347.94
3 -273.5 3600 11.073 -212.43 3599.5 4.8351 -44.49 3540.8 346.95
3.0083 -267.92 3602.7 9.6214 -204.06 3601.4 3.2214 -35.813 3539.2 345.98
3.0167 -262.29 3605.6 8.1972 -195.6 3603.1 1.6486 -27.238 3537.4 345.04
3.025 -256.6 3608.4 6.8065 -187.07 3604.5 0.11941 -18.761 3535.6 344.12
3.0333 -250.82 3611.3 5.4539 -178.48 3605.7 358.64 -10.378 3533.6 343.22
3.0417 -244.97 3614.2 4.145 -169.83 3606.7 357.2 -2.0822 3531.5 342.34
3.05 -239.04 3617 2.882 -161.12 3607.4 355.81 6.1356 3529.4 341.49
3.0583 -233.03 3619.8 1.668 -152.36 3608 354.46 14.287 3527.2 340.65
3.0667 -226.95 3622.5 0.50545 -143.55 3608.3 353.16 22.384 3524.9 339.85
3.075 -220.79 3625.2 359.4 -134.68 3608.4 351.9 30.44 3522.5 339.07
3.0833 -214.55 3627.7 358.34 -125.76 3608.3 350.68 38.469 3520.1 338.31
3.0917 -208.22 3630.2 357.35 -116.76 3608.1 349.49 46.482 3517.6 337.58
3.1 -201.79 3632.6 356.43 -107.71 3607.7 348.34 54.487 3515 336.87
3.1083 -195.26 3634.8 355.57 -98.581 3607.1 347.23 62.492 3512.2 336.18
3.1167 -188.6 3636.9 354.78 -89.388 3606.4 346.14 70.498 3509.4 335.51
3.125 -181.82 3638.8 354.06 -80.129 3605.5 345.1 78.504 3506.4 334.85
3.1333 -174.91 3640.4 353.42 -70.808 3604.6 344.09 86.508 3503.4 334.19
3.1417 -167.85 3641.8 352.85 -61.43 3603.5 343.12 94.503 3500.2 333.54
3.15 -160.66 3642.9 352.35 -52.002 3602.2 342.2 102.48 3496.9 332.9
3.1583 -153.31 3643.8 351.91 -42.53 3600.8 341.32 110.45 3493.5 332.26
3.1667 -145.8 3644.3 351.53 -33.023 3599.3 340.49 118.39 3490 331.62
3.175 -138.11 3644.5 351.2 -23.491 3597.6 339.72 126.33 3486.5 331
3.1833 -130.24 3644.5 350.9 -13.936 3595.7 339 134.25 3482.9 330.39
3.1917 -122.16 3644.3 350.64 -4.3656 3593.6 338.34 142.18 3479.3 329.8
3.2 -113.88 3643.8 350.39 5.2182 3591.4 337.72 150.13 3475.6 329.24
3.2083 -105.37 3643.2 350.14 14.811 3589 337.15 158.12 3471.8 328.71
3.2167 -96.646 3642.4 349.87 24.415 3586.3 336.62 166.16 3468.1 328.21
3.225 -87.7 3641.4 349.58 34.03 3583.4 336.12 174.25 3464.2 327.75
3.2333 -78.55 3640.3 349.25 43.661 3580.4 335.66 182.42 3460.3 327.33
3.2417 -69.207 3639 348.89 53.308 3577.1 335.23 190.64 3456.3 326.93
3.25 -59.685 3637.4 348.48 62.972 3573.6 334.81 198.93 3452.3 326.55
3.2583 -50.019 3635.7 348.04 72.652 3570 334.42 207.25 3448.2 326.2
3.2667 -40.231 3633.7 347.56 82.343 3566.2 334.05 215.57 3444.1 325.85
3.275 -30.359 3631.5 347.05 92.038 3562.3 333.69 223.88 3439.9 325.51
3.2833 -20.451 3629 346.52 101.73 3558.2 333.35 232.14 3435.7 325.17
3.2917 -10.543 3626.4 345.97 111.39 3554.1 333.02 240.31 3431.5 324.83
3.3 -0.69247 3623.5 345.42 121.02 3550 332.72 248.36 3427.4 324.48
3.3083 9.0765 3620.4 344.86 130.58 3545.9 332.43 256.27 3423.3 324.12
3.3167 18.715 3617.2 344.3 140.07 3541.8 332.16 264.03 3419.3 323.75
3.325 28.206 3613.8 343.75 149.45 3537.7 331.91 271.62 3415.3 323.39
3.3333 37.527 3610.4 343.21 158.71 3533.7 331.68 279.05 3411.5 323.02
3.3417 46.677 3607 342.67 167.84 3529.8 331.47 286.32 3407.8 322.66
3.35 55.664 3603.6 342.13 176.82 3526.1 331.27 293.46 3404.1 322.31
3.3583 64.509 3600.3 341.57 185.64 3522.4 331.08 300.48 3400.6 321.97
3.3667 73.23 3597 341.01 194.3 3518.9 330.9 307.41 3397.1 321.64
3.375 81.861 3593.8 340.41 202.82 3515.4 330.72 314.27 3393.6 321.33
3.3833 90.421 3590.6 339.78 211.19 3512.1 330.54 321.09 3390.3 321.03
3.3917 98.947 3587.5 339.1 219.42 3508.8 330.36 327.87 3386.9 320.74
3.4 107.45 3584.2 338.39 227.53 3505.5 330.18 334.65 3383.6 320.47
3.4083 115.95 3581 337.66 235.54 3502.3 329.99 341.42 3380.3 320.21
3.4167 124.46 3577.6 336.9 243.46 3499.1 329.81 348.2 3377 319.95
3.425 132.97 3574.2 336.15 251.31 3495.9 329.62 354.99 3373.7 319.71
3.4333 141.53 3570.7 335.4 259.1 3492.7 329.44 361.78 3370.5 319.47
3.4417 150.1 3567.1 334.69 266.84 3489.4 329.26 368.59 3367.2 319.24
3.45 158.69 3563.4 334.02 274.55 3486.1 329.08 375.39 3364 319.01
3.4583 167.28 3559.7 333.4 282.23 3482.7 328.92 382.2 3360.9 318.8
3.4667 175.89 3556 332.84 289.89 3479.3 328.77 389.02 3357.7 318.59
3.475 184.49 3552.2 332.33 297.54 3475.9 328.62 395.83 3354.6 318.39
3.4833 193.08 3548.4 331.87 305.18 3472.4 328.5 402.65 3351.5 318.2
3.4917 201.64 3544.6 331.45 312.83 3468.9 328.38 409.46 3348.4 318.02
3.5 210.18 3540.8 331.05 320.48 3465.4 328.28 416.28 3345.3 317.85
3.5083 218.68 3536.9 330.67 328.16 3461.8 328.2 423.1 3342.3 317.68
3.5167 227.15 3533 330.29 335.86 3458.2 328.12 429.92 3339.2 317.52
3.525 235.59 3529 329.9 343.59 3454.6 328.06 436.74 3336.2 317.36
3.5333 244 3524.9 329.49 351.36 3451 328.01 443.58 3333.1 317.2
3.5417 252.39 3520.7 329.06 359.18 3447.3 327.98 450.42 3330.1 317.04
3.55 260.79 3516.4 328.6 367.05 3443.6 327.94 457.27 3327 316.89
3.5583 269.2 3512 328.13 374.98 3439.9 327.92 464.15 3324 316.74
3.5667 277.63 3507.5 327.63 382.97 3436.1 327.91 471.05 3320.9 316.59
3.575 286.09 3503 327.13 391.02 3432.2 327.89 477.98 3317.8 316.45
3.5833 294.59 3498.4 326.63 399.13 3428.3 327.88 484.95 3314.7 316.32
3.5917 303.09 3493.9 326.14 407.29 3424.3 327.87 491.98 3311.7 316.18
3.6 311.65 3489.3 325.65 415.51 3420.3 327.85 499.05 3308.6 316.06
3.6083 320.2 3484.8 325.2 423.77 3416.3 327.82 506.19 3305.5 315.93
3.6167 328.78 3480.4 324.76 432.07 3412.2 327.78 513.4 3302.4 315.81
3.625 337.35 3476 324.36 440.41 3408.1 327.73 520.68 3299.2 315.69
3.6333 345.94 3471.6 323.99 448.77 3403.9 327.66 528.02 3296.1 315.58
3.6417 354.55 3467.3 323.64 457.17 3399.7 327.58 535.44 3293 315.46
3.65 363.18 3462.9 323.32 465.58 3395.6 327.48 542.93 3289.8 315.34
3.6583 371.87 3458.6 323.02 474.01 3391.3 327.37 550.47 3286.6 315.23
3.6667 380.64 3454.2 322.74 482.47 3387.1 327.24 558.08 3283.4 315.11
3.675 389.51 3449.8 322.47 490.95 3382.9 327.11 565.74 3280.2 315.01
3.6833 398.49 3445.3 322.21 499.44 3378.6 326.97 573.44 3276.9 314.91
3.6917 407.61 3440.7 321.96 507.97 3374.4 326.83 581.19 3273.6 314.83
3.7 416.88 3436 321.72 516.51 3370.1 326.69 588.97 3270.3 314.76
3.7083 426.27 3431.2 321.49 525.1 3365.8 326.56 596.78 3267 314.7
3.7167 435.78 3426.3 321.26 533.71 3361.5 326.42 604.61 3263.7 314.65
3.725 445.41 3421.3 321.05 542.37 3357.2 326.29 612.46 3260.3 314.62
3.7333 455.12 3416.1 320.83 551.07 3352.9 326.16 620.33 3257 314.6
3.7417 464.93 3410.8 320.61 559.82 3348.6 326.04 628.21 3253.7 314.58
3.75 474.79 3405.3 320.39 568.63 3344.1 325.93 636.1 3250.3 314.56
3.7583 484.71 3399.8 320.15 577.5 3339.7 325.82 643.99 3247 314.54
