0.0083333 -4.8384 3.6533 95.934 -38.745 115.88 87.536 -7.6965 238.42 81.713
0.016667 -4.2792 10.688 95.931 -38.336 124.25 87.538 -6.8485 246.98 81.662
0.025 -3.7368 17.916 95.96 -37.861 132.77 87.527 -5.944 255.58 81.605
0.033333 -3.2165 25.354 96.022 -37.315 141.45 87.503 -4.9878 264.22 81.543
0.041667 -2.7231 33.016 96.112 -36.699 150.28 87.465 -3.9849 272.92 81.479
0.05 -2.2623 40.916 96.227 -36.013 159.26 87.414 -2.9389 281.69 81.415
0.058333 -1.8384 49.068 96.356 -35.256 168.38 87.354 -1.8523 290.54 81.354
0.066667 -1.4591 57.475 96.494 -34.432 177.65 87.281 -0.72644 299.5 81.3
0.075 -1.126 66.144 96.627 -33.54 187.07 87.2 0.43909 308.59 81.255
0.083333 -0.84011 75.074 96.749 -32.583 196.64 87.111 1.6454 317.83 81.222
0.091667 -0.60512 84.254 96.851 -31.564 206.37 87.011 2.8937 327.26 81.204
0.1 -0.40886 93.682 96.927 -30.484 216.26 86.903 4.1851 336.88 81.201
0.10833 -0.24093 103.35 96.972 -29.349 226.3 86.787 5.5192 346.69 81.212
0.11667 -0.084732 113.23 96.984 -28.165 236.5 86.662 6.8937 356.71 81.238
0.125 0.080393 123.32 96.962 -26.941 246.84 86.528 8.304 366.91 81.276
0.13333 0.27945 133.59 96.908 -25.689 257.3 86.387 9.7423 377.26 81.323
0.14167 0.53476 144.03 96.824 -24.422 267.84 86.239 11.198 387.74 81.375
0.15 0.86964 154.6 96.713 -23.156 278.44 86.088 12.657 398.31 81.428
0.15833 1.3043 165.26 96.581 -21.912 289.04 85.937 14.105 408.9 81.479
0.16667 1.8533 176 96.432 -20.707 299.62 85.791 15.524 419.48 81.523
0.175 2.5233 186.78 96.271 -19.563 310.12 85.656 16.896 429.99 81.559
0.18333 3.3121 197.56 96.1 -18.497 320.51 85.537 18.201 440.4 81.584
0.19167 4.2046 208.32 95.924 -17.527 330.76 85.441 19.421 450.67 81.598
0.2 5.1757 219.02 95.742 -16.667 340.86 85.373 20.54 460.79 81.603
0.20833 6.1925 229.64 95.552 -15.927 350.79 85.338 21.54 470.74 81.6
0.21667 7.2171 240.17 95.351 -15.314 360.55 85.337 22.406 480.53 81.592
0.225 8.2131 250.6 95.134 -14.83 370.17 85.371 23.127 490.17 81.584
0.23333 9.145 260.94 94.894 -14.474 379.65 85.441 23.692 499.7 81.58
0.24167 9.9908 271.19 94.626 -14.24 389.02 85.542 24.089 509.12 81.585
0.25 10.735 281.36 94.329 -14.123 398.3 85.672 24.314 518.49 81.603
0.25833 11.372 291.46 94.003 -14.112 407.52 85.826 24.358 527.82 81.639
0.26667 11.907 301.52 93.651 -14.199 416.68 86 24.218 537.14 81.696
0.275 12.354 311.53 93.28 -14.374 425.81 86.188 23.89 546.48 81.776
0.28333 12.73 321.51 92.896 -14.629 434.91 86.388 23.374 555.84 81.883
0.29167 13.059 331.47 92.508 -14.955 443.98 86.597 22.668 565.22 82.015
0.3 13.36 341.41 92.126 -15.348 453.03 86.814 21.775 574.62 82.175
0.30833 13.65 351.33 91.757 -15.803 462.05 87.04 20.698 584.04 82.362
0.31667 13.932 361.22 91.407 -16.316 471.05 87.274 19.44 593.45 82.574
0.325 14.205 371.08 91.083 -16.885 480.02 87.519 18.007 602.84 82.812
0.33333 14.457 380.89 90.784 -17.509 488.97 87.776 16.406 612.18 83.074
0.34167 14.668 390.66 90.512 -18.186 497.92 88.048 14.645 621.48 83.359
0.35 14.81 400.36 90.264 -18.917 506.86 88.333 12.73 630.7 83.667
0.35833 14.86 410.01 90.035 -19.701 515.82 88.632 10.671 639.84 83.997
0.36667 14.797 419.61 89.821 -20.539 524.81 88.942 8.4781 648.89 84.346
0.375 14.607 429.16 89.618 -21.431 533.84 89.26 6.1601 657.86 84.713
0.38333 14.28 438.69 89.423 -22.379 542.93 89.582 3.7273 666.73 85.098
0.39167 13.823 448.2 89.233 -23.383 552.08 89.902 1.19 675.53 85.496
0.4 13.246 457.73 89.047 -24.445 561.29 90.215 -1.4414 684.24 85.908
0.40833 12.569 467.27 88.867 -25.565 570.57 90.516 -4.1562 692.89 86.329
0.41667 11.822 476.85 88.692 -26.743 579.91 90.801 -6.9439 701.47 86.758
0.425 11.031 486.48 88.525 -27.978 589.29 91.068 -9.7943 709.99 87.194
0.43333 10.223 496.14 88.366 -29.27 598.71 91.316 -12.697 718.47 87.633
0.44167 9.4186 505.86 88.218 -30.616 608.15 91.544 -15.644 726.9 88.076
0.45 8.6247 515.62 88.079 -32.015 617.61 91.755 -18.624 735.31 88.521
0.45833 7.8561 525.43 87.953 -33.465 627.07 91.951 -21.632 743.7 88.968
0.46667 7.1073 535.27 87.842 -34.965 636.52 92.136 -24.66 752.08 89.416
0.475 6.3582 545.17 87.748 -36.513 645.98 92.311 -27.701 760.46 89.864
0.48333 5.6016 555.1 87.676 -38.11 655.42 92.48 -30.751 768.85 90.312
0.49167 4.8098 565.09 87.63 -39.76 664.88 92.643 -33.806 777.27 90.758
0.5 3.9646 575.15 87.616 -41.462 674.34 92.801 -36.863 785.72 91.199
0.50833 3.0349 585.28 87.638 -43.219 683.83 92.954 -39.92 794.21 91.634
0.51667 2.01 595.52 87.702 -45.034 693.36 93.099 -42.974 802.74 92.06
0.525 0.87231 605.88 87.81 -46.909 702.94 93.237 -46.026 811.3 92.473
0.53333 -0.37081 616.37 87.962 -48.846 712.58 93.365 -49.077 819.9 92.871
0.54167 -1.7195 627.01 88.156 -50.845 722.31 93.483 -52.129 828.52 93.253
0.55 -3.1614 637.82 88.388 -52.91 732.14 93.592 -55.186 837.17 93.617
0.55833 -4.6746 648.78 88.652 -55.04 742.07 93.694 -58.253 845.83 93.963
0.56667 -6.2398 659.9 88.939 -57.239 752.11 93.793 -61.338 854.5 94.294
0.575 -7.8405 671.14 89.238 -59.51 762.28 93.892 -64.45 863.18 94.612
0.58333 -9.4619 682.5 89.538 -61.858 772.58 93.997 -67.6 871.88 94.921
0.59167 -11.094 693.98 89.824 -64.289 783.01 94.116 -70.801 880.59 95.222
0.6 -12.74 705.57 90.083 -66.812 793.57 94.252 -74.064 889.35 95.521
0.60833 -14.395 717.29 90.304 -69.437 804.28 94.412 -77.404 898.17 95.819
0.61667 -16.066 729.16 90.477 -72.174 815.12 94.597 -80.831 907.06 96.116
0.625 -17.763 741.2 90.598 -75.034 826.1 94.811 -84.357 916.06 96.413
0.63333 -19.499 753.45 90.669 -78.027 837.22 95.052 -87.989 925.19 96.706
0.64167 -21.285 765.94 90.698 -81.158 848.48 95.318 -91.731 934.47 96.992
0.65 -23.128 778.67 90.698 -84.43 859.87 95.605 -95.586 943.91 97.267
0.65833 -25.051 791.67 90.69 -87.84 871.39 95.908 -99.552 953.51 97.526
0.66667 -27.055 804.92 90.695 -91.38 883.04 96.222 -103.62 963.28 97.767
0.675 -29.158 818.38 90.737 -95.035 894.79 96.541 -107.79 973.21 97.987
0.68333 -31.366 832.01 90.838 -98.781 906.65 96.862 -112.04 983.28 98.188
0.69167 -33.687 845.76 91.014 -102.59 918.59 97.179 -116.37 993.47 98.374
0.7 -36.121 859.54 91.278 -106.44 930.59 97.493 -120.75 1003.7 98.552
0.70833 -38.673 873.31 91.631 -110.29 942.64 97.801 -125.18 1014.1 98.731
0.71667 -41.347 886.98 92.07 -114.11 954.7 98.105 -129.65 1024.4 98.922
0.725 -44.142 900.49 92.582 -117.86 966.74 98.405 -134.12 1034.8 99.136
0.73333 -47.052 913.79 93.149 -121.53 978.73 98.704 -138.61 1045.2 99.385
0.74167 -50.067 926.84 93.75 -125.08 990.64 99.004 -143.08 1055.5 99.676
0.75 -53.174 939.6 94.363 -128.5 1002.4 99.307 -147.53 1065.9 100.01
0.75833 -56.358 952.09 94.97 -131.78 1014.1 99.614 -151.94 1076.1 100.4
0.76667 -59.608 964.3 95.561 -134.92 1025.5 99.925 -156.31 1086.4 100.83
0.775 -62.929 976.29 96.136 -137.93 1036.8 100.24 -160.61 1096.6 101.31
0.78333 -66.323 988.1 96.7 -140.82 1047.9 100.56 -164.85 1106.9 101.8
0.79167 -69.806 999.79 97.265 -143.61 1058.7 100.89 -169 1117.1 102.31
0.8 -73.383 1011.4 97.843 -146.32 1069.3 101.21 -173.05 1127.3 102.82
0.80833 -77.057 1023 98.446 -148.97 1079.7 101.53 -177 1137.6 103.31
0.81667 -80.83 1034.5 99.084 -151.59 1089.9 101.86 -180.85 1147.9 103.77
0.825 -84.686 1046 99.764 -154.2 1100 102.18 -184.57 1158.2 104.19
0.83333 -88.609 1057.6 100.49 -156.81 1109.8 102.49 -188.19 1168.6 104.56
0.84167 -92.574 1069 101.26 -159.45 1119.6 102.81 -191.7 1179 104.88
0.85 -96.55 1080.5 102.07 -162.13 1129.3 103.13 -195.1 1189.4 105.15
0.85833 -100.51 1091.8 102.92 -164.86 1139 103.45 -198.42 1199.8 105.36
0.86667 -104.42 1103.1 103.79 -167.64 1148.6 103.79 -201.66 1210.2 105.52
0.875 -108.27 1114.3 104.68 -170.48 1158.3 104.13 -204.84 1220.6 105.65
0.88333 -112.03 1125.4 105.6 -173.38 1167.9 104.48 -207.97 1231.1 105.74
0.89167 -115.7 1136.3 106.53 -176.35 1177.6 104.86 -211.09 1241.5 105.81
0.9 -119.28 1147.2 107.47 -179.38 1187.4 105.24 -214.19 1251.9 105.85
0.90833 -122.79 1158 108.45 -182.47 1197.3 105.64 -217.3 1262.3 105.88
0.91667 -126.24 1168.7 109.45 -185.63 1207.2 106.06 -220.42 1272.7 105.9
0.925 -129.66 1179.3 110.49 -188.86 1217.3 106.49 -223.57 1283.1 105.9
0.93333 -133.05 1189.9 111.57 -192.17 1227.4 106.93 -226.74 1293.5 105.9
0.94167 -136.44 1200.4 112.7 -195.55 1237.6 107.39 -229.95 1303.9 105.88
0.95 -139.83 1210.9 113.87 -199.01 1247.9 107.86 -233.18 1314.2 105.86
0.95833 -143.23 1221.4 115.08 -202.56 1258.3 108.35 -236.43 1324.6 105.82
0.96667 -146.63 1231.8 116.32 -206.2 1268.8 108.87 -239.71 1334.9 105.79
0.975 -150.02 1242.2 117.57 -209.94 1279.3 109.4 -243.01 1345.3 105.74
0.98333 -153.39 1252.6 118.82 -213.78 1289.8 109.96 -246.32 1355.6 105.69
0.99167 -156.72 1263.1 120.05 -217.72 1300.5 110.54 -249.64 1365.9 105.63
1 -160.01 1273.6 121.26 -221.75 1311.1 111.15 -252.97 1376.2 105.57
1.0083 -163.24 1284.2 122.41 -225.87 1321.8 111.78 -256.31 1386.5 105.5
1.0167 -166.43 1294.9 123.52 -230.07 1332.6 112.43 -259.67 1396.8 105.43
1.025 -169.59 1305.8 124.55 -234.34 1343.3 113.09 -263.04 1407.1 105.35
1.0333 -172.72 1316.7 125.52 -238.68 1354.1 113.76 -266.43 1417.4 105.26
1.0417 -175.86 1327.8 126.41 -243.07 1364.9 114.43 -269.85 1427.8 105.15
1.05 -179.03 1339.1 127.22 -247.51 1375.7 115.1 -273.29 1438.2 105.04
1.0583 -182.25 1350.4 127.95 -251.97 1386.6 115.76 -276.76 1448.6 104.91
1.0667 -185.54 1361.9 128.61 -256.46 1397.5 116.4 -280.26 1459.2 104.77
1.075 -188.92 1373.5 129.19 -260.96 1408.4 117.02 -283.8 1469.7 104.61
1.0833 -192.43 1385.2 129.7 -265.48 1419.3 117.62 -287.37 1480.4 104.45
1.0917 -196.06 1397.1 130.14 -270.01 1430.3 118.2 -290.97 1491.1 104.28
1.1 -199.84 1409 130.53 -274.55 1441.4 118.74 -294.61 1501.9 104.11
1.1083 -203.79 1421 130.85 -279.1 1452.6 119.27 -298.29 1512.7 103.94
1.1167 -207.9 1433 131.11 -283.67 1463.8 119.77 -302.01 1523.6 103.78
1.125 -212.17 1445.1 131.3 -288.24 1475.1 120.24 -305.78 1534.6 103.63
1.1333 -216.61 1457.2 131.44 -292.84 1486.6 120.67 -309.61 1545.6 103.5
1.1417 -221.19 1469.3 131.53 -297.44 1498.2 121.06 -313.51 1556.6 103.38
1.15 -225.94 1481.5 131.57 -302.06 1509.9 121.42 -317.49 1567.7 103.29
1.1583 -230.85 1493.8 131.58 -306.69 1521.7 121.72 -321.56 1578.9 103.22
1.1667 -235.96 1506.1 131.57 -311.32 1533.7 121.97 -325.73 1590.1 103.18
1.175 -241.27 1518.6 131.54 -315.96 1545.8 122.16 -330 1601.3 103.17
1.1833 -246.81 1531.1 131.52 -320.58 1558 122.29 -334.38 1612.6 103.18
1.1917 -252.6 1543.8 131.51 -325.2 1570.2 122.35 -338.86 1624 103.23
1.2 -258.63 1556.5 131.5 -329.83 1582.6 122.36 -343.44 1635.4 103.3
1.2083 -264.91 1569.3 131.5 -334.45 1594.9 122.31 -348.11 1646.9 103.4
1.2167 -271.39 1582.1 131.51 -339.1 1607.3 122.22 -352.85 1658.5 103.52
1.225 -278.05 1594.9 131.51 -343.77 1619.6 122.1 -357.64 1670 103.66
1.2333 -284.82 1607.7 131.51 -348.5 1631.9 121.96 -362.46 1681.7 103.81
1.2417 -291.65 1620.3 131.49 -353.3 1644.1 121.83 -367.29 1693.3 103.95
1.25 -298.47 1632.8 131.46 -358.19 1656.1 121.72 -372.12 1704.9 104.09
1.2583 -305.22 1645.2 131.42 -363.19 1668.1 121.64 -376.93 1716.6 104.19
1.2667 -311.84 1657.4 131.38 -368.31 1679.9 121.63 -381.73 1728.1 104.27
1.275 -318.32 1669.4 131.34 -373.55 1691.5 121.67 -386.53 1739.6 104.3
1.2833 -324.64 1681.4 131.33 -378.93 1702.9 121.8 -391.32 1751 104.29
1.2917 -330.8 1693.1 131.33 -384.42 1714.2 122 -396.15 1762.2 104.22
1.3 -336.84 1704.8 131.38 -390.03 1725.3 122.29 -401.04 1773.3 104.11
1.3083 -342.78 1716.2 131.46 -395.73 1736.2 122.66 -406.03 1784.2 103.97
1.3167 -348.65 1727.6 131.59 -401.5 1746.9 123.1 -411.16 1795 103.8
1.325 -354.47 1738.8 131.76 -407.33 1757.4 123.6 -416.46 1805.5 103.61
1.3333 -360.25 1750 131.97 -413.2 1767.7 124.16 -421.98 1815.9 103.44
1.3417 -366.01 1761 132.2 -419.1 1777.9 124.75 -427.74 1826.2 103.3
1.35 -371.76 1772 132.45 -425 1787.9 125.37 -433.77 1836.3 103.2
1.3583 -377.52 1783 132.7 -430.9 1797.7 126.02 -440.08 1846.2 103.17
1.3667 -383.3 1793.8 132.93 -436.81 1807.4 126.67 -446.66 1856 103.2
1.375 -389.13 1804.5 133.14 -442.72 1817 127.32 -453.52 1865.8 103.32
1.3833 -395.03 1815.1 133.3 -448.64 1826.4 127.98 -460.62 1875.4 103.52
1.3917 -401.02 1825.5 133.43 -454.58 1835.7 128.63 -467.94 1884.9 103.8
1.4 -407.1 1835.7 133.51 -460.55 1845 129.28 -475.46 1894.3 104.14
1.4083 -413.29 1845.6 133.56 -466.58 1854.2 129.92 -483.13 1903.7 104.53
1.4167 -419.58 1855.3 133.57 -472.67 1863.3 130.56 -490.93 1913 104.96
1.425 -425.97 1864.8 133.57 -478.84 1872.4 131.19 -498.82 1922.2 105.4
1.4333 -432.45 1874.2 133.56 -485.08 1881.5 131.82 -506.78 1931.3 105.84
1.4417 -439 1883.3 133.54 -491.42 1890.6 132.43 -514.77 1940.3 106.27
1.45 -445.61 1892.3 133.54 -497.86 1899.6 133.03 -522.78 1949.3 106.68
1.4583 -452.26 1901.3 133.55 -504.38 1908.7 133.62 -530.8 1958.1 107.06
1.4667 -458.93 1910.1 133.58 -511 1917.8 134.19 -538.81 1966.9 107.41
1.475 -465.61 1919 133.63 -517.71 1926.9 134.73 -546.81 1975.6 107.72
1.4833 -472.29 1927.8 133.68 -524.51 1936 135.25 -554.79 1984.2 108
1.4917 -478.97 1936.7 133.73 -531.4 1945.1 135.75 -562.75 1992.8 108.26
1.5 -485.64 1945.6 133.78 -538.37 1954.2 136.21 -570.69 2001.3 108.51
1.5083 -492.32 1954.5 133.81 -545.43 1963.3 136.64 -578.6 2009.9 108.73
1.5167 -499.01 1963.5 133.82 -552.59 1972.4 137.04 -586.48 2018.4 108.95
1.525 -505.73 1972.5 133.8 -559.84 1981.5 137.42 -594.33 2026.9 109.15
1.5333 -512.49 1981.6 133.75 -567.19 1990.6 137.76 -602.15 2035.5 109.35
1.5417 -519.29 1990.6 133.69 -574.65 1999.7 138.07 -609.93 2044 109.53
1.55 -526.17 1999.7 133.6 -582.23 2008.9 138.35 -617.68 2052.7 109.69
1.5583 -533.13 2008.7 133.51 -589.92 2018 138.6 -625.4 2061.3 109.83
1.5667 -540.21 2017.8 133.41 -597.72 2027.1 138.83 -633.1 2070 109.94
1.575 -547.41 2026.8 133.32 -605.64 2036.3 139.03 -640.77 2078.7 110.02
1.5833 -554.75 2035.9 133.23 -613.67 2045.5 139.19 -648.43 2087.4 110.07
1.5917 -562.27 2045 133.15 -621.82 2054.7 139.33 -656.09 2096.1 110.09
1.6 -569.96 2054.2 133.07 -630.06 2063.8 139.44 -663.76 2104.9 110.07
1.6083 -577.81 2063.4 133 -638.4 2073 139.53 -671.45 2113.6 110.03
1.6167 -585.84 2072.6 132.93 -646.83 2082.2 139.59 -679.17 2122.3 109.97
1.625 -594.01 2081.9 132.87 -655.34 2091.4 139.63 -686.93 2131 109.88
1.6333 -602.33 2091.3 132.81 -663.92 2100.6 139.67 -694.75 2139.6 109.78
1.6417 -610.78 2100.6 132.75 -672.58 2109.8 139.69 -702.64 2148.2 109.68
1.65 -619.38 2110.1 132.69 -681.31 2119 139.72 -710.61 2156.8 109.57
1.6583 -628.16 2119.5 132.62 -690.12 2128.1 139.75 -718.67 2165.4 109.45
1.6667 -637.11 2129 132.55 -698.99 2137.2 139.8 -726.82 2173.9 109.32
1.675 -646.28 2138.6 132.47 -707.94 2146.3 139.86 -735.07 2182.5 109.18
1.6833 -655.67 2148.3 132.37 -716.96 2155.3 139.93 -743.43 2191 109.03
1.6917 -665.31 2158.1 132.27 -726.07 2164.3 140.03 -751.89 2199.5 108.86
1.7 -675.2 2168 132.17 -735.26 2173.3 140.14 -760.46 2208 108.66
1.7083 -685.33 2178 132.08 -744.53 2182.2 140.26 -769.14 2216.4 108.43
1.7167 -695.66 2188.2 132.02 -753.88 2191.1 140.39 -777.91 2224.9 108.16
1.725 -706.17 2198.4 131.99 -763.3 2200 140.52 -786.77 2233.4 107.87
1.7333 -716.8 2208.8 132.01 -772.78 2208.9 140.63 -795.71 2241.8 107.55
1.7417 -727.5 2219.1 132.09 -782.3 2217.8 140.72 -804.72 2250.2 107.2
1.75 -738.19 2229.3 132.23 -791.85 2226.7 140.79 -813.78 2258.6 106.85
1.7583 -748.82 2239.5 132.43 -801.39 2235.7 140.82 -822.88 2266.9 106.49
1.7667 -759.33 2249.5 132.69 -810.9 2244.6 140.8 -832 2275.2 106.14
1.775 -769.68 2259.2 132.99 -820.35 2253.7 140.75 -841.13 2283.5 105.8
1.7833 -779.82 2268.8 133.32 -829.72 2262.7 140.64 -850.27 2291.7 105.5
1.7917 -789.75 2278 133.65 -838.97 2271.8 140.5 -859.39 2300 105.24
1.8 -799.43 2287.1 133.97 -848.08 2281 140.3 -868.48 2308.3 105.01
1.8083 -808.89 2295.9 134.26 -857.02 2290.1 140.07 -877.55 2316.6 104.83
1.8167 -818.16 2304.5 134.53 -865.77 2299.3 139.81 -886.58 2324.9 104.69
1.825 -827.27 2312.9 134.77 -874.33 2308.4 139.51 -895.56 2333.4 104.58
1.8333 -836.27 2321.2 134.98 -882.69 2317.5 139.19 -904.5 2341.9 104.5
1.8417 -845.19 2329.4 135.18 -890.85 2326.5 138.85 -913.39 2350.6 104.45
1.85 -854.03 2337.5 135.36 -898.83 2335.5 138.5 -922.22 2359.3 104.41
1.8583 -862.81 2345.7 135.53 -906.63 2344.3 138.14 -931 2368.3 104.37
1.8667 -871.51 2353.8 135.7 -914.27 2353.1 137.78 -939.71 2377.4 104.33
1.875 -880.12 2362 135.87 -921.79 2361.8 137.42 -948.35 2386.6 104.28
1.8833 -888.63 2370.2 136.05 -929.19 2370.4 137.05 -956.92 2396 104.21
1.8917 -897.01 2378.4 136.24 -936.52 2378.9 136.69 -965.39 2405.6 104.13
1.9 -905.24 2386.7 136.43 -943.78 2387.3 136.33 -973.77 2415.3 104.03
1.9083 -913.31 2395.2 136.62 -951.01 2395.7 135.97 -982.04 2425.1 103.92
1.9167 -921.23 2403.6 136.81 -958.21 2404.1 135.61 -990.2 2435 103.79
1.925 -929 2412.2 137 -965.41 2412.5 135.25 -998.23 2445 103.65
1.9333 -936.65 2420.8 137.18 -972.61 2420.9 134.88 -1006.1 2455 103.49
1.9417 -944.18 2429.5 137.36 -979.83 2429.3 134.51 -1013.9 2465.1 103.33
1.95 -951.63 2438.2 137.53 -987.07 2437.8 134.14 -1021.5 2475.2 103.15
1.9583 -959.03 2446.9 137.7 -994.33 2446.3 133.77 -1029 2485.3 102.96
1.9667 -966.39 2455.6 137.87 -1001.6 2455 133.4 -1036.3 2495.4 102.76
1.975 -973.73 2464.3 138.05 -1008.9 2463.6 133.04 -1043.5 2505.5 102.54
1.9833 -981.06 2472.9 138.23 -1016.3 2472.4 132.69 -1050.6 2515.6 102.3
1.9917 -988.39 2481.5 138.42 -1023.7 2481.2 132.36 -1057.6 2525.6 102.03
2 -995.71 2490 138.62 -1031.1 2490.1 132.04 -1064.4 2535.6 101.75
2.0083 -1003 2498.5 138.84 -1038.5 2499 131.75 -1071.1 2545.5 101.44
2.0167 -1010.3 2506.9 139.07 -1046 2508 131.48 -1077.7 2555.4 101.1
2.025 -1017.6 2515.4 139.31 -1053.5 2517.1 131.24 -1084.2 2565.3 100.74
2.0333 -1024.9 2523.8 139.56 -1061.1 2526.3 131.01 -1090.6 2575.1 100.36
2.0417 -1032.1 2532.3 139.82 -1068.8 2535.5 130.81 -1097 2584.9 99.963
2.05 -1039.4 2541 140.08 -1076.4 2544.9 130.63 -1103.3 2594.7 99.546
2.0583 -1046.6 2549.7 140.34 -1084.2 2554.3 130.46 -1109.6 2604.4 99.116
2.0667 -1053.8 2558.6 140.59 -1091.9 2563.8 130.29 -1115.8 2614.1 98.674
2.075 -1061.1 2567.7 140.82 -1099.7 2573.5 130.14 -1122 2623.7 98.226
2.0833 -1068.3 2576.9 141.02 -1107.5 2583.2 129.99 -1128.1 2633.3 97.773
2.0917 -1075.6 2586.4 141.19 -1115.3 2593 129.85 -1134.3 2642.9 97.318
2.1 -1082.9 2596 141.34 -1123.1 2603 129.71 -1140.4 2652.5 96.862
2.1083 -1090.3 2605.9 141.46 -1130.9 2613 129.58 -1146.6 2662.1 96.407
2.1167 -1097.7 2615.9 141.56 -1138.6 2623.1 129.46 -1152.7 2671.8 95.954
2.125 -1105.2 2626 141.64 -1146.3 2633.3 129.36 -1158.8 2681.5 95.504
2.1333 -1112.8 2636.2 141.7 -1154 2643.5 129.27 -1164.9 2691.2 95.056
2.1417 -1120.5 2646.5 141.74 -1161.6 2653.9 129.21 -1171 2701.1 94.609
2.15 -1128.2 2656.7 141.76 -1169.2 2664.2 129.17 -1177 2711.1 94.161
2.1583 -1136 2666.8 141.74 -1176.7 2674.7 129.14 -1183 2721.2 93.71
2.1667 -1143.8 2676.9 141.7 -1184.2 2685.3 129.13 -1189 2731.4 93.254
2.175 -1151.7 2686.9 141.63 -1191.6 2695.9 129.12 -1194.9 2741.8 92.788
2.1833 -1159.7 2696.9 141.53 -1199 2706.6 129.12 -1200.8 2752.3 92.311
2.1917 -1167.7 2706.9 141.42 -1206.3 2717.5 129.11 -1206.7 2762.9 91.82
2.2 -1175.8 2716.9 141.3 -1213.6 2728.4 129.08 -1212.6 2773.6 91.314
2.2083 -1184.1 2727.1 141.17 -1220.9 2739.4 129.04 -1218.4 2784.5 90.793
2.2167 -1192.5 2737.4 141.04 -1228.2 2750.6 128.96 -1224.2 2795.4 90.26
2.225 -1201 2747.9 140.91 -1235.4 2761.8 128.86 -1230 2806.5 89.718
2.2333 -1209.7 2758.6 140.78 -1242.6 2773.2 128.73 -1235.9 2817.5 89.17
2.2417 -1218.4 2769.6 140.62 -1249.8 2784.5 128.57 -1241.7 2828.7 88.624
2.25 -1227.2 2780.7 140.44 -1257 2795.9 128.38 -1247.6 2839.9 88.084
2.2583 -1236 2791.9 140.23 -1264.1 2807.4 128.17 -1253.5 2851.1 87.558
2.2667 -1244.6 2803.2 139.97 -1271.2 2818.7 127.94 -1259.5 2862.3 87.049
2.275 -1253.2 2814.6 139.66 -1278.3 2830.1 127.7 -1265.4 2873.6 86.561
2.2833 -1261.6 2825.9 139.31 -1285.4 2841.3 127.45 -1271.4 2884.9 86.094
2.2917 -1269.7 2837.1 138.92 -1292.5 2852.4 127.21 -1277.3 2896.3 85.646
2.3 -1277.6 2848.3 138.5 -1299.5 2863.3 126.98 -1283.3 2907.6 85.216
2.3083 -1285.2 2859.3 138.07 -1306.5 2874.1 126.76 -1289.2 2919 84.797
2.3167 -1292.6 2870.2 137.63 -1313.5 2884.7 126.56 -1295.1 2930.3 84.385
2.325 -1299.7 2881 137.2 -1320.5 2895.1 126.37 -1301 2941.5 83.977
2.3333 -1306.5 2891.7 136.79 -1327.5 2905.3 126.21 -1306.9 2952.7 83.569
2.3417 -1313.2 2902.3 136.39 -1334.4 2915.3 126.07 -1312.8 2963.9 83.163
2.35 -1319.7 2912.9 136.01 -1341.3 2925.1 125.95 -1318.6 2974.9 82.759
2.3583 -1326.1 2923.4 135.65 -1348.2 2934.7 125.85 -1324.5 2985.9 82.363
2.3667 -1332.4 2933.9 135.31 -1355 2944.2 125.76 -1330.4 2996.7 81.984
2.375 -1338.7 2944.4 134.97 -1361.7 2953.6 125.7 -1336.4 3007.5 81.629
2.3833 -1344.9 2954.9 134.63 -1368.4 2962.8 125.65 -1342.5 3018.1 81.309
2.3917 -1351 2965.4 134.29 -1375 2972 125.61 -1348.7 3028.7 81.031
2.4 -1357.2 2975.9 133.93 -1381.6 2981.1 125.57 -1355 3039.2 80.803
2.4083 -1363.3 2986.4 133.55 -1388 2990.1 125.55 -1361.3 3049.7 80.629
2.4167 -1369.4 2996.9 133.15 -1394.5 2999.1 125.53 -1367.8 3060.2 80.507
2.425 -1375.5 3007.2 132.71 -1400.9 3008.1 125.51 -1374.4 3070.6 80.436
2.4333 -1381.6 3017.4 132.25 -1407.2 3017.1 125.49 -1381.1 3081.1 80.406
2.4417 -1387.6 3027.5 131.76 -1413.5 3026 125.48 -1387.8 3091.5 80.409
2.45 -1393.6 3037.3 131.25 -1419.8 3035 125.47 -1394.6 3102 80.43
2.4583 -1399.6 3047 130.72 -1426.1 3044 125.46 -1401.3 3112.4 80.458
2.4667 -1405.6 3056.6 130.19 -1432.3 3053 125.45 -1408.1 3122.8 80.479
2.475 -1411.7 3066 129.65 -1438.6 3062 125.45 -1414.9 3133.1 80.484
2.4833 -1417.7 3075.3 129.12 -1444.8 3071.1 125.44 -1421.6 3143.4 80.464
2.4917 -1423.7 3084.4 128.6 -1451.1 3080.1 125.44 -1428.3 3153.6 80.416
2.5 -1429.8 3093.6 128.09 -1457.4 3089.2 125.43 -1434.9 3163.6 80.338
2.5083 -1435.8 3102.6 127.6 -1463.7 3098.3 125.41 -1441.5 3173.6 80.23
2.5167 -1441.9 3111.7 127.1 -1469.9 3107.4 125.4 -1448 3183.4 80.097
2.525 -1448 3120.9 126.61 -1476.2 3116.6 125.37 -1454.5 3193.1 79.942
2.5333 -1454.2 3130 126.12 -1482.5 3125.8 125.33 -1460.9 3202.6 79.77
2.5417 -1460.3 3139.2 125.62 -1488.8 3135 125.29 -1467.4 3212.1 79.583
2.55 -1466.6 3148.4 125.09 -1495.1 3144.4 125.22 -1473.7 3221.4 79.385
2.5583 -1472.8 3157.6 124.56 -1501.4 3153.8 125.15 -1480.1 3230.6 79.176
2.5667 -1479.1 3166.8 124 -1507.7 3163.2 125.05 -1486.5 3239.8 78.957
2.575 -1485.5 3176.1 123.44 -1514 3172.7 124.92 -1492.8 3248.9 78.726
2.5833 -1491.9 3185.3 122.89 -1520.2 3182.2 124.76 -1499.1 3258 78.485
2.5917 -1498.3 3194.5 122.33 -1526.4 3191.7 124.55 -1505.4 3267.1 78.23
2.6 -1504.8 3203.7 121.8 -1532.6 3201.3 124.39 -1511.6 3276.2 77.965
2.6083 -1511.4 3212.9 121.31 -1538.8 3211.2 124.26 -1517.9 3285.3 77.688
2.6167 -1518 3222.1 120.86 -1545.2 3221 124.14 -1524.1 3294.5 77.405
2.625 -1524.7 3231.3 120.45 -1551.5 3231 124.05 -1530.3 3303.6 77.117
2.6333 -1531.5 3240.6 120.08 -1557.9 3240.9 123.95 -1536.5 3312.8 76.829
2.6417 -1538.3 3249.9 119.74 -1564.4 3250.8 123.85 -1542.7 3322.1 76.545
2.65 -1545.2 3259.4 119.45 -1570.9 3260.8 123.76 -1548.8 3331.4 76.264
2.6583 -1552.1 3268.9 119.17 -1577.4 3270.7 123.62 -1554.9 3340.7 75.998
2.6667 -1559.1 3278.6 118.93 -1583.9 3280.7 123.51 -1561 3350 75.734
2.675 -1566.1 3288.4 118.69 -1590.5 3290.8 123.4 -1567.2 3359.4 75.493
2.6833 -1573.1 3298.3 118.48 -1597.1 3300.9 123.3 -1573.3 3368.9 75.254
2.6917 -1580.1 3308.3 118.29 -1603.7 3311.1 123.18 -1579.4 3378.4 75.015
2.7 -1587.2 3318.4 118.11 -1610.4 3321.2 123.02 -1585.4 3387.9 74.775
2.7083 -1594.3 3328.6 117.95 -1617 3331.4 122.89 -1591.5 3397.6 74.527
2.7167 -1601.5 3338.9 117.78 -1623.7 3341.7 122.73 -1597.5 3407.3 74.269
2.725 -1608.8 3349.3 117.63 -1630.3 3351.9 122.57 -1603.6 3417.1 74.001
2.7333 -1616.2 3359.9 117.48 -1637 3362.2 122.41 -1609.6 3426.9 73.721
2.7417 -1623.7 3370.5 117.35 -1643.7 3372.4 122.23 -1615.7 3436.9 73.434
2.75 -1631.4 3381.4 117.23 -1650.3 3382.6 122.08 -1621.7 3447 73.142
2.7583 -1639.1 3392.4 117.14 -1657 3392.9 121.9 -1627.7 3457.2 72.852
2.7667 -1647 3403.4 117.09 -1663.7 3403.1 121.73 -1633.8 3467.5 72.569
2.775 -1654.8 3414.5 117.07 -1670.3 3413.2 121.53 -1639.8 3477.9 72.298
2.7833 -1662.7 3425.6 117.1 -1677 3423.4 121.35 -1645.8 3488.4 72.043
2.7917 -1670.5 3436.6 117.17 -1683.6 3433.6 121.16 -1651.8 3498.9 71.805
2.8 -1678.1 3447.4 117.26 -1690.1 3443.9 120.95 -1657.7 3509.5 71.583
2.8083 -1685.7 3458.2 117.38 -1696.6 3454.2 120.76 -1663.6 3520.1 71.377
2.8167 -1693.1 3469 117.49 -1703 3464.5 120.54 -1669.4 3530.7 71.181
2.825 -1700.2 3479.4 117.59 -1709.3 3475.1 120.33 -1675.1 3541.3 70.989
2.8333 -1707 3489.6 117.65 -1715.5 3485.8 120.11 -1680.8 3551.8 70.796
2.8417 -1713.6 3499.5 117.64 -1721.5 3496.5 119.85 -1686.3 3562.4 70.597
2.85 -1720 3509.3 117.55 -1727.3 3507.4 119.53 -1691.7 3572.9 70.388
2.8583 -1726.1 3518.9 117.36 -1732.8 3518.3 119.16 -1696.9 3583.4 70.168
2.8667 -1732 3528.3 117.08 -1738.2 3529.2 118.75 -1701.9 3593.9 69.936
2.875 -1737.8 3537.6 116.72 -1743.4 3540.2 118.3 -1706.8 3604.4 69.697
2.8833 -1743.4 3546.9 116.27 -1748.4 3551.1 117.8 -1711.5 3615 69.452
2.8917 -1748.9 3556.1 115.77 -1753.2 3562 117.25 -1715.9 3625.7 69.207
2.9 -1754.2 3565.3 115.23 -1757.8 3572.9 116.64 -1720.1 3636.5 68.967
2.9083 -1759.4 3574.4 114.68 -1762.3 3583.7 115.99 -1724.1 3647.4 68.733
2.9167 -1764.3 3583.6 114.13 -1766.5 3594.4 115.29 -1727.9 3658.4 68.509
2.925 -1769.1 3592.9 113.61 -1770.6 3605 114.54 -1731.4 3669.6 68.293
2.9333 -1773.6 3602.1 113.13 -1774.6 3615.5 113.75 -1734.7 3680.9 68.081
2.9417 -1777.8 3611.4 112.7 -1778.4 3625.9 112.93 -1737.7 3692.3 67.867
2.95 -1781.7 3620.8 112.32 -1782 3636.2 112.07 -1740.5 3703.9 67.645
2.9583 -1785.4 3630.1 111.99 -1785.5 3646.5 111.18 -1743.1 3715.4 67.407
2.9667 -1788.9 3639.5 111.7 -1788.8 3656.7 110.28 -1745.4 3727 67.146
2.975 -1792.1 3648.8 111.45 -1792 3667 109.37 -1747.4 3738.6 66.858
2.9833 -1795.2 3658.2 111.21 -1795.1 3677.2 108.45 -1749.3 3750.2 66.538
2.9917 -1798.1 3667.5 110.98 -1798.1 3687.5 107.54 -1751 3761.7 66.189
3 -1800.9 3676.8 110.73 -1800.9 3697.8 106.63 -1752.5 3773.1 65.812
3.0083 -1803.6 3686.1 110.47 -1803.7 3708.2 105.74 -1753.8 3784.5 65.413
3.0167 -1806.2 3695.4 110.19 -1806.3 3718.6 104.87 -1754.9 3795.7 64.999
3.025 -1808.9 3704.6 109.89 -1808.9 3729.1 104.02 -1756 3806.9 64.576
3.0333 -1811.5 3713.9 109.57 -1811.3 3739.6 103.2 -1756.9 3818 64.151
3.0417 -1814.1 3723 109.24 -1813.8 3750.1 102.4 -1757.8 3829 63.73
3.05 -1816.7 3732.2 108.9 -1816.1 3760.7 101.64 -1758.6 3840 63.315
3.0583 -1819.4 3741.4 108.56 -1818.4 3771.3 100.9 -1759.3 3850.9 62.904
3.0667 -1822 3750.6 108.24 -1820.6 3781.9 100.2 -1760 3861.8 62.496
3.075 -1824.6 3759.8 107.93 -1822.8 3792.5 99.531 -1760.5 3872.7 62.085
3.0833 -1827.1 3769.1 107.64 -1824.9 3803.2 98.897 -1761.1 3883.5 61.664
3.0917 -1829.5 3778.5 107.37 -1826.9 3813.8 98.298 -1761.5 3894.4 61.226
3.1 -1831.8 3788 107.11 -1828.8 3824.4 97.736 -1761.9 3905.3 60.766
3.1083 -1834 3797.6 106.86 -1830.6 3835.1 97.208 -1762.2 3916.1 60.279
3.1167 -1836 3807.3 106.61 -1832.2 3845.8 96.715 -1762.4 3926.9 59.766
3.125 -1837.9 3817.1 106.36 -1833.8 3856.5 96.253 -1762.6 3937.7 59.231
3.1333 -1839.6 3827.1 106.09 -1835.2 3867.2 95.818 -1762.6 3948.5 58.681
3.1417 -1841.2 3837.3 105.8 -1836.4 3877.9 95.41 -1762.6 3959.3 58.125
3.15 -1842.6 3847.6 105.5 -1837.5 3888.7 95.017 -1762.5 3970 57.576
3.1583 -1843.9 3858.1 105.19 -1838.5 3899.5 94.635 -1762.3 3980.7 57.047
3.1667 -1845.1 3868.8 104.87 -1839.3 3910.3 94.269 -1762.1 3991.4 56.548
3.175 -1846.2 3879.6 104.55 -1840 3921.1 93.905 -1761.8 4002 56.09
3.1833 -1847.3 3890.5 104.23 -1840.6 3931.9 93.541 -1761.4 4012.6 55.677
3.1917 -1848.4 3901.6 103.92 -1841 3942.8 93.181 -1761 4023.2 55.31
3.2 -1849.6 3912.7 103.61 -1841.2 3953.6 92.82 -1760.5 4033.8 54.984
3.2083 -1850.7 3923.9 103.3 -1841.3 3964.4 92.457 -1759.9 4044.4 54.689
3.2167 -1851.8 3935.1 103.01 -1841.3 3975.3 92.096 -1759.2 4055 54.412
3.225 -1852.9 3946.5 102.73 -1841.1 3986.1 91.726 -1758.4 4065.6 54.137
3.2333 -1854 3957.9 102.46 -1840.8 3996.9 91.359 -1757.5 4076.2 53.847
3.2417 -1855.1 3969.4 102.19 -1840.3 4007.8 90.982 -1756.4 4086.9 53.525
3.25 -1856.2 3981.1 101.93 -1839.6 4018.7 90.605 -1755.1 4097.5 53.16
3.2583 -1857.3 3992.8 101.64 -1838.7 4029.7 90.221 -1753.7 4108.2 52.742
3.2667 -1858.3 4004.7 101.33 -1837.6 4040.7 89.829 -1752 4119 52.266
3.275 -1859.2 4016.6 100.98 -1836.4 4051.8 89.427 -1750.2 4129.7 51.734
3.2833 -1859.9 4028.6 100.57 -1835.1 4063 89.012 -1748.1 4140.5 51.152
3.2917 -1860.4 4040.6 100.09 -1833.6 4074.2 88.582 -1745.9 4151.3 50.528
3.3 -1860.7 4052.5 99.54 -1832.1 4085.5 88.136 -1743.6 4162.1 49.876
3.3083 -1860.7 4064.4 98.924 -1830.5 4096.8 87.675 -1741.1 4172.9 49.209
3.3167 -1860.3 4076.1 98.256 -1828.8 4108.2 87.197 -1738.6 4183.6 48.54
3.325 -1859.7 4087.7 97.547 -1827.2 4119.6 86.702 -1735.9 4194.3 47.882
3.3333 -1858.8 4099 96.808 -1825.7 4130.9 86.196 -1733.2 4204.9 47.244
3.3417 -1857.7 4110.1 96.057 -1824.1 4142.2 85.679 -1730.5 4215.5 46.63
3.35 -1856.3 4120.9 95.305 -1822.7 4153.4 85.155 -1727.8 4225.9 46.042
3.3583 -1854.7 4131.6 94.564 -1821.3 4164.4 84.628 -1725.1 4236.3 45.478
3.3667 -1852.9 4142 93.836 -1820 4175.3 84.103 -1722.4 4246.5 44.933
3.375 -1851 4152.3 93.121 -1818.8 4186 83.584 -1719.7 4256.7 44.398
3.3833 -1849 4162.4 92.413 -1817.6 4196.4 83.072 -1717 4266.7 43.866
3.3917 -1847 4172.5 91.704 -1816.4 4206.7 82.569 -1714.3 4276.6 43.329
3.4 -1844.8 4182.6 90.982 -1815.2 4216.7 82.073 -1711.7 4286.4 42.783
3.4083 -1842.6 4192.6 90.236 -1813.9 4226.5 81.588 -1709.1 4296.2 42.224
3.4167 -1840.4 4202.6 89.459 -1812.6 4236.1 81.1 -1706.4 4305.8 41.654
3.425 -1838.1 4212.6 88.646 -1811.2 4245.6 80.604 -1703.8 4315.3 41.076
3.4333 -1835.7 4222.6 87.789 -1809.7 4254.9 80.108 -1701.2 4324.7 40.497
3.4417 -1833.3 4232.5 86.895 -1808.1 4264.1 79.588 -1698.6 4334 39.925
3.45 -1830.8 4242.4 85.965 -1806.4 4273.2 79.053 -1696 4343.3 39.368
3.4583 -1828.3 4252.1 85.01 -1804.7 4282.2 78.502 -1693.4 4352.4 38.835
3.4667 -1825.7 4261.7 84.04 -1802.8 4291.2 77.922 -1690.8 4361.5 38.332
3.475 -1823.1 4271.1 83.067 -1800.8 4300.1 77.32 -1688.2 4370.5 37.863
3.4833 -1820.4 4280.4 82.1 -1798.8 4309 76.69 -1685.5 4379.4 37.428
3.4917 -1817.7 4289.5 81.147 -1796.6 4317.9 76.049 -1682.8 4388.2 37.024
3.5 -1815 4298.4 80.21 -1794.4 4326.7 75.394 -1680 4396.9 36.643
3.5083 -1812.2 4307.2 79.288 -1792.1 4335.5 74.727 -1677.2 4405.5 36.276
3.5167 -1809.4 4315.9 78.376 -1789.7 4344.3 74.051 -1674.3 4414 35.912
3.525 -1806.5 4324.5 77.465 -1787.2 4353.1 73.365 -1671.3 4422.3 35.537
3.5333 -1803.6 4333.1 76.542 -1784.6 4361.8 72.669 -1668.3 4430.5 35.139
3.5417 -1800.7 4341.6 75.597 -1781.9 4370.6 71.961 -1665.1 4438.6 34.71
3.55 -1797.7 4350.2 74.615 -1779 4379.3 71.236 -1661.9 4446.5 34.239
3.5583 -1794.8 4358.8 73.592 -1776.1 4388 70.489 -1658.6 4454.3 33.725
3.5667 -1791.8 4367.5 72.522 -1773.1 4396.7 69.716 -1655.2 4461.9 33.165
3.575 -1788.9 4376.2 71.408 -1769.9 4405.5 68.914 -1651.7 4469.5 32.563
3.5833 -1785.9 4385 70.256 -1766.7 4414.2 68.08 -1648.1 4476.9 31.924
3.5917 -1783.1 4393.9 69.08 -1763.4 4423 67.217 -1644.4 4484.2 31.256
3.6 -1780.3 4402.8 67.896 -1760 4431.8 66.326 -1640.6 4491.5 30.568
3.6083 -1777.5 4411.8 66.723 -1756.5 4440.7 65.416 -1636.8 4498.7 29.869
3.6167 -1774.7 4420.7 65.579 -1752.9 4449.6 64.493 -1632.8 4505.9 29.17
3.625 -1771.9 4429.7 64.476 -1749.2 4458.5 63.567 -1628.8 4513.1 28.478
3.6333 -1769.1 4438.7 63.427 -1745.5 4467.5 62.645 -1624.7 4520.4 27.799
3.6417 -1766.3 4447.6 62.437 -1741.6 4476.5 61.728 -1620.5 4527.6 27.138
3.65 -1763.3 4456.6 61.503 -1737.7 4485.6 60.822 -1616.3 4534.8 26.495
3.6583 -1760.3 4465.6 60.62 -1733.7 4494.5 59.904 -1612 4542.1 25.871
3.6667 -1757.1 4474.6 59.779 -1729.7 4503.6 59.027 -1607.6 4549.3 25.262
3.675 -1753.8 4483.6 58.966 -1725.5 4512.6 58.149 -1603.2 4556.6 24.666
3.6833 -1750.4 4492.8 58.178 -1721.3 4521.7 57.332 -1598.7 4563.8 24.081
3.6917 -1746.9 4501.9 57.404 -1716.9 4530.7 56.553 -1594.2 4571.1 23.493
3.7 -1743.1 4511.2 56.623 -1712.6 4539.6 55.721 -1589.7 4578.3 22.907
3.7083 -1739.3 4520.6 55.85 -1708.2 4548.4 54.886 -1585 4585.5 22.32
3.7167 -1735.3 4530 55.078 -1703.8 4557.3 54.09 -1580.4 4592.7 21.721
3.725 -1731.3 4539.5 54.325 -1699.6 4566 53.197 -1575.5 4599.9 21.105
3.7333 -1727.2 4549 53.574 -1695.3 4575 52.475 -1570.7 4607 20.47
3.7417 -1723 4558.7 52.836 -1691.2 4583.6 51.629 -1565.8 4614.1 19.828
3.75 -1718.8 4568.3 52.153 -1687.3 4592.2 50.717 -1560.7 4621.1 19.16
3.7583 -1714.5 4577.7 51.491 -1682.9 4601.1 50.073 -1555.6 4628.2 18.449
3.7667 -1710.2 4587.2 50.869 -1679.1 4609.5 49.222 -1550.4 4635.2 17.738
3.775 -1705.9 4596.7 50.27 -1674.9 4618.4 48.561 -1545.1 4642.2 17.01
3.7833 -1701.7 4605.9 49.701 -1670.6 4627 47.858 -1539.8 4649.1 16.261
3.7917 -1697.4 4615 49.13 -1666.3 4635.4 47.103 -1534.5 4656 15.506
3.8 -1693.1 4623.8 48.535 -1661.8 4643.7 46.34 -1529.1 4662.8 14.752
3.8083 -1688.9 4632.4 47.891 -1657.2 4652 45.566 -1523.8 4669.5 14.007
3.8167 -1684.6 4640.8 47.183 -1652.4 4660.2 44.786 -1518.4 4676.2 13.279
3.825 -1680.3 4648.9 46.39 -1647.3 4668.4 43.988 -1513.1 4682.8 12.576
3.8333 -1676.1 4656.9 45.507 -1642 4676.6 43.182 -1507.8 4689.3 11.903
3.8417 -1671.9 4664.6 44.531 -1636.6 4684.6 42.305 -1502.4 4695.8 11.263
3.85 -1667.7 4672.2 43.47 -1630.9 4692.6 41.387 -1497 4702.1 10.657
3.8583 -1663.5 4679.7 42.339 -1625.1 4700.5 40.4 -1491.4 4708.3 10.082
3.8667 -1659.2 4687.1 41.161 -1619.2 4708.1 39.351 -1485.7 4714.4 9.5345
3.875 -1655 4694.4 39.964 -1613.1 4715.6 38.251 -1479.8 4720.4 9.0053
3.8833 -1650.6 4701.8 38.777 -1607 4722.9 37.106 -1473.6 4726.2 8.486
3.8917 -1646.1 4709 37.63 -1600.8 4730 35.924 -1467.2 4731.8 7.9671
3.9 -1641.4 4716.2 36.548 -1594.6 4736.9 34.72 -1460.5 4737.3 7.4401
3.9083 -1636.5 4723.3 35.551 -1588.3 4743.5 33.502 -1453.6 4742.6 6.8975
3.9167 -1631.4 4730.1 34.651 -1581.9 4750 32.284 -1446.5 4747.7 6.335
3.925 -1626.1 4736.7 33.849 -1575.5 4756.2 31.074 -1439.1 4752.6 5.7503
3.9333 -1620.5 4743 33.138 -1569.1 4762.3 29.88 -1431.6 4757.3 5.146
3.9417 -1614.8 4748.9 32.502 -1562.5 4768.1 28.709 -1424 4761.8 4.5265
3.95 -1608.9 4754.5 31.919 -1555.9 4773.8 27.564 -1416.3 4766 3.8985
3.9583 -1602.9 4759.7 31.368 -1549.1 4779.3 26.451 -1408.5 4770.1 3.2697
3.9667 -1596.9 4764.7 30.827 -1542.2 4784.7 25.369 -1400.7 4774.1 2.6484
3.975 -1590.7 4769.4 30.276 -1535.1 4790 24.316 -1392.9 4777.8 2.0414
3.9833 -1584.6 4774 29.705 -1527.9 4795.1 23.298 -1385.1 4781.4 1.454
3.9917 -1578.4 4778.4 29.105 -1520.5 4800.1 22.309 -1377.3 4784.9 0.88899
4 -1572.1 4782.7 28.477 -1513 4805 21.35 -1369.5 4788.3 0.34665
4.0083 -1565.9 4786.9 27.828 -1505.3 4809.7 20.432 -1361.7 4791.5 359.82
4.0167 -1559.6 4791.1 27.163 -1497.5 4814.4 19.524 -1353.8 4794.7 359.32
4.025 -1553.3 4795.2 26.499 -1489.5 4818.9 18.668 -1345.9 4797.8 358.82
4.0333 -1547 4799.4 25.843 -1481.5 4823.3 17.826 -1337.9 4800.8 358.32
4.0417 -1540.7 4803.5 25.211 -1473.3 4827.5 17.026 -1329.9 4803.7 357.83
4.05 -1534.3 4807.5 24.608 -1465 4831.7 16.262 -1321.9 4806.5 357.32
4.0583 -1528 4811.5 24.039 -1456.7 4835.7 15.535 -1313.8 4809.3 356.81
4.0667 -1521.6 4815.5 23.506 -1448.2 4839.6 14.845 -1305.8 4812 356.29
4.075 -1515.1 4819.4 23.004 -1439.6 4843.4 14.194 -1297.7 4814.7 355.76
4.0833 -1508.6 4823.2 22.529 -1430.9 4847.1 13.583 -1289.6 4817.2 355.23
4.0917 -1502.1 4827 22.074 -1422.2 4850.7 13.011 -1281.5 4819.8 354.72
4.1 -1495.5 4830.8 21.633 -1413.3 4854.3 12.48 -1273.4 4822.3 354.21
4.1083 -1488.8 4834.5 21.199 -1404.4 4857.7 11.986 -1265.3 4824.8 353.73
4.1167 -1482 4838.2 20.77 -1395.3 4861 11.53 -1257.1 4827.2 353.28
4.125 -1475.1 4841.9 20.347 -1386.3 4864.3 11.108 -1248.9 4829.6 352.87
4.1333 -1468.1 4845.5 19.932 -1377.1 4867.5 10.716 -1240.5 4831.9 352.48
4.1417 -1461 4849 19.533 -1367.8 4870.7 10.352 -1232.1 4834.2 352.13
4.15 -1453.6 4852.5 19.159 -1358.5 4873.7 10.011 -1223.6 4836.5 351.81
4.1583 -1446.2 4855.8 18.82 -1349 4876.8 9.6872 -1215 4838.7 351.51
4.1667 -1438.5 4859 18.524 -1339.5 4879.7 9.3782 -1206.3 4840.8 351.23
4.175 -1430.6 4862 18.277 -1329.8 4882.6 9.0798 -1197.5 4842.9 350.95
4.1833 -1422.4 4864.8 18.084 -1320.1 4885.4 8.7904 -1188.6 4844.9 350.67
4.1917 -1414.1 4867.5 17.942 -1310.1 4888.1 8.5069 -1179.7 4846.7 350.38
4.2 -1405.5 4870.1 17.846 -1300.1 4890.6 8.2281 -1170.7 4848.5 350.08
4.2083 -1396.6 4872.5 17.79 -1289.8 4893.1 7.9546 -1161.6 4850.2 349.77
4.2167 -1387.5 4874.9 17.762 -1279.5 4895.4 7.6848 -1152.5 4851.7 349.45
4.225 -1378.1 4877.1 17.751 -1269 4897.6 7.421 -1143.2 4853.1 349.13
4.2333 -1368.5 4879.3 17.748 -1258.3 4899.6 7.1617 -1133.9 4854.4 348.82
4.2417 -1358.5 4881.5 17.744 -1247.5 4901.4 6.9123 -1124.3 4855.6 348.52
4.25 -1348.2 4883.6 17.734 -1236.5 4903 6.6643 -1114.6 4856.7 348.25
4.2583 -1337.6 4885.7 17.711 -1225.4 4904.4 6.4299 -1104.8 4857.7 348.01
4.2667 -1326.6 4887.7 17.677 -1214.1 4905.7 6.2019 -1094.7 4858.6 347.8
4.275 -1315.4 4889.6 17.632 -1202.7 4906.7 5.9809 -1084.4 4859.4 347.64
4.2833 -1303.9 4891.5 17.572 -1191.1 4907.6 5.7731 -1073.9 4860.2 347.52
4.2917 -1292.2 4893.2 17.499 -1179.4 4908.4 5.5759 -1063.3 4860.8 347.44
4.3 -1280.2 4894.8 17.409 -1167.5 4909 5.3916 -1052.5 4861.4 347.38
4.3083 -1268.1 4896.3 17.301 -1155.5 4909.5 5.2204 -1041.6 4861.9 347.35
4.3167 -1255.9 4897.7 17.171 -1143.4 4909.9 5.0645 -1030.7 4862.3 347.32
4.325 -1243.6 4898.9 17.016 -1131.2 4910.2 4.9255 -1019.8 4862.8 347.29
4.3333 -1231.3 4900 16.831 -1119 4910.5 4.806 -1009 4863.2 347.24
4.3417 -1219.1 4900.9 16.613 -1106.9 4910.9 4.7082 -998.26 4863.5 347.18
4.35 -1206.9 4901.6 16.363 -1094.9 4911.2 4.6334 -987.66 4863.9 347.09
4.3583 -1194.8 4902.3 16.078 -1083.1 4911.5 4.5835 -977.21 4864.3 346.97
4.3667 -1182.9 4902.9 15.757 -1071.6 4911.9 4.559 -966.91 4864.7 346.83
4.375 -1171.1 4903.4 15.395 -1060.3 4912.4 4.5593 -956.77 4865.1 346.68
4.3833 -1159.6 4904 14.988 -1049.4 4912.9 4.5821 -946.77 4865.5 346.51
4.3917 -1148.2 4904.6 14.529 -1038.8 4913.5 4.6234 -936.91 4866 346.36
4.4 -1137 4905.2 14.018 -1028.6 4914.2 4.6775 -927.16 4866.5 346.21
4.4083 -1125.9 4905.9 13.453 -1018.7 4914.9 4.737 -917.52 4867.1 346.08
4.4167 -1114.9 4906.7 12.841 -1009.1 4915.7 4.7939 -907.97 4867.7 345.98
4.425 -1104 4907.5 12.191 -999.8 4916.6 4.84 -898.49 4868.4 345.91
4.4333 -1093.2 4908.3 11.513 -990.64 4917.4 4.8678 -889.1 4869.1 345.87
4.4417 -1082.4 4909.2 10.821 -981.6 4918.3 4.8715 -879.79 4869.8 345.85
4.45 -1071.6 4910 10.126 -972.63 4919.2 4.8468 -870.56 4870.5 345.85
4.4583 -1060.8 4910.7 9.4417 -963.68 4920.1 4.7925 -861.41 4871.3 345.86
4.4667 -1050.1 4911.4 8.7771 -954.71 4921 4.7089 -852.33 4872.1 345.88
4.475 -1039.4 4912.1 8.1406 -945.7 4921.9 4.5992 -843.33 4872.9 345.9
4.4833 -1028.7 4912.6 7.5381 -936.64 4922.8 4.4685 -834.4 4873.7 345.91
4.4917 -1018 4913.1 6.974 -927.53 4923.6 4.324 -825.53 4874.5 345.91
4.5 -1007.4 4913.6 6.4495 -918.37 4924.4 4.1733 -816.7 4875.3 345.9
4.5083 -996.9 4914 5.9646 -909.16 4925.2 4.0251 -807.9 4876.2 345.88
4.5167 -986.43 4914.3 5.5172 -899.91 4926 3.8875 -799.11 4877 345.86
