0.0083333 14.704 1.1493 97.252 -10.987 110.2 88.248 16.7 186.73 84.11
0.016667 15.291 8.7871 97.289 -10.035 118.7 88.218 18.378 194.93 83.947
0.025 15.924 16.707 97.347 -9.0098 127.35 88.152 20.18 203.27 83.763
0.033333 16.606 24.919 97.423 -7.9067 136.15 88.05 22.101 211.73 83.562
0.041667 17.333 33.44 97.513 -6.7188 145.09 87.914 24.134 220.32 83.347
0.05 18.096 42.276 97.61 -5.441 154.16 87.748 26.269 229.05 83.125
0.058333 18.883 51.432 97.709 -4.0692 163.34 87.557 28.495 237.91 82.9
0.066667 19.677 60.905 97.8 -2.6029 172.63 87.347 30.798 246.91 82.678
0.075 20.463 70.686 97.876 -1.0438 182 87.124 33.167 256.05 82.465
0.083333 21.231 80.758 97.926 0.60143 191.45 86.892 35.591 265.31 82.264
0.091667 21.975 91.092 97.94 2.3221 200.99 86.657 38.061 274.7 82.077
0.1 22.698 101.66 97.91 4.1025 210.6 86.419 40.57 284.2 81.904
0.10833 23.413 112.41 97.826 5.9248 220.29 86.184 43.112 293.78 81.741
0.11667 24.132 123.31 97.686 7.7627 230.06 85.947 45.679 303.44 81.585
0.125 24.891 134.3 97.486 9.5937 239.89 85.715 48.266 313.13 81.43
0.13333 25.718 145.34 97.227 11.39 249.78 85.486 50.862 322.83 81.271
0.14167 26.645 156.39 96.914 13.127 259.7 85.264 53.453 332.52 81.102
0.15 27.7 167.4 96.553 14.78 269.65 85.052 56.023 342.16 80.918
0.15833 28.901 178.33 96.154 16.329 279.57 84.856 58.549 351.74 80.719
0.16667 30.253 189.17 95.726 17.76 289.45 84.68 61.005 361.23 80.504
0.175 31.743 199.9 95.279 19.064 299.24 84.531 63.361 370.63 80.276
0.18333 33.346 210.5 94.823 20.237 308.91 84.415 65.586 379.93 80.04
0.19167 35.025 220.97 94.366 21.285 318.43 84.338 67.648 389.14 79.806
0.2 36.737 231.32 93.914 22.215 327.79 84.303 69.517 398.26 79.583
0.20833 38.44 241.58 93.473 23.04 336.97 84.312 71.166 407.32 79.38
0.21667 40.1 251.75 93.043 23.777 345.98 84.364 72.576 416.33 79.21
0.225 41.687 261.87 92.625 24.442 354.84 84.456 73.732 425.33 79.081
0.23333 43.184 271.96 92.219 25.053 363.56 84.584 74.631 434.33 79.001
0.24167 44.584 282.01 91.826 25.624 372.18 84.74 75.275 443.36 78.975
0.25 45.89 292.06 91.445 26.169 380.74 84.92 75.674 452.45 79.005
0.25833 47.116 302.09 91.078 26.697 389.27 85.118 75.846 461.6 79.093
0.26667 48.283 312.1 90.725 27.212 397.8 85.33 75.813 470.85 79.233
0.275 49.417 322.11 90.387 27.716 406.36 85.552 75.602 480.2 79.421
0.28333 50.538 332.1 90.065 28.204 414.97 85.783 75.239 489.66 79.65
0.29167 51.667 342.07 89.761 28.673 423.64 86.023 74.753 499.22 79.912
0.3 52.812 352.03 89.477 29.115 432.37 86.272 74.168 508.88 80.199
0.30833 53.971 361.97 89.213 29.524 441.17 86.531 73.505 518.64 80.503
0.31667 55.138 371.9 88.97 29.894 450.03 86.802 72.783 528.46 80.818
0.325 56.298 381.82 88.748 30.223 458.94 87.083 72.014 538.35 81.139
0.33333 57.433 391.74 88.546 30.511 467.9 87.374 71.207 548.27 81.465
0.34167 58.528 401.67 88.361 30.761 476.9 87.674 70.367 558.2 81.792
0.35 59.569 411.6 88.191 30.979 485.94 87.978 69.497 568.12 82.123
0.35833 60.547 421.55 88.032 31.172 495.02 88.283 68.596 578.01 82.457
0.36667 61.463 431.52 87.88 31.352 504.15 88.584 67.666 587.86 82.798
0.375 62.319 441.52 87.733 31.526 513.34 88.876 66.707 597.64 83.147
0.38333 63.124 451.54 87.585 31.706 522.6 89.155 65.723 607.35 83.505
0.39167 63.887 461.6 87.433 31.898 531.94 89.416 64.719 616.99 83.873
0.4 64.621 471.69 87.275 32.108 541.38 89.658 63.702 626.56 84.252
0.40833 65.33 481.81 87.111 32.339 550.94 89.88 62.684 636.08 84.638
0.41667 66.019 491.95 86.94 32.592 560.61 90.082 61.676 645.55 85.03
0.425 66.683 502.11 86.765 32.864 570.41 90.265 60.692 655 85.425
0.43333 67.314 512.29 86.589 33.149 580.34 90.432 59.745 664.44 85.818
0.44167 67.897 522.47 86.416 33.441 590.4 90.585 58.848 673.9 86.206
0.45 68.424 532.65 86.252 33.731 600.59 90.727 58.011 683.4 86.585
0.45833 68.883 542.84 86.101 34.013 610.89 90.857 57.242 692.94 86.952
0.46667 69.257 553.04 85.966 34.277 621.31 90.978 56.542 702.55 87.304
0.475 69.548 563.26 85.845 34.519 631.83 91.088 55.911 712.23 87.641
0.48333 69.759 573.55 85.736 34.735 642.46 91.186 55.344 721.99 87.962
0.49167 69.894 583.92 85.633 34.923 653.19 91.271 54.831 731.82 88.268
0.5 69.97 594.43 85.527 35.082 664.02 91.344 54.362 741.72 88.562
0.50833 70.005 605.11 85.411 35.214 674.95 91.402 53.92 751.69 88.846
0.51667 70.008 615.98 85.281 35.32 685.98 91.448 53.491 761.73 89.125
0.525 69.987 627.03 85.141 35.402 697.12 91.485 53.06 771.82 89.4
0.53333 69.931 638.27 84.995 35.459 708.38 91.516 52.614 781.99 89.676
0.54167 69.833 649.67 84.855 35.491 719.74 91.546 52.141 792.22 89.955
0.55 69.684 661.2 84.727 35.492 731.22 91.583 51.633 802.54 90.238
0.55833 69.478 672.86 84.619 35.457 742.82 91.632 51.084 812.96 90.525
0.56667 69.214 684.65 84.534 35.378 754.54 91.7 50.494 823.5 90.815
0.575 68.893 696.59 84.471 35.246 766.38 91.792 49.862 834.17 91.105
0.58333 68.519 708.71 84.43 35.049 778.34 91.911 49.191 845 91.392
0.59167 68.102 721.04 84.407 34.779 790.41 92.059 48.485 856.01 91.671
0.6 67.648 733.63 84.4 34.426 802.6 92.235 47.749 867.2 91.939
0.60833 67.174 746.52 84.407 33.984 814.89 92.434 46.985 878.59 92.193
0.61667 66.693 759.72 84.427 33.451 827.3 92.652 46.196 890.18 92.429
0.625 66.22 773.26 84.464 32.829 839.8 92.881 45.382 901.97 92.646
0.63333 65.768 787.11 84.521 32.125 852.41 93.114 44.541 913.93 92.846
0.64167 65.35 801.24 84.607 31.349 865.1 93.34 43.671 926.05 93.029
0.65 64.968 815.6 84.728 30.52 877.88 93.553 42.767 938.31 93.203
0.65833 64.621 830.12 84.89 29.657 890.72 93.746 41.825 950.68 93.371
0.66667 64.3 844.71 85.096 28.784 903.63 93.912 40.842 963.13 93.541
0.675 63.994 859.3 85.346 27.923 916.59 94.05 39.816 975.62 93.721
0.68333 63.687 873.8 85.637 27.099 929.56 94.157 38.748 988.14 93.917
0.69167 63.36 888.15 85.963 26.334 942.54 94.233 37.645 1000.7 94.135
0.7 62.996 902.29 86.313 25.647 955.5 94.278 36.513 1013.2 94.381
0.70833 62.585 916.16 86.679 25.053 968.41 94.296 35.367 1025.6 94.656
0.71667 62.111 929.74 87.047 24.562 981.25 94.288 34.22 1038 94.96
0.725 61.568 943 87.407 24.179 993.98 94.256 33.093 1050.4 95.292
0.73333 60.955 955.96 87.748 23.904 1006.6 94.204 32.006 1062.7 95.647
0.74167 60.267 968.64 88.066 23.733 1019.1 94.132 30.979 1075 96.018
0.75 59.507 981.08 88.361 23.657 1031.4 94.041 30.032 1087.3 96.398
0.75833 58.679 993.34 88.637 23.666 1043.5 93.931 29.185 1099.6 96.779
0.76667 57.792 1005.5 88.901 23.747 1055.4 93.802 28.452 1111.8 97.153
0.775 56.868 1017.6 89.159 23.888 1067.2 93.653 27.845 1124 97.511
0.78333 55.922 1029.6 89.416 24.076 1078.8 93.483 27.372 1136.3 97.847
0.79167 54.992 1041.6 89.678 24.3 1090.2 93.292 27.036 1148.5 98.156
0.8 54.107 1053.5 89.949 24.552 1101.5 93.08 26.835 1160.8 98.433
0.80833 53.299 1065.4 90.232 24.823 1112.7 92.849 26.762 1173 98.678
0.81667 52.598 1077.3 90.529 25.109 1123.8 92.601 26.81 1185.3 98.892
0.825 52.027 1089.1 90.843 25.407 1134.8 92.339 26.964 1197.6 99.077
0.83333 51.598 1100.8 91.175 25.713 1145.8 92.066 27.211 1210 99.238
0.84167 51.324 1112.4 91.525 26.028 1156.7 91.785 27.535 1222.3 99.38
0.85 51.192 1123.9 91.893 26.352 1167.6 91.501 27.923 1234.6 99.511
0.85833 51.188 1135.3 92.276 26.688 1178.5 91.218 28.359 1246.9 99.636
0.86667 51.288 1146.7 92.672 27.036 1189.4 90.938 28.831 1259.2 99.761
0.875 51.464 1158 93.079 27.484 1200.5 90.664 28.439 1270.8 100.79
0.88333 51.692 1169.4 93.493 27.868 1211.5 90.4 28.929 1283 100.95
0.89167 51.938 1180.7 93.907 28.272 1222.6 90.148 29.437 1295.3 101.13
0.9 52.184 1192.1 94.319 28.695 1233.6 89.909 29.962 1307.5 101.31
0.90833 52.41 1203.5 94.722 29.138 1244.8 89.686 30.507 1319.7 101.5
0.91667 52.61 1214.9 95.115 29.6 1256 89.479 31.075 1331.9 101.7
0.925 52.782 1226.4 95.495 30.079 1267.3 89.291 31.67 1344 101.89
0.93333 52.934 1237.8 95.861 30.574 1278.7 89.123 32.3 1356.2 102.09
0.94167 53.082 1249.2 96.213 31.082 1290.2 88.976 32.97 1368.4 102.27
0.95 53.242 1260.6 96.552 31.6 1301.8 88.852 33.682 1380.5 102.44
0.95833 53.436 1272 96.879 32.127 1313.5 88.752 34.441 1392.7 102.6
0.96667 53.684 1283.3 97.194 32.659 1325.3 88.678 35.246 1404.8 102.73
0.975 54.002 1294.7 97.496 33.196 1337.3 88.629 36.095 1417 102.84
0.98333 54.408 1306.1 97.783 33.737 1349.3 88.604 36.984 1429.2 102.94
0.99167 54.907 1317.5 98.052 34.283 1361.5 88.603 37.907 1441.5 103.03
1 55.507 1329.1 98.298 34.836 1373.8 88.624 38.857 1453.7 103.1
1.0083 56.209 1340.7 98.516 35.399 1386.2 88.665 39.827 1466 103.18
1.0167 57.015 1352.5 98.702 35.977 1398.7 88.721 40.812 1478.4 103.25
1.025 57.923 1364.5 98.853 36.575 1411.3 88.791 41.806 1490.8 103.33
1.0333 58.934 1376.7 98.969 37.199 1423.9 88.87 42.808 1503.2 103.42
1.0417 60.044 1389 99.052 37.856 1436.6 88.956 43.819 1515.6 103.52
1.05 61.244 1401.6 99.11 38.553 1449.4 89.045 44.84 1528.1 103.62
1.0583 62.515 1414.3 99.147 39.293 1462.2 89.134 45.877 1540.7 103.72
1.0667 63.827 1427.1 99.17 40.083 1475.1 89.222 46.936 1553.3 103.82
1.075 65.147 1440.1 99.182 40.925 1488 89.305 48.022 1565.9 103.91
1.0833 66.448 1453.1 99.184 41.823 1501 89.38 49.14 1578.6 103.99
1.0917 67.711 1466.1 99.178 42.779 1514 89.446 50.293 1591.4 104.07
1.1 68.928 1479.1 99.163 43.794 1527 89.499 51.482 1604.2 104.13
1.1083 70.101 1492.1 99.141 44.872 1540.2 89.535 52.704 1617.1 104.19
1.1167 71.222 1505.1 99.114 46.014 1553.4 89.554 53.956 1630.1 104.26
1.125 72.296 1518.2 99.084 47.224 1566.6 89.551 55.23 1643.2 104.33
1.1333 73.316 1531.4 99.053 48.502 1579.9 89.524 56.52 1656.4 104.42
1.1417 74.276 1544.8 99.024 49.851 1593.2 89.474 57.82 1669.7 104.54
1.15 75.173 1558.3 98.998 51.267 1606.6 89.4 59.124 1683.1 104.69
1.1583 76.004 1572.2 98.972 52.748 1620 89.304 60.433 1696.6 104.88
1.1667 76.775 1586.2 98.942 54.285 1633.5 89.19 61.744 1710.1 105.1
1.175 77.492 1600.5 98.898 55.866 1647 89.065 63.064 1723.7 105.34
1.1833 78.169 1614.9 98.831 57.47 1660.5 88.935 64.398 1737.4 105.6
1.1917 78.825 1629.5 98.729 59.076 1674 88.807 65.752 1751 105.85
1.2 79.481 1644 98.585 60.655 1687.5 88.691 67.134 1764.6 106.08
1.2083 80.163 1658.5 98.394 62.178 1701 88.595 68.545 1778.2 106.28
1.2167 80.9 1672.9 98.157 63.611 1714.5 88.524 69.983 1791.7 106.42
1.225 81.715 1687 97.876 64.927 1727.9 88.486 71.439 1805.1 106.51
1.2333 82.624 1700.9 97.557 66.096 1741.3 88.483 72.898 1818.4 106.52
1.2417 83.63 1714.5 97.209 67.097 1754.6 88.518 74.335 1831.6 106.46
1.25 84.722 1727.9 96.843 67.915 1767.8 88.589 75.718 1844.6 106.34
1.2583 85.88 1741 96.469 68.544 1780.9 88.695 77.009 1857.5 106.16
1.2667 87.082 1753.9 96.097 68.984 1793.8 88.829 78.167 1870.3 105.95
1.275 88.304 1766.7 95.733 69.244 1806.5 88.987 79.149 1883 105.73
1.2833 89.524 1779.3 95.38 69.342 1819.1 89.163 79.912 1895.7 105.51
1.2917 90.718 1791.9 95.042 69.299 1831.4 89.35 80.421 1908.3 105.32
1.3 91.858 1804.5 94.72 69.139 1843.6 89.541 80.645 1920.9 105.18
1.3083 92.917 1817.1 94.417 68.888 1855.5 89.732 80.563 1933.5 105.09
1.3167 93.869 1829.7 94.132 68.57 1867.3 89.922 80.167 1946.1 105.07
1.325 94.696 1842.3 93.867 68.204 1878.9 90.109 79.457 1958.8 105.13
1.3333 95.384 1854.9 93.618 67.804 1890.5 90.296 78.444 1971.5 105.25
1.3417 95.928 1867.4 93.385 67.379 1901.9 90.486 77.149 1984.2 105.43
1.35 96.329 1879.8 93.162 66.929 1913.3 90.683 75.597 1997 105.66
1.3583 96.592 1892.2 92.946 66.453 1924.6 90.893 73.82 2009.8 105.93
1.3667 96.724 1904.4 92.734 65.941 1936 91.12 71.848 2022.6 106.22
1.375 96.733 1916.5 92.522 65.386 1947.4 91.367 69.712 2035.4 106.52
1.3833 96.631 1928.4 92.308 64.778 1958.9 91.637 67.44 2048.2 106.83
1.3917 96.427 1940.2 92.092 64.111 1970.4 91.928 65.057 2060.9 107.13
1.4 96.132 1952 91.873 63.377 1981.9 92.238 62.58 2073.6 107.43
1.4083 95.757 1963.7 91.654 62.577 1993.5 92.563 60.027 2086.2 107.73
1.4167 95.311 1975.3 91.437 61.712 2005.2 92.897 57.41 2098.7 108.02
1.425 94.807 1987 91.226 60.786 2016.8 93.231 54.739 2111.2 108.31
1.4333 94.249 1998.6 91.022 59.807 2028.5 93.558 52.026 2123.5 108.6
1.4417 93.65 2010.3 90.828 58.781 2040.3 93.871 49.281 2135.8 108.9
1.45 93.015 2022 90.643 57.718 2052 94.162 46.514 2148 109.21
1.4583 92.353 2033.8 90.467 56.622 2063.9 94.427 43.74 2160.1 109.53
1.4667 91.668 2045.6 90.299 55.497 2075.8 94.664 40.972 2172.1 109.86
1.475 90.964 2057.4 90.137 54.345 2087.7 94.872 38.224 2184.1 110.2
1.4833 90.247 2069.3 89.981 53.164 2099.8 95.054 35.511 2196.1 110.54
1.4917 89.518 2081.2 89.833 51.95 2112 95.212 32.843 2208.1 110.88
1.5 88.775 2093.1 89.697 50.698 2124.3 95.351 30.229 2220 111.21
1.5083 88.019 2105 89.579 49.402 2136.8 95.478 27.673 2232.1 111.53
1.5167 87.239 2117 89.484 48.056 2149.3 95.596 25.175 2244.1 111.83
1.525 86.432 2129 89.423 46.655 2161.9 95.71 22.729 2256.3 112.11
1.5333 85.586 2141.1 89.401 45.195 2174.6 95.823 20.325 2268.5 112.38
1.5417 84.689 2153.2 89.421 43.674 2187.4 95.937 17.948 2280.8 112.61
1.55 83.72 2165.5 89.482 42.09 2200.2 96.053 15.582 2293.1 112.83
1.5583 82.673 2177.8 89.578 40.441 2213 96.17 13.208 2305.6 113.02
1.5667 81.525 2190.3 89.699 38.726 2225.9 96.287 10.807 2318.2 113.2
1.575 80.256 2202.9 89.832 36.943 2238.7 96.403 8.3635 2330.8 113.35
1.5833 78.866 2215.6 89.964 35.088 2251.6 96.517 5.8622 2343.5 113.5
1.5917 77.347 2228.6 90.084 33.154 2264.6 96.629 3.2907 2356.2 113.64
1.6 75.7 2241.6 90.186 31.135 2277.6 96.742 0.64036 2369 113.77
1.6083 73.937 2254.8 90.272 29.02 2290.7 96.858 -2.0955 2381.8 113.91
1.6167 72.053 2268 90.337 26.797 2303.9 96.981 -4.9206 2394.6 114.05
1.625 70.063 2281.3 90.387 24.454 2317.3 97.115 -7.838 2407.5 114.19
1.6333 67.972 2294.7 90.421 21.977 2330.8 97.266 -10.85 2420.4 114.35
1.6417 65.791 2308.1 90.438 19.354 2344.5 97.437 -13.958 2433.3 114.51
1.65 63.535 2321.7 90.442 16.576 2358.3 97.633 -17.165 2446.4 114.68
1.6583 61.198 2335.4 90.433 13.636 2372.2 97.853 -20.473 2459.6 114.85
1.6667 58.804 2349.4 90.414 10.529 2386.3 98.098 -23.887 2472.8 115.02
1.675 56.357 2363.6 90.389 7.2567 2400.5 98.365 -27.412 2486.2 115.19
1.6833 53.848 2378.1 90.366 3.8244 2414.8 98.648 -31.051 2499.8 115.34
1.6917 51.279 2393 90.354 0.24308 2429.1 98.944 -34.806 2513.5 115.49
1.7 48.648 2408.1 90.367 -3.4724 2443.5 99.243 -38.679 2527.3 115.61
1.7083 45.938 2423.5 90.421 -7.3019 2457.8 99.541 -42.671 2541.2 115.72
1.7167 43.15 2439.1 90.532 -11.222 2472.1 99.829 -46.776 2555.2 115.8
1.725 40.273 2454.7 90.714 -15.207 2486.5 100.11 -50.991 2569.2 115.87
1.7333 37.304 2470.4 90.979 -19.228 2500.7 100.37 -55.306 2583.2 115.93
1.7417 34.235 2486 91.331 -23.255 2515 100.61 -59.711 2597.2 115.98
1.75 31.079 2501.5 91.775 -27.261 2529.2 100.84 -64.191 2611.2 116.05
1.7583 27.836 2516.8 92.303 -31.217 2543.4 101.06 -68.733 2625 116.13
1.7667 24.522 2531.8 92.908 -35.099 2557.6 101.27 -73.319 2638.7 116.24
1.775 21.147 2546.4 93.571 -38.884 2571.7 101.48 -77.932 2652.3 116.38
1.7833 17.721 2560.8 94.276 -42.557 2585.7 101.69 -82.552 2665.8 116.57
1.7917 14.252 2574.9 95.005 -46.104 2599.6 101.91 -87.16 2679.1 116.8
1.8 10.733 2588.7 95.744 -49.521 2613.4 102.13 -91.735 2692.3 117.08
1.8083 7.1499 2602.2 96.483 -52.807 2627.1 102.36 -96.257 2705.5 117.39
1.8167 3.4874 2615.6 97.215 -55.969 2640.5 102.6 -100.71 2718.6 117.73
1.825 -0.2689 2628.9 97.935 -59.017 2653.7 102.84 -105.07 2731.6 118.09
1.8333 -4.1249 2642.1 98.639 -61.969 2666.7 103.08 -109.31 2744.7 118.45
1.8417 -8.0897 2655.2 99.321 -64.84 2679.5 103.32 -113.44 2757.7 118.8
1.85 -12.144 2668.2 99.983 -67.654 2692 103.56 -117.44 2770.8 119.13
1.8583 -16.267 2681.3 100.63 -70.431 2704.2 103.79 -121.29 2783.8 119.42
1.8667 -20.442 2694.3 101.25 -73.187 2716.3 104.01 -125.01 2796.9 119.67
1.875 -24.627 2707.3 101.87 -75.943 2728.1 104.23 -128.6 2810 119.88
1.8833 -28.793 2720.2 102.48 -78.713 2739.9 104.44 -132.06 2823.1 120.04
1.8917 -32.907 2733 103.11 -81.511 2751.5 104.66 -135.41 2836.2 120.16
1.9 -36.944 2745.8 103.75 -84.344 2763.1 104.89 -138.66 2849.2 120.24
1.9083 -40.89 2758.6 104.41 -87.221 2774.6 105.12 -141.84 2862.2 120.3
1.9167 -44.742 2771.2 105.11 -90.145 2786.2 105.37 -144.97 2875.2 120.35
1.925 -48.505 2783.8 105.85 -93.118 2797.9 105.63 -148.06 2888 120.39
1.9333 -52.197 2796.3 106.64 -96.142 2809.6 105.92 -151.13 2900.7 120.43
1.9417 -55.841 2808.8 107.47 -99.216 2821.4 106.22 -154.2 2913.4 120.47
1.95 -59.464 2821.2 108.34 -102.34 2833.4 106.53 -157.27 2926 120.52
1.9583 -63.09 2833.5 109.26 -105.52 2845.5 106.86 -160.35 2938.4 120.58
1.9667 -66.743 2845.7 110.21 -108.76 2857.7 107.21 -163.43 2950.8 120.65
1.975 -70.43 2857.9 111.2 -112.06 2870 107.56 -166.53 2963.1 120.71
1.9833 -74.152 2870.1 112.22 -115.42 2882.4 107.92 -169.63 2975.4 120.78
1.9917 -77.899 2882.1 113.25 -118.86 2895 108.28 -172.73 2987.6 120.83
2 -81.645 2894.2 114.3 -122.36 2907.6 108.65 -175.83 2999.8 120.88
2.0083 -85.362 2906.1 115.36 -125.95 2920.3 109.04 -178.93 3012 120.92
2.0167 -89.015 2918.1 116.41 -129.61 2933.1 109.43 -182.04 3024.2 120.95
2.025 -92.575 2930.1 117.45 -133.35 2945.9 109.83 -185.16 3036.4 120.98
2.0333 -96.015 2942.1 118.48 -137.15 2958.8 110.25 -188.3 3048.6 121
2.0417 -99.326 2954.2 119.47 -141.03 2971.8 110.68 -191.48 3060.9 121.03
2.05 -102.51 2966.4 120.42 -144.97 2984.7 111.12 -194.71 3073.3 121.06
2.0583 -105.57 2978.8 121.32 -148.96 2997.7 111.58 -197.99 3085.7 121.12
2.0667 -108.54 2991.3 122.16 -152.99 3010.7 112.04 -201.33 3098.1 121.19
2.075 -111.46 3003.9 122.92 -157.07 3023.7 112.51 -204.75 3110.7 121.29
2.0833 -114.36 3016.7 123.6 -161.18 3036.8 112.97 -208.22 3123.3 121.4
2.0917 -117.28 3029.7 124.2 -165.33 3049.8 113.43 -211.76 3136 121.53
2.1 -120.25 3042.8 124.72 -169.5 3062.9 113.88 -215.35 3148.7 121.66
2.1083 -123.31 3056.1 125.18 -173.71 3076 114.31 -218.97 3161.4 121.8
2.1167 -126.48 3069.6 125.57 -177.94 3089.2 114.73 -222.61 3174.2 121.93
2.125 -129.79 3083.2 125.93 -182.2 3102.4 115.13 -226.27 3187.1 122.05
2.1333 -133.24 3097 126.26 -186.49 3115.8 115.5 -229.93 3199.9 122.15
2.1417 -136.85 3110.9 126.58 -190.8 3129.2 115.86 -233.6 3212.8 122.23
2.15 -140.62 3125 126.91 -195.13 3142.7 116.2 -237.29 3225.7 122.29
2.1583 -144.52 3139.2 127.25 -199.46 3156.3 116.52 -241 3238.6 122.34
2.1667 -148.56 3153.5 127.6 -203.79 3170 116.82 -244.75 3251.6 122.39
2.175 -152.72 3167.9 127.95 -208.11 3183.8 117.1 -248.57 3264.6 122.44
2.1833 -156.99 3182.5 128.31 -212.4 3197.7 117.36 -252.48 3277.7 122.51
2.1917 -161.39 3197.1 128.67 -216.65 3211.7 117.59 -256.49 3290.8 122.62
2.2 -165.93 3211.9 129.01 -220.84 3225.8 117.8 -260.64 3304 122.76
2.2083 -170.62 3226.8 129.31 -224.98 3240 117.98 -264.92 3317.2 122.96
2.2167 -175.49 3241.7 129.56 -229.07 3254.3 118.13 -269.34 3330.6 123.21
2.225 -180.54 3256.6 129.76 -233.11 3268.5 118.26 -273.89 3344 123.51
2.2333 -185.78 3271.6 129.88 -237.13 3282.9 118.36 -278.55 3357.4 123.85
2.2417 -191.2 3286.5 129.91 -241.14 3297.2 118.44 -283.29 3371 124.22
2.25 -196.75 3301.3 129.87 -245.19 3311.6 118.5 -288.08 3384.6 124.61
2.2583 -202.39 3316 129.76 -249.3 3325.9 118.55 -292.9 3398.2 125
2.2667 -208.05 3330.6 129.57 -253.52 3340.1 118.61 -297.72 3411.9 125.37
2.275 -213.65 3344.9 129.34 -257.88 3354.2 118.68 -302.52 3425.6 125.7
2.2833 -219.16 3359.1 129.08 -262.4 3368.2 118.78 -307.28 3439.3 125.97
2.2917 -224.51 3373 128.8 -267.12 3382 118.91 -312.02 3453 126.18
2.3 -229.69 3386.6 128.52 -272.03 3395.6 119.08 -316.75 3466.7 126.3
2.3083 -234.69 3399.9 128.28 -277.15 3409 119.3 -321.48 3480.3 126.35
2.3167 -239.52 3413 128.07 -282.45 3422.1 119.57 -326.25 3493.9 126.32
2.325 -244.2 3425.8 127.91 -287.93 3435 119.9 -331.1 3507.3 126.23
2.3333 -248.75 3438.5 127.81 -293.53 3447.5 120.28 -336.08 3520.7 126.09
2.3417 -253.2 3450.9 127.77 -299.24 3459.7 120.71 -341.22 3533.9 125.92
2.35 -257.59 3463.2 127.78 -305.01 3471.7 121.18 -346.56 3546.9 125.75
2.3583 -261.99 3475.4 127.82 -310.81 3483.4 121.68 -352.14 3559.7 125.58
2.3667 -266.43 3487.5 127.9 -316.6 3494.8 122.2 -357.97 3572.3 125.46
2.375 -270.96 3499.4 127.98 -322.38 3506 122.73 -364.05 3584.7 125.39
2.3833 -275.63 3511.1 128.06 -328.11 3517.1 123.26 -370.38 3596.8 125.39
2.3917 -280.46 3522.6 128.12 -333.8 3527.7 123.8 -376.53 3609.8 124.6
2.4 -285.46 3533.8 128.17 -339.47 3538.5 124.32 -383.32 3621.4 124.76
2.4083 -290.62 3544.8 128.18 -345.12 3549.3 124.83 -390.29 3632.7 125.01
2.4167 -295.95 3555.5 128.18 -350.77 3560 125.33 -397.41 3643.8 125.32
2.425 -301.43 3565.9 128.16 -356.46 3570.7 125.82 -404.64 3654.8 125.68
2.4333 -307.02 3576.1 128.13 -362.22 3581.3 126.3 -411.94 3665.5 126.1
2.4417 -312.73 3586.1 128.09 -368.05 3592 126.78 -419.3 3676.1 126.54
2.45 -318.51 3596 128.06 -373.99 3602.7 127.26 -426.67 3686.5 126.99
2.4583 -324.36 3605.9 128.04 -380.05 3613.4 127.73 -434.06 3696.9 127.43
2.4667 -330.26 3615.7 128.04 -386.23 3624.1 128.2 -441.42 3707.1 127.85
2.475 -336.2 3625.5 128.05 -392.53 3634.8 128.67 -448.77 3717.3 128.24
2.4833 -342.17 3635.4 128.07 -398.95 3645.4 129.13 -456.09 3727.4 128.6
2.4917 -348.16 3645.4 128.09 -405.47 3656 129.57 -463.36 3737.4 128.91
2.5 -354.17 3655.4 128.11 -412.08 3666.5 130 -470.6 3747.3 129.19
2.5083 -360.2 3665.5 128.12 -418.77 3677 130.4 -477.8 3757.2 129.43
2.5167 -366.25 3675.6 128.12 -425.51 3687.5 130.77 -484.96 3767.1 129.65
2.525 -372.32 3685.8 128.09 -432.29 3697.8 131.11 -492.09 3776.9 129.86
2.5333 -378.4 3696 128.03 -439.1 3708.2 131.41 -499.17 3786.6 130.06
2.5417 -384.5 3706.1 127.96 -445.93 3718.5 131.66 -506.24 3796.3 130.26
2.55 -390.62 3716.3 127.87 -452.76 3728.7 131.88 -513.28 3806 130.48
2.5583 -396.75 3726.4 127.76 -459.61 3739 132.07 -520.32 3815.6 130.7
2.5667 -402.92 3736.5 127.65 -466.48 3749.2 132.22 -527.36 3825.3 130.94
2.575 -409.11 3746.5 127.54 -473.37 3759.4 132.34 -534.42 3834.9 131.18
2.5833 -415.34 3756.6 127.44 -480.29 3769.6 132.44 -541.51 3844.5 131.42
2.5917 -421.65 3766.6 127.35 -487.26 3779.8 132.52 -548.65 3854.2 131.65
2.6 -428.05 3776.6 127.27 -494.3 3790 132.59 -555.84 3863.8 131.86
2.6083 -434.56 3786.6 127.2 -501.42 3800.2 132.65 -563.11 3873.5 132.04
2.6167 -441.21 3796.6 127.14 -508.64 3810.4 132.71 -570.45 3883.1 132.2
2.625 -448.03 3806.7 127.06 -515.97 3820.6 132.76 -577.88 3892.7 132.32
2.6333 -455.03 3816.8 126.96 -523.43 3830.8 132.82 -585.4 3902.3 132.41
2.6417 -462.21 3827 126.83 -531.03 3841 132.88 -593.01 3911.8 132.48
2.65 -469.58 3837.3 126.66 -538.77 3851.3 132.94 -600.73 3921.4 132.53
2.6583 -477.12 3847.8 126.45 -546.66 3861.5 133.01 -608.56 3930.9 132.57
2.6667 -484.84 3858.3 126.2 -554.7 3871.7 133.09 -616.51 3940.3 132.62
2.675 -492.74 3869 125.91 -562.89 3881.9 133.18 -624.6 3949.8 132.68
2.6833 -500.81 3879.8 125.61 -571.23 3892.1 133.29 -632.83 3959.2 132.76
2.6917 -509.08 3890.7 125.29 -579.72 3902.3 133.4 -641.23 3968.6 132.87
2.7 -517.55 3901.7 124.98 -588.36 3912.5 133.53 -649.82 3978.1 133
2.7083 -526.25 3912.9 124.69 -597.15 3922.6 133.68 -658.59 3987.6 133.15
2.7167 -535.19 3924.2 124.41 -606.1 3932.8 133.83 -667.58 3997.1 133.32
2.725 -544.38 3935.7 124.17 -615.21 3942.9 134 -676.77 4006.6 133.49
2.7333 -553.84 3947.3 123.97 -624.49 3953.1 134.17 -686.17 4016.2 133.64
2.7417 -563.55 3959.1 123.81 -633.95 3963.2 134.35 -695.77 4025.8 133.78
2.75 -573.49 3971 123.7 -643.58 3973.4 134.53 -705.54 4035.5 133.89
2.7583 -583.66 3983.1 123.63 -653.4 3983.6 134.7 -715.47 4045.2 133.97
2.7667 -593.98 3995.2 123.64 -663.39 3993.8 134.88 -725.53 4054.9 134.02
2.775 -604.44 4007.4 123.7 -673.53 4004 135.04 -735.67 4064.6 134.04
2.7833 -614.97 4019.5 123.84 -683.81 4014.4 135.2 -745.88 4074.2 134.03
2.7917 -625.53 4031.5 124.07 -694.19 4024.8 135.36 -756.12 4083.8 134.02
2.8 -636.06 4043.4 124.37 -704.63 4035.2 135.51 -766.36 4093.4 134.01
2.8083 -646.53 4055 124.76 -715.09 4045.7 135.65 -776.58 4102.9 134.02
2.8167 -656.89 4066.3 125.22 -725.51 4056.3 135.79 -786.78 4112.4 134.06
2.825 -667.11 4077.3 125.76 -735.84 4066.9 135.93 -796.93 4121.8 134.14
2.8333 -677.17 4088 126.35 -746.04 4077.5 136.08 -807.06 4131.2 134.28
2.8417 -687.05 4098.2 126.98 -756.06 4088.1 136.22 -817.15 4140.5 134.46
2.85 -696.76 4108.2 127.63 -765.87 4098.6 136.36 -827.2 4149.9 134.7
2.8583 -706.32 4117.9 128.28 -775.44 4109.1 136.5 -837.23 4159.3 134.98
2.8667 -715.76 4127.3 128.93 -784.76 4119.4 136.63 -847.22 4168.7 135.3
2.875 -725.13 4136.5 129.58 -793.82 4129.5 136.75 -857.18 4178.2 135.63
2.8833 -734.47 4145.6 130.21 -802.64 4139.5 136.85 -867.08 4187.8 135.96
2.8917 -743.79 4154.5 130.81 -811.21 4149.3 136.94 -876.9 4197.5 136.27
2.9 -753.12 4163.5 131.39 -819.6 4158.8 137 -886.63 4207.2 136.55
2.9083 -762.45 4172.3 131.94 -827.76 4168.2 137.05 -896.23 4217 136.79
2.9167 -771.78 4181.1 132.45 -835.81 4177.3 137.06 -905.67 4226.9 136.97
2.925 -781.09 4189.8 132.94 -843.72 4186.2 137.05 -914.93 4236.9 137.1
