0.0083333 -34.013 3.8127 92.365 -50.111 93.933 83.933 -19.944 142.23 80.577
0.016667 -33.164 10.605 92.376 -49.03 102.3 83.964 -18.521 150.29 80.519
0.025 -32.262 17.59 92.399 -47.892 110.8 83.988 -17.033 158.45 80.458
0.033333 -31.3 24.783 92.436 -46.699 119.46 84.004 -15.48 166.72 80.397
0.041667 -30.27 32.197 92.489 -45.452 128.26 84.011 -13.861 175.11 80.339
0.05 -29.168 39.852 92.555 -44.152 137.21 84.009 -12.175 183.64 80.287
0.058333 -27.997 47.765 92.635 -42.801 146.31 83.999 -10.425 192.32 80.242
0.066667 -26.764 55.956 92.725 -41.4 155.56 83.981 -8.6113 201.16 80.204
0.075 -25.479 64.44 92.823 -39.946 164.94 83.957 -6.736 210.17 80.174
0.083333 -24.159 73.23 92.923 -38.44 174.47 83.926 -4.8025 219.34 80.151
0.091667 -22.818 82.332 93.022 -36.878 184.12 83.888 -2.8149 228.68 80.133
0.1 -21.482 91.741 93.115 -35.26 193.9 83.843 -0.7788 238.19 80.118
0.10833 -20.16 101.45 93.198 -33.586 203.8 83.79 1.2997 247.85 80.106
0.11667 -18.871 111.44 93.268 -31.858 213.82 83.727 3.4131 257.66 80.095
0.125 -17.615 121.68 93.319 -30.082 223.96 83.655 5.553 267.61 80.085
0.13333 -16.4 132.15 93.351 -28.27 234.21 83.571 7.7099 277.68 80.075
0.14167 -15.213 142.79 93.36 -26.436 244.57 83.479 9.8735 287.87 80.064
0.15 -14.043 153.57 93.345 -24.602 255.02 83.38 12.032 298.16 80.053
0.15833 -12.875 164.45 93.307 -22.791 265.54 83.276 14.171 308.55 80.041
0.16667 -11.689 175.38 93.249 -21.029 276.12 83.174 16.276 319.01 80.029
0.175 -10.466 186.32 93.176 -19.346 286.73 83.077 18.331 329.52 80.015
0.18333 -9.19 197.22 93.091 -17.767 297.34 82.993 20.314 340.08 79.998
0.19167 -7.8486 208.06 93.002 -16.316 307.91 82.929 22.204 350.67 79.978
0.2 -6.4391 218.81 92.912 -15.012 318.41 82.892 23.978 361.26 79.954
0.20833 -4.9688 229.46 92.828 -13.869 328.8 82.887 25.61 371.83 79.924
0.21667 -3.4546 240 92.75 -12.894 339.05 82.921 27.076 382.36 79.89
0.225 -1.921 250.42 92.681 -12.087 349.14 82.998 28.348 392.85 79.853
0.23333 -0.39679 260.74 92.618 -11.443 359.05 83.118 29.404 403.26 79.814
0.24167 1.0905 270.97 92.558 -10.951 368.77 83.283 30.222 413.6 79.779
0.25 2.5127 281.12 92.496 -10.598 378.32 83.49 30.782 423.86 79.752
0.25833 3.8495 291.21 92.425 -10.367 387.71 83.737 31.073 434.03 79.739
0.26667 5.0762 301.26 92.344 -10.242 396.96 84.02 31.086 444.12 79.748
0.275 6.1782 311.27 92.25 -10.208 406.11 84.334 30.818 454.16 79.786
0.28333 7.1428 321.25 92.147 -10.252 415.18 84.676 30.276 464.15 79.859
0.29167 7.9658 331.19 92.041 -10.365 424.22 85.043 29.467 474.12 79.976
0.3 8.651 341.1 91.938 -10.543 433.26 85.433 28.408 484.09 80.139
0.30833 9.2068 350.96 91.848 -10.784 442.32 85.847 27.116 494.09 80.352
0.31667 9.646 360.79 91.778 -11.091 451.42 86.284 25.615 504.14 80.615
0.325 9.9813 370.58 91.737 -11.467 460.58 86.747 23.926 514.26 80.927
0.33333 10.216 380.32 91.73 -11.919 469.81 87.236 22.073 524.46 81.283
0.34167 10.359 390.02 91.759 -12.452 479.09 87.754 20.079 534.75 81.676
0.35 10.41 399.69 91.825 -13.07 488.43 88.299 17.963 545.13 82.098
0.35833 10.369 409.33 91.924 -13.779 497.81 88.873 15.743 555.59 82.54
0.36667 10.236 418.94 92.051 -14.577 507.21 89.471 13.433 566.13 82.993
0.375 10.015 428.53 92.198 -15.467 516.62 90.091 11.044 576.72 83.448
0.38333 9.71 438.11 92.358 -16.444 526.01 90.728 8.5852 587.36 83.898
0.39167 9.3257 447.69 92.523 -17.507 535.37 91.374 6.0621 598.02 84.339
0.4 8.8708 457.27 92.687 -18.651 544.7 92.024 3.4782 608.68 84.767
0.40833 8.3531 466.86 92.847 -19.871 553.99 92.671 0.83632 619.34 85.182
0.41667 7.7839 476.47 93 -21.16 563.24 93.308 -1.8625 629.97 85.585
0.425 7.1743 486.1 93.145 -22.515 572.47 93.932 -4.6168 640.56 85.979
0.43333 6.537 495.75 93.283 -23.93 581.69 94.538 -7.4263 651.12 86.369
0.44167 5.8832 505.44 93.414 -25.401 590.92 95.125 -10.289 661.65 86.759
0.45 5.2225 515.16 93.541 -26.927 600.18 95.691 -13.203 672.13 87.152
0.45833 4.5596 524.91 93.665 -28.508 609.49 96.236 -16.166 682.58 87.552
0.46667 3.8963 534.7 93.788 -30.144 618.86 96.759 -19.175 693 87.961
0.475 3.2286 544.53 93.91 -31.839 628.32 97.261 -22.225 703.4 88.377
0.48333 2.5471 554.39 94.033 -33.593 637.86 97.739 -25.312 713.78 88.799
0.49167 1.838 564.3 94.158 -35.409 647.5 98.193 -28.431 724.15 89.223
0.5 1.084 574.25 94.286 -37.289 657.24 98.62 -31.578 734.51 89.643
0.50833 0.26549 584.25 94.419 -39.234 667.08 99.017 -34.749 744.87 90.052
0.51667 -0.63576 594.3 94.558 -41.244 677.02 99.382 -37.942 755.23 90.445
0.525 -1.644 604.42 94.704 -43.32 687.07 99.712 -41.154 765.58 90.814
0.53333 -2.7713 614.62 94.859 -45.465 697.21 100.01 -44.387 775.94 91.155
0.54167 -4.0276 624.91 95.023 -47.68 707.46 100.27 -47.644 786.3 91.466
0.55 -5.4227 635.32 95.193 -49.967 717.8 100.49 -50.929 796.66 91.745
0.55833 -6.9436 645.86 95.368 -52.33 728.25 100.68 -54.251 807.03 91.994
0.56667 -8.5802 656.54 95.545 -54.773 738.81 100.85 -57.618 817.4 92.217
0.575 -10.315 667.39 95.721 -57.298 749.48 101 -61.044 827.79 92.421
0.58333 -12.134 678.4 95.891 -59.912 760.27 101.13 -64.539 838.18 92.612
0.59167 -14.025 689.59 96.054 -62.617 771.18 101.26 -68.116 848.6 92.799
0.6 -15.991 700.94 96.204 -65.42 782.2 101.4 -71.786 859.04 92.987
0.60833 -18.044 712.47 96.337 -68.325 793.36 101.55 -75.558 869.53 93.184
0.61667 -20.199 724.18 96.449 -71.338 804.64 101.72 -79.435 880.07 93.391
0.625 -22.478 736.09 96.537 -74.465 816.05 101.91 -83.421 890.68 93.61
0.63333 -24.912 748.22 96.597 -77.71 827.58 102.13 -87.513 901.37 93.838
0.64167 -27.522 760.59 96.629 -81.08 839.24 102.38 -91.703 912.17 94.069
0.65 -30.326 773.21 96.633 -84.578 851.02 102.65 -95.982 923.09 94.295
0.65833 -33.335 786.12 96.614 -88.209 862.92 102.95 -100.34 934.14 94.506
0.66667 -36.549 799.32 96.58 -91.972 874.95 103.26 -104.75 945.33 94.693
0.675 -39.958 812.8 96.542 -95.867 887.09 103.58 -109.21 956.67 94.846
0.68333 -43.548 826.54 96.518 -99.887 899.36 103.9 -113.71 968.14 94.958
0.69167 -47.293 840.52 96.523 -104.02 911.74 104.23 -118.22 979.75 95.026
0.7 -51.167 854.68 96.578 -108.25 924.23 104.55 -122.75 991.49 95.052
0.70833 -55.145 868.95 96.699 -112.56 936.83 104.86 -127.29 1003.3 95.039
0.71667 -59.202 883.27 96.899 -116.92 949.52 105.16 -131.84 1015.2 94.997
0.725 -63.318 897.58 97.187 -121.3 962.29 105.44 -136.38 1027.2 94.94
0.73333 -67.473 911.78 97.565 -125.67 975.12 105.71 -140.93 1039.2 94.881
0.74167 -71.651 925.84 98.027 -129.98 987.98 105.96 -145.48 1051.2 94.836
0.75 -75.836 939.67 98.56 -134.21 1000.8 106.18 -150.02 1063.2 94.821
0.75833 -80.009 953.25 99.147 -138.32 1013.7 106.39 -154.54 1075.1 94.845
0.76667 -84.146 966.52 99.764 -142.29 1026.4 106.57 -159.03 1087.1 94.918
0.775 -88.23 979.48 100.39 -146.09 1039.1 106.73 -163.47 1098.9 95.04
0.78333 -92.245 992.14 101.01 -149.7 1051.6 106.86 -167.83 1110.8 95.208
0.79167 -96.194 1004.5 101.62 -153.13 1064 106.95 -172.08 1122.6 95.415
0.8 -100.08 1016.7 102.2 -156.38 1076.1 107.02 -176.19 1134.3 95.648
0.80833 -103.9 1028.7 102.77 -159.45 1088.1 107.05 -180.13 1146.1 95.892
0.81667 -107.68 1040.6 103.32 -162.37 1099.8 107.05 -183.88 1157.8 96.129
0.825 -111.42 1052.4 103.85 -165.15 1111.4 107.02 -187.42 1169.6 96.344
0.83333 -115.11 1064.2 104.37 -167.83 1122.7 106.96 -190.73 1181.4 96.521
0.84167 -118.74 1075.9 104.88 -170.43 1133.9 106.89 -193.82 1193.2 96.65
0.85 -122.31 1087.7 105.39 -172.97 1144.9 106.79 -196.68 1205.1 96.723
0.85833 -125.82 1099.4 105.89 -175.48 1155.9 106.68 -199.33 1217 96.74
0.86667 -129.23 1111.1 106.39 -177.96 1166.7 106.57 -201.8 1228.9 96.701
0.875 -132.56 1122.8 106.88 -180.44 1177.6 106.45 -204.12 1240.9 96.614
0.88333 -135.79 1134.5 107.37 -182.92 1188.4 106.33 -206.31 1252.8 96.489
0.89167 -138.91 1146.2 107.86 -185.4 1199.3 106.21 -208.4 1264.8 96.337
0.9 -141.94 1157.9 108.35 -187.87 1210.2 106.09 -210.42 1276.8 96.17
0.90833 -144.87 1169.5 108.82 -190.34 1221.2 105.97 -212.4 1288.8 95.999
0.91667 -147.74 1181.1 109.29 -192.8 1232.1 105.85 -214.35 1300.8 95.834
0.925 -150.56 1192.7 109.75 -195.24 1243.2 105.73 -216.29 1312.7 95.68
0.93333 -153.35 1204.3 110.2 -197.67 1254.3 105.61 -218.22 1324.6 95.541
0.94167 -156.13 1215.8 110.66 -200.07 1265.4 105.49 -220.13 1336.5 95.416
0.95 -158.93 1227.4 111.11 -202.46 1276.5 105.37 -222.03 1348.3 95.302
0.95833 -161.75 1239 111.57 -204.84 1287.7 105.26 -223.91 1360.1 95.193
0.96667 -164.62 1250.6 112.02 -207.21 1298.9 105.15 -225.76 1371.9 95.082
0.975 -167.51 1262.1 112.49 -209.58 1310.1 105.05 -227.57 1383.5 94.963
0.98333 -170.44 1273.6 112.96 -211.97 1321.4 104.96 -229.33 1395.2 94.829
0.99167 -173.39 1285.1 113.43 -214.37 1332.7 104.89 -231.05 1406.8 94.673
1 -176.34 1296.6 113.9 -216.81 1344.1 104.84 -232.73 1418.4 94.494
1.0083 -179.28 1308.1 114.37 -219.28 1355.6 104.82 -234.38 1429.9 94.29
1.0167 -182.18 1319.5 114.84 -221.79 1367.1 104.82 -235.99 1441.5 94.063
1.025 -185.05 1331 115.29 -224.34 1378.8 104.84 -237.59 1453 93.815
1.0333 -187.86 1342.5 115.72 -226.92 1390.5 104.89 -239.17 1464.5 93.551
1.0417 -190.62 1354.1 116.12 -229.54 1402.4 104.97 -240.74 1476 93.278
1.05 -193.32 1365.8 116.49 -232.18 1414.4 105.06 -242.32 1487.6 93
1.0583 -195.96 1377.7 116.82 -234.83 1426.5 105.18 -243.9 1499.2 92.724
1.0667 -198.56 1389.7 117.09 -237.5 1438.8 105.3 -245.48 1510.8 92.453
1.075 -201.13 1401.9 117.32 -240.16 1451.1 105.43 -247.05 1522.4 92.19
1.0833 -203.66 1414.2 117.49 -242.82 1463.5 105.57 -248.62 1534.1 91.937
1.0917 -206.18 1426.7 117.6 -245.47 1476 105.72 -250.18 1545.9 91.691
1.1 -208.69 1439.4 117.67 -248.09 1488.6 105.86 -251.71 1557.7 91.451
1.1083 -211.22 1452.3 117.7 -250.7 1501.2 105.99 -253.22 1569.6 91.214
1.1167 -213.78 1465.4 117.69 -253.28 1513.9 106.12 -254.71 1581.5 90.975
1.125 -216.39 1478.5 117.67 -255.83 1526.7 106.23 -256.17 1593.5 90.733
1.1333 -219.05 1491.7 117.62 -258.36 1539.6 106.33 -257.61 1605.5 90.484
1.1417 -221.78 1505 117.56 -260.87 1552.6 106.41 -259.04 1617.6 90.229
1.15 -224.55 1518.4 117.5 -263.35 1565.7 106.47 -260.47 1629.7 89.967
1.1583 -227.37 1531.8 117.44 -265.81 1579 106.5 -261.91 1642 89.702
1.1667 -230.23 1545.3 117.4 -268.24 1592.4 106.49 -263.38 1654.3 89.439
1.175 -233.13 1558.9 117.37 -270.64 1605.9 106.46 -264.9 1666.7 89.183
1.1833 -236.07 1572.7 117.35 -273.01 1619.7 106.38 -266.47 1679.2 88.941
1.1917 -239.05 1586.7 117.36 -275.35 1633.6 106.26 -268.1 1691.8 88.719
1.2 -242.1 1600.9 117.39 -277.65 1647.8 106.11 -269.8 1704.4 88.524
1.2083 -245.21 1615.3 117.43 -279.92 1662 105.92 -271.57 1717.2 88.359
1.2167 -248.4 1630 117.47 -282.14 1676.4 105.7 -273.41 1730.1 88.227
1.225 -251.66 1644.9 117.49 -284.33 1691 105.47 -275.31 1743.1 88.127
1.2333 -254.99 1660 117.48 -286.48 1705.6 105.22 -277.25 1756.2 88.055
1.2417 -258.37 1675.2 117.41 -288.61 1720.2 104.96 -279.23 1769.3 88.007
1.25 -261.77 1690.4 117.28 -290.72 1734.9 104.72 -281.23 1782.5 87.974
1.2583 -265.17 1705.6 117.07 -292.85 1749.5 104.48 -283.24 1795.7 87.948
1.2667 -268.52 1720.6 116.79 -295 1764.1 104.27 -285.25 1808.9 87.92
1.275 -271.77 1735.5 116.44 -297.19 1778.6 104.09 -287.25 1822.2 87.879
1.2833 -274.89 1750.3 116.02 -299.45 1792.9 103.95 -289.25 1835.4 87.819
1.2917 -277.84 1764.8 115.56 -301.78 1807.1 103.84 -291.24 1848.6 87.733
1.3 -280.61 1779.1 115.07 -304.2 1821.1 103.78 -293.25 1861.7 87.619
1.3083 -283.2 1793.2 114.57 -306.72 1834.9 103.76 -295.28 1874.8 87.476
1.3167 -285.64 1807.1 114.08 -309.35 1848.5 103.78 -297.36 1887.8 87.308
1.325 -287.95 1820.8 113.61 -312.06 1861.8 103.85 -299.51 1900.8 87.12
1.3333 -290.16 1834.4 113.17 -314.86 1875 103.96 -301.77 1913.7 86.921
1.3417 -292.29 1847.8 112.77 -317.74 1887.9 104.11 -304.14 1926.6 86.721
1.35 -294.37 1861.2 112.41 -320.66 1900.5 104.29 -306.67 1939.4 86.53
1.3583 -296.41 1874.6 112.08 -323.63 1913 104.5 -309.36 1952.1 86.358
1.3667 -298.43 1887.9 111.78 -326.61 1925.2 104.73 -312.23 1964.8 86.213
1.375 -300.47 1901.1 111.52 -329.59 1937.3 104.98 -315.28 1977.5 86.102
1.3833 -302.53 1914.3 111.27 -332.57 1949.3 105.24 -318.52 1990.1 86.031
1.3917 -304.64 1927.4 111.03 -335.52 1961.1 105.51 -321.95 2002.7 86.002
1.4 -306.81 1940.4 110.8 -338.45 1972.8 105.78 -325.53 2015.2 86.014
1.4083 -309.06 1953.2 110.57 -341.36 1984.5 106.05 -329.27 2027.7 86.066
1.4167 -311.39 1965.8 110.33 -344.26 1996.1 106.31 -333.14 2040.2 86.152
1.425 -313.81 1978.3 110.07 -347.16 2007.7 106.56 -337.12 2052.6 86.268
1.4333 -316.32 1990.7 109.81 -350.06 2019.3 106.8 -341.19 2065 86.407
1.4417 -318.91 2002.9 109.54 -353 2031 107.03 -345.32 2077.3 86.561
1.45 -321.56 2015 109.25 -355.97 2042.6 107.25 -349.5 2089.6 86.726
1.4583 -324.27 2027.1 108.97 -358.98 2054.3 107.45 -353.71 2101.9 86.895
1.4667 -327.02 2039 108.67 -362.05 2066 107.64 -357.94 2114 87.064
1.475 -329.8 2051 108.38 -365.18 2077.8 107.81 -362.17 2126.1 87.231
1.4833 -332.59 2062.9 108.08 -368.36 2089.6 107.97 -366.4 2138.2 87.392
1.4917 -335.39 2074.8 107.77 -371.6 2101.5 108.11 -370.62 2150.1 87.547
1.5 -338.2 2086.7 107.46 -374.89 2113.5 108.24 -374.82 2162.1 87.697
1.5083 -341.04 2098.6 107.13 -378.23 2125.5 108.35 -379.01 2173.9 87.841
1.5167 -343.91 2110.5 106.78 -381.61 2137.5 108.44 -383.17 2185.8 87.98
1.525 -346.83 2122.4 106.41 -385.02 2149.6 108.52 -387.3 2197.5 88.114
1.5333 -349.81 2134.3 106.02 -388.46 2161.8 108.58 -391.41 2209.3 88.243
1.5417 -352.88 2146.3 105.62 -391.92 2174 108.62 -395.48 2221 88.366
1.55 -356.03 2158.2 105.2 -395.41 2186.3 108.65 -399.51 2232.8 88.482
1.5583 -359.26 2170.2 104.79 -398.93 2198.7 108.65 -403.51 2244.5 88.591
1.5667 -362.59 2182.3 104.39 -402.46 2211.2 108.64 -407.47 2256.3 88.689
1.575 -365.99 2194.3 104.02 -406.03 2223.7 108.61 -411.39 2268.1 88.774
1.5833 -369.46 2206.5 103.67 -409.61 2236.2 108.57 -415.28 2279.8 88.846
1.5917 -372.99 2218.7 103.37 -413.23 2248.9 108.51 -419.14 2291.7 88.902
1.6 -376.57 2231.1 103.11 -416.89 2261.6 108.45 -422.98 2303.5 88.941
1.6083 -380.22 2243.6 102.88 -420.58 2274.3 108.39 -426.8 2315.4 88.963
1.6167 -383.91 2256.2 102.68 -424.3 2287.1 108.33 -430.61 2327.3 88.969
1.625 -387.68 2269 102.51 -428.07 2299.9 108.27 -434.41 2339.2 88.96
1.6333 -391.51 2282 102.35 -431.89 2312.8 108.22 -438.22 2351.2 88.936
1.6417 -395.42 2295.1 102.2 -435.75 2325.8 108.18 -442.02 2363.2 88.902
1.65 -399.42 2308.3 102.06 -439.66 2338.7 108.16 -445.84 2375.2 88.858
1.6583 -403.5 2321.6 101.93 -443.63 2351.7 108.14 -449.67 2387.4 88.806
1.6667 -407.68 2335 101.79 -447.66 2364.8 108.14 -453.52 2399.6 88.748
1.675 -411.96 2348.5 101.66 -451.75 2377.8 108.15 -457.38 2411.8 88.683
1.6833 -416.35 2362.1 101.52 -455.92 2390.9 108.17 -461.26 2424.2 88.613
1.6917 -420.83 2375.9 101.39 -460.16 2404 108.19 -465.16 2436.7 88.534
1.7 -425.41 2389.8 101.25 -464.48 2417.1 108.22 -469.09 2449.4 88.445
1.7083 -430.08 2403.9 101.12 -468.88 2430.2 108.24 -473.04 2462.1 88.343
1.7167 -434.82 2418.2 101.01 -473.37 2443.3 108.27 -477.03 2475 88.223
1.725 -439.63 2432.7 100.92 -477.93 2456.4 108.28 -481.05 2487.9 88.084
1.7333 -444.47 2447.4 100.87 -482.57 2469.5 108.29 -485.11 2501 87.922
1.7417 -449.34 2462.2 100.88 -487.27 2482.7 108.3 -489.2 2514.1 87.737
1.75 -454.2 2477.1 100.95 -492.02 2495.9 108.29 -493.32 2527.3 87.529
1.7583 -459.04 2492 101.08 -496.8 2509.1 108.27 -497.47 2540.4 87.301
1.7667 -463.84 2506.8 101.29 -501.58 2522.5 108.23 -501.65 2553.6 87.057
1.775 -468.59 2521.5 101.57 -506.34 2535.9 108.18 -505.84 2566.7 86.804
1.7833 -473.27 2535.9 101.91 -511.04 2549.3 108.12 -510.02 2579.8 86.55
1.7917 -477.88 2550.2 102.3 -515.67 2562.9 108.04 -514.2 2592.9 86.304
1.8 -482.4 2564.1 102.72 -520.19 2576.4 107.94 -518.36 2605.9 86.076
1.8083 -486.85 2577.6 103.14 -524.59 2590 107.81 -522.48 2618.8 85.875
1.8167 -491.2 2590.9 103.54 -528.84 2603.5 107.66 -526.55 2631.8 85.707
1.825 -495.49 2603.8 103.91 -532.92 2617 107.49 -530.56 2644.7 85.577
1.8333 -499.73 2616.5 104.23 -536.84 2630.5 107.29 -534.49 2657.7 85.489
1.8417 -503.94 2628.9 104.49 -540.6 2643.8 107.06 -538.34 2670.7 85.441
1.85 -508.14 2641.2 104.71 -544.19 2656.9 106.81 -542.1 2683.7 85.43
1.8583 -512.34 2653.4 104.87 -547.62 2669.9 106.53 -545.77 2696.8 85.448
1.8667 -516.54 2665.6 104.99 -550.93 2682.8 106.24 -549.32 2710 85.487
1.875 -520.71 2677.7 105.08 -554.11 2695.5 105.93 -552.77 2723.3 85.536
1.8833 -524.83 2689.7 105.15 -557.19 2708 105.6 -556.11 2736.7 85.583
1.8917 -528.86 2701.7 105.21 -560.2 2720.5 105.27 -559.32 2750.1 85.617
1.9 -532.77 2713.8 105.28 -563.13 2732.8 104.93 -562.41 2763.6 85.628
1.9083 -536.52 2725.8 105.36 -566.02 2745.1 104.59 -565.38 2777.2 85.607
1.9167 -540.09 2737.8 105.47 -568.87 2757.3 104.25 -568.22 2790.7 85.55
1.925 -543.49 2749.8 105.61 -571.68 2769.6 103.9 -570.93 2804.2 85.454
1.9333 -546.69 2761.7 105.79 -574.46 2781.9 103.57 -573.52 2817.8 85.32
1.9417 -549.73 2773.7 106.01 -577.2 2794.2 103.23 -575.98 2831.2 85.152
1.95 -552.64 2785.6 106.27 -579.92 2806.5 102.9 -578.33 2844.6 84.954
1.9583 -555.45 2797.6 106.57 -582.61 2818.9 102.56 -580.56 2858 84.736
1.9667 -558.2 2809.5 106.9 -585.26 2831.3 102.24 -582.69 2871.2 84.502
1.975 -560.93 2821.3 107.26 -587.89 2843.8 101.91 -584.73 2884.5 84.261
1.9833 -563.67 2833.1 107.64 -590.48 2856.3 101.6 -586.68 2897.6 84.019
1.9917 -566.43 2844.9 108.02 -593.05 2868.8 101.29 -588.55 2910.7 83.781
2 -569.22 2856.7 108.41 -595.6 2881.4 101 -590.36 2923.7 83.549
2.0083 -572.03 2868.4 108.79 -598.14 2894 100.73 -592.11 2936.8 83.324
2.0167 -574.84 2880.2 109.16 -600.66 2906.6 100.47 -593.8 2949.8 83.106
2.025 -577.63 2891.9 109.52 -603.19 2919.2 100.24 -595.44 2962.7 82.891
2.0333 -580.37 2903.7 109.86 -605.71 2931.9 100.03 -597.05 2975.7 82.677
2.0417 -583.02 2915.5 110.19 -608.24 2944.7 99.852 -598.61 2988.7 82.46
2.05 -585.57 2927.4 110.51 -610.77 2957.5 99.698 -600.14 3001.7 82.236
2.0583 -587.98 2939.5 110.81 -613.3 2970.3 99.57 -601.64 3014.7 82.002
2.0667 -590.27 2951.7 111.11 -615.83 2983.3 99.465 -603.12 3027.6 81.756
2.075 -592.42 2964 111.4 -618.35 2996.3 99.384 -604.57 3040.6 81.496
2.0833 -594.47 2976.6 111.68 -620.85 3009.4 99.324 -606.01 3053.6 81.224
2.0917 -596.43 2989.2 111.96 -623.34 3022.5 99.281 -607.44 3066.6 80.941
2.1 -598.35 3002 112.22 -625.79 3035.8 99.257 -608.86 3079.5 80.649
2.1083 -600.24 3015 112.48 -628.2 3049 99.251 -610.28 3092.5 80.353
2.1167 -602.15 3028.1 112.72 -630.55 3062.4 99.262 -611.69 3105.5 80.055
2.125 -604.11 3041.4 112.94 -632.86 3075.8 99.29 -613.1 3118.6 79.76
2.1333 -606.14 3054.8 113.14 -635.09 3089.2 99.334 -614.51 3131.6 79.471
2.1417 -608.26 3068.4 113.31 -637.25 3102.7 99.394 -615.89 3144.7 79.188
2.15 -610.48 3082 113.44 -639.33 3116.3 99.466 -617.26 3157.9 78.915
2.1583 -612.8 3095.7 113.51 -641.32 3130 99.547 -618.6 3171.1 78.651
2.1667 -615.2 3109.4 113.54 -643.22 3143.8 99.633 -619.91 3184.3 78.396
2.175 -617.66 3123.2 113.52 -645.03 3157.6 99.718 -621.18 3197.6 78.151
2.1833 -620.17 3137 113.46 -646.73 3171.6 99.79 -622.39 3211 77.916
2.1917 -622.71 3151 113.36 -648.33 3185.6 99.846 -623.56 3224.4 77.69
2.2 -625.27 3165.1 113.25 -649.83 3199.8 99.875 -624.68 3237.9 77.474
2.2083 -627.85 3179.4 113.13 -651.22 3214 99.872 -625.76 3251.4 77.27
2.2167 -630.45 3193.9 113.02 -652.5 3228.3 99.832 -626.79 3264.9 77.081
2.225 -633.06 3208.6 112.92 -653.69 3242.7 99.754 -627.79 3278.5 76.908
2.2333 -635.67 3223.6 112.82 -654.79 3257.2 99.637 -628.77 3292.1 76.755
2.2417 -638.29 3238.8 112.72 -655.8 3271.7 99.485 -629.73 3305.7 76.624
2.25 -640.9 3254.1 112.61 -656.75 3286.2 99.304 -630.67 3319.3 76.515
2.2583 -643.48 3269.5 112.47 -657.66 3300.7 99.104 -631.6 3332.9 76.429
2.2667 -646.02 3284.9 112.28 -658.54 3315.2 98.888 -632.53 3346.5 76.364
2.275 -648.5 3300.2 112.03 -659.42 3329.7 98.673 -633.46 3360.1 76.315
2.2833 -650.89 3315.4 111.73 -660.33 3344 98.466 -634.37 3373.7 76.275
2.2917 -653.15 3330.4 111.36 -661.3 3358.3 98.275 -635.28 3387.3 76.238
2.3 -655.26 3345.2 110.94 -662.34 3372.5 98.108 -636.18 3400.9 76.193
2.3083 -657.2 3359.7 110.47 -663.48 3386.5 97.967 -637.08 3414.5 76.134
2.3167 -658.97 3374 109.97 -664.74 3400.3 97.855 -637.97 3428 76.052
2.325 -660.58 3388 109.45 -666.12 3414 97.77 -638.87 3441.5 75.941
2.3333 -662.04 3401.8 108.93 -667.61 3427.4 97.711 -639.79 3455 75.801
2.3417 -663.35 3415.5 108.43 -669.23 3440.6 97.673 -640.75 3468.4 75.631
2.35 -664.51 3429 107.95 -670.95 3453.6 97.65 -641.76 3481.9 75.436
2.3583 -665.52 3442.5 107.51 -672.75 3466.3 97.638 -642.86 3495.3 75.222
2.3667 -666.39 3455.9 107.09 -674.62 3478.8 97.632 -644.05 3508.7 74.999
2.375 -667.14 3469.3 106.71 -676.53 3491.1 97.627 -645.37 3522 74.779
2.3833 -667.78 3482.7 106.36 -678.45 3503.2 97.622 -646.82 3535.3 74.572
2.3917 -668.36 3496.1 106.03 -680.36 3515.1 97.614 -648.41 3548.6 74.389
2.4 -668.9 3509.5 105.71 -682.26 3526.9 97.604 -650.15 3561.9 74.239
2.4083 -669.46 3522.8 105.39 -684.11 3538.7 97.594 -652.05 3575.1 74.125
2.4167 -670.05 3536 105.05 -685.93 3550.3 97.585 -654.08 3588.3 74.051
2.425 -670.73 3549.1 104.69 -687.71 3562 97.579 -656.23 3601.6 74.014
2.4333 -671.51 3562 104.3 -689.45 3573.7 97.578 -658.49 3614.7 74.009
2.4417 -672.4 3574.9 103.88 -691.17 3585.4 97.583 -660.84 3627.9 74.026
2.45 -673.42 3587.5 103.43 -692.88 3597.1 97.594 -663.26 3641.1 74.056
2.4583 -674.55 3600.1 102.95 -694.58 3609 97.61 -665.72 3654.2 74.089
2.4667 -675.78 3612.5 102.46 -696.29 3620.9 97.629 -668.21 3667.2 74.114
2.475 -677.08 3624.8 101.95 -698.03 3632.8 97.647 -670.71 3680.3 74.124
2.4833 -678.41 3637.1 101.44 -699.78 3644.9 97.66 -673.23 3693.2 74.114
2.4917 -679.77 3649.4 100.93 -701.56 3657 97.666 -675.75 3706.2 74.082
2.5 -681.11 3661.6 100.43 -703.37 3669.1 97.662 -678.28 3719 74.031
2.5083 -682.44 3673.9 99.932 -705.19 3681.3 97.645 -680.81 3731.8 73.964
2.5167 -683.75 3686.2 99.437 -707.02 3693.6 97.615 -683.34 3744.5 73.887
2.525 -685.06 3698.5 98.94 -708.85 3705.9 97.57 -685.87 3757.2 73.808
2.5333 -686.39 3710.8 98.433 -710.68 3718.3 97.51 -688.41 3769.8 73.733
2.5417 -687.77 3723.1 97.912 -712.5 3730.8 97.438 -690.94 3782.3 73.668
2.55 -689.22 3735.5 97.375 -714.31 3743.4 97.354 -693.47 3794.8 73.617
2.5583 -690.76 3747.8 96.823 -716.1 3756 97.26 -695.97 3807.3 73.58
2.5667 -692.41 3760.2 96.26 -717.88 3768.8 97.156 -698.45 3819.8 73.556
2.575 -694.17 3772.5 95.696 -719.65 3781.7 97.043 -700.88 3832.2 73.541
2.5833 -696.02 3784.7 95.139 -721.41 3794.7 96.923 -703.27 3844.7 73.528
2.5917 -697.95 3797 94.597 -723.16 3807.8 96.795 -705.6 3857.1 73.51
2.6 -699.94 3809.3 94.078 -724.92 3820.9 96.659 -707.86 3869.6 73.481
2.6083 -701.94 3821.6 93.587 -726.68 3834.1 96.515 -710.07 3882.1 73.436
2.6167 -703.95 3833.9 93.124 -728.45 3847.3 96.36 -712.22 3894.7 73.371
2.625 -705.95 3846.4 92.687 -730.23 3860.6 96.193 -714.31 3907.2 73.285
2.6333 -707.91 3859 92.274 -732 3873.8 96.008 -716.37 3919.8 73.18
2.6417 -709.85 3871.8 91.884 -733.79 3887.1 95.81 -718.4 3932.3 73.06
2.65 -711.76 3884.6 91.514 -735.57 3900.4 95.591 -720.42 3944.9 72.929
2.6583 -713.67 3897.7 91.16 -737.4 3913.8 95.396 -722.42 3957.5 72.794
2.6667 -715.58 3910.8 90.83 -739.22 3927.4 95.212 -724.42 3970.2 72.66
2.675 -717.51 3924 90.509 -741.1 3940.9 95.039 -726.42 3982.9 72.531
2.6833 -719.48 3937.3 90.196 -743.02 3954.6 94.875 -728.42 3995.6 72.407
2.6917 -721.51 3950.8 89.888 -744.99 3968.3 94.718 -730.4 4008.5 72.287
2.7 -723.58 3964.4 89.581 -747.01 3982.1 94.574 -732.35 4021.4 72.166
2.7083 -725.71 3978.2 89.277 -749.08 3995.9 94.416 -734.27 4034.4 72.032
2.7167 -727.9 3992.2 88.981 -751.22 4009.7 94.269 -736.13 4047.6 71.88
2.725 -730.15 4006.4 88.704 -753.36 4023.6 94.128 -737.94 4060.9 71.703
2.7333 -732.44 4020.7 88.455 -755.54 4037.4 93.988 -739.67 4074.3 71.489
2.7417 -734.75 4035.3 88.249 -757.76 4051.2 93.848 -741.33 4087.8 71.234
2.75 -737.07 4050.1 88.097 -759.98 4065.1 93.718 -742.93 4101.4 70.937
2.7583 -739.38 4064.9 88.008 -762.19 4078.9 93.591 -744.45 4115 70.602
2.7667 -741.65 4079.8 87.99 -764.37 4092.7 93.469 -745.92 4128.7 70.237
2.775 -743.88 4094.7 88.043 -766.49 4106.5 93.352 -747.34 4142.5 69.854
2.7833 -746.06 4109.6 88.161 -768.52 4120.2 93.237 -748.72 4156.2 69.469
2.7917 -748.18 4124.2 88.334 -770.44 4134 93.12 -750.07 4169.9 69.098
2.8 -750.23 4138.6 88.543 -772.22 4147.8 92.996 -751.39 4183.6 68.757
2.8083 -752.23 4152.8 88.767 -773.84 4161.5 92.858 -752.66 4197.2 68.46
2.8167 -754.17 4166.6 88.981 -775.29 4175.2 92.697 -753.88 4210.7 68.215
2.825 -756.07 4180.2 89.16 -776.54 4188.9 92.505 -755.02 4224.2 68.027
2.8333 -757.94 4193.4 89.284 -777.61 4202.5 92.273 -756.05 4237.7 67.894
2.8417 -759.79 4206.3 89.34 -778.48 4216 91.994 -756.94 4251 67.808
2.85 -761.63 4219 89.325 -779.17 4229.4 91.66 -757.65 4264.4 67.757
2.8583 -763.44 4231.5 89.244 -779.69 4242.6 91.269 -758.14 4277.7 67.725
2.8667 -765.2 4243.8 89.108 -780.06 4255.6 90.821 -758.4 4290.9 67.695
2.875 -766.89 4256.1 88.929 -780.3 4268.5 90.318 -758.39 4304.2 67.651
2.8833 -768.44 4268.2 88.724 -780.42 4281.1 89.766 -758.1 4317.4 67.579
2.8917 -769.82 4280.3 88.509 -780.45 4293.5 89.172 -757.53 4330.5 67.466
2.9 -770.96 4292.3 88.3 -780.4 4305.7 88.545 -756.7 4343.7 67.308
2.9083 -771.84 4304.3 88.11 -780.28 4317.9 87.894 -755.63 4356.8 67.102
2.9167 -772.44 4316.1 87.949 -780.1 4329.9 87.228 -754.33 4369.8 66.852
2.925 -772.75 4327.9 87.821 -779.85 4341.8 86.555 -752.85 4382.7 66.565
2.9333 -772.8 4339.6 87.727 -779.53 4353.7 85.879 -751.21 4395.6 66.252
2.9417 -772.61 4351.2 87.665 -779.14 4365.6 85.206 -749.47 4408.3 65.924
2.95 -772.23 4362.7 87.631 -778.67 4377.6 84.535 -747.63 4421 65.592
2.9583 -771.68 4374.1 87.618 -778.11 4389.6 83.869 -745.74 4433.5 65.266
2.9667 -771.02 4385.5 87.62 -777.45 4401.6 83.204 -743.8 4446 64.953
2.975 -770.27 4396.8 87.627 -776.7 4413.6 82.539 -741.84 4458.4 64.655
2.9833 -769.5 4408.1 87.637 -775.85 4425.7 81.873 -739.84 4470.6 64.374
2.9917 -768.72 4419.4 87.641 -774.9 4437.8 81.205 -737.81 4482.8 64.104
3 -767.96 4430.7 87.634 -773.87 4449.9 80.541 -735.74 4494.9 63.841
3.0083 -767.25 4441.9 87.62 -772.76 4462 79.87 -733.63 4506.9 63.575
3.0167 -766.57 4453.2 87.588 -771.58 4474.1 79.21 -731.47 4518.9 63.301
3.025 -765.93 4464.5 87.543 -770.34 4486.2 78.564 -729.26 4530.8 63.011
3.0333 -765.31 4475.8 87.483 -769.05 4498.3 77.937 -726.99 4542.7 62.7
3.0417 -764.69 4487.1 87.411 -767.7 4510.5 77.336 -724.66 4554.5 62.365
3.05 -764.05 4498.4 87.329 -766.31 4522.7 76.767 -722.29 4566.4 62.007
3.0583 -763.38 4509.7 87.24 -764.86 4534.9 76.235 -719.87 4578.2 61.626
3.0667 -762.65 4521.1 87.147 -763.36 4547.2 75.74 -717.42 4589.9 61.228
3.075 -761.85 4532.6 87.053 -761.8 4559.7 75.284 -714.94 4601.7 60.817
3.0833 -760.96 4544.1 86.958 -760.18 4572.2 74.865 -712.43 4613.5 60.4
3.0917 -759.98 4555.6 86.862 -758.49 4584.7 74.48 -709.9 4625.4 59.982
3.1 -758.88 4567.3 86.766 -756.72 4597.4 74.126 -707.35 4637.2 59.569
3.1083 -757.64 4579 86.666 -754.88 4610 73.799 -704.77 4649.2 59.164
3.1167 -756.26 4590.8 86.562 -752.96 4622.7 73.498 -702.15 4661.1 58.771
3.125 -754.72 4602.7 86.455 -750.96 4635.4 73.221 -699.49 4673.1 58.391
3.1333 -753.01 4614.7 86.347 -748.88 4648.1 72.966 -696.77 4685.1 58.023
3.1417 -751.11 4626.8 86.237 -746.7 4660.7 72.739 -693.98 4697.2 57.668
3.15 -749.04 4639.1 86.134 -744.43 4673.3 72.534 -691.12 4709.3 57.324
3.1583 -746.83 4651.5 86.038 -742.07 4685.9 72.357 -688.18 4721.5 56.99
3.1667 -744.52 4664 85.949 -739.59 4698.4 72.21 -685.15 4733.7 56.665
3.175 -742.15 4676.6 85.867 -736.98 4711 72.094 -682.02 4745.9 56.352
3.1833 -739.72 4689.3 85.794 -734.25 4723.5 72.003 -678.81 4758.1 56.05
3.1917 -737.25 4702.2 85.727 -731.37 4736.1 71.937 -675.5 4770.3 55.762
3.2 -734.75 4715.2 85.663 -728.32 4748.7 71.888 -672.11 4782.6 55.49
3.2083 -732.2 4728.3 85.604 -725.12 4761.3 71.849 -668.62 4794.9 55.239
3.2167 -729.59 4741.6 85.546 -721.74 4774.1 71.812 -665.04 4807.2 55.011
3.225 -726.92 4755 85.489 -718.18 4786.8 71.766 -661.38 4819.6 54.809
3.2333 -724.16 4768.7 85.429 -714.46 4799.7 71.704 -657.62 4832 54.633
3.2417 -721.32 4782.5 85.361 -710.58 4812.6 71.62 -653.78 4844.5 54.485
3.25 -718.38 4796.6 85.276 -706.55 4825.5 71.51 -649.85 4857.1 54.364
3.2583 -715.33 4810.8 85.161 -702.4 4838.5 71.375 -645.83 4869.7 54.267
3.2667 -712.17 4825.1 85.01 -698.14 4851.5 71.217 -641.74 4882.3 54.19
3.275 -708.91 4839.4 84.806 -693.81 4864.4 71.043 -637.57 4894.9 54.129
3.2833 -705.53 4853.8 84.542 -689.44 4877.4 70.864 -633.33 4907.6 54.076
3.2917 -702.05 4868 84.214 -685.05 4890.3 70.688 -629.05 4920.3 54.027
3.3 -698.48 4882 83.822 -680.68 4903.1 70.526 -624.73 4932.9 53.976
3.3083 -694.8 4895.7 83.37 -676.36 4915.8 70.39 -620.39 4945.5 53.916
3.3167 -691.03 4909.1 82.865 -672.12 4928.5 70.287 -616.05 4958 53.845
3.325 -687.18 4922.2 82.32 -667.96 4941.1 70.222 -611.72 4970.5 53.759
3.3333 -683.25 4934.9 81.745 -663.93 4953.6 70.198 -607.42 4982.9 53.658
3.3417 -679.27 4947.4 81.154 -660.01 4966 70.213 -603.16 4995.2 53.543
3.35 -675.24 4959.5 80.556 -656.23 4978.3 70.261 -598.96 5007.4 53.417
3.3583 -671.17 4971.4 79.956 -652.59 4990.5 70.335 -594.82 5019.6 53.285
3.3667 -667.05 4983.1 79.358 -649.06 5002.5 70.427 -590.76 5031.7 53.152
3.375 -662.86 4994.6 78.765 -645.66 5014.5 70.524 -586.77 5043.8 53.026
3.3833 -658.63 5006.1 78.176 -642.36 5026.2 70.615 -582.87 5056 52.914
3.3917 -654.34 5017.5 77.593 -639.14 5037.8 70.692 -579.06 5068.1 52.822
3.4 -650 5028.8 77.013 -635.98 5049.3 70.745 -575.33 5080.3 52.757
3.4083 -645.64 5040.1 76.436 -632.87 5060.6 70.77 -571.7 5092.6 52.723
3.4167 -641.25 5051.4 75.857 -629.78 5071.7 70.763 -568.16 5104.9 52.723
3.425 -636.87 5062.6 75.277 -626.69 5082.8 70.725 -564.72 5117.2 52.757
3.4333 -632.52 5073.8 74.694 -623.59 5093.7 70.657 -561.37 5129.6 52.822
3.4417 -628.21 5084.8 74.108 -620.46 5104.6 70.563 -558.1 5142.1 52.917
3.45 -623.98 5095.8 73.522 -617.29 5115.4 70.447 -554.93 5154.6 53.035
3.4583 -619.83 5106.7 72.936 -614.08 5126.3 70.316 -551.83 5167 53.17
3.4667 -615.79 5117.5 72.356 -610.81 5137.2 70.173 -548.8 5179.5 53.314
3.475 -611.84 5128.3 71.781 -607.51 5148.1 70.022 -545.83 5191.9 53.461
3.4833 -607.99 5138.9 71.215 -604.15 5159.1 69.867 -542.91 5204.3 53.602
3.4917 -604.2 5149.6 70.656 -600.76 5170.3 69.706 -540.03 5216.6 53.734
3.5 -600.47 5160.2 70.106 -597.34 5181.6 69.542 -537.17 5228.8 53.851
3.5083 -596.77 5170.8 69.561 -593.88 5193 69.371 -534.33 5240.9 53.95
3.5167 -593.06 5181.4 69.014 -590.4 5204.5 69.191 -531.49 5253 54.029
3.525 -589.34 5192 68.471 -586.9 5216.1 69.002 -528.65 5264.9 54.091
3.5333 -585.6 5202.7 67.912 -583.36 5227.8 68.799 -525.8 5276.7 54.135
3.5417 -581.81 5213.3 67.344 -579.81 5239.5 68.584 -522.93 5288.5 54.162
3.55 -578 5224 66.762 -576.23 5251.3 68.355 -520.04 5300.2 54.174
3.5583 -574.17 5234.7 66.168 -572.62 5263.2 68.114 -517.12 5311.8 54.174
3.5667 -570.35 5245.4 65.566 -568.98 5275 67.862 -514.17 5323.4 54.161
3.575 -566.56 5256.1 64.968 -565.31 5286.9 67.605 -511.19 5335 54.137
3.5833 -562.8 5266.8 64.38 -561.6 5298.8 67.345 -508.17 5346.6 54.099
3.5917 -559.09 5277.6 63.817 -557.86 5310.8 67.088 -505.1 5358.1 54.047
3.6 -555.46 5288.4 63.292 -554.09 5322.7 66.84 -501.97 5369.7 53.979
3.6083 -551.86 5299.2 62.813 -550.27 5334.8 66.605 -498.8 5381.3 53.894
3.6167 -548.33 5310.1 62.389 -546.41 5346.8 66.389 -495.56 5392.9 53.791
3.625 -544.82 5321 62.019 -542.52 5358.9 66.195 -492.27 5404.5 53.67
3.6333 -541.32 5332.1 61.7 -538.58 5371.1 66.025 -488.91 5416.2 53.533
3.6417 -537.79 5343.3 61.422 -534.6 5383.3 65.88 -485.5 5427.9 53.386
3.65 -534.21 5354.6 61.172 -530.58 5395.6 65.755 -482.05 5439.6 53.235
3.6583 -530.54 5366.1 60.935 -526.52 5407.9 65.635 -478.56 5451.3 53.086
3.6667 -526.75 5377.8 60.688 -522.45 5420.2 65.531 -475.04 5463.1 52.947
3.675 -522.89 5389.6 60.441 -518.25 5432.5 65.435 -471.52 5474.9 52.83
3.6833 -518.89 5401.5 60.167 -514.02 5445 65.395 -467.99 5486.7 52.739
3.6917 -514.79 5413.6 59.871 -509.7 5457.5 65.405 -464.48 5498.7 52.68
3.7 -510.6 5425.7 59.55 -505.37 5470.2 65.436 -460.98 5510.6 52.655
3.7083 -506.33 5438 59.211 -501.11 5482.8 65.459 -457.5 5522.7 52.664
3.7167 -501.97 5450.5 58.844 -496.83 5495.5 65.492 -454.04 5534.9 52.699
3.725 -497.57 5463 58.471 -492.58 5508.3 65.538 -450.58 5547.2 52.755
3.7333 -493.05 5475.7 58.083 -488.32 5521.1 65.577 -447.12 5559.5 52.82
3.7417 -488.47 5488.6 57.701 -484.22 5534 65.588 -443.64 5572 52.876
3.75 -483.79 5501.7 57.331 -480.08 5546.9 65.612 -440.14 5584.6 52.918
3.7583 -478.98 5515 56.979 -476.05 5560 65.62 -436.59 5597.2 52.93
3.7667 -474.07 5528.6 56.666 -472.05 5573.1 65.63 -433.01 5609.9 52.906
3.775 -469.03 5542.3 56.406 -468.04 5586.4 65.644 -429.38 5622.6 52.843
3.7833 -463.88 5556.3 56.212 -464.05 5599.8 65.654 -425.71 5635.4 52.74
3.7917 -458.62 5570.4 56.098 -460.05 5613.3 65.652 -422 5648.1 52.604
3.8 -453.27 5584.5 56.076 -456 5626.8 65.652 -418.28 5660.9 52.445
3.8083 -447.88 5598.7 56.148 -451.89 5640.5 65.642 -414.56 5673.5 52.278
3.8167 -442.48 5612.8 56.321 -447.69 5654.2 65.63 -410.86 5686.1 52.116
3.825 -437.13 5626.9 56.589 -443.39 5667.8 65.615 -407.18 5698.7 51.976
3.8333 -431.86 5640.8 56.941 -438.96 5681.5 65.593 -403.54 5711.1 51.869
3.8417 -426.73 5654.5 57.365 -434.4 5695 65.566 -399.93 5723.5 51.806
3.85 -421.77 5668 57.84 -429.7 5708.5 65.529 -396.35 5735.7 51.788
3.8583 -417 5681.3 58.344 -424.87 5721.7 65.482 -392.77 5747.9 51.816
3.8667 -412.44 5694.3 58.858 -419.92 5734.7 65.422 -389.17 5760 51.881
3.875 -408.07 5707 59.361 -414.87 5747.5 65.347 -385.5 5772.1 51.971
3.8833 -403.88 5719.5 59.841 -409.75 5759.9 65.256 -381.74 5784 52.072
3.8917 -399.83 5731.8 60.289 -404.59 5772.1 65.146 -377.83 5795.9 52.167
3.9 -395.86 5743.9 60.706 -399.41 5783.9 65.019 -373.73 5807.6 52.238
3.9083 -391.95 5755.8 61.074 -394.23 5795.4 64.871 -369.42 5819.3 52.272
3.9167 -388.03 5767.7 61.41 -389.09 5806.6 64.706 -364.87 5830.9 52.259
3.925 -384.07 5779.4 61.689 -383.98 5817.5 64.521 -360.06 5842.3 52.195
3.9333 -380.04 5791.1 61.929 -378.93 5828.2 64.318 -354.99 5853.6 52.081
3.9417 -375.89 5802.6 62.123 -373.92 5838.7 64.099 -349.67 5864.8 51.923
3.95 -371.61 5814 62.278 -368.95 5849 63.863 -344.11 5875.9 51.732
3.9583 -367.19 5825.3 62.397 -364.01 5859.2 63.612 -338.35 5886.8 51.521
3.9667 -362.63 5836.4 62.486 -359.08 5869.4 63.346 -332.41 5897.6 51.302
3.975 -357.91 5847.3 62.553 -354.14 5879.4 63.067 -326.32 5908.3 51.089
3.9833 -353.05 5858.1 62.605 -349.16 5889.5 62.776 -320.12 5918.9 50.89
3.9917 -348.06 5868.7 62.648 -344.14 5899.5 62.471 -313.84 5929.4 50.712
4 -342.95 5879.2 62.69 -339.05 5909.6 62.156 -307.5 5939.8 50.552
4.0083 -337.75 5889.5 62.737 -333.89 5919.6 61.828 -301.11 5950.2 50.41
4.0167 -332.46 5899.8 62.793 -328.64 5929.7 61.492 -294.7 5960.5 50.278
4.025 -327.12 5909.9 62.869 -323.31 5939.9 61.139 -288.26 5970.7 50.145
4.0333 -321.71 5920.1 62.96 -317.89 5950 60.782 -281.8 5981 50.004
4.0417 -316.28 5930.2 63.074 -312.39 5960.2 60.414 -275.32 5991.2 49.844
4.05 -310.82 5940.4 63.211 -306.82 5970.4 60.035 -268.81 6001.3 49.66
4.0583 -305.33 5950.5 63.367 -301.17 5980.7 59.656 -262.29 6011.5 49.447
