0.0083333 -22.563 9.0264 96.682 -56.794 127.22 87.978 -40.077 151.48 80.429
0.016667 -21.614 18.504 96.829 -55.446 137.5 87.883 -38.072 161.32 80.236
0.025 -20.636 28.407 97 -53.965 147.9 87.77 -35.986 171.29 80.048
0.033333 -19.652 38.727 97.192 -52.35 158.41 87.642 -33.819 181.38 79.87
0.041667 -18.687 49.445 97.398 -50.604 169.02 87.502 -31.574 191.59 79.705
0.05 -17.763 60.521 97.608 -48.739 179.71 87.353 -29.254 201.91 79.556
0.058333 -16.897 71.909 97.807 -46.772 190.49 87.197 -26.862 212.33 79.425
0.066667 -16.097 83.55 97.981 -44.724 201.35 87.04 -24.406 222.84 79.313
0.075 -15.364 95.38 98.114 -42.625 212.3 86.882 -21.894 233.42 79.219
0.083333 -14.685 107.34 98.195 -40.504 223.32 86.728 -19.34 244.06 79.141
0.091667 -14.045 119.36 98.213 -38.394 234.4 86.579 -16.759 254.74 79.075
0.1 -13.419 131.38 98.167 -36.328 245.54 86.438 -14.168 265.44 79.013
0.10833 -12.779 143.36 98.059 -34.335 256.7 86.308 -11.589 276.16 78.951
0.11667 -12.097 155.26 97.895 -32.442 267.87 86.193 -9.0458 286.87 78.88
0.125 -11.346 167.06 97.686 -30.669 279.02 86.095 -6.5619 297.56 78.795
0.13333 -10.509 178.73 97.442 -29.033 290.09 86.02 -4.1632 308.23 78.692
0.14167 -9.5754 190.28 97.174 -27.541 301.07 85.972 -1.875 318.88 78.568
0.15 -8.5481 201.73 96.888 -26.197 311.92 85.955 0.27791 329.49 78.423
0.15833 -7.4436 213.08 96.593 -24.998 322.61 85.973 2.2738 340.08 78.261
0.16667 -6.2846 224.37 96.291 -23.938 333.12 86.031 4.092 350.64 78.087
0.175 -5.0992 235.6 95.981 -23.008 343.45 86.128 5.7169 361.19 77.91
0.18333 -3.9166 246.79 95.662 -22.197 353.59 86.266 7.1362 371.72 77.739
0.19167 -2.7643 257.94 95.331 -21.494 363.57 86.444 8.3416 382.24 77.584
0.2 -1.6705 269.06 94.985 -20.89 373.4 86.658 9.3302 392.77 77.454
0.20833 -0.66239 280.14 94.624 -20.377 383.12 86.903 10.103 403.31 77.358
0.21667 0.23812 291.14 94.25 -19.948 392.77 87.172 10.665 413.87 77.301
0.225 1.0184 302.07 93.866 -19.603 402.38 87.459 11.026 424.46 77.285
0.23333 1.6709 312.9 93.483 -19.335 411.98 87.764 11.198 435.08 77.313
0.24167 2.2062 323.64 93.106 -19.148 421.61 88.075 11.194 445.76 77.379
0.25 2.6378 334.3 92.746 -19.041 431.29 88.389 11.03 456.48 77.481
0.25833 2.9854 344.88 92.414 -19.013 441.04 88.704 10.72 467.27 77.611
0.26667 3.2714 355.4 92.118 -19.064 450.87 89.018 10.278 478.11 77.761
0.275 3.5126 365.9 91.865 -19.192 460.77 89.331 9.7177 489.02 77.924
0.28333 3.7277 376.38 91.658 -19.394 470.75 89.644 9.0485 500 78.093
0.29167 3.9255 386.87 91.497 -19.664 480.79 89.959 8.2784 511.03 78.263
0.3 4.1088 397.37 91.377 -19.998 490.9 90.275 7.4134 522.12 78.43
0.30833 4.2742 407.88 91.291 -20.388 501.05 90.596 6.4578 533.25 78.594
0.31667 4.4101 418.4 91.23 -20.831 511.24 90.92 5.414 544.42 78.754
0.325 4.5037 428.93 91.183 -21.32 521.46 91.246 4.285 555.62 78.912
0.33333 4.5421 439.46 91.144 -21.852 531.71 91.573 3.073 566.84 79.071
0.34167 4.5144 449.96 91.105 -22.423 541.98 91.896 1.7824 578.06 79.234
0.35 4.4133 460.45 91.059 -23.032 552.29 92.213 0.41837 589.29 79.405
0.35833 4.2396 470.91 91.004 -23.679 562.62 92.519 -1.0119 600.52 79.585
0.36667 3.9987 481.34 90.936 -24.361 573 92.809 -2.4985 611.75 79.776
0.375 3.7014 491.73 90.856 -25.08 583.41 93.081 -4.0304 622.96 79.977
0.38333 3.3614 502.08 90.764 -25.833 593.88 93.331 -5.5948 634.18 80.186
0.39167 2.995 512.41 90.661 -26.62 604.41 93.559 -7.1788 645.39 80.4
0.4 2.6168 522.72 90.551 -27.44 615 93.765 -8.7694 656.61 80.615
0.40833 2.2364 533 90.435 -28.291 625.67 93.949 -10.356 667.83 80.825
0.41667 1.8595 543.29 90.317 -29.174 636.42 94.115 -11.929 679.05 81.026
0.425 1.4866 553.59 90.201 -30.09 647.26 94.265 -13.483 690.27 81.214
0.43333 1.1096 563.92 90.09 -31.043 658.19 94.402 -15.017 701.49 81.384
0.44167 0.71665 574.3 89.987 -32.037 669.23 94.529 -16.533 712.71 81.535
0.45 0.29025 584.77 89.892 -33.079 680.38 94.649 -18.037 723.92 81.665
0.45833 -0.18684 595.35 89.809 -34.175 691.65 94.763 -19.539 735.13 81.774
0.46667 -0.73655 606.08 89.736 -35.335 703.03 94.871 -21.051 746.33 81.863
0.475 -1.3722 616.98 89.674 -36.565 714.54 94.974 -22.588 757.53 81.936
0.48333 -2.1155 628.06 89.624 -37.873 726.15 95.07 -24.165 768.72 81.994
0.49167 -2.9748 639.35 89.586 -39.265 737.88 95.159 -25.797 779.93 82.041
0.5 -3.9595 650.85 89.563 -40.746 749.69 95.237 -27.499 791.16 82.079
0.50833 -5.0705 662.53 89.558 -42.319 761.59 95.307 -29.283 802.43 82.112
0.51667 -6.3126 674.41 89.57 -43.979 773.52 95.354 -31.159 813.76 82.14
0.525 -7.6771 686.47 89.6 -45.722 785.59 95.426 -33.136 825.17 82.165
0.53333 -9.161 698.71 89.641 -47.56 797.75 95.514 -35.215 836.68 82.187
0.54167 -10.753 711.16 89.689 -49.474 810.05 95.64 -37.401 848.3 82.205
0.55 -12.466 723.75 89.736 -51.52 822.39 95.778 -39.689 860.05 82.216
0.55833 -14.282 736.66 89.777 -53.676 834.79 95.937 -42.087 871.91 82.223
0.56667 -16.155 749.96 89.793 -55.951 847.29 96.119 -44.58 883.91 82.218
0.575 -18.185 763.38 89.806 -58.3 859.89 96.345 -47.164 896.02 82.202
0.58333 -20.222 777.32 89.777 -60.833 872.49 96.548 -49.835 908.26 82.172
0.59167 -22.393 791.48 89.75 -63.412 885.26 96.804 -52.587 920.57 82.132
0.6 -24.643 805.94 89.721 -66.107 898.14 97.073 -55.413 932.96 82.078
0.60833 -27.052 820.52 89.73 -68.847 911.17 97.376 -58.302 945.39 82.013
0.61667 -29.41 835.57 89.725 -71.784 924.36 97.676 -61.251 957.87 81.94
0.625 -31.917 850.6 89.796 -74.675 937.64 97.975 -64.257 970.34 81.866
0.63333 -34.509 865.66 89.929 -77.591 950.95 98.226 -67.298 982.83 81.79
0.64167 -37.179 880.69 90.139 -80.51 964.34 98.463 -70.373 995.3 81.722
0.65 -39.924 895.6 90.427 -83.398 977.73 98.659 -73.468 1007.8 81.666
0.65833 -42.73 910.33 90.791 -86.224 991.11 98.816 -76.569 1020.2 81.628
0.66667 -45.579 924.83 91.22 -88.956 1004.4 98.933 -79.662 1032.7 81.613
0.675 -48.444 939.05 91.698 -91.564 1017.7 99.011 -82.729 1045.2 81.627
0.68333 -51.294 952.97 92.205 -94.023 1030.8 99.051 -85.752 1057.7 81.672
0.69167 -54.097 966.58 92.72 -96.315 1043.8 99.054 -88.712 1070.2 81.75
0.7 -56.829 979.89 93.225 -98.431 1056.6 99.023 -91.588 1082.8 81.858
0.70833 -59.471 992.95 93.71 -100.37 1069.2 98.96 -94.36 1095.5 81.993
0.71667 -62.017 1005.8 94.166 -102.14 1081.6 98.867 -97.007 1108.2 82.148
0.725 -64.465 1018.5 94.588 -103.76 1093.8 98.745 -99.512 1120.9 82.314
0.73333 -66.814 1031 94.975 -105.25 1105.8 98.596 -101.86 1133.7 82.481
0.74167 -69.061 1043.5 95.323 -106.63 1117.7 98.421 -104.03 1146.6 82.637
0.75 -71.208 1055.8 95.636 -107.92 1129.4 98.22 -106.01 1159.5 82.77
0.75833 -73.246 1068.1 95.919 -109.16 1141 97.995 -107.81 1172.3 82.871
0.76667 -75.183 1080.4 96.18 -110.35 1152.6 97.746 -109.43 1185.2 82.93
0.775 -77.009 1092.5 96.427 -111.52 1164.1 97.477 -110.86 1198.1 82.942
0.78333 -78.729 1104.7 96.668 -112.67 1175.6 97.188 -112.11 1210.9 82.903
0.79167 -80.338 1116.7 96.913 -113.79 1187 96.882 -113.21 1223.8 82.814
0.8 -81.837 1128.7 97.166 -114.9 1198.5 96.564 -114.17 1236.5 82.677
0.80833 -83.236 1140.7 97.434 -115.98 1210.1 96.235 -115 1249.3 82.499
0.81667 -84.539 1152.7 97.72 -117.02 1221.6 95.899 -115.73 1262 82.289
0.825 -85.758 1164.6 98.025 -118.03 1233.2 95.559 -116.38 1274.7 82.057
0.83333 -86.91 1176.5 98.353 -119 1244.7 95.219 -116.97 1287.3 81.813
0.84167 -88.007 1188.4 98.701 -119.91 1256.4 94.88 -117.5 1300 81.568
0.85 -89.066 1200.3 99.071 -120.78 1268 94.546 -118 1312.6 81.33
0.85833 -90.103 1212.3 99.459 -121.62 1279.7 94.219 -118.47 1325.2 81.105
0.86667 -91.128 1224.2 99.865 -122.42 1291.4 93.901 -118.91 1337.8 80.896
0.875 -92.153 1236.1 100.29 -123.2 1303.2 93.595 -119.33 1350.4 80.7
0.88333 -93.182 1248 100.72 -123.98 1315 93.302 -119.72 1362.9 80.514
0.89167 -94.217 1259.9 101.17 -124.75 1326.8 93.024 -120.08 1375.4 80.331
0.9 -95.255 1271.7 101.62 -125.53 1338.8 92.764 -120.4 1387.9 80.143
0.90833 -96.288 1283.6 102.07 -126.33 1350.8 92.526 -120.68 1400.3 79.941
0.91667 -97.303 1295.4 102.52 -127.14 1363 92.313 -120.92 1412.7 79.716
0.925 -98.285 1307.3 102.97 -127.96 1375.2 92.128 -121.1 1425 79.462
0.93333 -99.217 1319.2 103.41 -128.79 1387.6 91.974 -121.24 1437.3 79.175
0.94167 -100.08 1331.1 103.84 -129.62 1400 91.854 -121.33 1449.6 78.854
0.95 -100.87 1343.2 104.26 -130.45 1412.6 91.77 -121.38 1461.8 78.502
0.95833 -101.57 1355.4 104.65 -131.26 1425.3 91.724 -121.39 1474 78.125
0.96667 -102.18 1367.7 105.02 -132.04 1438.1 91.715 -121.36 1486.2 77.731
0.975 -102.71 1380.1 105.37 -132.81 1450.9 91.744 -121.31 1498.4 77.33
0.98333 -103.16 1392.7 105.69 -133.54 1463.9 91.808 -121.23 1510.6 76.932
0.99167 -103.55 1405.4 105.98 -134.23 1476.9 91.905 -121.12 1522.8 76.546
1 -103.9 1418.3 106.24 -134.89 1490.1 92.029 -120.98 1535.1 76.179
1.0083 -104.22 1431.3 106.48 -135.51 1503.3 92.184 -120.82 1547.4 75.837
1.0167 -104.56 1444.4 106.69 -136.09 1516.5 92.355 -120.63 1559.8 75.521
1.025 -104.92 1457.7 106.88 -136.62 1529.9 92.536 -120.39 1572.3 75.23
1.0333 -105.33 1471 107.04 -137.09 1543.3 92.729 -120.11 1584.8 74.961
1.0417 -105.8 1484.3 107.17 -137.49 1556.8 92.928 -119.77 1597.4 74.709
1.05 -106.33 1497.7 107.27 -137.82 1570.4 93.117 -119.37 1610.1 74.466
1.0583 -106.92 1511.1 107.35 -138.06 1584.1 93.292 -118.9 1622.9 74.227
1.0667 -107.56 1524.6 107.39 -138.19 1597.9 93.447 -118.36 1635.8 73.986
1.075 -108.23 1538.2 107.42 -138.22 1611.8 93.571 -117.75 1648.7 73.741
1.0833 -108.94 1552 107.43 -138.12 1625.8 93.665 -117.07 1661.8 73.491
1.0917 -109.67 1565.9 107.43 -137.9 1639.9 93.716 -116.32 1674.9 73.237
1.1 -110.43 1580.1 107.42 -137.54 1654.1 93.726 -115.51 1688.2 72.982
1.1083 -111.22 1594.5 107.41 -137.07 1668.5 93.69 -114.64 1701.5 72.733
1.1167 -112.03 1609.3 107.39 -136.48 1683 93.61 -113.72 1714.9 72.493
1.125 -112.85 1624.3 107.35 -135.8 1697.6 93.489 -112.76 1728.5 72.269
1.1333 -113.69 1639.5 107.29 -135.04 1712.2 93.332 -111.76 1742.2 72.063
1.1417 -114.56 1655 107.18 -134.24 1726.9 93.147 -110.73 1755.9 71.878
1.15 -115.43 1670.5 107.02 -133.42 1741.6 92.939 -109.68 1769.8 71.713
1.1583 -116.3 1686.1 106.8 -132.62 1756.3 92.721 -108.6 1783.7 71.564
1.1667 -117.17 1701.7 106.52 -131.85 1771 92.5 -107.52 1797.6 71.426
1.175 -117.99 1717.2 106.18 -131.16 1785.5 92.287 -106.44 1811.6 71.292
1.1833 -118.74 1732.5 105.79 -130.56 1799.9 92.091 -105.37 1825.6 71.154
1.1917 -119.39 1747.6 105.35 -130.07 1814.1 91.919 -104.32 1839.5 71.006
1.2 -119.89 1762.5 104.89 -129.71 1828.2 91.778 -103.33 1853.5 70.841
1.2083 -120.25 1777.2 104.42 -129.47 1842 91.675 -102.4 1867.3 70.657
1.2167 -120.47 1791.7 103.94 -129.37 1855.5 91.61 -101.56 1881.1 70.454
1.225 -120.56 1806 103.47 -129.38 1868.9 91.587 -100.83 1894.8 70.233
1.2333 -120.54 1820.1 103.03 -129.51 1882 91.604 -100.23 1908.3 70.001
1.2417 -120.42 1834.1 102.6 -129.74 1894.8 91.658 -99.781 1921.8 69.764
1.25 -120.22 1847.9 102.2 -130.05 1907.4 91.746 -99.499 1935.1 69.533
1.2583 -119.93 1861.7 101.82 -130.43 1919.9 91.862 -99.391 1948.4 69.315
1.2667 -119.57 1875.4 101.45 -130.86 1932.2 92.002 -99.463 1961.5 69.12
1.275 -119.15 1889.1 101.09 -131.33 1944.4 92.16 -99.711 1974.7 68.956
1.2833 -118.71 1902.7 100.75 -131.83 1956.5 92.333 -100.13 1987.7 68.828
1.2917 -118.27 1916.2 100.41 -132.34 1968.5 92.515 -100.7 2000.7 68.74
1.3 -117.85 1929.6 100.07 -132.87 1980.5 92.704 -101.42 2013.8 68.692
1.3083 -117.49 1942.9 99.736 -133.41 1992.4 92.898 -102.25 2026.8 68.683
1.3167 -117.19 1956 99.403 -133.95 2004.4 93.096 -103.19 2039.8 68.709
1.325 -116.97 1969.1 99.073 -134.51 2016.4 93.296 -104.21 2052.9 68.765
1.3333 -116.86 1981.9 98.747 -135.07 2028.4 93.499 -105.3 2066 68.845
1.3417 -116.85 1994.7 98.425 -135.65 2040.4 93.703 -106.45 2079.1 68.944
1.35 -116.95 2007.3 98.108 -136.25 2052.4 93.909 -107.64 2092.2 69.053
1.3583 -117.14 2019.9 97.796 -136.88 2064.4 94.116 -108.86 2105.3 69.168
1.3667 -117.42 2032.3 97.488 -137.52 2076.4 94.322 -110.12 2118.5 69.284
1.375 -117.77 2044.7 97.182 -138.19 2088.5 94.525 -111.41 2131.6 69.398
1.3833 -118.16 2057.1 96.874 -138.88 2100.6 94.723 -112.72 2144.6 69.508
1.3917 -118.59 2069.4 96.56 -139.6 2112.7 94.91 -114.07 2157.7 69.612
1.4 -119.04 2081.7 96.235 -140.34 2124.9 95.085 -115.45 2170.7 69.711
1.4083 -119.49 2093.9 95.895 -141.09 2137.1 95.242 -116.85 2183.6 69.803
1.4167 -119.94 2106.2 95.533 -141.86 2149.4 95.379 -118.28 2196.5 69.889
1.425 -120.39 2118.4 95.147 -142.65 2161.7 95.492 -119.72 2209.3 69.969
1.4333 -120.85 2130.7 94.735 -143.44 2174.2 95.582 -121.17 2222.1 70.041
1.4417 -121.33 2143 94.296 -144.25 2186.6 95.646 -122.63 2234.9 70.105
1.45 -121.83 2155.3 93.836 -145.05 2199.2 95.687 -124.09 2247.7 70.158
1.4583 -122.37 2167.6 93.36 -145.86 2211.8 95.707 -125.52 2260.4 70.2
1.4667 -122.96 2180 92.878 -146.68 2224.5 95.708 -126.94 2273.1 70.228
1.475 -123.61 2192.4 92.401 -147.51 2237.3 95.694 -128.33 2285.9 70.24
1.4833 -124.31 2204.9 91.939 -148.35 2250.1 95.668 -129.68 2298.7 70.236
1.4917 -125.07 2217.4 91.5 -149.2 2263 95.633 -131 2311.5 70.214
1.5 -125.88 2229.9 91.089 -150.07 2275.9 95.592 -132.28 2324.3 70.175
1.5083 -126.74 2242.6 90.707 -150.96 2288.9 95.547 -133.52 2337.2 70.119
1.5167 -127.65 2255.3 90.351 -151.88 2301.9 95.499 -134.74 2350.2 70.048
1.525 -128.6 2268.2 90.016 -152.83 2315 95.447 -135.93 2363.1 69.964
1.5333 -129.6 2281.1 89.698 -153.8 2328.2 95.391 -137.09 2376.1 69.87
1.5417 -130.65 2294.2 89.395 -154.81 2341.5 95.333 -138.25 2389.1 69.768
1.55 -131.75 2307.4 89.107 -155.85 2354.9 95.276 -139.39 2402.1 69.661
1.5583 -132.9 2320.7 88.837 -156.92 2368.5 95.218 -140.53 2415.1 69.551
1.5667 -134.1 2334 88.585 -158.02 2382.1 95.151 -141.67 2428.2 69.438
1.575 -135.35 2347.4 88.35 -159.15 2395.8 95.098 -142.81 2441.3 69.322
1.5833 -136.65 2361 88.129 -160.31 2409.6 95.041 -143.95 2454.4 69.2
1.5917 -137.99 2374.6 87.914 -161.51 2423.4 94.989 -145.08 2467.6 69.07
1.6 -139.36 2388.5 87.704 -162.73 2437.3 94.936 -146.2 2480.9 68.926
1.6083 -140.77 2402.5 87.495 -163.99 2451.3 94.892 -147.31 2494.2 68.764
1.6167 -142.2 2416.8 87.287 -165.28 2465.2 94.85 -148.39 2507.7 68.579
1.625 -143.67 2431.3 87.081 -166.61 2479.2 94.816 -149.44 2521.3 68.366
1.6333 -145.17 2446.2 86.884 -167.99 2493.1 94.788 -150.47 2535 68.122
1.6417 -146.7 2461.2 86.703 -169.4 2507.1 94.768 -151.45 2548.8 67.847
1.65 -148.26 2476.5 86.552 -170.86 2521 94.755 -152.41 2562.8 67.54
1.6583 -149.85 2492 86.441 -172.35 2535 94.747 -153.33 2576.8 67.206
1.6667 -151.45 2507.5 86.382 -173.86 2549 94.741 -154.22 2590.9 66.851
1.675 -153.06 2523.1 86.385 -175.38 2563.1 94.733 -155.08 2605.1 66.484
1.6833 -154.66 2538.6 86.451 -176.87 2577.2 94.718 -155.93 2619.2 66.113
1.6917 -156.26 2554 86.578 -178.32 2591.3 94.688 -156.75 2633.4 65.75
1.7 -157.82 2569.1 86.76 -179.69 2605.5 94.638 -157.56 2647.5 65.403
1.7083 -159.35 2584 86.98 -180.96 2619.7 94.558 -158.34 2661.5 65.082
1.7167 -160.82 2598.7 87.22 -182.1 2633.8 94.443 -159.09 2675.4 64.791
1.725 -162.23 2613 87.457 -183.09 2648 94.285 -159.8 2689.3 64.536
1.7333 -163.55 2627 87.671 -183.91 2662.1 94.08 -160.45 2703 64.314
1.7417 -164.8 2640.7 87.845 -184.54 2676.1 93.824 -161.01 2716.6 64.124
1.75 -165.98 2654.1 87.97 -185 2690 93.514 -161.46 2730.2 63.96
1.7583 -167.09 2667.4 88.044 -185.27 2703.7 93.15 -161.78 2743.7 63.812
1.7667 -168.16 2680.4 88.07 -185.38 2717.3 92.734 -161.94 2757.1 63.671
1.775 -169.18 2693.4 88.057 -185.33 2730.7 92.27 -161.9 2770.6 63.527
1.7833 -170.15 2706.2 88.013 -185.15 2743.9 91.762 -161.66 2784 63.371
1.7917 -171.04 2718.9 87.951 -184.85 2756.9 91.217 -161.2 2797.5 63.194
1.8 -171.82 2731.6 87.883 -184.46 2769.8 90.641 -160.5 2810.9 62.992
1.8083 -172.46 2744.2 87.822 -184 2782.4 90.042 -159.58 2824.4 62.762
1.8167 -172.92 2756.7 87.778 -183.47 2794.9 89.426 -158.42 2837.8 62.505
1.825 -173.19 2769.1 87.76 -182.9 2807.3 88.799 -157.06 2851.2 62.224
1.8333 -173.24 2781.4 87.771 -182.28 2819.6 88.167 -155.51 2864.6 61.923
1.8417 -173.08 2793.6 87.811 -181.62 2831.8 87.533 -153.79 2877.9 61.609
1.85 -172.73 2805.7 87.873 -180.91 2843.9 86.901 -151.93 2891.1 61.289
1.8583 -172.21 2817.8 87.952 -180.15 2855.9 86.274 -149.96 2904.1 60.966
1.8667 -171.56 2829.7 88.037 -179.31 2867.9 85.652 -147.9 2917 60.645
1.875 -170.8 2841.6 88.121 -178.4 2880 85.036 -145.79 2929.7 60.328
1.8833 -169.99 2853.4 88.195 -177.41 2892 84.429 -143.62 2942.3 60.015
1.8917 -169.15 2865.1 88.253 -176.33 2904 83.829 -141.43 2954.7 59.704
1.9 -168.32 2876.8 88.291 -175.17 2916 83.24 -139.21 2967 59.391
1.9083 -167.51 2888.4 88.31 -173.91 2928.1 82.664 -136.96 2979.2 59.071
1.9167 -166.72 2900 88.31 -172.58 2940.2 82.105 -134.7 2991.3 58.742
1.925 -165.94 2911.6 88.297 -171.17 2952.4 81.565 -132.4 3003.3 58.399
1.9333 -165.15 2923.2 88.276 -169.7 2964.6 81.051 -130.07 3015.3 58.041
1.9417 -164.32 2934.7 88.255 -168.18 2976.8 80.568 -127.69 3027.2 57.666
1.95 -163.43 2946.3 88.243 -166.62 2989.1 80.121 -125.27 3039.1 57.277
1.9583 -162.45 2957.9 88.245 -165.02 3001.5 79.715 -122.81 3051 56.877
1.9667 -161.36 2969.5 88.266 -163.39 3013.9 79.351 -120.3 3062.9 56.473
1.975 -160.15 2981.2 88.312 -161.73 3026.3 79.035 -117.76 3074.9 56.069
1.9833 -158.83 2993 88.38 -160.03 3038.8 78.764 -115.18 3086.8 55.673
1.9917 -157.41 3004.8 88.471 -158.29 3051.3 78.539 -112.58 3098.7 55.292
2 -155.92 3016.7 88.58 -156.49 3063.8 78.354 -109.96 3110.7 54.929
2.0083 -154.38 3028.7 88.703 -154.64 3076.4 78.207 -107.34 3122.6 54.588
2.0167 -152.8 3040.8 88.832 -152.71 3089 78.09 -104.71 3134.5 54.27
2.025 -151.21 3052.9 88.965 -150.7 3101.7 77.998 -102.09 3146.4 53.976
2.0333 -149.61 3065.1 89.094 -148.6 3114.4 77.924 -99.454 3158.3 53.701
2.0417 -147.99 3077.5 89.22 -146.42 3127.2 77.861 -96.81 3170.2 53.441
2.05 -146.35 3089.9 89.339 -144.14 3140 77.803 -94.142 3182.1 53.192
2.0583 -144.67 3102.4 89.451 -141.77 3152.9 77.748 -91.436 3194 52.948
2.0667 -142.92 3115 89.56 -139.32 3165.9 77.69 -88.678 3205.9 52.704
2.075 -141.09 3127.8 89.668 -136.79 3178.9 77.628 -85.852 3217.9 52.457
2.0833 -139.15 3140.6 89.781 -134.19 3191.9 77.56 -82.946 3229.9 52.205
2.0917 -137.09 3153.6 89.905 -131.53 3204.9 77.485 -79.949 3241.9 51.947
2.1 -134.91 3166.7 90.043 -128.79 3218 77.404 -76.856 3254 51.685
2.1083 -132.6 3180 90.197 -125.98 3231.1 77.316 -73.666 3266.1 51.422
2.1167 -130.18 3193.6 90.361 -123.1 3244.1 77.222 -70.38 3278.3 51.161
2.125 -127.66 3207.3 90.524 -120.13 3257.2 77.122 -67.008 3290.6 50.908
2.1333 -125.08 3221.2 90.673 -117.06 3270.2 77.016 -63.557 3302.9 50.665
2.1417 -122.45 3235.3 90.786 -113.89 3283.3 76.904 -60.041 3315.3 50.435
2.15 -119.78 3249.5 90.844 -110.61 3296.3 76.789 -56.471 3327.7 50.22
2.1583 -117.1 3263.7 90.825 -107.23 3309.4 76.669 -52.857 3340.1 50.019
2.1667 -114.38 3278.1 90.716 -103.74 3322.5 76.548 -49.211 3352.6 49.828
2.175 -111.65 3292.4 90.512 -100.17 3335.7 76.425 -45.538 3365.1 49.645
2.1833 -108.86 3306.6 90.21 -96.549 3348.9 76.306 -41.845 3377.6 49.465
2.1917 -106.01 3320.7 89.823 -92.9 3362.1 76.191 -38.137 3390.1 49.281
2.2 -103.07 3334.6 89.364 -89.261 3375.3 76.087 -34.416 3402.6 49.09
2.2083 -100.03 3348.3 88.856 -85.672 3388.5 75.998 -30.686 3415.1 48.887
2.2167 -96.875 3361.7 88.32 -82.172 3401.6 75.929 -26.953 3427.6 48.67
2.225 -93.595 3374.9 87.78 -78.793 3414.6 75.885 -23.224 3440 48.44
2.2333 -90.207 3387.9 87.256 -75.56 3427.6 75.871 -19.508 3452.5 48.199
2.2417 -86.728 3400.7 86.765 -72.491 3440.3 75.888 -15.819 3464.9 47.953
2.25 -83.181 3413.3 86.317 -69.592 3452.9 75.94 -12.172 3477.4 47.708
2.2583 -79.58 3425.8 85.916 -66.853 3465.3 76.023 -8.5823 3489.8 47.473
2.2667 -75.934 3438.1 85.557 -64.261 3477.4 76.134 -5.066 3502.3 47.257
2.275 -72.251 3450.4 85.234 -61.78 3489.3 76.273 -1.6385 3514.8 47.068
2.2833 -68.549 3462.6 84.932 -59.39 3501 76.425 1.6879 3527.3 46.913
2.2917 -64.843 3474.8 84.643 -57.044 3512.5 76.591 4.9054 3539.9 46.797
2.3 -61.159 3487 84.351 -54.716 3523.9 76.756 8.0083 3552.5 46.725
2.3083 -57.519 3499.1 84.046 -52.372 3535.1 76.916 10.997 3565.2 46.697
2.3167 -53.94 3511.1 83.719 -49.99 3546.3 77.064 13.877 3577.9 46.711
2.325 -50.436 3523 83.365 -47.554 3557.4 77.195 16.655 3590.6 46.763
2.3333 -47.015 3534.8 82.985 -45.057 3568.5 77.306 19.342 3603.4 46.849
2.3417 -43.683 3546.5 82.581 -42.499 3579.7 77.396 21.949 3616.2 46.962
2.35 -40.435 3558.2 82.16 -39.889 3590.9 77.466 24.488 3629 47.096
2.3583 -37.264 3569.7 81.729 -37.237 3602.1 77.518 26.968 3641.7 47.245
2.3667 -34.163 3581.2 81.296 -34.559 3613.4 77.554 29.398 3654.4 47.404
2.375 -31.117 3592.6 80.866 -31.867 3624.8 77.579 31.783 3667.1 47.566
2.3833 -28.113 3604 80.441 -29.173 3636.2 77.596 34.126 3679.7 47.728
2.3917 -25.135 3615.3 80.022 -26.483 3647.6 77.608 36.428 3692.3 47.887
2.4 -22.176 3626.6 79.602 -23.801 3659.1 77.616 38.69 3704.8 48.041
2.4083 -19.226 3637.9 79.176 -21.125 3670.7 77.619 40.912 3717.2 48.186
2.4167 -16.286 3649.2 78.731 -18.45 3682.2 77.618 43.097 3729.5 48.322
2.425 -13.355 3660.4 78.259 -15.769 3693.9 77.607 45.245 3741.8 48.448
2.4333 -10.44 3671.7 77.749 -13.073 3705.6 77.585 47.364 3753.9 48.561
2.4417 -7.5466 3682.9 77.196 -10.355 3717.3 77.546 49.46 3766 48.662
2.45 -4.6865 3694.2 76.597 -7.6089 3729.1 77.486 51.545 3778.1 48.749
2.4583 -1.863 3705.5 75.958 -4.8303 3741 77.402 53.628 3790.1 48.82
2.4667 0.91587 3716.8 75.285 -2.0184 3752.9 77.291 55.723 3802.1 48.878
2.475 3.6491 3728.1 74.592 0.82517 3764.9 77.152 57.84 3814 48.92
2.4833 6.3373 3739.6 73.894 3.6966 3777 76.986 59.991 3825.9 48.948
2.4917 8.9951 3751 73.208 6.5903 3789.2 76.794 62.184 3837.8 48.962
2.5 11.625 3762.5 72.551 9.5019 3801.5 76.58 64.424 3849.7 48.964
2.5083 14.241 3774.1 71.926 12.425 3813.8 76.346 66.717 3861.5 48.954
2.5167 16.856 3785.7 71.347 15.355 3826.2 76.095 69.061 3873.4 48.933
2.525 19.484 3797.4 70.814 18.288 3838.6 75.826 71.457 3885.2 48.902
2.5333 22.127 3809.2 70.326 21.213 3851.1 75.533 73.904 3897.1 48.861
2.5417 24.792 3821.1 69.88 24.144 3863.5 75.197 76.4 3908.9 48.809
2.55 27.474 3833.1 69.475 27.108 3876 74.895 78.947 3920.8 48.747
2.5583 30.161 3845.2 69.109 30.168 3888.6 74.613 81.544 3932.7 48.673
2.5667 32.845 3857.4 68.783 33.205 3901.3 74.356 84.199 3944.6 48.586
2.575 35.512 3869.8 68.49 36.28 3914.1 74.119 86.917 3956.6 48.483
2.5833 38.158 3882.2 68.235 39.45 3927 73.934 89.702 3968.6 48.367
2.5917 40.8 3894.7 68.009 42.533 3939.8 73.756 92.578 3980.7 48.23
2.6 43.419 3907.3 67.805 45.527 3952.6 73.558 95.54 3993 48.074
2.6083 46.092 3920.2 67.612 48.572 3965.5 73.394 98.618 4005.3 47.9
2.6167 48.777 3933.2 67.439 51.658 3978.3 73.263 101.79 4017.7 47.711
2.625 51.525 3946.5 67.273 54.692 3991.1 73.154 105.08 4030.3 47.504
2.6333 54.331 3960 67.116 57.662 4003.8 73.037 108.48 4042.9 47.281
2.6417 57.157 3973.5 66.971 60.527 4016.5 72.908 111.98 4055.7 47.041
2.65 60.148 3987.5 66.846 63.465 4029.2 72.835 115.58 4068.5 46.793
2.6583 63.161 4001.5 66.745 66.361 4041.9 72.764 119.25 4081.4 46.539
2.6667 66.235 4015.6 66.676 69.244 4054.6 72.695 122.97 4094.3 46.28
2.675 69.353 4029.7 66.646 72.144 4067.3 72.634 126.74 4107.2 46.02
2.6833 72.497 4043.8 66.657 75.085 4080.1 72.572 130.52 4120.1 45.766
2.6917 75.593 4057.8 66.702 78.025 4092.8 72.438 134.31 4132.9 45.518
2.7 78.747 4071.5 66.786 80.955 4105.7 72.331 138.11 4145.7 45.276
2.7083 81.877 4085.5 66.89 84.368 4118.7 72.299 141.85 4158.4 45.068
2.7167 84.931 4099 66.986 87.81 4131.7 72.193 145.6 4171 44.875
2.725 87.963 4112.2 67.067 91.285 4144.6 71.996 149.35 4183.6 44.702
2.7333 90.983 4125.2 67.106 94.826 4157.4 71.729 153.12 4196.1 44.551
2.7417 93.976 4138 67.093 98.561 4170.2 71.419 156.93 4208.5 44.425
2.75 96.969 4150.4 67.016 102.51 4183 71.075 160.81 4220.9 44.323
2.7583 99.982 4162.7 66.875 106.46 4195.5 70.635 164.79 4233.3 44.241
2.7667 103.02 4174.7 66.683 110.59 4208 70.164 168.9 4245.6 44.176
2.775 106.09 4186.6 66.451 114.95 4220.4 69.69 173.17 4258 44.122
2.7833 109.21 4198.3 66.192 119.39 4232.4 69.095 177.61 4270.3 44.074
2.7917 112.4 4209.9 65.926 123.86 4244.2 68.412 182.24 4282.6 44.024
2.8 115.69 4221.3 65.668 128.39 4255.7 67.679 187.07 4294.8 43.965
2.8083 119.1 4232.6 65.435 132.97 4267 66.914 192.1 4306.9 43.891
2.8167 122.65 4243.7 65.236 137.59 4278.1 66.128 197.31 4319 43.796
2.825 126.38 4254.6 65.077 142.27 4289.2 65.333 202.7 4330.9 43.676
2.8333 130.3 4265.2 64.959 147.01 4300.1 64.536 208.24 4342.7 43.528
2.8417 134.41 4275.7 64.876 151.82 4311 63.742 213.92 4354.3 43.351
2.85 138.69 4285.9 64.815 156.71 4321.8 62.957 219.7 4365.7 43.145
2.8583 143.14 4296 64.764 161.69 4332.6 62.182 225.58 4376.9 42.912
2.8667 147.73 4305.9 64.709 166.78 4343.3 61.417 231.53 4387.8 42.655
2.875 152.44 4315.7 64.636 171.97 4354.1 60.662 237.54 4398.6 42.375
2.8833 157.24 4325.3 64.537 177.28 4364.8 59.915 243.6 4409.2 42.077
2.8917 162.11 4334.9 64.407 182.7 4375.5 59.177 249.72 4419.6 41.763
2.9 167.02 4344.4 64.246 188.23 4386.2 58.445 255.88 4429.9 41.434
2.9083 171.95 4353.8 64.06 193.86 4396.9 57.72 262.08 4440 41.093
2.9167 176.88 4363.2 63.856 199.59 4407.5 57.002 268.34 4450 40.74
2.925 181.82 4372.6 63.646 205.4 4418.2 56.297 274.65 4459.9 40.378
2.9333 186.76 4382 63.443 211.29 4428.8 55.606 281.01 4469.7 40.005
2.9417 191.73 4391.3 63.257 217.25 4439.3 54.932 287.42 4479.5 39.625
2.95 196.73 4400.7 63.1 223.29 4449.9 54.282 293.88 4489.3 39.237
2.9583 201.79 4410 62.979 229.39 4460.4 53.661 300.38 4499 38.846
2.9667 206.95 4419.4 62.895 235.56 4471 53.072 306.92 4508.6 38.453
2.975 212.22 4428.8 62.846 241.81 4481.5 52.518 313.49 4518.2 38.064
2.9833 217.64 4438.2 62.828 248.13 4492.1 52.003 320.09 4527.8 37.682
2.9917 223.21 4447.7 62.831 254.54 4502.6 51.529 326.71 4537.3 37.312
3 228.94 4457.3 62.843 261.04 4513.1 51.097 333.36 4546.8 36.958
3.0083 234.83 4467 62.854 267.63 4523.6 50.711 340.03 4556.3 36.624
3.0167 240.88 4476.8 62.858 274.31 4534 50.357 346.73 4565.8 36.312
3.025 247.08 4486.8 62.842 281.09 4544.3 50.05 353.46 4575.2 36.023
3.0333 253.43 4496.8 62.807 287.97 4554.6 49.774 360.25 4584.6 35.757
3.0417 259.89 4507 62.745 294.94 4564.7 49.536 367.09 4593.9 35.514
3.05 266.46 4517.4 62.657 301.99 4574.8 49.328 374.01 4603.3 35.289
3.0583 273.11 4527.8 62.541 309.12 4584.8 49.146 381 4612.5 35.082
3.0667 279.84 4538.3 62.399 316.33 4594.6 48.987 388.09 4621.8 34.889
3.075 286.63 4548.8 62.227 323.61 4604.4 48.848 395.28 4631 34.708
3.0833 293.5 4559.3 62.027 330.98 4614.1 48.724 402.57 4640.1 34.538
3.0917 300.42 4569.8 61.803 338.42 4623.6 48.611 409.96 4649.2 34.381
3.1 307.41 4580.4 61.554 345.95 4633.2 48.502 417.46 4658.3 34.236
3.1083 314.47 4590.9 61.282 353.57 4642.7 48.394 425.06 4667.3 34.107
3.1167 321.58 4601.5 60.989 361.3 4652.1 48.281 432.76 4676.2 33.995
3.125 328.74 4612.2 60.671 369.14 4661.6 48.159 440.56 4685 33.902
3.1333 335.94 4623 60.326 377.1 4671 48.023 448.43 4693.8 33.828
3.1417 343.17 4633.9 59.949 385.16 4680.4 47.871 456.39 4702.6 33.772
3.15 350.43 4644.8 59.533 393.33 4689.8 47.701 464.41 4711.3 33.728
3.1583 357.71 4655.7 59.078 401.58 4699.3 47.508 472.5 4719.9 33.689
3.1667 365.03 4666.7 58.577 409.89 4708.7 47.298 480.63 4728.5 33.645
3.175 372.37 4677.5 58.036 418.23 4718.1 47.071 488.81 4737 33.585
3.1833 379.74 4688.1 57.462 426.57 4727.5 46.83 497.02 4745.5 33.497
3.1917 387.13 4698.5 56.866 434.85 4736.9 46.581 505.26 4754 33.369
3.2 394.55 4708.6 56.262 443.05 4746.3 46.33 513.51 4762.4 33.192
3.2083 401.99 4718.4 55.664 451.11 4755.7 46.082 521.76 4770.7 32.96
3.2167 409.43 4727.8 55.083 459.02 4765 45.845 530.01 4779.1 32.673
3.225 416.87 4736.9 54.529 466.74 4774.3 45.624 538.24 4787.4 32.334
3.2333 424.3 4745.7 54.001 474.26 4783.5 45.426 546.44 4795.8 31.952
3.2417 431.73 4754.2 53.496 481.58 4792.7 45.252 554.6 4804.1 31.541
3.25 439.19 4762.6 53.003 488.7 4801.8 45.104 562.71 4812.6 31.115
3.2583 446.72 4770.7 52.507 495.65 4810.8 44.983 570.77 4821 30.694
3.2667 454.35 4778.8 51.989 502.45 4819.7 44.886 578.77 4829.6 30.294
3.275 462.1 4786.8 51.442 509.14 4828.5 44.807 586.69 4838.2 29.93
3.2833 469.97 4794.8 50.845 515.75 4837.2 44.743 594.54 4847 29.612
3.2917 477.95 4802.7 50.191 522.32 4845.7 44.689 602.3 4855.8 29.349
3.3 486 4810.6 49.478 528.89 4854.2 44.639 609.98 4864.8 29.142
3.3083 494.1 4818.4 48.71 535.48 4862.6 44.589 617.56 4873.8 28.988
3.3167 502.18 4826.2 47.896 542.13 4870.9 44.536 625.05 4882.9 28.884
3.325 510.21 4834 47.051 548.84 4879.1 44.477 632.45 4892 28.82
3.3333 518.13 4841.7 46.197 555.62 4887.3 44.413 639.74 4901.2 28.786
3.3417 525.91 4849.3 45.355 562.48 4895.4 44.343 646.93 4910.4 28.772
3.35 533.53 4856.9 44.547 569.42 4903.5 44.268 654.02 4919.6 28.771
3.3583 540.96 4864.5 43.79 576.41 4911.5 44.188 661.02 4928.7 28.778
3.3667 548.22 4872 43.096 583.46 4919.6 44.105 667.92 4937.8 28.788
3.375 555.33 4879.5 42.471 590.56 4927.7 44.017 674.74 4946.8 28.803
3.3833 562.3 4887 41.912 597.7 4935.8 43.924 681.48 4955.8 28.824
3.3917 569.18 4894.5 41.41 604.88 4943.9 43.825 688.16 4964.7 28.854
3.4 576 4902 40.948 612.09 4952 43.718 694.79 4973.5 28.897
3.4083 582.78 4909.6 40.509 619.34 4960.2 43.601 701.39 4982.2 28.956
3.4167 589.55 4917.2 40.075 626.64 4968.3 43.473 707.99 4990.9 29.031
3.425 596.32 4924.9 39.629 634 4976.5 43.333 714.59 4999.5 29.12
3.4333 603.1 4932.6 39.16 641.43 4984.7 43.18 721.21 5008 29.219
3.4417 609.9 4940.4 38.661 648.94 4992.9 43.016 727.89 5016.5 29.323
3.45 616.72 4948.2 38.133 656.54 5001.1 42.843 734.64 5025 29.422
3.4583 623.54 4956 37.584 664.23 5009.4 42.665 741.47 5033.4 29.508
3.4667 630.38 4963.8 37.024 672.01 5017.7 42.482 748.39 5041.7 29.573
3.475 637.21 4971.7 36.469 679.83 5025.9 42.283 755.43 5050 29.61
3.4833 644.05 4979.6 35.933 687.61 5034.1 42.031 762.58 5058.3 29.616
3.4917 650.9 4987.5 35.434 695.42 5042.4 41.772 769.85 5066.6 29.59
3.5 657.77 4995.4 34.97 703.39 5050.6 41.552 777.23 5074.9 29.534
3.5083 664.66 5003.2 34.543 711.62 5058.9 41.393 784.73 5083.1 29.456
3.5167 671.61 5011.2 34.176 720.14 5067.3 41.363 792.35 5091.4 29.368
3.525 678.65 5019.2 33.859 728.8 5075.9 41.434 800.06 5099.7 29.281
3.5333 685.69 5027.1 33.587 736.98 5084.4 41.344 807.92 5108.1 29.176
3.5417 693 5035.3 33.339 745.65 5093.2 41.518 815.77 5116.5 29.136
3.55 700.36 5043.5 33.123 753.96 5101.9 41.555 823.75 5125 29.094
3.5583 707.8 5051.8 32.937 762.07 5110.5 41.521 831.82 5133.6 29.074
3.5667 715.29 5060 32.747 770.18 5119.2 41.504 839.99 5142.2 29.065
3.575 723.13 5068.5 32.579 778.4 5127.9 41.575 848.17 5151 29.103
3.5833 730.97 5077 32.419 786.52 5136.6 41.595 856.46 5159.8 29.137
3.5917 738.92 5085.5 32.261 794.58 5145.3 41.595 864.81 5168.6 29.171
3.6 747 5094 32.106 802.56 5154 41.571 873.24 5177.6 29.194
3.6083 755.24 5102.6 31.956 810.62 5162.8 41.576 881.73 5186.6 29.198
3.6167 763.55 5111.3 31.82 818.67 5171.7 41.569 890.28 5195.7 29.175
3.625 772.13 5120 31.686 826.73 5180.8 41.57 898.88 5204.9 29.12
3.6333 780.8 5128.8 31.583 834.8 5189.9 41.56 907.52 5214.2 29.036
3.6417 789.58 5137.6 31.517 842.94 5199.1 41.568 916.18 5223.5 28.926
3.65 798.62 5146.5 31.493 851.18 5208.5 41.585 924.86 5233 28.798
3.6583 807.73 5155.3 31.525 859.53 5218 41.631 933.54 5242.5 28.665
3.6667 816.94 5164.3 31.621 867.92 5227.6 41.663 942.21 5252.2 28.535
3.675 826.08 5173.1 31.791 876.38 5237.2 41.702 950.83 5261.9 28.427
3.6833 835.52 5182.1 32.013 884.92 5246.7 41.733 959.44 5271.7 28.34
3.6917 844.81 5191.1 32.295 893.5 5256.3 41.752 968 5281.5 28.296
3.7 854.11 5200.1 32.633 902.13 5265.7 41.77 976.52 5291.4 28.295
3.7083 863.13 5209 33.002 910.83 5275 41.786 985 5301.3 28.34
3.7167 872.38 5217.9 33.403 919.48 5284 41.788 993.46 5311.1 28.432
3.725 881.31 5226.8 33.81 928.17 5292.9 41.792 1001.9 5320.9 28.564
3.7333 890.08 5235.7 34.219 936.88 5301.5 41.793 1010.3 5330.5 28.725
3.7417 898.72 5244.4 34.605 945.46 5309.8 41.77 1018.7 5339.9 28.905
3.75 907.19 5253 34.972 954.03 5317.9 41.755 1027.2 5349.2 29.093
3.7583 915.53 5261.6 35.318 962.5 5325.7 41.705 1035.7 5358.3 29.275
3.7667 923.78 5270 35.644 970.86 5333.2 41.623 1044.2 5367.1 29.44
3.775 931.96 5278.3 35.951 979.11 5340.5 41.51 1052.8 5375.7 29.577
3.7833 940.11 5286.6 36.244 987.25 5347.6 41.368 1061.5 5384 29.679
3.7917 948.25 5294.7 36.524 995.3 5354.6 41.198 1070.2 5392 29.74
3.8 956.4 5302.6 36.793 1003.3 5361.4 41.001 1079 5399.8 29.757
3.8083 964.58 5310.4 37.053 1011.2 5368.1 40.778 1087.8 5407.4 29.733
3.8167 972.81 5318.1 37.302 1019.1 5374.7 40.531 1096.7 5414.7 29.668
3.825 981.08 5325.6 37.542 1027.1 5381.3 40.262 1105.7 5421.8 29.567
3.8333 989.42 5332.9 37.771 1035 5387.8 39.975 1114.7 5428.8 29.437
3.8417 997.8 5340.1 37.986 1043.1 5394.3 39.674 1123.8 5435.6 29.283
3.85 1006.2 5347.1 38.191 1051.2 5400.8 39.361 1132.9 5442.3 29.113
3.8583 1014.7 5353.9 38.377 1059.4 5407.2 39.039 1142.1 5448.8 28.935
3.8667 1023.3 5360.7 38.543 1067.7 5413.5 38.711 1151.3 5455.2 28.751
3.875 1031.9 5367.2 38.689 1076.1 5419.9 38.377 1160.5 5461.5 28.569
3.8833 1040.5 5373.7 38.815 1084.6 5426.2 38.038 1169.7 5467.8 28.393
3.8917 1049.1 5380.1 38.922 1093.3 5432.5 37.695 1178.9 5473.9 28.225
3.9 1057.8 5386.4 39.014 1102 5438.8 37.349 1188.2 5480 28.066
3.9083 1066.5 5392.7 39.095 1110.8 5445 37.003 1197.4 5486 27.917
3.9167 1075.2 5398.9 39.173 1119.7 5451.3 36.65 1206.6 5491.9 27.776
3.925 1084 5405.2 39.249 1128.7 5457.5 36.305 1215.7 5497.7 27.641
3.9333 1092.7 5411.5 39.33 1137.7 5463.8 35.96 1224.9 5503.5 27.509
3.9417 1101.5 5417.8 39.422 1146.8 5470.1 35.622 1234 5509.1 27.377
3.95 1110.3 5424.1 39.521 1156 5476.3 35.301 1243.1 5514.8 27.241
3.9583 1119.1 5430.4 39.631 1165.2 5482.5 34.995 1252.1 5520.3 27.097
3.9667 1127.9 5436.7 39.751 1174.5 5488.8 34.712 1261.2 5525.8 26.94
3.975 1136.7 5443 39.885 1183.8 5495 34.446 1270.3 5531.2 26.77
3.9833 1145.5 5449.3 40.026 1193.2 5501.2 34.208 1279.4 5536.6 26.582
