0.0083333 -23.467 2.0638 97.163 -60.089 112.78 86.8 -28.72 253.98 81.473
0.016667 -22.978 8.9886 97.258 -59.687 120.46 86.8 -28.06 261.97 81.463
0.025 -22.51 16.113 97.359 -59.202 128.31 86.794 -27.343 270.01 81.454
0.033333 -22.058 23.458 97.461 -58.629 136.32 86.776 -26.57 278.11 81.445
0.041667 -21.612 31.046 97.56 -57.961 144.52 86.739 -25.747 286.3 81.441
0.05 -21.163 38.9 97.652 -57.199 152.9 86.68 -24.881 294.6 81.442
0.058333 -20.706 47.038 97.732 -56.343 161.48 86.592 -23.98 303.03 81.45
0.066667 -20.236 55.478 97.796 -55.399 170.23 86.478 -23.05 311.61 81.468
0.075 -19.754 64.231 97.843 -54.376 179.15 86.335 -22.099 320.37 81.498
0.083333 -19.264 73.299 97.87 -53.286 188.21 86.166 -21.131 329.3 81.541
0.091667 -18.774 82.678 97.876 -52.144 197.39 85.974 -20.151 338.41 81.599
0.1 -18.29 92.355 97.86 -50.969 206.67 85.768 -19.16 347.69 81.67
0.10833 -17.823 102.3 97.821 -49.778 216.03 85.555 -18.161 357.12 81.752
0.11667 -17.378 112.5 97.759 -48.592 225.45 85.344 -17.155 366.65 81.844
0.125 -16.959 122.89 97.673 -47.434 234.91 85.139 -16.145 376.26 81.94
0.13333 -16.565 133.44 97.563 -46.32 244.4 84.952 -15.135 385.89 82.036
0.14167 -16.188 144.11 97.432 -45.268 253.91 84.79 -14.131 395.5 82.126
0.15 -15.818 154.84 97.28 -44.296 263.42 84.659 -13.144 405.04 82.206
0.15833 -15.436 165.59 97.111 -43.416 272.94 84.563 -12.186 414.46 82.27
0.16667 -15.025 176.32 96.928 -42.64 282.43 84.507 -11.274 423.75 82.314
0.175 -14.568 186.99 96.731 -41.978 291.89 84.492 -10.429 432.86 82.337
0.18333 -14.052 197.57 96.522 -41.437 301.29 84.521 -9.6704 441.79 82.336
0.19167 -13.475 208.03 96.301 -41.024 310.62 84.594 -9.0232 450.55 82.315
0.2 -12.842 218.36 96.067 -40.742 319.85 84.711 -8.5109 459.14 82.276
0.20833 -12.167 228.55 95.82 -40.592 328.96 84.869 -8.1574 467.59 82.225
0.21667 -11.464 238.62 95.558 -40.576 337.92 85.067 -7.9849 475.93 82.168
0.225 -10.749 248.58 95.28 -40.69 346.73 85.302 -8.0132 484.2 82.113
0.23333 -10.038 258.46 94.987 -40.93 355.37 85.572 -8.2603 492.43 82.07
0.24167 -9.3507 268.29 94.682 -41.286 363.85 85.872 -8.7399 500.67 82.047
0.25 -8.7102 278.08 94.369 -41.75 372.19 86.199 -9.4629 508.94 82.054
0.25833 -8.138 287.84 94.058 -42.308 380.39 86.55 -10.435 517.28 82.097
0.26667 -7.6563 297.58 93.76 -42.949 388.49 86.922 -11.66 525.71 82.183
0.275 -7.2824 307.3 93.486 -43.659 396.53 87.311 -13.137 534.23 82.315
0.28333 -7.0266 316.99 93.248 -44.424 404.52 87.716 -14.86 542.85 82.496
0.29167 -6.896 326.64 93.054 -45.234 412.52 88.135 -16.822 551.56 82.725
0.3 -6.8929 336.25 92.911 -46.079 420.54 88.566 -19.009 560.35 83.001
0.30833 -7.0149 345.8 92.823 -46.953 428.62 89.01 -21.406 569.2 83.319
0.31667 -7.2573 355.29 92.789 -47.853 436.79 89.466 -23.995 578.08 83.674
0.325 -7.6098 364.72 92.804 -48.778 445.04 89.933 -26.755 586.98 84.06
0.33333 -8.0613 374.1 92.862 -49.731 453.38 90.411 -29.661 595.88 84.469
0.34167 -8.5959 383.43 92.952 -50.714 461.82 90.899 -32.691 604.74 84.897
0.35 -9.1974 392.73 93.064 -51.734 470.35 91.396 -35.822 613.55 85.335
0.35833 -9.8523 402 93.189 -52.797 478.96 91.898 -39.029 622.31 85.779
0.36667 -10.543 411.27 93.317 -53.907 487.63 92.406 -42.292 630.99 86.224
0.375 -11.26 420.56 93.444 -55.069 496.36 92.916 -45.592 639.6 86.667
0.38333 -11.994 429.87 93.564 -56.285 505.15 93.426 -48.914 648.15 87.106
0.39167 -12.74 439.21 93.677 -57.556 514 93.932 -52.244 656.63 87.539
0.4 -13.497 448.6 93.784 -58.882 522.91 94.434 -55.574 665.07 87.968
0.40833 -14.267 458.05 93.887 -60.261 531.89 94.929 -58.897 673.48 88.39
0.41667 -15.054 467.54 93.99 -61.694 540.96 95.415 -62.208 681.88 88.808
0.425 -15.868 477.1 94.097 -63.177 550.11 95.89 -65.507 690.3 89.222
0.43333 -16.718 486.7 94.212 -64.712 559.37 96.353 -68.791 698.75 89.632
0.44167 -17.613 496.35 94.338 -66.299 568.73 96.802 -72.06 707.28 90.037
0.45 -18.566 506.03 94.481 -67.939 578.2 97.236 -75.311 715.89 90.436
0.45833 -19.586 515.73 94.641 -69.636 587.77 97.651 -78.545 724.61 90.827
0.46667 -20.686 525.46 94.82 -71.394 597.44 98.046 -81.758 733.45 91.208
0.475 -21.876 535.19 95.019 -73.216 607.19 98.421 -84.947 742.42 91.575
0.48333 -23.162 544.93 95.235 -75.11 617.02 98.773 -88.111 751.54 91.925
0.49167 -24.549 554.7 95.465 -77.081 626.92 99.102 -91.249 760.79 92.254
0.5 -26.047 564.52 95.702 -79.136 636.87 99.407 -94.36 770.18 92.559
0.50833 -27.645 574.42 95.937 -81.28 646.86 99.688 -97.448 779.69 92.837
0.51667 -29.339 584.45 96.159 -83.521 656.9 99.946 -100.52 789.32 93.087
0.525 -31.118 594.65 96.356 -85.863 666.98 100.18 -103.59 799.05 93.308
0.53333 -32.964 605.05 96.519 -88.309 677.1 100.39 -106.66 808.86 93.503
0.54167 -34.857 615.69 96.642 -90.865 687.26 100.59 -109.76 818.74 93.673
0.55 -36.79 626.55 96.726 -93.53 697.49 100.77 -112.91 828.69 93.822
0.55833 -38.768 637.63 96.775 -96.307 707.79 100.94 -116.12 838.69 93.954
0.56667 -40.804 648.89 96.799 -99.196 718.16 101.11 -119.42 848.75 94.074
0.575 -42.928 660.3 96.805 -102.2 728.63 101.27 -122.83 858.86 94.186
0.58333 -45.173 671.86 96.795 -105.31 739.2 101.44 -126.37 869.03 94.294
0.59167 -47.567 683.54 96.781 -108.54 749.89 101.62 -130.04 879.27 94.402
0.6 -50.14 695.34 96.763 -111.88 760.7 101.8 -133.86 889.59 94.512
0.60833 -52.914 707.27 96.745 -115.34 771.65 102 -137.83 900 94.624
0.61667 -55.903 719.35 96.73 -118.91 782.73 102.2 -141.95 910.51 94.738
0.625 -59.106 731.59 96.722 -122.61 793.96 102.42 -146.2 921.12 94.854
0.63333 -62.515 744.03 96.725 -126.41 805.33 102.64 -150.57 931.84 94.969
0.64167 -66.116 756.66 96.748 -130.33 816.84 102.87 -155.05 942.66 95.082
0.65 -69.886 769.5 96.8 -134.36 828.48 103.09 -159.63 953.58 95.191
0.65833 -73.801 782.53 96.894 -138.47 840.25 103.32 -164.27 964.59 95.296
0.66667 -77.837 795.73 97.044 -142.67 852.13 103.53 -168.97 975.67 95.396
0.675 -81.968 809.05 97.262 -146.92 864.09 103.74 -173.7 986.8 95.494
0.68333 -86.18 822.44 97.556 -151.2 876.12 103.93 -178.45 997.96 95.592
0.69167 -90.452 835.85 97.933 -155.49 888.18 104.11 -183.21 1009.1 95.693
0.7 -94.774 849.21 98.391 -159.75 900.25 104.27 -187.96 1020.3 95.8
0.70833 -99.135 862.48 98.926 -163.97 912.3 104.42 -192.68 1031.4 95.919
0.71667 -103.53 875.59 99.523 -168.1 924.29 104.56 -197.37 1042.5 96.051
0.725 -107.94 888.49 100.17 -172.13 936.2 104.7 -202.01 1053.6 96.2
0.73333 -112.37 901.13 100.83 -176.04 947.99 104.83 -206.59 1064.6 96.366
0.74167 -116.79 913.5 101.5 -179.81 959.64 104.95 -211.09 1075.5 96.548
0.75 -121.2 925.55 102.15 -183.44 971.12 105.07 -215.5 1086.4 96.745
0.75833 -125.57 937.32 102.76 -186.93 982.44 105.19 -219.8 1097.2 96.952
0.76667 -129.9 948.82 103.33 -190.27 993.57 105.31 -223.98 1108 97.164
0.775 -134.19 960.1 103.85 -193.48 1004.5 105.42 -228.03 1118.8 97.375
0.78333 -138.44 971.22 104.34 -196.58 1015.3 105.53 -231.93 1129.6 97.581
0.79167 -142.66 982.22 104.8 -199.59 1025.9 105.63 -235.68 1140.4 97.775
0.8 -146.85 993.16 105.23 -202.52 1036.4 105.72 -239.28 1151.2 97.953
0.80833 -151.01 1004.1 105.66 -205.39 1046.7 105.8 -242.71 1162 98.11
0.81667 -155.13 1015 106.08 -208.22 1056.9 105.86 -246 1172.8 98.246
0.825 -159.21 1025.9 106.52 -211.04 1067.1 105.91 -249.13 1183.6 98.359
0.83333 -163.23 1036.8 106.97 -213.84 1077.2 105.95 -252.13 1194.4 98.451
0.84167 -167.18 1047.7 107.45 -216.64 1087.3 105.97 -255.01 1205.2 98.522
0.85 -171.04 1058.6 107.95 -219.46 1097.3 105.99 -257.77 1216 98.575
0.85833 -174.81 1069.5 108.48 -222.29 1107.4 105.99 -260.43 1226.7 98.611
0.86667 -178.49 1080.3 109.03 -225.14 1117.4 105.98 -263 1237.5 98.635
0.875 -182.05 1091 109.61 -228 1127.5 105.97 -265.5 1248.2 98.645
0.88333 -185.53 1101.6 110.21 -230.89 1137.7 105.95 -267.93 1258.8 98.645
0.89167 -188.93 1112.2 110.82 -233.79 1147.9 105.93 -270.3 1269.4 98.635
0.9 -192.27 1122.7 111.45 -236.72 1158.1 105.9 -272.63 1280 98.614
0.90833 -195.58 1133.2 112.1 -239.67 1168.4 105.87 -274.92 1290.6 98.58
0.91667 -198.87 1143.6 112.77 -242.64 1178.7 105.85 -277.18 1301.1 98.534
0.925 -202.19 1154 113.45 -245.63 1189.1 105.83 -279.42 1311.6 98.473
0.93333 -205.53 1164.4 114.14 -248.66 1199.6 105.82 -281.63 1322.1 98.397
0.94167 -208.92 1174.8 114.84 -251.71 1210.1 105.81 -283.83 1332.5 98.305
0.95 -212.36 1185.2 115.55 -254.81 1220.7 105.82 -286.03 1343 98.198
0.95833 -215.83 1195.6 116.25 -257.94 1231.3 105.85 -288.23 1353.4 98.076
0.96667 -219.33 1206.1 116.95 -261.12 1242.1 105.89 -290.43 1363.9 97.939
0.975 -222.83 1216.5 117.62 -264.34 1252.9 105.96 -292.65 1374.4 97.791
0.98333 -226.32 1227 118.28 -267.62 1263.7 106.05 -294.89 1384.9 97.632
0.99167 -229.76 1237.5 118.89 -270.95 1274.7 106.16 -297.14 1395.5 97.464
1 -233.15 1248 119.47 -274.33 1285.7 106.3 -299.42 1406.1 97.29
1.0083 -236.47 1258.7 119.99 -277.77 1296.8 106.46 -301.73 1416.7 97.11
1.0167 -239.71 1269.5 120.46 -281.25 1308 106.64 -304.05 1427.5 96.925
1.025 -242.88 1280.4 120.86 -284.78 1319.3 106.83 -306.41 1438.3 96.736
1.0333 -245.99 1291.5 121.21 -288.35 1330.6 107.05 -308.79 1449.2 96.543
1.0417 -249.05 1302.7 121.49 -291.95 1342 107.27 -311.19 1460.1 96.345
1.05 -252.08 1314.2 121.71 -295.58 1353.4 107.5 -313.62 1471.2 96.142
1.0583 -255.11 1325.8 121.89 -299.23 1364.8 107.75 -316.07 1482.4 95.933
1.0667 -258.17 1337.7 122.04 -302.88 1376.3 107.99 -318.54 1493.6 95.718
1.075 -261.29 1349.7 122.17 -306.53 1387.9 108.23 -321.04 1505 95.497
1.0833 -264.5 1362 122.29 -310.19 1399.4 108.47 -323.57 1516.4 95.272
1.0917 -267.82 1374.4 122.41 -313.82 1411.1 108.7 -326.12 1527.8 95.043
1.1 -271.25 1386.8 122.54 -317.45 1422.7 108.92 -328.71 1539.4 94.813
1.1083 -274.8 1399.3 122.67 -321.06 1434.4 109.12 -331.32 1550.9 94.585
1.1167 -278.44 1411.8 122.81 -324.64 1446.2 109.3 -333.97 1562.6 94.363
1.125 -282.16 1424.3 122.95 -328.2 1458.1 109.45 -336.66 1574.2 94.151
1.1333 -285.95 1436.8 123.08 -331.73 1470.1 109.58 -339.38 1586 93.951
1.1417 -289.81 1449.2 123.22 -335.24 1482.1 109.67 -342.14 1597.8 93.768
1.15 -293.75 1461.7 123.35 -338.72 1494.3 109.72 -344.95 1609.7 93.604
1.1583 -297.77 1474.2 123.48 -342.17 1506.6 109.73 -347.79 1621.6 93.46
1.1667 -301.91 1486.9 123.6 -345.6 1519 109.71 -350.68 1633.6 93.337
1.175 -306.17 1499.6 123.7 -349 1531.5 109.65 -353.6 1645.7 93.233
1.1833 -310.55 1512.5 123.8 -352.38 1544.1 109.57 -356.56 1658 93.146
1.1917 -315.07 1525.5 123.86 -355.74 1556.7 109.46 -359.55 1670.2 93.072
1.2 -319.69 1538.7 123.9 -359.1 1569.5 109.33 -362.57 1682.6 93.005
1.2083 -324.41 1551.9 123.89 -362.45 1582.3 109.18 -365.62 1695.1 92.942
1.2167 -329.21 1565.2 123.84 -365.82 1595 109.04 -368.68 1707.5 92.875
1.225 -334.03 1578.5 123.73 -369.22 1607.8 108.91 -371.76 1720 92.799
1.2333 -338.86 1591.8 123.58 -372.67 1620.6 108.78 -374.86 1732.5 92.709
1.2417 -343.63 1604.9 123.38 -376.17 1633.2 108.68 -377.97 1745 92.601
1.25 -348.31 1617.9 123.14 -379.76 1645.8 108.61 -381.09 1757.3 92.472
1.2583 -352.86 1630.8 122.88 -383.42 1658.3 108.56 -384.24 1769.6 92.322
1.2667 -357.24 1643.4 122.6 -387.18 1670.6 108.55 -387.42 1781.8 92.152
1.275 -361.45 1655.9 122.32 -391.04 1682.8 108.58 -390.64 1793.8 91.965
1.2833 -365.48 1668.2 122.05 -394.99 1694.8 108.65 -393.94 1805.8 91.765
1.2917 -369.36 1680.4 121.79 -399.03 1706.6 108.75 -397.31 1817.6 91.558
1.3 -373.1 1692.5 121.56 -403.15 1718.3 108.89 -400.79 1829.3 91.35
1.3083 -376.74 1704.4 121.35 -407.34 1729.7 109.07 -404.4 1840.9 91.148
1.3167 -380.29 1716.3 121.16 -411.57 1740.9 109.28 -408.16 1852.4 90.959
1.325 -383.79 1728.2 120.99 -415.84 1752 109.52 -412.09 1863.9 90.787
1.3333 -387.26 1740 120.84 -420.14 1762.8 109.79 -416.21 1875.3 90.639
1.3417 -390.72 1751.8 120.69 -424.44 1773.5 110.09 -420.51 1886.7 90.517
1.35 -394.21 1763.7 120.55 -428.75 1784 110.4 -425.02 1898.1 90.425
1.3583 -397.75 1775.4 120.39 -433.06 1794.4 110.73 -429.71 1909.5 90.363
1.3667 -401.34 1787.1 120.22 -437.37 1804.6 111.07 -434.6 1920.8 90.332
1.375 -405.01 1798.7 120.04 -441.68 1814.8 111.41 -439.65 1932.2 90.331
1.3833 -408.75 1810.2 119.83 -445.99 1824.9 111.77 -444.86 1943.5 90.358
1.3917 -412.57 1821.5 119.61 -450.32 1834.9 112.12 -450.21 1954.8 90.41
1.4 -416.46 1832.6 119.37 -454.67 1845 112.47 -455.67 1966.1 90.486
1.4083 -420.42 1843.6 119.12 -459.04 1855 112.82 -461.22 1977.3 90.582
1.4167 -424.44 1854.5 118.88 -463.44 1865 113.17 -466.83 1988.5 90.694
1.425 -428.52 1865.2 118.63 -467.88 1875 113.51 -472.5 1999.6 90.82
1.4333 -432.64 1875.8 118.4 -472.35 1885 113.85 -478.19 2010.6 90.956
1.4417 -436.8 1886.3 118.18 -476.86 1895.1 114.17 -483.91 2021.6 91.099
1.45 -441 1896.7 117.98 -481.41 1905.2 114.48 -489.63 2032.4 91.244
1.4583 -445.23 1907.2 117.79 -485.99 1915.3 114.78 -495.34 2043.2 91.388
1.4667 -449.49 1917.6 117.62 -490.62 1925.5 115.07 -501.05 2054 91.528
1.475 -453.8 1928.1 117.46 -495.28 1935.8 115.33 -506.75 2064.6 91.66
1.4833 -458.15 1938.6 117.3 -499.99 1946.1 115.58 -512.43 2075.2 91.781
1.4917 -462.56 1949.2 117.14 -504.75 1956.6 115.8 -518.09 2085.7 91.89
1.5 -467.04 1959.8 116.96 -509.56 1967 116 -523.74 2096.1 91.984
1.5083 -471.61 1970.4 116.77 -514.43 1977.6 116.17 -529.37 2106.6 92.062
1.5167 -476.26 1981 116.57 -519.37 1988.3 116.32 -534.99 2116.9 92.126
1.525 -481 1991.6 116.36 -524.38 1999.1 116.45 -540.6 2127.3 92.176
1.5333 -485.82 2002.3 116.14 -529.45 2009.9 116.56 -546.19 2137.7 92.214
1.5417 -490.73 2012.9 115.94 -534.6 2020.9 116.66 -551.78 2148.1 92.242
1.55 -495.7 2023.5 115.75 -539.82 2031.9 116.74 -557.36 2158.6 92.264
1.5583 -500.75 2034.2 115.59 -545.1 2042.9 116.82 -562.95 2169.1 92.281
1.5667 -505.85 2044.8 115.45 -550.44 2054 116.88 -568.54 2179.7 92.296
1.575 -511.03 2055.5 115.34 -555.83 2065.2 116.95 -574.14 2190.3 92.311
1.5833 -516.28 2066.2 115.26 -561.26 2076.3 117.01 -579.76 2201 92.328
1.5917 -521.63 2077.1 115.18 -566.74 2087.5 117.06 -585.4 2211.8 92.344
1.6 -527.07 2088.1 115.11 -572.27 2098.7 117.12 -591.07 2222.6 92.362
1.6083 -532.62 2099.2 115.03 -577.83 2109.9 117.17 -596.77 2233.5 92.379
1.6167 -538.26 2110.4 114.94 -583.45 2121.2 117.22 -602.5 2244.4 92.391
1.625 -544.01 2121.8 114.83 -589.12 2132.5 117.27 -608.26 2255.3 92.398
1.6333 -549.85 2133.2 114.72 -594.86 2143.8 117.31 -614.07 2266.3 92.397
1.6417 -555.79 2144.7 114.6 -600.67 2155.2 117.35 -619.91 2277.3 92.383
1.65 -561.84 2156.2 114.47 -606.57 2166.6 117.39 -625.79 2288.3 92.355
1.6583 -567.99 2167.8 114.32 -612.57 2178.1 117.42 -631.71 2299.4 92.31
1.6667 -574.26 2179.4 114.16 -618.67 2189.6 117.46 -637.68 2310.5 92.247
1.675 -580.67 2191.2 113.99 -624.88 2201.1 117.51 -643.68 2321.7 92.165
1.6833 -587.21 2203.1 113.82 -631.19 2212.7 117.57 -649.73 2333 92.064
1.6917 -593.9 2215.1 113.66 -637.61 2224.3 117.63 -655.82 2344.4 91.946
1.7 -600.74 2227.3 113.51 -644.12 2235.9 117.71 -661.94 2355.9 91.812
1.7083 -607.71 2239.6 113.38 -650.72 2247.5 117.79 -668.11 2367.5 91.666
1.7167 -614.79 2252.1 113.29 -657.38 2259.2 117.88 -674.32 2379.2 91.512
1.725 -621.97 2264.7 113.25 -664.1 2270.8 117.98 -680.56 2391 91.355
1.7333 -629.21 2277.4 113.27 -670.86 2282.5 118.07 -686.83 2402.9 91.198
1.7417 -636.48 2290.2 113.36 -677.63 2294.1 118.16 -693.12 2414.8 91.046
1.75 -643.74 2302.9 113.5 -684.39 2305.8 118.23 -699.43 2426.7 90.904
1.7583 -650.96 2315.5 113.72 -691.13 2317.6 118.28 -705.74 2438.6 90.775
1.7667 -658.1 2327.9 113.98 -697.81 2329.4 118.32 -712.05 2450.3 90.661
1.775 -665.13 2340.2 114.28 -704.43 2341.2 118.32 -718.33 2462 90.563
1.7833 -672.04 2352.2 114.61 -710.95 2353.1 118.29 -724.58 2473.6 90.481
1.7917 -678.79 2363.9 114.93 -717.35 2365.1 118.23 -730.78 2485 90.415
1.8 -685.38 2375.3 115.23 -723.63 2377.1 118.13 -736.92 2496.4 90.362
1.8083 -691.82 2386.4 115.49 -729.76 2389.1 118 -742.98 2507.8 90.32
1.8167 -698.11 2397.3 115.7 -735.72 2401 117.84 -748.94 2519.1 90.285
1.825 -704.29 2407.9 115.85 -741.52 2412.9 117.64 -754.8 2530.5 90.253
1.8333 -710.39 2418.3 115.95 -747.13 2424.7 117.42 -760.55 2541.9 90.222
1.8417 -716.43 2428.7 116.02 -752.57 2436.4 117.16 -766.17 2553.5 90.189
1.85 -722.43 2439 116.05 -757.84 2447.9 116.88 -771.66 2565.1 90.153
1.8583 -728.39 2449.2 116.06 -762.96 2459.2 116.57 -777.02 2577 90.11
1.8667 -734.31 2459.5 116.07 -767.93 2470.4 116.23 -782.24 2589 90.062
1.875 -740.16 2469.8 116.09 -772.78 2481.4 115.87 -787.32 2601.1 90.007
1.8833 -745.92 2480.2 116.12 -777.52 2492.3 115.48 -792.26 2613.3 89.945
1.8917 -751.55 2490.7 116.17 -782.19 2503.1 115.07 -797.06 2625.7 89.875
1.9 -757.05 2501.3 116.25 -786.8 2513.9 114.64 -801.72 2638 89.798
1.9083 -762.37 2511.9 116.36 -791.37 2524.6 114.18 -806.25 2650.4 89.71
1.9167 -767.51 2522.5 116.49 -795.91 2535.3 113.71 -810.63 2662.7 89.611
1.925 -772.48 2533.2 116.64 -800.43 2546.1 113.22 -814.88 2674.9 89.497
1.9333 -777.27 2543.8 116.81 -804.95 2556.9 112.72 -819 2687 89.366
1.9417 -781.91 2554.5 116.99 -809.45 2567.8 112.22 -822.99 2699 89.214
1.95 -786.42 2565.1 117.18 -813.95 2578.8 111.73 -826.86 2710.8 89.038
1.9583 -790.84 2575.7 117.37 -818.44 2589.9 111.24 -830.62 2722.5 88.837
1.9667 -795.19 2586.3 117.57 -822.92 2601.1 110.77 -834.27 2734.1 88.609
1.975 -799.5 2596.8 117.76 -827.4 2612.3 110.32 -837.82 2745.7 88.354
1.9833 -803.79 2607.2 117.96 -831.86 2623.6 109.9 -841.29 2757.1 88.075
1.9917 -808.09 2617.6 118.16 -836.3 2634.9 109.51 -844.7 2768.5 87.773
2 -812.4 2627.9 118.37 -840.74 2646.3 109.14 -848.04 2779.9 87.452
2.0083 -816.72 2638.2 118.58 -845.17 2657.7 108.8 -851.34 2791.3 87.117
2.0167 -821.05 2648.6 118.79 -849.59 2669.1 108.49 -854.61 2802.7 86.772
2.025 -825.39 2659 119 -854 2680.5 108.21 -857.85 2814.1 86.421
2.0333 -829.71 2669.4 119.22 -858.41 2692 107.95 -861.08 2825.6 86.069
2.0417 -834 2680 119.42 -862.81 2703.5 107.71 -864.29 2837 85.717
2.05 -838.25 2690.7 119.62 -867.2 2715 107.48 -867.49 2848.5 85.369
2.0583 -842.44 2701.6 119.8 -871.58 2726.6 107.28 -870.68 2860.1 85.025
2.0667 -846.58 2712.7 119.95 -875.94 2738.2 107.08 -873.87 2871.6 84.686
2.075 -850.66 2723.9 120.08 -880.27 2749.9 106.91 -877.04 2883.2 84.351
2.0833 -854.68 2735.3 120.17 -884.57 2761.6 106.75 -880.2 2894.9 84.02
2.0917 -858.63 2746.9 120.24 -888.83 2773.3 106.62 -883.34 2906.6 83.694
2.1 -862.55 2758.6 120.29 -893.04 2785.1 106.5 -886.47 2918.3 83.371
2.1083 -866.42 2770.6 120.33 -897.18 2797 106.41 -889.58 2930.1 83.051
2.1167 -870.29 2782.7 120.37 -901.27 2808.9 106.35 -892.66 2942 82.735
2.125 -874.15 2795 120.42 -905.28 2820.8 106.31 -895.72 2953.8 82.421
2.1333 -878.05 2807.4 120.48 -909.22 2832.8 106.3 -898.75 2965.7 82.11
2.1417 -881.98 2819.9 120.55 -913.09 2844.9 106.3 -901.75 2977.7 81.802
2.15 -885.97 2832.4 120.65 -916.87 2857 106.32 -904.71 2989.6 81.495
2.1583 -890 2844.9 120.75 -920.57 2869.2 106.34 -907.64 3001.6 81.19
2.1667 -894.06 2857.4 120.85 -924.2 2881.4 106.36 -910.53 3013.6 80.887
2.175 -898.16 2870 120.96 -927.75 2893.7 106.37 -913.38 3025.6 80.585
2.1833 -902.28 2882.6 121.05 -931.22 2906.2 106.35 -916.18 3037.7 80.285
2.1917 -906.43 2895.3 121.14 -934.61 2918.7 106.3 -918.93 3049.8 79.987
2.2 -910.63 2908 121.2 -937.93 2931.4 106.23 -921.63 3062 79.694
2.2083 -914.87 2921 121.23 -941.18 2944.1 106.11 -924.29 3074.3 79.407
2.2167 -919.15 2934 121.22 -944.37 2956.9 105.96 -926.9 3086.6 79.129
2.225 -923.49 2947.3 121.16 -947.5 2969.9 105.77 -929.46 3099.1 78.862
2.2333 -927.86 2960.7 121.05 -950.58 2982.9 105.55 -932 3111.6 78.608
2.2417 -932.25 2974.2 120.87 -953.62 2995.9 105.32 -934.5 3124.2 78.367
2.25 -936.66 2987.8 120.64 -956.65 3009 105.08 -936.98 3136.8 78.138
2.2583 -941.04 3001.4 120.34 -959.68 3022.2 104.83 -939.44 3149.4 77.918
2.2667 -945.38 3014.9 119.99 -962.72 3035.3 104.6 -941.89 3162 77.704
2.275 -949.63 3028.4 119.6 -965.78 3048.3 104.38 -944.33 3174.6 77.49
2.2833 -953.77 3041.7 119.17 -968.89 3061.4 104.2 -946.77 3187 77.267
2.2917 -957.74 3054.8 118.72 -972.05 3074.3 104.05 -949.2 3199.3 77.03
2.3 -961.54 3067.7 118.26 -975.28 3087.1 103.95 -951.63 3211.5 76.773
2.3083 -965.15 3080.5 117.81 -978.58 3099.7 103.88 -954.06 3223.4 76.49
2.3167 -968.57 3093 117.38 -981.95 3112.2 103.85 -956.5 3235.3 76.179
2.325 -971.83 3105.3 116.98 -985.38 3124.5 103.86 -958.95 3246.9 75.843
2.3333 -974.93 3117.5 116.61 -988.86 3136.6 103.91 -961.42 3258.5 75.485
2.3417 -977.9 3129.5 116.26 -992.39 3148.4 103.99 -963.92 3269.9 75.113
2.35 -980.75 3141.5 115.93 -995.95 3160.1 104.09 -966.47 3281.3 74.737
2.3583 -983.51 3153.5 115.61 -999.51 3171.5 104.2 -969.08 3292.7 74.369
2.3667 -986.19 3165.5 115.29 -1003.1 3182.8 104.33 -971.77 3304 74.02
2.375 -988.83 3177.5 114.96 -1006.6 3193.8 104.47 -974.55 3315.4 73.701
2.3833 -991.46 3189.5 114.62 -1010.1 3204.7 104.61 -977.44 3326.8 73.421
2.3917 -994.08 3201.6 114.27 -1013.6 3215.4 104.76 -980.44 3338.2 73.183
2.4 -996.74 3213.7 113.89 -1017 3226 104.9 -983.56 3349.7 72.99
2.4083 -999.44 3225.7 113.49 -1020.5 3236.6 105.05 -986.79 3361.1 72.837
2.4167 -1002.2 3237.6 113.07 -1023.8 3247.1 105.19 -990.13 3372.6 72.718
2.425 -1005 3249.5 112.64 -1027.2 3257.5 105.32 -993.56 3384 72.624
2.4333 -1007.9 3261.3 112.21 -1030.6 3268 105.45 -997.06 3395.3 72.544
2.4417 -1010.9 3272.9 111.78 -1033.9 3278.5 105.58 -1000.6 3406.5 72.468
2.45 -1013.9 3284.3 111.36 -1037.3 3289 105.69 -1004.2 3417.6 72.384
2.4583 -1016.9 3295.7 110.96 -1040.7 3299.6 105.8 -1007.8 3428.6 72.287
2.4667 -1020 3306.8 110.57 -1044.1 3310.2 105.89 -1011.4 3439.4 72.171
2.475 -1023.1 3317.9 110.21 -1047.6 3320.8 105.97 -1015 3450.2 72.034
2.4833 -1026.3 3329 109.86 -1051.1 3331.5 106.03 -1018.5 3460.8 71.878
2.4917 -1029.4 3339.9 109.53 -1054.7 3342.3 106.07 -1022 3471.3 71.708
2.5 -1032.5 3350.8 109.2 -1058.3 3353.1 106.09 -1025.5 3481.7 71.528
2.5083 -1035.7 3361.8 108.86 -1062 3363.9 106.09 -1029 3492.1 71.347
2.5167 -1038.8 3372.7 108.51 -1065.6 3374.9 106.07 -1032.5 3502.4 71.168
2.525 -1042 3383.6 108.14 -1069.4 3385.9 106.03 -1035.9 3512.6 70.997
2.5333 -1045.2 3394.6 107.75 -1073.1 3397 105.98 -1039.4 3522.8 70.836
2.5417 -1048.5 3405.6 107.32 -1076.9 3408.1 105.9 -1042.9 3532.9 70.683
2.55 -1051.9 3416.6 106.88 -1080.6 3419.4 105.82 -1046.5 3542.9 70.537
2.5583 -1055.3 3427.6 106.41 -1084.4 3430.7 105.71 -1050.1 3552.9 70.391
2.5667 -1058.8 3438.6 105.95 -1088.3 3442.1 105.6 -1053.7 3562.9 70.241
2.575 -1062.4 3449.7 105.5 -1092.1 3453.5 105.48 -1057.4 3572.8 70.079
2.5833 -1066 3460.7 105.07 -1095.9 3465 105.35 -1061.1 3582.8 69.901
2.5917 -1069.7 3471.8 104.67 -1099.8 3476.5 105.22 -1064.8 3592.7 69.701
2.6 -1073.4 3483 104.31 -1103.7 3488 105.08 -1068.5 3602.8 69.479
2.6083 -1077.1 3494.2 103.99 -1107.6 3499.6 104.94 -1072.2 3612.9 69.235
2.6167 -1080.9 3505.5 103.71 -1111.5 3511.2 104.8 -1075.9 3623.1 68.972
2.625 -1084.7 3516.9 103.45 -1115.4 3522.7 104.66 -1079.6 3633.4 68.696
2.6333 -1088.6 3528.5 103.2 -1119.3 3534.3 104.52 -1083.4 3643.9 68.412
2.6417 -1092.6 3540.2 102.96 -1123.2 3546 104.39 -1087.1 3654.5 68.126
2.65 -1096.6 3552 102.72 -1127.2 3557.6 104.28 -1090.8 3665.3 67.845
2.6583 -1100.7 3563.9 102.47 -1131.1 3569.3 104.17 -1094.5 3676.1 67.572
2.6667 -1104.9 3575.9 102.23 -1135.1 3581.1 104.07 -1098.2 3687.1 67.31
2.675 -1109.2 3587.9 101.98 -1139.1 3593 103.98 -1102 3698.2 67.057
2.6833 -1113.5 3600 101.73 -1143.2 3604.9 103.91 -1105.8 3709.3 66.81
2.6917 -1117.9 3612.1 101.48 -1147.3 3616.9 103.84 -1109.5 3720.5 66.565
2.7 -1122.3 3624.3 101.22 -1151.5 3628.9 103.78 -1113.3 3731.8 66.314
2.7083 -1126.8 3636.6 100.96 -1155.7 3641 103.73 -1117.1 3743.1 66.052
2.7167 -1131.4 3649.1 100.71 -1160 3653.1 103.68 -1120.9 3754.5 65.771
2.725 -1136 3661.8 100.47 -1164.3 3665.2 103.63 -1124.7 3765.9 65.468
2.7333 -1140.7 3674.6 100.26 -1168.7 3677.3 103.58 -1128.4 3777.5 65.14
2.7417 -1145.4 3687.7 100.08 -1173.1 3689.4 103.53 -1132.1 3789.1 64.787
2.75 -1150.2 3701 99.949 -1177.6 3701.5 103.47 -1135.7 3800.9 64.412
2.7583 -1155 3714.5 99.874 -1182.1 3713.6 103.4 -1139.3 3812.8 64.022
2.7667 -1159.9 3728.1 99.862 -1186.5 3725.6 103.33 -1142.9 3824.8 63.623
2.775 -1164.8 3741.7 99.921 -1191 3737.7 103.26 -1146.4 3837 63.224
2.7833 -1169.8 3755.3 100.04 -1195.5 3749.9 103.17 -1149.9 3849.1 62.832
2.7917 -1174.7 3768.8 100.23 -1199.9 3762 103.08 -1153.4 3861.4 62.456
2.8 -1179.6 3782.1 100.46 -1204.2 3774.3 102.98 -1156.8 3873.6 62.101
2.8083 -1184.5 3795.2 100.71 -1208.3 3786.6 102.88 -1160.3 3885.8 61.77
2.8167 -1189.2 3808 100.97 -1212.4 3799.1 102.76 -1163.7 3898 61.462
2.825 -1193.9 3820.5 101.21 -1216.3 3811.6 102.62 -1167.1 3910 61.177
2.8333 -1198.5 3832.6 101.41 -1220.1 3824.2 102.45 -1170.5 3922 60.91
2.8417 -1203 3844.4 101.53 -1223.6 3836.8 102.27 -1173.7 3933.8 60.657
2.85 -1207.3 3855.9 101.58 -1227 3849.5 102.05 -1177 3945.6 60.41
2.8583 -1211.4 3867.1 101.54 -1230.1 3862.1 101.79 -1180 3957.3 60.164
2.8667 -1215.5 3878.2 101.41 -1233.1 3874.6 101.5 -1183 3968.9 59.913
2.875 -1219.3 3889.1 101.22 -1235.9 3887 101.17 -1185.7 3980.5 59.653
2.8833 -1223 3899.9 100.96 -1238.6 3899.3 100.8 -1188.2 3992.2 59.381
2.8917 -1226.5 3910.8 100.67 -1241.1 3911.5 100.39 -1190.5 4003.9 59.096
2.9 -1229.7 3921.6 100.35 -1243.4 3923.4 99.957 -1192.6 4015.8 58.798
2.9083 -1232.7 3932.4 100.03 -1245.6 3935.2 99.491 -1194.3 4027.7 58.488
2.9167 -1235.4 3943.3 99.727 -1247.7 3946.9 98.999 -1195.8 4039.8 58.168
2.925 -1237.9 3954.2 99.446 -1249.7 3958.4 98.484 -1197 4052 57.839
2.9333 -1240.1 3965 99.203 -1251.6 3969.8 97.949 -1197.9 4064.2 57.503
2.9417 -1242 3975.9 99.003 -1253.4 3981.2 97.395 -1198.6 4076.6 57.161
2.95 -1243.7 3986.7 98.848 -1255.1 3992.5 96.822 -1199.1 4089 56.815
2.9583 -1245.2 3997.5 98.735 -1256.7 4003.8 96.228 -1199.4 4101.3 56.462
2.9667 -1246.5 4008.2 98.658 -1258.2 4015.2 95.615 -1199.5 4113.6 56.104
2.975 -1247.7 4018.8 98.607 -1259.7 4026.6 94.98 -1199.4 4125.8 55.737
2.9833 -1248.7 4029.4 98.573 -1261 4038 94.323 -1199.3 4137.9 55.363
2.9917 -1249.6 4039.8 98.546 -1262.2 4049.5 93.648 -1199 4149.9 54.979
3 -1250.4 4050.2 98.521 -1263.3 4061 92.957 -1198.6 4161.7 54.584
3.0083 -1251.2 4060.5 98.493 -1264.3 4072.6 92.254 -1198.2 4173.4 54.179
3.0167 -1252 4070.8 98.46 -1265.2 4084.2 91.549 -1197.6 4184.9 53.763
3.025 -1252.8 4081 98.423 -1266 4095.9 90.849 -1197 4196.3 53.337
3.0333 -1253.6 4091.2 98.387 -1266.7 4107.5 90.162 -1196.3 4207.6 52.9
3.0417 -1254.6 4101.4 98.355 -1267.3 4119.1 89.495 -1195.6 4218.8 52.453
3.05 -1255.6 4111.5 98.336 -1267.9 4130.8 88.857 -1194.7 4229.9 51.996
3.0583 -1256.6 4121.6 98.337 -1268.3 4142.4 88.252 -1193.8 4241 51.529
3.0667 -1257.6 4131.7 98.363 -1268.7 4154 87.681 -1192.8 4252 51.052
3.075 -1258.6 4141.9 98.417 -1269 4165.6 87.147 -1191.8 4263.1 50.568
3.0833 -1259.6 4152.1 98.5 -1269.2 4177.2 86.647 -1190.7 4274.1 50.076
3.0917 -1260.5 4162.4 98.607 -1269.3 4188.9 86.18 -1189.5 4285.1 49.58
3.1 -1261.2 4172.8 98.731 -1269.4 4200.5 85.743 -1188.3 4296.2 49.083
3.1083 -1261.8 4183.3 98.86 -1269.4 4212.2 85.334 -1187 4307.2 48.59
3.1167 -1262.2 4193.8 98.981 -1269.3 4224 84.952 -1185.6 4318.2 48.106
3.125 -1262.4 4204.5 99.08 -1269.1 4235.8 84.594 -1184.2 4329.3 47.638
3.1333 -1262.4 4215.3 99.149 -1268.7 4247.7 84.264 -1182.8 4340.4 47.192
3.1417 -1262.2 4226.3 99.177 -1268.3 4259.6 83.962 -1181.3 4351.5 46.773
3.15 -1261.7 4237.4 99.166 -1267.7 4271.6 83.692 -1179.7 4362.6 46.385
3.1583 -1261.1 4248.6 99.117 -1267 4283.6 83.457 -1178.1 4373.7 46.03
3.1667 -1260.3 4260.1 99.04 -1266.2 4295.7 83.26 -1176.4 4384.8 45.709
3.175 -1259.4 4271.7 98.945 -1265.1 4307.8 83.101 -1174.6 4396 45.416
3.1833 -1258.5 4283.5 98.839 -1264 4319.9 82.982 -1172.7 4407.1 45.147
3.1917 -1257.5 4295.5 98.736 -1262.6 4332 82.898 -1170.7 4418.2 44.892
3.2 -1256.6 4307.6 98.637 -1261.1 4344.1 82.844 -1168.6 4429.4 44.644
3.2083 -1255.7 4319.9 98.545 -1259.4 4356.2 82.814 -1166.4 4440.5 44.391
3.2167 -1254.8 4332.3 98.462 -1257.6 4368.3 82.797 -1164.1 4451.7 44.125
3.225 -1253.9 4344.8 98.39 -1255.6 4380.4 82.783 -1161.6 4462.9 43.838
3.2333 -1253.1 4357.4 98.328 -1253.4 4392.4 82.761 -1159 4474.1 43.527
3.2417 -1252.2 4370.2 98.274 -1251.1 4404.5 82.722 -1156.3 4485.4 43.191
3.25 -1251.3 4383.1 98.224 -1248.7 4416.6 82.657 -1153.5 4496.7 42.83
3.2583 -1250.3 4396.1 98.166 -1246.1 4428.7 82.561 -1150.5 4508 42.449
3.2667 -1249.2 4409.4 98.086 -1243.3 4440.9 82.429 -1147.4 4519.4 42.055
3.275 -1248.1 4422.7 97.967 -1240.5 4453.1 82.263 -1144.1 4530.9 41.656
3.2833 -1246.9 4436.1 97.792 -1237.6 4465.4 82.063 -1140.8 4542.4 41.261
3.2917 -1245.5 4449.5 97.545 -1234.5 4477.8 81.834 -1137.3 4553.9 40.876
3.3 -1243.9 4462.9 97.216 -1231.4 4490.1 81.583 -1133.6 4565.5 40.506
3.3083 -1242.2 4476.2 96.804 -1228.3 4502.6 81.314 -1129.9 4577.1 40.156
3.3167 -1240.2 4489.4 96.313 -1225.1 4515 81.035 -1126 4588.7 39.825
3.325 -1238 4502.3 95.748 -1222 4527.3 80.75 -1122.1 4600.3 39.511
3.3333 -1235.6 4515.1 95.127 -1218.9 4539.6 80.465 -1118 4611.8 39.21
3.3417 -1232.9 4527.6 94.464 -1215.9 4551.8 80.181 -1114 4623.2 38.916
3.35 -1230.1 4539.8 93.775 -1212.9 4563.9 79.899 -1109.9 4634.6 38.622
3.3583 -1227 4551.7 93.074 -1210.1 4575.8 79.619 -1105.8 4645.8 38.322
3.3667 -1223.8 4563.4 92.375 -1207.3 4587.5 79.338 -1101.8 4656.9 38.013
3.375 -1220.5 4574.8 91.686 -1204.7 4599 79.056 -1097.8 4667.9 37.691
3.3833 -1217.1 4586.1 91.008 -1202.2 4610.3 78.768 -1093.9 4678.7 37.357
3.3917 -1213.6 4597.2 90.341 -1199.8 4621.4 78.472 -1090.2 4689.5 37.013
3.4 -1210 4608.2 89.679 -1197.5 4632.2 78.165 -1086.5 4700.1 36.663
3.4083 -1206.4 4619.2 89.016 -1195.3 4642.9 77.847 -1083 4710.6 36.313
3.4167 -1202.9 4630.1 88.342 -1193.1 4653.4 77.516 -1079.6 4721.1 35.969
3.425 -1199.3 4640.9 87.649 -1190.9 4663.7 77.172 -1076.4 4731.4 35.637
3.4333 -1195.7 4651.8 86.927 -1188.7 4673.9 76.817 -1073.2 4741.8 35.323
3.4417 -1192.2 4662.6 86.171 -1186.5 4684 76.452 -1070.2 4752 35.033
3.45 -1188.6 4673.4 85.377 -1184.2 4694.1 76.082 -1067.3 4762.2 34.77
3.4583 -1185.1 4684.1 84.542 -1181.9 4704 75.708 -1064.4 4772.3 34.536
3.4667 -1181.6 4694.8 83.669 -1179.4 4713.9 75.335 -1061.6 4782.5 34.332
3.475 -1178.1 4705.4 82.762 -1176.9 4723.8 74.967 -1058.8 4792.5 34.158
3.4833 -1174.6 4715.8 81.828 -1174.3 4733.7 74.607 -1056.1 4802.5 34.009
3.4917 -1171.1 4726.2 80.874 -1171.6 4743.5 74.257 -1053.4 4812.5 33.883
3.5 -1167.6 4736.5 79.909 -1168.8 4753.4 73.917 -1050.7 4822.4 33.775
3.5083 -1164.2 4746.6 78.941 -1165.9 4763.2 73.588 -1048 4832.2 33.677
3.5167 -1160.7 4756.6 77.974 -1163 4773.1 73.266 -1045.3 4842 33.582
3.525 -1157.3 4766.5 77.016 -1160.1 4783 72.949 -1042.6 4851.6 33.483
3.5333 -1153.9 4776.3 76.07 -1157.1 4792.9 72.631 -1039.8 4861.2 33.372
3.5417 -1150.5 4786.1 75.136 -1154 4802.8 72.306 -1037.1 4870.7 33.239
3.55 -1147.1 4795.8 74.213 -1151 4812.8 71.969 -1034.3 4880.1 33.076
3.5583 -1143.7 4805.5 73.301 -1147.9 4822.8 71.612 -1031.5 4889.4 32.875
3.5667 -1140.3 4815.2 72.395 -1144.8 4832.8 71.229 -1028.7 4898.6 32.63
3.575 -1136.9 4824.8 71.491 -1141.6 4842.9 70.817 -1025.8 4907.7 32.338
3.5833 -1133.6 4834.5 70.602 -1138.4 4852.9 70.369 -1022.8 4916.8 31.996
3.5917 -1130.1 4844.1 69.682 -1135 4863.1 69.913 -1019.8 4925.9 31.607
3.6 -1126.7 4853.8 68.789 -1131.7 4873.2 69.432 -1016.7 4934.9 31.176
3.6083 -1123.3 4863.6 67.884 -1128.3 4883.5 68.951 -1013.6 4944 30.712
3.6167 -1119.8 4873.4 66.988 -1124.8 4893.7 68.456 -1010.3 4953.1 30.227
3.625 -1116.3 4883.2 66.11 -1121.2 4904.1 67.975 -1007.1 4962.2 29.733
3.6333 -1112.8 4893.1 65.26 -1117.6 4914.4 67.488 -1003.7 4971.5 29.247
3.6417 -1109.3 4903.1 64.454 -1113.9 4924.7 67.035 -1000.3 4980.8 28.78
3.65 -1105.7 4913.2 63.701 -1110.2 4935.1 66.586 -996.77 4990.2 28.345
3.6583 -1102.2 4923.3 63.013 -1106.3 4945.6 66.188 -993.2 4999.7 27.948
3.6667 -1098.6 4933.5 62.396 -1102.5 4956 65.794 -989.54 5009.3 27.595
3.675 -1095 4943.8 61.847 -1098.5 4966.6 65.462 -985.81 5019 27.285
3.6833 -1091.4 4954.3 61.381 -1094.6 4977.1 65.126 -981.99 5028.8 27.013
3.6917 -1087.8 4964.8 60.971 -1090.6 4987.7 64.835 -978.08 5038.7 26.771
3.7 -1084.2 4975.5 60.612 -1086.6 4998.4 64.539 -974.09 5048.6 26.549
3.7083 -1080.5 4986.3 60.289 -1082.4 5009.1 64.274 -970.02 5058.5 26.334
3.7167 -1076.8 4997.2 59.989 -1078.3 5019.8 63.986 -965.88 5068.5 26.115
3.725 -1073 5008.1 59.696 -1074.1 5030.6 63.718 -961.65 5078.5 25.881
3.7333 -1069.1 5019.1 59.398 -1069.9 5041.4 63.414 -957.36 5088.4 25.622
3.7417 -1065 5030.1 59.083 -1065.6 5052.2 63.126 -953 5098.4 25.334
3.75 -1060.9 5041.1 58.742 -1061.3 5063 62.797 -948.57 5108.5 25.012
3.7583 -1056.6 5052.2 58.37 -1056.8 5073.8 62.489 -944.08 5118.5 24.659
3.7667 -1052.1 5063.3 57.961 -1052.4 5084.6 62.143 -939.52 5128.5 24.276
3.775 -1047.5 5074.5 57.523 -1047.9 5095.5 61.811 -934.88 5138.6 23.869
3.7833 -1042.8 5085.8 57.064 -1043.4 5106.3 61.466 -930.16 5148.7 23.443
3.7917 -1038.1 5097.2 56.596 -1038.8 5117.2 61.135 -925.33 5158.8 23.006
3.8 -1033.2 5108.7 56.135 -1034.2 5128.1 60.799 -920.4 5169 22.564
3.8083 -1028.3 5120.4 55.697 -1029.6 5139.1 60.478 -915.33 5179.2 22.122
3.8167 -1023.3 5132.1 55.295 -1024.9 5150 60.163 -910.14 5189.5 21.684
3.825 -1018.3 5144 54.947 -1020.1 5161.1 59.848 -904.8 5199.8 21.253
3.8333 -1013.4 5155.8 54.653 -1015.3 5172.1 59.525 -899.33 5210.1 20.831
3.8417 -1008.4 5167.6 54.415 -1010.4 5183.2 59.198 -893.72 5220.5 20.419
3.85 -1003.4 5179.3 54.228 -1005.4 5194.2 58.869 -887.99 5231 20.017
3.8583 -998.47 5190.8 54.075 -1000.2 5205.2 58.511 -882.15 5241.4 19.625
3.8667 -993.56 5202 53.938 -994.84 5216.1 58.133 -876.22 5251.8 19.243
3.875 -988.69 5212.9 53.789 -989.32 5226.9 57.719 -870.21 5262.3 18.871
3.8833 -983.86 5223.5 53.602 -983.62 5237.6 57.267 -864.14 5272.6 18.509
3.8917 -979.1 5233.8 53.35 -977.74 5248.1 56.774 -858.01 5282.9 18.156
3.9 -974.39 5243.7 53.01 -971.68 5258.5 56.238 -851.83 5293 17.812
3.9083 -969.76 5253.3 52.564 -965.45 5268.6 55.656 -845.57 5303 17.475
3.9167 -965.19 5262.6 52.006 -959.06 5278.6 55.029 -839.23 5312.8 17.142
3.925 -960.67 5271.8 51.341 -952.55 5288.3 54.355 -832.77 5322.3 16.81
3.9333 -956.16 5280.7 50.582 -945.93 5297.8 53.634 -826.17 5331.6 16.476
3.9417 -951.63 5289.6 49.751 -939.24 5307.1 52.863 -819.39 5340.5 16.134
3.95 -947.02 5298.3 48.875 -932.48 5316.2 52.042 -812.41 5349.2 15.78
3.9583 -942.29 5306.8 47.984 -925.69 5325.1 51.171 -805.19 5357.5 15.409
3.9667 -937.37 5315.2 47.105 -918.88 5333.8 50.249 -797.73 5365.5 15.019
3.975 -932.25 5323.4 46.263 -912.07 5342.2 49.275 -790.01 5373.2 14.607
3.9833 -926.89 5331.4 45.477 -905.25 5350.5 48.25 -782.06 5380.6 14.17
3.9917 -921.31 5339 44.757 -898.44 5358.6 47.175 -773.88 5387.8 13.709
4 -915.55 5346.4 44.108 -891.61 5366.5 46.054 -765.52 5394.7 13.223
4.0083 -909.65 5353.6 43.525 -884.75 5374.2 44.891 -756.99 5401.4 12.713
4.0167 -903.67 5360.5 42.999 -877.85 5381.8 43.69 -748.35 5407.8 12.181
4.025 -897.6 5367.2 42.523 -870.9 5389.2 42.462 -739.64 5414.1 11.627
4.0333 -891.49 5373.7 42.077 -863.87 5396.5 41.216 -730.89 5420.1 11.053
4.0417 -885.35 5380.1 41.644 -856.76 5403.6 39.959 -722.13 5425.9 10.46
4.05 -879.17 5386.4 41.211 -849.54 5410.6 38.704 -713.39 5431.6 9.8494
4.0583 -872.95 5392.5 40.764 -842.22 5417.4 37.46 -704.69 5437 9.2221
4.0667 -866.71 5398.6 40.303 -834.79 5424.2 36.241 -696.01 5442.2 8.5795
4.075 -860.45 5404.6 39.821 -827.25 5430.8 35.052 -687.37 5447.2 7.9234
4.0833 -854.19 5410.6 39.326 -819.61 5437.3 33.906 -678.76 5452.1 7.2564
4.0917 -847.92 5416.6 38.821 -811.88 5443.7 32.807 -670.16 5456.7 6.5815
4.1 -841.63 5422.6 38.316 -804.05 5450 31.759 -661.57 5461.1 5.9028
4.1083 -835.34 5428.6 37.819 -796.15 5456.1 30.764 -652.96 5465.4 5.2253
4.1167 -829.01 5434.6 37.34 -788.17 5462.2 29.825 -644.34 5469.5 4.554
4.125 -822.64 5440.6 36.886 -780.12 5468.2 28.939 -635.7 5473.6 3.894
4.1333 -816.2 5446.5 36.462 -772.01 5474 28.102 -627.03 5477.5 3.2506
4.1417 -809.68 5452.4 36.069 -763.83 5479.8 27.312 -618.34 5481.4 2.6278
4.15 -803.06 5458.3 35.704 -755.58 5485.4 26.564 -609.62 5485.2 2.029
4.1583 -796.31 5464.1 35.364 -747.26 5491 25.855 -600.88 5489 1.4564
4.1667 -789.41 5469.8 35.04 -738.86 5496.4 25.182 -592.11 5492.8 0.9111
4.175 -782.35 5475.4 34.725 -730.39 5501.8 24.542 -583.31 5496.5 0.39239
4.1833 -775.11 5481 34.412 -721.85 5507 23.936 -574.47 5500.2 359.9
4.1917 -767.66 5486.5 34.095 -713.22 5512.1 23.363 -565.59 5503.9 359.43
4.2 -759.98 5491.8 33.772 -704.51 5517.1 22.827 -556.67 5507.5 358.98
4.2083 -752.05 5497 33.441 -695.71 5522 22.328 -547.7 5511 358.54
4.2167 -743.86 5502.1 33.114 -686.82 5526.7 21.871 -538.67 5514.3 358.12
4.225 -735.4 5507 32.795 -677.85 5531.4 21.456 -529.58 5517.6 357.71
4.2333 -726.69 5511.9 32.499 -668.77 5535.8 21.085 -520.44 5520.8 357.3
4.2417 -717.75 5516.7 32.241 -659.59 5540.2 20.757 -511.26 5523.8 356.9
4.25 -708.6 5521.5 32.028 -650.31 5544.4 20.47 -502.04 5526.7 356.5
4.2583 -699.3 5526.3 31.866 -640.91 5548.5 20.22 -492.79 5529.5 356.1
4.2667 -689.86 5531.1 31.751 -631.39 5552.5 20 -483.52 5532.1 355.69
4.275 -680.31 5536 31.674 -621.75 5556.3 19.805 -474.22 5534.6 355.29
4.2833 -670.67 5541 31.626 -611.98 5560 19.625 -464.9 5537 354.87
4.2917 -660.95 5546 31.592 -602.07 5563.6 19.452 -455.53 5539.2 354.45
4.3 -651.12 5551 31.559 -592.03 5567.1 19.28 -446.11 5541.4 354.02
4.3083 -641.19 5556.1 31.515 -581.85 5570.4 19.103 -436.6 5543.4 353.58
4.3167 -631.14 5561.2 31.448 -571.53 5573.7 18.914 -426.97 5545.3 353.13
4.325 -620.95 5566.3 31.347 -561.07 5576.8 18.709 -417.2 5547 352.66
4.3333 -610.61 5571.4 31.199 -550.49 5579.8 18.49 -407.26 5548.7 352.18
4.3417 -600.13 5576.4 31 -539.78 5582.6 18.248 -397.13 5550.2 351.69
4.35 -589.5 5581.3 30.733 -528.95 5585.4 17.99 -386.8 5551.6 351.18
4.3583 -578.73 5585.9 30.391 -518.01 5588 17.716 -376.26 5552.8 350.66
4.3667 -567.85 5590.4 29.966 -506.98 5590.5 17.425 -365.54 5553.9 350.13
4.375 -556.91 5594.5 29.461 -495.88 5593 17.118 -354.67 5554.9 349.59
4.3833 -545.92 5598.3 28.874 -484.71 5595.3 16.795 -343.69 5555.8 349.04
4.3917 -534.95 5601.8 28.21 -473.52 5597.7 16.458 -332.64 5556.6 348.48
4.4 -524.04 5604.9 27.487 -462.31 5599.9 16.103 -321.58 5557.3 347.91
4.4083 -513.23 5607.6 26.712 -451.13 5602.2 15.733 -310.57 5557.9 347.33
4.4167 -502.57 5610.1 25.904 -440.01 5604.4 15.344 -299.64 5558.4 346.75
4.425 -492.11 5612.3 25.076 -428.98 5606.6 14.938 -288.83 5558.9 346.16
4.4333 -481.86 5614.4 24.241 -418.06 5608.8 14.512 -278.18 5559.3 345.56
4.4417 -471.84 5616.3 23.403 -407.3 5611.1 14.069 -267.7 5559.7 344.97
4.45 -462.02 5618.2 22.564 -396.72 5613.3 13.607 -257.38 5560.1 344.38
4.4583 -452.38 5620.1 21.718 -386.33 5615.5 13.127 -247.22 5560.4 343.8
4.4667 -442.87 5622 20.858 -376.16 5617.7 12.631 -237.2 5560.7 343.23
4.475 -433.42 5623.8 19.972 -366.18 5619.8 12.108 -227.3 5561.1 342.68
4.4833 -424 5625.7 19.054 -356.43 5621.9 11.568 -217.5 5561.4 342.15
4.4917 -414.56 5627.5 18.095 -346.85 5623.9 10.997 -207.78 5561.8 341.64
4.5 -405.09 5629.3 17.089 -337.43 5625.8 10.392 -198.14 5562.1 341.16
4.5083 -395.59 5630.9 16.034 -328.14 5627.5 9.7531 -188.57 5562.5 340.7
4.5167 -386.06 5632.3 14.929 -318.98 5629.2 9.0777 -179.07 5562.8 340.26
4.525 -376.53 5633.6 13.777 -309.87 5630.7 8.3525 -169.66 5563.2 339.84
4.5333 -367.02 5634.7 12.582 -300.82 5632.1 7.5789 -160.36 5563.5 339.44
4.5417 -357.57 5635.7 11.352 -291.79 5633.3 6.7558 -151.17 5563.8 339.04
4.55 -348.21 5636.5 10.097 -282.76 5634.4 5.878 -142.11 5564 338.65
4.5583 -338.95 5637.2 8.8253 -273.74 5635.4 4.9606 -133.21 5564.2 338.26
4.5667 -329.82 5637.9 7.5458 -264.74 5636.3 4.0083 -124.45 5564.3 337.88
4.575 -320.82 5638.5 6.2677 -255.7 5637.1 3.0094 -115.83 5564.3 337.49
4.5833 -311.94 5639.1 4.9948 -246.68 5637.8 1.9894 -107.35 5564.3 337.11
4.5917 -303.17 5639.7 3.7309 -237.66 5638.4 0.9499 -98.992 5564.2 336.72
4.6 -294.48 5640.4 2.4765 -228.66 5639 359.9 -90.719 5564 336.34
4.6083 -285.83 5641.1 1.2303 -219.65 5639.4 358.84 -82.511 5563.8 335.96
4.6167 -277.22 5641.9 359.99 -210.66 5639.8 357.79 -74.34 5563.4 335.58
4.625 -268.62 5642.7 358.76 -201.68 5640.2 356.74 -66.178 5563 335.21
4.6333 -260 5643.5 357.52 -192.68 5640.5 355.7 -58.005 5562.5 334.85
4.6417 -251.36 5644.3 356.28 -183.68 5640.8 354.66 -49.801 5561.9 334.48
4.65 -242.72 5645 355.05 -174.65 5641 353.64 -41.554 5561.2 334.12
4.6583 -234.06 5645.7 353.82 -165.56 5641.1 352.63 -33.256 5560.4 333.75
4.6667 -225.41 5646.3 352.6 -156.41 5641.2 351.63 -24.9 5559.6 333.37
4.675 -216.78 5646.8 351.39 -147.2 5641.3 350.65 -16.486 5558.6 332.99
4.6833 -208.18 5647.3 350.21 -137.91 5641.2 349.69 -8.0087 5557.5 332.6
4.6917 -199.62 5647.7 349.06 -128.55 5641.1 348.75 0.53421 5556.4 332.2
4.7 -191.1 5648.1 347.96 -119.11 5641 347.84 9.1473 5555.2 331.79
4.7083 -182.6 5648.5 346.91 -109.59 5640.7 346.97 17.837 5553.9 331.38
4.7167 -174.11 5648.8 345.92 -100.01 5640.4 346.14 26.613 5552.6 330.97
4.725 -165.61 5649.1 345.01 -90.36 5640.1 345.36 35.481 5551.4 330.57
4.7333 -157.09 5649.3 344.15 -80.655 5639.6 344.63 44.452 5550.1 330.18
4.7417 -148.49 5649.6 343.37 -70.893 5639.1 343.96 53.532 5548.8 329.81
4.75 -139.81 5649.8 342.64 -61.074 5638.5 343.34 62.723 5547.6 329.46
4.7583 -131.03 5649.9 341.97 -51.197 5637.8 342.77 72.028 5546.3 329.13
4.7667 -122.11 5650 341.33 -41.259 5637.1 342.25 81.44 5545.1 328.82
4.775 -113.05 5650 340.72 -31.257 5636.3 341.77 90.954 5543.9 328.53
4.7833 -103.83 5649.9 340.12 -21.191 5635.5 341.33 100.56 5542.6 328.25
4.7917 -94.457 5649.6 339.53 -11.067 5634.6 340.92 110.24 5541.4 327.99
4.8 -84.919 5649.1 338.94 -0.88041 5633.6 340.54 119.99 5540.2 327.73
4.8083 -75.222 5648.5 338.33 9.3616 5632.6 340.18 129.8 5538.9 327.47
4.8167 -65.366 5647.7 337.72 19.64 5631.5 339.83 139.66 5537.6 327.22
4.825 -55.364 5646.8 337.1 29.947 5630.4 339.51 149.57 5536.2 326.96
4.8333 -45.231 5645.8 336.49 40.281 5629.3 339.2 159.53 5534.9 326.7
4.8417 -34.974 5644.7 335.9 50.638 5628 338.91 169.54 5533.5 326.43
4.85 -24.599 5643.6 335.32 61.011 5626.8 338.64 179.62 5532.2 326.17
4.8583 -14.101 5642.3 334.77 71.412 5625.5 338.38 189.77 5530.8 325.92
4.8667 -3.47 5641 334.25 81.853 5624.1 338.15 200.01 5529.5 325.67
4.875 7.3111 5639.6 333.76 92.361 5622.7 337.93 210.35 5528.1 325.43
4.8833 18.257 5638 333.31 102.96 5621.2 337.73 220.78 5526.7 325.21
4.8917 29.376 5636.4 332.89 113.67 5619.7 337.55 231.32 5525.3 325
4.9 40.673 5634.7 332.51 124.53 5618.2 337.38 241.96 5523.9 324.8
4.9083 52.142 5632.8 332.17 135.57 5616.6 337.22 252.7 5522.4 324.61
4.9167 63.758 5630.7 331.88 146.79 5614.9 337.07 263.52 5520.9 324.43
4.925 75.498 5628.5 331.64 158.19 5613.2 336.93 274.41 5519.3 324.25
4.9333 87.326 5626 331.45 169.79 5611.4 336.8 285.35 5517.5 324.07
4.9417 99.205 5623.4 331.3 181.55 5609.5 336.68 296.32 5515.7 323.88
4.95 111.1 5620.6 331.21 193.43 5607.6 336.58 307.3 5513.8 323.69
4.9583 122.97 5617.7 331.17 205.41 5605.5 336.48 318.28 5511.8 323.49
4.9667 134.8 5614.7 331.17 217.43 5603.3 336.38 329.24 5509.7 323.28
4.975 146.56 5611.7 331.2 229.42 5600.9 336.29 340.17 5507.5 323.08
4.9833 158.22 5608.6 331.24 241.35 5598.5 336.2 351.06 5505.3 322.88
4.9917 169.76 5605.7 331.3 253.15 5595.8 336.1 361.91 5503 322.69
5 181.16 5602.9 331.34 264.78 5593.1 335.99 372.69 5500.7 322.51
5.0083 192.42 5600.3 331.37 276.21 5590.2 335.86 383.41 5498.3 322.35
5.0167 203.51 5597.9 331.36 287.41 5587.2 335.69 394.06 5495.8 322.21
5.025 214.45 5595.7 331.33 298.37 5584 335.49 404.63 5493.2 322.09
5.0333 225.25 5593.7 331.27 309.07 5580.8 335.24 415.11 5490.5 322
5.0417 235.92 5591.8 331.19 319.54 5577.5 334.94 425.48 5487.7 321.92
5.05 246.48 5590.1 331.09 329.78 5574.1 334.59 435.74 5484.7 321.85
5.0583 256.96 5588.4 330.99 339.81 5570.7 334.18 445.88 5481.5 321.79
5.0667 267.37 5586.6 330.88 349.65 5567.2 333.71 455.88 5478.1 321.73
5.075 277.71 5584.8 330.79 359.32 5563.7 333.2 465.74 5474.5 321.66
5.0833 287.99 5582.8 330.71 368.86 5560.2 332.65 475.44 5470.7 321.58
5.0917 298.18 5580.7 330.65 378.28 5556.7 332.06 484.99 5466.6 321.48
5.1 308.3 5578.4 330.62 387.58 5553.2 331.45 494.39 5462.4 321.36
5.1083 318.33 5575.8 330.61 396.81 5549.7 330.8 503.64 5458 321.22
5.1167 328.27 5573.1 330.62 405.96 5546.1 330.15 512.75 5453.5 321.07
5.125 338.13 5570.2 330.67 415.06 5542.5 329.48 521.72 5449 320.89
5.1333 347.9 5567.1 330.73 424.11 5538.8 328.81 530.57 5444.3 320.71
5.1417 357.59 5563.9 330.82 433.13 5535.1 328.12 539.31 5439.6 320.52
5.15 367.18 5560.5 330.93 442.14 5531.3 327.43 547.95 5434.9 320.32
5.1583 376.67 5557 331.06 451.14 5527.4 326.72 556.5 5430.2 320.13
5.1667 386.06 5553.4 331.2 460.15 5523.5 326 564.97 5425.5 319.94
5.175 395.36 5549.8 331.35 469.16 5519.4 325.27 573.36 5420.8 319.75
5.1833 404.58 5546 331.51 478.19 5515.2 324.54 581.7 5416 319.57
5.1917 413.73 5542.1 331.68 487.23 5510.9 323.81 589.98 5411.3 319.39
5.2 422.83 5538.2 331.84 496.29 5506.6 323.09 598.22 5406.6 319.22
5.2083 431.9 5534.2 332.01 505.34 5502.2 322.38 606.41 5401.8 319.04
5.2167 440.93 5530.1 332.17 514.4 5497.7 321.69 614.59 5396.9 318.86
5.225 449.96 5525.9 332.33 523.45 5493.1 321.05 622.74 5392 318.67
5.2333 458.97 5521.7 332.47 532.48 5488.5 320.46 630.89 5387.1 318.47
5.2417 468 5517.4 332.61 541.51 5483.9 319.91 639.04 5382.1 318.26
5.25 477.02 5513.1 332.73 550.5 5479.2 319.44 647.2 5377 318.05
5.2583 486.04 5508.7 332.83 559.47 5474.5 319.02 655.38 5371.9 317.82
5.2667 495.07 5504.2 332.92 568.44 5469.7 318.67 663.58 5366.8 317.59
