0.0083333 13.626 1.2685 99.874 -15.078 75.221 89.664 5.3861 128.93 82.993
0.016667 14.124 7.1924 99.948 -14.724 82.506 89.748 6.0159 136.03 82.887
0.025 14.584 13.216 100.02 -14.344 89.905 89.839 6.6566 143.16 82.79
0.033333 15.005 19.354 100.1 -13.934 97.433 89.938 7.3099 150.34 82.702
0.041667 15.393 25.623 100.18 -13.488 105.1 90.041 7.9809 157.57 82.624
0.05 15.761 32.049 100.26 -13 112.93 90.148 8.6774 164.84 82.557
0.058333 16.123 38.658 100.34 -12.463 120.93 90.254 9.4092 172.17 82.497
0.066667 16.494 45.479 100.42 -11.87 129.09 90.356 10.187 179.57 82.443
0.075 16.89 52.544 100.5 -11.214 137.41 90.449 11.02 187.06 82.394
0.083333 17.322 59.881 100.59 -10.49 145.9 90.533 11.916 194.64 82.347
0.091667 17.798 67.52 100.67 -9.6886 154.54 90.603 12.882 202.33 82.302
0.1 18.319 75.483 100.76 -8.8063 163.31 90.658 13.921 210.15 82.261
0.10833 18.879 83.784 100.84 -7.8397 172.21 90.698 15.031 218.1 82.224
0.11667 19.468 92.433 100.91 -6.7859 181.22 90.722 16.211 226.2 82.196
0.125 20.07 101.43 100.97 -5.6454 190.34 90.73 17.456 234.46 82.181
0.13333 20.667 110.76 101.02 -4.4228 199.56 90.722 18.76 242.87 82.182
0.14167 21.245 120.4 101.05 -3.1234 208.89 90.7 20.12 251.44 82.203
0.15 21.79 130.32 101.06 -1.7569 218.32 90.663 21.531 260.16 82.245
0.15833 22.298 140.5 101.05 -0.3382 227.85 90.612 22.992 269.03 82.307
0.16667 22.77 150.89 101.01 1.1182 237.49 90.547 24.504 278.03 82.385
0.175 23.216 161.45 100.94 2.5921 247.22 90.469 26.068 287.15 82.473
0.18333 23.65 172.14 100.85 4.0646 257.05 90.379 27.688 296.36 82.561
0.19167 24.093 182.92 100.74 5.5141 266.96 90.279 29.366 305.67 82.638
0.2 24.571 193.76 100.62 6.9208 276.91 90.173 31.102 315.03 82.694
0.20833 25.108 204.62 100.48 8.2666 286.89 90.063 32.893 324.44 82.718
0.21667 25.73 215.47 100.34 9.536 296.86 89.957 34.732 333.87 82.7
0.225 26.459 226.29 100.2 10.718 306.77 89.86 36.603 343.31 82.636
0.23333 27.304 237.06 100.07 11.805 316.59 89.781 38.486 352.74 82.525
0.24167 28.266 247.78 99.934 12.795 326.27 89.727 40.354 362.15 82.372
0.25 29.332 258.43 99.805 13.69 335.78 89.705 42.173 371.53 82.184
0.25833 30.477 269.01 99.676 14.495 345.11 89.72 43.91 380.86 81.974
0.26667 31.674 279.51 99.54 15.22 354.23 89.777 45.526 390.15 81.758
0.275 32.893 289.94 99.392 15.878 363.14 89.877 46.987 399.4 81.553
0.28333 34.111 300.28 99.225 16.481 371.85 90.018 48.263 408.6 81.374
0.29167 35.313 310.54 99.033 17.044 380.38 90.198 49.329 417.78 81.237
0.3 36.49 320.73 98.813 17.581 388.75 90.409 50.17 426.93 81.153
0.30833 37.637 330.85 98.563 18.102 397 90.648 50.782 436.07 81.128
0.31667 38.757 340.9 98.283 18.617 405.16 90.904 51.167 445.23 81.167
0.325 39.852 350.89 97.977 19.129 413.25 91.17 51.339 454.41 81.267
0.33333 40.918 360.82 97.653 19.647 421.3 91.445 51.32 463.63 81.422
0.34167 41.967 370.69 97.312 20.163 429.34 91.717 51.136 472.9 81.622
0.35 42.997 380.51 96.963 20.675 437.38 91.984 50.816 482.23 81.857
0.35833 44.007 390.27 96.613 21.179 445.44 92.244 50.389 491.63 82.115
0.36667 44.995 399.97 96.266 21.67 453.53 92.496 49.883 501.1 82.384
0.375 45.947 409.6 95.927 22.141 461.64 92.739 49.321 510.63 82.656
0.38333 46.849 419.15 95.596 22.589 469.79 92.974 48.72 520.21 82.924
0.39167 47.683 428.61 95.274 23.012 477.98 93.202 48.093 529.83 83.184
0.4 48.429 437.96 94.957 23.408 486.21 93.422 47.444 539.49 83.435
0.40833 49.067 447.21 94.643 23.778 494.48 93.634 46.775 549.15 83.679
0.41667 49.588 456.36 94.328 24.123 502.8 93.837 46.084 558.81 83.917
0.425 49.99 465.41 94.01 24.445 511.17 94.027 45.368 568.46 84.153
0.43333 50.274 474.36 93.688 24.746 519.61 94.202 44.624 578.09 84.39
0.44167 50.462 483.23 93.36 25.029 528.12 94.359 43.852 587.68 84.629
0.45 50.571 492.04 93.028 25.293 536.73 94.493 43.052 597.23 84.872
0.45833 50.632 500.8 92.692 25.539 545.42 94.601 42.233 606.75 85.116
0.46667 50.672 509.51 92.356 25.768 554.23 94.683 41.404 616.24 85.358
0.475 50.718 518.19 92.021 25.978 563.15 94.738 40.575 625.7 85.596
0.48333 50.792 526.85 91.688 26.169 572.18 94.766 39.763 635.13 85.825
0.49167 50.912 535.49 91.36 26.34 581.34 94.77 38.98 644.56 86.041
0.5 51.079 544.1 91.035 26.49 590.61 94.753 38.241 653.98 86.242
0.50833 51.292 552.69 90.715 26.618 600 94.718 37.554 663.41 86.427
0.51667 51.535 561.26 90.398 26.725 609.5 94.67 36.927 672.86 86.595
0.525 51.789 569.81 90.087 26.811 619.1 94.612 36.362 682.33 86.749
0.53333 52.032 578.34 89.782 26.877 628.79 94.546 35.858 691.84 86.892
0.54167 52.236 586.88 89.486 26.924 638.57 94.474 35.409 701.38 87.028
0.55 52.385 595.42 89.202 26.953 648.44 94.396 35.01 710.97 87.161
0.55833 52.461 603.99 88.934 26.965 658.39 94.312 34.653 720.61 87.293
0.56667 52.457 612.62 88.685 26.962 668.41 94.221 34.329 730.3 87.428
0.575 52.378 621.33 88.459 26.946 678.5 94.122 34.032 740.05 87.565
0.58333 52.235 630.16 88.257 26.918 688.66 94.016 33.758 749.85 87.704
0.59167 52.044 639.12 88.084 26.878 698.89 93.904 33.504 759.71 87.84
0.6 51.833 648.25 87.939 26.828 709.19 93.789 33.271 769.63 87.97
0.60833 51.608 657.56 87.822 26.768 719.55 93.675 33.061 779.6 88.09
0.61667 51.397 667.04 87.733 26.697 729.97 93.567 32.875 789.64 88.193
0.625 51.209 676.71 87.669 26.612 740.44 93.472 32.715 799.75 88.277
0.63333 51.042 686.56 87.62 26.513 750.96 93.397 32.58 809.93 88.338
0.64167 50.901 696.59 87.578 26.395 761.52 93.345 32.468 820.2 88.375
0.65 50.783 706.8 87.53 26.254 772.12 93.323 32.373 830.56 88.389
0.65833 50.684 717.19 87.463 26.085 782.75 93.332 32.285 841.03 88.382
0.66667 50.596 727.76 87.366 25.881 793.41 93.372 32.194 851.62 88.358
0.675 50.511 738.54 87.231 25.635 804.09 93.443 32.084 862.34 88.321
0.68333 50.419 749.52 87.052 25.343 814.81 93.539 31.941 873.21 88.276
0.69167 50.316 760.73 86.829 25 825.56 93.655 31.753 884.22 88.228
0.7 50.195 772.16 86.568 24.603 836.36 93.783 31.505 895.39 88.18
0.70833 50.057 783.82 86.281 24.153 847.23 93.915 31.191 906.7 88.134
0.71667 49.904 795.7 85.983 23.656 858.18 94.045 30.805 918.14 88.093
0.725 49.742 807.78 85.692 23.12 869.21 94.163 30.348 929.69 88.055
0.73333 49.577 820.03 85.429 22.556 880.36 94.264 29.824 941.34 88.022
0.74167 49.415 832.43 85.213 21.981 891.62 94.344 29.244 953.04 87.993
0.75 49.253 844.9 85.055 21.418 903.01 94.394 28.619 964.78 87.967
0.75833 49.091 857.41 84.963 20.886 914.52 94.413 27.965 976.51 87.943
0.76667 48.921 869.91 84.939 20.411 926.15 94.397 27.3 988.22 87.923
0.775 48.736 882.35 84.971 20.017 937.88 94.342 26.643 999.88 87.908
0.78333 48.53 894.67 85.045 19.727 949.68 94.243 26.011 1011.5 87.901
0.79167 48.299 906.85 85.142 19.562 961.53 94.096 25.425 1023 87.905
0.8 48.042 918.84 85.239 19.537 973.37 93.897 24.902 1034.4 87.921
0.80833 47.762 930.64 85.314 19.665 985.19 93.642 24.463 1045.8 87.953
0.81667 47.463 942.22 85.349 19.95 996.93 93.326 24.128 1057.1 87.999
0.825 47.149 953.59 85.332 20.392 1008.6 92.947 23.918 1068.4 88.06
0.83333 46.825 964.78 85.259 20.985 1020 92.505 23.856 1079.7 88.132
0.84167 46.496 975.81 85.133 21.717 1031.3 92 23.967 1091 88.208
0.85 46.177 986.73 84.964 22.571 1042.5 91.436 24.276 1102.3 88.282
0.85833 45.888 997.57 84.766 23.53 1053.4 90.819 24.808 1113.6 88.344
0.86667 45.657 1008.3 84.552 24.574 1064.2 90.155 25.585 1125 88.384
0.875 45.521 1019.1 84.336 25.686 1074.7 89.453 26.629 1136.4 88.392
0.88333 45.512 1029.8 84.129 26.849 1085.2 88.723 27.956 1147.8 88.361
0.89167 45.662 1040.4 83.942 28.051 1095.5 87.973 29.576 1159.3 88.282
0.9 45.998 1051.1 83.779 29.286 1105.7 87.211 31.492 1170.8 88.153
0.90833 46.532 1061.6 83.64 30.551 1115.8 86.445 33.699 1182.3 87.971
0.91667 47.263 1072.1 83.522 31.846 1125.8 85.679 36.184 1193.7 87.739
0.925 48.182 1082.4 83.415 33.179 1135.9 84.916 38.928 1205.1 87.459
0.93333 49.276 1092.7 83.313 34.556 1145.9 84.159 41.904 1216.5 87.137
0.94167 50.528 1102.9 83.204 35.986 1155.9 83.407 45.085 1227.8 86.781
0.95 51.918 1112.9 83.079 37.48 1165.9 82.659 48.437 1239 86.399
0.95833 53.426 1122.9 82.934 39.045 1175.9 81.914 51.928 1250.2 85.999
0.96667 55.027 1132.8 82.767 40.691 1185.8 81.172 55.529 1261.3 85.588
0.975 56.684 1142.6 82.581 42.423 1195.8 80.433 59.215 1272.3 85.173
0.98333 58.373 1152.4 82.378 44.244 1205.8 79.698 62.963 1283.2 84.76
0.99167 60.066 1162.2 82.168 46.156 1215.8 78.969 66.76 1294.1 84.353
1 61.747 1172 81.956 48.16 1225.8 78.249 70.593 1304.9 83.955
1.0083 63.407 1181.9 81.75 50.252 1235.8 77.541 74.458 1315.6 83.567
1.0167 65.042 1191.7 81.556 52.432 1245.9 76.852 78.353 1326.2 83.192
1.025 66.667 1201.5 81.378 54.696 1256 76.181 82.28 1336.8 82.828
1.0333 68.294 1211.4 81.22 57.042 1266.2 75.534 86.24 1347.2 82.475
1.0417 69.945 1221.2 81.081 59.467 1276.5 74.912 90.235 1357.6 82.135
1.05 71.644 1231 80.96 61.97 1287 74.316 94.266 1367.9 81.806
1.0583 73.412 1240.7 80.853 64.547 1297.5 73.747 98.33 1378.2 81.491
1.0667 75.269 1250.4 80.756 67.197 1308.2 73.204 102.43 1388.4 81.189
1.075 77.231 1260.2 80.665 69.919 1319 72.689 106.55 1398.6 80.903
1.0833 79.308 1269.9 80.575 72.711 1329.8 72.201 110.7 1408.7 80.634
1.0917 81.511 1279.7 80.482 75.693 1341 71.743 113.78 1418.5 81.245
1.1 83.846 1289.5 80.384 78.625 1352 71.311 117.98 1428.7 81.002
1.1083 86.318 1299.3 80.279 81.63 1363.1 70.909 122.19 1438.9 80.776
1.1167 88.933 1309.2 80.167 84.712 1374.3 70.541 126.43 1449.2 80.565
1.125 91.696 1319.2 80.052 87.877 1385.5 70.208 130.68 1459.5 80.368
1.1333 94.611 1329.4 79.938 91.131 1396.8 69.912 134.96 1469.9 80.182
1.1417 97.678 1339.6 79.829 94.482 1408.1 69.656 139.27 1480.3 80.002
1.15 100.89 1350 79.734 97.94 1419.4 69.439 143.62 1490.7 79.827
1.1583 104.22 1360.4 79.655 101.51 1430.8 69.26 148.03 1501.2 79.654
1.1667 107.65 1371.1 79.596 105.21 1442.2 69.117 152.49 1511.8 79.48
1.175 111.14 1381.8 79.56 109.03 1453.6 69.005 157.01 1522.4 79.305
1.1833 114.68 1392.6 79.544 112.99 1465.1 68.919 161.59 1533 79.132
1.1917 118.24 1403.6 79.546 117.09 1476.6 68.852 166.23 1543.6 78.963
1.2 121.84 1414.6 79.561 121.32 1488.1 68.796 170.93 1554.4 78.805
1.2083 125.47 1425.7 79.583 125.68 1499.7 68.743 175.68 1565.1 78.663
1.2167 129.17 1437 79.608 130.17 1511.2 68.687 180.47 1576 78.545
1.225 132.96 1448.4 79.631 134.78 1522.8 68.622 185.29 1586.9 78.458
1.2333 136.83 1459.9 79.646 139.49 1534.4 68.541 190.14 1598 78.407
1.2417 140.83 1471.6 79.65 144.3 1546 68.444 195.01 1609.1 78.395
1.25 144.93 1483.5 79.64 149.19 1557.6 68.329 199.89 1620.3 78.422
1.2583 149.14 1495.6 79.614 154.14 1569.1 68.197 204.8 1631.7 78.487
1.2667 153.45 1507.8 79.567 159.14 1580.7 68.05 209.72 1643.1 78.583
1.275 157.81 1520.2 79.498 164.17 1592.2 67.89 214.67 1654.6 78.702
1.2833 162.21 1532.7 79.398 169.21 1603.7 67.725 219.63 1666.2 78.833
1.2917 166.63 1545.3 79.265 174.24 1615.2 67.558 224.62 1677.8 78.964
1.3 171.05 1557.8 79.094 179.24 1626.8 67.398 229.62 1689.4 79.084
1.3083 175.45 1570.3 78.888 184.17 1638.3 67.245 234.62 1700.9 79.182
1.3167 179.84 1582.6 78.645 189.02 1649.8 67.109 239.61 1712.4 79.249
1.325 184.22 1594.8 78.369 193.76 1661.4 66.994 244.57 1723.9 79.279
1.3333 188.61 1606.7 78.066 198.36 1672.8 66.905 249.47 1735.3 79.271
1.3417 193.03 1618.4 77.743 202.81 1684.3 66.846 254.27 1746.6 79.226
1.35 197.46 1629.9 77.407 207.09 1695.7 66.821 258.96 1757.8 79.148
1.3583 201.94 1641.2 77.065 211.17 1706.9 66.831 263.51 1768.9 79.046
1.3667 206.46 1652.3 76.722 215.07 1718.1 66.88 267.87 1780 78.931
1.375 211.04 1663.3 76.379 218.76 1729.1 66.967 272.02 1791.1 78.815
1.3833 215.68 1674.2 76.037 222.27 1739.9 67.092 275.96 1802.1 78.71
1.3917 220.38 1685 75.698 225.59 1750.6 67.253 279.65 1813.1 78.63
1.4 225.11 1695.8 75.363 228.76 1761 67.447 283.1 1824.1 78.584
1.4083 229.85 1706.7 75.035 231.79 1771.3 67.67 286.31 1835.2 78.58
1.4167 234.56 1717.6 74.718 234.72 1781.4 67.919 289.27 1846.3 78.625
1.425 239.2 1728.4 74.411 237.55 1791.3 68.188 292.01 1857.4 78.722
1.4333 243.73 1739.3 74.118 240.32 1801.1 68.474 294.53 1868.6 78.871
1.4417 248.11 1750.1 73.839 243.05 1810.8 68.774 296.84 1879.9 79.071
1.45 252.31 1760.9 73.573 245.75 1820.5 69.085 298.98 1891.1 79.316
1.4583 256.33 1771.6 73.32 248.43 1830.2 69.405 300.94 1902.4 79.604
1.4667 260.15 1782.2 73.079 251.1 1839.8 69.734 302.75 1913.8 79.927
1.475 263.78 1792.7 72.846 253.76 1849.5 70.072 304.43 1925.1 80.28
1.4833 267.23 1803.2 72.621 256.4 1859.2 70.419 305.98 1936.5 80.656
1.4917 270.55 1813.5 72.399 259.03 1869 70.775 307.42 1947.8 81.048
1.5 273.77 1823.8 72.179 261.64 1878.8 71.139 308.77 1959.2 81.451
1.5083 276.91 1834 71.957 264.22 1888.7 71.51 310.03 1970.5 81.859
1.5167 280.02 1844.1 71.731 266.77 1898.7 71.886 311.23 1981.7 82.267
1.525 283.11 1854.3 71.498 269.29 1908.7 72.265 312.38 1993 82.672
1.5333 286.2 1864.4 71.257 271.78 1918.8 72.64 313.49 2004.2 83.071
1.5417 289.31 1874.6 71.007 274.25 1928.9 73.009 314.57 2015.4 83.463
1.55 292.43 1884.8 70.746 276.7 1939.1 73.365 315.65 2026.5 83.847
1.5583 295.55 1895 70.472 279.15 1949.3 73.703 316.72 2037.6 84.225
1.5667 298.64 1905.3 70.187 281.59 1959.5 74.019 317.82 2048.6 84.596
1.575 301.71 1915.6 69.89 284.04 1969.9 74.31 318.94 2059.6 84.965
1.5833 304.72 1926 69.586 286.49 1980.3 74.573 320.08 2070.6 85.331
1.5917 307.67 1936.5 69.278 288.96 1990.7 74.809 321.27 2081.5 85.698
1.6 310.54 1947 68.974 291.44 2001.3 75.017 322.49 2092.5 86.066
1.6083 313.33 1957.5 68.681 293.93 2011.9 75.2 323.76 2103.4 86.434
1.6167 316.04 1968.1 68.408 296.42 2022.7 75.361 325.06 2114.3 86.802
1.625 318.69 1978.6 68.163 298.92 2033.5 75.503 326.41 2125.1 87.165
1.6333 321.28 1989.1 67.954 301.4 2044.4 75.629 327.8 2136 87.52
1.6417 323.84 1999.7 67.784 303.87 2055.4 75.743 329.22 2146.9 87.863
1.65 326.37 2010.2 67.653 306.32 2066.5 75.846 330.68 2157.8 88.186
1.6583 328.9 2020.8 67.559 308.74 2077.7 75.939 332.18 2168.7 88.485
1.6667 331.43 2031.5 67.497 311.13 2089 76.023 333.71 2179.6 88.756
1.675 333.98 2042.2 67.461 313.48 2100.3 76.098 335.26 2190.5 88.996
1.6833 336.55 2053.1 67.445 315.79 2111.7 76.164 336.84 2201.4 89.203
1.6917 339.15 2064.1 67.448 318.06 2123.2 76.22 338.43 2212.3 89.379
1.7 341.76 2075.2 67.467 320.28 2134.7 76.269 340.03 2223.3 89.528
1.7083 344.37 2086.4 67.507 322.47 2146.2 76.313 341.61 2234.2 89.654
1.7167 346.97 2097.8 67.569 324.6 2157.8 76.356 343.19 2245.3 89.765
1.725 349.54 2109.4 67.644 326.69 2169.4 76.403 344.73 2256.3 89.868
1.7333 352.09 2121 67.738 328.72 2181.1 76.459 346.24 2267.5 89.969
1.7417 354.61 2132.9 67.84 330.7 2192.7 76.532 347.69 2278.7 90.075
1.75 357.13 2144.9 67.948 332.61 2204.4 76.626 349.08 2290.1 90.193
1.7583 359.65 2157.1 68.058 334.46 2216.1 76.746 350.4 2301.5 90.325
1.7667 362.2 2169.6 68.167 336.24 2227.9 76.896 351.65 2313.1 90.472
1.775 364.79 2182.2 68.273 337.96 2239.6 77.077 352.82 2324.8 90.635
1.7833 367.43 2195.1 68.379 339.61 2251.5 77.286 353.91 2336.5 90.813
1.7917 370.12 2208.2 68.489 341.2 2263.3 77.519 354.91 2348.4 91.002
1.8 372.85 2221.4 68.613 342.74 2275.2 77.772 355.82 2360.3 91.202
1.8083 375.59 2234.7 68.76 344.25 2287.2 78.035 356.65 2372.3 91.409
1.8167 378.33 2248.1 68.94 345.73 2299.2 78.301 357.4 2384.3 91.625
1.825 381.04 2261.5 69.162 347.22 2311.3 78.562 358.07 2396.3 91.851
1.8333 383.67 2274.9 69.43 348.72 2323.3 78.808 358.65 2408.3 92.088
1.8417 386.2 2288.1 69.744 350.26 2335.4 79.035 359.16 2420.3 92.342
1.85 388.63 2301.2 70.102 351.85 2347.5 79.238 359.6 2432.2 92.617
1.8583 390.92 2314.2 70.497 353.51 2359.6 79.413 359.98 2444 92.919
1.8667 393.09 2327 70.918 355.23 2371.6 79.561 360.31 2455.8 93.25
1.875 395.13 2339.6 71.353 357.04 2383.5 79.682 360.6 2467.5 93.613
1.8833 397.04 2352 71.791 358.92 2395.3 79.777 360.88 2479.1 94.008
1.8917 398.83 2364.3 72.219 360.87 2406.9 79.848 361.17 2490.6 94.43
1.9 400.52 2376.4 72.63 362.87 2418.3 79.899 361.48 2502.1 94.874
1.9083 402.09 2388.4 73.022 364.91 2429.5 79.932 361.85 2513.5 95.331
1.9167 403.56 2400.3 73.398 366.98 2440.5 79.948 362.3 2524.8 95.791
1.925 404.94 2412.1 73.761 369.06 2451.3 79.949 362.85 2536.1 96.242
1.9333 406.23 2423.9 74.12 371.12 2461.9 79.933 363.52 2547.3 96.676
1.9417 407.45 2435.6 74.481 373.16 2472.3 79.903 364.32 2558.5 97.082
1.95 408.63 2447.2 74.854 375.17 2482.6 79.856 365.26 2569.5 97.454
1.9583 409.79 2458.8 75.241 377.14 2492.7 79.791 366.34 2580.6 97.79
1.9667 410.94 2470.3 75.649 379.07 2502.7 79.708 367.55 2591.5 98.089
1.975 412.12 2481.7 76.084 380.96 2512.7 79.61 368.89 2602.4 98.354
1.9833 413.35 2493.1 76.546 382.81 2522.6 79.498 370.34 2613.2 98.59
1.9917 414.66 2504.3 77.036 384.64 2532.5 79.374 371.88 2623.9 98.803
2 416.07 2515.5 77.552 386.45 2542.4 79.244 373.49 2634.5 99.003
2.0083 417.57 2526.5 78.09 388.24 2552.4 79.11 375.16 2645.1 99.196
2.0167 419.17 2537.4 78.65 390.03 2562.4 78.978 376.88 2655.6 99.391
2.025 420.86 2548.3 79.228 391.82 2572.4 78.852 378.62 2666.1 99.591
2.0333 422.63 2559 79.823 393.6 2582.4 78.738 380.38 2676.5 99.802
2.0417 424.46 2569.6 80.436 395.39 2592.5 78.64 382.16 2686.9 100.02
2.05 426.32 2580.1 81.065 397.19 2602.6 78.562 383.96 2697.2 100.26
2.0583 428.19 2590.6 81.711 398.98 2612.8 78.506 385.77 2707.5 100.5
2.0667 430.06 2600.9 82.374 400.77 2623.1 78.476 387.6 2717.7 100.74
2.075 431.91 2611.2 83.054 402.56 2633.4 78.471 389.45 2727.9 100.99
2.0833 433.74 2621.4 83.749 404.34 2643.7 78.493 391.33 2738 101.24
2.0917 435.56 2631.5 84.455 406.12 2654.2 78.542 393.23 2748.1 101.48
2.1 437.37 2641.7 85.169 407.88 2664.7 78.616 395.15 2758.1 101.72
2.1083 439.2 2651.8 85.886 409.64 2675.3 78.714 397.09 2768.2 101.96
2.1167 441.07 2662 86.598 411.4 2686.1 78.835 399.05 2778.2 102.2
2.125 443 2672.1 87.301 413.15 2696.9 78.977 401.01 2788.1 102.44
2.1333 445.03 2682.4 87.986 414.91 2707.8 79.139 402.98 2798.1 102.69
2.1417 447.17 2692.7 88.65 416.68 2718.9 79.32 404.93 2808.1 102.95
2.15 449.41 2703.1 89.287 418.46 2730 79.519 406.88 2818.1 103.23
2.1583 451.78 2713.6 89.894 420.27 2741.2 79.736 408.81 2828.2 103.52
2.1667 454.25 2724.3 90.472 422.09 2752.4 79.968 410.73 2838.3 103.83
2.175 456.8 2735 91.018 423.93 2763.8 80.218 412.65 2848.5 104.15
2.1833 459.43 2745.9 91.535 425.8 2775.2 80.485 414.56 2858.8 104.48
2.1917 462.11 2757 92.023 427.68 2786.6 80.766 416.47 2869.1 104.82
2.2 464.81 2768.1 92.491 429.59 2798.1 81.074 418.4 2879.5 105.15
2.2083 467.5 2779.4 92.932 431.5 2809.7 81.394 420.35 2889.9 105.48
2.2167 470.17 2790.7 93.346 433.43 2821.3 81.728 422.33 2900.5 105.8
2.225 472.78 2802.2 93.734 435.37 2832.9 82.086 424.33 2911.1 106.1
2.2333 475.34 2813.8 94.084 437.31 2844.6 82.455 426.36 2921.7 106.38
2.2417 477.84 2825.4 94.389 439.25 2856.3 82.835 428.39 2932.5 106.65
2.25 480.31 2837 94.643 441.19 2868.1 83.222 430.43 2943.4 106.9
2.2583 482.75 2848.7 94.841 443.13 2879.9 83.607 432.46 2954.3 107.16
2.2667 485.19 2860.4 94.978 445.09 2891.7 83.999 434.45 2965.4 107.41
2.275 487.65 2872.1 95.06 447.06 2903.5 84.371 436.39 2976.6 107.67
2.2833 490.11 2883.9 95.086 449.04 2915.3 84.737 438.25 2987.9 107.95
2.2917 492.58 2895.8 95.067 451.06 2927.1 85.077 440.03 2999.4 108.25
2.3 495.02 2907.8 95.013 453.1 2938.9 85.392 441.71 3011.1 108.57
2.3083 497.4 2920 94.935 455.18 2950.7 85.677 443.29 3022.9 108.91
2.3167 499.69 2932.2 94.844 457.29 2962.5 85.931 444.77 3034.8 109.28
2.325 501.86 2944.6 94.753 459.43 2974.2 86.154 446.16 3046.9 109.66
2.3333 503.89 2957 94.668 461.58 2986 86.349 447.47 3059.1 110.05
2.3417 505.75 2969.6 94.597 463.73 2997.7 86.52 448.72 3071.4 110.43
2.35 507.45 2982.2 94.543 465.85 3009.5 86.675 449.92 3083.8 110.81
2.3583 509 2994.8 94.512 467.92 3021.3 86.822 451.1 3096.2 111.17
2.3667 510.41 3007.3 94.507 469.9 3033 86.972 452.26 3108.5 111.5
2.375 511.72 3019.7 94.534 471.78 3044.8 87.142 453.42 3120.9 111.8
2.3833 512.95 3031.9 94.598 473.51 3056.5 87.338 454.57 3133.1 112.06
2.3917 514.14 3044 94.705 475.09 3068.2 87.576 455.72 3145.3 112.3
2.4 515.33 3055.9 94.859 476.5 3079.9 87.867 456.84 3157.3 112.5
2.4083 516.52 3067.6 95.062 477.71 3091.5 88.219 457.91 3169.1 112.67
2.4167 517.74 3079.2 95.317 478.74 3102.9 88.64 458.9 3180.9 112.83
2.425 518.99 3090.6 95.622 479.58 3114.2 89.134 459.79 3192.5 112.97
2.4333 520.27 3101.8 95.973 480.24 3125.4 89.702 460.52 3203.9 113.11
2.4417 521.56 3112.9 96.362 480.74 3136.3 90.341 461.07 3215.3 113.26
2.45 522.86 3123.9 96.778 481.09 3147.1 91.044 461.4 3226.6 113.41
2.4583 524.14 3134.8 97.207 481.3 3157.6 91.808 461.48 3237.8 113.58
2.4667 525.37 3145.6 97.635 481.39 3168 92.611 461.28 3248.9 113.77
2.475 526.51 3156.2 98.049 481.38 3178.2 93.469 460.8 3260 113.99
2.4833 527.49 3166.8 98.433 481.27 3188.3 94.351 460.01 3271.1 114.24
2.4917 528.28 3177.3 98.778 481.07 3198.2 95.25 458.91 3282.1 114.52
2.5 528.83 3187.5 99.076 480.77 3208 96.162 457.52 3293.1 114.83
2.5083 529.11 3197.7 99.326 480.38 3217.7 97.077 455.84 3304 115.18
2.5167 529.1 3207.6 99.529 479.88 3227.3 97.991 453.88 3314.9 115.56
2.525 528.8 3217.4 99.694 479.28 3236.9 98.899 451.67 3325.7 115.97
2.5333 528.2 3226.9 99.833 478.57 3246.5 99.798 449.23 3336.4 116.42
2.5417 527.34 3236.3 99.961 477.73 3256 100.68 446.56 3347.1 116.9
2.55 526.24 3245.5 100.09 476.78 3265.5 101.56 443.71 3357.6 117.39
2.5583 524.94 3254.5 100.25 475.71 3274.9 102.41 440.67 3368.1 117.91
2.5667 523.48 3263.3 100.43 474.52 3284.4 103.25 437.48 3378.4 118.45
2.575 521.88 3272.1 100.65 473.22 3293.8 104.07 434.16 3388.7 118.99
2.5833 520.19 3280.8 100.9 471.81 3303.2 104.86 430.7 3398.8 119.53
2.5917 518.42 3289.4 101.2 470.3 3312.5 105.63 427.14 3408.9 120.06
2.6 516.6 3298.1 101.52 468.69 3321.9 106.37 423.49 3418.9 120.59
2.6083 514.74 3306.8 101.86 466.99 3331.2 107.09 419.75 3428.9 121.1
2.6167 512.87 3315.6 102.21 465.2 3340.5 107.77 415.93 3438.8 121.59
2.625 511 3324.4 102.57 463.31 3349.8 108.43 412.05 3448.6 122.07
2.6333 509.13 3333.3 102.91 461.33 3359 109.05 408.12 3458.5 122.53
2.6417 507.28 3342.3 103.24 459.26 3368.3 109.64 404.15 3468.3 122.96
2.65 505.44 3351.4 103.54 457.09 3377.6 110.21 400.13 3478.1 123.39
2.6583 503.63 3360.5 103.82 454.82 3386.8 110.74 396.08 3487.9 123.8
2.6667 501.83 3369.7 104.09 452.45 3396.1 111.26 392 3497.6 124.19
2.675 500.04 3378.9 104.33 449.97 3405.4 111.74 387.89 3507.4 124.58
2.6833 498.25 3388.1 104.57 447.38 3414.7 112.21 383.77 3517.2 124.95
2.6917 496.43 3397.4 104.82 444.68 3424.1 112.65 379.64 3526.9 125.32
2.7 494.56 3406.6 105.07 441.88 3433.4 113.07 375.5 3536.6 125.68
2.7083 492.62 3415.9 105.34 438.97 3442.9 113.47 371.35 3546.3 126.03
2.7167 490.58 3425.2 105.62 435.95 3452.3 113.85 367.2 3555.9 126.37
2.725 488.42 3434.5 105.93 432.82 3461.8 114.2 363.05 3565.5 126.7
2.7333 486.12 3443.8 106.26 429.58 3471.4 114.54 358.9 3575 127.02
2.7417 483.63 3453.2 106.6 426.23 3481 114.86 354.74 3584.4 127.32
2.75 481 3462.7 106.94 422.77 3490.7 115.16 350.59 3593.8 127.62
2.7583 478.18 3472.2 107.29 419.19 3500.4 115.45 346.42 3603.1 127.9
2.7667 475.21 3481.7 107.63 415.5 3510.2 115.73 342.23 3612.3 128.16
2.775 472.09 3491.3 107.96 411.68 3520 116.01 338 3621.5 128.41
2.7833 468.84 3500.9 108.26 407.73 3529.9 116.29 333.72 3630.7 128.64
2.7917 465.45 3510.6 108.55 403.66 3539.7 116.58 329.37 3640 128.84
2.8 461.94 3520.4 108.8 399.45 3549.6 116.89 324.93 3649.2 129.02
2.8083 458.32 3530.3 109.04 395.11 3559.4 117.2 320.39 3658.5 129.17
2.8167 454.57 3540.3 109.25 390.63 3569.2 117.53 315.71 3667.9 129.28
2.825 450.69 3550.4 109.44 386.01 3579 117.88 310.9 3677.3 129.36
2.8333 446.69 3560.7 109.64 381.24 3588.8 118.23 305.95 3686.9 129.41
2.8417 442.55 3571.2 109.84 376.33 3598.5 118.6 300.85 3696.5 129.42
2.85 438.27 3581.8 110.06 371.27 3608.2 118.96 295.62 3706.1 129.4
2.8583 433.85 3592.6 110.31 366.07 3617.9 119.33 290.27 3715.8 129.36
2.8667 429.26 3603.4 110.62 360.73 3627.6 119.69 284.81 3725.5 129.31
2.875 424.52 3614.4 110.98 355.27 3637.3 120.04 279.27 3735.2 129.26
2.8833 419.61 3625.4 111.41 349.71 3647 120.37 273.68 3744.7 129.21
2.8917 414.54 3636.3 111.91 344.05 3656.8 120.69 268.08 3754.2 129.18
2.9 409.33 3647.1 112.47 338.33 3666.5 120.99 262.48 3763.5 129.18
2.9083 404 3657.8 113.09 332.58 3676.3 121.26 256.92 3772.7 129.21
2.9167 398.57 3668.3 113.75 326.83 3686.1 121.51 251.41 3781.7 129.27
2.925 393.1 3678.6 114.44 321.12 3695.9 121.73 245.97 3790.5 129.37
2.9333 387.6 3688.7 115.16 315.48 3705.7 121.93 240.61 3799.2 129.5
2.9417 382.11 3698.6 115.88 309.94 3715.5 122.11 235.33 3807.8 129.65
2.95 376.65 3708.2 116.6 304.53 3725.2 122.26 230.13 3816.4 129.82
2.9583 371.22 3717.7 117.32 299.28 3734.7 122.39 225 3824.9 129.98
2.9667 365.79 3727.1 118.04 294.19 3744.2 122.49 219.93 3833.4 130.13
2.975 360.33 3736.3 118.77 289.28 3753.4 122.58 214.91 3841.9 130.26
2.9833 354.83 3745.5 119.49 284.52 3762.5 122.65 209.92 3850.5 130.36
2.9917 349.27 3754.5 120.23 279.91 3771.4 122.7 204.97 3859.2 130.43
3 343.65 3763.6 120.97 275.42 3780 122.75 200.03 3867.9 130.47
3.0083 337.95 3772.5 121.72 271.03 3788.5 122.79 195.13 3876.7 130.49
3.0167 332.22 3781.4 122.48 266.69 3796.7 122.83 190.24 3885.5 130.5
3.025 326.45 3790.2 123.23 262.38 3804.9 122.87 185.39 3894.3 130.51
3.0333 320.69 3798.9 123.99 258.07 3812.9 122.93 180.57 3903.1 130.52
3.0417 314.96 3807.5 124.75 253.73 3820.8 123 175.81 3911.8 130.54
3.05 309.29 3816 125.5 249.35 3828.6 123.09 171.11 3920.5 130.58
3.0583 303.72 3824.5 126.23 244.9 3836.5 123.2 166.47 3929 130.64
3.0667 298.28 3832.9 126.96 240.37 3844.4 123.33 161.91 3937.4 130.73
3.075 292.96 3841.2 127.68 235.77 3852.4 123.49 157.44 3945.7 130.82
3.0833 287.78 3849.4 128.39 231.08 3860.4 123.67 153.03 3953.8 130.92
3.0917 282.73 3857.6 129.1 226.31 3868.5 123.87 148.7 3961.9 131.01
3.1 277.78 3865.8 129.82 221.45 3876.7 124.09 144.42 3969.9 131.09
3.1083 272.91 3873.9 130.54 216.51 3885 124.34 140.19 3977.9 131.15
3.1167 268.11 3882 131.28 211.48 3893.4 124.6 135.97 3985.8 131.19
3.125 263.34 3890 132.04 206.36 3901.9 124.87 131.76 3993.7 131.21
3.1333 258.58 3898 132.83 201.16 3910.4 125.16 127.51 4001.6 131.21
3.1417 253.82 3906 133.64 195.88 3918.9 125.46 123.23 4009.4 131.21
3.15 249.05 3914 134.46 190.5 3927.4 125.78 118.87 4017.3 131.2
3.1583 244.25 3922 135.31 185.03 3936 126.12 114.43 4025.2 131.21
3.1667 239.43 3929.9 136.16 179.47 3944.6 126.47 109.88 4033.1 131.25
3.175 234.59 3937.9 137.01 173.87 3952.9 126.83 105.58 4042.3 130.41
3.1833 229.75 3945.9 137.84 168.12 3961.5 127.22 100.78 4050.2 130.54
3.1917 224.89 3954 138.64 162.29 3970.1 127.62 95.868 4058.2 130.71
3.2 220.03 3962.2 139.4 156.36 3978.7 128.04 90.833 4066.1 130.91
3.2083 215.17 3970.4 140.11 150.34 3987.4 128.48 85.684 4074.1 131.14
3.2167 210.29 3978.8 140.77 144.23 3996.2 128.92 80.43 4082.2 131.37
3.225 205.4 3987.2 141.37 138.03 4005 129.37 75.08 4090.3 131.6
3.2333 200.46 3995.8 141.91 131.75 4013.8 129.82 69.648 4098.5 131.8
3.2417 195.48 4004.5 142.41 125.38 4022.7 130.26 64.146 4106.8 131.97
3.25 190.42 4013.3 142.85 118.94 4031.6 130.7 58.584 4115.2 132.09
3.2583 185.28 4022.1 143.26 112.41 4040.6 131.12 52.971 4123.7 132.15
3.2667 180.03 4031 143.64 105.83 4049.6 131.53 47.315 4132.2 132.15
3.275 174.66 4040 144 99.185 4058.7 131.92 41.618 4140.9 132.11
3.2833 169.16 4048.9 144.35 92.491 4067.8 132.3 35.88 4149.7 132.02
3.2917 163.52 4057.9 144.69 85.757 4076.9 132.65 30.098 4158.5 131.91
3.3 157.74 4066.9 145.04 78.999 4086 132.98 24.262 4167.5 131.79
3.3083 151.82 4076 145.38 72.219 4095.2 133.3 18.364 4176.5 131.68
3.3167 145.75 4085 145.73 65.425 4104.4 133.59 12.389 4185.5 131.59
3.325 139.52 4094.2 146.08 58.622 4113.7 133.86 6.323 4194.7 131.54
3.3333 133.13 4103.4 146.42 51.811 4123 134.1 0.15304 4203.9 131.53
3.3417 126.57 4112.7 146.77 44.992 4132.4 134.33 -6.134 4213.2 131.58
3.35 119.83 4122.2 147.1 38.155 4142 134.53 -12.548 4222.6 131.67
3.3583 112.9 4131.7 147.41 31.295 4151.6 134.7 -19.096 4232.1 131.81
3.3667 105.78 4141.3 147.69 24.4 4161.4 134.85 -25.776 4241.7 131.99
3.375 98.453 4150.9 147.92 17.458 4171.3 134.97 -32.587 4251.4 132.2
3.3833 90.93 4160.6 148.11 10.454 4181.3 135.07 -39.517 4261.2 132.44
3.3917 83.213 4170.3 148.24 3.3795 4191.4 135.13 -46.551 4271.1 132.68
3.4 75.312 4179.9 148.3 -3.7749 4201.6 135.16 -53.671 4281.1 132.92
3.4083 67.246 4189.5 148.29 -11.014 4211.9 135.16 -60.853 4291.2 133.15
3.4167 59.039 4199 148.21 -18.339 4222.3 135.14 -68.075 4301.4 133.36
3.425 50.724 4208.4 148.06 -25.745 4232.6 135.1 -75.312 4311.5 133.56
3.4333 42.345 4217.7 147.86 -33.226 4243 135.04 -82.543 4321.7 133.72
3.4417 33.951 4227 147.61 -40.768 4253.3 134.98 -89.751 4331.8 133.87
3.45 25.6 4236.2 147.33 -48.356 4263.5 134.92 -96.92 4341.9 133.98
3.4583 17.345 4245.4 147.04 -55.971 4273.6 134.87 -104.04 4351.8 134.06
3.4667 9.2375 4254.5 146.74 -63.593 4283.5 134.84 -111.12 4361.6 134.12
3.475 1.3109 4263.7 146.46 -71.205 4293.2 134.84 -118.16 4371.2 134.16
3.4833 -6.4294 4272.9 146.19 -78.786 4302.6 134.88 -125.16 4380.7 134.17
3.4917 -13.988 4282 145.94 -86.323 4311.7 134.96 -132.15 4389.9 134.17
3.5 -21.395 4291.2 145.71 -93.803 4320.5 135.09 -139.15 4399 134.17
3.5083 -28.689 4300.2 145.5 -101.22 4329.1 135.27 -146.17 4407.7 134.17
3.5167 -35.921 4309.1 145.29 -108.56 4337.3 135.5 -153.23 4416.3 134.17
3.525 -43.132 4318 145.07 -115.84 4345.2 135.77 -160.36 4424.5 134.19
3.5333 -50.365 4326.6 144.84 -123.05 4352.9 136.07 -167.58 4432.5 134.24
3.5417 -57.656 4335.2 144.59 -130.2 4360.4 136.41 -174.9 4440.3 134.32
3.55 -65.028 4343.6 144.31 -137.3 4367.6 136.76 -182.34 4447.7 134.43
3.5583 -72.494 4351.8 144.01 -144.35 4374.7 137.13 -189.89 4454.9 134.59
3.5667 -80.05 4360 143.68 -151.36 4381.6 137.51 -197.56 4461.8 134.79
3.575 -87.683 4368 143.34 -158.35 4388.5 137.9 -205.34 4468.5 135.04
3.5833 -95.368 4375.9 142.99 -165.32 4395.2 138.28 -213.23 4474.9 135.33
3.5917 -103.08 4383.8 142.65 -172.29 4401.9 138.67 -221.22 4481.2 135.65
3.6 -110.78 4391.7 142.33 -179.25 4408.5 139.07 -229.28 4487.2 136.02
3.6083 -118.45 4399.5 142.04 -186.23 4415.1 139.48 -237.41 4493 136.41
3.6167 -126.06 4407.3 141.79 -193.24 4421.6 139.89 -245.57 4498.6 136.83
3.625 -133.61 4415.1 141.58 -200.28 4428.1 140.32 -253.75 4504.1 137.26
3.6333 -141.09 4422.9 141.42 -207.37 4434.6 140.76 -261.94 4509.5 137.7
3.6417 -148.51 4430.7 141.3 -214.5 4441 141.22 -270.11 4514.7 138.14
3.65 -155.89 4438.3 141.21 -221.7 4447.5 141.68 -278.26 4519.9 138.58
3.6583 -163.27 4445.9 141.15 -228.97 4453.9 142.15 -286.36 4524.9 139.01
3.6667 -170.66 4453.4 141.11 -236.32 4460.2 142.62 -294.42 4529.9 139.44
3.675 -178.1 4460.8 141.07 -243.75 4466.6 143.08 -302.42 4534.8 139.86
3.6833 -185.61 4468 141.02 -251.27 4472.9 143.53 -310.37 4539.6 140.26
3.6917 -193.18 4475.1 140.97 -258.89 4479.3 143.95 -318.28 4544.4 140.66
3.7 -200.84 4482 140.9 -266.61 4485.6 144.35 -326.14 4549.2 141.04
3.7083 -208.55 4488.9 140.82 -274.44 4492 144.73 -333.97 4554 141.41
3.7167 -216.32 4495.7 140.73 -282.37 4498.3 145.07 -341.78 4558.7 141.77
3.725 -224.12 4502.4 140.63 -290.41 4504.7 145.39 -349.58 4563.5 142.13
3.7333 -231.93 4509.2 140.51 -298.55 4511.1 145.68 -357.38 4568.3 142.47
3.7417 -239.77 4515.9 140.4 -306.79 4517.6 145.96 -365.2 4573.1 142.82
