0.0083333 -3.1261 3.1033 97.383 -28.926 104.26 88.195 -8.223 223.76 83.951
0.016667 -2.6168 10.67 97.473 -27.839 112.9 88.173 -6.7172 232.54 83.966
0.025 -2.0161 18.484 97.561 -26.685 121.69 88.141 -5.1226 241.34 83.974
0.033333 -1.3216 26.549 97.641 -25.459 130.63 88.094 -3.4351 250.16 83.971
0.041667 -0.53915 34.87 97.708 -24.155 139.73 88.031 -1.653 259.01 83.954
0.05 0.31678 43.447 97.756 -22.774 149 87.947 0.22471 267.92 83.92
0.058333 1.2263 52.287 97.784 -21.314 158.42 87.841 2.1965 276.92 83.869
0.066667 2.1665 61.392 97.787 -19.776 168 87.711 4.2595 286.02 83.802
0.075 3.1135 70.761 97.766 -18.165 177.73 87.556 6.4078 295.26 83.723
0.083333 4.0506 80.4 97.723 -16.485 187.63 87.379 8.634 304.66 83.635
0.091667 4.963 90.303 97.66 -14.744 197.67 87.18 10.929 314.24 83.543
0.1 5.8452 100.46 97.581 -12.954 207.85 86.963 13.283 324.02 83.452
0.10833 6.6996 110.87 97.49 -11.128 218.16 86.731 15.684 333.98 83.363
0.11667 7.5344 121.51 97.392 -9.2793 228.57 86.491 18.12 344.12 83.28
0.125 8.3659 132.35 97.29 -7.4253 239.07 86.248 20.577 354.42 83.201
0.13333 9.2139 143.35 97.185 -5.5851 249.62 86.006 23.042 364.84 83.128
0.14167 10.102 154.48 97.078 -3.7743 260.19 85.775 25.501 375.35 83.056
0.15 11.053 165.71 96.969 -2.0113 270.75 85.563 27.937 385.9 82.983
0.15833 12.087 176.99 96.859 -0.31206 281.26 85.377 30.336 396.45 82.905
0.16667 13.222 188.27 96.743 1.3096 291.69 85.225 32.681 406.98 82.82
0.175 14.462 199.53 96.622 2.8417 302.01 85.112 34.954 417.45 82.726
0.18333 15.806 210.73 96.492 4.2754 312.2 85.046 37.14 427.85 82.622
0.19167 17.24 221.86 96.351 5.6048 322.24 85.03 39.222 438.16 82.512
0.2 18.742 232.88 96.195 6.827 332.13 85.067 41.183 448.4 82.397
0.20833 20.284 243.8 96.021 7.9412 341.88 85.157 43.01 458.56 82.281
0.21667 21.835 254.61 95.826 8.9493 351.49 85.299 44.688 468.68 82.17
0.225 23.367 265.31 95.608 9.8542 360.97 85.49 46.206 478.76 82.068
0.23333 24.855 275.9 95.364 10.66 370.35 85.725 47.554 488.83 81.981
0.24167 26.277 286.39 95.094 11.373 379.65 85.996 48.723 498.91 81.912
0.25 27.619 296.78 94.802 11.999 388.88 86.298 49.709 509.02 81.863
0.25833 28.87 307.08 94.492 12.542 398.07 86.623 50.506 519.16 81.837
0.26667 30.025 317.27 94.17 13.009 407.22 86.964 51.113 529.34 81.833
0.275 31.083 327.36 93.843 13.405 416.35 87.315 51.53 539.57 81.85
0.28333 32.045 337.33 93.519 13.735 425.45 87.669 51.757 549.83 81.886
0.29167 32.915 347.2 93.203 14.004 434.54 88.025 51.799 560.13 81.941
0.3 33.693 356.96 92.902 14.216 443.61 88.377 51.66 570.44 82.012
0.30833 34.38 366.6 92.619 14.376 452.66 88.724 51.347 580.76 82.098
0.31667 34.966 376.14 92.361 14.486 461.69 89.066 50.867 591.09 82.198
0.325 35.445 385.58 92.124 14.55 470.71 89.403 50.231 601.4 82.313
0.33333 35.803 394.92 91.913 14.571 479.71 89.735 49.449 611.71 82.442
0.34167 36.03 404.18 91.726 14.551 488.7 90.062 48.534 622 82.586
0.35 36.124 413.37 91.56 14.491 497.7 90.384 47.498 632.27 82.745
0.35833 36.083 422.51 91.413 14.392 506.71 90.7 46.355 642.51 82.918
0.36667 35.917 431.61 91.282 14.251 515.76 91.011 45.116 652.73 83.105
0.375 35.647 440.69 91.162 14.07 524.86 91.313 43.794 662.91 83.302
0.38333 35.293 449.75 91.049 13.846 534.01 91.606 42.402 673.05 83.508
0.39167 34.885 458.82 90.941 13.578 543.23 91.886 40.947 683.14 83.717
0.4 34.452 467.88 90.833 13.267 552.53 92.151 39.438 693.17 83.928
0.40833 34.025 476.95 90.724 12.911 561.91 92.401 37.88 703.13 84.136
0.41667 33.628 486.02 90.61 12.513 571.37 92.633 36.279 713.01 84.339
0.425 33.279 495.1 90.492 12.075 580.9 92.848 34.638 722.8 84.535
0.43333 32.987 504.18 90.368 11.599 590.52 93.045 32.96 732.52 84.724
0.44167 32.754 513.26 90.242 11.088 600.19 93.227 31.247 742.16 84.907
0.45 32.572 522.36 90.115 10.546 609.93 93.395 29.503 751.74 85.084
0.45833 32.424 531.48 89.99 9.9742 619.73 93.551 27.73 761.28 85.258
0.46667 32.286 540.63 89.874 9.3747 629.58 93.698 25.932 770.78 85.433
0.475 32.132 549.84 89.771 8.7475 639.48 93.837 24.114 780.26 85.608
0.48333 31.933 559.11 89.685 8.0924 649.44 93.971 22.28 789.76 85.786
0.49167 31.67 568.47 89.621 7.4074 659.46 94.101 20.435 799.27 85.967
0.5 31.319 577.94 89.582 6.69 669.55 94.227 18.58 808.82 86.15
0.50833 30.873 587.53 89.568 5.937 679.72 94.35 16.717 818.39 86.334
0.51667 30.326 597.26 89.576 5.1457 689.97 94.472 14.845 828 86.515
0.525 29.683 607.14 89.603 4.3122 700.31 94.591 12.959 837.62 86.692
0.53333 28.965 617.19 89.643 3.4343 710.76 94.709 11.054 847.26 86.862
0.54167 28.189 627.39 89.688 2.5091 721.31 94.827 9.1179 856.9 87.023
0.55 27.384 637.75 89.734 1.5344 731.96 94.947 7.1407 866.53 87.176
0.55833 26.563 648.26 89.77 0.5062 742.72 95.07 5.1095 876.14 87.321
0.56667 25.75 658.93 89.793 -0.5786 753.58 95.2 3.0114 885.74 87.459
0.575 24.941 669.75 89.797 -1.7252 764.53 95.338 0.83524 895.33 87.594
0.58333 24.137 680.72 89.778 -2.941 775.57 95.487 -1.4279 904.94 87.729
0.59167 23.317 691.87 89.735 -4.2342 786.69 95.649 -3.7831 914.58 87.866
0.6 22.459 703.21 89.668 -5.6158 797.9 95.824 -6.2324 924.3 88.008
0.60833 21.547 714.75 89.578 -7.0942 809.18 96.013 -8.7732 934.12 88.154
0.61667 20.559 726.54 89.47 -8.6827 820.55 96.212 -11.399 944.07 88.306
0.625 19.481 738.59 89.348 -10.39 832 96.42 -14.102 954.18 88.459
0.63333 18.312 750.93 89.222 -12.222 843.55 96.632 -16.869 964.48 88.612
0.64167 17.057 763.55 89.098 -14.182 855.19 96.843 -19.691 974.95 88.758
0.65 15.737 776.45 88.99 -16.267 866.94 97.049 -22.554 985.6 88.895
0.65833 14.369 789.61 88.906 -18.468 878.8 97.243 -25.45 996.41 89.018
0.66667 12.982 802.97 88.859 -20.77 890.77 97.422 -28.372 1007.3 89.126
0.675 11.592 816.5 88.861 -23.151 902.85 97.582 -31.313 1018.4 89.218
0.68333 10.209 830.11 88.918 -25.582 915.03 97.719 -34.271 1029.4 89.295
0.69167 8.8331 843.74 89.036 -28.032 927.28 97.833 -37.244 1040.5 89.364
0.7 7.4533 857.33 89.217 -30.465 939.59 97.922 -40.232 1051.5 89.43
0.70833 6.0581 870.82 89.457 -32.845 951.92 97.989 -43.231 1062.5 89.502
0.71667 4.6237 884.17 89.75 -35.139 964.24 98.034 -46.238 1073.4 89.587
0.725 3.1321 897.34 90.085 -37.317 976.5 98.06 -49.245 1084.3 89.694
0.73333 1.5718 910.31 90.453 -39.355 988.68 98.068 -52.24 1095 89.829
0.74167 -0.071423 923.08 90.839 -41.239 1000.7 98.062 -55.21 1105.7 89.996
0.75 -1.8022 935.66 91.235 -42.961 1012.6 98.042 -58.136 1116.4 90.197
0.75833 -3.6254 948.08 91.635 -44.524 1024.3 98.01 -60.995 1127 90.431
0.76667 -5.5416 960.39 92.035 -45.937 1035.8 97.965 -63.767 1137.7 90.692
0.775 -7.5449 972.62 92.437 -47.217 1047.1 97.907 -66.43 1148.4 90.975
0.78333 -9.6251 984.81 92.839 -48.385 1058.2 97.834 -68.962 1159.2 91.271
0.79167 -11.757 996.98 93.24 -49.464 1069.1 97.743 -71.349 1170 91.57
0.8 -13.914 1009.1 93.64 -50.479 1079.9 97.632 -73.578 1180.9 91.865
0.80833 -16.059 1021.3 94.035 -51.451 1090.5 97.499 -75.645 1191.9 92.148
0.81667 -18.16 1033.4 94.427 -52.398 1101.1 97.344 -77.548 1202.9 92.412
0.825 -20.182 1045.4 94.815 -53.334 1111.5 97.167 -79.294 1213.9 92.654
0.83333 -22.1 1057.3 95.201 -54.271 1122 96.969 -80.894 1224.8 92.873
0.84167 -23.891 1069.2 95.585 -55.211 1132.4 96.754 -82.361 1235.8 93.068
0.85 -25.546 1081 95.969 -56.158 1142.8 96.526 -83.713 1246.7 93.242
0.85833 -27.061 1092.6 96.355 -57.109 1153.3 96.291 -84.966 1257.6 93.396
0.86667 -28.44 1104.1 96.744 -58.059 1163.8 96.054 -86.138 1268.4 93.535
0.875 -29.706 1115.6 97.14 -59.002 1174.4 95.821 -87.242 1279.3 93.661
0.88333 -30.874 1127 97.544 -59.933 1185 95.599 -88.289 1290.1 93.775
0.89167 -31.974 1138.3 97.958 -60.846 1195.7 95.392 -89.288 1300.8 93.878
0.9 -33.033 1149.5 98.385 -61.739 1206.4 95.204 -90.243 1311.7 93.971
0.90833 -34.069 1160.8 98.828 -62.611 1217.2 95.039 -91.156 1322.5 94.053
0.91667 -35.103 1172 99.286 -63.466 1228 94.898 -92.026 1333.4 94.122
0.925 -36.144 1183.1 99.763 -64.308 1238.9 94.784 -92.85 1344.3 94.177
0.93333 -37.192 1194.2 100.26 -65.146 1249.8 94.695 -93.627 1355.3 94.216
0.94167 -38.241 1205.3 100.77 -65.986 1260.8 94.631 -94.353 1366.3 94.237
0.95 -39.277 1216.3 101.3 -66.839 1271.8 94.591 -95.025 1377.4 94.242
0.95833 -40.28 1227.3 101.83 -67.71 1283 94.574 -95.644 1388.5 94.228
0.96667 -41.232 1238.3 102.39 -68.495 1294.4 94.58 -97.011 1398.9 94.946
0.975 -42.111 1249.2 102.94 -69.423 1305.8 94.605 -97.525 1410 94.9
0.98333 -42.902 1260.1 103.5 -70.383 1317.2 94.65 -97.986 1421.2 94.837
0.99167 -43.594 1271.1 104.05 -71.376 1328.8 94.713 -98.398 1432.4 94.759
1 -44.187 1282.1 104.59 -72.397 1340.5 94.795 -98.764 1443.5 94.669
1.0083 -44.686 1293.2 105.11 -73.444 1352.3 94.897 -99.088 1454.8 94.567
1.0167 -45.101 1304.5 105.6 -74.508 1364.3 95.018 -99.372 1466 94.454
1.025 -45.45 1315.9 106.06 -75.582 1376.3 95.159 -99.615 1477.3 94.332
1.0333 -45.751 1327.5 106.49 -76.657 1388.5 95.322 -99.82 1488.7 94.2
1.0417 -46.025 1339.2 106.88 -77.723 1400.7 95.506 -99.984 1500.1 94.06
1.05 -46.29 1351.1 107.24 -78.772 1413 95.712 -100.11 1511.6 93.91
1.0583 -46.566 1363.2 107.56 -79.867 1425.2 95.933 -99.499 1523.7 93.086
1.0667 -46.871 1375.4 107.86 -80.852 1437.7 96.177 -99.543 1535.3 92.931
1.075 -47.226 1387.7 108.15 -81.798 1450.2 96.435 -99.537 1546.9 92.77
1.0833 -47.646 1400.2 108.42 -82.698 1462.8 96.711 -99.485 1558.6 92.607
1.0917 -48.147 1412.7 108.69 -83.551 1475.4 96.992 -99.388 1570.3 92.443
1.1 -48.73 1425.2 108.95 -84.355 1488.1 97.273 -99.252 1582 92.285
1.1083 -49.389 1437.8 109.21 -85.105 1500.9 97.549 -99.085 1593.8 92.135
1.1167 -50.108 1450.4 109.46 -85.8 1513.7 97.812 -98.899 1605.6 92.001
1.125 -50.873 1463.1 109.7 -86.44 1526.6 98.048 -98.707 1617.4 91.887
1.1333 -51.673 1475.9 109.92 -87.015 1539.6 98.262 -98.524 1629.3 91.799
1.1417 -52.501 1488.8 110.12 -87.53 1552.7 98.43 -98.365 1641.3 91.743
1.15 -53.362 1501.9 110.3 -87.975 1565.8 98.557 -98.245 1653.4 91.723
1.1583 -54.268 1515.2 110.45 -88.348 1579.1 98.632 -98.176 1665.6 91.739
1.1667 -55.236 1528.7 110.55 -88.647 1592.5 98.654 -98.165 1678 91.795
1.175 -56.283 1542.5 110.62 -88.874 1605.9 98.618 -98.218 1690.5 91.887
1.1833 -57.426 1556.6 110.63 -89.031 1619.5 98.526 -98.333 1703.1 92.011
1.1917 -58.677 1570.9 110.58 -89.128 1633.1 98.385 -98.506 1715.8 92.161
1.2 -60.037 1585.4 110.47 -89.185 1646.8 98.196 -98.726 1728.6 92.327
1.2083 -61.504 1600 110.29 -89.216 1660.5 97.974 -98.979 1741.5 92.498
1.2167 -63.052 1614.6 110.04 -89.258 1674.2 97.723 -99.251 1754.5 92.661
1.225 -64.657 1629.2 109.74 -89.336 1687.9 97.46 -99.526 1767.4 92.804
1.2333 -66.272 1643.7 109.38 -89.486 1701.6 97.196 -99.789 1780.4 92.913
1.2417 -67.843 1658.1 108.98 -89.743 1715.2 96.945 -100.03 1793.3 92.979
1.25 -69.319 1672.2 108.55 -90.137 1728.7 96.719 -100.25 1806.1 92.992
1.2583 -70.66 1686.2 108.12 -90.695 1742.1 96.527 -100.45 1818.9 92.947
1.2667 -71.849 1700 107.68 -91.379 1755.4 96.383 -101.29 1831.2 93.503
1.275 -72.89 1713.6 107.26 -92.312 1768.4 96.286 -101.5 1843.8 93.345
1.2833 -73.802 1727 106.85 -93.439 1781.2 96.244 -101.75 1856.2 93.136
1.2917 -74.611 1740.2 106.47 -94.752 1793.8 96.256 -102.07 1868.7 92.884
1.3 -75.337 1753.3 106.12 -96.233 1806.1 96.322 -102.49 1881 92.603
1.3083 -75.999 1766.3 105.79 -97.858 1818.2 96.436 -103.06 1893.3 92.305
1.3167 -76.616 1779.3 105.48 -99.598 1830.1 96.593 -103.79 1905.6 92.004
1.325 -77.212 1792.2 105.18 -101.48 1841.6 96.786 -104.1 1918.2 91.072
1.3333 -77.816 1805 104.89 -103.37 1853 97.011 -105.25 1930.5 90.805
1.3417 -78.458 1817.9 104.61 -105.28 1864.3 97.26 -106.63 1942.7 90.564
1.35 -79.163 1830.6 104.33 -107.2 1875.5 97.525 -108.24 1954.9 90.355
1.3583 -79.958 1843.3 104.07 -109.12 1886.6 97.811 -110.06 1967.2 90.178
1.3667 -80.859 1855.8 103.81 -111.03 1897.6 98.108 -112.09 1979.4 90.032
1.375 -81.879 1868.2 103.55 -112.94 1908.6 98.417 -114.3 1991.6 89.915
1.3833 -83.03 1880.5 103.3 -114.85 1919.6 98.738 -116.67 2003.8 89.821
1.3917 -84.311 1892.6 103.06 -116.77 1930.5 99.071 -119.17 2016 89.747
1.4 -85.722 1904.6 102.83 -118.71 1941.5 99.416 -121.78 2028.1 89.689
1.4083 -87.251 1916.5 102.61 -120.69 1952.4 99.774 -124.48 2040.2 89.643
1.4167 -88.884 1928.3 102.39 -122.72 1963.4 100.14 -127.26 2052.3 89.608
1.425 -90.602 1940 102.18 -124.8 1974.4 100.52 -130.09 2064.3 89.583
1.4333 -92.386 1951.6 101.98 -126.94 1985.5 100.9 -132.97 2076.2 89.57
1.4417 -94.215 1963.3 101.78 -129.14 1996.6 101.28 -135.9 2088 89.571
1.45 -96.072 1974.8 101.59 -131.4 2007.7 101.66 -138.87 2099.8 89.588
1.4583 -97.939 1986.4 101.4 -133.7 2018.9 102.02 -141.88 2111.4 89.623
1.4667 -99.808 1998 101.2 -136.04 2030.2 102.36 -144.93 2123 89.678
1.475 -101.67 2009.6 101.01 -138.41 2041.6 102.68 -148.01 2134.5 89.752
1.4833 -103.54 2021.1 100.81 -140.81 2053 102.97 -151.12 2145.9 89.844
1.4917 -105.41 2032.7 100.6 -143.22 2064.6 103.24 -154.25 2157.3 89.95
1.5 -107.3 2044.2 100.38 -145.65 2076.4 103.48 -157.39 2168.6 90.066
1.5083 -109.22 2055.8 100.15 -148.1 2088.2 103.68 -160.53 2180 90.184
1.5167 -111.2 2067.3 99.927 -150.55 2100.2 103.87 -163.66 2191.3 90.298
1.525 -113.23 2078.9 99.707 -153.03 2112.3 104.04 -166.77 2202.6 90.401
1.5333 -115.33 2090.5 99.499 -155.52 2124.4 104.19 -169.85 2214 90.488
1.5417 -117.5 2102.1 99.313 -158.04 2136.6 104.33 -172.88 2225.4 90.552
1.55 -119.75 2113.7 99.155 -160.59 2148.9 104.47 -175.88 2236.9 90.591
1.5583 -122.07 2125.4 99.032 -163.18 2161.3 104.59 -178.85 2248.5 90.603
1.5667 -124.48 2137.2 98.947 -165.8 2173.6 104.72 -181.77 2260.1 90.589
1.575 -126.96 2149 98.895 -168.48 2186 104.84 -184.68 2271.8 90.552
1.5833 -129.53 2160.9 98.872 -171.2 2198.4 104.95 -187.57 2283.5 90.496
1.5917 -132.16 2173 98.868 -173.97 2210.8 105.06 -190.47 2295.3 90.428
1.6 -134.87 2185.3 98.875 -176.81 2223.3 105.16 -193.39 2307.1 90.351
1.6083 -137.63 2197.7 98.887 -179.71 2235.8 105.26 -196.33 2318.9 90.273
1.6167 -140.46 2210.2 98.9 -182.68 2248.3 105.34 -199.32 2330.7 90.197
1.625 -143.36 2222.9 98.914 -185.71 2261 105.42 -202.36 2342.6 90.125
1.6333 -146.33 2235.7 98.927 -188.83 2273.7 105.5 -205.46 2354.5 90.059
1.6417 -149.39 2248.6 98.937 -192.03 2286.5 105.58 -208.62 2366.4 89.997
1.65 -152.55 2261.6 98.941 -195.31 2299.4 105.67 -211.83 2378.4 89.934
1.6583 -155.8 2274.7 98.934 -198.69 2312.3 105.76 -215.09 2390.5 89.866
1.6667 -159.16 2288 98.915 -202.15 2325.3 105.88 -218.4 2402.7 89.784
1.675 -162.63 2301.5 98.883 -205.71 2338.3 106.01 -221.74 2415.1 89.682
1.6833 -166.19 2315.2 98.841 -209.36 2351.3 106.17 -225.1 2427.5 89.553
1.6917 -169.85 2329.1 98.793 -213.1 2364.3 106.35 -228.49 2440 89.39
1.7 -173.6 2343.3 98.749 -216.92 2377.4 106.56 -231.88 2452.7 89.192
1.7083 -177.41 2357.6 98.718 -220.82 2390.5 106.79 -235.3 2465.4 88.957
1.7167 -181.28 2372.2 98.718 -224.78 2403.6 107.03 -238.72 2478.2 88.691
1.725 -185.19 2386.8 98.757 -228.78 2416.7 107.29 -242.16 2491.1 88.399
1.7333 -189.14 2401.5 98.856 -232.79 2429.8 107.54 -245.63 2503.9 88.092
1.7417 -193.12 2416.2 99.022 -236.8 2442.9 107.77 -249.13 2516.7 87.784
1.75 -197.11 2430.7 99.263 -240.77 2456.1 107.99 -252.67 2529.5 87.488
1.7583 -201.12 2445.1 99.576 -244.67 2469.3 108.17 -256.26 2542.2 87.218
1.7667 -205.13 2459.3 99.956 -248.47 2482.5 108.31 -259.88 2554.8 86.987
1.775 -209.13 2473.2 100.39 -252.15 2495.7 108.41 -263.54 2567.3 86.804
1.7833 -213.1 2486.9 100.84 -255.68 2508.9 108.44 -267.22 2579.8 86.677
1.7917 -217.03 2500.2 101.3 -259.04 2522 108.42 -270.89 2592.3 86.606
1.8 -220.91 2513.3 101.74 -262.23 2535 108.34 -274.55 2604.7 86.588
1.8083 -224.74 2526.2 102.15 -265.22 2547.8 108.21 -278.14 2617.1 86.615
1.8167 -228.54 2538.9 102.5 -268.03 2560.6 108.02 -281.64 2629.6 86.674
1.825 -232.3 2551.5 102.81 -270.67 2573.1 107.79 -285.01 2642.1 86.749
1.8333 -236.05 2563.9 103.08 -273.16 2585.4 107.51 -288.21 2654.7 86.823
1.8417 -239.77 2576.3 103.3 -275.51 2597.5 107.2 -291.23 2667.3 86.88
1.85 -243.45 2588.7 103.48 -277.76 2609.4 106.86 -294.03 2680.1 86.905
1.8583 -247.09 2601 103.65 -279.93 2621.1 106.5 -296.61 2692.9 86.887
1.8667 -250.66 2613.3 103.8 -282.05 2632.7 106.12 -298.96 2705.7 86.82
1.875 -254.13 2625.6 103.96 -284.14 2644.1 105.72 -301.09 2718.6 86.701
1.8833 -257.49 2637.8 104.12 -286.21 2655.5 105.32 -303.02 2731.4 86.533
1.8917 -260.69 2650 104.29 -288.29 2666.8 104.91 -304.76 2744.3 86.324
1.9 -263.74 2662.2 104.48 -290.38 2678.1 104.5 -306.35 2757.1 86.083
1.9083 -266.62 2674.3 104.7 -292.48 2689.5 104.09 -307.81 2769.8 85.821
1.9167 -269.33 2686.3 104.92 -294.58 2700.9 103.68 -309.18 2782.5 85.548
1.925 -271.88 2698.4 105.16 -296.69 2712.4 103.27 -310.47 2795 85.273
1.9333 -274.3 2710.3 105.41 -298.78 2724 102.87 -311.7 2807.4 85.004
1.9417 -276.61 2722.2 105.67 -300.86 2735.7 102.48 -312.89 2819.8 84.745
1.95 -278.84 2734.1 105.93 -302.91 2747.5 102.1 -314.05 2832 84.496
1.9583 -281.03 2745.9 106.18 -304.93 2759.4 101.74 -315.18 2844.2 84.256
1.9667 -283.19 2757.7 106.44 -306.92 2771.4 101.4 -316.27 2856.3 84.02
1.975 -285.35 2769.3 106.69 -308.88 2783.5 101.08 -317.33 2868.2 83.784
1.9833 -287.52 2780.9 106.95 -310.81 2795.6 100.79 -318.35 2880.2 83.54
1.9917 -289.71 2792.5 107.2 -312.73 2807.9 100.52 -319.32 2892 83.286
2 -291.9 2804 107.46 -314.63 2820.2 100.27 -320.24 2903.9 83.015
2.0083 -294.09 2815.4 107.72 -316.53 2832.5 100.05 -321.12 2915.7 82.728
2.0167 -296.25 2826.8 107.98 -318.44 2844.9 99.851 -321.96 2927.5 82.422
2.025 -298.37 2838.3 108.24 -320.35 2857.4 99.671 -322.76 2939.3 82.101
2.0333 -300.42 2849.8 108.49 -322.27 2870 99.506 -323.53 2951.1 81.768
2.0417 -302.39 2861.4 108.75 -324.19 2882.6 99.353 -324.28 2962.9 81.428
2.05 -304.26 2873.2 108.99 -326.13 2895.4 99.211 -325.02 2974.8 81.085
2.0583 -306.04 2885.1 109.23 -328.06 2908.1 99.076 -325.75 2986.7 80.743
2.0667 -307.73 2897.1 109.45 -329.98 2921 98.949 -326.47 2998.6 80.406
2.075 -309.33 2909.3 109.67 -331.89 2933.9 98.83 -327.18 3010.6 80.076
2.0833 -310.86 2921.7 109.87 -333.77 2946.8 98.719 -327.88 3022.6 79.752
2.0917 -312.34 2934.3 110.06 -335.63 2959.9 98.618 -328.56 3034.7 79.433
2.1 -313.78 2947 110.25 -337.44 2973 98.532 -329.21 3046.9 79.117
2.1083 -315.22 2959.8 110.44 -339.21 2986.1 98.46 -329.82 3059 78.8
2.1167 -316.67 2972.8 110.63 -340.93 2999.3 98.406 -330.39 3071.3 78.478
2.125 -318.15 2985.8 110.84 -342.6 3012.6 98.371 -330.91 3083.5 78.146
2.1333 -319.69 2998.9 111.04 -344.22 3026 98.352 -331.37 3095.8 77.804
2.1417 -321.28 3012 111.23 -345.77 3039.5 98.348 -331.78 3108.2 77.448
2.15 -322.93 3025 111.41 -347.27 3053.1 98.355 -332.15 3120.6 77.08
2.1583 -324.61 3038.1 111.56 -348.71 3066.9 98.367 -332.47 3133 76.7
2.1667 -326.34 3051.2 111.7 -350.08 3080.7 98.379 -332.76 3145.6 76.313
2.175 -328.1 3064.3 111.81 -351.39 3094.7 98.382 -333.03 3158.2 75.924
2.1833 -329.9 3077.5 111.89 -352.62 3108.8 98.369 -333.29 3170.9 75.538
2.1917 -331.73 3090.9 111.94 -353.77 3123 98.336 -333.55 3183.7 75.163
2.2 -333.6 3104.5 111.96 -354.84 3137.3 98.277 -333.83 3196.7 74.806
2.2083 -335.5 3118.4 111.95 -355.82 3151.8 98.189 -334.14 3209.8 74.471
2.2167 -337.44 3132.5 111.9 -356.72 3166.2 98.075 -334.47 3223 74.166
2.225 -339.41 3146.9 111.81 -357.54 3180.7 97.93 -334.84 3236.3 73.894
2.2333 -341.38 3161.5 111.68 -358.28 3195.2 97.766 -335.24 3249.8 73.656
2.2417 -343.35 3176.2 111.48 -358.98 3209.8 97.579 -335.67 3263.3 73.452
2.25 -345.31 3191.1 111.22 -359.64 3224.2 97.384 -336.14 3277 73.28
2.2583 -347.23 3205.9 110.91 -360.3 3238.6 97.187 -336.63 3290.6 73.135
2.2667 -349.07 3220.7 110.53 -360.97 3252.9 96.991 -337.13 3304.4 73.008
2.275 -350.82 3235.4 110.11 -361.69 3267.1 96.808 -337.65 3318.1 72.893
2.2833 -352.44 3250 109.66 -362.49 3281.2 96.646 -338.17 3331.8 72.78
2.2917 -353.91 3264.3 109.17 -363.38 3295.1 96.51 -338.7 3345.6 72.66
2.3 -355.22 3278.4 108.69 -364.38 3308.8 96.406 -339.23 3359.2 72.526
2.3083 -356.38 3292.3 108.2 -365.52 3322.3 96.338 -339.76 3372.9 72.37
2.3167 -357.4 3306 107.74 -366.78 3335.6 96.308 -340.31 3386.5 72.188
2.325 -358.31 3319.4 107.31 -368.17 3348.7 96.317 -340.89 3400 71.98
2.3333 -359.12 3332.7 106.91 -369.67 3361.5 96.362 -341.51 3413.4 71.748
2.3417 -359.84 3345.8 106.54 -371.28 3374.2 96.442 -342.19 3426.9 71.496
2.35 -360.5 3358.8 106.2 -372.98 3386.6 96.553 -342.94 3440.2 71.231
2.3583 -361.11 3371.8 105.88 -374.73 3398.9 96.689 -343.8 3453.5 70.962
2.3667 -361.7 3384.7 105.58 -376.53 3411 96.846 -344.78 3466.7 70.7
2.375 -362.31 3397.6 105.29 -378.36 3423 97.017 -345.9 3479.9 70.454
2.3833 -362.95 3410.4 105.01 -380.2 3434.8 97.198 -347.17 3493.1 70.234
2.3917 -363.65 3423.1 104.72 -382.03 3446.5 97.385 -348.59 3506.3 70.046
2.4 -364.44 3435.8 104.43 -383.86 3458.1 97.576 -350.17 3519.4 69.896
2.4083 -365.33 3448.4 104.13 -385.68 3469.7 97.768 -351.9 3532.5 69.786
2.4167 -366.33 3460.9 103.81 -387.49 3481.3 97.96 -353.78 3545.5 69.714
2.425 -367.46 3473.3 103.48 -389.3 3492.8 98.152 -355.78 3558.6 69.678
2.4333 -368.7 3485.5 103.15 -391.11 3504.3 98.344 -357.89 3571.6 69.671
2.4417 -370.06 3497.7 102.8 -392.95 3515.8 98.537 -360.09 3584.7 69.688
2.45 -371.51 3509.8 102.46 -394.8 3527.4 98.731 -362.37 3597.6 69.72
2.4583 -373.04 3521.8 102.11 -396.68 3539 98.927 -364.72 3610.6 69.762
2.4667 -374.62 3533.7 101.78 -398.58 3550.6 99.125 -367.11 3623.5 69.807
2.475 -376.23 3545.6 101.45 -400.52 3562.2 99.323 -369.54 3636.3 69.852
2.4833 -377.86 3557.4 101.13 -402.49 3573.9 99.519 -372.01 3649 69.894
2.4917 -379.49 3569.2 100.82 -404.47 3585.6 99.713 -374.52 3661.7 69.933
2.5 -381.11 3581.1 100.51 -406.48 3597.4 99.9 -377.08 3674.2 69.967
2.5083 -382.74 3592.9 100.19 -408.5 3609.3 100.08 -379.67 3686.7 70
2.5167 -384.37 3604.7 99.865 -410.53 3621.2 100.25 -382.3 3699.1 70.033
2.525 -386.02 3616.5 99.516 -412.57 3633.2 100.4 -384.97 3711.4 70.066
2.5333 -387.72 3628.4 99.143 -414.62 3645.3 100.53 -387.67 3723.6 70.1
2.5417 -389.47 3640.2 98.744 -416.66 3657.5 100.65 -390.4 3735.7 70.135
2.55 -391.28 3652 98.323 -418.72 3669.8 100.75 -393.14 3747.8 70.169
2.5583 -393.17 3663.9 97.886 -420.78 3682.1 100.84 -395.87 3759.9 70.198
2.5667 -395.12 3675.7 97.443 -422.85 3694.5 100.91 -398.58 3771.9 70.22
2.575 -397.15 3687.6 97.007 -424.94 3707 100.97 -401.27 3783.9 70.231
2.5833 -399.22 3699.4 96.587 -427.05 3719.6 101.02 -403.91 3795.9 70.225
2.5917 -401.34 3711.3 96.193 -429.19 3732.3 101.06 -406.5 3807.8 70.203
2.6 -403.5 3723.2 95.832 -431.35 3745 101.09 -409.05 3819.8 70.16
2.6083 -405.68 3735.2 95.504 -433.53 3757.8 101.12 -411.55 3831.8 70.1
2.6167 -407.9 3747.4 95.208 -435.75 3770.7 101.14 -414.01 3843.9 70.021
2.625 -410.13 3759.7 94.941 -438 3783.7 101.16 -416.45 3855.9 69.93
2.6333 -412.41 3772.1 94.702 -440.28 3796.7 101.16 -418.89 3868 69.829
2.6417 -414.73 3784.8 94.49 -442.6 3809.8 101.16 -421.32 3880.1 69.723
2.65 -417.11 3797.5 94.308 -444.95 3822.9 101.14 -423.77 3892.3 69.618
2.6583 -419.57 3810.4 94.154 -447.34 3836.1 101.11 -426.24 3904.5 69.515
2.6667 -422.12 3823.5 94.027 -449.78 3849.3 101.07 -428.74 3916.7 69.418
2.675 -424.77 3836.6 93.923 -452.24 3862.5 101.01 -431.27 3929.1 69.325
2.6833 -427.5 3849.9 93.833 -454.77 3875.7 100.96 -433.82 3941.5 69.236
2.6917 -430.32 3863.2 93.758 -457.35 3888.9 100.89 -436.38 3954.1 69.146
2.7 -433.22 3876.8 93.694 -459.98 3902.1 100.82 -438.94 3966.7 69.052
2.7083 -436.18 3890.5 93.642 -462.68 3915.3 100.75 -441.49 3979.5 68.947
2.7167 -439.19 3904.4 93.606 -465.45 3928.5 100.7 -444.04 3992.3 68.828
2.725 -442.23 3918.5 93.593 -468.28 3941.6 100.65 -446.56 4005.2 68.692
2.7333 -445.28 3932.8 93.61 -471.17 3954.7 100.62 -449.08 4018.2 68.539
2.7417 -448.34 3947.2 93.668 -474.1 3967.9 100.61 -451.58 4031.3 68.37
2.75 -451.38 3961.6 93.776 -477.09 3981.1 100.61 -454.09 4044.3 68.191
2.7583 -454.42 3976.1 93.94 -480.09 3994.3 100.64 -456.61 4057.4 68.008
2.7667 -457.44 3990.5 94.159 -483.09 4007.6 100.68 -459.15 4070.5 67.829
2.775 -460.45 4004.9 94.439 -486.05 4020.9 100.73 -461.73 4083.5 67.666
2.7833 -463.44 4019 94.761 -488.92 4034.3 100.79 -464.34 4096.5 67.528
2.7917 -466.42 4033 95.121 -491.71 4047.7 100.84 -466.99 4109.4 67.426
2.8 -469.38 4046.6 95.497 -494.38 4061.2 100.9 -469.66 4122.3 67.365
2.8083 -472.29 4060.1 95.868 -496.89 4074.6 100.94 -472.34 4135.2 67.352
2.8167 -475.16 4073.2 96.211 -499.24 4088 100.96 -475 4148.1 67.386
2.825 -477.98 4086.1 96.505 -501.4 4101.3 100.97 -477.61 4160.9 67.468
2.8333 -480.75 4098.7 96.739 -503.39 4114.4 100.94 -480.15 4173.8 67.589
2.8417 -483.48 4111.1 96.906 -505.2 4127.4 100.89 -482.56 4186.7 67.742
2.85 -486.17 4123.4 97.01 -506.84 4140.1 100.81 -484.83 4199.6 67.915
2.8583 -488.85 4135.5 97.061 -508.32 4152.7 100.69 -486.92 4212.5 68.095
2.8667 -491.5 4147.5 97.071 -509.67 4165 100.54 -488.81 4225.5 68.27
2.875 -494.1 4159.5 97.055 -510.91 4177 100.35 -490.48 4238.6 68.429
2.8833 -496.64 4171.4 97.029 -512.05 4188.9 100.13 -491.93 4251.6 68.562
2.8917 -499.09 4183.3 97.011 -513.13 4200.6 99.871 -493.15 4264.7 68.663
2.9 -501.41 4195.1 97.017 -514.14 4212.2 99.583 -494.16 4277.7 68.727
2.9083 -503.59 4206.9 97.058 -515.12 4223.7 99.265 -494.95 4290.8 68.752
2.9167 -505.59 4218.6 97.143 -516.07 4235.2 98.92 -495.55 4303.8 68.74
2.925 -507.4 4230.3 97.275 -516.99 4246.7 98.549 -495.99 4316.7 68.693
2.9333 -509.02 4241.9 97.454 -517.89 4258.2 98.155 -496.26 4329.6 68.614
2.9417 -510.45 4253.5 97.674 -518.76 4269.7 97.744 -496.4 4342.5 68.507
2.95 -511.7 4265 97.927 -519.61 4281.3 97.318 -496.42 4355.2 68.374
2.9583 -512.82 4276.5 98.206 -520.43 4292.9 96.883 -496.33 4367.9 68.22
2.9667 -513.81 4287.9 98.501 -521.22 4304.6 96.444 -496.15 4380.5 68.045
2.975 -514.73 4299.2 98.803 -521.99 4316.3 96.005 -495.88 4393 67.85
2.9833 -515.59 4310.6 99.107 -522.71 4328.1 95.574 -495.53 4405.4 67.633
2.9917 -516.43 4321.8 99.408 -523.41 4340 95.155 -495.1 4417.8 67.395
3 -517.27 4333.1 99.701 -524.09 4351.8 94.751 -494.61 4430.1 67.132
3.0083 -518.11 4344.2 99.987 -524.74 4363.7 94.366 -494.05 4442.4 66.843
3.0167 -518.96 4355.4 100.27 -525.38 4375.7 94.002 -493.43 4454.6 66.526
3.025 -519.79 4366.5 100.54 -526 4387.7 93.66 -492.77 4466.8 66.18
3.0333 -520.61 4377.5 100.81 -526.6 4399.7 93.341 -492.06 4479 65.807
3.0417 -521.37 4388.6 101.08 -527.2 4411.8 93.044 -491.32 4491.1 65.407
3.05 -522.06 4399.7 101.35 -527.78 4424 92.768 -490.56 4503.2 64.986
3.0583 -522.65 4410.8 101.62 -528.34 4436.3 92.513 -489.78 4515.3 64.546
3.0667 -523.13 4422 101.89 -528.87 4448.7 92.278 -488.99 4527.3 64.094
3.075 -523.49 4433.3 102.16 -529.38 4461.2 92.063 -488.21 4539.4 63.634
3.0833 -523.73 4444.7 102.42 -529.84 4473.7 91.868 -487.43 4551.4 63.174
3.0917 -523.85 4456.2 102.67 -530.26 4486.3 91.694 -486.66 4563.4 62.717
3.1 -523.88 4467.9 102.9 -530.62 4498.9 91.541 -485.9 4575.5 62.268
3.1083 -523.83 4479.7 103.1 -530.93 4511.6 91.413 -485.14 4587.5 61.829
3.1167 -523.73 4491.6 103.29 -531.16 4524.3 91.308 -484.38 4599.5 61.402
3.125 -523.6 4503.7 103.46 -531.33 4537.1 91.228 -483.6 4611.5 60.986
3.1333 -523.46 4516 103.59 -531.42 4549.9 91.171 -482.8 4623.5 60.579
3.1417 -523.33 4528.4 103.71 -531.42 4562.7 91.138 -481.96 4635.5 60.176
3.15 -523.22 4540.9 103.81 -531.33 4575.5 91.125 -481.06 4647.6 59.774
3.1583 -523.16 4553.5 103.88 -531.16 4588.3 91.124 -480.1 4659.6 59.367
3.1667 -523.12 4566.2 103.92 -530.89 4601.2 91.135 -479.05 4671.7 58.951
3.175 -523.1 4578.9 103.94 -530.52 4614.1 91.149 -477.91 4683.8 58.522
3.1833 -523.09 4591.6 103.93 -530.04 4627.1 91.16 -476.67 4695.9 58.078
3.1917 -523.07 4604.4 103.9 -529.46 4640.1 91.156 -475.33 4708 57.618
3.2 -523.02 4617.3 103.85 -528.77 4653.2 91.132 -473.89 4720.2 57.144
3.2083 -522.94 4630.3 103.8 -527.97 4666.4 91.082 -472.37 4732.4 56.658
3.2167 -522.85 4643.4 103.74 -527.05 4679.6 91 -470.76 4744.7 56.165
3.225 -522.74 4656.7 103.69 -526 4692.9 90.883 -469.08 4757 55.67
3.2333 -522.62 4670.2 103.64 -524.85 4706.3 90.728 -467.35 4769.3 55.18
3.2417 -522.5 4683.9 103.58 -523.58 4719.8 90.538 -465.57 4781.6 54.699
3.25 -522.38 4697.8 103.51 -522.2 4733.3 90.317 -463.75 4794 54.231
3.2583 -522.26 4711.9 103.42 -520.73 4746.8 90.062 -461.91 4806.4 53.779
3.2667 -522.14 4726.1 103.27 -519.17 4760.4 89.787 -460.04 4818.9 53.344
3.275 -522.01 4740.4 103.08 -517.56 4774 89.494 -458.15 4831.4 52.925
3.2833 -521.86 4754.7 102.81 -515.92 4787.5 89.192 -456.22 4843.8 52.519
3.2917 -521.67 4768.9 102.47 -514.27 4800.9 88.888 -454.26 4856.3 52.123
3.3 -521.41 4782.9 102.07 -512.64 4814.3 88.588 -452.26 4868.8 51.73
3.3083 -521.06 4796.8 101.62 -511.06 4827.6 88.298 -450.21 4881.2 51.336
3.3167 -520.55 4810.5 101.11 -509.57 4840.8 88.024 -448.1 4893.6 50.937
3.325 -519.85 4824 100.58 -508.18 4853.8 87.77 -445.94 4906 50.528
3.3333 -518.95 4837.3 100.03 -506.91 4866.7 87.541 -443.74 4918.3 50.108
3.3417 -517.86 4850.4 99.474 -505.79 4879.4 87.336 -441.49 4930.5 49.676
3.35 -516.58 4863.3 98.926 -504.8 4891.8 87.158 -439.22 4942.7 49.235
3.3583 -515.15 4876 98.396 -503.95 4904.1 87.006 -436.96 4954.8 48.786
3.3667 -513.59 4888.6 97.886 -503.23 4916.1 86.879 -434.71 4966.8 48.335
3.375 -511.91 4901.1 97.396 -502.62 4927.8 86.773 -432.51 4978.7 47.886
3.3833 -510.12 4913.5 96.92 -502.09 4939.4 86.684 -430.38 4990.5 47.443
3.3917 -508.24 4925.9 96.453 -501.62 4950.7 86.609 -428.35 5002.3 47.011
3.4 -506.28 4938.2 95.986 -501.17 4961.7 86.541 -426.44 5014 46.592
3.4083 -504.28 4950.6 95.511 -500.73 4972.6 86.476 -424.64 5025.7 46.191
3.4167 -502.26 4962.8 95.023 -500.26 4983.4 86.409 -422.99 5037.3 45.807
3.425 -500.25 4975.1 94.516 -499.75 4994 86.335 -421.47 5048.9 45.443
3.4333 -498.28 4987.2 93.988 -499.18 5004.5 86.251 -420.07 5060.4 45.098
3.4417 -496.37 4999.2 93.44 -498.56 5015 86.156 -418.8 5072 44.773
3.45 -494.54 5011.2 92.876 -497.86 5025.4 86.05 -417.64 5083.5 44.469
3.4583 -492.81 5023 92.3 -497.11 5035.9 85.93 -416.57 5095 44.186
3.4667 -491.17 5034.7 91.722 -496.32 5046.3 85.801 -415.57 5106.5 43.925
3.475 -489.63 5046.3 91.15 -495.49 5056.9 85.664 -414.64 5118 43.687
3.4833 -488.18 5057.8 90.592 -494.63 5067.5 85.522 -413.76 5129.5 43.471
3.4917 -486.8 5069.1 90.054 -493.77 5078.1 85.379 -412.92 5140.9 43.278
3.5 -485.48 5080.5 89.541 -492.91 5088.9 85.235 -412.11 5152.3 43.105
3.5083 -484.19 5091.8 89.051 -492.06 5099.7 85.094 -411.33 5163.7 42.948
3.5167 -482.92 5103 88.581 -491.21 5110.5 84.955 -410.57 5175 42.804
3.525 -481.64 5114.2 88.124 -490.37 5121.4 84.819 -409.84 5186.2 42.667
3.5333 -480.36 5125.4 87.669 -489.53 5132.4 84.683 -409.14 5197.4 42.53
3.5417 -479.06 5136.6 87.205 -488.67 5143.4 84.544 -408.47 5208.4 42.386
3.55 -477.74 5147.8 86.72 -487.8 5154.5 84.4 -407.83 5219.4 42.227
3.5583 -476.42 5159 86.203 -486.9 5165.6 84.246 -407.22 5230.4 42.049
3.5667 -475.11 5170.2 85.647 -485.96 5176.8 84.08 -406.65 5241.2 41.846
3.575 -473.82 5181.4 85.05 -484.98 5188 83.899 -406.1 5252 41.619
3.5833 -472.58 5192.6 84.412 -483.95 5199.3 83.702 -405.59 5262.8 41.368
3.5917 -471.39 5203.8 83.744 -482.87 5210.6 83.488 -405.09 5273.6 41.095
3.6 -470.26 5215.1 83.057 -481.76 5222 83.251 -404.61 5284.3 40.806
3.6083 -469.17 5226.4 82.369 -480.61 5233.5 82.996 -404.14 5295 40.507
3.6167 -468.17 5237.7 81.697 -479.38 5244.8 82.674 -403.67 5305.8 40.204
3.625 -467.2 5249 81.058 -478.18 5256.4 82.385 -403.19 5316.6 39.905
3.6333 -466.27 5260.5 80.467 -476.86 5268 82.134 -402.68 5327.5 39.614
3.6417 -465.36 5271.9 79.933 -475.56 5279.8 81.904 -402.15 5338.5 39.333
3.65 -464.46 5283.5 79.454 -474.3 5291.6 81.683 -401.58 5349.5 39.062
3.6583 -463.53 5295.2 79.037 -473.01 5303.6 81.502 -400.97 5360.7 38.802
3.6667 -462.59 5306.9 78.662 -471.72 5315.5 81.323 -400.32 5371.9 38.547
3.675 -461.6 5318.8 78.349 -470.57 5327.4 81.123 -399.61 5383.1 38.283
3.6833 -460.56 5330.8 78.022 -469.34 5339.4 80.951 -398.87 5394.4 38.029
3.6917 -459.46 5342.9 77.737 -468.04 5351.5 80.816 -398.08 5405.8 37.762
3.7 -458.32 5355 77.462 -466.87 5363.5 80.63 -397.25 5417.2 37.481
3.7083 -457.17 5367.3 77.199 -465.65 5375.5 80.444 -396.37 5428.7 37.183
3.7167 -456 5379.6 76.935 -464.4 5387.6 80.277 -395.45 5440.2 36.873
3.725 -454.82 5392.1 76.671 -463.16 5399.7 80.097 -394.48 5451.6 36.551
3.7333 -453.65 5404.7 76.397 -461.92 5411.8 79.906 -393.46 5463.2 36.222
3.7417 -452.53 5417.3 76.121 -460.71 5423.8 79.686 -392.39 5474.7 35.892
3.75 -451.37 5430.4 75.829 -459.45 5435.9 79.513 -391.25 5486.3 35.563
3.7583 -450.24 5443.5 75.547 -458.24 5447.9 79.308 -390.03 5497.9 35.241
3.7667 -449.15 5456.8 75.282 -457.04 5459.9 79.099 -388.74 5509.6 34.929
3.775 -448.06 5470.4 75.041 -455.82 5471.9 78.917 -387.36 5521.4 34.627
3.7833 -446.98 5484.1 74.838 -454.58 5483.9 78.74 -385.9 5533.2 34.334
3.7917 -445.92 5497.8 74.679 -453.38 5495.9 78.545 -384.36 5545.2 34.051
3.8 -444.8 5511.7 74.575 -452.12 5507.8 78.368 -382.74 5557.2 33.77
3.8083 -443.67 5525.4 74.52 -450.81 5519.8 78.194 -381.06 5569.3 33.49
3.8167 -442.56 5538.8 74.513 -449.46 5531.7 77.967 -379.33 5581.4 33.205
3.825 -441.26 5552.3 74.536 -448.02 5543.7 77.779 -377.59 5593.6 32.921
3.8333 -439.99 5565.3 74.572 -446.52 5555.6 77.515 -375.83 5605.7 32.629
3.8417 -438.76 5577.8 74.602 -444.86 5567.7 77.214 -374.05 5617.8 32.332
3.85 -437.24 5590.3 74.595 -443.13 5579.7 76.921 -372.31 5629.7 32.036
3.8583 -435.81 5602.1 74.539 -441.18 5591.9 76.568 -370.55 5641.6 31.741
3.8667 -434.33 5613.7 74.397 -439.14 5604.1 76.161 -368.77 5653.4 31.45
3.875 -432.82 5624.8 74.17 -436.96 5616.4 75.708 -366.96 5665 31.167
3.8833 -431.29 5635.7 73.847 -434.49 5628.7 75.251 -365.08 5676.4 30.893
3.8917 -429.73 5646.4 73.429 -431.88 5641 74.706 -363.08 5687.7 30.627
3.9 -428.12 5656.9 72.934 -429.17 5653.1 74.086 -360.93 5699 30.365
3.9083 -426.44 5667.2 72.379 -426.35 5665 73.406 -358.57 5710.1 30.101
3.9167 -424.64 5677.5 71.785 -423.46 5676.8 72.678 -355.96 5721.1 29.828
3.925 -422.69 5687.6 71.176 -420.5 5688.4 71.908 -353.06 5732.1 29.538
3.9333 -420.53 5697.6 70.573 -417.48 5699.7 71.103 -349.85 5743.1 29.223
3.9417 -418.13 5707.5 69.996 -414.4 5710.9 70.266 -346.31 5754 28.874
3.95 -415.45 5717.1 69.46 -411.28 5721.8 69.4 -342.44 5764.9 28.488
3.9583 -412.51 5726.6 68.974 -408.09 5732.4 68.51 -338.25 5775.8 28.064
3.9667 -409.32 5735.8 68.543 -404.82 5742.9 67.6 -333.77 5786.6 27.603
3.975 -405.92 5744.8 68.164 -401.46 5753.2 66.673 -329.04 5797.4 27.111
3.9833 -402.34 5753.5 67.832 -397.99 5763.3 65.734 -324.09 5808.1 26.596
3.9917 -398.6 5762.1 67.537 -394.39 5773.3 64.788 -318.96 5818.6 26.069
4 -394.74 5770.5 67.266 -390.65 5783.1 63.841 -313.7 5829 25.54
4.0083 -390.76 5778.8 67.003 -386.76 5792.9 62.899 -308.34 5839.3 25.018
4.0167 -386.68 5786.9 66.737 -382.7 5802.7 61.968 -302.9 5849.3 24.512
4.025 -382.52 5795 66.459 -378.49 5812.4 61.056 -297.43 5859.1 24.027
4.0333 -378.31 5803 66.163 -374.11 5822 60.169 -291.91 5868.8 23.566
4.0417 -374.07 5811.1 65.847 -369.58 5831.6 59.312 -286.36 5878.2 23.128
4.05 -369.84 5819.1 65.514 -364.92 5841.1 58.497 -280.79 5887.4 22.709
4.0583 -365.65 5827.2 65.17 -360.12 5850.5 57.709 -275.18 5896.4 22.302
4.0667 -361.48 5835.4 64.819 -355.22 5859.8 56.971 -269.53 5905.3 21.9
4.075 -357.34 5843.5 64.47 -350.21 5869 56.273 -263.84 5914 21.494
4.0833 -353.21 5851.7 64.13 -345.1 5878.1 55.618 -258.1 5922.5 21.074
4.0917 -349.09 5859.8 63.806 -339.9 5887.2 55.004 -252.3 5930.9 20.635
4.1 -344.96 5868 63.504 -334.6 5896.1 54.431 -246.45 5939.2 20.17
4.1083 -340.78 5876.2 63.227 -329.2 5905 53.895 -240.53 5947.3 19.677
4.1167 -336.55 5884.3 62.976 -323.7 5913.8 53.395 -234.56 5955.4 19.155
4.125 -332.24 5892.5 62.75 -318.08 5922.6 52.929 -228.53 5963.3 18.609
4.1333 -327.83 5900.8 62.543 -312.34 5931.3 52.494 -222.45 5971.1 18.043
4.1417 -323.28 5909.1 62.352 -306.48 5940 52.091 -216.29 5978.8 17.463
4.15 -318.59 5917.4 62.171 -300.48 5948.7 51.717 -210.08 5986.4 16.879
4.1583 -313.73 5925.8 61.996 -294.36 5957.4 51.373 -203.79 5994 16.297
4.1667 -308.67 5934.2 61.823 -288.12 5966 51.058 -197.43 6001.4 15.726
4.175 -303.4 5942.7 61.651 -281.75 5974.5 50.774 -190.99 6008.8 15.172
4.1833 -297.88 5951.2 61.49 -275.28 5983 50.514 -184.48 6016.1 14.639
4.1917 -292.11 5959.7 61.334 -268.69 5991.4 50.286 -177.87 6023.3 14.13
4.2 -286.09 5968.3 61.19 -262.01 5999.7 50.086 -171.18 6030.5 13.643
4.2083 -279.84 5976.9 61.064 -255.23 6007.8 49.909 -164.41 6037.6 13.178
4.2167 -273.4 5985.5 60.95 -248.36 6015.8 49.755 -157.54 6044.6 12.729
4.225 -266.82 5994.1 60.846 -241.39 6023.7 49.621 -150.59 6051.6 12.29
4.2333 -260.12 6002.8 60.751 -234.32 6031.4 49.5 -143.53 6058.4 11.855
4.2417 -253.35 6011.4 60.651 -227.14 6039.1 49.388 -136.37 6065.1 11.418
4.25 -246.51 6020 60.543 -219.86 6046.6 49.277 -129.08 6071.8 10.973
4.2583 -239.61 6028.7 60.417 -212.45 6054 49.161 -121.67 6078.3 10.516
4.2667 -232.63 6037.4 60.264 -204.91 6061.3 49.036 -114.11 6084.6 10.047
4.275 -225.58 6046.2 60.083 -197.24 6068.5 48.892 -106.39 6090.9 9.5649
4.2833 -218.43 6055.1 59.866 -189.42 6075.7 48.727 -98.495 6097.1 9.0729
4.2917 -211.15 6064 59.611 -181.45 6082.7 48.537 -90.422 6103.1 8.5743
4.3 -203.7 6073.1 59.312 -173.34 6089.7 48.319 -82.17 6109.1 8.0767
4.3083 -196.07 6082.2 58.964 -165.09 6096.6 48.072 -73.747 6115 7.5847
4.3167 -188.21 6091.3 58.559 -156.7 6103.4 47.797 -65.171 6120.8 7.104
4.325 -180.14 6100.4 58.097 -148.19 6110.1 47.496 -56.467 6126.6 6.6396
4.3333 -171.82 6109.4 57.573 -139.57 6116.8 47.171 -47.669 6132.3 6.1927
4.3417 -163.29 6118.2 56.989 -130.86 6123.4 46.826 -38.815 6138 5.7624
4.35 -154.58 6126.8 56.353 -122.08 6129.9 46.464 -29.946 6143.6 5.3477
4.3583 -145.73 6135.1 55.679 -113.26 6136.3 46.088 -21.103 6149.1 4.941
4.3667 -136.77 6143.1 54.972 -104.43 6142.8 45.704 -12.321 6154.5 4.5359
4.375 -127.75 6150.8 54.25 -95.605 6149.2 45.313 -3.63 6159.9 4.1246
4.3833 -118.71 6158.2 53.525 -86.829 6155.5 44.92 4.9494 6165.1 3.6978
4.3917 -109.69 6165.2 52.807 -78.128 6161.9 44.524 13.407 6170.3 3.2496
4.4 -100.72 6171.9 52.101 -69.53 6168.2 44.13 21.742 6175.3 2.7739
4.4083 -91.823 6178.4 51.409 -61.062 6174.6 43.735 29.963 6180.2 2.2684
4.4167 -83.001 6184.6 50.724 -52.746 6180.9 43.339 38.087 6184.9 1.7332
4.425 -74.249 6190.7 50.037 -44.602 6187.1 42.942 46.133 6189.6 1.1717
4.4333 -65.546 6196.6 49.337 -36.636 6193.2 42.537 54.122 6194.2 0.58954
4.4417 -56.861 6202.4 48.614 -28.852 6199.3 42.119 62.077 6198.8 359.99
4.45 -48.166 6208.1 47.858 -21.253 6205.2 41.685 70.012 6203.3 359.39
4.4583 -39.442 6213.7 47.065 -13.823 6211 41.229 77.941 6207.7 358.8
4.4667 -30.68 6219.1 46.228 -6.5516 6216.6 40.746 85.866 6212.1 358.21
4.475 -21.881 6224.4 45.35 0.59312 6222.1 40.226 93.786 6216.5 357.63
4.4833 -13.053 6229.6 44.433 7.6377 6227.4 39.666 101.69 6220.9 357.07
4.4917 -4.2268 6234.6 43.482 14.605 6232.6 39.069 109.58 6225.3 356.53
4.5 4.5759 6239.5 42.503 21.529 6237.7 38.432 117.42 6229.6 355.99
4.5083 13.326 6244.2 41.507 28.439 6242.6 37.758 125.2 6233.9 355.45
4.5167 22.001 6248.8 40.503 35.362 6247.5 37.049 132.92 6238.2 354.92
4.525 30.586 6253.2 39.496 42.319 6252.3 36.315 140.56 6242.4 354.37
4.5333 39.082 6257.5 38.495 49.337 6257.1 35.551 148.11 6246.6 353.81
4.5417 47.495 6261.7 37.499 56.423 6261.9 34.776 155.57 6250.7 353.22
4.55 55.843 6265.8 36.512 63.593 6266.6 33.982 162.96 6254.7 352.63
4.5583 64.15 6269.7 35.529 70.85 6271.3 33.182 170.27 6258.6 352.01
4.5667 72.438 6273.5 34.545 78.195 6276.1 32.374 177.52 6262.5 351.39
4.575 80.725 6277.3 33.556 85.629 6280.8 31.561 184.72 6266.3 350.76
4.5833 89.028 6280.9 32.553 93.148 6285.4 30.739 191.89 6270 350.13
4.5917 97.353 6284.5 31.529 100.75 6290 29.906 199.04 6273.6 349.52
4.6 105.7 6288 30.476 108.42 6294.5 29.059 206.19 6277.2 348.91
4.6083 114.05 6291.4 29.384 116.17 6298.9 28.193 213.34 6280.7 348.33
4.6167 122.41 6294.8 28.251 123.99 6303.3 27.305 220.49 6284.1 347.75
4.625 130.75 6298.2 27.076 131.87 6307.5 26.391 227.64 6287.4 347.2
4.6333 139.05 6301.6 25.859 139.81 6311.6 25.447 234.8 6290.6 346.65
4.6417 147.31 6305.1 24.612 147.72 6315.5 24.44 241.95 6293.7 346.1
4.65 155.53 6308.6 23.343 155.53 6319.2 23.344 249.1 6296.7 345.55
4.6583 163.7 6312.2 22.076 163.45 6322.8 22.248 256.23 6299.6 344.97
4.6667 171.82 6315.8 20.809 171.55 6326.3 21.162 263.34 6302.5 344.38
4.675 179.79 6319.5 19.624 179.62 6329.7 20.015 270.5 6305.2 343.76
4.6833 187.77 6323.2 18.456 187.95 6333.1 18.989 277.57 6307.8 343.1
4.6917 196.05 6326.9 17.28 196.52 6336.4 18.044 284.63 6310.4 342.42
4.7 204.21 6330.7 16.19 205.16 6339.7 17.119 291.65 6312.9 341.7
4.7083 212.42 6334.5 15.186 215.35 6342.7 16.73 298.62 6315.4 340.97
4.7167 220.62 6338.4 14.277 224.69 6345.9 16.071 305.67 6317.8 340.23
4.725 228.98 6342.2 13.406 233.93 6349.1 15.37 312.77 6320.2 339.49
4.7333 237.4 6346.1 12.605 243.16 6352.2 14.661 319.92 6322.5 338.75
4.7417 245.94 6350 11.836 252.34 6355.3 13.928 327.12 6324.7 338.02
4.75 254.58 6353.8 11.127 261.67 6358.3 13.22 334.37 6327 337.31
4.7583 263.28 6357.7 10.392 271 6361.3 12.56 341.71 6329.1 336.62
4.7667 272.03 6361.6 9.7299 280.56 6364.2 11.887 349.16 6331.2 335.96
4.775 280.79 6365.2 9.0364 289.92 6367.1 11.145 356.73 6333.3 335.32
4.7833 290.07 6369 8.2864 299.43 6369.9 10.524 364.37 6335.2 334.69
4.7917 299.1 6372.6 7.591 308.98 6372.6 9.8611 372.13 6337.1 334.07
4.8 308.24 6376.1 6.8816 318.37 6375.3 9.1382 380 6338.9 333.44
4.8083 317.48 6379.4 6.1597 327.85 6378 8.4379 387.98 6340.6 332.81
4.8167 326.74 6382.7 5.4616 337.38 6380.6 7.7806 396.07 6342.1 332.15
4.825 336.04 6385.9 4.7791 346.87 6383.2 7.1009 404.29 6343.6 331.48
4.8333 345.37 6389 4.1264 356.39 6385.8 6.4403 412.64 6345 330.79
4.8417 354.58 6392 3.5245 365.87 6388.4 5.6999 421.13 6346.3 330.07
4.85 363.96 6395 2.939 375.32 6391 5.0339 429.73 6347.4 329.34
4.8583 373.52 6398.2 2.3652 384.85 6393.6 4.4747 438.46 6348.5 328.59
4.8667 382.86 6401.1 1.8461 394.46 6396 3.7647 447.38 6349.5 327.85
4.875 392.36 6404 1.305 404.07 6398.5 3.111 456.36 6350.4 327.08
4.8833 401.69 6406.9 0.77159 413.68 6400.8 2.4592 465.52 6351.2 326.36
4.8917 411.11 6409.7 0.14191 423.11 6403.2 1.7157 474.71 6351.8 325.61
4.9 420.32 6412.4 359.49 433.17 6405.1 1.1167 484.01 6352.5 324.92
4.9083 429.31 6414.8 358.78 442.84 6407 0.29866 493.41 6353 324.23
4.9167 438.22 6417.1 357.93 452.68 6408.8 359.56 502.8 6353.4 323.57
4.925 446.93 6419.1 357.1 462.33 6410.4 358.54 512.29 6353.7 322.91
4.9333 455.41 6421 356.04 471.78 6412.2 357.48 521.69 6353.8 322.26
4.9417 463.74 6422.7 354.98 481.79 6413.3 356.49 531.07 6353.8 321.63
4.95 471.78 6424.4 353.79 492.12 6414.3 355.58 540.38 6353.6 320.99
4.9583 479.7 6425.9 352.56 502.43 6414.9 354.58 549.66 6353.2 320.35
4.9667 487.48 6427.3 351.31 512.69 6415.2 353.5 558.84 6352.6 319.7
4.975 495.16 6428.6 350.06 522.63 6415.2 352.25 567.96 6351.7 319.03
4.9833 502.78 6429.9 348.82 532.41 6415.1 350.9 576.99 6350.5 318.34
4.9917 510.36 6431 347.62 542.1 6414.7 349.5 585.95 6349.1 317.64
5 517.93 6432 346.49 551.68 6414.2 348.05 594.85 6347.4 316.93
5.0083 525.47 6432.9 345.42 561.17 6413.4 346.58 603.68 6345.4 316.21
5.0167 532.99 6433.4 344.42 570.55 6412.5 345.08 612.46 6343.1 315.48
5.025 540.45 6433.7 343.48 579.82 6411.3 343.56 621.19 6340.4 314.74
5.0333 547.84 6433.7 342.59 588.99 6409.9 342.04 629.86 6337.5 314
5.0417 555.13 6433.4 341.72 598.05 6408.2 340.51 638.48 6334.3 313.27
5.05 562.34 6432.9 340.87 607 6406.4 338.99 647.04 6330.9 312.54
5.0583 569.45 6432.1 340 615.85 6404.3 337.47 655.53 6327.2 311.81
5.0667 576.48 6431.2 339.11 624.6 6401.9 335.96 663.94 6323.2 311.09
5.075 583.43 6430.2 338.18 633.26 6399.4 334.46 672.27 6319.1 310.38
5.0833 590.31 6428.9 337.21 641.83 6396.6 332.99 680.5 6314.8 309.68
5.0917 597.14 6427.6 336.21 650.32 6393.6 331.53 688.63 6310.4 309
5.1 603.94 6426.2 335.17 658.71 6390.4 330.11 696.67 6305.8 308.34
5.1083 610.71 6424.8 334.12 667.02 6387 328.72 704.59 6301.1 307.69
5.1167 617.48 6423.3 333.06 675.25 6383.4 327.37 712.42 6296.2 307.08
5.125 624.25 6421.8 332.02 683.37 6379.7 326.08 720.15 6291.3 306.49
5.1333 631.02 6420.3 331 691.44 6375.8 324.82 727.79 6286.4 305.93
5.1417 637.79 6418.7 330.02 699.41 6371.7 323.62 735.33 6281.3 305.4
5.15 644.56 6417.1 329.09 707.29 6367.6 322.47 742.8 6276.1 304.9
5.1583 651.31 6415.4 328.2 715.09 6363.2 321.37 750.18 6270.9 304.43
5.1667 658.03 6413.6 327.36 722.81 6358.8 320.33 757.49 6265.6 303.98
5.175 664.72 6411.7 326.57 730.45 6354.2 319.33 764.72 6260.2 303.55
5.1833 671.36 6409.7 325.81 738.03 6349.5 318.37 771.88 6254.8 303.14
5.1917 677.96 6407.5 325.09 745.55 6344.6 317.46 778.97 6249.2 302.73
5.2 684.53 6405.2 324.39 753.03 6339.7 316.59 785.98 6243.6 302.34
5.2083 691.07 6402.8 323.72 760.46 6334.6 315.76 792.92 6238 301.94
5.2167 697.6 6400.2 323.06 767.86 6329.4 314.97 799.79 6232.2 301.54
5.225 704.15 6397.5 322.43 775.24 6324 314.21 806.59 6226.4 301.14
5.2333 710.71 6394.5 321.83 782.6 6318.6 313.49 813.33 6220.5 300.74
5.2417 717.31 6391.4 321.26 789.95 6313 312.82 820 6214.6 300.35
5.25 723.94 6388 320.73 797.28 6307.3 312.19 826.62 6208.6 299.96
5.2583 730.62 6384.3 320.25 804.59 6301.5 311.6 833.19 6202.5 299.58
5.2667 737.33 6380.4 319.83 811.87 6295.5 311.05 839.71 6196.4 299.22
5.275 744.07 6376.1 319.48 819.13 6289.4 310.55 846.18 6190.2 298.87
5.2833 750.83 6371.5 319.19 826.35 6283.1 310.1 852.59 6183.9 298.53
5.2917 757.6 6366.6 318.97 833.53 6276.7 309.69 858.95 6177.5 298.22
5.3 764.38 6361.3 318.81 840.65 6270.1 309.33 865.25 6171.1 297.92
5.3083 771.17 6355.8 318.7 847.72 6263.4 309 871.49 6164.6 297.63
5.3167 777.98 6349.9 318.63 854.73 6256.5 308.7 877.66 6158 297.34
5.325 784.81 6343.8 318.59 861.68 6249.5 308.42 883.76 6151.3 297.06
5.3333 791.66 6337.3 318.56 868.58 6242.3 308.17 889.78 6144.5 296.77
5.3417 798.56 6330.6 318.54 875.43 6234.9 307.93 895.74 6137.6 296.48
5.35 805.5 6323.6 318.51 882.24 6227.4 307.7 901.63 6130.5 296.18
5.3583 812.49 6316.3 318.47 889.01 6219.6 307.48 907.46 6123.2 295.87
5.3667 819.55 6308.7 318.4 895.75 6211.6 307.25 913.25 6115.8 295.56
5.375 826.68 6300.8 318.31 902.48 6203.4 307.02 919.01 6108.2 295.25
5.3833 833.87 6292.6 318.21 909.18 6194.9 306.79 924.74 6100.5 294.95
5.3917 841.14 6284.1 318.08 915.87 6186.1 306.55 930.47 6092.5 294.66
5.4 848.47 6275.3 317.95 922.54 6177 306.31 936.19 6084.3 294.38
5.4083 855.85 6266.2 317.81 929.18 6167.7 306.06 941.91 6075.9 294.13
5.4167 863.27 6256.8 317.66 935.8 6158.1 305.82 947.64 6067.3 293.91
5.425 870.69 6247.2 317.51 942.38 6148.3 305.58 953.38 6058.6 293.72
5.4333 878.1 6237.3 317.35 948.91 6138.3 305.35 959.12 6049.6 293.56
5.4417 885.46 6227.2 317.17 955.39 6128.2 305.14 964.85 6040.6 293.42
5.45 892.75 6217 316.99 961.82 6118 304.94 970.57 6031.4 293.3
5.4583 899.92 6206.7 316.78 968.18 6107.8 304.77 976.26 6022.2 293.19
5.4667 906.96 6196.2 316.56 974.47 6097.6 304.63 981.91 6012.9 293.09
5.475 913.83 6185.7 316.31 980.69 6087.6 304.51 987.53 6003.7 292.99
5.4833 920.53 6175.1 316.05 986.84 6077.8 304.43 993.11 5994.6 292.89
5.4917 927.05 6164.6 315.77 992.92 6068.1 304.38 998.63 5985.5 292.78
5.5 933.4 6154.2 315.48 998.94 6058.8 304.36 1004.1 5976.6 292.66
