0.0083333 -17.954 2.846 99.034 -49.838 96.196 87.863 -19.611 178.02 80.838
0.016667 -17.467 10.144 99.022 -49.721 105.03 87.796 -19.015 186.77 80.778
0.025 -16.996 17.686 99.017 -49.504 114.11 87.704 -18.392 195.61 80.713
0.033333 -16.544 25.501 99.016 -49.181 123.46 87.584 -17.734 204.56 80.641
0.041667 -16.113 33.62 99.02 -48.749 133.04 87.435 -17.032 213.66 80.562
0.05 -15.708 42.072 99.028 -48.21 142.85 87.255 -16.281 222.95 80.482
0.058333 -15.337 50.883 99.038 -47.565 152.86 87.045 -15.479 232.46 80.404
0.066667 -15.009 60.068 99.051 -46.818 163.02 86.81 -14.626 242.21 80.335
0.075 -14.737 69.632 99.065 -45.976 173.31 86.552 -13.725 252.2 80.284
0.083333 -14.535 79.568 99.078 -45.044 183.67 86.282 -12.781 262.44 80.255
0.091667 -14.414 89.847 99.089 -44.035 194.09 86.004 -11.798 272.9 80.254
0.1 -14.384 100.43 99.094 -42.958 204.53 85.729 -10.783 283.55 80.284
0.10833 -14.444 111.26 99.091 -41.833 214.98 85.456 -9.7424 294.36 80.342
0.11667 -14.585 122.27 99.076 -40.679 225.43 85.195 -8.6816 305.26 80.425
0.125 -14.793 133.4 99.044 -39.515 235.87 84.954 -7.606 316.21 80.525
0.13333 -15.039 144.57 98.993 -38.365 246.29 84.74 -6.5212 327.15 80.632
0.14167 -15.287 155.72 98.92 -37.257 256.69 84.558 -5.4334 338.03 80.737
0.15 -15.497 166.78 98.825 -36.216 267.08 84.415 -4.3509 348.82 80.828
0.15833 -15.629 177.72 98.707 -35.269 277.42 84.316 -3.2838 359.48 80.897
0.16667 -15.649 188.5 98.566 -34.436 287.72 84.269 -2.2462 370.01 80.937
0.175 -15.536 199.12 98.404 -33.738 297.95 84.278 -1.2549 380.41 80.946
0.18333 -15.282 209.56 98.224 -33.185 308.07 84.35 -0.33147 390.68 80.925
0.19167 -14.893 219.85 98.026 -32.783 318.05 84.486 0.5008 400.85 80.879
0.2 -14.386 230.01 97.814 -32.53 327.87 84.687 1.2155 410.94 80.818
0.20833 -13.783 240.06 97.591 -32.415 337.5 84.954 1.7857 420.98 80.752
0.21667 -13.106 250.05 97.356 -32.422 346.92 85.281 2.1851 431 80.694
0.225 -12.38 260.01 97.113 -32.527 356.12 85.662 2.3899 441.01 80.658
0.23333 -11.632 269.98 96.861 -32.706 365.12 86.088 2.3802 451.02 80.656
0.24167 -10.888 279.97 96.601 -32.933 373.92 86.55 2.1417 461.05 80.696
0.25 -10.179 290 96.333 -33.185 382.56 87.031 1.6666 471.09 80.785
0.25833 -9.5325 300.07 96.061 -33.439 391.06 87.533 0.95463 481.14 80.926
0.26667 -8.9691 310.16 95.785 -33.688 399.49 88.033 0.011463 491.17 81.117
0.275 -8.5053 320.26 95.508 -33.922 407.88 88.527 -1.1504 501.18 81.354
0.28333 -8.1501 330.37 95.237 -34.145 416.27 89.01 -2.5129 511.15 81.629
0.29167 -7.9063 340.44 94.976 -34.363 424.7 89.479 -4.0553 521.07 81.934
0.3 -7.7747 350.48 94.733 -34.59 433.2 89.93 -5.7533 530.93 82.26
0.30833 -7.747 360.46 94.514 -34.841 441.78 90.368 -7.5838 540.72 82.598
0.31667 -7.8154 370.38 94.325 -35.13 450.46 90.794 -9.5241 550.45 82.94
0.325 -7.9675 380.24 94.171 -35.473 459.24 91.213 -11.553 560.12 83.281
0.33333 -8.1926 390.04 94.053 -35.88 468.1 91.629 -13.655 569.74 83.618
0.34167 -8.4756 399.8 93.97 -36.356 477.04 92.046 -15.813 579.31 83.947
0.35 -8.8043 409.52 93.918 -36.904 486.05 92.466 -18.018 588.84 84.271
0.35833 -9.1681 419.21 93.89 -37.52 495.12 92.891 -20.261 598.34 84.589
0.36667 -9.558 428.89 93.879 -38.199 504.24 93.32 -22.536 607.83 84.903
0.375 -9.9691 438.57 93.874 -38.933 513.41 93.75 -24.838 617.29 85.216
0.38333 -10.397 448.25 93.869 -39.714 522.62 94.179 -27.163 626.75 85.528
0.39167 -10.843 457.93 93.854 -40.537 531.89 94.6 -29.507 636.21 85.841
0.4 -11.306 467.63 93.824 -41.397 541.22 95.01 -31.865 645.68 86.153
0.40833 -11.79 477.33 93.777 -42.295 550.62 95.4 -34.232 655.16 86.465
0.41667 -12.3 487.05 93.712 -43.231 560.09 95.768 -36.602 664.67 86.773
0.425 -12.843 496.78 93.631 -44.211 569.65 96.106 -38.971 674.21 87.076
0.43333 -13.428 506.53 93.539 -45.241 579.28 96.414 -41.332 683.8 87.373
0.44167 -14.063 516.31 93.442 -46.326 588.99 96.689 -43.681 693.44 87.66
0.45 -14.762 526.1 93.349 -47.473 598.77 96.931 -46.013 703.15 87.938
0.45833 -15.534 535.93 93.268 -48.686 608.61 97.142 -48.327 712.94 88.203
0.46667 -16.396 545.79 93.209 -49.969 618.52 97.325 -50.619 722.8 88.456
0.475 -17.36 555.7 93.18 -51.324 628.47 97.484 -52.892 732.74 88.696
0.48333 -18.431 565.67 93.185 -52.75 638.48 97.621 -55.147 742.77 88.922
0.49167 -19.616 575.71 93.228 -54.246 648.54 97.742 -57.387 752.87 89.135
0.5 -20.908 585.86 93.305 -55.812 658.65 97.848 -59.617 763.04 89.333
0.50833 -22.3 596.14 93.41 -57.444 668.83 97.943 -61.843 773.27 89.517
0.51667 -23.771 606.6 93.531 -59.143 679.06 98.029 -64.072 783.56 89.685
0.525 -25.294 617.26 93.656 -60.908 689.36 98.109 -66.312 793.91 89.836
0.53333 -26.842 628.15 93.774 -62.74 699.75 98.185 -68.571 804.3 89.97
0.54167 -28.394 639.27 93.877 -64.642 710.21 98.261 -70.86 814.74 90.085
0.55 -29.935 650.6 93.961 -66.617 720.76 98.34 -73.188 825.23 90.183
0.55833 -31.47 662.12 94.025 -68.67 731.4 98.426 -75.565 835.78 90.263
0.56667 -33.013 673.8 94.07 -70.808 742.13 98.524 -78.001 846.39 90.326
0.575 -34.583 685.62 94.096 -73.037 752.94 98.638 -80.505 857.07 90.373
0.58333 -36.208 697.59 94.098 -75.361 763.83 98.774 -83.085 867.83 90.407
0.59167 -37.912 709.69 94.082 -77.79 774.81 98.931 -85.75 878.67 90.429
0.6 -39.722 721.93 94.044 -80.324 785.86 99.115 -88.504 889.6 90.44
0.60833 -41.659 734.34 93.989 -82.967 797 99.322 -91.351 900.6 90.443
0.61667 -43.74 746.93 93.918 -85.718 808.22 99.553 -94.293 911.68 90.439
0.625 -45.959 759.72 93.837 -88.571 819.53 99.801 -97.331 922.82 90.428
0.63333 -48.311 772.73 93.752 -91.519 830.95 100.06 -100.46 934.02 90.411
0.64167 -50.779 785.94 93.674 -94.549 842.47 100.33 -103.68 945.24 90.39
0.65 -53.337 799.35 93.617 -97.645 854.11 100.59 -106.98 956.48 90.365
0.65833 -55.968 812.92 93.593 -100.79 865.87 100.85 -110.36 967.73 90.338
0.66667 -58.647 826.6 93.619 -103.95 877.75 101.09 -113.8 978.96 90.312
0.675 -61.359 840.34 93.709 -107.11 889.74 101.31 -117.3 990.16 90.29
0.68333 -64.092 854.05 93.874 -110.24 901.84 101.51 -120.84 1001.3 90.278
0.69167 -66.843 867.69 94.117 -113.31 914.02 101.68 -124.41 1012.4 90.282
0.7 -69.608 881.18 94.438 -116.29 926.25 101.83 -128.01 1023.5 90.306
0.70833 -72.391 894.47 94.83 -119.16 938.51 101.95 -131.6 1034.6 90.358
0.71667 -75.197 907.53 95.278 -121.9 950.77 102.05 -135.19 1045.6 90.441
0.725 -78.026 920.31 95.765 -124.5 962.97 102.12 -138.73 1056.6 90.561
0.73333 -80.88 932.79 96.268 -126.94 975.1 102.18 -142.23 1067.6 90.716
0.74167 -83.753 944.98 96.767 -129.21 987.11 102.22 -145.64 1078.6 90.907
0.75 -86.643 956.88 97.247 -131.33 998.98 102.23 -148.95 1089.6 91.129
0.75833 -89.548 968.54 97.697 -133.29 1010.7 102.23 -152.12 1100.6 91.374
0.76667 -92.46 979.98 98.112 -135.12 1022.2 102.21 -155.14 1111.8 91.632
0.775 -95.379 991.27 98.492 -136.83 1033.6 102.17 -157.98 1122.9 91.892
0.78333 -98.294 1002.4 98.838 -138.44 1044.8 102.1 -160.62 1134.2 92.14
0.79167 -101.19 1013.5 99.156 -139.96 1055.8 102.01 -163.03 1145.5 92.363
0.8 -104.06 1024.6 99.453 -141.43 1066.7 101.89 -165.2 1156.9 92.551
0.80833 -106.87 1035.6 99.738 -142.86 1077.5 101.75 -167.13 1168.3 92.692
0.81667 -109.59 1046.6 100.02 -144.27 1088.1 101.58 -168.82 1179.9 92.779
0.825 -112.21 1057.6 100.31 -145.67 1098.7 101.4 -170.26 1191.5 92.809
0.83333 -114.71 1068.6 100.61 -147.06 1109.3 101.19 -171.48 1203.1 92.783
0.84167 -117.06 1079.6 100.93 -148.46 1119.9 100.97 -172.49 1214.8 92.701
0.85 -119.25 1090.5 101.26 -149.86 1130.4 100.73 -173.3 1226.5 92.57
0.85833 -121.29 1101.4 101.62 -151.26 1141 100.49 -173.95 1238.3 92.397
0.86667 -123.18 1112.2 102 -152.67 1151.6 100.24 -174.47 1250 92.189
0.875 -124.94 1123 102.4 -154.07 1162.2 99.983 -174.87 1261.7 91.953
0.88333 -126.59 1133.7 102.81 -155.46 1173 99.725 -175.2 1273.4 91.697
0.89167 -128.17 1144.5 103.22 -156.82 1183.7 99.465 -175.46 1285 91.425
0.9 -129.71 1155.1 103.64 -158.17 1194.5 99.203 -175.67 1296.7 91.139
0.90833 -131.22 1165.8 104.05 -159.49 1205.4 98.942 -175.86 1308.3 90.842
0.91667 -132.74 1176.5 104.46 -160.78 1216.4 98.682 -176.03 1319.8 90.531
0.925 -134.28 1187.2 104.85 -162.05 1227.4 98.424 -176.19 1331.3 90.206
0.93333 -135.84 1197.9 105.23 -163.3 1238.5 98.171 -176.34 1342.8 89.864
0.94167 -137.43 1208.7 105.6 -164.54 1249.7 97.925 -176.47 1354.2 89.503
0.95 -139.04 1219.5 105.95 -165.78 1260.9 97.69 -176.6 1365.6 89.123
0.95833 -140.65 1230.3 106.29 -167.04 1272.2 97.469 -176.71 1377 88.725
0.96667 -142.24 1241.2 106.61 -168.31 1283.5 97.263 -176.8 1388.3 88.309
0.975 -143.8 1252.2 106.91 -169.61 1294.9 97.077 -176.86 1399.6 87.882
0.98333 -145.3 1263.2 107.19 -170.95 1306.4 96.911 -176.9 1410.9 87.446
0.99167 -146.72 1274.4 107.45 -172.31 1317.9 96.766 -176.92 1422.1 87.009
1 -148.07 1285.6 107.67 -173.7 1329.5 96.642 -176.91 1433.3 86.577
1.0083 -149.33 1297 107.86 -175.12 1341.2 96.537 -176.87 1444.6 86.154
1.0167 -150.51 1308.6 108.01 -176.54 1353 96.45 -176.81 1455.7 85.746
1.025 -151.61 1320.2 108.11 -177.96 1364.8 96.377 -176.72 1466.9 85.356
1.0333 -152.65 1332.1 108.18 -179.37 1376.7 96.316 -176.6 1478.1 84.983
1.0417 -153.64 1344.1 108.21 -180.74 1388.8 96.264 -176.45 1489.3 84.626
1.05 -154.62 1356.2 108.21 -182.07 1400.9 96.218 -176.28 1500.6 84.284
1.0583 -155.58 1368.5 108.2 -183.34 1413.1 96.176 -176.07 1511.8 83.951
1.0667 -156.57 1381 108.17 -184.54 1425.4 96.136 -175.82 1523.1 83.622
1.075 -157.6 1393.5 108.14 -185.68 1437.7 96.096 -175.53 1534.4 83.291
1.0833 -158.68 1406.2 108.11 -186.74 1450.2 96.054 -175.2 1545.7 82.955
1.0917 -159.82 1418.9 108.08 -187.74 1462.8 96.008 -174.82 1557 82.609
1.1 -161 1431.6 108.06 -188.67 1475.4 95.958 -174.4 1568.4 82.252
1.1083 -162.22 1444.3 108.04 -189.55 1488.1 95.896 -173.94 1579.8 81.884
1.1167 -163.46 1457 108.01 -190.38 1500.9 95.824 -173.45 1591.2 81.507
1.125 -164.7 1469.7 107.98 -191.16 1513.7 95.736 -172.93 1602.7 81.127
1.1333 -165.95 1482.4 107.95 -191.9 1526.6 95.631 -172.41 1614.2 80.749
1.1417 -167.19 1495.3 107.91 -192.6 1539.6 95.506 -171.88 1625.7 80.379
1.15 -168.44 1508.3 107.87 -193.27 1552.7 95.359 -171.37 1637.2 80.024
1.1583 -169.7 1521.4 107.81 -193.89 1565.7 95.191 -170.89 1648.8 79.688
1.1667 -170.98 1534.8 107.74 -194.48 1578.9 95.005 -170.45 1660.5 79.376
1.175 -172.28 1548.3 107.65 -195.02 1592.1 94.8 -170.06 1672.2 79.09
1.1833 -173.59 1562.1 107.54 -195.53 1605.3 94.586 -169.72 1684.1 78.83
1.1917 -174.93 1576.1 107.39 -196.01 1618.5 94.368 -169.45 1696 78.592
1.2 -176.28 1590.2 107.2 -196.47 1631.7 94.154 -169.24 1707.9 78.373
1.2083 -177.66 1604.4 106.97 -196.93 1644.9 93.955 -169.11 1719.9 78.166
1.2167 -179.06 1618.6 106.7 -197.4 1658.1 93.778 -169.04 1732 77.965
1.225 -180.45 1632.8 106.4 -197.9 1671.2 93.634 -169.05 1744.1 77.764
1.2333 -181.83 1646.8 106.06 -198.47 1684.2 93.53 -169.14 1756.2 77.557
1.2417 -183.15 1660.7 105.71 -199.11 1697.1 93.474 -169.33 1768.3 77.339
1.25 -184.39 1674.3 105.35 -199.85 1709.8 93.469 -169.6 1780.3 77.109
1.2583 -185.53 1687.8 105 -200.71 1722.4 93.519 -169.99 1792.3 76.867
1.2667 -186.55 1701.1 104.66 -201.7 1734.8 93.622 -170.51 1804.1 76.614
1.275 -187.44 1714.2 104.35 -202.81 1747.1 93.778 -171.16 1815.9 76.355
1.2833 -188.2 1727.1 104.07 -204.05 1759.2 93.981 -171.96 1827.6 76.094
1.2917 -188.85 1739.8 103.83 -205.41 1771.1 94.228 -172.93 1839.2 75.837
1.3 -189.4 1752.4 103.62 -206.88 1782.9 94.511 -174.06 1850.7 75.591
1.3083 -189.88 1765 103.45 -208.43 1794.5 94.825 -175.37 1862.2 75.361
1.3167 -190.32 1777.5 103.3 -210.06 1806 95.162 -176.86 1873.6 75.151
1.325 -190.77 1789.9 103.18 -211.75 1817.4 95.519 -178.52 1885.1 74.964
1.3333 -191.26 1802.3 103.07 -213.47 1828.7 95.891 -180.33 1896.6 74.802
1.3417 -191.82 1814.7 102.98 -215.22 1839.9 96.275 -182.29 1908.1 74.666
1.35 -192.49 1827 102.89 -217 1851.1 96.669 -184.39 1919.7 74.555
1.3583 -193.28 1839.2 102.81 -218.78 1862.2 97.073 -186.6 1931.3 74.466
1.3667 -194.2 1851.4 102.72 -220.59 1873.3 97.487 -188.92 1943.1 74.397
1.375 -195.26 1863.4 102.63 -222.42 1884.4 97.909 -191.32 1954.9 74.345
1.3833 -196.43 1875.3 102.53 -224.27 1895.5 98.34 -193.8 1966.7 74.306
1.3917 -197.71 1887 102.41 -226.15 1906.7 98.778 -196.35 1978.6 74.277
1.4 -199.1 1898.6 102.29 -228.08 1917.8 99.222 -198.96 1990.6 74.256
1.4083 -200.57 1910.1 102.15 -230.04 1928.9 99.669 -201.63 2002.5 74.24
1.4167 -202.11 1921.4 102 -232.05 1940.1 100.11 -204.35 2014.4 74.226
1.425 -203.7 1932.5 101.83 -234.11 1951.3 100.56 -207.14 2026.3 74.212
1.4333 -205.34 1943.6 101.67 -236.22 1962.5 100.99 -209.97 2038.1 74.195
1.4417 -207.03 1954.6 101.49 -238.38 1973.7 101.4 -212.86 2049.9 74.174
1.45 -208.75 1965.5 101.31 -240.58 1984.9 101.8 -215.79 2061.6 74.148
1.4583 -210.5 1976.4 101.13 -242.83 1996.2 102.17 -218.76 2073.3 74.115
1.4667 -212.29 1987.3 100.95 -245.11 2007.5 102.51 -221.77 2085 74.072
1.475 -214.13 1998.2 100.77 -247.44 2018.8 102.83 -224.81 2096.6 74.02
1.4833 -216 2009.2 100.58 -249.8 2030.2 103.11 -227.86 2108.2 73.957
1.4917 -217.91 2020.1 100.38 -252.2 2041.6 103.36 -230.92 2119.8 73.883
1.5 -219.87 2031.2 100.17 -254.64 2053.1 103.59 -233.99 2131.4 73.798
1.5083 -221.87 2042.3 99.954 -257.12 2064.7 103.78 -237.06 2143 73.701
1.5167 -223.91 2053.5 99.733 -259.64 2076.3 103.95 -240.12 2154.7 73.593
1.525 -225.99 2064.7 99.512 -262.2 2088 104.11 -243.18 2166.3 73.473
1.5333 -228.12 2076 99.299 -264.8 2099.7 104.24 -246.23 2178 73.341
1.5417 -230.29 2087.3 99.103 -267.44 2111.6 104.35 -249.28 2189.8 73.196
1.55 -232.5 2098.7 98.931 -270.13 2123.5 104.46 -252.32 2201.5 73.037
1.5583 -234.78 2110.1 98.79 -272.86 2135.4 104.54 -255.37 2213.3 72.865
1.5667 -237.12 2121.6 98.68 -275.64 2147.5 104.62 -258.43 2225.1 72.677
1.575 -239.54 2133.2 98.6 -278.46 2159.5 104.68 -261.49 2237 72.474
1.5833 -242.05 2145 98.543 -281.33 2171.7 104.73 -264.56 2248.8 72.256
1.5917 -244.65 2156.8 98.499 -284.24 2183.9 104.77 -267.64 2260.7 72.024
1.6 -247.34 2168.8 98.462 -287.2 2196.1 104.8 -270.73 2272.6 71.779
1.6083 -250.12 2181 98.425 -290.21 2208.4 104.81 -273.84 2284.6 71.525
1.6167 -252.98 2193.3 98.387 -293.28 2220.7 104.81 -276.95 2296.6 71.262
1.625 -255.92 2205.6 98.345 -296.41 2233.1 104.8 -280.07 2308.6 70.994
1.6333 -258.94 2218.1 98.294 -299.6 2245.5 104.79 -283.2 2320.7 70.721
1.6417 -262.03 2230.6 98.232 -302.86 2258 104.78 -286.33 2332.8 70.444
1.65 -265.2 2243.2 98.156 -306.2 2270.5 104.77 -289.47 2345 70.161
1.6583 -268.44 2255.9 98.063 -309.62 2283.1 104.76 -292.6 2357.3 69.87
1.6667 -271.76 2268.7 97.955 -313.12 2295.8 104.76 -295.74 2369.7 69.568
1.675 -275.15 2281.6 97.837 -316.71 2308.5 104.77 -298.86 2382.2 69.251
1.6833 -278.62 2294.8 97.715 -320.39 2321.3 104.79 -301.98 2394.7 68.915
1.6917 -282.18 2308.1 97.604 -324.15 2334.1 104.82 -305.08 2407.4 68.557
1.7 -285.82 2321.6 97.515 -327.99 2347 104.87 -308.18 2420.1 68.177
1.7083 -289.54 2335.4 97.465 -331.9 2359.9 104.92 -311.27 2433 67.775
1.7167 -293.34 2349.3 97.469 -335.86 2372.9 104.98 -314.35 2445.9 67.356
1.725 -297.2 2363.3 97.543 -339.84 2385.9 105.04 -317.44 2458.9 66.927
1.7333 -301.13 2377.5 97.699 -343.84 2399 105.09 -320.53 2471.9 66.499
1.7417 -305.11 2391.6 97.945 -347.8 2412.1 105.14 -323.63 2484.9 66.083
1.75 -309.12 2405.7 98.278 -351.72 2425.2 105.17 -326.75 2498 65.691
1.7583 -313.15 2419.6 98.691 -355.56 2438.4 105.18 -329.9 2511 65.335
1.7667 -317.19 2433.3 99.168 -359.29 2451.6 105.16 -333.06 2524 65.025
1.775 -321.2 2446.7 99.685 -362.88 2464.7 105.11 -336.23 2537 64.767
1.7833 -325.17 2459.9 100.22 -366.32 2477.9 105.03 -339.4 2549.9 64.564
1.7917 -329.08 2472.8 100.73 -369.6 2491 104.9 -342.55 2562.7 64.415
1.8 -332.91 2485.3 101.19 -372.69 2504 104.74 -345.65 2575.5 64.313
1.8083 -336.65 2497.6 101.58 -375.61 2516.9 104.52 -348.68 2588.3 64.248
1.8167 -340.3 2509.7 101.89 -378.34 2529.8 104.27 -351.59 2601 64.21
1.825 -343.86 2521.6 102.1 -380.9 2542.4 103.97 -354.36 2613.6 64.182
1.8333 -347.32 2533.3 102.22 -383.31 2554.9 103.63 -356.94 2626.3 64.153
1.8417 -350.67 2545 102.26 -385.56 2567.3 103.25 -359.32 2639 64.109
1.85 -353.91 2556.6 102.22 -387.69 2579.4 102.84 -361.46 2651.6 64.041
1.8583 -357.01 2568.2 102.13 -389.7 2591.3 102.4 -363.36 2664.3 63.941
1.8667 -359.95 2579.8 102.01 -391.61 2603.1 101.95 -365.01 2676.9 63.809
1.875 -362.71 2591.3 101.88 -393.44 2614.6 101.47 -366.41 2689.6 63.643
1.8833 -365.29 2602.9 101.75 -395.2 2626.1 100.98 -367.58 2702.2 63.45
1.8917 -367.67 2614.4 101.65 -396.89 2637.4 100.49 -368.54 2714.8 63.234
1.9 -369.86 2625.9 101.59 -398.53 2648.7 99.99 -369.32 2727.3 63.002
1.9083 -371.86 2637.3 101.57 -400.1 2659.9 99.489 -369.94 2739.8 62.761
1.9167 -373.68 2648.7 101.6 -401.62 2671.1 98.988 -370.44 2752.2 62.516
1.925 -375.35 2660 101.67 -403.07 2682.4 98.487 -370.84 2764.5 62.269
1.9333 -376.88 2671.2 101.79 -404.46 2693.7 97.987 -371.17 2776.7 62.021
1.9417 -378.3 2682.4 101.93 -405.77 2705.1 97.488 -371.43 2788.8 61.77
1.95 -379.63 2693.5 102.09 -407.01 2716.6 96.989 -371.64 2800.8 61.514
1.9583 -380.91 2704.6 102.27 -408.18 2728.2 96.493 -371.8 2812.7 61.248
1.9667 -382.16 2715.7 102.45 -409.26 2739.9 96 -371.9 2824.5 60.968
1.975 -383.4 2726.8 102.62 -410.27 2751.7 95.513 -371.95 2836.2 60.671
1.9833 -384.66 2737.8 102.78 -411.21 2763.5 95.036 -371.95 2847.9 60.356
1.9917 -385.94 2748.9 102.93 -412.09 2775.4 94.572 -371.87 2859.6 60.021
2 -387.26 2759.9 103.06 -412.9 2787.3 94.124 -371.72 2871.2 59.669
2.0083 -388.61 2771 103.18 -413.66 2799.2 93.695 -371.5 2882.8 59.302
2.0167 -389.98 2782 103.29 -414.38 2811.2 93.288 -371.2 2894.4 58.924
2.025 -391.36 2793.1 103.4 -415.06 2823.2 92.904 -370.83 2906.1 58.54
2.0333 -392.72 2804.2 103.49 -415.7 2835.2 92.543 -370.39 2917.7 58.154
2.0417 -394.05 2815.2 103.59 -416.31 2847.3 92.205 -369.88 2929.4 57.768
2.05 -395.31 2826.4 103.67 -416.88 2859.4 91.887 -369.32 2941.1 57.384
2.0583 -396.48 2837.6 103.76 -417.41 2871.5 91.589 -368.69 2952.8 57.005
2.0667 -397.54 2848.9 103.84 -417.91 2883.7 91.307 -368.01 2964.5 56.627
2.075 -398.48 2860.3 103.91 -418.35 2895.9 91.041 -367.27 2976.3 56.252
2.0833 -399.27 2871.8 103.97 -418.74 2908.2 90.79 -366.47 2988 55.878
2.0917 -399.92 2883.4 104.01 -419.06 2920.5 90.555 -365.61 2999.8 55.503
2.1 -400.42 2895.2 104.04 -419.32 2932.9 90.336 -364.68 3011.6 55.126
2.1083 -400.78 2907.1 104.06 -419.49 2945.4 90.135 -363.68 3023.4 54.749
2.1167 -401 2919.1 104.08 -419.58 2957.9 89.956 -362.61 3035.3 54.371
2.125 -401.09 2931.4 104.08 -419.58 2970.5 89.799 -361.45 3047.1 53.997
2.1333 -401.09 2943.8 104.09 -419.48 2983.1 89.667 -360.23 3059 53.627
2.1417 -401.03 2956.4 104.08 -419.27 2995.8 89.558 -358.93 3070.9 53.264
2.15 -400.94 2969 104.08 -418.95 3008.6 89.472 -357.55 3082.8 52.91
2.1583 -400.85 2981.8 104.06 -418.51 3021.5 89.402 -356.11 3094.8 52.565
2.1667 -400.79 2994.6 104.03 -417.95 3034.4 89.346 -354.61 3106.7 52.229
2.175 -400.75 3007.4 103.98 -417.25 3047.5 89.292 -353.04 3118.7 51.899
2.1833 -400.73 3020.3 103.9 -416.41 3060.7 89.233 -351.4 3130.7 51.572
2.1917 -400.74 3033.3 103.82 -415.42 3074 89.161 -349.7 3142.7 51.244
2.2 -400.76 3046.4 103.71 -414.28 3087.4 89.065 -347.92 3154.8 50.911
2.2083 -400.77 3059.6 103.6 -412.98 3100.9 88.939 -346.06 3167 50.57
2.2167 -400.78 3073.1 103.49 -411.53 3114.5 88.776 -344.12 3179.2 50.218
2.225 -400.75 3086.8 103.37 -409.91 3128.1 88.576 -342.08 3191.4 49.853
2.2333 -400.68 3100.7 103.25 -408.15 3141.8 88.338 -339.94 3203.8 49.477
2.2417 -400.53 3115 103.13 -406.25 3155.5 88.066 -337.71 3216.2 49.092
2.25 -400.29 3129.4 102.98 -404.24 3169.2 87.766 -335.37 3228.6 48.703
2.2583 -399.94 3144 102.81 -402.14 3182.8 87.444 -332.93 3241.1 48.315
2.2667 -399.48 3158.8 102.6 -399.98 3196.4 87.11 -330.4 3253.7 47.933
2.275 -398.9 3173.6 102.33 -397.78 3209.9 86.774 -327.8 3266.2 47.561
2.2833 -398.18 3188.3 102.02 -395.57 3223.3 86.444 -325.12 3278.8 47.203
2.2917 -397.33 3202.9 101.64 -393.39 3236.6 86.126 -322.4 3291.3 46.861
2.3 -396.31 3217.4 101.2 -391.27 3249.8 85.826 -319.64 3303.8 46.533
2.3083 -395.12 3231.6 100.7 -389.22 3262.8 85.547 -316.87 3316.2 46.217
2.3167 -393.74 3245.5 100.16 -387.27 3275.8 85.29 -314.1 3328.6 45.91
2.325 -392.17 3259.2 99.571 -385.41 3288.6 85.055 -311.33 3340.8 45.606
2.3333 -390.41 3272.6 98.954 -383.66 3301.2 84.839 -308.59 3352.9 45.3
2.3417 -388.48 3285.7 98.315 -382.01 3313.8 84.64 -305.89 3364.8 44.987
2.35 -386.39 3298.7 97.663 -380.45 3326.1 84.454 -303.22 3376.7 44.665
2.3583 -384.17 3311.5 97.001 -378.95 3338.2 84.278 -300.61 3388.4 44.332
2.3667 -381.82 3324.1 96.332 -377.52 3350.2 84.107 -298.04 3400.1 43.99
2.375 -379.36 3336.7 95.657 -376.11 3361.9 83.941 -295.53 3411.6 43.641
2.3833 -376.8 3349.3 94.982 -374.72 3373.4 83.773 -293.08 3423 43.292
2.3917 -374.16 3361.8 94.305 -373.32 3384.7 83.604 -290.69 3434.4 42.949
2.4 -371.48 3374.3 93.624 -371.89 3395.8 83.431 -288.36 3445.8 42.619
2.4083 -368.76 3386.7 92.941 -370.44 3406.7 83.252 -286.1 3457.1 42.311
2.4167 -366.04 3399 92.254 -368.94 3417.5 83.065 -283.9 3468.5 42.031
2.425 -363.35 3411.2 91.56 -367.39 3428.2 82.871 -281.77 3479.8 41.783
2.4333 -360.7 3423.2 90.858 -365.8 3438.7 82.67 -279.7 3491.1 41.57
2.4417 -358.09 3435 90.147 -364.17 3449.3 82.461 -277.68 3502.4 41.391
2.45 -355.56 3446.7 89.428 -362.5 3459.8 82.245 -275.72 3513.7 41.243
2.4583 -353.08 3458.1 88.7 -360.79 3470.4 82.022 -273.81 3525 41.122
2.4667 -350.66 3469.4 87.964 -359.06 3481.1 81.795 -271.94 3536.3 41.021
2.475 -348.3 3480.6 87.219 -357.3 3491.8 81.563 -270.1 3547.5 40.931
2.4833 -345.96 3491.6 86.466 -355.52 3502.7 81.325 -268.28 3558.8 40.843
2.4917 -343.64 3502.6 85.703 -353.72 3513.6 81.082 -266.47 3569.9 40.749
2.5 -341.33 3513.6 84.93 -351.9 3524.6 80.832 -264.67 3581.1 40.641
2.5083 -339.01 3524.5 84.146 -350.06 3535.7 80.573 -262.87 3592.1 40.512
2.5167 -336.67 3535.5 83.344 -348.18 3546.9 80.301 -261.06 3603.1 40.357
2.525 -334.31 3546.4 82.523 -346.27 3558.1 80.014 -259.24 3614.1 40.175
2.5333 -331.93 3557.4 81.677 -344.32 3569.3 79.708 -257.4 3625 39.964
2.5417 -329.55 3568.4 80.802 -342.31 3580.6 79.379 -255.54 3635.8 39.727
2.55 -327.16 3579.4 79.894 -340.25 3592 79.025 -253.67 3646.6 39.467
2.5583 -324.8 3590.4 78.953 -338.13 3603.3 78.645 -251.77 3657.4 39.189
2.5667 -322.46 3601.4 77.978 -335.93 3614.7 78.239 -249.85 3668.1 38.899
2.575 -320.17 3612.4 76.975 -333.68 3626.1 77.81 -247.89 3678.9 38.601
2.5833 -317.93 3623.4 75.955 -331.34 3637.6 77.362 -245.9 3689.7 38.301
2.5917 -315.73 3634.3 74.928 -328.94 3649.1 76.901 -243.86 3700.6 38.004
2.6 -313.59 3645.3 73.913 -326.47 3660.6 76.433 -241.76 3711.5 37.711
2.6083 -311.48 3656.3 72.926 -323.93 3672.1 75.965 -239.61 3722.4 37.424
2.6167 -309.41 3667.3 71.984 -321.33 3683.8 75.517 -237.39 3733.4 37.143
2.625 -307.34 3678.3 71.106 -318.64 3695.3 75.058 -235.09 3744.5 36.868
2.6333 -305.27 3689.5 70.307 -315.94 3706.9 74.642 -232.72 3755.6 36.596
2.6417 -303.22 3700.6 69.583 -313.14 3718.6 74.272 -230.27 3766.8 36.325
2.65 -301.15 3711.9 68.944 -310.3 3730.4 73.938 -227.75 3778 36.051
2.6583 -299.07 3723.3 68.389 -307.45 3742.1 73.629 -225.15 3789.3 35.773
2.6667 -296.96 3734.8 67.905 -304.59 3753.9 73.343 -222.49 3800.5 35.488
2.675 -294.86 3746.5 67.496 -301.65 3765.7 73.098 -219.77 3811.8 35.194
2.6833 -292.68 3758.3 67.124 -298.67 3777.6 72.87 -217.01 3823.1 34.891
2.6917 -290.48 3770.2 66.8 -295.75 3789.4 72.612 -214.2 3834.5 34.579
2.7 -288.19 3782.2 66.507 -292.69 3801.4 72.405 -211.36 3845.8 34.258
2.7083 -285.78 3794.3 66.219 -289.62 3813.5 72.184 -208.48 3857.1 33.928
2.7167 -283.26 3806.5 65.948 -286.53 3825.5 71.961 -205.56 3868.5 33.589
2.725 -280.6 3818.8 65.667 -283.39 3837.6 71.743 -202.61 3879.8 33.241
2.7333 -277.79 3831.3 65.375 -280.22 3849.8 71.527 -199.59 3891.2 32.885
2.7417 -274.82 3843.8 65.07 -277.02 3862 71.315 -196.51 3902.6 32.517
2.75 -271.71 3856.5 64.753 -273.83 3874.2 71.101 -193.34 3914 32.139
2.7583 -268.45 3869.4 64.426 -270.59 3886.4 70.914 -190.07 3925.5 31.75
2.7667 -265.03 3882.5 64.093 -267.39 3898.6 70.728 -186.68 3936.9 31.349
2.775 -261.51 3895.8 63.771 -264.2 3910.8 70.552 -183.17 3948.5 30.935
2.7833 -257.95 3909.2 63.481 -261.03 3923 70.363 -179.52 3960 30.513
2.7917 -254.18 3922.8 63.202 -257.82 3935.1 70.233 -175.73 3971.6 30.079
2.8 -250.44 3936.3 62.983 -254.66 3947.2 70.047 -171.81 3983.2 29.644
2.8083 -246.53 3950.1 62.799 -251.44 3959.2 69.918 -167.78 3994.8 29.204
2.8167 -242.61 3963.7 62.679 -248.21 3971.2 69.754 -163.64 4006.4 28.77
2.825 -238.68 3977.1 62.617 -244.9 3983.2 69.578 -159.41 4018.1 28.344
2.8333 -234.74 3990.4 62.603 -241.5 3995.2 69.389 -155.13 4029.6 27.932
2.8417 -230.8 4003.3 62.63 -237.92 4007.2 69.201 -150.81 4041.2 27.538
2.85 -226.88 4016 62.679 -234.17 4019.2 68.969 -146.46 4052.6 27.162
2.8583 -223 4028.2 62.729 -230.22 4031 68.698 -142.1 4064 26.807
2.8667 -219.17 4040.2 62.755 -226.08 4042.8 68.384 -137.73 4075.2 26.471
2.875 -215.4 4051.7 62.737 -221.76 4054.4 68.031 -133.34 4086.3 26.151
2.8833 -211.7 4062.9 62.652 -217.28 4065.9 67.639 -128.92 4097.2 25.846
2.8917 -208.08 4073.8 62.487 -212.66 4077.3 67.209 -124.45 4108 25.549
2.9 -204.53 4084.4 62.237 -207.93 4088.4 66.741 -119.91 4118.6 25.255
2.9083 -201.03 4094.7 61.908 -203.11 4099.4 66.234 -115.27 4129 24.96
2.9167 -197.56 4104.9 61.513 -198.25 4110.1 65.689 -110.49 4139.2 24.657
2.925 -194.07 4114.9 61.069 -193.37 4120.5 65.105 -105.55 4149.2 24.341
2.9333 -190.51 4124.8 60.599 -188.48 4130.8 64.48 -100.42 4159.1 24.009
2.9417 -186.85 4134.5 60.128 -183.61 4140.8 63.813 -95.107 4168.8 23.657
2.95 -183.03 4144 59.677 -178.75 4150.6 63.104 -89.593 4178.3 23.283
2.9583 -179.02 4153.3 59.266 -173.89 4160.2 62.352 -83.886 4187.6 22.886
2.9667 -174.81 4162.4 58.905 -169.02 4169.7 61.556 -78.002 4196.8 22.465
2.975 -170.38 4171.2 58.599 -164.11 4179 60.718 -71.964 4205.7 22.022
2.9833 -165.76 4179.8 58.344 -159.13 4188.2 59.84 -65.8 4214.5 21.556
2.9917 -160.98 4188.1 58.132 -154.07 4197.3 58.925 -59.54 4223.2 21.069
3 -156.08 4196.1 57.948 -148.9 4206.4 57.98 -53.216 4231.6 20.562
3.0083 -151.08 4203.9 57.777 -143.61 4215.4 57.01 -46.855 4239.9 20.038
3.0167 -146.01 4211.5 57.605 -138.2 4224.3 56.024 -40.478 4248 19.497
3.025 -140.89 4219 57.418 -132.67 4233.1 55.038 -34.104 4256 18.941
3.0333 -135.74 4226.3 57.217 -127.02 4241.9 54.043 -27.739 4263.7 18.374
3.0417 -130.57 4233.6 56.989 -121.28 4250.6 53.067 -21.385 4271.4 17.797
3.05 -125.38 4240.8 56.739 -115.46 4259.2 52.114 -15.038 4278.9 17.214
3.0583 -120.2 4248 56.472 -109.59 4267.7 51.193 -8.6891 4286.2 16.628
3.0667 -115.02 4255.2 56.198 -103.68 4276.1 50.311 -2.3265 4293.5 16.041
3.075 -109.85 4262.4 55.928 -97.743 4284.3 49.471 4.0617 4300.6 15.456
3.0833 -104.69 4269.7 55.676 -91.78 4292.4 48.681 10.486 4307.7 14.876
3.0917 -99.535 4276.9 55.454 -85.791 4300.4 47.938 16.955 4314.6 14.302
3.1 -94.369 4284.2 55.27 -79.767 4308.3 47.243 23.473 4321.5 13.737
3.1083 -89.18 4291.5 55.134 -73.694 4316 46.594 30.042 4328.3 13.181
3.1167 -83.94 4298.8 55.048 -67.557 4323.7 45.988 36.661 4334.9 12.635
3.125 -78.632 4306.2 55.01 -61.339 4331.3 45.419 43.328 4341.5 12.098
3.1333 -73.222 4313.5 55.015 -55.023 4338.8 44.884 50.039 4348 11.571
3.1417 -67.69 4320.9 55.052 -48.602 4346.2 44.377 56.792 4354.4 11.055
3.15 -62.01 4328.3 55.11 -42.069 4353.6 43.894 63.585 4360.7 10.55
3.1583 -56.157 4335.7 55.174 -35.425 4360.9 43.434 70.42 4366.8 10.056
3.1667 -50.105 4343.2 55.23 -28.677 4368.1 42.992 77.3 4372.9 9.5766
3.175 -43.831 4350.6 55.265 -21.837 4375.2 42.569 84.23 4378.9 9.1118
3.1833 -37.315 4358.1 55.268 -14.921 4382.3 42.164 91.216 4384.8 8.6626
3.1917 -30.55 4365.5 55.232 -7.9425 4389.3 41.777 98.264 4390.7 8.2303
3.2 -23.544 4372.8 55.157 -0.91616 4396.1 41.407 105.38 4396.4 7.8133
3.2083 -16.321 4380.2 55.044 6.1495 4402.8 41.055 112.56 4402.1 7.4099
3.2167 -8.921 4387.5 54.899 13.251 4409.4 40.718 119.81 4407.6 7.0164
3.225 -1.3916 4394.8 54.728 20.394 4415.9 40.392 127.12 4413.1 6.6279
3.2333 6.2224 4402.1 54.535 27.59 4422.3 40.074 134.49 4418.4 6.2371
3.2417 13.885 4409.5 54.322 34.858 4428.5 39.756 141.92 4423.6 5.8377
3.25 21.574 4416.9 54.092 42.22 4434.7 39.433 149.41 4428.6 5.4219
3.2583 29.285 4424.3 53.844 49.705 4440.7 39.096 156.94 4433.5 4.9833
3.2667 37.028 4431.9 53.581 57.337 4446.7 38.739 164.52 4438.2 4.5172
3.275 44.829 4439.5 53.305 65.14 4452.6 38.357 172.17 4442.7 4.0202
3.2833 52.718 4447.3 53.022 73.133 4458.4 37.94 179.88 4447.1 3.4934
3.2917 60.739 4455.1 52.731 81.325 4464.2 37.49 187.67 4451.3 2.9382
3.3 68.932 4463.1 52.435 89.717 4469.9 37.005 195.57 4455.3 2.3603
3.3083 77.328 4471.2 52.13 98.306 4475.5 36.485 203.57 4459.3 1.7672
3.3167 85.948 4479.3 51.807 107.08 4481.1 35.933 211.7 4463.1 1.1673
3.325 94.791 4487.4 51.455 116.01 4486.5 35.352 219.97 4466.8 0.56835
3.3333 103.84 4495.4 51.063 125.08 4491.9 34.747 228.38 4470.5 359.98
3.3417 113.05 4503.2 50.617 134.27 4497.2 34.122 236.92 4474.1 359.4
3.35 122.37 4510.9 50.103 143.55 4502.4 33.481 245.58 4477.6 358.83
3.3583 131.73 4518.2 49.514 152.89 4507.5 32.826 254.34 4481 358.28
3.3667 141.07 4525.3 48.846 162.27 4512.5 32.157 263.17 4484.3 357.72
3.375 150.33 4532 48.093 171.68 4517.5 31.477 272.04 4487.5 357.16
3.3833 159.46 4538.3 47.263 181.1 4522.4 30.779 280.92 4490.6 356.58
3.3917 168.45 4544.2 46.357 190.51 4527.3 30.064 289.79 4493.5 355.96
3.4 177.26 4549.8 45.382 199.91 4532.2 29.328 298.61 4496.2 355.29
3.4083 185.9 4554.9 44.351 209.28 4537.1 28.564 307.37 4498.7 354.57
3.4167 194.37 4559.7 43.273 218.61 4542 27.772 316.07 4501.1 353.78
3.425 202.68 4564.3 42.151 227.87 4547 26.951 324.7 4503.3 352.93
3.4333 210.89 4568.5 40.994 237.05 4551.8 26.098 333.28 4505.4 352.01
3.4417 219.03 4572.6 39.801 246.13 4556.7 25.215 341.81 4507.3 351.05
3.45 227.18 4576.4 38.572 255.09 4561.5 24.301 350.31 4509.2 350.06
3.4583 235.39 4580.1 37.305 263.91 4566.1 23.361 358.8 4511 349.05
3.4667 243.7 4583.6 35.999 272.58 4570.6 22.396 367.3 4512.8 348.06
3.475 252.15 4586.9 34.649 281.09 4574.9 21.407 375.81 4514.7 347.09
3.4833 260.74 4590 33.253 289.44 4579.1 20.396 384.34 4516.7 346.17
3.4917 269.45 4592.9 31.808 297.65 4583 19.36 392.89 4518.7 345.31
3.5 278.26 4595.7 30.311 305.74 4586.7 18.298 401.45 4520.8 344.51
3.5083 287.11 4598.3 28.762 313.73 4590.1 17.208 409.99 4523 343.79
3.5167 295.96 4600.8 27.16 321.67 4593.3 16.084 418.49 4525.2 343.13
3.525 304.74 4603.2 25.509 329.59 4596.4 14.925 426.93 4527.5 342.52
3.5333 313.42 4605.4 23.812 337.53 4599.2 13.728 435.29 4529.7 341.96
3.5417 321.94 4607.6 22.078 345.52 4601.9 12.494 443.54 4531.8 341.42
3.55 330.28 4609.8 20.311 353.59 4604.4 11.223 451.67 4533.9 340.89
3.5583 338.44 4612 18.52 361.77 4606.8 9.9156 459.68 4535.8 340.36
3.5667 346.41 4614.1 16.709 370.04 4609 8.5803 467.55 4537.6 339.81
3.575 354.21 4616.3 14.883 378.43 4611.2 7.2168 475.32 4539.1 339.23
3.5833 361.88 4618.4 13.043 386.91 4613.2 5.8348 482.98 4540.5 338.62
3.5917 369.43 4620.6 11.187 395.45 4615.1 4.4397 490.57 4541.7 337.98
3.6 376.91 4622.7 9.3152 404.06 4616.9 3.0342 498.11 4542.7 337.33
3.6083 384.35 4624.8 7.4238 412.68 4618.6 1.6269 505.64 4543.5 336.66
3.6167 391.76 4626.9 5.5121 421.32 4620.2 0.21917 513.18 4544.1 335.98
3.625 399.16 4629 3.5803 429.95 4621.6 358.82 520.77 4544.6 335.31
3.6333 406.55 4631 1.6329 438.58 4622.9 357.42 528.42 4545 334.66
3.6417 413.94 4633 359.68 447.2 4624.1 356.03 536.15 4545.3 334.03
3.65 421.32 4635 357.73 455.82 4625.2 354.64 543.98 4545.5 333.42
3.6583 428.67 4636.9 355.8 464.46 4626.1 353.28 551.92 4545.5 332.85
3.6667 435.99 4638.9 353.9 473.17 4626.9 351.91 559.97 4545.5 332.3
3.675 443.27 4640.8 352.06 481.93 4627.6 350.56 568.13 4545.4 331.77
3.6833 450.51 4642.6 350.29 490.79 4628.2 349.23 576.41 4545.1 331.26
3.6917 457.71 4644.5 348.62 499.75 4628.7 347.92 584.79 4544.8 330.76
3.7 464.9 4646.3 347.04 508.82 4629 346.64 593.27 4544.4 330.27
3.7083 472.08 4648.1 345.57 518.01 4629.2 345.39 601.86 4543.8 329.78
3.7167 479.28 4649.8 344.22 527.29 4629.4 344.18 610.54 4543.2 329.3
3.725 486.53 4651.4 342.97 536.67 4629.4 343.02 619.31 4542.4 328.81
3.7333 493.86 4652.9 341.84 546.13 4629.3 341.91 628.17 4541.6 328.32
3.7417 501.29 4654.3 340.81 555.65 4629.1 340.86 637.13 4540.7 327.84
3.75 508.83 4655.5 339.87 565.23 4628.8 339.86 646.16 4539.8 327.37
3.7583 516.51 4656.6 339.04 574.85 4628.4 338.93 655.28 4538.8 326.91
3.7667 524.36 4657.5 338.29 584.51 4627.9 338.07 664.48 4537.8 326.47
3.775 532.36 4658.3 337.62 594.21 4627.3 337.27 673.74 4536.7 326.05
3.7833 540.53 4658.9 337.02 603.95 4626.7 336.54 683.07 4535.6 325.66
3.7917 548.88 4659.3 336.48 613.75 4625.9 335.87 692.45 4534.6 325.29
3.8 557.41 4659.7 335.98 623.59 4625.1 335.26 701.87 4533.5 324.95
3.8083 566.08 4659.9 335.51 633.51 4624.1 334.72 711.34 4532.5 324.64
3.8167 574.89 4660.1 335.04 643.5 4623.1 334.23 720.84 4531.5 324.34
3.825 583.82 4660.2 334.58 653.55 4622 333.8 730.36 4530.5 324.07
3.8333 592.82 4660.2 334.1 663.68 4620.8 333.43 739.91 4529.5 323.82
3.8417 601.88 4660.1 333.6 673.87 4619.5 333.1 749.5 4528.5 323.57
3.85 610.95 4659.9 333.06 684.14 4618.1 332.82 759.12 4527.6 323.33
3.8583 620.05 4659.5 332.5 694.46 4616.6 332.59 768.79 4526.6 323.1
3.8667 629.16 4659 331.89 704.86 4615.1 332.39 778.52 4525.7 322.86
3.875 638.31 4658.2 331.25 715.32 4613.5 332.24 788.33 4524.7 322.62
3.8833 647.54 4657.2 330.59 725.85 4612 332.12 798.24 4523.6 322.38
3.8917 656.88 4656 329.92 736.45 4610.4 332.03 808.26 4522.5 322.14
3.9 666.39 4654.4 329.27 747.15 4608.8 331.98 818.4 4521.3 321.89
3.9083 676.11 4652.5 328.66 757.94 4607.2 331.95 828.68 4520 321.64
3.9167 686.09 4650.3 328.13 768.83 4605.7 331.95 839.09 4518.6 321.38
3.925 696.35 4647.8 327.69 779.84 4604.1 331.98 849.63 4517.2 321.11
3.9333 706.91 4644.9 327.37 790.96 4602.5 332.03 860.3 4515.6 320.85
3.9417 717.75 4641.7 327.19 802.18 4600.8 332.11 871.07 4514 320.59
3.95 728.85 4638.2 327.14 813.51 4599.1 332.21 881.93 4512.4 320.34
3.9583 740.15 4634.5 327.22 824.91 4597.3 332.34 892.84 4510.7 320.09
3.9667 751.61 4630.5 327.42 836.36 4595.3 332.49 903.77 4509 319.85
3.975 763.17 4626.4 327.71 847.84 4593.2 332.65 914.69 4507.3 319.63
3.9833 774.75 4622.1 328.06 859.3 4590.9 332.83 925.57 4505.6 319.43
3.9917 786.29 4617.9 328.44 870.72 4588.5 333.02 936.38 4504 319.25
4 797.72 4613.7 328.82 882.05 4585.8 333.2 947.08 4502.3 319.1
4.0083 809 4609.6 329.16 893.25 4583 333.37 957.66 4500.6 318.97
4.0167 820.07 4605.7 329.44 904.3 4580 333.52 968.09 4498.9 318.87
4.025 830.9 4602 329.64 915.17 4576.9 333.63 978.37 4497.1 318.79
4.0333 841.49 4598.6 329.77 925.84 4573.7 333.71 988.49 4495.2 318.74
4.0417 851.83 4595.5 329.81 936.28 4570.4 333.72 998.44 4493.2 318.7
4.05 861.96 4592.6 329.79 946.48 4567 333.68 1008.2 4491.1 318.67
4.0583 871.9 4589.9 329.72 956.44 4563.7 333.58 1017.8 4488.7 318.64
4.0667 881.69 4587.3 329.62 966.17 4560.3 333.41 1027.3 4486.1 318.61
4.075 891.36 4584.8 329.51 975.66 4557 333.18 1036.6 4483.4 318.57
4.0833 900.95 4582.2 329.42 984.92 4553.7 332.9 1045.8 4480.4 318.52
4.0917 910.52 4579.7 329.35 993.98 4550.4 332.57 1054.8 4477.2 318.45
4.1 920.08 4577.1 329.31 1002.8 4547.2 332.2 1063.8 4473.8 318.37
4.1083 929.66 4574.4 329.33 1011.5 4543.9 331.81 1072.6 4470.3 318.26
4.1167 939.23 4571.6 329.38 1020.1 4540.7 331.39 1081.3 4466.6 318.15
4.125 948.78 4568.7 329.47 1028.5 4537.5 330.97 1089.9 4462.8 318.02
4.1333 958.29 4565.6 329.59 1036.8 4534.2 330.55 1098.5 4458.9 317.88
4.1417 967.74 4562.4 329.72 1045.1 4530.9 330.12 1107 4454.9 317.75
4.15 977.08 4559.1 329.85 1053.3 4527.5 329.71 1115.4 4450.8 317.62
4.1583 986.32 4555.7 329.97 1061.5 4524 329.29 1123.7 4446.7 317.49
4.1667 995.43 4552.1 330.07 1069.6 4520.5 328.88 1132 4442.6 317.37
4.175 1004.4 4548.5 330.15 1077.8 4516.8 328.46 1140.2 4438.4 317.26
4.1833 1013.3 4544.7 330.19 1086.1 4513.1 328.05 1148.4 4434.2 317.16
4.1917 1022.1 4540.9 330.21 1094.4 4509.2 327.62 1156.5 4430 317.05
4.2 1030.9 4537 330.22 1102.8 4505.3 327.19 1164.6 4425.8 316.94
4.2083 1039.6 4533 330.22 1111.2 4501.2 326.75 1172.6 4421.5 316.82
4.2167 1048.4 4528.9 330.21 1119.7 4497.1 326.31 1180.5 4417.2 316.69
4.225 1057.1 4524.7 330.22 1128.2 4492.8 325.86 1188.4 4412.9 316.54
4.2333 1065.9 4520.4 330.25 1136.8 4488.5 325.42 1196.3 4408.6 316.37
4.2417 1074.7 4516.1 330.29 1145.5 4484.1 324.99 1204.1 4404.2 316.19
4.25 1083.5 4511.6 330.35 1154.1 4479.6 324.58 1211.9 4399.8 316
4.2583 1092.3 4507.2 330.44 1162.8 4475.1 324.2 1219.6 4395.4 315.81
4.2667 1101.1 4502.6 330.53 1171.5 4470.5 323.85 1227.4 4390.9 315.62
4.275 1109.9 4498 330.63 1180.1 4465.8 323.54 1235.1 4386.5 315.44
4.2833 1118.7 4493.4 330.72 1188.8 4461.2 323.27 1242.8 4382 315.27
4.2917 1127.5 4488.7 330.81 1197.4 4456.4 323.05 1250.5 4377.5 315.11
4.3 1136.3 4484 330.89 1206.1 4451.7 322.86 1258.2 4372.9 314.97
4.3083 1145.1 4479.2 330.95 1214.7 4446.8 322.7 1265.9 4368.3 314.85
4.3167 1153.9 4474.4 331 1223.4 4442 322.58 1273.6 4363.7 314.74
4.325 1162.7 4469.3 331.03 1232.1 4437 322.49 1281.3 4359.1 314.63
